0: 2001,312,1238,701,316,921,1194,39,674,404,1466,335,560,142,1952,1563,557,172,629
1: 835,620,1508,1196,848,1074,625,546,915,1938,987,129,1912,2019,168,1171,1538,1070,1867,870,1382,965,1583,1326,64,671
1946: 1123
3: 626,1673,1063,222,1398,8
4: 
5: 
6: 
7: 
8: 626,1063,222,3
9: 1825,939
1461: 
1617: 
12: 
13: 1823,89
14: 751,810,1526,360,1096,916,202,1569,319,1555,1524,1257,1915,1855,133,844,1255,2013,669,996,173,1644,1629,1748,195,644,2000,1772,1483,1935,119,1352
1922: 730,400,1409,507
2007: 276,1758,1334,1665,58,73,945,1535,1698,1886,1552,257,1828,817,1367,1011,2006,972,1826,808,1687,1150,331,249,466
1405: 
18: 621,908,1557,275,410,1806
1496: 455
20: 
21: 
1826: 1758,1334,73,945,1535,2007,1698,1886,1552,257,1828,817,1367,1011,2006,972,808,1687,1150,331,249,466
1487: 697,1995,1638,2009,1046,1645,521,1625,1281,1170,1943,495,729
1611: 
25: 1444,1871
26: 
1995: 697,1647,1638,2009,477,1046,1645,521,1625,1395,1281,1287,1976,1170,1943,1487,1278,495,1296
1493: 397,1965
29: 
1577: 1291,84
1853: 1586,1411,1636
1994: 40,1863,1292,2004,1961,176,617,450,1017,1987,190,1760,1885,1142,1283,1076,1327,1699,1648,456,337
33: 
34: 1272,690
1689: 
36: 
37: 668
38: 1323,554
39: 2001,312,0,1238,701,316,1194,674,404,1466,335,560,142,1563,557,629
40: 1739,1863,1292,2004,1961,176,617,450,1017,1987,190,1760,1885,695,1682,1700,1142,756,1283,1076,1327,1994,337
41: 1651,1818
42: 
43: 
44: 
45: 107,737,1626,1797,117,91,2016,1543,1584,1222,150,990,1250,287,561,1166,66,1261,293,1048,1050
1412: 
47: 
1465: 661,1621,1580,1910,1715,907,1951,99,1428,154,1618,1154,315,847,283,709,2008,286,401,1322,1131,263,1193
1441: 657,1906
50: 
2017: 511,544,1023,261,703,2011,1632,1620,1718,1882,1119,291,1795,1303,609,109
52: 713
53: 
1426: 
55: 
56: 1855,133,844,1255,2013,669,996,970,1644,298,882,1630,1748,1604,814,195,1451,644,1671,2000,1230
57: 
58: 276,1758,1334,1665,73,945,1535,2007,1698,1552,257,1828,817,1011,2006,972
59: 1904,517,1298,1988,1311
1703: 1595,1683
61: 
62: 
1688: 
64: 1401,671,1,1196,546,987,129,1912,2019,168,1538,1867,1382,1583
65: 1633,1749,1852,1666,1572,723,828,1007,1095,2005,1934,532,522,638,1485
66: 561,1166,1261,293,1048,107,1626,1797,117,91,45,2016,1543,150,990,1250,287
1832: 1561,692,902
68: 1110
1898: 1242,913,584,721,712
70: 274,181,758,1971,955
1896: 1728
1618: 1428,154,1368,1600,1154,315,847,283,709,226,2008,286,401,447,1322,1131,263,1193,1465,661,1621,1580,907,1951,99
73: 276,1758,1334,1665,58,945,1535,2007,1698,1886,1552,257,1828,817,1367,1011,2006,972,1826,808,1687,1150,331
1728: 1896
1848: 
2010: 727,350,458,1053,1025,1509,1684,223,1702,1169,1386,296,1734,633,1945,1717,980,1602,383,615,1736,1501,156,792,1101,1476,446,856,934,1332
1634: 611,498
1680: 1855,133,2013,996,970,1644,298,1629,1748,1604,814,474,2000,1772,1483,485,1526,360,1052,916,1569,319,1555,1257,1935,119,1352
1737: 
1508: 1,835,620,848,1074,625,546,915,1938,1912,2019,168,1171,1538,1070,1867,870,1382,965,1583
81: 1319,1159
1981: 
83: 
84: 1291,1577
1866: 138,1234
86: 
1781: 
88: 1375
89: 13,1823,696,775
90: 
91: 107,737,1626,1797,45,2016,150,1250,287,66
92: 
93: 
94: 1587,1462,529
1743: 1733,1931,765,1550,1293
96: 345,292,1519,1779,767,1448
97: 2014,850,1058,707,550,1888,1546,1393,342,687,1044,1383,385,100,1099,478
1683: 1703,1595
99: 1465,661,1621,527,1580,1910,1715,1266,907,1428,154,1600,1618,315,847,283,709,2008,286,322,1482,1322,1193
100: 97,2014,1918,207,850,1058,707,550,1167,1294,1888,1546,654,1393,342,687,1044,1383,385,1576,860,660,1099,478,1103,1146
101: 
102: 
103: 
104: 
1841: 
106: 1328
107: 737,1626,1797,91,45,2016,1543,1584,1222,150,990,561,66,293,1050
1623: 1721
109: 2017,544,1023,261,703,2011,1632,1620,1882,291,1795
110: 346,696,775
1589: 
112: 883,1635,399
1614: 
114: 
1585: 426
116: 
117: 737,1626,1797,45,2016,1543,1584,1222,1250,287,561,1166,66,1261,293,1050
118: 
119: 1935,751,810,1526,360,14,916,1569,1555,1524,133,2013,669,996,173,1644,1629,1748,195,2000,1680,1772,1483,1352
1656: 
1821: 
122: 964,143,354
123: 957,1241
1886: 276,1334,1665,73,945,2007,1698,1552,257,1828,1367,1011,2006,1826,808,1687,1150,249,466
125: 1208
1693: 
1543: 107,737,1626,1797,117,45,2016,1584,1222,150,990,1250,287,561,1166,66,1261,293,1048,1050
128: 
129: 1,620,1196,625,546,915,1938,987,1912,2019,168,1538,1070,1867,870,1382,965,1583,64,671
1867: 1,835,620,1508,1196,848,1074,625,546,915,1938,987,129,1912,2019,168,1171,1538,1070,870,1382,965,1583,1115,1326,1401,64,671
131: 
132: 1350
133: 1855,844,1255,2013,669,996,173,970,1644,56,298,882,1630,1629,1748,1604,814,195,1451,644,474,1671,2000,1230,1680,1772,1483,485,810,1526,360,14,1096,916,202,1569,319,1555,1524,1257,1915,119
134: 
135: 
136: 719
137: 1891
138: 1866,1234
139: 
1856: 
141: 1127
142: 2001,312,0,1238,701,1194,39,674,335,1563,557,172,629
143: 964,122,354
144: 
1481: 1980,157
146: 1437
147: 
148: 
149: 579
150: 107,737,1797,91,45,2016,1543,990,1250,287,561,1166,66,1048
151: 936,732
152: 1515,1248
153: 
154: 1428,1368,1600,1969,1618,1154,315,847,283,709,1705,305,226,2008,286,1381,1482,451,681,401,447,1271,1322,1131,263,1193,1465,1580,907,99
155: 548,714,211
156: 350,458,1053,1025,1509,2010,1684,1702,1386,296,1734,633,1717,980,615,1501,1101,1476
157: 1980,1481
158: 
159: 
160: 683
1704: 1612
1895: 
163: 
1529: 1600,1969,1154,847,1705,305,2008,286,322,1381,1482,1902,451,681,447,1271,1322,1266,1229,907
165: 867
1824: 
1813: 
168: 1,620,1508,1196,1074,625,915,1938,987,129,1912,2019,1538,1070,1867,1382,965,64
169: 352,1245,1978
170: 
1764: 1574
172: 2001,312,0,1238,701,921,1194,674,1466,335,142,1952,557
173: 1855,133,844,1255,2013,669,996,1644,1629,814,195,644,2000,1772,1483,810,1526,360,14,1096,916,202,1569,319,1555,1524,1257,1915,119
174: 387,1843,299,1780,610,1111,2002,1564,898,437,1436,1763,884,1469,310,1548,2003,1932,1663,778,1558,747,752,857,600,1735,592,1887,1944
175: 
176: 40,1739,1863,2004,1961,617,450,1017,1987,190,1760,1885,1700,1142,756,1283,1076,1327,1994,1699,1648,456,337
1787: 1968
178: 761
179: 
180: 
181: 274,70,758,1971,955
1901: 569
183: 303,1413
184: 924,328,1601
1612: 1704
1702: 727,350,458,1053,1025,1509,2010,1684,223,1169,1386,296,1734,633,1717,980,1602,383,615,1501,156,792,1101,1476
187: 825,1431,2018,790,922,958,597,531,1213
1932: 634,1843,299,1780,610,1111,2002,1564,1163,898,437,1436,1763,884,323,310,461,1548,2003,1663,174,747,600,1735,1771,1887,1872
189: 878,524,591,1588,1277
190: 40,1863,1292,2004,1961,176,450,1017,1987,1760,1885,695,1682,1142,756,1283,1076,1994,1648,337
1865: 339,2015,1209,1391,231,670,777,1198,1839,1173,338,1022,1188,494,1380,255,547,1754
2000: 1855,133,844,1255,2013,669,996,173,970,1644,56,298,882,1630,1629,1748,1604,814,195,1451,644,474,1671,1230,1680,1772,1483,485,751,810,1526,360,14,1096,1052,916,202,1569,319,1555,1524,1257,1915,1935,119,1352
193: 1351,1609,1622
194: 885,1091
195: 1855,133,844,1255,2013,669,996,173,970,1644,56,298,882,1629,1748,644,1671,2000,1772,1483,360,14,1569,1524,119,1352
1601: 328,552,184,924
197: 
1619: 1893,1798,943
1791: 1637,1603
1621: 1465,661,527,1580,1910,1715,1266,1229,907,1951,99,1600,1969,1618,1154,847,283,709,2008,286,322,1381,401,1322,1193
201: 1880,551
202: 485,751,810,1526,360,14,1096,1052,916,1569,319,1555,1524,1257,1915,133,2013,173,1629,2000,1772,1935
203: 545
204: 
205: 2012,317,1834,960,1225,1845,1854,1239,755,284,262,1492
1657: 
207: 2014,1918,850,1058,550,1167,1294,1888,1546,654,1393,342,1044,385,100,1576,860,660,1099,478,1103,1146
2001: 312,0,1238,701,316,921,1194,39,674,404,1466,335,560,900,142,1952,1563,557,172,629
209: 213,580
1580: 1465,661,1621,527,1910,1715,1266,1229,907,1951,99,1428,154,1600,1969,1618,1154,315,847,283,709,2008,286,322,1482,1322,1193
211: 548,155,714
212: 493
213: 209
2002: 634,387,1843,299,1780,610,694,1111,1564,1163,898,437,1436,1763,884,1469,323,310,461,1548,2003,1932,1663,830,174,778,1558,1120,747,752,519,309,857,600,1735,592,1771,1887,1872,1944
215: 1897
1592: 
1944: 1735,592,1771,299,1111,2002,1564,437,1469,1548,2003,174,857,600
1772: 1855,133,844,1255,2013,669,996,173,970,1644,298,1629,1748,814,195,644,474,1671,2000,1680,1483,485,751,810,1526,360,14,1096,1052,916,202,1569,319,1555,1524,1257,1915,1935,119,1352
219: 739,1072
1520: 
221: 
222: 626,1673,1063,3,8
223: 727,458,1053,2010,1702,1169,1386,296,633,1945,1717,980,1602,383,1736,792,1476,446,934,1332
1827: 
1771: 1735,592,1887,1872,1944,1843,1780,610,1111,2002,1564,1163,437,1436,1763,461,1548,2003,1932,747,600
226: 1428,154,1368,1600,1969,1618,1154,283,709,1705,305,2008,286,1381,1482,451,401,447,1322,1131,263,1193
1984: 
228: 
1413: 183,303
1980: 157,1481
231: 339,2015,1209,1391,297,1837,670,1865,777,779,1839,1173,338,1175,1022,1188,1380
232: 1371
1724: 
234: 
235: 
236: 640
1877: 1691,1307
1504: 
239: 
240: 
241: 
1639: 
243: 
244: 1551
1756: 
246: 1297,1610,1862
247: 742
1380: 339,2015,1209,1391,297,1837,231,670,1865,777,779,1839,1173,338,1175,1022,1188,494,255
249: 466,1334,2007,1698,1886,1552,1011,2006,972,1826,808,1687,1150,331
1934: 1749,1852,1666,1572,723,828,1007,2005,1390,1071,65,532,1878,1838,1999,1485
251: 
252: 
1938: 1,835,620,1508,1196,1074,625,546,915,987,129,1912,2019,168,1171,1538,1070,1867,870,1382,965,1583
254: 1876,1402
255: 339,2015,1391,297,670,1865,1839,1173,338,1022,1188,494,1380,547,1754
256: 845
257: 276,1758,1334,1665,58,73,945,1535,2007,1698,1886,1552,1828,817,1367,1011,2006,972,1826,808,1687,1150
1949: 509,541,652,1521
259: 
260: 
261: 511,2017,544,1023,703,2011,1632,1620,1718,1882,1119,291,1795,1303,609,109
262: 2012,317,1834,960,205,1854,1239,284,1492
263: 1428,154,1368,1618,315,283,709,226,2008,286,401,1322,1131,1193,1465,1951
264: 886,806
265: 1407,1349,1384,1769
266: 
1891: 137
268: 
269: 
1880: 201,551
2019: 1,835,620,1508,1196,848,1074,625,546,915,1938,987,129,1912,168,1171,1538,1070,1867,870,1382,965,1583,1115,1326,1401,64,671
272: 
273: 
274: 70,181,758,1971,955,1783
275: 815,410,1806,18,908
276: 1334,1665,58,73,945,2007,1698,1886,1552,257,817,1011,2006,972,808
277: 
278: 
279: 1905
1918: 2014,207,850,550,1167,654,1393,1044,385,100,1576,860,1099,478,1103,1146
1501: 727,458,1053,1025,1509,2010,1702,1169,1386,296,1734,980,383,615,156,792,1101,1476
1606: 526
283: 1428,154,1368,1600,1969,1618,1154,315,847,709,1705,226,2008,286,322,1482,451,401,447,1322,1131,263,1193,1465,661,1621,527,1580,1910,1715,1266,1229,907,1951,99
284: 2012,1834,960,1225,205,1854,1239,262,1492
1632: 511,2017,544,1023,261,703,2011,1620,1718,1882,291,1795,109
286: 1428,154,1368,1600,1969,1618,1154,315,847,283,709,1705,305,226,2008,322,1381,1482,451,681,401,447,1322,1131,1529,263,1193,1465,661,1621,1580,1266,1229,907,1951,99
287: 1626,1797,117,91,45,2016,1543,150,1250,561,1166,66,293,1048
288: 1643
1935: 119,485,751,810,1526,360,14,1096,1052,916,202,1569,1555,1257,2013,1629,1748,474,2000,1680,1772,1483,1352
1629: 1855,133,844,1255,2013,669,996,173,970,1644,298,1748,1604,814,195,474,2000,1680,1772,1483,485,751,810,1526,360,14,1096,1052,916,202,1569,319,1555,1524,1257,1935,119,1352
291: 511,2017,1023,261,703,2011,1632,1620,1882,1795,609,109
292: 345,1519,1779,767,96
293: 561,1166,66,1261,1048,1050,107,737,1626,1797,117,45,2016,1543,1584,990,1250,287
1910: 1465,661,1621,527,1580,1715,1266,1229,907,1951,99,315,847,283,2008,1193
1652: 1400
296: 727,458,1053,1025,1509,2010,1684,223,1702,1169,1386,1734,633,1717,980,383,615,1501,156,792,1101,1476
297: 339,2015,1391,1837,231,670,1198,779,1839,338,1175,1022,1188,494,1380,255
298: 1855,133,844,1255,2013,669,996,970,1644,56,882,1630,1629,1748,1604,814,195,1451,644,474,1671,2000,1230,1680,1772,1483,485,1526,360,916,1569,319,1524,1257
299: 387,1843,1111,2002,1564,898,437,1436,884,1469,310,1548,2003,1932,174,778,1558,747,857,600,592,1944
300: 
1469: 387,1843,299,1111,2002,1564,898,437,1436,884,310,1548,2003,830,174,778,1558,747,857,600,592,1944
302: 
303: 183,1413
304: 
305: 154,1368,1600,1969,1705,226,2008,286,1381,1482,451,681,401,447,1271,1322,1529
1635: 883,112
307: 
1527: 1779,1957,1448,977,1251
309: 634,387,1843,1780,610,694,2002,898,1763,884,323,310,2003,1663,830,778,1558,1120,747,752,519
310: 634,387,1843,299,1780,610,694,1111,2002,1564,898,437,1436,1763,884,1469,323,2003,1932,1663,830,174,778,1558,747,752,519,309
311: 
312: 2001,0,1238,701,921,1194,39,674,404,1466,335,560,142,1952,1563,557,172,629
1990: 1658
314: 1889,587
315: 1428,154,1618,847,283,709,2008,286,1322,1131,263,1193,1465,661,1580,1910,907,1951,99
316: 2001,0,1238,701,921,39,404,1466,335,560,900,1952,557,629
317: 2012,1845,205,1239,755,262,1492
318: 
319: 485,751,810,1526,360,14,1096,1052,916,202,1569,1555,1524,1257,1915,1855,133,844,1255,2013,669,996,173,970,1644,298,1630,1629,1748,1604,814,1451,644,474,2000,1230,1680,1772
320: 1793
1482: 1428,154,1600,1969,847,283,1705,305,226,2008,286,322,1381,1902,451,681,447,1271,1322,1529,1193,527,1580,1266,907,99
322: 1600,1969,1154,847,283,1705,2008,286,1381,1482,1902,451,681,1271,1322,1529,1193,1621,527,1580,1715,1266,1229,907,99
323: 634,1843,1780,610,694,2002,1163,898,1763,884,310,461,2003,1932,1663,778,1120,747,752,519,309
1732: 
325: 
326: 
1625: 697,1995,1647,1638,2009,477,1046,1645,521,1281,1287,1976,1170,1943,1487,1278,495,1296
328: 552,1601,184,924
329: 662
1751: 
331: 1334,73,1535,2007,1698,1552,1828,817,1367,1011,2006,972,1826,808,1687,1150,249,466
1825: 9,939
333: 596
1733: 1931,765,1550,1743
335: 2001,312,0,1238,701,316,921,1194,39,674,404,1466,560,142,1952,557,172,629
1862: 1297,1610,246
337: 1699,1648,456,40,1863,2004,1961,176,617,450,1987,190,1760,1885,1142,1283,1076,1327,1994
338: 339,2015,1391,297,1837,231,670,1865,777,1198,779,1839,1173,1022,1188,494,1380,255,547,1754
339: 2015,1209,1391,297,1837,231,670,1865,777,1198,779,1839,1173,338,1175,1022,1188,494,1380,255,547
340: 
1454: 
342: 97,2014,207,850,1058,550,1167,1888,1546,654,1393,687,1044,1383,385,100,860,660,1099,478,1103
343: 
344: 
345: 292,1519,1779,767,96
346: 110,696,775
347: 
1609: 1351,193
1726: 1900,781,1259
350: 458,1509,2010,1684,1702,1386,1734,633,1945,1717,980,1602,615,1736,156,1101,1476,1332
351: 
352: 1245,169
353: 1346
354: 964,122,143
355: 
1735: 592,1771,1887,1872,1944,1780,1111,2002,1564,437,1436,1548,2003,1932,174,747,600
1584: 107,737,1626,1797,117,45,2016,1543,1222,990,561,1261,293,1050
1468: 1948
359: 589
360: 485,751,810,1526,14,1096,1052,916,202,1569,319,1555,1524,1257,1915,1855,133,844,1255,2013,669,996,173,970,1644,298,1630,1629,1748,1604,814,195,474,2000,1230,1680,1772,1483,1935,119,1352
361: 
1974: 
363: 
1854: 2012,1834,960,1225,205,1239,755,284,262,1492
1398: 3
366: 378
1860: 647
368: 
369: 440
1755: 
1631: 
1796: 785
373: 
1531: 1184
1439: 1495,1727
1524: 751,810,1526,360,14,1096,916,202,1569,319,1555,1257,1915,1855,133,844,1255,2013,669,996,173,1644,298,1629,814,195,1451,644,2000,1772,119
377: 
378: 366
379: 
1828: 1758,1334,1665,58,73,945,1535,2007,1698,1886,1552,257,817,1367,1011,2006,972,1826,808,1687,1150,331,466
1964: 
382: 1847
383: 727,458,1053,1025,2010,1684,223,1702,1169,1386,296,1734,633,1945,980,1602,615,1736,1501,792,1476,446,934
1602: 727,350,458,1053,1025,2010,1684,223,1702,1386,1734,633,1945,383,1736,792,1101,1476,446,856,934,1332
385: 97,2014,1918,207,850,550,1888,1546,654,1393,342,1044,1383,100,1099,478,1103,1146
386: 
387: 634,1843,299,610,694,1111,2002,1564,898,437,1436,884,1469,310,2003,1663,830,174,778,1558,747,752,309,857
388: 
389: 1775
390: 
391: 
1836: 1364,744
393: 1679
1423: 1740
395: 
1383: 97,2014,850,1058,707,1888,1546,1393,342,687,385,100,660,1099,478
397: 1965,1493
1845: 2012,317,1225,205,1239,755,1492
399: 112
400: 730,1922,1409,507
401: 1428,154,1368,1600,1969,1618,1154,283,709,1705,305,226,2008,286,1381,447,1322,1131,263,1193,1465,1621,907,1951
1519: 345,292,767,96
403: 1490,1080,1533,575
404: 2001,312,0,1238,701,316,39,674,335,560,900,1952,557,629
1579: 
406: 1817,623
2014: 97,1918,207,850,1058,707,550,1167,1294,1888,1546,654,1393,342,687,1044,1383,385,100,1576,860,660,1099,478,1103,1146
1700: 40,1739,2004,1961,176,617,450,1017,1682,1283,1327
1712: 
410: 815,275,1806,18,1557
1969: 154,1600,1154,847,283,709,1705,305,226,2008,286,322,1381,1482,1902,451,681,401,447,1271,1322,1529,1193,661,1621,527,1580,1715,1266,1229,907
412: 
1654: 
414: 454,1453
415: 
416: 
417: 
1526: 485,751,810,360,14,1096,1052,916,202,1569,319,1555,1524,1257,1915,1855,133,844,1255,2013,669,996,173,1644,298,1629,1748,814,644,474,2000,1680,1772,1483,1935,119
419: 
420: 998
1840: 
422: 1958
1992: 
424: 
1649: 1331
426: 1585
427: 950
1581: 
1988: 59,517,1298,590
430: 
1705: 1428,154,1368,1600,1969,1154,847,283,709,305,226,2008,286,322,1381,1482,1902,451,681,401,447,1271,1322,1131,1529,1193
432: 766
1642: 899
1551: 244
1547: 
436: 
437: 387,1843,299,1780,610,1111,2002,1564,898,1436,884,1469,310,1548,2003,1932,1663,174,778,1558,747,857,600,1735,592,1771,1944
1375: 88
439: 1156,1659
440: 1478,369
441: 1253
1644: 1855,133,844,1255,2013,669,996,173,970,56,298,882,1629,1748,1604,814,195,644,474,1671,2000,1230,1680,1772,1483,485,1526,360,14,916,1569,319,1524,119,1352
1839: 339,2015,1209,1391,297,1837,231,670,1865,777,1198,779,1173,338,1175,1022,1188,494,1380,255,547,1754
444: 
1878: 1633,1749,1852,1572,723,828,1007,2005,1390,1071,1934,532,522,1838,1999,1485
446: 727,458,2010,1684,223,633,1945,1602,383,1736,1476,856,934,1332
447: 1428,154,1368,1600,1969,1618,847,283,709,1705,305,226,2008,286,1381,1482,451,681,401,1271,1322,1131,1529
1730: 1590,655
449: 
450: 40,1739,1863,1292,2004,1961,176,617,1017,1987,190,1885,695,1682,1700,1142,756,1283,1327,1994,337
451: 154,1600,1969,1154,847,283,1705,305,226,2008,286,322,1381,1482,1902,681,447,1271,1322,1529,1266,907
1834: 2012,960,205,1854,1239,755,284,262,1492
1966: 
454: 414
455: 1496
456: 1699,1648,337,2004,176,1987,1760,1885,1142,1076,1994
457: 572,1345,841
458: 727,350,1053,1025,1509,2010,1684,223,1702,1169,1386,296,1734,633,1945,1717,980,1602,383,615,1736,1501,156,1101,1476,446
459: 
460: 
461: 1843,1780,610,2002,1163,1436,1763,323,2003,1932,778,747,752,600,1771,1887,1872
462: 901
1665: 276,1758,1334,58,73,945,2007,1698,1886,1552,257,1828,817,1367,1011,2006,808,1687
464: 
1385: 
466: 249,1334,1535,2007,1698,1886,1828,1367,1011,2006,972,1826,808,1687,1150,331
1428: 154,1368,1600,1618,315,847,283,709,1705,226,2008,286,1482,401,447,1322,1131,263,1193,1465,1580,907,99
1748: 1855,133,844,1255,2013,669,996,970,1644,56,298,882,1630,1629,1604,814,195,474,1671,2000,1230,1680,1772,1483,485,1526,360,14,916,1569,319,1555,1257,1935,119,1352
469: 805
1676: 
471: 
1452: 
1630: 1855,133,844,1255,2013,996,970,56,298,882,1748,1604,814,1451,644,474,2000,1230,485,360,319,1257
474: 1855,133,844,1255,2013,996,970,1644,298,882,1630,1629,1748,1604,814,2000,1230,1680,1772,1483,485,1526,360,1096,1052,916,1569,319,1555,1257,1935,1352
475: 1372,967
1837: 339,2015,1391,297,231,670,777,1198,779,1839,338,1175,1022,1188,1380
477: 697,1995,1647,1638,2009,521,1625,1395,1281,1976,1943,1278,495,1296
478: 97,2014,1918,207,850,550,1888,1546,654,1393,342,1044,1383,385,100,860,1099,1103,1146
479: 
1763: 634,1843,1780,610,694,1111,2002,1163,1436,884,323,310,461,2003,1932,1663,174,778,1558,1120,747,752,519,309,600,1771,1887,1872
481: 1140
1801: 
1885: 40,1863,1292,2004,1961,176,617,450,1017,1987,190,1760,695,1682,1142,756,1283,1076,1327,1994,1699,1648,456,337
1942: 
485: 751,1526,360,1096,1052,916,202,1569,319,1555,1257,1915,1855,133,1255,2013,996,970,1644,298,1630,1629,1748,1604,814,474,2000,1230,1680,1772,1935
486: 
1664: 
488: 
489: 
1857: 
491: 
492: 
493: 212,1090,917,1104,1450
494: 339,2015,1391,297,670,1865,777,1839,1173,338,1022,1188,1380,255,547,1754
495: 697,1995,1647,1638,2009,477,1046,1645,521,1625,1395,1281,1287,1976,1170,1943,1487,1278,729
496: 
1761: 880
498: 1634,611
499: 
1400: 1652
501: 
502: 1252,1460
1948: 1468
1574: 1764
1999: 1633,1852,1572,723,828,1007,1095,2005,1390,1071,1934,532,522,1878,1838,1485
506: 
507: 730,1922,400
508: 1147,1324
509: 1949,541,652,1521
510: 
511: 2017,544,1023,261,703,2011,1632,1620,1718,1882,1119,291,1795,1303,609
512: 
513: 895
1409: 1922,400
515: 
1699: 1648,456,337,2004,176,617,1987,1885,1076,1327,1994
517: 59,1298,1988,590
1505: 
519: 634,1843,610,694,2002,1763,323,310,2003,1663,1120,752,309
520: 
521: 697,1995,1647,1638,2009,477,1046,1645,1625,1395,1281,1287,1976,1487,495,1296,729
522: 1633,1749,1852,723,1007,1095,2005,1390,65,532,1878,1838,638,1999,1485
523: 
524: 878,189,591,1588
1831: 1459
526: 1672,1606
527: 661,1621,1580,1910,1715,1266,1229,907,99,1969,847,283,2008,322,1482
1855: 133,844,1255,2013,669,996,173,970,1644,56,298,882,1630,1629,1748,1604,814,195,1451,644,474,1671,2000,1230,1680,1772,1483,485,1526,360,14,916,1569,319,1524,1257
529: 1587,1462,94
1809: 1511,612
531: 542,597,1149,1083,1213,187,825,1753,1431,2018,922,958
532: 1633,1749,1852,1666,1572,723,828,1007,1095,2005,1390,1071,65,1934,522,1878,1838,1999,1485
533: 614,1192,1506
534: 571,1056
535: 
536: 
1420: 
538: 
539: 
540: 
541: 509,735,1949,652
542: 531,1149,1083,1213,1059,825,1753,1431,639,2018,790,958
543: 
544: 511,2017,1023,261,703,2011,1632,1620,1718,1882,1119,1795,1303,609,109
545: 203,1305
546: 1,835,620,1508,1196,848,1074,915,1938,987,129,1912,2019,1171,1538,1867,870,1382,1583,1115,1326,1401,64,671
547: 1754,339,2015,1865,777,1198,1839,338,1022,494,255
548: 155,714,211
549: 1233,1681,776
550: 97,2014,1918,207,850,1058,1167,1546,654,1393,342,1044,385,100,1576,860,1099,478,1103,1146
551: 201,1880
552: 328,1601,924
1812: 
554: 1323,38,982
555: 
556: 
557: 2001,312,0,1238,701,316,921,1194,39,674,404,1466,335,142,1952,172
1906: 657,1441
1991: 1221
560: 2001,312,0,1238,701,316,1194,39,404,1466,335,900,1952,629
561: 1166,66,1261,293,1048,1050,107,737,1626,1797,117,45,2016,1543,1584,150,990,1250,287
2006: 276,1758,1334,1665,58,73,945,1535,2007,1698,1886,1552,257,1828,817,1367,1011,972,1826,808,1687,1150,331,249,466
563: 
1600: 1428,154,1368,1969,1618,1154,847,283,709,1705,305,226,2008,286,322,1381,1482,1902,451,681,401,447,1271,1322,1131,1529,1193,661,1621,1580,1266,1229,907,99
565: 
1673: 626,1063,222,3
567: 
1557: 18,815,410,1806
569: 1901
570: 
571: 534,1056
572: 1345,457,841
573: 
574: 
575: 1490,1080,1533,403
1586: 1853,1411,1636
1904: 59,1298,1311
578: 
579: 149
580: 209
581: 
582: 
1744: 
584: 1242,913,1898,712,1488
585: 
1760: 40,1863,1292,2004,1961,176,1017,1987,190,1885,695,1142,756,1283,1076,1327,1994,1648,456,337
587: 1889,314
1968: 1787
589: 359
590: 517,1988
591: 524,189,1588
592: 1735,1771,1887,1944,299,1111,2002,1564,437,1436,884,1469,1548,2003,174,747,857,600
593: 
1962: 
1766: 
596: 333
597: 531,1149,1083,1213,187,825,1753,2018,922,958
598: 
1515: 152
600: 1843,299,1780,610,1111,2002,1564,1163,898,437,1436,1763,884,1469,461,1548,2003,1932,1663,174,778,1558,747,752,857,1735,592,1771,1887,1872,1944
1653: 
602: 
603: 
604: 
605: 1087,1662
606: 
1670: 
1747: 
609: 511,2017,544,1023,261,703,2011,1620,1718,1882,1119,291,1795,1303
610: 634,387,1843,1780,694,1111,2002,1564,1163,898,437,1436,1763,884,323,310,461,2003,1932,1663,174,778,747,752,519,309,600,1771,1887,1872
611: 1634,498
612: 1809,1511
1800: 
614: 533,1192,1506
615: 727,350,458,1053,1025,1509,2010,1684,1702,1169,1386,296,1734,633,1717,980,383,1736,1501,156,1101,1476
1479: 
617: 40,1739,1863,2004,1961,176,450,1017,1987,1885,1682,1700,1283,1327,1994,1699,337
1377: 
619: 
620: 1,835,1508,1196,848,1074,625,546,915,1938,987,129,1912,2019,168,1171,1538,1070,1867,870,1382,965,1583
621: 18,908
622: 
623: 1817,406
1594: 1289
625: 1,620,1508,1196,1074,915,1938,129,1912,2019,168,1070,1867,965
626: 1673,1063,222,3,8
1722: 
628: 
629: 2001,312,0,1238,701,316,1194,39,674,404,1466,335,560,142,1563
630: 940
1471: 
1708: 
633: 727,350,458,1053,1025,1509,2010,1684,223,1702,1169,1386,296,1734,1945,1717,980,1602,383,615,1736,156,1101,1476,446,856,934,1332
634: 387,1843,1780,610,694,2002,1564,1163,898,1763,884,323,310,2003,1932,1663,830,1120,747,752,519,309
635: 
636: 
1509: 350,458,1053,1025,2010,1684,1702,1169,1386,296,1734,633,1717,980,615,1501,156,1101,1476
638: 1633,1852,1572,1007,1095,2005,65,522
639: 1059,825,1753,1431,2018,790,958,542,1213
640: 236
641: 
642: 
1522: 827
644: 1855,133,844,1255,2013,669,996,173,1644,56,298,882,1630,814,195,1451,1671,2000,1230,1772,1526,14,319,1524,1915
1806: 815,275,410,18,908,1557
646: 
647: 1860
1603: 1637,1791
1395: 697,1995,1647,1638,2009,477,1046,1645,521,1281,1287,1976,1278,495,729
1745: 
651: 1160
652: 509,1949,541,1521
653: 788,942,1107
654: 2014,1918,207,850,550,1167,1294,1888,1546,1393,342,1044,385,100,1576,860,660,1099,478,1103
655: 1590,1730
656: 
657: 1906,1441
658: 
659: 
660: 2014,207,850,1058,707,1167,1294,1888,1546,654,1393,342,687,1044,1383,100,1576,860,1099
661: 1465,1621,527,1580,1910,1715,1266,1229,907,1951,99,1600,1969,1618,1154,315,847,283,709,2008,286,1322,1193
662: 329
663: 
664: 
665: 
666: 1139
1595: 1703,1683
668: 37
669: 1855,133,844,1255,2013,996,173,970,1644,56,298,1629,1748,814,195,1451,644,1671,2000,1772,1483,810,1526,360,14,1569,319,1524,1915,119
670: 339,2015,1209,1391,297,1837,231,1865,777,1198,779,1839,1173,338,1175,1022,1188,494,1380,255,1754
671: 1115,1326,1401,64,1,835,848,546,915,987,129,1912,2019,1171,1538,1867,870,1382,1583
1472: 
1687: 1334,1665,73,2007,1698,1886,257,1828,1367,1011,2006,1826,808,1150,331,249,466
674: 2001,312,0,1238,701,1194,39,404,1466,335,142,1563,557,172,629
1672: 526
676: 
1882: 511,2017,544,1023,261,703,2011,1632,1620,291,1795,609,109
1663: 634,387,1843,1780,610,694,1111,2002,1564,1163,898,437,1436,1763,884,323,310,2003,1932,830,174,778,1558,1120,747,752,519,309,600
1477: 
680: 
681: 154,1600,1969,847,1705,305,2008,286,322,1381,1482,1902,451,447,1271,1322,1529
1810: 1216
683: 160
1983: 982,1197
1711: 
686: 
687: 97,2014,850,1058,707,1888,1546,1393,342,1383,100,660
1643: 288
689: 
690: 34,1272
1965: 397,1493
692: 1832
1993: 
694: 634,387,1843,1780,610,2002,898,1763,884,323,310,2003,1663,830,778,1558,1120,747,752,519,309
695: 40,1739,1863,1292,2004,1961,450,1017,1987,190,1760,1885,1682,1142,756,1283,1076
696: 346,110,775,89
697: 1995,1647,1638,2009,477,1046,1645,521,1625,1395,1281,1287,1976,1170,1943,1487,1278,495,729
698: 1306
699: 
1916: 
701: 2001,312,0,1238,316,1194,39,674,404,335,560,142,1952,1563,557,172,629
702: 1844,1079,1201
703: 511,2017,544,1023,261,2011,1632,1620,1718,1882,1119,291,1795,1303,609,109
1883: 
1971: 274,70,181,758
706: 1178,1681
707: 97,2014,850,1058,1167,1294,1888,1546,1393,687,1044,1383,100,660
1982: 1068
709: 1428,154,1368,1600,1969,1618,1154,315,847,283,1705,226,2008,286,1381,401,447,1322,1131,263,1193,1465,661,1621,1580,1266,1229,907,1951,99
1490: 1080,1533,575,403
1590: 1730,655
712: 1242,913,1898,584,721,1488
713: 52
714: 548,155,211
715: 
1489: 
1566: 1353
1662: 605,1087
719: 136
720: 
721: 913,1898,712
1567: 1003
723: 1633,1749,1852,1666,1572,828,1007,2005,65,1934,532,522,1878,1838,1999,1485
1758: 1334,1665,58,73,945,1535,2007,1698,1552,257,1828,817,1367,1011,2006,972,1826
1775: 389
1550: 1733,1931,765,1743,1293
727: 458,1053,1025,2010,1684,223,1702,1169,1386,296,1734,633,1945,980,1602,383,615,1736,1501,792,1101,1476,446,934
1785: 
729: 697,1647,1638,2009,1046,1645,521,1395,1287,1976,1487,1278,495
730: 1922,400,507
731: 
732: 936,151
733: 
1977: 
735: 541
736: 
737: 107,1626,1797,117,91,45,2016,1543,1584,1222,150,990,1250,561,293
1997: 
739: 219,1072
1552: 276,1758,1334,1665,58,73,945,1535,2007,1698,1886,257,1828,817,1011,2006,972,1826,808,1150,331,249
1912: 1,835,620,1508,1196,848,1074,625,546,915,1938,987,129,2019,168,1171,1538,1070,1867,870,1382,965,1583,1115,1326,1401,64,671
742: 247
1710: 
744: 1836,1364
745: 
1911: 
747: 634,387,1843,299,1780,610,694,1111,2002,1564,1163,898,437,1436,1763,884,1469,323,310,461,1548,2003,1932,1663,174,778,1558,752,309,600,1735,592,1771,1887,1872
1637: 1791,1603
1817: 623,406
750: 
751: 485,810,1526,360,14,1096,1052,916,202,1569,319,1555,1524,1257,1915,2013,1629,2000,1772,1935,119
752: 634,387,1843,1780,610,694,2002,898,1436,1763,884,323,310,461,2003,1663,830,174,778,1558,1120,747,519,309,600
753: 
1928: 1218,1040,1523
755: 2012,317,1834,960,1225,1845,205,1854,1239,1492
756: 40,1739,1863,1292,2004,1961,176,450,1017,1987,190,1760,1885,695,1682,1142,1283,1076,1648
757: 
758: 274,70,181,1971,955,1783
759: 
760: 1794
761: 178
1838: 1633,1749,1852,723,828,1007,2005,1390,1934,532,522,1878,1999,1485
763: 
1753: 1059,825,1431,639,2018,790,958,542,597,531,1149,1213
765: 1733,1931,1550,1743
766: 432
767: 345,292,1519,1779,96,1448
1453: 414
2004: 40,1739,1863,1292,1961,176,617,450,1017,1987,190,1760,1885,695,1682,1700,1142,756,1283,1076,1327,1994,1699,1648,456,337
770: 
771: 
1401: 1115,1326,64,671,835,848,546,1912,2019,1171,1867,1382,1583
1954: 
1622: 1351,193
775: 346,110,1823,696,89
776: 549,1233
777: 339,2015,1209,1391,1837,231,670,1865,1198,779,1839,1173,338,1175,1022,1188,494,1380,547
778: 387,1843,299,1780,610,694,1111,2002,898,437,1436,1763,884,1469,323,310,461,1548,2003,1663,830,174,1558,747,752,309,600,1887
779: 339,2015,1209,1391,297,1837,231,670,777,1198,1839,338,1175,1188,1380
780: 
781: 1900,1726,1259
782: 
783: 
1863: 40,1739,1292,2004,1961,176,617,450,1017,1987,190,1760,1885,695,1682,1142,756,1283,1076,1327,1994,1648,337
785: 1796
1903: 
787: 
788: 942,1107,653
1588: 878,524,189,591
790: 1059,187,825,1753,1431,639,2018,958,542,1213
791: 
792: 727,1053,1025,2010,1684,223,1702,1169,1386,296,1734,1602,383,1736,1501,1476,934
1429: 
1889: 587,314
795: 
796: 
1696: 
798: 
799: 
1553: 
1626: 107,737,1797,117,91,45,2016,1543,1584,1222,990,1250,287,561,66,293
2012: 317,1834,960,1225,1845,205,1854,1239,755,284,262,1492
1900: 1726,781
1779: 345,292,767,96,1957,1448,977,1527,1251
805: 469
806: 1300,1646,264,886
807: 1061
808: 276,1334,1665,73,945,1535,2007,1698,1886,1552,257,1828,817,1367,1011,2006,972,1826,1687,1150,331,249,466
809: 
810: 751,1526,360,14,1096,1052,916,202,1569,319,1555,1524,1257,1915,133,2013,669,996,173,1629,2000,1772,1483,1935,119,1352
1731: 
1494: 
1893: 1619,943,966
814: 1855,133,844,1255,2013,669,996,173,970,1644,56,298,882,1630,1629,1748,1604,1451,644,474,2000,1230,1680,1772,485,1526,360,1096,916,319,1524,1257,1915
815: 275,410,1806,1557
816: 
817: 276,1758,1334,1665,58,73,945,1535,2007,1698,1552,257,1828,1367,1011,2006,972,1826,808,1150,331
818: 
1499: 
1823: 13,775,89
2011: 511,2017,544,1023,261,703,1632,1620,1718,1882,1119,291,1795,1303,609,109
822: 
1518: 
824: 1706
825: 1059,187,1753,1431,639,2018,790,922,958,542,597,531,1149,1083,1213
1640: 
827: 1522
828: 1633,1852,1666,1572,723,1007,1095,2005,1390,1071,65,1934,532,1878,1838,1999,1485
1392: 
830: 634,387,1843,694,2002,898,884,1469,310,2003,1663,778,1558,752,309
831: 
1399: 
1754: 547,2015,670,1865,1198,1839,338,1022,1188,494,255
834: 1881
835: 1,620,1508,848,1074,546,1938,987,1912,2019,1171,1538,1867,870,1382,1583,1115,1326,1401,671
836: 1185
837: 
838: 899
839: 
1466: 2001,312,0,1238,316,921,1194,39,674,335,560,1952,557,172,629
841: 572,1345,457
1427: 
1887: 1735,592,1771,1872,1843,1780,610,1111,2002,1163,1436,1763,461,1548,2003,1932,174,778,747,600
844: 1855,133,1255,2013,669,996,173,970,1644,56,298,882,1630,1629,1748,1604,814,195,1451,644,474,1671,2000,1230,1772,1483,1526,360,14,319,1524
845: 256
846: 
847: 1428,154,1600,1969,1618,1154,315,283,709,1705,2008,286,322,1381,1482,451,681,447,1271,1322,1529,1193,1465,661,1621,527,1580,1910,1715,1266,1229,907,99
848: 1,835,620,1508,1074,546,915,987,1912,2019,1171,1538,1867,870,1382,1583,1115,1326,1401,671
849: 
850: 97,2014,1918,207,1058,707,550,1167,1294,1888,1546,654,1393,342,687,1044,1383,385,100,660,1099,478
851: 
1407: 1349,265,1384,1769
853: 
1431: 1059,187,825,1753,639,2018,790,922,958,542,531,1213
855: 
856: 934,1332,2010,633,1945,1602,1736,446
857: 387,299,1111,2002,1564,437,1436,884,1469,1548,2003,174,1558,600,592,1944
858: 
859: 
860: 2014,1918,207,550,1167,654,1393,342,100,1576,660,1099,478,1103,1146
861: 
862: 
1718: 511,2017,544,1023,261,703,2011,1632,1620,1119,1795,1303,609
1596: 
1978: 1245,169
1784: 1220,1914,1790
867: 165
1485: 1633,1749,1852,1572,723,828,1007,1095,2005,1390,65,1934,532,522,1878,1838,1999
869: 
870: 1,835,620,1508,848,1074,546,915,1938,987,129,1912,2019,1171,1538,1070,1867,1382,1583,1115,1326,671
871: 
872: 
2009: 697,1995,1647,1638,477,1046,1645,521,1625,1395,1281,1287,1976,1170,1943,1487,1278,495,1296,729
874: 
1572: 1633,1852,1666,723,828,1007,1095,2005,1390,1071,65,1934,532,1878,638,1999,1485
876: 1097
1723: 
878: 524,189,1588,1277
1620: 511,2017,544,1023,261,703,2011,1632,1718,1882,1119,291,1795,1303,609,109
880: 1761
1610: 1297,1862,246
882: 1855,133,844,1255,2013,996,970,1644,56,298,1630,1748,1604,814,195,1451,644,474,1671,2000,1230
883: 112,1635
884: 634,387,1843,299,1780,610,694,1111,2002,1564,898,437,1436,1763,1469,323,310,1548,2003,1932,1663,830,174,778,1558,747,752,309,857,600,592
885: 1091,194
886: 264,806
887: 
888: 1077,1244
1996: 
1852: 1633,1749,1666,1572,723,828,1007,1095,2005,1071,65,1934,532,522,1878,1838,638,1999,1485
891: 
1871: 1444,25
893: 
1411: 1636,1853,1586
895: 513
1958: 422
897: 
898: 634,387,1843,299,1780,610,694,1111,2002,1564,437,884,1469,323,310,1548,2003,1932,1663,830,174,778,1558,747,752,309,600
899: 838,1642
900: 2001,316,404,560
901: 462
902: 1561,1832
903: 
904: 
905: 1516
1473: 
907: 1465,661,1621,527,1580,1910,1715,1266,1229,1951,99,1428,154,1600,1969,1618,1154,315,847,283,709,2008,286,322,1381,1482,451,401,1322,1529,1193
908: 621,18,275,1806
1915: 485,751,810,1526,360,14,1096,916,202,319,1555,1524,1257,133,1255,2013,669,996,173,814,644,2000,1772
910: 
911: 
1972: 
913: 1242,1898,584,721,712,1488
914: 
915: 1,620,1508,848,1074,625,546,1938,987,129,1912,2019,168,1171,1538,1070,1867,870,965,1583,1326,671
916: 485,751,810,1526,360,14,1096,1052,202,1569,319,1555,1524,1257,1915,1855,133,1255,2013,996,173,970,1644,298,1629,1748,814,474,2000,1680,1772,1483,1935,119,1352
917: 1090,1104,493,1450
1511: 1809,612
919: 
920: 
921: 2001,312,0,1238,316,1466,335,1952,557,172
922: 187,825,1431,2018,958,597,531,1083,1213
1450: 1090,917,1104,493
924: 184,328,552,1601
1495: 1439,1727
1716: 1094
927: 
1902: 1600,1969,1705,2008,322,1482,451,681,1271,1529
1899: 
930: 
931: 
1650: 
1381: 154,1368,1600,1969,1154,847,709,1705,305,226,2008,286,322,1482,451,681,401,447,1322,1131,1529,1193,1621,907
934: 856,1332,727,2010,1684,223,1386,633,1945,1602,383,1736,792,1476,446
935: 1065
936: 732,151
937: 
1790: 1220,1914,1784
939: 1825,9
940: 630
1847: 382
942: 788,1107,653
943: 1893,1619
944: 
945: 276,1758,1334,1665,58,73,1535,2007,1698,1886,1552,257,1828,817,1367,1011,2006,972,1826,808
1402: 1876,254
1573: 
1492: 2012,317,1834,960,1225,1845,205,1854,1239,755,284,262
1555: 485,751,810,1526,360,14,1096,1052,916,202,1569,319,1524,1257,1915,133,2013,996,173,1629,1748,474,2000,1680,1772,1483,1935,119,1352
950: 1108,427
951: 
952: 1336
1884: 
1953: 
955: 274,70,181,758,1783
1391: 339,2015,1209,297,1837,231,670,1865,777,1198,779,1839,1173,338,1175,1022,1188,494,1380,255
957: 123
958: 1059,187,825,1753,1431,639,2018,790,922,542,597,531,1149,1083,1213
1523: 1218,1040,1928
960: 2012,1834,1225,205,1854,1239,755,284,262,1492
961: 
1945: 727,350,458,2010,1684,223,1386,633,1602,383,1736,1476,446,856,934,1332
1638: 697,1995,1647,2009,477,1046,1645,521,1625,1395,1281,1287,1976,1170,1487,1278,495,1296,729
964: 122,143,354
965: 1,620,1508,1196,1074,625,915,1938,129,1912,2019,168,1070,1867,1382
966: 1893
967: 475,1372
968: 
969: 
970: 1855,133,844,1255,2013,669,996,1644,56,298,882,1630,1629,1748,1604,814,195,1451,474,1671,2000,1230,1680,1772,1483,485,360,916,1569,319,1352
971: 
972: 276,1758,1334,58,73,945,1535,2007,1698,1552,257,1828,817,1011,2006,1826,808,1150,331,249,466
973: 
974: 
1933: 
1950: 
977: 1779,1957,1448,1527,1251
1404: 
1451: 1855,133,844,1255,2013,669,996,970,56,298,882,1630,1604,814,644,2000,1230,319,1524
980: 727,350,458,1053,1025,1509,2010,223,1702,1169,1386,296,1734,633,1717,383,615,1736,1501,156,1101,1476
1846: 
982: 1197,1983,554
1583: 1,835,620,1508,1196,848,1074,546,915,1938,987,129,1912,2019,1171,1538,1867,870,1382,1115,1326,1401,64,671
984: 
985: 
986: 
987: 1,835,620,1196,848,1074,546,915,1938,129,1912,2019,168,1171,1538,1070,1867,870,1382,1583,1326,64,671
1681: 706,1178,549
1905: 279
990: 107,737,1626,1797,45,2016,1543,1584,1222,150,561,66,1261,293,1050
991: 
992: 
993: 
994: 1830
995: 
996: 1855,133,844,1255,2013,669,173,970,1644,56,298,882,1630,1629,1748,1604,814,195,1451,644,474,1671,2000,1230,1680,1772,1483,485,810,1526,360,14,916,1569,319,1555,1524,1257,1915,119,1352
997: 
998: 420
1460: 502,1252
1000: 
1571: 
1002: 1237
1003: 1567
1686: 
1005: 
1006: 
1007: 1633,1749,1852,1666,1572,723,828,1095,2005,1390,65,1934,532,522,1878,1838,638,1999,1485
1008: 
1009: 
1749: 1633,1852,723,1007,2005,65,1934,532,522,1878,1838,1485
1011: 276,1758,1334,1665,58,73,945,1535,2007,1698,1886,1552,257,1828,817,1367,2006,972,1826,808,1687,1150,331,249,466
1636: 1411,1853,1586
1647: 697,1995,1638,2009,477,1046,1645,521,1625,1395,1281,1287,1976,1278,495,1296,729
1685: 
1767: 
1740: 1423
1017: 40,1739,1863,1292,2004,1961,176,617,450,1987,190,1760,1885,695,1682,1700,1142,756,1283,1076,1327,1994
1459: 1831
1793: 320
1587: 1462,529,94
1987: 40,1739,1863,1292,2004,1961,176,617,450,1017,190,1760,1885,695,1682,1142,756,1283,1076,1327,1994,1699,1648,456,337
1022: 339,2015,1391,297,1837,231,670,1865,777,1198,1839,1173,338,1175,1188,494,1380,255,547,1754
1023: 511,2017,544,261,703,2011,1632,1620,1718,1882,1119,291,1795,1303,609,109
1682: 40,1739,1863,1292,2004,1961,617,450,1017,1987,190,1885,695,1700,756,1283,1327
1025: 727,458,1053,1509,2010,1684,1702,1169,1386,296,1734,633,980,1602,383,615,1501,156,792,1101,1476
1026: 
1027: 1931,1293
1931: 1733,765,1550,1743,1293,1027
1029: 
1030: 
1715: 1465,661,1621,527,1580,1910,1266,1229,907,1951,99,1969,1154,847,283,2008,322,1193
1604: 1855,133,844,1255,2013,996,970,1644,56,298,882,1630,1629,1748,814,1451,474,1671,2000,1230,1680,485,360,319
1033: 
1034: 1335
1378: 
1036: 
1037: 
1561: 1832,902
1436: 387,1843,299,1780,610,1111,2002,1564,437,1763,884,1469,310,461,1548,2003,1932,1663,174,778,1558,747,752,857,600,1735,592,1771,1887,1872
1040: 1218,1928,1523
1041: 
1957: 1779,1448,977,1527,1251
2016: 107,737,1626,1797,117,91,45,1543,1584,1222,150,990,1250,287,561,1166,66,1261,293,1048,1050
1044: 97,2014,1918,207,850,1058,707,550,1167,1294,1888,1546,654,1393,342,385,100,1576,660,1099,478,1103
1970: 
1046: 697,1995,1647,1638,2009,1645,521,1625,1395,1281,1287,1976,1170,1487,1278,495,729
1047: 
1048: 561,1166,66,1261,293,1797,45,2016,1543,150,1250,287
1049: 
1050: 561,1261,293,107,1797,117,45,2016,1543,1584,1222,990
1051: 
1052: 485,751,810,1526,360,1096,916,202,1569,319,1555,1257,2013,1629,474,2000,1680,1772,1935,1352
1053: 727,458,1025,1509,2010,1684,223,1702,1169,1386,296,1734,633,1717,980,1602,383,615,1736,1501,156,792,1101,1476
1054: 
1055: 
1056: 571,534
1582: 
1058: 97,2014,207,850,707,550,1167,1294,1888,1546,1393,342,687,1044,1383,100,660
1059: 825,1753,1431,639,2018,790,958,542,1213
1060: 
1061: 807
1975: 
1063: 626,1673,222,3,8
1925: 
1065: 935
1066: 
1773: 
1068: 1982
1963: 
1070: 1,620,1508,1196,1074,625,915,1938,987,129,1912,2019,168,1538,1867,870,965
1071: 1852,1666,1572,828,1095,2005,1934,532,1878,1999
1072: 739,219
1725: 
1074: 1,835,620,1508,848,625,546,915,1938,987,1912,2019,168,1171,1538,1070,1867,870,1382,965,1583,1326
2018: 1059,187,825,1753,1431,639,790,922,958,542,597,531,1149,1083,1213
1076: 40,1863,2004,176,1017,1987,190,1760,1885,695,1142,756,1283,1327,1994,1699,1648,456,337
1077: 888,1244
1802: 
1079: 1844,1201,702
1080: 1490,1533,575,403
1081: 
1690: 
1083: 542,597,531,1149,1213,825,2018,922,958
1084: 
1517: 
1528: 
1087: 605,1662
1521: 509,1949,652
1089: 
1090: 917,1104,493,1450
1091: 885,194
1092: 
1795: 511,2017,544,1023,261,703,2011,1632,1620,1718,1882,1119,291,609,109
1094: 1716
1095: 1633,1852,1666,1572,828,1007,2005,1390,1071,65,532,522,638,1999,1485
1096: 485,751,810,1526,360,14,1052,916,202,1569,319,1555,1524,1257,1915,133,2013,173,1629,814,474,2000,1772,1935
1097: 876
1098: 
1099: 97,2014,1918,207,850,550,1167,1888,1546,654,1393,342,1044,1383,385,100,1576,860,660,478,1103,1146
1961: 40,1739,1863,1292,2004,176,617,450,1017,1987,190,1760,1885,695,1682,1700,1142,756,1283,1327,1994,337
1101: 727,350,458,1053,1025,1509,2010,1684,1702,296,1734,633,1717,980,1602,615,1501,156,1476
1514: 
1103: 1146,2014,1918,207,550,1167,654,1393,342,1044,385,100,1576,860,1099,478
1104: 1090,917,493,1450
1105: 
1106: 
1107: 788,942,653
1108: 950
1109: 
1110: 68
1111: 387,1843,299,1780,610,2002,1564,898,437,1436,1763,884,1469,310,1548,2003,1932,1663,174,778,747,857,600,1735,592,1771,1887,1872,1944
1739: 40,1863,2004,1961,176,617,450,1017,1987,695,1682,1700,756,1283,1327
1113: 
1538: 1,835,620,1508,848,1074,546,915,1938,987,129,1912,2019,168,1171,1070,1867,870,1382,1583,1115,1326,64,671
1115: 1326,1401,671,835,848,546,1912,2019,1171,1538,1867,870,1583
1876: 1402,254
1564: 634,387,1843,299,1780,610,1111,2002,898,437,1436,884,1469,310,1548,2003,1932,1663,174,747,857,600,1735,592,1771,1944
1118: 
1119: 511,2017,544,1023,261,703,2011,1620,1718,1795,1303,609
1120: 634,1843,694,2002,1763,323,2003,1663,752,519,309
1421: 
1122: 1329
1123: 1946
1897: 215
1125: 
1126: 
1127: 141
1919: 
1951: 1465,661,1621,1580,1910,1715,1266,1229,907,1618,1154,315,283,709,2008,286,401,1322,263,1193
1130: 
1131: 1428,154,1368,1600,1618,315,283,709,1705,226,2008,286,1381,401,447,1322,263,1193,1465
1607: 
1133: 
1976: 697,1995,1647,1638,2009,477,1046,1645,521,1625,1395,1281,1287,1278,495,1296,729
2015: 339,1209,1391,297,1837,231,670,1865,777,1198,779,1839,1173,338,1175,1022,1188,494,1380,255,547,1754
1646: 1300,806
1390: 1633,1572,828,1007,1095,2005,1934,532,522,1878,1838,1999,1485
1476: 727,350,458,1053,1025,1509,2010,1684,223,1702,1169,1386,296,1734,633,1945,1717,980,1602,383,615,1736,1501,156,792,1101,446,934
1139: 666
1140: 481
1141: 1288
1142: 40,1863,1292,2004,1961,176,450,1017,1987,190,1760,1885,695,756,1283,1076,1994,1648,456,337
1444: 25,1871
1780: 634,1843,610,694,1111,2002,1564,1163,898,437,1436,1763,884,323,310,461,1548,2003,1932,1663,174,778,747,752,309,600,1735,1771,1887,1872
1437: 146
1146: 1103,2014,1918,207,550,385,100,860,1099,478
1147: 508,1324
1717: 350,458,1053,1509,2010,1684,223,1702,1169,1386,296,1734,633,980,615,1736,156,1101,1476
1149: 542,597,531,1083,1213,825,1753,2018,958
1150: 1334,73,1535,2007,1698,1886,1552,257,1828,817,1011,2006,972,1826,808,1687,331,249,466
1386: 727,350,458,1053,1025,1509,2010,1684,223,1702,1169,296,1734,633,1945,1717,980,1602,383,615,1736,1501,156,792,1476,934
1844: 1079,702
1659: 1156,439
1154: 154,1600,1969,1618,847,283,709,1705,226,2008,286,322,1381,451,401,1322,1529,1193,1465,661,1621,1580,1715,1266,1229,907,1951
1155: 
1156: 439,1659
1157: 
1158: 
1159: 1319,81
1160: 651
1393: 97,2014,1918,207,850,1058,707,550,1167,1294,1888,1546,654,342,687,1044,1383,385,100,1576,860,660,1099,478,1103
2005: 1633,1749,1852,1666,1572,723,828,1007,1095,1390,1071,65,1934,532,522,1878,1838,638,1999,1485
1163: 634,1843,1780,610,2002,1763,323,461,2003,1932,1663,747,600,1771,1887,1872
1164: 
1165: 
1166: 561,66,1261,293,1048,1797,117,45,2016,1543,150,1250,287
1167: 2014,1918,207,850,1058,707,550,1294,1888,1546,654,1393,342,1044,100,1576,860,660,1099,1103
1168: 
1169: 727,458,1053,1025,1509,2010,223,1702,1386,296,1734,633,1717,980,383,615,1736,1501,792,1476
1170: 697,1995,1638,2009,1046,1645,1625,1281,1943,1487,1278,495
1171: 1,835,620,1508,848,1074,546,915,1938,987,1912,2019,1538,1867,870,1382,1583,1115,1326,1401,671
1698: 276,1758,1334,1665,58,73,945,1535,2007,1886,1552,257,1828,817,1367,1011,2006,972,1826,808,1687,1150,331,249,466
1173: 339,2015,1209,1391,231,670,1865,777,1839,338,1175,1022,494,1380,255
1174: 
1175: 339,2015,1209,1391,297,1837,231,670,777,1198,779,1839,1173,1022,1188,1380
1872: 1735,1771,1887,1780,610,1111,2002,1163,1436,1763,461,2003,1932,747,600
1177: 
1178: 706,1681
1943: 697,1995,2009,477,1625,1281,1170,1487,1278,495
1546: 97,2014,207,850,1058,707,550,1167,1294,1888,654,1393,342,687,1044,1383,385,100,660,1099,478
1181: 
1182: 
1183: 
1184: 1531
1185: 836
1719: 
1187: 
1188: 339,2015,1209,1391,297,1837,231,670,1865,777,1198,779,1839,338,1175,1022,494,1380,255,1754
1727: 1495,1439
1190: 
1798: 1619
1192: 533,614,1506
1193: 1428,154,1600,1969,1618,1154,315,847,283,709,1705,226,2008,286,322,1381,1482,401,1322,1131,263,1465,661,1621,1580,1910,1715,1266,1229,907,1951,99
1194: 2001,312,0,1238,701,39,674,1466,335,560,142,1563,557,172,629
1195: 
1196: 1,620,625,546,1938,987,129,1912,2019,168,1070,1867,1382,965,1583,64
1197: 982,1983
1198: 339,2015,1391,297,1837,670,1865,777,779,1839,338,1175,1022,1188,547,1754
1199: 
1200: 
1201: 1079,702
1202: 
1203: 
1204: 
1734: 727,350,458,1053,1025,1509,2010,1684,1702,1169,1386,296,633,1717,980,1602,383,615,1501,156,792,1101,1476
1842: 
1544: 
1208: 125
1209: 339,2015,1391,231,670,1865,777,779,1839,1173,1175,1188,1380
1210: 
1794: 760
1769: 1407,1349,265,1384
1213: 542,597,531,1149,1083,1059,187,825,1753,1431,639,2018,790,922,958
1952: 2001,312,0,1238,701,316,921,404,1466,335,560,557,172
1804: 
1216: 1810
1217: 
1218: 1040,1928,1523
1558: 387,1843,299,694,2002,898,437,1436,1763,884,1469,310,1548,2003,1663,830,174,778,747,752,309,857,600
1220: 1914,1790,1784
1221: 1991
1222: 107,737,1626,1797,117,45,2016,1543,1584,990,1050
1516: 905
1478: 440
1225: 2012,960,1845,205,1854,1239,755,284,1492
1679: 393
1227: 
2013: 1855,133,844,1255,669,996,173,970,1644,56,298,882,1630,1629,1748,1604,814,195,1451,644,474,1671,2000,1230,1680,1772,1483,485,751,810,1526,360,14,1096,1052,916,202,1569,319,1555,1524,1257,1915,1935,119,1352
1229: 661,1621,527,1580,1910,1715,1266,907,1951,1600,1969,1154,847,283,709,2008,286,322,1529,1193
1230: 1855,133,844,1255,2013,996,970,1644,56,298,882,1630,1748,1604,814,1451,644,474,1671,2000,485,360,319
1462: 1587,529,94
1721: 1623
1233: 549,776
1234: 1866,138
1914: 1220,1790,1784
1868: 
1237: 1002
1238: 2001,312,0,701,316,921,1194,39,674,404,1466,335,560,142,1952,557,172,629
1239: 2012,317,1834,960,1225,1845,205,1854,755,284,262,1492
1936: 
1241: 123
1242: 913,1898,584,712,1488
1633: 1749,1852,1666,1572,723,828,1007,1095,2005,1390,65,532,522,1878,1838,638,1999,1485
1244: 1077,888
1245: 352,1978,169
1246: 
1608: 
1248: 152
1249: 
1250: 737,1626,1797,117,91,45,2016,1543,150,287,561,1166,66,293,1048
1251: 1779,1957,1448,977,1527
1252: 502,1460
1253: 441
1254: 
1255: 1855,133,844,2013,669,996,173,970,1644,56,298,882,1630,1629,1748,1604,814,195,1451,644,474,1671,2000,1230,1772,485,1526,360,14,916,319,1524,1257,1915
1256: 
1257: 485,751,810,1526,360,14,1096,1052,916,202,1569,319,1555,1524,1915,1855,133,1255,2013,996,173,298,1630,1629,1748,814,474,2000,1680,1772,1935
1666: 1633,1852,1572,723,828,1007,1095,2005,1071,65,1934,532
1259: 1726,781
1533: 1490,1080,575,403
1261: 561,1166,66,293,1048,1050,1797,117,45,2016,1543,1584,990
1890: 
1658: 1990
1960: 
1797: 107,737,1626,117,91,45,2016,1543,1584,1222,150,990,1250,287,561,1166,66,1261,293,1048,1050
1266: 661,1621,527,1580,1910,1715,1229,907,1951,99,1600,1969,1154,847,283,709,2008,286,322,1482,451,1322,1529,1193
1267: 
1628: 
1379: 
1563: 2001,312,0,701,1194,39,674,142,629
1271: 154,1600,1969,847,1705,305,2008,322,1482,1902,451,681,447,1322,1529
1272: 34,690
1684: 727,350,458,1053,1025,1509,2010,1702,1386,296,1734,633,1945,1717,1602,383,615,1736,156,792,1101,1476,446,934
1671: 1855,133,844,1255,2013,669,996,970,1644,56,298,882,1748,1604,195,644,2000,1230,1772,1483
1818: 1651,41
1276: 
1277: 878,189
1278: 697,1995,1647,1638,2009,477,1046,1645,1625,1395,1281,1287,1976,1170,1943,495,729
1279: 
1448: 1779,767,96,1957,977,1527,1251
1281: 697,1995,1647,1638,2009,477,1046,1645,521,1625,1395,1976,1170,1943,1487,1278,495,1296
1506: 533,614,1192
1283: 40,1739,1863,1292,2004,1961,176,617,450,1017,1987,190,1760,1885,695,1682,1700,1142,756,1076,1327,1994,337
1284: 
1488: 1242,913,584,712
1440: 
1287: 697,1995,1647,1638,2009,1046,1645,521,1625,1395,1976,1278,495,729
1288: 1141
1289: 1594
1290: 
1291: 1577,84
1292: 40,1863,2004,1961,450,1017,1987,190,1760,1885,695,1682,1142,756,1283,1994
1293: 1931,1550,1743,1027
1294: 2014,207,850,1058,707,1167,1888,1546,654,1393,1044,100,1576,660
1888: 97,2014,207,850,1058,707,1167,1294,1546,654,1393,342,687,1044,1383,385,100,660,1099,478
1296: 1995,1647,1638,2009,477,1645,521,1625,1281,1976
1297: 1610,1862,246
1298: 1904,59,517,1988,1311
1299: 
1300: 1646,806
1881: 834
1302: 
1303: 511,2017,544,1023,261,703,2011,1620,1718,1119,609
1382: 1,835,620,1508,1196,848,1074,546,1938,987,129,1912,2019,168,1171,1538,1867,870,965,1583,1401,64,671
1305: 545
1306: 698
1307: 1691,1877
1830: 994
1309: 
1310: 
1311: 1904,59,1298
1312: 
1313: 
1569: 485,751,810,1526,360,14,1096,1052,916,202,319,1555,1524,1257,1855,133,2013,669,996,173,970,1644,298,1629,1748,195,474,2000,1680,1772,1483,1935,119,1352
1315: 
1316: 
1317: 
1651: 1818,41
1319: 1159,81
1320: 
1808: 
1322: 1428,154,1368,1600,1969,1618,1154,315,847,283,709,1705,305,226,2008,286,322,1381,1482,451,681,401,447,1271,1131,1529,263,1193,1465,661,1621,1580,1266,907,1951,99
1323: 38,554
1324: 508,1147
1539: 
1326: 1115,1401,671,1,835,848,1074,546,915,987,1912,2019,1171,1538,1867,870,1583
1327: 40,1739,1863,2004,1961,176,617,450,1017,1987,1760,1885,1682,1700,1283,1076,1994,1699,337
1328: 106
1329: 1122
1330: 1356
1331: 1649
1332: 856,934,350,2010,223,633,1945,1602,1736,446
1736: 727,350,458,1053,2010,1684,223,1169,1386,633,1945,1717,980,1602,383,615,792,1476,446,856,934,1332
1334: 276,1758,1665,58,73,945,1535,2007,1698,1886,1552,257,1828,817,1367,1011,2006,972,1826,808,1687,1150,331,249,466
1335: 1034
1336: 952
1483: 1855,133,844,2013,669,996,173,970,1644,298,1629,1748,195,474,1671,2000,1680,1772,810,1526,360,14,916,1569,1555,1935,119,1352
1338: 
1339: 
1384: 1407,265,1769
2003: 634,387,1843,299,1780,610,694,1111,2002,1564,1163,898,437,1436,1763,884,1469,323,310,461,1548,1932,1663,830,174,778,1558,1120,747,752,519,309,857,600,1735,592,1771,1887,1872,1944
1576: 2014,1918,207,550,1167,1294,654,1393,1044,100,860,660,1099,1103
1691: 1307,1877
1344: 
1345: 572,457,841
1346: 353
1909: 
1348: 
1349: 1407,265,1769
1350: 132
1351: 1609,193,1622
1352: 810,360,14,1052,916,1569,1555,2013,996,970,1644,1629,1748,195,474,2000,1680,1772,1483,1935,119
1353: 1566
1535: 1758,1334,58,73,945,2007,1698,1552,257,1828,817,1367,1011,2006,972,1826,808,1150,331,466
1843: 634,387,299,1780,610,694,1111,2002,1564,1163,898,437,1436,1763,884,1469,323,310,461,1548,2003,1932,1663,830,174,778,1558,1120,747,752,519,309,600,1771,1887
1356: 1330
1548: 1843,299,1780,1111,2002,1564,898,437,1436,884,1469,2003,1932,174,778,1558,747,857,600,1735,592,1771,1887,1944
1513: 
1359: 
1648: 1699,456,337,1863,2004,176,1987,190,1760,1885,1142,756,1076,1994
1361: 
1706: 824
1645: 697,1995,1647,1638,2009,1046,521,1625,1395,1281,1287,1976,1170,1487,1278,495,1296,729
1364: 1836,744
1365: 
1366: 
1367: 1758,1334,1665,73,945,1535,2007,1698,1886,257,1828,817,1011,2006,1826,808,1687,331,466
1368: 1428,154,1600,1618,283,709,1705,305,226,2008,286,1381,401,447,1322,1131,263
2008: 1428,154,1368,1600,1969,1618,1154,315,847,283,709,1705,305,226,286,322,1381,1482,1902,451,681,401,447,1271,1322,1131,1529,263,1193,1465,661,1621,527,1580,1910,1715,1266,1229,907,1951,99
1774: 
1371: 232
1372: 475,967
1783: 274,758,955
1575: 