0: 404,335,316,2001,722,701,557,560,39,142,900,1238,172,921,1194,1952,629
1: 
1946: 
3: 
4: 
5: 1679,1050
6: 
7: 1740,1049,1649,151
8: 
9: 301
10: 959
11: 
12: 
13: 1906,1844,276,277,666
14: 
15: 
16: 1871
17: 412
18: 683
19: 1736,93,1307
20: 
21: 720
1826: 1399,1367,231,881
23: 
1985: 1032
25: 785,155,1311,1677
26: 1437
1995: 729,1046,495,1287,1296,1170,1145,697,2009,1281,1647
28: 
29: 937
30: 
1853: 1056
1994: 1700,756,1974,190,1760,2004,1017,1987,1699,176,1739,1076,1142,695,456,1682,1863,617,450,1327,1961
33: 1831,1669,1021,264
34: 1768
35: 
36: 
37: 
38: 260,1581,974,834
39: 335,316,0,2001,722,701,142,900,1238,1194,1952,629
40: 
41: 
42: 
43: 143
44: 
45: 1543,117,737,1626,66,1797,1250,2016,1584
1989: 991
47: 1786
48: 
49: 1668
50: 
2017: 2011,544,1718,261,1882,109,1908,1023,511,1620,291,748,1119,1632,609
52: 1308,612,62,572
53: 260,1581,974,834
54: 318
55: 1617,1835,88
56: 1335
57: 
58: 
59: 517
60: 
61: 875
62: 612,572,1308,52
1822: 1090,1445
64: 1382
65: 532,1694,1379,465,522,828,2005,1095,1838,1934,449
66: 1543,45,117,737,1626,91,1797,1250,150,287,2016,1048,561,1261,1584
67: 1717,1386,2010,1169,1702,727,1053,156,1332
68: 1284
1898: 596,526,1848,1701
70: 
1896: 641,1033,1513,1942
72: 1428,99,1600,1381,322,447,1229,429,1266,1482,1424,226,2008,1580,1618
73: 1758,1698,2006,1039,2007,1687,1886,972,1150,1318,1011,1552,466,1535
1728: 
1848: 596,526,1701,1898
2010: 1717,1386,67,615,223,1169,350,1476,1702,727,1053,156,1332
77: 
78: 
1737: 
1986: 
81: 939,507
1981: 
83: 1539
84: 1856
1866: 
86: 
87: 1140
88: 1617,1835,55
89: 1132,229
90: 1187,1541,1398
91: 1543,117,737,1626,66,1797,1250,150,287,2016,1261
92: 1659,552,1003,1764
93: 1307,19,1736
94: 486
1743: 1231,181
96: 
97: 
98: 
99: 1428,1969,1114,315,1600,286,1705,1621,1715,1529,1381,1465,322,1154,447,681,305,527,1322,1482,1424,226,401,2008,1618,72
100: 1393,1146,1103,1383,207,860,1294,1546,1099,1058,2014,707,1576,478,1167
101: 759,534,589,433,1731
102: 667
103: 
104: 
1841: 
106: 
107: 1131,1044
108: 
109: 2017,2011,544,1718,1882,1908,1023,511,1620,748,1119,1632,609
110: 
111: 
112: 562
113: 1155
114: 
115: 600,2003,1663,1436,1944,1918,610,1735,1111,812
116: 
117: 1543,45,737,1626,91,66,1797,1250,150,287,2016,1261,1584
118: 
119: 1526,1555,751,1671,1630,195,970,1569,1915,1230,2013,1680,408,814,197,1935,1859,996,173,2000,844,1052,202,1255,1257
120: 1963
1821: 408,814,197,1451,1935,1859,996,173,644,2000,810,916,202,1855,1772,1255,2013
122: 
123: 952,1603
1886: 1039,249,945,2007,1687,972,1150,1318,1011,1552,466,1535,1758,73,2006
125: 
126: 
127: 
128: 
129: 
1867: 
131: 1840,1304,765
132: 496,760
133: 
134: 
135: 1431,2018,1674,597,542,922,1849,1059,790
136: 540,340
137: 
138: 852,149,1605,160,275,169
139: 
140: 1951
141: 
142: 404,335,316,0,2001,722,701,557,560,39,1466,1238,172,921,1194,1952,629
143: 43
144: 
145: 1486
146: 979
147: 
148: 887
149: 852,138,1605,160,275,169,1901
150: 1543,117,737,1626,91,66,1797,287,2016,1261
151: 1740,7,1049,1649
152: 
153: 
154: 1286,907
155: 785,25,1677
156: 1386,2010,67,1169,1476,727,1053,1332
157: 932,1274
158: 1509
159: 1256,1747
160: 852,149,138,1605,275,169,1901
161: 1975
1895: 1571,1421
163: 
164: 964
165: 203
1824: 1372,593,1001,1954,1297
167: 1608
168: 1611,1893
169: 852,149,138,1605,160,275,1901
170: 
1764: 1659,552,1516,1003,92
172: 404,335,316,0,2001,722,701,557,560,142,1466,921
173: 408,882,814,197,1451,281,1935,1859,996,644,2000,844,1052,810,1821,916,202,1855,1772,1255,1257,1526,1555,751,1671,1630,195,119,970,1915,1230,2013,1680
174: 437,309,1771,857,1887,778,2002,1780,1548,1558,1120,830,752,519,1729,1763,1843,747,1564,1469
175: 
176: 756,1974,1760,2004,1987,1699,1739,1142,695,456,1682,1994,1863,1327,1885,1961,337,1648,1292
1787: 
178: 
179: 1201,1402
180: 1453,1711,1899,796
181: 1743,1231
1901: 149,1605,160,275,169
183: 
184: 
1920: 
186: 
187: 1753,2018,1149,1674,1213,597,922,1849
1932: 
189: 809,635
190: 1700,756,1974,1760,2004,1017,1987,1739,1076,1142,456,1682,1994,1863,450
1865: 338,779,2015,339,1198,1022
2000: 408,882,814,197,1451,281,1935,1859,996,173,644,844,1052,810,1821,916,202,1855,1772,1255,1257,1526,1555,751,1671,1630,195,119,970,1569,1915,1483,1230,2013,1680
193: 
194: 
195: 1526,1555,751,1671,1630,119,970,1569,1915,1483,1230,2013,1680,408,882,814,281,1935,996,173,2000,1052,1257
196: 
197: 408,814,1451,1935,1859,996,173,644,2000,844,810,1821,916,202,1255,1257,1671,1630,119,970,1915,1230,2013
198: 
1791: 
200: 
201: 1442
202: 197,1935,1859,996,173,644,2000,844,810,1821,916,1255,1257,1671,119,1915,2013
203: 165
204: 822
205: 262,1225,1100,866,1854,2012,1239,755,284,1834
206: 278,943,950,1299,620
207: 1393,1146,1103,1383,860,1294,100,1099,1058,2014,707,478,1167
2001: 404,335,316,0,722,701,557,560,39,142,900,1466,1238,172,921,1194,1952,629
209: 235,1575,869
210: 
211: 
212: 1894,1579
213: 1958,1454
1789: 
215: 
216: 
1944: 1436,1708,610,1735,1111,812,600,2003,115,1663,312
1772: 408,882,814,1451,281,1935,996,173,2000,1052,810,1821,916,1855,1255,1630,2013,1680
219: 1625
220: 961,1300
221: 1340
222: 1190
223: 1717,1386,2010,615,1169,350,1476,1702,727
1827: 520
1771: 437,309,310,857,387,1887,778,2002,1780,1548,1558,1120,830,752,519,592,1729,174,1763,1843,747,1564,1469
226: 681,305,1229,527,429,1266,1322,1482,1902,1424,401,2008,1580,1618,1428,99,1600,286,1705,1621,1715,1381,322,447,72
1984: 1034,1945,699
228: 
229: 880,89,1132
1980: 242
231: 1399,1367,1826,881
232: 933
233: 
234: 240,742,1440,1426
235: 209,1575,869
236: 
1877: 1691,1802,980
238: 768
239: 888
240: 234,742,1440
241: 
242: 1980
243: 
244: 1459
1756: 
246: 
247: 
1921: 
249: 1039,945,2007,1687,1886,972,1150,1318,1011,1552,466,1535,2006
250: 1971,1036,471
251: 
252: 
1938: 1326,1401,848,2019,1070,1508,1912,1074,546
254: 283
255: 
256: 925
257: 
1923: 809
259: 
260: 53,38,1581,974,834
261: 2017,2011,544,1718,1882,1908,511,1620,291,748,1632
262: 1225,1100,866,1854,2012,1239,755,205,284,1834
263: 
264: 1831,973,1669,1021,33
265: 1319,1349,1253
266: 1441
1891: 961,1300
268: 
269: 
1880: 
271: 1192
272: 
273: 676,1557
274: 
275: 852,149,138,1605,160,169,1901
276: 13,1906,277,666
277: 13,1906,276,666
278: 943,950,1299,206
279: 441
1918: 610,1735,1111,812,2003,115
281: 408,882,814,1451,1935,996,173,2000,1052,810,1855,1772,1555,1671,1630,195,1569,1483,1230,2013,1680
282: 
283: 254
284: 262,1225,1100,866,1854,2012,1239,755,205
285: 1493,397
286: 1428,1969,1114,99,315,1600,1705,1621,1715,1529,1381,1465,447,681,305,527,1322,1482,1424,226,401,2008,1618
287: 2016,1048,561,1261,1584,1543,117,737,1626,91,66,1797,1250,150
288: 
289: 806,780,1598
290: 453,1628
291: 2017,2011,544,1718,261,1882,1908,1023,511,1620,748,1119,1632
292: 1474
293: 
1910: 
1746: 
296: 968,458,1799
297: 
298: 1629,1374
299: 
300: 
301: 9
302: 1804,969,1329,1634,1825,1221
303: 1056
304: 1256
305: 681,1229,527,429,1266,1322,1482,1902,1424,226,401,2008,1618,99,286,1621,1715,447
306: 
307: 
308: 357,1779
309: 437,310,1771,857,1887,778,2002,1548,1558,1120,830,752,519,592,1729,174,1564
310: 437,309,1771,387,1887,778,2002,1780,1548,1558,1120,830,752,519,592,1729,1564
311: 984
312: 600,2003,1663,1436,694,1944,812
1990: 
314: 983
315: 1114,99,286,1705,1621,1715,1529,1465,661,527,2008
316: 335,0,2001,722,701,557,560,39,142,900,1238,172,1194,1952,629
317: 1845
318: 54
319: 
320: 422,1054,936,901,382
321: 
322: 1428,1969,99,1600,1705,1381,1465,447,429,1322,1424,226,2008,1580,1618,72
323: 747,1564,437,387,2002,1780,752,519,1763
1732: 
325: 346
326: 
327: 
328: 1063
329: 
1751: 
331: 
1825: 1804,969,1329,302,1634,1221,475
333: 603,1407
1733: 351,1670
335: 404,316,0,2001,722,701,557,560,39,142,1466,172,921,1952,629
336: 1325
337: 1648,1292,756,1974,2004,1699,176,1142,695,456,1327,1885
338: 1380,1173,779,1391,2015,339,1865,670,1198,1209,1022,547
339: 1380,338,1173,779,1391,2015,1865,670,1198,1209,1022,547
340: 540,136
341: 
342: 
343: 1125,1168,1609,1712
344: 
345: 1097,776,1965
346: 325
347: 836,1311
348: 
1726: 999,858
350: 1717,2010,615,223,1169,1702
351: 1733,1670
352: 1478,1333,801
353: 1166
354: 1818
355: 543,794,405
1735: 1918,610,1111,812,1708,1436,1944,2003,115,1663
357: 308,1779
358: 1098,1005
359: 
360: 
361: 
1974: 1700,756,190,1760,2004,1017,1987,1699,176,1739,1142,695,456,1994,1863,617,450,1327,1885,1961,337,1648
363: 
1854: 262,1225,1100,866,2012,1239,755,205,284
365: 
366: 
1860: 1020,1094,1547,1883
368: 
369: 
1755: 
371: 
1796: 
373: 
374: 1835
375: 
376: 1553,491,1489
377: 1544,598,599
378: 
379: 1139,1876
1828: 
1964: 
382: 1054,320,901
383: 740
384: 
385: 1546,1099,654,1058,2014,478,687,1167,1294
386: 1096,1024
387: 437,310,1771,2002,1780,1548,1558,1120,752,519,592,1763,323,1564
388: 
389: 1481,606
390: 626
391: 
1836: 
393: 
394: 
395: 
396: 995
397: 1493,285
1845: 317
399: 1635,571,1448
400: 
401: 681,305,1229,527,1266,1322,1482,1902,1424,226,2008,99,1600,286,1621,1715,1529,1381,447
402: 
403: 987,444,1171,1326,848,2019,1070,1508,1912,1074,1531,546
404: 335,0,2001,722,557,142,1466,172,921
405: 543,794,355
406: 1813
407: 
408: 882,814,197,1451,281,1935,1859,996,173,2000,844,1052,810,1821,1855,1772,1255,1257,1526,1555,751,1671,1630,195,119,970,1915,1230,2013,1680
1712: 1609,343
410: 1875
1969: 1428,1114,99,1600,286,1705,1381,1465,322,1154,447,2008
412: 17
1979: 
414: 1302
415: 787
416: 944
417: 1851
1805: 
419: 1590
420: 
1840: 131,1304,765
422: 651,1054,320,936,901
1992: 777
424: 575,432,766
425: 
426: 1693
427: 
428: 
429: 681,305,1229,1266,1322,1482,1902,1424,226,2008,1580,1618,1428,1600,1381,322,447,72
430: 
431: 
432: 575,424,766
433: 101,759,534,589,1731
434: 
1792: 965,703
436: 906,1359
437: 309,310,1771,857,387,1887,778,2002,1780,1548,1558,1120,830,752,519,592,1729,174,1763,1843,323,747,1564,1469
438: 
439: 1310
440: 
441: 279
442: 1696
1839: 1754,775,1234,895,494,1823
444: 987,403,1171,1401,848,2019,1070,1508,1912,1074,1531,546
1878: 1666,1838,1934,1007,492,723,1633,449,1071,2005,1095
446: 
447: 1428,1969,1114,99,1600,286,1705,1621,1715,1529,1381,1465,322,681,305,1229,527,429,1266,1322,1482,1902,1424,226,401,2008,1580,1618,72
448: 
449: 1666,1838,1749,1934,1878,1007,492,723,1633,532,1694,1379,65,465,522,1390,828,1071,2005,1095,535,638
450: 1700,756,1974,190,2004,1017,1987,1699,1739,1076,1142,1994,1863,617,1327,1961
451: 
1834: 262,1225,1100,866,2012,1239,205
453: 290,1628
454: 
455: 
456: 756,1974,190,1760,2004,1017,1987,176,1739,1142,695,1682,1994,1863,1327,1885,337,1648,1292
457: 1909,841
458: 968,296,1801
459: 706
460: 
461: 
462: 1018,807
463: 
464: 805
465: 532,1694,1379,65,522,1390,828,1071,2005,1095,449
466: 1039,249,945,2007,1687,1886,972,1150,1665,1318,1011,1552,1535,1758,73,1698,2006
467: 
468: 
469: 1806,1724
1875: 410
471: 250,1971,1036
472: 
1940: 
474: 
475: 1221,1804,1329,1634,1825
1837: 1175
477: 1046,1638,495,1102,2009,1976,1278
478: 1546,1099,654,1058,385,2014,707,687,1167,1393,1103,1383,207,1294,100
479: 
1763: 437,1771,857,387,1887,778,2002,1780,1548,1558,1120,830,752,519,1729,174,1843,323,747,1564,1469
481: 1025,1602,1490
1801: 458
1885: 1700,756,1974,1760,2004,1699,176,1739,1142,695,456,1863,617,1327,1961,337,1648,1292
484: 
485: 
486: 94
487: 
488: 
489: 1639,920
1857: 
491: 1553,376,1489
492: 1666,1838,1749,1934,1878,1007,723,1633,449,1694,1379,1390,1071,2005,1095,535,638
493: 1131,660,903
494: 1823,1754,775,1839
495: 729,1046,1638,1102,1943,1287,1296,1170,1145,477,697,2009,1281,1278,1647,1995
496: 132
497: 1511,541
498: 
499: 1066
1770: 
501: 1372,1954,1297
502: 1464,1270,757
1948: 935,1247
504: 
1999: 1846
506: 
507: 81
508: 
509: 1573
510: 
511: 2017,2011,544,1718,261,1882,109,1908,1620,291,748,1632
512: 
513: 
514: 
515: 
1788: 811
517: 59
1908: 2017,2011,544,1718,261,1882,109,1023,511,1620,291,748,1119,1632,609
519: 437,309,310,1771,857,387,778,2002,1780,1548,1558,1120,830,752,592,1729,174,1763,323,1564
520: 1827
521: 
522: 532,1694,1379,65,465,1390,828,1071,2005,1095,1666,1838,1749,1934,723,449,535
523: 1426
524: 
1831: 973,1669,1021,264,33
526: 596,1848,1701,1898
527: 681,305,1322,1482,1902,1424,226,401,2008,1618,99,315,286,1705,1621,1715,1529,1381,447
1913: 
529: 
1809: 
531: 
532: 1379,65,465,522,828,2005,1095,1838,1934,449
533: 1949,1830,1210,1514
534: 101,759,589,433
535: 638,1666,1749,492,723,1633,449,1694,1379,522,1390,1071,2005,1095
536: 1716,1439
537: 
538: 
539: 1197
540: 340,136
541: 497,1511
542: 2018,1149,1674,597,922,1849,1059,790,1431,135
543: 794,405,355
544: 2017,2011,1718,261,1882,109,1908,1023,511,1620,291,748,1119
545: 995
546: 1326,1401,1938,848,2019,1070,1508,1912,1074,1531,987,403,444,1171
547: 670,1198,1209,1380,338,1173,1391,2015,339
548: 1678
549: 1928
550: 850
551: 630
552: 1659,1003,92,1764
1812: 
554: 1707,774
555: 1993
556: 1246
557: 404,335,316,0,2001,722,701,560,142,1466,1238,172,921,629
1906: 13,1844,276,277,666
1991: 
560: 335,316,0,2001,722,701,557,142,1466,1238,172,921,1952
561: 287,2016,1048,1261,1584,66,1250
562: 112
563: 1673
564: 
565: 1781,1122
1924: 
567: 
1870: 
569: 
570: 
571: 1635,1448,399
572: 612,62,1308,52
573: 
574: 1777,919
575: 424,432,766
1819: 736,1522,1762,1006
1904: 1706
578: 
579: 
580: 
581: 
582: 
1744: 
584: 
585: 
1760: 1700,756,1974,190,2004,1017,1987,176,1142,695,456,1682,1994,1863,1885,1648,1292
587: 838,1612
1968: 846
589: 101,759,534,433,1731
590: 1089
591: 1081,1416
592: 437,309,310,1771,387,778,2002,1780,1548,1558,1120,830,752,519,1729,1564
593: 1977,1001,1954,1824
1962: 
1766: 1810
596: 526,1848,1701,1898
597: 1753,2018,1149,1674,1213,187,542,922,1849,1059,790,135
598: 1544,377,599
599: 1544,377,598
600: 2003,115,1663,312,1436,1944,1111,812
601: 
602: 1570,798
603: 333,1407
604: 1328,1966,867,618
605: 
606: 389,1481
607: 
1747: 159,1256
609: 2017,2011,1718,1882,109,1908,1023,1620,748,1119,1632
610: 1918,1735,1111,812,1944,2003,115,1663
611: 874,1595,1683,1306
612: 62,572,1308,52
1800: 
614: 
615: 1717,1386,2010,223,1169,350,1476,1702,727
616: 
617: 1700,756,1974,2004,1699,1739,1142,1994,1863,450,1327,1885,1961
618: 867,1966,604
619: 
620: 943,1299,206
621: 
622: 1203,1323
623: 859
624: 
625: 
626: 390
1722: 
628: 
629: 335,316,0,2001,722,701,557,39,142,900,1238,921,1194,1952
630: 551
631: 
1799: 968,296
633: 
634: 
635: 809,189
636: 
637: 
638: 535,1666,1749,492,723,1633,449,1694,1379,1390,1071,2005
639: 
640: 
641: 1896,1033,1513
642: 
643: 
644: 197,1935,1859,996,173,2000,844,810,1821,916,202,1255,2013
1806: 469,1724
646: 
647: 915,1272,934
1859: 408,197,1451,1935,996,173,644,2000,844,810,1821,916,202,1255,1257,1671,119,1915,2013
649: 
1745: 1348,1026
651: 422,936
652: 
653: 1884,1623
654: 1546,1058,385,2014,707,478,687,1167
655: 1498,893
656: 
657: 
658: 
659: 
660: 1131,1044,493,903
661: 1114,315
662: 1068,1160,1182
663: 
664: 1982
665: 
666: 13,1906,276,277
667: 102
668: 1355,1499,979,1400
669: 
670: 1198,1209,1022,547,1380,338,1173,1391,2015,339
671: 
672: 1378
673: 
674: 
675: 
676: 273,1557
1882: 2017,2011,544,1718,261,109,1908,1023,511,1620,291,748,1119,1632,609
678: 
679: 
680: 
681: 305,1229,527,429,1266,1322,1482,1902,1424,226,401,2008,1580,1618,99,1600,286,1621,1715,1381,447
1810: 1766
683: 18
1983: 781,1195,839
685: 
686: 1774,876,1842
687: 1546,654,1058,385,2014,707,478,1167
688: 
689: 
690: 1773
1965: 776,345
692: 
1993: 555
694: 1436,2003,312
695: 1700,756,1974,1760,2004,1017,1987,1699,176,1739,1142,456,1682,1994,1863,1327,1885,337,1648,1292
696: 
697: 729,1046,495,1102,1287,1296,1170,1145,1487,2009,1281,1647,1995
698: 
699: 1034,1945,1984
700: 
701: 335,316,0,2001,722,557,560,39,142,900,1466,1238,172,921,1194,1952,629
702: 
703: 965,1792
1883: 1860,1020,1094,1547
1971: 250,1036,471
706: 459
707: 1546,1099,654,1058,2014,1576,478,687,1167,1393,1146,1103,1383,207,860,1294,100
1982: 664
709: 1515,1038
710: 
711: 904,753,1364
712: 
713: 940
714: 
715: 1158,1121
716: 
717: 
718: 
719: 
720: 21
721: 
722: 404,335,316,0,2001,701,557,560,39,142,1466,1238,172,921,1194,1952,629
723: 1666,1838,1749,1934,1878,1007,492,1633,449,1694,1379,522,1390,1071,2005,1095,535,638
1758: 73,1698,2006,1039,2007,1687,1886,972,1150,1318,466,1535
1775: 
726: 
727: 1717,1386,2010,67,615,223,1169,1476,1702,156,1332
728: 
729: 1046,1638,495,1102,1287,1296,1170,1145,697,2009,1281,1647,1995
730: 
731: 
732: 
733: 1676,1293
1977: 593,1001,1954
735: 
736: 1819,1522,1762,1006
737: 1543,45,117,1626,91,66,1797,1250,150,287,2016
1997: 
739: 783
740: 1950,1690,993,383
1912: 1326,1401,1938,848,2019,1070,1508,1074,1531,546,403,444
742: 240,234,1440,1426
743: 
744: 908,1008,1291
745: 
1911: 
747: 1843,323,1564,1469,437,1771,778,2002,1780,1548,752,174,1763
748: 2017,2011,544,1718,261,1882,109,1908,1023,511,1620,291,1119,1632,609
1817: 
750: 1972
751: 1526,1555,1671,1630,195,119,970,1569,1915,1230,2013,1680,408,996,173,2000,844,1257
752: 437,309,310,1771,387,778,2002,1780,1548,1558,1120,519,592,1729,174,1763,1843,323,747,1564
753: 711
1928: 549
755: 262,1225,1100,866,1854,2012,1239,205,284
756: 1700,1974,190,1760,2004,1017,1987,1699,176,1739,1142,695,456,1682,1994,1863,617,450,1327,1885,1961,337,1648
757: 1464,1270,502
758: 
759: 101,534,589,433
760: 132
761: 1790
1838: 1666,1934,1878,1007,492,723,1633,449,532,1694,1379,65,522,1071,2005,1095
763: 
1753: 2018,1149,1674,1213,597,187,922,1849
765: 1840,131,1304
766: 575,424,432
767: 
768: 238
2004: 1700,756,1974,190,1760,1017,1987,1699,176,1739,1076,1142,695,456,1682,1994,1863,617,450,1327,1885,1961,337,1648,1292
770: 
771: 
772: 
1954: 1372,593,1977,501,1001,1824
774: 554
775: 1754,1839,494,1823
776: 1097,345,1965
777: 1992
778: 437,309,310,1771,857,1887,2002,1780,1548,1558,830,752,519,592,1729,174,1763,1843,747,1564,1469
779: 1380,338,1173,2015,339,1865,1022
780: 289,806
781: 1983,1195,839
782: 911,862
783: 739
1863: 1700,756,1974,190,1760,2004,1017,1987,1699,176,1739,1076,1142,695,456,1682,1994,617,450,1327,1885,1961,1648,1292
785: 155,25,1677
786: 
787: 415
788: 
789: 
790: 922,1849,1059,2018,1213,597,542,1431,135
791: 
792: 
793: 
794: 543,405,355
795: 
796: 899,1453,1711,180
797: 
798: 1570,602
799: 
800: 
801: 1333,352,1478
2012: 262,1225,1100,866,1854,1239,755,205,284,1834
1900: 
1779: 357,308
805: 464
806: 289,780
807: 462
808: 
809: 1923,635,189
810: 408,882,814,197,1451,281,1935,1859,996,173,644,2000,844,1821,916,202,1855,1772,1255,1257,1671,1230,2013
811: 1788
812: 1918,610,1735,1111,1708,1436,1944,600,2003,115,1663,312
1893: 168,1611
814: 408,882,197,1451,281,1935,996,173,2000,1052,810,1821,916,1855,1772,1255,1257,1526,1555,1671,1630,195,119,970,1569,1915,1483,1230,2013,1680
815: 
816: 
817: 
818: 902,1249
819: 
1823: 494,1754,775,1234,1839
2011: 2017,544,1718,261,1882,109,1908,1023,511,1620,291,748,1119,1632,609
822: 204
1849: 922,1059,790,1753,2018,1149,1674,1213,597,187,542,1431,135
824: 1009,1914
825: 
826: 
827: 1199,951,1542
828: 532,1694,1379,65,465,522,1390,1071,2005,1095,1749,1934,449
829: 
830: 437,309,310,1771,857,1887,778,2002,1548,1558,1120,519,592,1729,174,1763
831: 1037
832: 
1754: 775,1234,1839,895,494,1823
834: 260,53,38,1581,974
835: 855
836: 1311,347
837: 
838: 587,1612
839: 1983,781,1195
1851: 417
841: 457,1909
1741: 1488
1887: 437,309,310,1771,857,778,2002,1548,1558,1120,830,1729,174,1763,1843,1564,1469
844: 408,197,1935,1859,996,173,644,2000,810,202,1257,751,1671,119,970,1915,1230,2013
845: 
846: 1968
847: 1271
848: 1326,1401,1938,2019,1070,1508,1912,1074,1531,546,987,403,444,1171
849: 
850: 550
851: 
852: 149,138,1605,160,275,169
853: 986,1478
854: 
855: 835
856: 
857: 437,309,1771,1887,778,2002,1780,1548,1558,1120,830,519,1729,174,1763,1843,1564,1469
858: 1726,999
859: 1631,623
860: 1393,1146,1103,1383,207,100,1099,2014,707,1576
861: 
862: 782
1718: 2017,2011,544,261,1882,109,1908,1023,511,1620,291,748,1119,1632,609
1752: 
1978: 
866: 262,1225,1100,1854,2012,1239,755,205,284,1834
867: 618,1966,604
1892: 
869: 1575,209,235
870: 
871: 
872: 
2009: 729,1046,1638,495,1102,1943,1287,1296,1170,1145,477,697,1487,1976,1281,1278,1647,1995
874: 611,1595,1683,1306
875: 61
876: 1774,1842,686
1723: 
878: 
879: 
880: 229
881: 1399,1367,231,1826
882: 408,814,1451,281,1935,996,173,2000,1052,810,1855,1772,1255,1526,1555,1671,1630,195,1483,1230,2013,1680
883: 
884: 898
885: 
886: 
887: 148
888: 239
889: 
1852: 
891: 
1871: 16
893: 655,1498
894: 
895: 1754,1234,1839
1958: 213,1454
897: 
898: 884
899: 1453,1711,796
900: 316,0,2001,701,39,1238,1194,1952,629
901: 422,1054,320,382
902: 818,1249
903: 1131,660,1044,493
904: 711,1364,1588
905: 
906: 436,1359
907: 1286,154
908: 744,1291
1915: 1526,1555,751,1671,1630,195,119,970,1569,1230,2013,408,814,197,1935,1859,996,173,2000,844,202,1257
910: 
911: 782
1972: 750
913: 
914: 
915: 1727,647,1272,934
916: 814,197,1451,1935,1859,996,173,644,2000,1052,810,1821,202,1855,1772,1255,2013
917: 
1955: 
919: 1777,574
920: 489
921: 404,335,0,2001,722,701,557,560,142,1466,172,629
922: 1849,1059,790,1753,2018,1149,1674,1213,597,187,542,135
1956: 1704
924: 1475,1269
925: 256
1716: 536,1439
927: 
1902: 681,305,1229,527,429,1266,1322,1482,1424,226,401,2008,1580,1600,1621,447
1899: 1453,1711,180
930: 
931: 
932: 157,1274
933: 232
934: 1727,915,647,1272,966
935: 1247,1948
936: 651,422,1054,1377,320
937: 29
1790: 761
939: 81
940: 713
941: 
942: 1649
943: 278,950,1299,620,206
944: 416
945: 1039,249,2007,1687,1886,972,1150,1665,1318,1011,466,1698,2006
946: 
947: 
948: 
1959: 1164
950: 278,943,1299,206
951: 1199,1542,827
952: 123,1603
1858: 
1953: 
955: 
956: 
957: 
958: 
959: 10
960: 1371
961: 1300,220,1891
1945: 1034,1984,699
963: 
964: 164
965: 1792,703
966: 934
967: 
968: 458,296,1799
969: 1804,1329,302,1634,1825,1221
970: 1526,1555,751,1671,1630,195,119,1569,1915,1230,2013,1680,408,814,197,173,2000,844,1257
971: 
972: 1039,249,945,2007,1687,1886,1150,1665,1318,1011,1552,466,1535,1758,73,1698,2006
973: 1831,1669,1021,264
974: 260,53,38,1581,834
1933: 
1950: 740,1690,993
977: 
978: 1884,1623,1107
979: 1355,668,146
980: 1877,1691,1802
1846: 1999
982: 994
983: 314
984: 311
985: 
986: 853,1478
987: 403,444,1171,848,2019,1070,1508,1074,1531,546
988: 
1905: 
990: 
991: 1989
992: 
993: 740,1950,1690
994: 982
995: 545,396
996: 408,882,814,197,1451,281,1935,1859,173,644,2000,844,1052,810,1821,916,202,1855,1772,1255,1257,1526,1555,751,1671,1630,195,119,1569,1915,1230,2013,1680
997: 
998: 
999: 1726,858
1000: 
1001: 593,1977,1954,1824
1002: 1460
1003: 1659,552,1516,92,1764
1004: 
1005: 358,1336
1006: 736,1819,1522
1007: 1666,1838,1749,1934,1878,492,723,1633,449,1379,2005,1095
1008: 744,1291
1009: 824,1914
1749: 1666,1934,1007,492,723,1633,449,1694,1379,522,1390,828,1071,2005,1095,535,638
1011: 1039,249,945,2007,1687,1886,972,1150,1665,1318,1552,466,1535,73,2006
1012: 
1013: 1030,1415,1574
1014: 
1767: 
1740: 7,1049,1649,151
1017: 1700,756,1974,190,1760,2004,1987,1739,1076,1142,695,456,1682,1994,1863,450
1018: 462
1793: 
1020: 1860,1094,1547,1883
1021: 1831,973,1669,264,33
1022: 670,1198,1209,338,1173,779,2015,339,1865
1023: 2017,2011,544,1718,1882,109,1908,1620,291,748,1119,1632,609
1024: 386,1096
1025: 1602,481,1490
1026: 1348,1745
1027: 
1931: 1922
1029: 1629
1030: 1415,1574,1013
1715: 1428,1114,99,315,1600,286,1705,1621,1529,1381,1465,447,681,305,527,1482,1424,226,401,2008,1618
1032: 1985
1033: 1896,641,1513,1942
1034: 1945,1984,699
1035: 
1036: 250,1971,471
1037: 831
1038: 709
1039: 249,945,2007,1687,1886,972,1150,1665,1318,1011,1552,466,1535,1758,73,1698,2006
1040: 
1041: 1468
1957: 
1043: 
1044: 1131,660,107,903
1970: 
1046: 729,1638,495,1102,1943,1287,1296,1170,1145,477,697,1487,2009,1976,1281,1278,1647,1995
1047: 
1048: 287,2016,561,1261,1584,1626,66,1797,1250
1049: 1740,7,1649,151
1050: 5,1679
1051: 
1052: 408,882,814,1451,281,1935,996,173,2000,916,1855,1772,1255,1526,1555,1671,1630,195,119,1569,1483,1230,2013,1680
1053: 1717,1386,2010,67,1169,1702,156,1332
1054: 422,320,936,901,382
1055: 
1056: 1853,303
1057: 1252
1058: 1546,1099,654,385,2014,707,1576,478,687,1167,1393,1146,1103,1383,207,1294,100
1059: 922,1849,790,2018,1149,1674,1213,597,542,1431,135
1060: 
1061: 1437,1316
1975: 161
1063: 328
1925: 
1065: 
1066: 499
1067: 
1068: 662,1160,1182
1963: 120
1070: 1326,1401,1938,848,2019,1508,1912,1074,1531,546,987,403,444,1171
1071: 1694,1379,465,522,1390,828,2005,1095,1666,1838,1749,1934,1878,492,723,1633,449,535,638
1072: 
1725: 
1074: 1326,1401,1938,848,2019,1070,1508,1912,1531,546,987,403,444
2018: 1753,1149,1674,1213,597,187,542,922,1849,1059,790,1431,135
1076: 1700,190,2004,1017,1987,1739,1682,1994,1863,450
1077: 
1802: 1877,1691,980
1079: 
1080: 
1081: 1416,591
1874: 
1083: 
1084: 1585
1085: 
1939: 
1087: 
1088: 
1089: 590
1090: 1126,1445,1822
1091: 
1092: 
1093: 
1094: 1860,1020,1547,1883
1095: 532,1694,1379,65,465,522,1390,828,1071,2005,1666,1838,1749,1934,1878,1007,492,723,1633,449,535
1096: 386,1024
1097: 345,776
1098: 358
1099: 1546,1058,385,2014,707,1576,478,1167,1393,1146,1103,1383,207,860,1294,100
1100: 262,866,1854,2012,1239,755,205,284,1834
1101: 
1102: 729,1046,1638,495,1943,1170,1145,477,697,2009,1976,1278,1647
1103: 1393,1146,1383,207,860,1294,100,1099,1058,2014,707,478,1167
1104: 
1105: 
1106: 
1107: 1117,1623,978
1108: 
1109: 
1110: 
1111: 1918,610,1735,812,1708,1436,1944,600,2003,115,1663
1739: 1700,756,1974,190,2004,1017,1987,1699,176,1076,1142,695,456,1682,1994,1863,617,450,1327,1885,1961
1113: 
1114: 1428,1969,99,315,286,1705,1621,1715,1529,1381,1465,1154,661,447,2008
1115: 
1876: 379,1139
1117: 1107
1118: 
1119: 2017,2011,544,1718,1882,109,1908,1023,1620,291,748,1632,609
1120: 437,309,310,1771,857,387,1887,2002,1780,1548,1558,830,752,519,592,174,1763,1564
1121: 1158,715
1122: 1781,565
1123: 
1897: 
1125: 1168,1609,343
1126: 1090,1445
1127: 
1919: 
1951: 140
1130: 
1131: 660,107,1044,493,903
1132: 89,229
1133: 
1976: 1046,1638,1102,1145,477,1487,2009,1278
2015: 1380,338,1173,779,1391,339,1865,670,1198,1209,1022,547
1136: 
1137: 
1729: 437,309,310,1771,857,1887,778,2002,1548,1558,830,752,519,592,174,1763,1843,1564,1469
1139: 379,1876
1140: 87
1141: 
1142: 1700,756,1974,190,1760,2004,1017,1987,1699,176,1739,695,456,1682,1994,1863,617,450,1327,1885,1961,337,1648,1292
1143: 
1780: 437,310,1771,857,387,778,2002,1548,1558,1120,752,519,592,174,1763,323,747,1564
1145: 729,1046,1638,495,1102,1287,1296,697,1487,2009,1976,1647,1995
1146: 1103,1383,207,860,1294,100,1099,1058,2014,707,1576
1147: 
1717: 1386,2010,67,615,223,1169,350,1476,1702,727,1053,1332
1149: 1753,2018,1674,1213,597,187,542,922,1849,1059
1150: 1039,249,945,2007,1687,1886,972,1665,1318,1011,1552,466,1535,1758,73,1698,2006
1151: 
1844: 13,1906
1153: 
1154: 1428,1969,1114,99,1705,1381,1465,2008
1155: 113
1156: 
1157: 
1158: 1121,715
1159: 1769,1216
1160: 662,1068,1182
1161: 
2005: 532,1694,1379,65,465,522,1390,828,1071,1095,1666,1838,1749,1934,1878,1007,492,723,1633,449,535,638
1163: 
1164: 1959
1165: 
1166: 353
1167: 1546,1099,654,1058,385,2014,707,478,687,1393,1103,207,1294,100
1168: 1125,1609,343
1169: 1717,1386,2010,67,615,223,350,1476,1702,727,1053,156,1332
1170: 729,1046,1638,495,1102,1943,1287,697,2009,1281,1278,1647,1995
1171: 987,403,444,1326,1401,848,2019,1070,1508,1531,546
1777: 574,919
1173: 1380,338,779,1391,2015,339,670,1198,1209,1022,547
1174: 
1175: 1837
1872: 
1177: 1783,1474
1178: 
1943: 1046,1638,495,1102,1287,1170,2009,1281,1278,1647
1180: 
1181: 
1182: 662,1068,1160
1183: 
1184: 1734
1185: 
1719: 
1187: 90,1541,1398
1188: 
1727: 915,1272,934
1190: 222
1191: 1888
1192: 271
1193: 1352
1194: 316,0,2001,722,701,39,142,900,1238,1952,629
1195: 1983,781,839
1196: 
1197: 539,1692
1198: 670,1209,1022,547,338,1173,2015,339,1865
1199: 951,827
1200: 
1201: 179,1402
1202: 
1203: 622,1323
1204: 
1734: 1184
1842: 1774,876,686
1207: 
1208: 
1209: 670,1198,1022,547,1380,338,1173,1391,2015,339
1210: 1949,533,1830,1514
1794: 1571,1421
1769: 1216,1159
1213: 1753,2018,1149,1674,597,187,922,1849,1059,790
1952: 335,316,0,2001,722,701,560,39,142,900,1238,1194,629
1804: 969,1329,302,1634,1825,1221,475
1216: 1769,1159
1217: 
1218: 
1219: 
1220: 
1221: 475,1804,969,1329,302,1634,1825
1222: 
1742: 
1224: 1936
1225: 262,866,1854,2012,1239,755,205,284,1834
1226: 
1227: 
2013: 1526,1555,751,1671,1630,195,119,970,1569,1915,1483,1230,1680,408,882,814,197,1451,281,1935,1859,996,173,644,2000,844,1052,810,1821,916,202,1855,1772,1255,1257
1229: 681,305,429,1266,1322,1482,1902,1424,226,401,2008,1580,1618,1600,1381,447,72
1230: 1526,1555,751,1671,1630,195,119,970,1569,1915,1483,2013,1680,408,882,814,197,1451,281,1935,996,173,2000,844,1052,810,1257
1231: 1743,181
1232: 
1233: 
1234: 1754,1839,895,1823
1914: 824,1009
1868: 1808
1237: 
1238: 316,0,2001,722,701,557,560,39,142,900,1194,1952,629
1239: 262,1225,1100,866,1854,2012,755,205,284,1834
1936: 1224
1241: 
1242: 
1243: 
1244: 
1245: 1641
1246: 556
1247: 935,1948
1248: 
1249: 902,818
1250: 1543,45,117,737,1626,91,66,1797,287,2016,1048,561,1261,1584
1251: 
1252: 1057
1253: 265,1319,1349
1254: 
1255: 408,882,814,197,1451,1935,1859,996,173,644,2000,1052,810,1821,916,202,1855,1772,1526,1671,1630,119,2013
1256: 159,1747,304
1257: 408,814,197,1451,1935,1859,996,173,2000,844,810,202,1555,751,1671,1630,195,119,970,1915,1230,2013
1258: 
1259: 1566
1260: 
1261: 287,2016,1048,561,1584,1543,117,1626,91,66,1797,1250,150
1890: 
1263: 
1960: 1423
1797: 1543,45,117,737,1626,91,66,1250,150,287,2016,1048,1261,1584
1266: 681,305,1229,429,1322,1482,1902,1424,226,401,2008,1580,1618,447,72
1267: 
1268: 
1269: 924
1270: 1464,757,502
1271: 847
1272: 1727,915,647,934
1273: 
1274: 157,932
1818: 354
1276: 
1277: 
1278: 1046,1638,495,1102,1943,1170,477,2009,1976,1281,1647
1279: 
1280: 
1281: 729,1046,495,1943,1287,1296,1170,697,2009,1278,1647,1995
1282: 
1283: 
1284: 68
1285: 
1286: 907,154
1287: 729,1046,495,1943,1296,1170,1145,697,2009,1281,1647,1995
1288: 
1289: 
1290: 
1291: 908,744,1008
1292: 337,1648,1760,2004,176,1142,695,456,1863,1885
1293: 1676,733
1294: 1393,1146,1103,1383,207,100,1546,1099,1058,385,2014,707,478,1167
1888: 1191
1296: 729,1046,1638,495,1287,1145,697,1487,2009,1281,1995
1297: 1372,501,1824
1298: 
1299: 278,943,950,620,206
1300: 961,220,1891
1881: 
1302: 414
1303: 
1304: 1840,131,765
1305: 
1306: 611,874,1595,1683
1307: 93,19,1736
1308: 52,612,62,572
1309: 
1310: 439
1311: 836,25,347
1312: 
1313: 
1314: 
1315: 
1316: 1437,1061
1317: 
1318: 1039,249,945,2007,1687,1886,972,1150,1665,1011,1552,466,1535,1758,73,1698,2006
1319: 265,1349,1253
1320: 
1808: 1868
1322: 681,305,1229,527,429,1266,1482,1902,1424,226,401,2008,1580,1428,99,1600,286,1621,1529,1381,1465,322,447
1323: 622,1203
1324: 
1325: 1601,336
1326: 1401,1938,848,2019,1070,1508,1912,1074,546,403,1171
1327: 756,1974,2004,1699,176,1739,1142,695,456,1682,1994,1863,617,450,1885,1961,337,1648
1328: 604
1329: 1804,969,302,1634,1825,1221,475
1330: 1527,1519
1331: 
1332: 1717,1386,2010,67,1169,1476,727,1053,156
1333: 801,352
1334: 
1335: 1873,56
1336: 1005
1337: 
1338: 
1339: 
1340: 221
2003: 600,115,1663,312,1708,1436,694,1944,1918,610,1735,1111,812
1762: 736,1819,1522
1343: 
1344: 1631
1345: 
1346: 
1909: 457,841
1348: 1026,1745
1349: 265,1319,1253
1350: 
1351: 1496
1352: 1193
1353: 
1354: 
1355: 668,1499,979,1400
1356: 1636,1996
1357: 
1358: 
1359: 906,436
1360: 
1361: 
1362: 
1363: 
1364: 904,711
1365: 
1366: 
1367: 231,1826,881
1368: 
1369: 
1774: 876,1842,686
1371: 960
1372: 501,1954,1297,1824
1783: 1177,1474
1374: 298
1375: 
1773: 690
1377: 936
1378: 672
1379: 532,1694,65,465,522,1390,828,1071,2005,1095,1666,1838,1749,1934,1007,492,723,1633,449,535,638
1380: 338,1173,779,1391,2015,339,670,1209,547
1381: 1428,1969,1114,99,1600,286,1705,1621,1715,1529,1465,322,1154,447,681,1229,527,429,1322,1482,1424,226,401,2008,1580,1618,72
1382: 64
1383: 1393,1146,1103,207,860,1294,100,1099,1058,2014,707,1576,478
1384: 
1385: 1640
1386: 1717,2010,67,615,223,1169,1476,1702,727,1053,156,1332
2008: 681,305,1229,527,429,1266,1322,1482,1902,1424,226,401,1580,1618,1428,1969,1114,99,315,1600,286,1705,1621,1715,1529,1381,1465,322,1154,447,72
1388: 
1785: 
1390: 1694,1379,465,522,828,1071,2005,1095,1749,492,723,1633,449,535,638
1391: 1380,338,1173,2015,339,670,1209,547
1392: 
1393: 1103,1383,207,860,1294,100,1099,1058,2014,707,478,1167
1731: 101,589,433
1395: 
1922: 1931
1916: 
1398: 1541,1187,90
1399: 231,1826,881
1400: 1355,668,1499,1420
1401: 1326,1938,848,2019,1070,1508,1912,1074,1531,546,444,1171
1402: 1201,179
1781: 565,1122
1404: 
1405: 
1889: 
1407: 603,333
1730: 
1409: 
1410: 
1411: 
1412: 
1413: 
1903: 
1415: 1030,1574,1013
1416: 1081,591,1608
1417: 
1966: 867,618,604
1419: 
1420: 1400
1421: 1895,1794,1571
1855: 408,882,814,1451,281,1935,996,173,2000,1052,810,1821,916,1772,1255,1526,1630,2013,1680
1423: 1960
1424: 681,305,1229,527,429,1266,1322,1482,1902,226,401,2008,1580,1618,1428,99,1600,286,1621,1715,1381,322,447,72
1425: 
1426: 523,234,742,1440
1427: 
1428: 1969,1114,99,1600,286,1705,1715,1381,1465,322,1154,447,429,1322,1482,1424,226,2008,1580,1618,72
1429: 
1736: 19,93,1307
1431: 135,2018,542,1849,1059,790
1784: 
1433: 
1434: 
1435: 
1436: 694,1944,1708,1735,1111,812,600,2003,115,1663,312
1437: 26,1316,1061
1438: 
1439: 536,1716
1440: 240,234,742,1426
1441: 266
1442: 201
1443: 
1444: 
1445: 1090,1126,1822
1721: 
1862: 
1448: 1635,571,399
1449: 
1450: 
1451: 408,882,814,197,281,1935,1859,996,173,2000,1052,810,1821,916,1855,1772,1255,1257,1555,1671,1630,1230,2013,1680
1452: 
1453: 899,1711,1899,796,180
1454: 1958,213
2016: 287,1048,561,1261,1584,1543,45,117,737,1626,91,66,1797,1250,150
1949: 533,1830,1210,1514
1457: 
1458: 
1459: 244
1460: 1002
1461: 
1462: 
2019: 1326,1401,1938,848,1070,1508,1912,1074,1531,546,987,403,444,1171
1464: 1270,757,502
1465: 1428,1969,1114,99,315,1600,286,1705,1621,1715,1529,1381,322,1154,447,1322,1482,2008
1466: 404,335,2001,722,701,557,560,142,172,921
2002: 437,309,310,1771,857,387,1887,778,1780,1548,1558,1120,830,752,519,592,1729,174,1763,1843,323,747,1564,1469
1468: 1041
1469: 1843,747,1564,437,1771,857,1887,778,2002,1548,1558,1729,174,1763
1873: 1335
1471: 
1472: 
1473: 
1474: 1783,1177,292
1475: 924
1476: 1717,1386,2010,615,223,1169,1702,727,156,1332
1477: 
1478: 352,986,853,801
1479: 
1935: 408,882,814,197,1451,281,1859,996,173,644,2000,844,1052,810,1821,916,202,1855,1772,1255,1257,1526,1555,1671,1630,195,119,1915,1230,2013,1680
1481: 389,606
1482: 681,305,1229,527,429,1266,1322,1902,1424,226,401,2008,1580,1618,1428,99,1600,286,1705,1621,1715,1529,1381,1465,447,72
1483: 1526,1555,1630,195,1569,1230,2013,1680,882,814,281,2000,1052
1856: 84
1485: 1572
1486: 145
1487: 1046,1296,1145,697,2009,1976
1488: 1741
1489: 1553,491,376
1490: 1025,1602,481
1961: 1700,756,1974,2004,1699,176,1739,1142,1994,1863,617,450,1327,1885
1492: 
1493: 285,397
1494: 
1495: 
1496: 1351
1768: 34
1498: 655,893
1499: 1355,668,1400
2014: 1546,1099,654,1058,385,707,1576,478,687,1167,1393,1146,1103,1383,207,860,1294,100
1501: 
1832: 
1503: 
1504: 
1505: 
1506: 1704
1507: 
1508: 1326,1401,1938,848,2019,1070,1912,1074,1531,546,987,403,444,1171
1509: 158
1510: 
1511: 497,541
1512: 
1513: 1896,641,1033,1942
1514: 1949,533,1830,1210
1515: 709
1516: 1003,1764
1517: 
1518: 1607
1519: 1330,1527
1520: 
1521: 
1522: 736,1819,1762,1006
1523: 
1524: 
1525: 
1526: 1555,751,1671,1630,195,119,970,1569,1915,1483,1230,2013,1680,408,882,814,1935,996,173,2000,1052,1855,1255
1527: 1330,1519
1528: 
1529: 1114,99,315,1600,286,1705,1621,1715,1381,1465,447,527,1322,1482,401,2008
1530: 
1531: 1401,848,2019,1070,1508,1912,1074,546,987,403,444,1171
1532: 
1533: 
1987: 1700,756,1974,190,1760,2004,1017,176,1739,1076,1142,695,456,1682,1994,1863,450,1648
1535: 1039,249,2007,1687,1886,972,1150,1318,1011,1552,466,1758,73,2006
1536: 
1813: 406
1538: 
1539: 83
1714: 
1541: 1398,1187,90
1542: 951,827
1543: 45,117,737,1626,91,66,1797,1250,150,287,2016,1261
1544: 377,598,599
1724: 1806,469
1546: 1099,654,1058,385,2014,707,1576,478,687,1167,1294,100
1547: 1860,1020,1094,1883
1548: 437,309,310,1771,857,387,1887,778,2002,1780,1558,1120,830,752,519,592,1729,174,1763,1843,747,1564,1469
1786: 47
1550: 
1551: 
1552: 1039,249,2007,1886,972,1150,1318,1011,466,1535,73,2006
1553: 491,376,1489
1761: 1578
1555: 1526,751,1671,1630,195,119,970,1569,1915,1483,1230,2013,1680,408,882,814,1451,281,1935,996,173,2000,1052,1257
1996: 1636,1356
1557: 676,273
1558: 437,309,310,1771,857,387,1887,778,2002,1780,1548,1120,830,752,519,592,1729,174,1763,1564,1469
1835: 1617,88,55,374
2006: 1758,73,1698,1039,249,945,2007,1687,1886,972,1150,1665,1318,1011,1552,466,1535
1561: 
1562: 
1563: 
1564: 1843,323,747,1469,437,309,310,1771,857,387,1887,778,2002,1780,1548,1558,1120,752,519,592,1729,174,1763
1934: 1666,1838,1749,1878,1007,492,723,1633,449,532,1379,65,522,828,1071,2005,1095
1566: 1259
1567: 
1568: 
1569: 1526,1555,751,1671,1630,195,119,970,1915,1483,1230,2013,1680,814,281,996,2000,1052
1570: 798,602
1571: 1895,1794,1421
1572: 1485
1573: 509
1574: 1030,1415,1013
1575: 869,209,235
1576: 1546,1099,1058,2014,707,1146,1383,860,100
1577: 
1578: 1761
1579: 1894,212
1580: 681,1229,429,1266,1322,1482,1902,1424,226,2008,1618,1428,1600,1381,322,447,72
1581: 260,53,38,974,834
1582: 
1583: 
1584: 287,2016,1048,561,1261,45,117,1626,66,1797,1250
1585: 1084
1586: 
1587: 
1588: 904
1589: 
1590: 419
1884: 653,1623,978
1592: 
1593: 
1594: 
1595: 611,874,1683,1306
1596: 
1843: 747,1564,1469,437,1771,857,1887,778,2002,1548,752,1729,174,1763
1598: 289
1599: 
1600: 1428,1969,99,286,1705,1621,1715,1529,1381,1465,322,447,681,1229,429,1322,1482,1902,1424,226,401,2008,1580,1618,72
1601: 1325
1602: 1025,481,1490
1603: 123,952
1604: 
1605: 852,149,138,160,275,169,1901
1606: 
1607: 1518
1608: 167,1416
1609: 1125,1168,343,1712
1610: 
1611: 168,1893
1612: 587,838
1894: 1579,212
1614: 
1988: 
1616: 
1617: 1835,88,55
1618: 681,305,1229,527,429,1266,1482,1424,226,2008,1580,1428,99,1600,286,1705,1715,1381,322,447,72
1619: 
1620: 2017,2011,544,1718,261,1882,109,1908,1023,511,291,748,1119,1632,609
1621: 1114,99,315,1600,286,1705,1715,1529,1381,1465,447,681,305,527,1322,1482,1902,1424,226,401,2008
1622: 
1623: 1884,653,978,1107
1847: 
1625: 219
1626: 1543,45,117,737,91,66,1797,1250,150,287,2016,1048,1261,1584
2007: 1039,249,945,1687,1886,972,1150,1665,1318,1011,1552,466,1535,1758,73,1698,2006
1628: 453,290
1629: 1029,298
1630: 1526,1555,751,1671,195,119,970,1569,1915,1483,1230,2013,1680,408,882,814,197,1451,281,1935,996,173,2000,1052,1855,1772,1255,1257
1631: 859,1344
1632: 2017,2011,1718,261,1882,109,1908,1023,511,1620,291,748,1119,609
1633: 1666,1838,1749,1934,1878,1007,492,723,449,1694,1379,1390,1071,2005,1095,535,638
1634: 1804,969,1329,302,1825,1221,475
1635: 571,1448,399
1636: 1356,1996
1637: 
1638: 729,1046,495,1102,1943,1296,1170,1145,477,2009,1976,1278
1639: 489
1640: 1385
1641: 1245
1642: 
1643: 
1644: 
1645: 
1646: 
1647: 729,1046,495,1102,1943,1287,1170,1145,697,2009,1281,1278,1995
1648: 337,1292,756,1974,1760,2004,1987,1699,176,1142,695,456,1863,1327,1885
1649: 1740,7,1049,942,151
1650: 
1651: 
1652: 
1653: 
1654: 
1798: 
1656: 
1657: 
1658: 
1659: 552,1003,92,1764
1942: 1896,1033,1513
1748: 
1662: 
1663: 600,2003,115,312,1436,1944,610,1735,1111,812
1664: 
1665: 1039,945,2007,1687,972,1150,1318,1011,466,1698,2006
1666: 1838,1749,1934,1878,1007,492,723,1633,449,1694,1379,522,1071,2005,1095,535,638
1667: 
1668: 49
1669: 1831,973,1021,264,33
1670: 351,1733
1671: 1526,1555,751,1630,195,119,970,1569,1915,1230,2013,1680,408,882,814,197,1451,281,1935,1859,996,173,2000,844,1052,810,202,1255,1257
1672: 
1673: 563
1674: 1753,2018,1149,1213,597,187,542,922,1849,1059,135
1830: 1949,533,1210,1514
1676: 733,1293
1677: 785,155,25
1678: 548
1679: 5,1050
1680: 1526,1555,751,1671,1630,195,119,970,1569,1483,1230,2013,408,882,814,1451,281,1935,996,173,2000,1052,1855,1772
1681: 
1682: 756,190,1760,2004,1017,1987,176,1739,1076,1142,695,456,1994,1863,1327
1683: 611,874,1595,1306
1684: 
1685: 
1686: 
1687: 1039,249,945,2007,1886,972,1150,1665,1318,1011,466,1535,1758,73,1698,2006
1688: 
1689: 
1690: 740,1950,993
1691: 1877,1802,980
1692: 1197
1693: 426
1694: 1379,65,465,522,1390,828,1071,2005,1095,1666,1838,1749,492,723,1633,449,535,638
1795: 
1696: 442
1697: 
1698: 1758,73,2006,1039,945,2007,1687,972,1150,1665,1318,466
1699: 756,1974,2004,176,1739,1142,695,1994,1863,617,450,1327,1885,1961,337,1648
1700: 756,1974,190,1760,2004,1017,1987,1739,1076,1142,695,1994,1863,617,450,1885,1961
1701: 596,526,1848,1898
1702: 1717,1386,2010,67,615,223,1169,350,1476,727,1053
1703: 
1704: 1956,1506
1705: 1428,1969,1114,99,315,1600,286,1621,1715,1529,1381,1465,322,1154,447,527,1482,226,2008,1618
1706: 1904
1707: 554
1708: 1436,1944,1735,1111,812,2003
1709: 
1710: 
1711: 899,1453,1899,796,180