0: 674,2001,172,1238,142,39,900,629,312,316,921,560
1: 1115,1070,1938,1538,1326,2019,1583,870,1508,1074,1401,625,965,915,620,1867,835,987,671,64
1946: 1412,471
3: 132,90,626,1651,1818,1673,47
4: 
5: 1139,464,89,805,1427
6: 
7: 
8: 
9: 268,1997
1461: 1637
1617: 818
12: 
13: 
14: 1255,1671,810,2013,319,485,1644,1935,1772,1604,173,1052,298,56,1855,1630,669,2000,751,202,644,1257,844,1230,119,814,1629,1526,1569,133,1915,1555
15: 
2007: 1535,1011,257,972,466,331,1035,945,817,73,276,1334,1828,249,1886,1698,1552,1665,2006,1826,1687,1758,1150,58,808
1405: 1084,1279,1840
18: 621
1496: 
20: 101
21: 
1826: 1665,2006,1687,1758,1150,58,808,1535,1011,257,972,466,331,1035,945,2007,276,1334,249,1886,1698,1552
1487: 1046,1395,697,521,2009,1281,1170,1287,1647,1943,1976,1625,1645,1296
1611: 
25: 1550
26: 
1995: 1046,729,1395,697,2009,495,1287,1647,1943,1976,1278,1645,477,1638
1493: 345,359
29: 
1577: 84,1291,780,680,1277
1853: 846,1411
1994: 1283,1682,456,2004,1648,450,1076,1739,1961,1699,617
33: 1964,886
34: 690,1531
1689: 
36: 
37: 
38: 
39: 674,2001,172,1238,142,0,900,629,1563,1194,404,312,557,316,560
40: 1283,1682,190,456,2004,1648,450,337,1863,1292,176,756,1017,1076,1739,1961,1142,1327,695,1760,1699,1700
41: 502,1505,1460
42: 
43: 
44: 
45: 1048,91,1543,1626,737,1222,2016,287,117,1050,1250,293,66,1797,150,1261,107,1166
1412: 1946,471
47: 132,143,90,626,1651,1818,3
1465: 1910,1381,1621,305,1368,1715,1600,2008,99,315,401,1482,1271,527,447,1154,451,286,907,226,1322,1580,681,1969,1902,1193,263,847,1705,1428
1441: 
50: 1813
2017: 1119,511,1795,1023,2011,544,1718,109,1303,609,1620,261,291,1882,703,1632
52: 713,184,1601
53: 596
1426: 
55: 
56: 1671,810,2013,319,485,1644,1772,14,1604,173,298,1855,669,2000,751,644,844,1230,814,1629,1526,1569
57: 353
58: 1665,2006,1826,1758,1150,808,1535,257,972,466,331,2007,1334,249,1886,1698
59: 1904,517
1703: 565,1595
61: 
62: 
1688: 
64: 1,1115,1070,1382,1912,1538,1326,2019,1583,870,1508,1074,1401,625,965,915,1867,835,987,671
65: 465,1666,1749,1633,723,535,1485,1852,1071,2005,1838,522,828,638,1934,1572,532,1878,1999,1007,1095,1390
66: 561,1797,150,107,45,1048,1543,1626,737,1222,2016,287,117,1050,1250,293,1584
1832: 1639,692,1561
68: 
1898: 1479,1098
70: 1971,758,274,955
1896: 
1618: 1910,154,1951,1368,1229,1600,2008,1131,661,447,451,1266,226,322,1902
73: 1535,1011,257,972,466,331,1035,945,2007,817,1334,1828,249,1886,1698,1552,2006,1758,808
1728: 1982,1068,1305
1848: 526
2010: 1717,1509,1602,1702,615,1053,1736,1684,458,350,934,1734,1945,1476,446,1025,383,223,156,980,1386,856,1332,1101,727,792,633,296,1169
1634: 
1680: 996,970,1915,1352,195,882,1096,1483,474,1255,2013,1935,1052,298,1630,2000,844,119,1451,916,133
1737: 
1508: 1,1115,1326,2019,870,1401,965,620,1867,671,64
81: 554,1983,982
1981: 
83: 
84: 1291,780,1577,680,1277
1866: 
86: 1724,656,591,1165
1781: 221
88: 
89: 805,1679,5,464,1427
90: 143,1651,1818,3,47
91: 45,1048,1543,1626,1222,2016,287,117,1050,1250,293
92: 
93: 
94: 977
1743: 
96: 1664
97: 1103,707,1294,2014,1546,1383,207,1393,478,1167,1576,1099,850,1888,1146,1058,687
1683: 1306,565,1595
99: 1910,1381,154,1621,1465,1368,1229,1600,2008,315,1131,1482,1271,1529,527,661,447,1154,286,1266,226,322,1969,1902,1193,263
100: 385,707,2014,1546,1044,207,1167,1576,1888,1146,660,687,342,654
101: 20
102: 
103: 1880
104: 
1841: 1825
106: 1328,719
107: 66,561,1797,150,1261,1166,45,1543,737,1222,2016,287,1050
1623: 
109: 1119,511,1795,1023,2011,544,2017,1718,1303,609,1620,261,291,1882,1632
110: 
1589: 1755
112: 1635,1056,1650,1657
1614: 
114: 
1585: 839,1304
116: 
117: 45,1048,91,1543,1626,737,1222,2016,1050,1250,293,66,1584
118: 125,1208
119: 474,1255,1671,810,2013,319,485,1644,1935,1772,14,1604,173,1052,298,1855,1630,669,2000,751,202,644,1257,844,360,1230,814,1451,1629,916,1526,1569,133,1680,970,1915,1555,1352,195,882,1096,1483
1656: 
1821: 
122: 964,1437
123: 1241
1886: 1535,1011,257,972,466,331,1035,945,2007,817,73,276,1334,249,1698,1552,1665,2006,1826,1687,1758,1150,58,808
125: 118,1208
1693: 635,1922
1543: 45,1048,91,1626,737,1222,2016,287,117,1050,1250,293,66,561,1797,107,1584
128: 1000,1619
129: 546,1382,1912,1538,2019,1171,168,1401,848,965,1196,835,987
1867: 1,1115,1070,1382,1938,1912,1538,1326,2019,870,168,1508,1401,625,848,965,915,1196,620,835,987,671,64
131: 
132: 626,1818,3,1673,47
133: 474,1255,1671,810,2013,319,1935,1772,14,1052,298,1630,669,2000,202,644,844,119,814,1451,1629,916,1569,1680,996,970,1915,1555,1352,195,882,1096,1483
134: 1608
135: 
136: 
137: 
138: 
139: 
1856: 1716
141: 1948
142: 674,2001,172,1238,0,39,900,629,1563,1952,1194,404,312,557,316,560
143: 90,1651,47
144: 481
1481: 
146: 1649
147: 
148: 1640,1429
149: 
150: 66,561,1797,1261,107,1166,45,1048,737,1222,2016,287,1050,1250,1584
151: 
152: 
153: 
154: 1910,1381,1621,1951,1368,1229,1600,2008,99,315,1131,1271,527,447,286,1266,907,226,1618,322,1902,1193
155: 
156: 1717,1702,1053,1736,1684,458,350,934,2010,1734,1945,1476,446,1025,383,223,1386,1332,727,296
157: 1980
158: 
159: 
160: 
1704: 
1895: 1764,653,1107,1721,845
163: 
1529: 1381,1621,1229,1600,2008,99,315,1131,661,447,1266,226,322,1969,1902
165: 
1824: 1365,1293,712,1444
1813: 50
168: 546,1938,1912,1538,2019,1171,1401,848,965,1196,129,620,1867,835,987
169: 
170: 
1764: 1895,653,1107,845
172: 674,2001,1238,142,0,39,900,1563,1466,1194,312,557,316,921,560
173: 1671,810,2013,319,485,1644,1935,1772,14,1604,1052,298,56,1855,1630,669,2000,751,644,844,360,1230,119,814,1451,1629
174: 519,1564,830,310,1780,1763,592,323,2002,2003,1843,1558
175: 
176: 1682,190,2004,450,337,40,1863,1292,756,1017,1076,1739,1142,1327,695,1760,1987,1700
1787: 1677,1174,1009
178: 
179: 
180: 1302
181: 
1901: 1984,1288
183: 
184: 52,1601
1612: 
1702: 1717,1509,1602,1053,1736,1684,458,350,934,2010,1734,1945,1476,446,1025,383,223,156,980,1386,1332,1101,727,633,296,1169
187: 1213,542,790,958,1753,639,1149,1083,922,2018,1059,531
1932: 898,1944,2002,2003,1843,778,610,634,1558,437,1872,747,299,694,884,752,1548,1735,600,461,387,1436,857,309,519,1564,830,310,1780,1763,592,323,1887,1663,1163,1469
189: 
190: 1682,2004,450,337,40,1863,1292,176,756,1017,1142,1327,695,1700
1865: 494,297,339,1837,1380,1198,231,338,1754,2015,1209,777,547,1188,779,1839,670,1391,1022,1175,1173,255
2000: 474,1255,1671,810,2013,319,485,1644,1935,1772,14,1604,173,1052,298,56,1855,1630,669,751,202,644,1257,844,360,1230,119,814,1451,1629,916,1526,1569,133,1680,996,970,1915,1555,1352,195,882,1096,1483
193: 
194: 885
195: 1680,996,1915,1352,882,1096,1483,474,2013,1935,1052,298,1630,669,2000,119,1451,133
1601: 713,52,184
197: 
1619: 128,1000
1791: 
1621: 1910,1381,154,1465,1368,1229,1600,2008,99,315,1131,401,1482,1271,1529,527,661,447,1154,286,1266,226,1322,322,1969,1902,1193,263,847,1705
201: 
202: 1255,2013,319,1772,14,1604,298,1855,2000,751,644,1257,844,1230,119,814,1629,916,1526,1569,133,970,1915,1555,1352,882,1483
203: 1903
204: 320
205: 1845,755,317,2012,1854,262,1834
1657: 1635,1056,1650,112
207: 1103,707,1294,2014,1546,1044,1383,1393,478,550,1167,1576,1099,850,1888,1146,660,1058,97,687,342,654,100,385
2001: 674,172,1238,142,0,39,900,629,1563,1466,1952,1194,701,404,335,312,557,316,921,560
209: 
1580: 1381,305,1465,1715,2008,401,1482,1271,1154,1322,681,1193,263,847,1705
211: 585,1040,1808
212: 1450,493
213: 1316
2002: 898,1944,2003,1843,778,610,634,1558,437,1872,747,299,694,884,752,1548,1735,600,1771,461,1932,387,1436,1111,857,309,519,1564,174,830,310,1780,1763,592,323,1887,1663,1163,1120,1469
215: 
1592: 1066,1960
1944: 898,2002,2003,1843,778,610,634,1558,437,1872,747,299,694,884,752,1548,1735,600,1771,461,1932,387,1436,1111,857,309,519,1763,1663,1163,1120
1772: 474,1255,1671,810,2013,319,485,1644,1935,14,1604,173,1052,298,56,1855,1630,669,2000,751,202,644,844,360,1230,119,814,1451,1629,1526,1569,133,1915
219: 1371
1520: 
221: 1781
222: 491
223: 1717,1602,1702,615,1053,1684,458,350,934,2010,1945,1476,446,1025,156,980,1386,856,1332,1101
1827: 1328
1771: 1944,2002,2003,610,634,437,1872,299,694,752,1548,387,1436,1120
226: 1910,1381,154,1621,305,1465,1951,1368,1229,1600,2008,99,315,1131,401,1271,1529,527,661,447,451,286,1266,907,1618,322,1969,1902,1193
1984: 1901
228: 
1413: 
1980: 157
231: 494,297,339,1837,1380,1198,338,1754,2015,1209,777,547,1865,1188,779,1839,670,1391,1022,1175,1173
232: 
1724: 86,656,591,1165
234: 311,1157,460
235: 1909,612,1511,533
236: 
1877: 
1504: 307,1164,240
239: 
240: 307,1164,1504
241: 967
1639: 902,1832,692,1561
243: 642,903
244: 973
1756: 
246: 
247: 
1921: 
249: 1535,1011,257,972,466,331,2007,817,73,1334,1828,1886,1698,1665,2006,1826,1758,1150,58,808
1934: 1071,2005,1838,522,828,638,1572,1878,1999,1007,1095,465,65
251: 
252: 573,1398
1938: 1,1070,546,1382,1538,2019,1171,870,168,625,848,965,1196,620,1867,835,987
254: 1812,513,895
255: 670,1391,1022,1175,1173,1380,1198,338,1754,2015,547,1865,1188,779,1839
256: 
257: 1535,1011,972,466,331,1035,945,2007,817,73,276,1334,1828,249,1886,1698,2006,1826,58,808
1949: 1521,1192,735
259: 
260: 
261: 1119,511,1795,1023,2011,544,2017,1718,109,1303,609,1620,291,1882,703,1632
262: 1225,1845,755,317,284,2012,1854,1239,960,205,1834
263: 1910,1381,1621,1465,1715,1600,2008,99,315,1482,1271,527,1154,286,1322,1580,1969,1193,847,1705
264: 1551,1646
265: 1407,1769
266: 1346,783
1891: 363
268: 1825,1997,9
269: 
1880: 103
2019: 1,1115,1070,546,1382,1938,1912,1538,1326,1171,1583,870,168,1508,1074,1401,625,848,965,915,1196,129,620,1867,835,987,671,64
272: 
273: 
274: 1971,758,70,955
275: 1335,1806
276: 1011,257,972,1035,945,2007,1334,1886,1552,2006,1826,1687,1758,808
277: 
278: 
279: 
1918: 
1501: 
1606: 
283: 
284: 1225,1845,317,2012,1854,1239,960,262,1834
1632: 1882,703,1119,1795,2011,2017,1718,109,1303,1620,261,291
286: 1910,1381,154,1621,305,1465,1951,1368,1715,1600,2008,99,315,1131,1271,527,447,1266,907,226,1322,681,1193,263,847,1705
287: 45,1048,91,1543,1626,1222,2016,1050,1250,293,66,1797,150,1261,107,1166
288: 1936
1935: 474,1671,2013,319,485,1644,1772,14,173,1052,298,1855,1630,669,2000,751,844,360,119,1451,1629,916,133,1680,1915,1352,195
1629: 474,1255,1671,810,2013,319,485,1644,1935,1772,14,1604,173,1052,298,56,1855,1630,669,2000,751,202,644,1257,844,360,1230,119,814,1451,916,1526,1569,133,970,1915,1555,1352,882,1483
291: 1119,511,1795,1023,2011,544,2017,1718,109,1303,609,1620,261,1882,703,1632
292: 767,876
293: 45,1048,91,1543,1626,737,1222,2016,287,117,1050,1250,66,1584
1910: 1381,154,1621,305,1465,1951,1368,1229,1715,1600,2008,99,315,1131,401,1271,527,661,447,1154,451,286,1266,907,226,1322,1618,681,322,1969,1902,1193,263,847,1705
1652: 412
296: 1169,633,1509,1702,1053,2010,1734,1476,446,1025,383,156,1332,727
297: 494,339,1837,1198,231,338,2015,1209,777,547,1865,1188,779,670,1391,1175,1173
298: 474,1255,1671,810,2013,319,485,1644,1935,1772,14,1604,173,1052,56,1855,1630,669,2000,751,202,644,844,360,1230,119,814,1451,1629,916,1526,1569,133,1680,1915,1352,195,882
299: 898,1944,2002,2003,1843,610,634,1558,437,1872,747,694,884,752,1548,1735,600,1771,461,1932,387,1436,1111,1663
300: 
1469: 898,2002,2003,778,747,1735,461,1932,857,309,519,310,1763,592,323,1887,1663,1163
302: 
303: 686,1804,1384
304: 388
305: 1910,1381,1465,1951,1368,1715,1600,2008,1131,401,1271,661,1154,451,286,907,226,1580,681,1902,1193,847,1705,1428
1635: 1056,1650,112,1657
307: 1164,1504,240
1527: 767,1587,876,1097,862
309: 898,1944,2002,2003,1843,778,610,634,437,747,694,752,1735,600,461,1932,857,519,1564,310,1763,592,323,1887,1663,1163,1469
310: 519,1564,174,830,1780,1763,592,323,898,2002,2003,1843,634,1558,1872,747,884,1735,600,461,1932,387,309,1887,1663,1469
311: 234,1157,460
312: 1563,1466,1952,1194,701,404,335,557,316,921,560,674,2001,172,1238,142,0,39,900,629
1990: 
314: 
315: 1910,1381,154,1621,1465,1368,1229,1600,2008,99,1131,401,1482,1271,1529,527,447,1154,286,1266,907,226,1322,1969,1902,1193,263,847,1705
316: 1563,1466,1952,1194,701,404,335,312,557,921,560,674,2001,172,1238,142,0,39,900,629
317: 1225,1845,284,2012,1854,1239,960,262,205,1834
318: 
319: 1255,1671,810,2013,485,1644,1935,1772,14,1604,173,1052,298,56,1855,1630,669,2000,751,202,644,1257,844,1230,119,814,1451,1629,1526,1569,133,1915,1555
320: 204
1482: 1381,1621,1465,2008,99,315,527,1154,1322,1580,1969,1193,263,1705
322: 1910,154,1621,1368,1229,1600,2008,99,1131,1529,661,447,451,1266,226,1618,1969,1902
323: 519,1564,174,830,310,1780,1763,592,898,2002,2003,1843,778,610,437,747,694,1735,461,1932,857,309,1469
1732: 1574,1030
325: 791,1125,1579
326: 
1625: 1046,729,1395,697,521,2009,495,1281,1170,1287,1647,1487,1943,1976,1645,1296
328: 
329: 
1751: 
331: 1535,1011,257,972,466,2007,817,73,1334,1828,249,1886,1698,1665,2006,1826,1150,58,808
1825: 1841,268
333: 
1733: 712
335: 1563,1466,1952,1194,701,404,312,557,316,921,560,674,2001,1238,629
1862: 
337: 1283,1682,190,456,2004,1648,450,40,1863,1292,176,756,1017,1076,1739,1961,1142,1327,695,1760,1699,1987,617,1885,1700
338: 494,297,339,1837,1380,1198,231,1754,2015,1209,777,547,1865,1188,779,1839,1391,1022,1175,1173,255
339: 494,297,1837,1380,1198,231,338,2015,1209,777,547,1865,1188,779,1173
340: 782,598,641,1958,422
1454: 1061
342: 707,1294,2014,1546,1044,207,1393,478,550,1576,1099,1888,1146,660,1058,687,654,100,385
343: 
344: 
345: 359,1493
346: 
347: 1361,920,1256
1609: 
1726: 858,1259,1323
350: 1717,1509,1602,1702,615,1053,1736,1684,458,934,2010,1734,1945,1476,446,1025,383,223,156,980,1386,856,1332,1101,727,792,633
351: 
352: 1081,1181
353: 57
354: 
355: 
1735: 898,1944,2002,2003,1843,778,610,634,1558,1872,747,299,884,752,600,461,1932,387,857,309,519,1564,830,310,1780,1763,592,323,1887,1663,1163,1469
1584: 66,561,150,1048,1543,1626,737,2016,117,1050,1250,293
1468: 
359: 345,1493
360: 474,1671,2013,485,1644,1935,1772,173,1052,298,1855,669,2000,751,844,1230,119,1451,1629,916
361: 
1974: 
363: 1891
1854: 1225,1845,755,317,284,2012,1239,960,262,205,1834
1398: 573,252
366: 
1860: 
368: 
369: 
1755: 1589
1631: 
1796: 1706,475
373: 580,509
1531: 1272,690,34
1439: 
1524: 
377: 
378: 
379: 1812,513,895,1402
1828: 1535,1011,257,972,331,1035,2007,817,73,1334,249,2006
1964: 33,886
382: 
383: 1509,1702,1053,1736,1684,458,350,934,2010,1734,1945,1476,446,156,980,1332,1101,727,296,1169
1602: 1717,1509,1702,615,1053,1684,458,350,2010,1734,1945,1476,446,1025,223,980,1386,856,1332,1101,727,792,633,1169
385: 100,707,2014,1546,1383,207,1393,860,1167,1888,1146,342,654
386: 
387: 898,1944,2002,2003,1843,778,610,634,1558,437,1872,747,299,694,884,752,1548,1735,600,1771,461,1932,1436,1111,857,519,310,1780,1763,1663
388: 304
389: 1127
390: 
391: 
1836: 440
393: 1290,1823,775
1423: 1344
395: 891,1181
396: 
397: 589,1965
1845: 1225,317,284,2012,1854,1239,960,262,205,1834
399: 759
400: 
401: 1910,1381,1621,305,1465,1368,1715,1600,2008,315,1131,1271,661,1154,451,907,226,1580,681,1969,1902,1193,847,1705,1428
1519: 529
403: 
404: 1563,1466,1952,1194,701,335,312,557,316,921,560,2001,1238,142,39,629
1579: 791,1125,325,997
406: 457,623
1677: 1787
1700: 1699,1987,617,1885,1283,1682,190,2004,450,337,40,1292,176,1017,1076,1739,1961,1142,1327,695,1760
1712: 
410: 1557,1335,815,908
1969: 1910,1381,1621,1465,1229,1600,2008,99,315,1131,401,1482,1271,1529,661,447,1154,451,226,322,1902,1193,263,847
412: 1652
1654: 1586
414: 
415: 1725,496
416: 
417: 
1526: 1255,810,2013,319,1772,14,1604,298,56,1855,2000,751,202,644,1257,844,1230,119,814,1629,916,1569,970,1915,1555
419: 651
420: 
1840: 1084,1279,1405
422: 598,340,641,1958
1992: 908
424: 
1649: 146
426: 
427: 1108
1581: 
1988: 1298,590
430: 
1705: 1910,1381,1621,305,1465,1368,1715,1600,2008,315,401,1482,1271,527,1154,286,907,1322,1580,681,1193,263,847,1428
432: 
1642: 
1551: 264,1646
1547: 
436: 
437: 898,1944,2002,2003,1843,778,610,634,1872,747,299,694,752,1548,1771,461,1932,387,1436,857,309,323,1163,1120
438: 
439: 788,1659
440: 1836
441: 1775,1518
1644: 474,1671,2013,319,485,1935,1772,14,1604,173,1052,298,56,1855,669,2000,751,844,360,1230,119,1451,1629
1839: 494,1837,1380,1198,231,338,1754,2015,547,1865,1188,779,1391,1022,1175,1173,255
444: 
1878: 1071,2005,1838,522,828,638,1934,1572,532,1999,1007,1095,465,1666,65,723,535,1485,1390
446: 1717,1509,1602,1702,1053,1736,1684,458,350,2010,1734,1945,1476,1025,383,223,156,1386,1332,727,633,296,1169
447: 1910,1381,154,1621,1465,1368,1229,1600,2008,99,315,1131,1271,1529,527,661,286,1266,907,226,1322,1618,322,1969,1902,1193
1730: 
449: 
450: 1283,1682,190,456,2004,1648,337,40,1863,1292,1994,176,1017,1076,1739,1961,1142,1327,1760,1699,617,1700
451: 1910,1381,305,1465,1951,1368,1600,2008,1131,401,1271,661,907,226,1618,322,1969,1902,847,1428
1834: 1225,1845,755,317,284,2012,1854,1239,960,262,205
1966: 1462
454: 
455: 
456: 1283,1682,2004,1648,450,337,40,1863,1292,1994,1076,1739,1961,1142
457: 623,406,831
458: 1717,1509,1602,1702,1053,1736,1684,350,934,2010,1945,1476,446,1025,383,223,156,980,1386,856,1332,1101,727
459: 
460: 1157,311,234
461: 898,1944,2002,2003,1843,778,610,634,1558,437,1872,747,299,694,884,752,1548,1735,600,1932,387,857,309,519,310,1763,592,323,1887,1663,1163,1120,1469
462: 1963
1665: 2006,1826,1758,1150,58,1535,972,466,331,2007,1334,249,1886,1698
464: 1139,5,89,805
465: 1666,65,1749,723,535,1485,1071,2005,1838,522,638,1934,1572,532,1878,1999,1095,1390
466: 1535,1011,257,972,331,1035,2007,817,73,1334,249,1886,1698,1665,2006,1826,1758,1150,58,808
1428: 305,1465,1951,1368,1715,1600,2008,1131,401,1271,451,907,681,847,1705
1748: 
469: 1248,1515,696
1676: 
471: 1412,1946
1452: 992
1630: 1255,1671,810,2013,319,485,1935,1772,14,173,1052,298,669,2000,644,844,119,814,1451,1629,1569,133,1680,996,1915,1555,1352,195,882,1096,1483
474: 1255,1671,2013,1644,1935,1772,1052,298,1855,2000,751,844,360,1230,119,1451,1629,916,133,1680,970,1915,1352,195,882,1483
475: 1706,1796
1837: 494,297,339,1198,231,338,1754,2015,777,547,1865,779,1839,1391,1022
477: 729,697,2009,495,1170,1287,1647,1943,1995,1278,1638
478: 1103,707,1294,2014,1546,1044,1383,207,1393,550,1576,1099,850,1888,1146,660,1058,97,687,342,654
479: 1087
1763: 519,1564,174,830,310,1780,592,323,898,1944,2002,2003,1843,778,610,634,1558,1872,747,694,884,752,1735,600,461,1932,387,857,309,1887,1663,1163,1469
481: 144
1801: 
1885: 1699,1987,617,1700,1283,2004,337,1076,1739,1760
1942: 
485: 1671,810,2013,319,1644,1935,1772,14,173,298,56,1855,1630,669,2000,751,644,844,360,119,814,1451,1629
486: 1369
1664: 96,1528
488: 
489: 
1857: 
491: 222
492: 
493: 1450,212
494: 297,339,1837,1380,1198,231,338,1754,2015,1209,777,547,1865,1188,779,1839,1391,1022
495: 1046,729,1395,697,2009,1281,1170,1287,1647,1943,1976,1995,1625,1278,1645,477,1638
496: 1725,415
1761: 
498: 1329
499: 
1400: 
501: 
502: 1505,1460,41
1948: 141
1574: 1732,1030
1999: 2005,522,638,1934,1572,532,1878,1007,1095,465,1666,65,723,535,1485,1390
506: 
507: 1006
508: 
509: 373,580
510: 
511: 1119,1023,2011,544,2017,1718,109,1303,609,1620,261,291,1882,703
512: 1883
513: 1812,379,895,254,1402
1409: 
515: 
1699: 1987,617,1885,1700,1283,1682,2004,450,337,40,1994,1076,1739,1961,1327,1760
517: 1904,59
1505: 502,1460,41
519: 1564,174,830,310,1780,1763,592,323,898,1944,2002,2003,1843,778,610,1558,1872,747,694,884,1735,600,461,1932,387,857,309,1887,1663,1469
520: 
521: 1046,1395,697,2009,1170,1487,1976,1625,1296
522: 1852,1071,2005,1838,828,638,1934,1572,532,1878,1999,1007,1095,465,65,1485
523: 
524: 
1831: 
526: 1848
527: 1910,1381,154,1621,1465,1368,1715,1600,2008,99,315,1482,1271,447,1154,286,226,1322,1193,263,1705
1855: 474,1671,810,2013,319,485,1644,1935,1772,14,1604,173,298,56,669,2000,751,202,844,360,1230,119,814,1629,1526
529: 1519
1809: 
531: 639,1149,1083,922,825,2018,1059,790,958,187,1753
532: 1852,1071,2005,1838,522,828,638,1572,1878,1999,465,1666,65,1749,1633,723,1485
533: 1909,612,235,1511
534: 
535: 465,1666,65,1749,723,1071,2005,1838,828,1572,1878,1999,1007,1095,1390
536: 
1420: 
538: 
539: 1566,606
540: 
541: 1105
542: 597,1213,1431,790,958,187,1753,639,1083,2018,1059
543: 
544: 1119,511,1795,1023,2011,2017,1718,109,1303,609,1620,261,291
545: 
546: 1382,1938,1912,1538,2019,1171,1583,870,168,1401,848,1196,129,835,987
547: 494,297,339,1837,1380,1198,231,338,1754,2015,777,1865,1188,779,1839,670,1391,1022,1175,1173,255
548: 1284,714
549: 1233
550: 1294,2014,1044,207,478,1576,1099,850,660,1058,687,342
551: 
552: 991
1812: 513,379,895,254
554: 81,1983,982
555: 1184
556: 
557: 1563,1466,1194,701,404,335,312,316,921,560,674,2001,172,1238,142,39,900
1906: 1201,1844,657
1991: 
560: 1563,1952,1194,701,404,335,312,557,316,921,674,2001,172,1238,142,0,39,900,629
561: 66,1797,150,107,1543,737,2016,1050,1250,1584
2006: 1665,1826,1687,1758,1150,58,808,1535,1011,257,972,466,331,1035,945,2007,817,73,276,1334,1828,249,1886,1698,1552
563: 
1600: 1910,1381,154,1621,305,1465,1951,1368,1229,1715,2008,99,315,1131,401,1271,1529,527,661,447,1154,451,286,1266,907,226,1322,1618,681,322,1969,1902,1193,263,847,1705,1428
565: 1306,1683,1595,1703
1673: 132,626,1818,3
567: 
1557: 410,1335,815
569: 
570: 1719,1889,838
571: 
572: 
573: 252,1398
574: 
575: 
1586: 1654
1904: 59,517
578: 
579: 
580: 373,509
581: 
582: 
1744: 
584: 
585: 211,1808
1760: 1283,1682,2004,450,337,40,1292,176,1076,1739,1961,1327,1699,1987,617,1885,1700
587: 
1968: 
589: 397,1965,1448
590: 1298,1988
591: 86,1724,656,1165
592: 519,1564,174,830,310,1780,1763,323,898,2002,2003,1843,778,1558,1872,747,1735,600,461,1932,857,309,1887,1663,1163,1469
593: 
1962: 
1766: 1636,1089
596: 53
597: 1213,1431,542,790,958,1753,825,2018,1059
598: 782,340,641,1958,422
1515: 1248,696,469
600: 898,1944,2002,2003,1843,634,1558,1872,747,299,884,752,1735,461,1932,387,857,309,519,310,1780,1763,592,1887,1663,1163
1653: 
602: 
603: 
604: 
605: 
606: 539,919
1670: 
1747: 
609: 511,1795,1023,2011,544,2017,1718,109,1303,1620,261,291
610: 898,1944,2002,2003,1843,778,634,437,1872,747,299,694,884,752,1548,1735,1771,461,1932,387,1436,857,309,519,1763,323,1163,1120
611: 
612: 1909,235,1511,533
1800: 
614: 
615: 1717,1602,1053,350,2010,1734,1025,223,980,856,1101,792
1479: 1898,1098
617: 1699,1987,1885,1700,1283,1682,2004,450,337,1994,1076,1739,1961,1760
618: 
619: 943
620: 1,1115,1938,1538,1326,2019,870,168,1508,1401,848,965,1196,1867,835,987
621: 18,1806
622: 1517
623: 457,406,831
1594: 
625: 1,1070,1382,1938,1538,2019,1171,1583,870,1074,915,1867,835,987,64
626: 132,1818,3,1673,47
1722: 
628: 
629: 674,2001,1238,142,0,39,900,1563,1952,404,335,312,316,560
630: 1110
1471: 
1708: 
633: 792,1509,1602,1702,1053,350,2010,1734,1945,1476,446,1025,1332,1101,727,296,1169
634: 898,1944,2002,2003,1843,610,1558,437,1872,747,299,884,752,1548,1735,600,1771,461,1932,387,1436,857,309,310,1763,1887,1663,1163,1120
635: 1693,1922
636: 
1509: 1602,1702,1053,1736,1684,458,350,2010,1734,1945,1476,446,1025,383,980,856,1332,1101,727,792,633,296,1169
638: 1852,1071,2005,1838,522,828,1934,1572,532,1878,1999,1095,465,1666,65,1633,723,1485
639: 1149,1083,922,2018,1059,531,542,790,958,187,1753
640: 
641: 782,598,340,1958,422
642: 243,903
1522: 827
644: 1255,1671,810,2013,319,485,1772,14,1604,173,298,56,1630,669,2000,202,1257,844,119,814,1629,1526,1569,133,1915,1555,1096,1483
1806: 275,621
646: 
647: 950
1603: 
649: 
1745: 
651: 419
652: 1506
653: 1764,1895,1107,845
654: 1103,707,2014,1546,1044,1383,207,1393,860,478,1167,1576,1099,1888,1146,1058,687,342,100,385
655: 
656: 86,1724,591,1165
657: 1906,1844
658: 
659: 961
660: 1294,2014,1546,1044,207,478,550,1576,1058,687,342,100
661: 1910,1381,1621,305,1368,1229,1600,2008,99,1131,401,1271,1529,447,451,1266,907,226,1618,322,1969,1902
662: 745
663: 
664: 
665: 
666: 
1595: 1306,1683,565,1703
668: 
669: 1671,810,2013,319,485,1644,1935,1772,14,173,1052,298,56,1855,1630,2000,644,844,360,119,814,1451,1629,1569,133,1915,195,1096
670: 1391,1022,1175,1173,255,297,1198,231,2015,547,1865,1188,779
671: 1,1115,1070,1538,1326,2019,870,1508,1074,1401,965,915,1867,64
1472: 
1687: 2006,1826,1758,1150,808,1011,1035,945,2007,276,1334,1886,1698,1552
674: 2001,172,1238,142,0,39,900,629,1563,701,335,312,557,316,921,560
1672: 
676: 
1882: 703,1632,1119,511,2011,2017,1718,109,1303,261,291
1663: 1887,1163,1120,898,1944,2002,2003,634,1558,1872,747,299,752,1735,600,461,1932,387,857,309,519,310,1763,592,1469
1477: 
680: 84,1291,780,1577,1277
681: 1910,1381,305,1465,1951,1368,1715,1600,2008,401,1271,286,907,1322,1580,1193,847,1705,1428
1810: 1216
683: 
1983: 554,81,982
1711: 
686: 303,1804,1384
687: 1103,707,1294,2014,1546,1044,1383,207,1393,478,550,1576,1099,850,1888,1146,660,1058,97,342,654,100
1643: 
689: 
690: 34,1531
1965: 397,589,1448
692: 902,1832,1639,1561
1993: 
694: 898,1944,2002,2003,1843,778,610,1558,437,1872,747,299,884,752,1548,1771,461,1932,387,1436,1111,857,309,519,1564,1780,1763,323
695: 190,2004,337,40,176,1017,1327,1987,1700
696: 1248,1515,469
697: 1046,729,1395,521,2009,495,1281,1170,1287,1647,1487,1943,1976,1995,1625,1278,1645,477,1296,1638
698: 
699: 
1916: 
701: 1563,1466,1194,404,335,312,557,316,921,560,674,2001,1238
702: 1844
703: 1882,1632,1119,511,2011,2017,1718,1303,261,291
1883: 512
1971: 758,274,70,955
706: 
707: 1103,1294,2014,1546,1044,1383,207,1393,860,478,1167,1576,1099,850,1888,1146,1058,97,687,342,654,100,385
1982: 1068,1728
709: 
1490: 
1590: 
712: 1365,1824,1293,1733
713: 52,1601,924
714: 1284,548
715: 1155
1489: 1158
1566: 539
1662: 
719: 1328,106
720: 
721: 1027
1567: 1003
723: 465,1666,65,1749,1633,535,1485,1852,1071,2005,1838,638,1572,532,1878,1999
1758: 1665,2006,1826,1687,1150,58,808,1011,972,466,1035,945,2007,73,276,1334,249,1886,1698,1552
1775: 441,1518
1550: 25
727: 1717,1509,1602,1702,1053,1736,1684,458,350,2010,1734,1945,1476,446,1025,383,156,1386,1332,633,296,1169
728: 
729: 1046,1395,697,2009,495,1170,1287,1647,1943,1976,1995,1625,1278,477,1638
730: 1055
731: 
732: 
733: 1453,1005
1977: 
735: 1521,1192,1949
736: 
737: 45,1048,1543,1626,2016,117,1050,1250,293,66,561,1797,150,107,1584
1997: 268,9
739: 
1552: 1011,972,1035,945,2007,73,276,1334,1886,1698,2006,1826,1687,1758,808
1912: 1115,1070,546,1382,1538,2019,1171,1583,870,168,1074,1401,965,1196,129,1867,835,987,64
742: 
1710: 745
744: 1364
745: 1710,662
1911: 
747: 898,1944,2002,2003,1843,778,610,634,1558,437,1872,299,694,884,752,1548,1735,600,461,1932,387,1436,1111,857,309,519,1564,830,310,1780,1763,592,323,1887,1663,1163,1469
1637: 1461
1817: 
750: 
751: 474,1255,1671,2013,319,485,1644,1935,1772,14,1604,173,1052,298,56,1855,2000,202,844,360,1230,119,1629,916,1526
752: 898,1944,2002,2003,778,610,634,437,1872,747,299,694,1548,1735,600,1771,461,1932,387,1436,857,309,1763,1887,1663,1163,1120
753: 1245
1928: 
755: 1225,2012,1854,262,205,1834
756: 1682,190,2004,1648,337,40,1863,1292,176,1017,1076,1961,1142
757: 
758: 1971,274,70,955
759: 399
760: 
761: 
1838: 1852,1071,2005,522,828,638,1934,1572,532,1878,1007,1095,465,65,1633,723,535,1485
763: 
1753: 597,1213,1431,542,790,958,187,639,1149,1083,825,2018,1059,531
765: 
766: 
767: 292,1587,1527,876,1097,862
1453: 733,1005
2004: 1283,1682,190,456,1648,450,337,40,1863,1292,1994,176,756,1017,1076,1739,1961,1142,1327,695,1760,1699,1987,617,1885,1700
770: 
771: 
1401: 1,1115,1070,546,1382,1912,1538,1326,2019,1583,870,168,1508,1074,965,915,1196,129,620,1867,835,987,671,64
1954: 951
1622: 
775: 393,1290,1823
776: 
777: 494,297,339,1837,1198,231,338,2015,1209,547,1865,779
778: 898,1944,2002,2003,1843,610,437,747,694,884,752,1548,1735,461,1932,387,1436,857,309,519,1564,1780,1763,592,323,1163,1469
779: 494,297,339,1837,1380,1198,231,338,1754,2015,1209,777,547,1865,1188,1839,670,1391,1022,1175,1173,255
780: 84,1291,1577,680,1277
781: 
782: 598,340,641,1958
783: 1346,266
1863: 1682,190,456,2004,1648,450,337,40,1292,176,756,1017,1076,1739,1961,1142,1327
785: 1366
1903: 203
787: 
788: 1156,1659,439
1588: 
790: 597,1213,1431,542,958,187,1753,639,1149,1083,825,2018,1059,531
791: 1125,1579,325
792: 633,1509,1602,615,1053,350,2010,1734,1025,1332,1101
1429: 148,1640
1889: 1719,570
795: 
796: 
1696: 
798: 
799: 
1553: 888
1626: 45,1048,91,1543,737,1222,2016,287,117,1050,1250,293,66,1797,1584
2012: 1225,1845,755,317,284,1854,1239,960,262,205,1834
1900: 
1779: 
805: 89,1679,5,464,1427
806: 
807: 
808: 2006,1826,1687,1758,1150,58,1535,1011,257,972,466,331,1035,945,2007,73,276,1334,249,1886,1698,1552
809: 
810: 1255,1671,2013,319,485,1772,14,1604,173,298,56,1855,1630,669,2000,644,1257,844,119,814,1629,1526,1569,133,1915
1768: 
1494: 1220,1914
1893: 
814: 1255,1671,810,2013,319,485,1772,14,1604,173,1052,298,56,1855,1630,669,2000,202,644,1257,844,1230,119,1629,916,1526,1569,133,970,1915,1555,1352,882,1096,1483
815: 1557,410,1335
816: 
817: 1535,1011,257,972,466,331,1035,2007,73,1334,1828,249,1886,1698,2006
818: 1617
1499: 
1823: 393,775
2011: 1119,511,1795,1023,544,2017,1718,109,1303,609,1620,261,291,1882,703,1632
822: 
1518: 1775,441
824: 
825: 1149,1083,922,2018,1059,531,597,1213,1431,790,958,1753
1640: 148,1429
827: 1522
828: 1852,1071,2005,1838,522,638,1934,1572,532,1878,1007,1095,65,535
829: 
830: 519,1564,174,310,1780,1763,592,323,2002,2003,1843,1558,747,1735,1932
831: 457,623
1399: 
1754: 494,1837,1380,231,338,2015,547,1865,779,1839,1391,1022,1175,1173,255
834: 1539
835: 1,1115,1070,546,1382,1938,1912,1538,2019,1171,870,168,1074,1401,625,848,965,1196,129,620,1867,987,64
836: 1339
837: 
838: 1719,570
839: 1585,1304
1466: 1563,1194,701,404,335,312,557,316,921,2001,172,1238
841: 
1427: 1290,5,89,805,1679
1887: 1663,1163,898,2002,2003,634,747,752,1735,600,461,1932,857,309,519,310,1763,592,1469
844: 474,1255,1671,810,2013,319,485,1644,1935,1772,14,1604,173,1052,298,56,1855,1630,669,2000,751,202,644,360,1230,119,814,1451,1629,916,1526,1569,133,1680,970,1915,1555,1352,882,1483
845: 1764,1895,653,1107,1721
846: 1853,1411
847: 1910,1381,1621,305,1465,1368,1715,1600,2008,315,401,1271,1154,451,286,907,1322,1580,681,1969,1193,263,1705,1428
848: 1115,546,1938,1538,2019,1171,870,168,965,1196,129,620,1867,835,987
849: 
850: 1103,707,1294,2014,1546,1044,1383,207,1393,478,550,1167,1576,1099,1146,97,687
851: 
1407: 1769,265
853: 
1431: 597,1213,542,790,958,1753,825,2018,1059
855: 
856: 1717,1509,1602,615,1053,1684,458,350,934,2010,1945,223,980,1101
857: 898,1944,2002,2003,1843,778,610,634,437,747,694,752,1735,600,461,1932,387,309,519,1763,592,323,1887,1663,1163,1120,1469
858: 1726,1259,1323
859: 
860: 1103,707,2014,1546,1383,1393,1167,1099,1888,654,385
861: 
862: 767,1587,1527,876,1097
1718: 1119,511,1795,1023,2011,544,2017,109,1303,609,1620,261,291,1882,703,1632
1596: 
1978: 1118
1784: 
867: 
1485: 465,1666,65,1749,1633,723,1852,1071,2005,1838,522,638,1572,532,1878,1999
869: 
870: 1,1115,1070,546,1382,1938,1912,1538,1326,2019,1583,1508,1074,1401,625,848,965,915,1196,620,1867,835,987,671,64
871: 
872: 937
2009: 1046,729,1395,697,521,495,1281,1170,1287,1647,1487,1943,1976,1995,1625,1278,1645,477,1296,1638
874: 
1572: 1852,1071,2005,1838,522,828,638,1934,532,1878,1999,1007,1095,465,1666,65,1749,1633,723,535,1485,1390
876: 292,767,1587,1527,1097,862
1723: 
878: 
1620: 1119,511,1795,1023,2011,544,2017,1718,109,1303,609,261,291,1632
880: 
1610: 1297
882: 1680,996,970,1915,1555,1352,195,1096,1483,474,1255,2013,1052,298,1630,2000,202,1257,844,1230,119,814,1629,916,133
883: 
884: 898,1944,2002,2003,1843,778,610,634,1558,1872,747,299,694,1548,1735,600,461,1932,387,1436,1111,519,1564,310,1780,1763
885: 194
886: 33,1964
887: 
888: 1553
1996: 
1852: 1071,2005,1838,522,828,638,1572,532,65,1633,723,1485
891: 395,1181
1871: 
893: 
1411: 846,1853
895: 1812,513,379,254,1402
1958: 782,598,340,641,422
897: 
898: 1944,2002,2003,1843,778,610,634,1558,437,1872,747,299,694,884,752,1548,1735,600,461,1932,387,857,309,519,1564,310,1780,1763,592,323,1887,1663,1163,1120,1469
899: 
900: 674,2001,172,1238,142,0,39,629,1563,1194,312,557,316,921,560
901: 
902: 1639,692,1561
903: 642,243
904: 
905: 
1473: 
907: 1910,1381,154,305,1465,1951,1368,1715,1600,2008,315,1131,401,1271,661,447,451,286,226,1322,681,1902,1193,847,1705,1428
908: 410,1992
1915: 1680,996,970,1555,1352,195,882,1096,1483,474,1255,810,2013,319,1935,1772,14,1604,1052,298,1630,669,2000,202,644,1257,844,1230,119,814,1451,1629,916,1526,1569,133
910: 
911: 
1972: 
913: 
914: 
915: 1,1115,1070,1382,1538,1326,2019,1583,870,1074,1401,625,1867,671,64
916: 474,1255,2013,1935,1604,1052,298,2000,751,202,1257,844,360,1230,119,814,1629,1526,133,1680,970,1915,1555,1352,882,1483
917: 
1511: 1909,612,235,533
919: 606
920: 347,1256
921: 1563,1466,1194,701,404,335,312,557,316,560,674,2001,172,1238,0,900
922: 639,1149,1083,825,2018,1059,531,958,187
1450: 212,493
924: 713
1495: 
1716: 1856
927: 
1902: 1910,1381,154,1621,305,1465,1368,1229,1600,2008,99,315,1131,401,1271,1529,661,447,1154,451,1266,907,226,1618,322,1969,1193
1899: 
930: 
931: 
1650: 1635,1056,112,1657
933: 
934: 1717,1702,1736,1684,458,350,2010,1945,1476,383,223,156,980,1386,856
935: 
936: 
937: 872
1790: 
939: 
940: 
1847: 
942: 
943: 619
944: 
945: 1011,257,972,1035,2007,73,276,1334,1886,1698,1552,2006,1826,1687,1758,808
1402: 513,379,895
1573: 
1492: 
1555: 996,970,1915,1352,882,1096,1483,1255,2013,319,14,1630,2000,202,644,1257,844,119,814,1629,916,1526,1569,133
950: 647
951: 1954
952: 1336
1884: 1320,1252,1685
1953: 
955: 1971,758,274,70
1541: 
957: 
958: 597,1213,1431,542,790,187,1753,639,1149,1083,922,825,2018,1059,531
1523: 
960: 1225,1845,317,284,2012,1854,1239,262,1834
961: 659
1945: 1717,1509,1602,1702,1053,1736,1684,458,350,934,2010,1734,1476,446,1025,383,223,156,980,856,1332,1101,727,633,1169
1638: 1046,729,1395,697,2009,495,1170,1287,1647,1943,1995,1278,477
964: 122,1437
965: 1,1115,1070,1938,1912,1538,1326,2019,870,168,1508,1074,1401,848,1196,129,620,1867,835,987,671,64
966: 
967: 241
968: 
969: 
970: 1680,996,1915,1555,1352,882,1096,1483,474,1255,2013,1052,2000,202,1257,844,1230,119,814,1629,916,1526,133
971: 
972: 1535,1011,257,466,331,1035,945,2007,817,73,276,1334,1828,249,1886,1698,1552,1665,2006,1826,1758,58,808
973: 244
974: 
1933: 
1950: 
977: 94,1957
1404: 
1451: 474,1671,2013,319,485,1644,1935,1772,173,1052,298,1630,669,2000,844,360,119,1629,133,1680,1915,1352,195,1096,1483
980: 1717,1509,1602,1702,615,1053,1684,458,350,934,2010,1945,1476,1025,383,223,1386,856,1332,1101
1846: 
982: 554,81,1983
1583: 1,1070,546,1382,1912,1538,2019,870,1074,1401,625,915,987,64
984: 
985: 
986: 
987: 1,1115,1070,546,1382,1938,1912,1538,2019,1171,1583,870,168,1074,1401,625,848,965,1196,129,620,1867,835,64
1681: 
1905: 
990: 
991: 552
992: 1452
993: 
994: 
995: 
996: 1680,970,1915,1555,1352,195,882,1096,1483,2013,1052,1630,2000,133
997: 1125,1579
998: 
1460: 502,1505,41
1000: 128,1619
1571: 
1002: 
1003: 1567
1686: 
1005: 1453,733
1006: 507
1007: 1095,2005,1838,522,828,1934,1572,1878,1999,65,535,1390
1008: 
1009: 1787,1174
1749: 465,1666,65,1633,723,535,1485,1071,2005,1572,532
1011: 1535,257,972,466,331,1035,945,2007,817,73,276,1334,1828,249,1886,1698,1552,2006,1826,1687,1758,808
1636: 1089,1766
1647: 1046,729,1395,697,2009,495,1281,1170,1287,1487,1943,1976,1995,1625,1278,1645,477,1638
1685: 1320,1884,1252
1767: 
1740: 1375
1017: 1682,190,2004,1648,450,337,40,1863,1292,176,756,1076,1961,1142,1327,695,1700
1459: 
1793: 
1587: 767,1527,876,1097,862
1987: 1699,617,1885,1700,1283,2004,337,176,1076,1739,1327,695,1760
1022: 670,1391,1175,1173,255,494,1837,1380,1198,231,338,1754,2015,547,1865,1188,779,1839
1023: 1119,511,1795,2011,544,2017,1718,109,1303,609,1620,261,291
1682: 1283,190,456,2004,1648,450,337,40,1863,1292,1994,176,756,1017,1076,1739,1961,1142,1327,1760,1699,617,1700
1025: 1717,1509,1602,1702,615,1053,1684,458,350,2010,1734,1945,1476,446,223,156,980,1386,1332,1101,727,792,633,296
1026: 
1027: 721
1931: 
1029: 
1030: 1574,1732
1715: 1910,1381,305,1465,1951,1368,1600,2008,401,1271,527,286,907,1322,1580,681,1193,263,847,1705,1428
1604: 1255,810,2013,319,1644,1772,14,173,298,56,1855,2000,751,202,644,1257,844,1230,119,814,1629,916,1526,1569,1915
1033: 
1034: 
1035: 1535,1011,257,972,466,945,2007,817,73,276,1334,1828,1886,1698,1552,2006,1826,1687,1758,808
1036: 
1037: 
1561: 902,1832,1639,692
1436: 1944,2002,2003,1843,778,610,634,1558,437,1872,747,299,694,884,752,1548,1771,1932,387,1111
1040: 211
1041: 
1957: 977
2016: 45,1048,91,1543,1626,737,1222,287,117,1050,1250,293,66,561,1797,150,1261,107,1166,1584
1044: 707,1294,2014,1546,1383,207,478,550,1576,850,1146,660,1058,687,342,654,100
1970: 
1046: 729,1395,697,521,2009,495,1281,1170,1287,1647,1487,1943,1976,1995,1625,1645,1296,1638
1047: 
1048: 45,91,1543,1626,737,1222,2016,287,117,1050,1250,293,66,1797,150,1584
1049: 1421
1050: 45,1048,91,1543,1626,737,1222,2016,287,117,1250,293,66,561,1797,150,1261,107,1166,1584
1051: 1079
1052: 474,1255,1671,2013,319,1644,1935,1772,14,173,298,1630,669,2000,751,844,360,1230,119,814,1451,1629,916,133,1680,996,970,1915,1352,195,882,1096,1483
1053: 1717,1509,1602,1702,615,1736,1684,458,350,2010,1734,1945,1476,446,1025,383,223,156,980,1386,856,1332,1101,727,792,633,296,1169
1054: 
1055: 730
1056: 1635,1650,112,1657
1582: 
1058: 1103,707,1294,2014,1546,1044,207,478,550,1576,1099,1888,660,97,687,342,654
1059: 639,1149,1083,922,825,2018,531,597,1213,1431,542,790,958,187,1753
1060: 
1061: 1454
1975: 
1063: 
1925: 
1065: 
1066: 1592,1960
1067: 
1068: 1982,1728,1305
1963: 462
1070: 1,1115,1382,1938,1912,1538,1326,2019,1583,870,1074,1401,625,965,915,1867,835,987,671,64
1071: 1852,2005,1838,522,828,638,1934,1572,532,1878,465,1666,65,1749,1633,723,535,1485
1072: 
1725: 415,496
1074: 1,1115,1070,1382,1912,1538,2019,1583,870,1401,625,965,915,835,987,671,64
2018: 639,1149,1083,922,825,1059,531,597,1213,1431,542,790,958,187,1753
1076: 1283,1682,456,2004,1648,450,337,40,1863,1994,176,756,1017,1739,1961,1142,1760,1699,1987,617,1885,1700
1077: 1244
1802: 
1079: 1051
1080: 
1081: 352
1690: 1094
1083: 639,1149,922,825,2018,1059,531,1213,542,790,958,187,1753
1084: 1279,1405,1840
1517: 622
1528: 1664
1087: 479
1521: 735,1949
1089: 1636,1766
1090: 
1091: 
1092: 
1795: 1119,1023,2011,544,2017,1718,109,1303,609,1620,261,291,1632
1094: 1690
1095: 1007,2005,1838,522,828,638,1934,1572,1878,1999,465,1666,65,535,1390
1096: 1680,996,970,1915,1555,1352,195,882,1483,1255,2013,1052,1630,669,2000,644,119,814,1451,133
1097: 767,1587,1527,876,862
1098: 1479,1898
1099: 1103,707,1294,2014,1546,1383,207,1393,860,478,550,1576,850,1888,1146,1058,97,687,342,654
1961: 1283,1682,456,2004,1648,450,337,40,1863,1292,1994,756,1017,1076,1739,1142,1760,1699,617,1700
1101: 1717,1509,1602,1702,615,1053,1684,458,350,2010,1734,1945,1476,1025,383,223,980,856,1332,792,633
1514: 1210
1103: 707,2014,1546,1383,207,1393,860,478,1167,1099,850,1888,1146,1058,97,687,654
1104: 
1105: 541
1106: 
1107: 1764,1895,653,845
1108: 427
1109: 
1110: 630
1111: 1944,2002,2003,1843,1558,1872,747,299,694,884,1548,387,1436
1739: 1283,1682,456,2004,1648,450,337,40,1863,1292,1994,176,1076,1961,1142,1327,1760,1699,1987,617,1885,1700
1113: 
1538: 1,1115,1070,546,1382,1938,1912,2019,1171,1583,870,168,1074,1401,625,848,965,915,1196,129,620,1867,835,987,671,64
1115: 1,1070,1912,1538,1326,2019,870,1508,1074,1401,848,965,915,620,1867,835,987,671,64
1876: 1201,1844
1564: 519,174,830,310,1780,1763,592,323,898,2002,2003,1843,778,1558,747,694,884,1735,1932,309
1118: 1978
1119: 511,1795,1023,2011,544,2017,1718,109,1303,1620,261,291,1882,703,1632
1120: 1663,1163,898,1944,2002,2003,610,634,437,752,1548,1771,461,857
1421: 1049
1122: 
1123: 
1897: 
1125: 791,1579,325,997
1126: 
1127: 389
1919: 
1951: 1910,154,305,1368,1715,1600,2008,1131,1271,451,286,907,226,1618,681,1428
1130: 
1131: 1910,154,1621,305,1951,1368,1229,1600,2008,99,315,401,1271,1529,661,447,451,286,1266,907,226,1618,322,1969,1902,1428
1607: 
1133: 
1976: 1046,729,1395,697,521,2009,495,1281,1170,1287,1647,1487,1943,1995,1625,1645,1296
2015: 494,297,339,1837,1380,1198,231,338,1754,1209,777,547,1865,1188,779,1839,670,1391,1022,1175,1173,255
1646: 1551,264
1137: 
1476: 1717,1509,1602,1702,1053,1736,1684,458,350,934,2010,1734,1945,446,1025,383,223,156,980,1386,1332,1101,727,633,296,1169
1139: 5,464
1140: 
1141: 
1142: 1283,1682,190,456,2004,1648,450,337,40,1863,1292,176,756,1017,1076,1739,1961,1327,1700
1444: 1365,1824,1293
1780: 519,1564,174,830,310,1763,592,323,898,2002,2003,1843,778,1558,1872,747,694,884,1735,600,1932,387
1437: 964,122
1146: 1103,707,1294,2014,1546,1044,1383,207,1393,478,1167,1576,1099,850,1888,97,687,342,654,100,385
1147: 
1717: 1602,1702,615,1053,1736,1684,458,350,934,2010,1734,1945,1476,446,1025,223,156,980,1386,856,1332,1101,727
1149: 639,1083,922,825,2018,1059,531,790,958,187,1753
1150: 1665,2006,1826,1687,1758,58,808,466,331,2007,1334,249,1886,1698
1151: 
1844: 1876,1201,702,1906,657
1659: 1156,788,439
1154: 1910,1381,1621,305,1465,1600,2008,99,315,401,1482,1271,527,1322,1580,1969,1902,1193,263,847,1705
1155: 715
1156: 788,1659
1157: 460,311,234
1158: 1489,1794
1159: 1319
1160: 
1161: 
2005: 1852,1071,1838,522,828,638,1934,1572,532,1878,1999,1007,1095,465,1666,65,1749,1633,723,535,1485,1390
1163: 1887,1663,1120,898,1944,2002,2003,778,610,634,437,747,752,1735,600,461,1932,857,309,1763,592,1469
1164: 307,1504,240
1165: 86,1724,656,591
1166: 1797,150,1261,107,45,1222,2016,287,1050
1167: 1103,707,2014,1546,1383,207,1393,860,850,1888,1146,97,654,100,385
1168: 
1169: 296,633,1509,1602,1702,1053,2010,1734,1945,1476,446,383,1332,727
1170: 1046,729,1395,697,521,2009,495,1281,1287,1647,1487,1943,1976,1625,1645,477,1296,1638
1171: 546,1382,1938,1912,1538,2019,168,625,848,1196,129,835,987
1698: 1535,1011,257,972,466,331,1035,945,2007,817,73,1334,249,1886,1552,1665,2006,1826,1687,1758,1150,58,808
1173: 670,1391,1022,1175,255,297,339,1380,1198,231,338,1754,2015,1209,547,1865,1188,779,1839
1174: 1787,1009
1175: 670,1391,1022,1173,255,297,1198,231,338,1754,2015,547,1865,1188,779,1839
1872: 898,1944,2002,2003,1843,610,634,1558,437,747,299,694,884,752,1548,1735,600,1771,461,1932,387,1436,1111,519,310,1780,1763,592,1663
1177: 
1178: 
1943: 1046,729,1395,697,2009,495,1281,1170,1287,1647,1487,1976,1995,1625,1278,1645,477,1296,1638
1546: 1103,707,1294,2014,1044,1383,207,1393,860,478,1167,1576,1099,850,1888,1146,660,1058,97,687,342,654,100,385
1181: 352,891,395
1182: 
1183: 
1184: 555
1185: 
1719: 1889,570,838
1187: 
1188: 494,297,339,1380,1198,231,338,2015,1209,547,1865,779,1839,670,1022,1175,1173,255
1727: 
1190: 
1798: 
1192: 735,1949
1193: 1910,1381,154,1621,305,1465,1368,1229,1715,1600,2008,99,315,401,1482,1271,527,447,1154,286,1266,907,226,1322,1580,681,1969,1902,263,847,1705
1194: 1563,1466,701,404,335,312,557,316,921,560,2001,172,1238,142,39,900
1195: 
1196: 546,1382,1938,1912,1538,2019,1171,870,168,1401,848,965,129,620,1867,835,987
1197: 
1198: 494,297,339,1837,1380,231,338,2015,1209,777,547,1865,1188,779,1839,670,1391,1022,1175,1173,255
1199: 
1200: 
1201: 1876,1906,1844
1202: 
1203: 
1204: 
1734: 1717,1509,1602,1702,615,1053,1684,350,2010,1945,1476,446,1025,383,156,1386,1332,1101,727,792,633,296,1169
1842: 
1544: 
1208: 118,125
1209: 494,297,339,1380,1198,231,338,2015,777,1865,1188,779,1173
1210: 1514
1794: 1158
1769: 1407,265
1213: 597,1431,542,790,958,187,1753,1083,825,2018,1059
1952: 1563,404,335,312,316,560,2001,142,629
1804: 686,303,1384
1216: 1810
1217: 
1218: 
1558: 898,1944,2002,2003,1843,634,1872,747,299,694,884,1548,1735,600,461,1932,387,1436,1111,519,1564,174,830,310,1780,1763,592,1663
1220: 1914,1494
1221: 
1222: 45,1048,91,1543,1626,2016,287,117,1050,1250,293,66,1797,150,1261,107,1166
1516: 
1478: 1312
1225: 1845,755,317,284,2012,1854,1239,960,262,1834
1679: 89,805,1427,1290
1227: 1830
2013: 474,1255,1671,810,319,485,1644,1935,1772,14,1604,173,1052,298,56,1855,1630,669,2000,751,202,644,1257,844,360,1230,119,814,1451,1629,916,1526,1569,133,1680,996,970,1915,1555,1352,195,882,1096,1483
1229: 1910,1381,154,1621,1368,1600,2008,99,315,1131,1271,1529,661,447,1266,226,1618,322,1969,1902,1193
1230: 474,1255,2013,319,1644,1772,14,1604,173,1052,298,56,1855,2000,751,202,1257,844,360,119,814,1629,916,1526,1569,970,1915,882
1462: 1966
1721: 1895,845
1233: 549
1234: 
1914: 1220,1494
1868: 
1237: 
1238: 674,2001,172,142,0,39,900,629,1563,1466,1194,701,404,335,312,557,316,921,560
1239: 1225,1845,317,284,2012,1854,960,262,1834
1936: 288,1253
1241: 123
1242: 
1633: 1666,65,1749,723,1485,1852,1071,2005,1838,638,1572,532
1244: 1077
1245: 753
1246: 
1608: 134
1248: 1515,696,469
1249: 
1250: 45,1048,91,1543,1626,737,1222,2016,287,117,1050,293,66,561,1797,150,1584
1251: 
1252: 1320,1884,1685
1253: 1936
1254: 1774
1255: 474,810,2013,319,1772,14,1604,1052,298,1630,2000,751,202,644,1257,844,1230,119,814,1629,916,1526,1569,133,1680,970,1915,1555,1352,882,1096,1483
1256: 347,920
1257: 1255,810,2013,319,14,1604,2000,202,644,1230,119,814,1629,916,1526,1569,970,1915,1555,882,1483
1666: 465,65,1749,1633,723,535,1485,1071,2005,638,1572,532,1878,1999,1095,1390
1259: 1726,858,1323
1533: 
1261: 1797,150,107,1166,45,1222,2016,287,1050
1890: 
1658: 
1960: 1592,1066
1797: 66,561,150,1261,107,1166,45,1048,1543,1626,737,1222,2016,287,1050,1250
1266: 1910,154,1621,1368,1229,1600,2008,99,315,1131,1529,661,447,286,226,1618,322,1902,1193
1267: 1691
1628: 1276
1269: 
1563: 1466,1952,1194,701,404,335,312,557,316,921,560,674,2001,172,1238,142,39,900,629
1271: 1910,1381,154,1621,305,1465,1951,1368,1229,1715,1600,2008,99,315,1131,401,527,661,447,1154,451,286,907,226,1322,1580,681,1969,1902,1193,263,847,1705,1428
1272: 1531
1684: 1717,1509,1602,1702,1053,1736,458,350,934,2010,1734,1945,1476,446,1025,383,223,156,980,1386,856,1332,1101,727
1671: 474,810,2013,319,485,1644,1935,1772,14,173,1052,298,56,1855,1630,669,2000,751,644,844,360,119,814,1451,1629,133
1818: 132,90,626,1651,3,1673,47
1276: 1628
1277: 84,1291,780,1577,680
1278: 729,1395,697,2009,495,1287,1647,1943,1995,1645,477,1638
1279: 1084,1405,1840
1448: 589,1965
1281: 1046,697,2009,495,1170,1287,1647,1487,1943,1976,1625,1645,1296
1506: 652
1283: 1682,456,2004,1648,450,337,40,1292,1994,1076,1739,1961,1142,1327,1760,1699,1987,617,1885,1700
1284: 548,714
1488: 
1440: 
1287: 1046,729,1395,697,2009,495,1281,1170,1647,1487,1943,1976,1995,1625,1278,1645,477,1638
1288: 1901
1289: 
1290: 393,1427,775,1679
1291: 84,780,1577,680,1277
1292: 1283,1682,190,456,2004,1648,450,337,40,1863,176,756,1017,1739,1961,1142,1327,1760,1700
1293: 1365,1824,712,1444
1294: 707,2014,1546,1044,1383,207,478,550,1576,1099,850,1146,660,1058,97,687,342
1888: 1103,707,2014,1546,1383,207,1393,860,478,1167,1099,1146,1058,97,687,342,654,100,385
1296: 1046,1395,697,521,2009,1281,1170,1487,1943,1976,1625,1645
1297: 1610
1298: 1988,590
1299: 
1300: 
1881: 
1302: 180
1303: 1119,511,1795,1023,2011,544,2017,1718,109,609,1620,261,291,1882,703,1632
1304: 1585,839
1305: 1068,1728
1306: 1683,565,1595
1307: 
1830: 1227
1309: 
1310: 
1311: 
1312: 1478
1313: 
1569: 1255,810,2013,319,1772,14,1604,298,56,1630,669,2000,202,644,1257,844,1230,119,814,1629,1526,133,1915,1555
1315: 
1316: 213
1317: 
1651: 143,90,1818,3,47
1319: 1159
1320: 1884,1252,1685
1808: 585,211
1322: 1910,1381,1621,1465,1368,1715,1600,2008,315,1482,1271,527,447,1154,286,907,1580,681,1193,263,847,1705
1323: 1726,858,1259
1324: 
1539: 834
1326: 1,1115,1070,2019,870,1508,1401,965,915,620,1867,671,64
1327: 1283,1682,190,2004,450,337,40,1863,1292,176,1017,1739,1142,695,1760,1699,1987,1700
1328: 719,106,1827
1329: 498
1330: 1377
1331: 
1332: 1717,1509,1602,1702,1053,1736,1684,458,350,2010,1734,1945,1476,446,1025,383,223,156,980,1386,1101,727,792,633,296,1169
1736: 1717,1509,1702,1053,1684,458,350,934,2010,1945,1476,446,383,156,1386,1332,727
1334: 1535,1011,257,972,466,331,1035,945,2007,817,73,276,1828,249,1886,1698,1552,1665,2006,1826,1687,1758,1150,58,808
1335: 1557,410,815,275
1336: 952
1483: 1680,996,970,1915,1555,1352,195,882,1096,474,1255,2013,1052,1630,2000,202,644,1257,844,119,814,1451,1629,916,133
1338: 
1339: 836
1340: 
2003: 898,1944,2002,1843,778,610,634,1558,437,1872,747,299,694,884,752,1548,1735,600,1771,461,1932,387,1436,1111,857,309,519,1564,174,830,310,1780,1763,592,323,1887,1663,1163,1120,1469
1576: 707,1294,2014,1546,1044,207,478,550,1099,850,1146,660,1058,97,687,342,654,100
1691: 1267
1344: 1423
1345: 
1346: 783,266
1909: 612,235,1511,533
1348: 
1349: 
1350: 
1351: 
1352: 1680,996,970,1915,1555,195,882,1096,1483,474,1255,2013,1935,1052,298,1630,2000,202,844,119,814,1451,1629,916,133
1353: 
1535: 1011,257,972,466,331,1035,2007,817,73,1334,1828,249,1886,1698,1665,2006,1826,58,808
1843: 898,1944,2002,2003,778,610,634,1558,437,1872,747,299,694,884,1548,1735,600,461,1932,387,1436,1111,857,309,519,1564,174,830,310,1780,1763,592,323
1356: 
1548: 898,1944,2002,2003,1843,778,610,634,1558,437,1872,747,299,694,884,752,1771,461,1932,387,1436,1111,1120
1513: 
1359: 
1648: 1283,1682,456,2004,450,337,40,1863,1292,1994,756,1017,1076,1739,1961,1142
1361: 347
1706: 475,1796,1366
1645: 1046,1395,697,2009,495,1281,1170,1287,1647,1487,1943,1976,1995,1625,1278,1296
1364: 744
1365: 1824,1293,712,1444
1366: 785,1706
1367: 
1368: 1910,1381,154,1621,305,1465,1951,1229,1715,1600,2008,99,315,1131,401,1271,527,661,447,451,286,1266,907,226,1322,1618,681,322,1902,1193,847,1705,1428
1369: 486
1774: 1254
1371: 219
1372: 
1783: 
1575: 
1375: 1740
1773: 
1377: 1330
1378: 
1379: 
1380: 494,339,1198,231,338,1754,2015,1209,547,1865,1188,779,1839,1022,1173,255
1381: 1910,154,1621,305,1465,1368,1229,1715,1600,2008,99,315,401,1482,1271,1529,527,661,447,1154,451,286,907,226,1322,1580,681,1969,1902,1193,263,847,1705
1382: 1070,546,1938,1912,1538,2019,1171,1583,870,1074,1401,625,915,1196,129,1867,835,987,64
1383: 1103,707,1294,2014,1546,1044,207,1393,860,478,1167,1099,850,1888,1146,97,687,654,385
1384: 686,303,1804
1385: 
1386: 1717,1602,1702,1053,1736,1684,458,350,934,2010,1734,1476,446,1025,223,156,980,1332,727
2008: 1910,1381,154,1621,305,1465,1951,1368,1229,1715,1600,99,315,1131,401,1482,1271,1529,527,661,447,1154,451,286,1266,907,226,1322,1618,1580,681,322,1969,1902,1193,263,847,1705,1428
2014: 1103,707,1294,1546,1044,1383,207,1393,860,478,550,1167,1576,1099,850,1888,1146,660,1058,97,687,342,654,100,385
1785: 
1390: 2005,1572,1878,1999,1007,1095,465,1666,65,535
1391: 670,1022,1175,1173,255,494,297,1837,1198,231,338,1754,2015,547,1865,779,1839
1392: 
1393: 1103,707,2014,1546,1383,207,860,478,1167,1099,850,1888,1146,97,687,342,654,385
1731: 
1395: 1046,729,697,521,2009,495,1170,1287,1647,1487,1943,1976,1995,1625,1278,1645,1296,1638
1922: 1693,635