0: 701,921,39,404,1952,1238,316,674,1466,1194,2001,172,557,335,629
1: 1070,987,1508,168,403,444,1583,546,2019,1401,129,848,625,1326,1938,64,1171
1946: 
3: 
4: 
5: 469
6: 
7: 479
8: 1305
9: 1977,1706
10: 
1617: 
12: 1975,1340
13: 277,1280,1201
14: 1604
15: 523,618,1966,854
2007: 1011,1698,1758,945,73,972,1828,466,1886,1552,1150,1687,1535,2006,1665,1039,249,257
17: 
18: 
19: 
20: 
21: 904
1826: 
23: 329
1611: 259,1734,950,1883
25: 969,1677,593
26: 1505
1995: 1287,1638,1943,729,1102,1647,2009,1296,1278,697,1145,1281,1625,1170,1487,1645,477,495
28: 
29: 
1577: 1490
1853: 1981,1519
1994: 695,1648,1987,2004,337,1076,1739,1961,1699,450,1700,190
33: 1245
34: 
1689: 886,1118,1034,149
36: 
37: 
38: 
39: 921,404,1952,0,701,1238,674,1466,1194,2001
40: 695,1648,1987,2004,1327,1682,1076,1739,1885,1142,1760,450,617,1863,1017,1292,456,1700,756,190
41: 
42: 
43: 222,1320,1499,807,757
44: 
45: 1626,91,1222,737,1048,117,1191,287,1797,1250,150,2016,561,1543,66,1261
1989: 1719,1302
47: 1553,1571
1692: 
49: 
50: 1631,1481,441
2017: 609,511,1908,1119,2011,1023,1882,261,1718,1795,1303,544,109,1620,291,1632
52: 1130,1423,1809,336,1711,1592,103,605
53: 1848,1639
54: 
55: 
56: 1680,1671,1096,2000,298,1255,202,197,119,1821,1526,1569,173,669,1855,195,916,360,1644,810,970,2013,882,996,844,1352,1630,644,1772,1935
57: 
58: 808
59: 1787,1954,215,1298,1479,1185
1703: 1595
61: 
62: 869,612
1688: 861,1901,908,379
64: 1070,987,1508,168,403,444,1382,1583,546,2019,1074,1401,915,1,129,848,625,1938,1171
65: 1390,1633,1749,1379,2005,1838,532,723,522,1071,1852,535,1666,1007,465,1999,1095,1572,1934
66: 1191,287,107,1797,150,1584,2016,1543,1261,1626,91,1222,737,45,1048,117
67: 296,615,1717,1053,1702,2010,1509,1602,1386,727
68: 1353,1704,1518
1898: 
70: 
1896: 
1618: 2008,315,1529,1951,226,1322,661,1465,1266,1381,681,1969,1428,1705,305,322,1580,401,1482
73: 1011,1698,2007,945,972,1828,466,1886,1552,1150,1535,2006,1665,1039,249,257
1728: 936,377
1848: 53,1639
2010: 350,1101,1053,1702,1476,792,856,1509,1332,934,458,223,1169,156,1602,1386,727,296,615,67,1717
1634: 
1680: 56,1096,2000,1255,202,197,119,1915,814,1569,173,669,1855,195,916,360,810,970,474,2013,996,844,1352,1630,644,1772,1483,1935,1052,1230,1257,133
1737: 
1986: 
81: 
1981: 1853,1519
83: 
84: 
1866: 1770,676,160
86: 
87: 806,1309
88: 
89: 
90: 496,653,132
91: 1626,1222,737,45,1048,117,1191,287,1797,1250,150,1584,2016,561,1543,66,1261
92: 1516
93: 1307,1202,1324
94: 
1743: 
96: 
97: 385,687,1576,860,1888,478,1058,2014,342,850,654,100
1683: 
99: 2008,907,315,1621,1951,226,1368,1322,661,1465,263,1266,1381,681,527,1705,305,1902,401,1229
100: 97,385,860,478,1058,2014,1099,342,1167,1103,1393,1546,707
101: 811,1438,268,824,1825
102: 971,1984,395
103: 1592,605,1130,1423,841,52,1809,336,1711
104: 
1841: 
106: 
107: 1191,287,1797,1250,150,1584,2016,561,1543,66,1261
1623: 213,1420,1818,1473
109: 609,2017,511,1908,1119,2011,1023,1882,261,1718,1795,1303,544,291,1632
110: 
1589: 
112: 1182,1356
1614: 1635
114: 
1585: 1197,1313
116: 
117: 1626,91,1222,737,45,1048,1191,287,1797,150,1584,2016,1543,66,1261
118: 
119: 1680,56,1096,2000,298,1255,202,197,1526,1915,814,173,669,1855,195,916,360,810,970,474,2013,996,844,1352,1630,644,1772,1483,1052,1230,1257
120: 
1821: 1671,56,2000,298,202,197,1526,173,669,1855,916,810,970,2013,882,996,844,1451,1352,1555,1483,1935,751
122: 
123: 
1886: 1011,1698,2007,1758,945,73,972,1828,466,1552,1150,1687,1535,2006,1665,1039,249,257
125: 1609
1693: 
127: 
128: 1619
129: 1070,987,1508,168,403,444,1912,1531,1538,1583,546,2019,1074,1401,915,1,625,1326,64,1171
1867: 
131: 
132: 496,653,90
133: 751,1680,2000,197,1915,814,669,1855,916,810,970,474,2013,844,1451,1352,644,1555,1772,1483,1935,1052,1230,1257
134: 1047
135: 790,1431,2018,639,1213,1083,542,922,187,1059,597,1149,1849,1753,958,1674
136: 782,340,664,1681
137: 275,1608
138: 
139: 369
140: 
141: 
142: 1238,312,316,900,674,1466,921,404,701,1194,2001,172,557
143: 
144: 
145: 1590,1657,1905
146: 
147: 580,1344,180,1461
148: 
149: 1689,886,1118,1034
150: 1191,287,107,1797,1584,2016,561,1543,66,1261,1626,91,1222,45,1048,117
151: 
152: 1402
153: 
154: 1482,286,1715,447,1114,1229,2008,907,1529,1951,1465,681,1705,322,401,1271
155: 
156: 350,1101,1053,1702,1476,792,2010,856,1509,1332,934,458,223,1169,1386
157: 548
158: 446,1691
159: 1349,1159,1936,1606
160: 1866,1770
1704: 1353,68
1895: 
163: 
1605: 
165: 
1824: 1365
167: 
168: 1070,987,1508,403,444,1912,1382,1531,2019,1074,915,1,129,1938,64,1171
169: 
170: 1008,1755
1764: 328
172: 1194,2001,557,335,629,404,0,701,1238,312,142,316,900,1466
173: 1680,1671,56,1096,2000,298,202,197,119,1821,1526,1569,669,195,916,1644,810,970,2013,882,996,844,1352,1630,1772,1935
174: 1558,2002,1564,778,461,1436,1763,830,1887,857,323,752,1120,1729,1771,1780,1548,1163,1843,1469,437
175: 852
176: 
1787: 59,1298
178: 1827
179: 1679,775
180: 1461,147,580,1344
181: 1246,1231,1586,1988
1901: 1688,861,908,379
183: 
184: 
1612: 1889,1105,994,1830
1702: 1101,1053,1476,2010,856,1509,1332,934,223,1169,156,1602,1386,727,296,615,67,1717
187: 790,1431,2018,639,1083,1059,597,1149,1849,1753,135,958,1674
1932: 1111,694,1663,898,610,2003,1735,634,884
189: 
190: 695,1648,1987,2004,1327,1682,337,1076,1739,1961,1994,1699,1142,1760,450,40,617,1863,1017,1292,456,1700,756
1865: 779,1391,547,339,1754,338,2015,1380,1173,1209,1022,494,670,1175,255
2000: 1680,1671,56,1096,298,1255,202,197,119,1821,1526,1915,814,1569,173,669,1855,195,916,360,1644,810,970,474,2013,882,996,844,1451,1352,1630,644,1555,1772,1483,1935,1052,1230,1257,751,133
193: 
194: 
195: 1680,56,1096,2000,298,1255,202,119,1526,814,173,669,916,360,810,970,2013,996,1352,1630,644,1772
1601: 1037,412
197: 1680,1671,56,1096,2000,298,202,119,1821,1526,1915,814,1569,173,669,1855,916,360,810,970,474,2013,882,996,844,1451,1352,644,1555,1772,1483,1935,1052,1230,1257,751,133
1619: 128
1791: 1631,554,1481,441
1621: 2008,315,1529,1951,226,1368,1322,661,1600,263,1381,527,1969,99,1902,1114,1229
201: 982,1259,1566
202: 1680,1671,56,1096,2000,298,1255,197,119,1821,1526,173,669,1855,195,916,360,810,970,474,2013,996,844,1352,1630,644,1483
203: 
204: 
205: 1225,1239,755,866,2012,262
1657: 1590,145,1905
207: 1888,478,1058,2014,1099,342,550,1383,1167,850,654,687,1576,707
2001: 1194,172,557,335,560,629,921,39,404,1952,0,701,1238,312,142,316,900,674,1466
209: 728,1506
1580: 2008,315,1529,1951,226,1322,661,1618,1465,1266,1381,681,1428,1705,305,322,401,1271,1482,447,1114
211: 1392,1060
212: 903
213: 1420,1623,1818,1473
1789: 
215: 1298,1479,1185,59,1954
1592: 103,1130,1423,841,52,1809,336,1711
1944: 592,2002,1564,519,778,323,1729,387,1771,1780,1548,1163,1843
1772: 1680,1671,56,2000,298,197,119,1526,814,1569,173,669,195,916,1644,810,970,2013,882,844,1352,644,1555,1935,1230,1257,751,133
219: 
220: 
221: 
222: 1320,43,1499,807
223: 350,1101,1053,1702,792,2010,856,1509,1332,934,1169,156,1602,1386
1827: 178
1771: 1780,1548,1163,1843,1469,2002,1564,519,778,461,1763,830,1887,323,174,752,1120,1729,387,592,1944
226: 2008,315,1621,1529,1951,1368,1322,661,1600,1618,1465,263,1266,1381,681,527,1969,1705,305,99,1902,1580
1984: 971,102,395
228: 831,924
229: 
1980: 355,543
231: 
232: 
233: 
234: 
235: 
236: 1289,766
1877: 
238: 1199
239: 
240: 
241: 1862,1488,1221
1639: 1848,53
243: 1154,847
244: 961,1802,1267,980
1756: 
246: 
247: 1696
1921: 1970,1372
249: 1698,2007,1758,945,73,972,1828,466,1886,1552,1150,1687,1535,2006,1039
1934: 492,828,1379,65,2005,1838,522,1071,1852,535,1666,1007,1999,1095
251: 703
252: 1049,1786
1938: 1070,987,1508,168,403,1382,2019,1074,1,64,1171
254: 
255: 779,1391,547,339,1865,338,2015,1380,1173,1198,670,1175
256: 952,894,1962
257: 1011,1698,2007,73,972,466,1886,1552,1535,2006,1665,1039
1923: 
259: 1611,950,1883
260: 834
261: 609,2017,511,1908,1119,2011,1023,1882,1718,1795,544,109,291,1632
262: 1225,205,1239,1100,755,866,2012,1834,317,960,1854
263: 2008,315,1621,1951,226,1368,1322,661,1600,1381,527,1969,99,1902
264: 
265: 1319
266: 
1891: 
268: 811,101,1438,824,1825
269: 
1880: 728
271: 
272: 1544
273: 986,1234
274: 590,1774,1089
275: 1608,137
276: 331,363
277: 1280,1201,13
278: 
279: 1005,733,414,822,658
1918: 
1568: 
1606: 1304,1349,159
283: 
284: 317,960,1854,1225,1239,1100,2012,1834
1632: 291,1620,609,2017,511,1908,1119,2011,1882,261,1795,1303,544,109
286: 1482,1715,154,447,1114,1229,2008,907,1951,1465,681,1705,401,1271
287: 1191,107,1797,1250,150,1584,2016,561,1543,66,1261,1626,91,1222,45,1048,117
288: 1407
289: 
290: 
291: 1632,1620,609,2017,511,1908,1119,2011,1882,261,1718,1795,1303,544,109
292: 
293: 
1910: 1131,493
1652: 
296: 615,67,1717,1101,1053,1702,1476,2010,856,1509,1332,934,1169,1602,1386,727
297: 
298: 1671,56,2000,202,197,119,1821,1526,1569,173,195,916,1644,810,970,2013,882,996,844,1352,1630,1555,1772,1935
299: 812,600,884,694,1663,2003,634
300: 
301: 
302: 
303: 914
304: 347
305: 2008,315,1529,1951,226,1322,661,1618,1465,1266,1381,681,1969,1428,1705,99,1902,322,1580
1635: 1614
307: 
308: 
309: 1558,2002,1564,310,519,778,747,1436,1763,830,323,752,1120,1729,387,1163,592
310: 1558,2002,1564,747,1436,1763,830,323,309,1120
311: 992,1426
312: 1238,142,316,900,1466,2001,172,557
1990: 1026,1033
314: 623,1192
315: 2008,1621,1529,1951,226,1368,1322,661,1600,1618,1465,263,1266,1381,681,527,1969,1705,305,99,1902,1580,401,1114,1229
316: 1238,312,142,900,674,1466,921,404,0,701,1194,2001,172,557
317: 284,960,1854,1239,755,2012,262
318: 
319: 
320: 1958,706,1054
321: 
322: 2008,1529,661,1618,1465,1266,681,1428,1705,305,1580,401,1271,1482,154,447
323: 1558,2002,1564,310,519,778,1436,1763,830,309,174,752,1120,387,1771,1780,1548,1163,592,1944
1732: 1156
325: 
326: 1775
327: 
328: 1764,1516
329: 23
1751: 
331: 363,276
1825: 811,101,268,824
333: 
1733: 
335: 1194,2001,172,557,560,629,0,701,1238,900,674,1466
336: 1130,1423,841,52,1809,1711,1592,103,605
337: 695,1648,1987,2004,1076,1739,1961,1994,1699,1142,450,1700,756,190
338: 779,1391,547,339,1865,1754,2015,1380,1173,1209,1198,1022,494,670,1175,255
339: 779,1391,547,1865,1754,338,2015,1380,1173,1209,1198,1022,670,1175,255
340: 782,136,664,1681
341: 
342: 1888,478,1058,2014,207,1099,550,1383,1167,850,654,97,385,687,1576,860,100,707
343: 1975,1622,1340
344: 891,944
345: 1636
346: 
347: 304
1609: 125
1726: 
350: 1053,792,2010,856,1332,934,458,223,1169,156
351: 
352: 700
353: 
354: 581,486
355: 1980,543
1735: 1932,898,610,2003,884
1584: 1191,287,107,1797,1250,150,2016,561,1543,66,1261,91,1222,1048,117
358: 
359: 
360: 1680,56,1096,2000,1255,202,197,119,669,1855,195,916,810,970,474,2013,996,844,1352,1630,644,1483
361: 
1974: 
363: 331,276
1854: 317,284,960,1225,1239,1100,755,2012,1834,262
1667: 
366: 
1860: 855
368: 1477
369: 139
1755: 1008,170
1631: 50,554,1481,441,1791
1796: 
373: 1889,1105
374: 
375: 
376: 
377: 936,1728
378: 
379: 908,1688,861,1901
1828: 1011,1698,2007,1758,945,73,972,1886,1552,1535,2006,1039,249
1964: 680
382: 1513,1911,422
383: 1115,620
1602: 1053,1702,2010,856,1509,1332,934,223,1169,1386,727,296,615,67,1717
385: 97,687,1576,860,1888,478,1058,2014,342,1167,100
386: 
387: 2002,1564,519,778,747,1763,830,1887,323,309,752,1120,1729,1771,1163,592,1944
388: 1409,1672
389: 630
390: 
391: 
1836: 
393: 
394: 1884
395: 971,102,1984
396: 453,1066,1316,1400
397: 984
1845: 
399: 
400: 
401: 2008,907,315,1529,1951,1322,661,1618,1465,1266,1381,681,527,1705,99,322,1580,1271,1482,286,1715,154,447,1114,1229
402: 
403: 1070,987,1508,168,444,1912,1382,1583,546,2019,1074,1401,1,129,848,625,1938,64,1171
404: 921,39,1952,0,701,1238,142,316,900,674,1466,1194,2001,172,557
1579: 1125
406: 1359,570
1677: 593,969,25
1700: 695,1648,1987,2004,337,1076,1739,1961,1994,1699,1142,450,40,756,190
1712: 
410: 
1969: 2008,315,1621,1529,1951,226,1368,1322,661,1600,1618,1465,263,1381,527,305,1902,1114
412: 1601,1037
1654: 643,1784
414: 1005,279,733,822,658
415: 1061,1437
416: 
417: 
1805: 
419: 
420: 
1840: 
422: 1911,382
1992: 667
424: 
1649: 1662
426: 
427: 
1581: 
1988: 1246,1586,1036,181
430: 633
1705: 2008,907,315,1529,1951,226,1322,661,1618,1465,1266,1381,681,1428,305,99,322,1580,401,1271,1482,286,1715,154,447,1114,1229
432: 1562,798
1642: 906,1511,614
434: 
1593: 
436: 580,1344
437: 1548,1843,1469,2002,778,461,1436,1887,857,174,752,1729
438: 
439: 
440: 
441: 50,1631,554,1481,1791
1644: 1671,56,2000,298,1526,1569,173,970,2013,882,1352,1772,1935
1839: 657,895,805,1139
444: 1070,987,1508,168,403,1912,1382,1531,1538,1583,546,2019,1074,1401,915,1,129,848,625,1326,64
1878: 1390,1633,828,1379,2005,638,532,723,1071,1852,535,1666,1485,465,1999,1095,1572,492
446: 1691,158
447: 1482,286,1715,154,1229,2008,907,1951,1465,1266,681,1705,322,1580,401,1271
448: 
449: 
450: 695,1648,1987,2004,1327,1682,337,1076,1739,1994,1885,1699,1142,1760,40,617,1863,1017,1292,456,1700,756,190
451: 
1834: 1225,1239,1100,2012,262,284,960,1854
453: 457,1066,1316,845,1400,396
454: 
455: 
456: 2004,1327,1682,1076,1739,1885,1142,1760,450,40,617,1863,1017,1292,756,190
457: 453,1066,1316,845,1400
458: 350,1101,1053,1476,792,2010,856,1509,1332,934,1169,156,1386
459: 651,626
460: 520,1452
461: 1558,2002,778,1436,1763,1887,857,174,752,1120,1729,1771,1548,1843,1469,437
462: 
1665: 1011,1698,2007,945,73,972,466,1886,1150,1687,1535,2006,257
464: 
465: 1390,1633,828,1749,1379,65,2005,638,1838,532,723,522,1071,1852,535,1666,1007,1485,1878,1999,1095,1572
466: 1698,2007,1758,73,972,1886,1150,1687,1535,2006,1665,249,257
467: 
1748: 777
469: 5
1676: 1065,549,556
471: 
472: 
1630: 1680,56,1096,2000,298,1255,202,119,1526,173,669,195,916,360,810,970,2013,996,1352
474: 1680,1096,2000,1255,202,197,119,1915,814,669,1855,916,360,810,2013,996,844,1451,1352,644,1483,1052,1230,1257,133
475: 1384,758
1837: 702
477: 1287,1638,1943,729,1102,1995,2009,1278,1145,1281,1976,1625,1170,1487,1645,495
478: 1888,1058,2014,207,1099,342,550,1383,1167,850,654,97,385,1576,860,100,1393,1546,707
479: 7
1763: 1558,2002,1564,310,519,778,461,747,1436,830,1887,857,323,309,174,752,1120,1729,387,1771,1548,1163,1843,592
481: 619
1801: 
1885: 2004,1327,1682,1076,1760,450,40,617,1863,1017,456
1616: 
485: 
486: 581,354
1664: 
488: 
489: 
1857: 846,1790
491: 637,978,1244,1077,715
492: 1934,828,1379,2005,1838,522,1071,1852,1666,1007,1485,1878,1999,1095
493: 1131,1910
494: 779,1391,1865,1754,338,2015,1380,1209,1022
495: 1638,1943,729,1102,1647,1995,2009,1278,697,1145,1625,1170,1487,1645,477
496: 653,90,132
497: 
498: 
499: 
1770: 1866,676,160
501: 
502: 
1948: 
1574: 
1999: 1390,1633,828,1749,1379,65,2005,638,1838,532,723,522,1071,1852,535,1666,1007,1485,465,1878,1095,1572,1934,492
506: 1345,533,735
507: 1953
508: 998,968,1217
509: 788
510: 
511: 609,2017,1908,1119,2011,1023,1882,261,1718,1795,1303,544,109,1620,291,1632
512: 
513: 
514: 
515: 1527,867
1699: 1987,2004,1682,337,1076,1739,1961,1994,1142,450,1700,756,190
517: 758
1908: 609,2017,511,1119,2011,1882,261,1718,1795,1303,544,109,1620,291,1632
519: 2002,1564,778,1763,1887,323,309,752,1120,1729,387,1771,1780,1548,1163,1843,1469,592,1944
520: 460
521: 
522: 1390,1633,828,1749,1379,65,2005,638,1838,532,723,1071,1852,535,1666,1007,1485,465,1999,1095,1572,1934,492
523: 15,618,1966,854
524: 
1831: 
526: 596,1204,1323
527: 2008,907,315,1621,1529,1951,226,1368,1322,661,1600,263,1381,681,1969,99,1902,401,1715,1114,1229
1913: 
529: 
1809: 1130,1423,841,52,336,1711,1592,103,605
531: 
532: 1390,1633,1749,65,2005,638,723,522,1071,1852,535,1666,1007,465,1878,1999,1095,1572
533: 1345,506,735
534: 1123,1808
535: 1390,1633,828,1749,1379,65,2005,638,1838,532,723,522,1071,1852,1666,1007,465,1878,1999,1095,1572,1934
536: 
537: 
538: 
539: 940
540: 901
541: 1518
542: 790,1431,2018,639,1213,1083,922,1059,597,1849,135
543: 1980,355
544: 609,2017,511,1908,1119,2011,1023,1882,261,1718,1795,1303,109,1620,291,1632
545: 
546: 1070,987,1508,403,444,1583,2019,1401,1,129,848,625,1326,64
547: 779,1391,339,1865,338,2015,1173,1209,1198,670,1175,255
548: 157
549: 1676,1065,556
550: 1888,478,1058,2014,207,1099,342,1383,1167,850,654,1393,1294,707
551: 
552: 1030,942,1659
1812: 1582
554: 1631,1481,441,1791
555: 
556: 1676,1065,549
557: 1194,2001,172,335,560,629,921,404,0,701,1238,312,142,316,900,674,1466
1906: 1367
1991: 
560: 1194,2001,557,335,629
561: 1191,287,107,1797,1250,150,1584,2016,1543,1261,91,1222,45,1048
2006: 1011,1698,2007,1758,945,73,972,1828,466,1886,1552,1150,1687,1535,1665,1039,249,257
563: 
1600: 2008,315,1621,1529,1951,226,1368,661,263,1381,527,1969,1902,1715,1114,1229
565: 
1701: 834,1983
567: 973
1557: 
569: 
570: 1359,406
571: 
572: 
573: 
574: 
575: 1846
1586: 1246,1231,1988,1220,181
1904: 1914
578: 
579: 1594
580: 147,436,1344,180,1461
581: 354,486
582: 
1744: 910
584: 
585: 
1760: 2004,1327,1682,1885,450,40,617,1863,1292,456,190
587: 1956,899
1968: 
589: 
590: 1774,1089,274
591: 815,1646
592: 1944,2002,1564,519,778,1763,830,323,309,1729,387,1771,1780,1548,1163
593: 1677,25
1962: 952,894,256
1766: 730
596: 1204,526,1323
597: 790,1431,2018,639,1213,1083,542,922,187,1059,1149,1849,1753,135,958
598: 
599: 
600: 812,299,884,1111,694,1663,2003,634
1653: 
602: 
603: 
604: 1493
605: 103,1423,841,52,1809,336
606: 
1670: 
1747: 1517,714
609: 2017,511,1908,1119,2011,1023,1882,261,1718,1795,1303,544,109,1620,291,1632
610: 1932,898,2003,1735
611: 951,1862,1488
612: 869,62
1800: 668
614: 1642,906,1511
615: 296,67,1717,1702,2010,1169,1602,1386,727
616: 
617: 695,1648,1987,2004,1327,1682,1076,1739,1885,1760,450,40,1863,456,190
618: 15,523,1966,854
619: 481
620: 1115,383
621: 
622: 1084
623: 314,1192
624: 
625: 987,1508,403,444,1538,1583,546,2019,1401,915,1,129,848,1326,64
626: 651,459
1722: 
628: 
629: 1194,2001,172,557,335,560,0,701,1238,674,1466
630: 389
631: 
1708: 
633: 430
634: 1111,1932,694,1663,2003,812,600,299,884
635: 
636: 
637: 978,1244,1077,715,491
638: 1390,1633,828,1749,1379,2005,1838,532,723,522,1071,535,1007,1485,465,1878,1999,1095
639: 790,1431,2018,1213,1083,542,922,187,1059,597,1149,1849,135,958,1674
640: 
641: 
642: 1090
643: 1654,1784
644: 1680,56,1096,2000,1255,202,197,119,1915,814,669,1855,195,916,360,810,970,474,2013,996,844,1451,1352,1772,1483,1052,1230,1257,133
1806: 
646: 
647: 1684,771,1140
1603: 1040,1637
649: 
1745: 
651: 626,459
652: 
653: 496,90,132
654: 1888,478,2014,207,1099,342,550,1383,1167,850,97,687,1576,860
655: 
656: 
657: 1839,1079,895,1524,805,1139
658: 279,414
659: 
660: 
661: 2008,315,1621,1529,1951,226,1368,1322,1600,1618,1465,263,1266,1381,681,527,1969,1428,1705,305,99,1902,322,1580,401,1271,1482,1114
662: 1233,732,1903
663: 
664: 782,136,340,1681
665: 
666: 
667: 1992
668: 1800
669: 1680,1671,56,1096,2000,1255,202,197,119,1821,1915,814,173,1855,195,916,360,810,970,474,2013,996,844,1451,1352,1630,644,1555,1772,1483,1052,1230,1257,133
670: 779,1391,547,339,1865,1754,338,2015,1380,1173,1209,1198,1175,255
671: 1727,835
672: 
1687: 1698,2007,1758,945,972,466,1886,1150,2006,1665,249
674: 1238,142,316,900,1466,921,39,404,1952,0,701,1194,2001,557,335,629
1672: 388,1409
676: 1866,1770
1882: 609,2017,511,1908,1119,2011,1023,261,1718,1795,1303,544,109,1620,291,1632
1663: 1111,1932,694,2003,634,812,600,299,884
679: 
680: 1964
681: 2008,907,315,1529,1951,226,1322,661,1618,1465,1266,1381,527,1428,1705,305,99,1902,322,1580,401,1271,1482,286,1715,154,447,1114,1229
1810: 836,1897
683: 1113
1983: 834,1701
1711: 1130,1423,52,1809,336,1592,103
686: 
687: 97,385,1576,860,1888,1058,2014,207,342,850,654
1643: 
689: 1000
690: 
1965: 
692: 
1993: 
694: 1111,1932,1663,2003,634,812,600,299,884
695: 1648,1987,2004,1682,337,1076,1739,1961,1994,1142,450,40,617,1863,1700,190
696: 931
697: 1638,1943,1102,1647,1995,2009,1296,1278,1145,1281,1395,1625,1046,1487,495
698: 
699: 
700: 352
701: 0,921,39,404,1952,1238,142,316,900,674,1466,1194,2001,172,557,335,629
702: 1837
703: 251
1883: 259,1611,950
1971: 1790
706: 1054,320
707: 1103,1393,1294,1546,1146,1888,478,1058,2014,207,1099,342,550,1167,100
1982: 
709: 
710: 
1590: 145,1657,1905
712: 
713: 
714: 1747,1517
715: 637,1244,1077,491
716: 
1566: 982,1259,201
1662: 1649
719: 1097,1779
720: 
721: 
1567: 1178
723: 1390,1633,828,1749,1379,65,2005,638,1838,532,522,1071,535,1666,1007,1485,465,1878,1999,1095,1572
1758: 1698,2007,945,972,1828,466,1886,1552,1150,1687,1535,2006,1039,249
1775: 326
726: 
727: 1101,1053,1702,1476,2010,856,1509,1332,934,1169,1602,1386,296,615,67,1717
728: 209,1880,1506
729: 1287,1638,1943,1102,1995,2009,1278,1145,1281,1976,1395,1625,1046,1170,1487,1645,477,495
730: 1766
731: 
732: 1233,662,1903
733: 1005,279,414,822
1977: 9,1706
735: 1345,533,506
736: 
737: 1626,91,1222,45,1048,117,1797,2016,66,1261
1997: 
739: 885
740: 
1912: 1070,987,1508,168,403,444,1382,1531,1538,2019,1074,1401,915,129,1326,1171
742: 872
1710: 
744: 
745: 1731
1911: 1513,382,422
747: 1558,2002,1564,310,1436,1763,830,1887,309,1120,1729,387
1637: 1040,1603
1817: 
750: 861
751: 133,1671,2000,197,1821,1569,916,2013,882,844,1451,1352,1555,1772,1483,1935,1052,1230,1257
752: 1558,2002,1564,519,778,461,1436,1763,830,1887,857,323,309,174,1120,1729,387,1771,1780,1548,1163,1843,1469,437
753: 
1928: 
755: 1225,205,1239,866,2012,262,317,1854
756: 1987,2004,1682,337,1076,1739,1699,1142,450,40,1017,1292,456,1700,190
757: 43,1499
758: 517,1384,475
759: 977
760: 964,905
761: 767,1378,1996
1838: 1390,828,1749,1379,65,2005,638,723,522,1071,1852,535,1666,1007,1485,465,1999,1095,1934,492
763: 
1753: 1431,2018,1083,187,1059,597,1849,135,958,1674
765: 
766: 1289,236
767: 1330,761
768: 
2004: 695,1648,1987,1327,1682,337,1076,1739,1961,1994,1885,1699,1142,1760,450,40,617,1863,1017,1292,456,1700,756,190
770: 1251
771: 1684,647,1140
772: 
1954: 59,215,1298,1479,1185
1622: 1975,343,1340
775: 179,1679
776: 
777: 1748
778: 1558,2002,1564,519,461,1436,1763,830,1887,857,323,309,174,752,1120,1729,387,1771,1780,1548,1163,1843,1469,437,592,1944
779: 1391,547,339,1865,1754,338,2015,1380,1173,1209,1198,1022,494,670,1175,255
780: 
781: 
782: 136,340,664
783: 
1863: 695,1648,2004,1327,1682,1076,1739,1961,1885,1142,1760,450,40,617,1017,456,190
785: 
786: 
787: 
788: 509
1588: 
790: 1431,2018,639,1213,1083,542,922,187,1059,597,1849,135,1674
791: 
792: 350,1101,2010,856,1332,934,458,223,156
793: 1241,1056,1009
794: 
795: 
796: 
1696: 247
798: 432,1562
799: 
800: 
801: 
2012: 1225,205,1239,1100,755,866,1834,262,317,284,960,1854
1900: 837
1779: 1097,719
805: 1524,1139,657,1839,1079,895
806: 87,1309
807: 222,1320,43,1499
808: 58
809: 
810: 1680,1671,56,1096,2000,298,202,197,119,1821,1526,1569,173,669,1855,195,916,360,970,474,2013,882,996,844,1451,1352,1630,644,1555,1772,1483,1935,1257,133
811: 101,1438,268,824,1825
812: 600,299,884,1111,694,1663,2003,634
1893: 1439
814: 1680,1096,2000,1255,197,119,1915,669,195,916,970,474,2013,1352,644,1772,1483,1052,1230,1257,133
815: 591,1646
816: 
817: 
818: 
819: 
1823: 
2011: 609,2017,511,1908,1119,1023,1882,261,1718,1795,1303,544,109,1620,291,1632
822: 1005,279,733,414
1849: 790,1431,2018,639,542,922,187,1059,597,1753,135,958,1674
824: 811,101,1438,268,1825
825: 
1640: 
827: 
828: 1390,1633,1749,1379,2005,638,1838,723,522,1071,1852,535,1666,1007,1485,465,1878,1999,1095,1934,492
829: 
830: 1558,2002,1564,310,778,747,1436,1763,323,309,174,752,1120,387,1771,1548,1163,592
831: 924,228
832: 
1754: 779,1391,339,1865,338,2015,1380,1209,1198,1022,494,670,1175
834: 1701,1983,260
835: 671,1727
836: 1810,1897
837: 1900
838: 1949,930
839: 
1851: 
841: 1130,1423,1809,336,1592,103,605
1741: 
1887: 2002,1564,519,778,461,747,1436,1763,857,174,752,1120,1729,387,1771,1548,1843,1469,437
844: 1680,1671,56,1096,2000,298,202,197,119,1821,1526,1569,173,669,1855,916,360,810,970,474,2013,882,996,1451,1352,644,1555,1772,1483,1935,1052,1257,751,133
845: 453,457,1066,1316,1400
846: 1857
847: 1154,243,1104
848: 987,1508,403,444,1583,546,2019,1401,1,625,1326,64
849: 
850: 1888,478,1058,2014,207,1099,342,550,1383,1167,654,97,687,1576,860
851: 
852: 175
853: 
854: 15,523,618,1966
855: 1860
856: 350,1101,1053,1702,1476,792,2010,1509,1332,934,458,223,1169,156,1602,1386,727,296,1717
857: 1558,2002,778,461,1436,1763,1887,174,752,1120,1548,1469,437
858: 
859: 
860: 97,385,687,1576,1888,478,1058,2014,1099,342,850,654,100
861: 1688,1901,908,379,750
862: 
1718: 609,2017,511,1908,1119,2011,1023,1882,261,1795,1303,544,109,1620,291
1596: 
1978: 
866: 1225,205,755,2012,262
867: 1527,515
1892: 
869: 612,62
870: 
871: 1208
872: 742
2009: 1287,1638,1943,729,1102,1647,1995,1296,1278,697,1145,1281,1976,1395,1625,1046,1170,1487,1645,477,495
874: 
1572: 1390,1633,65,2005,532,723,522,1071,1852,535,1666,465,1878,1999
876: 
1723: 
878: 1385
1620: 291,1632,609,2017,511,1908,1119,2011,1882,1718,1795,1303,544
880: 
1610: 
882: 1671,56,2000,298,197,1821,1526,1569,173,916,1644,810,970,2013,844,1451,1352,1555,1772,1935,751
883: 
884: 812,600,299,1111,1932,694,1663,2003,1735,634
885: 739
886: 1689,1118,1034,149
887: 
888: 1121,1350
1996: 1378,761
1852: 1390,1633,828,1379,65,2005,1838,532,522,1071,535,1666,1007,465,1878,1999,1572,1934,492
891: 344,944
1871: 
893: 
894: 1962,256
895: 657,1839,1079,805,1139
1958: 320,1054
897: 
898: 1932,610,2003,1735
899: 1956,587
900: 1238,312,142,316,674,1466,404,701,1194,2001,172,557,335
901: 540
902: 
903: 212
904: 21
905: 964,760
906: 1642,1511,614
907: 2008,1951,1322,1465,1266,1381,681,527,1705,99,401,1271,1482,286,1715,154,447,1114,1229
908: 379,1688,861,1901
1915: 1680,1096,2000,1255,197,119,814,669,916,474,2013,644,1483,1052,1230,1257,133
910: 1744
911: 
1972: 1844
913: 1006,1358
914: 303
915: 1070,987,1508,168,444,1912,1382,1531,1538,2019,1074,1401,129,625,64
916: 1680,1671,56,1096,2000,298,1255,202,197,119,1821,1526,1915,814,1569,173,669,1855,195,360,810,970,474,2013,882,996,844,1451,1352,1630,644,1555,1772,1483,1935,1052,1230,1257,751,133
917: 
1674: 790,1431,2018,639,922,187,1059,1849,1753,135,958
919: 
920: 1361
921: 39,404,1952,0,701,1238,142,316,674,1466,1194,2001,557
922: 790,1431,2018,639,1213,542,1059,597,1849,135,1674
1956: 899,587
924: 831,228
925: 
1716: 
927: 1063
1902: 2008,315,1621,1951,226,1368,1322,661,1600,263,1266,1381,681,527,1969,305,99,1229
1899: 
930: 1949,1210,838
931: 696
1650: 
933: 1285
934: 350,1101,1053,1702,1476,792,2010,856,1509,1332,458,223,1169,156,1602,1386,727,296,1717
935: 
936: 377,1728
937: 
1790: 1971,1857
939: 
940: 539
1847: 
942: 1030,552,1659
943: 1091,1501
944: 891,344
945: 1011,1698,2007,1758,73,972,1828,1886,1150,1687,1535,2006,1665,1039,249
946: 
1573: 
948: 
1555: 1671,2000,298,197,1821,1526,1569,669,1855,916,810,970,2013,882,844,1451,1352,1772,1483,1935,1052,1257,751,133
950: 259,1734,1611,1883
951: 1329,611
952: 1962,256
1858: 
1953: 507
955: 
956: 
957: 
958: 1431,2018,639,1083,187,1059,597,1149,1849,1753,135,1674
959: 
960: 317,284,1854,1225,1239,1100,2012,1834,262
961: 244,1802,1267,980
1945: 1533
1638: 1287,1943,729,1102,1647,1995,2009,1296,1278,697,1145,1281,1976,1395,1625,1046,1170,1487,1645,477,495
964: 760,905
965: 
966: 
967: 
968: 998,1217,508
969: 25,1677
970: 1680,1671,56,1096,2000,298,1255,202,197,119,1821,1526,814,1569,173,669,1855,195,916,360,1644,810,2013,882,996,844,1352,1630,644,1555,1772,1483,1935,1230,1257,133
971: 102,1984,395
972: 1011,1698,2007,1758,945,73,1828,466,1886,1150,1687,1535,2006,1665,1039,249,257
973: 567
974: 
1933: 
1950: 
977: 759
978: 637,1244,1077,491
979: 
980: 244,961,1802,1267
1846: 575
982: 1259,201,1566
983: 
984: 397
985: 
986: 273,1234
987: 1070,1508,168,403,444,1912,1382,1531,1538,1583,546,2019,1074,1401,915,1,129,848,625,1326,1938,64,1171
988: 
1905: 1590,145,1657
990: 
991: 
992: 311,1426
993: 
994: 1889,1105,1612,1830
995: 1890
996: 1680,1671,56,1096,2000,298,1255,202,197,119,1821,1526,173,669,1855,195,916,360,810,970,474,2013,844,1451,1352,1630,644,1483
997: 1200
998: 968,1217,508
999: 
1000: 689
1571: 1553,47
1002: 
1003: 
1686: 
1005: 279,733,414,822
1006: 913,1358
1007: 1390,828,1749,1379,65,2005,638,1838,532,723,522,1071,1852,535,1485,465,1999,1095,1934,492
1008: 1755,170
1009: 793,1241
1749: 1390,828,1379,65,2005,638,1838,532,723,522,1071,535,1007,1485,465,1999,1095
1011: 1698,2007,945,73,972,1828,1886,1552,1535,2006,1665,1039,257
1636: 345
1013: 
1014: 
1767: 1364,1520
1740: 1276,1237
1017: 2004,1327,1682,1076,1739,1885,1142,450,40,1863,1292,456,756,190
1018: 
1793: 
1587: 1527
1021: 
1022: 779,1391,339,1865,1754,338,2015,1380,1209,494,1175
1023: 609,2017,511,1119,2011,1882,261,1718,544,109
1024: 
1025: 
1026: 1990,1033
1027: 
1931: 
1029: 
1030: 942,552,1659
1715: 1482,286,154,447,1114,1229,2008,907,1529,1951,1600,1465,1381,681,527,1705,401,1271
1604: 14
1033: 1026,1990
1034: 1689,886,1118,149
1035: 
1036: 1246,1988
1037: 1601,412
1561: 1279
1039: 1011,1698,2007,1758,945,73,972,1828,1886,1552,1535,2006,249,257
1040: 1637,1603
1041: 
1957: 
1043: 
1044: 
1970: 1921,1372
1046: 1638,1943,729,1647,2009,1296,1278,697,1145,1281,1976,1395,1625,1487,1645
1047: 134,1335
1048: 1626,91,1222,737,45,117,1191,287,1797,150,1584,2016,561,1543,66,1261
1049: 252,1786
1050: 
1051: 
1052: 1680,2000,197,119,1915,814,669,1855,916,474,2013,844,1451,1352,644,1555,1483,1230,1257,751,133
1053: 350,1702,1476,2010,856,1509,1332,934,458,223,1169,156,1602,1386,727,296,67,1717
1054: 706,320,1958
1055: 
1056: 793
1582: 1812
1058: 1888,478,2014,207,1099,342,550,1167,850,97,385,687,1576,860,100,1393,1546,707
1059: 790,1431,2018,639,1213,1083,542,922,187,597,1149,1849,1753,135,958,1674
1060: 211,1392
1061: 415,1437
1975: 343,1622,1340,12
1063: 927
1925: 
1065: 1676,549,556
1066: 453,457,1316,845,1400,396
1067: 
1068: 
1963: 
1070: 987,1508,168,403,444,1912,1382,1531,1583,546,2019,1074,915,1,129,1938,64,1171
1071: 1390,1633,828,1749,1379,65,2005,638,1838,532,723,522,1852,535,1666,1007,1485,465,1878,1999,1095,1572,1934,492
1072: 
1725: 
1074: 1070,987,168,403,444,1912,1382,1531,1538,2019,915,129,1938,64
2018: 790,1431,639,1213,1083,542,922,187,1059,597,1149,1849,1753,135,958,1674
1076: 695,1648,1987,2004,1327,1682,337,1739,1961,1994,1885,1699,1142,450,40,617,1863,1017,456,1700,756,190
1077: 637,978,1244,715,491
1802: 244,961,1267,980
1079: 657,895,1524,805,1139
1080: 
1081: 
1690: 
1083: 790,1431,2018,639,1213,542,187,1059,597,1149,1753,135,958
1084: 622
1085: 
1939: 
1087: 
1088: 
1089: 590,1774,274
1090: 642
1091: 1501,943
1092: 
1795: 609,2017,511,1908,1119,2011,1882,261,1718,1303,544,109,1620,291,1632
1094: 
1095: 1390,828,1749,1379,65,2005,638,1838,532,723,522,1071,535,1666,1007,1485,465,1878,1999,1934,492
1096: 1680,56,2000,1255,202,197,119,1915,814,173,669,1855,195,916,360,810,970,474,2013,996,844,1352,1630,644,1483
1097: 719,1779
1098: 
1099: 1888,478,1058,2014,207,342,550,1383,1167,850,654,1576,860,100,1393,707
1100: 1225,1239,2012,1834,262,284,960,1854
1101: 1702,1476,792,2010,856,1509,1332,934,458,223,1169,156,1386,727,296,1717
1102: 1287,1638,1943,729,1647,1995,2009,1296,1278,697,1145,1281,1395,1625,1170,1487,1645,477,495
1103: 1393,1294,1546,1146,707,2014,100
1104: 847
1105: 1889,1612,994,373
1106: 
1107: 
1108: 
1109: 
1110: 
1111: 1932,694,1663,2003,634,812,600,884
1739: 695,1648,1987,2004,1682,337,1076,1961,1994,1699,1142,450,40,617,1863,1017,456,1700,756,190
1113: 683
1114: 1482,286,1715,154,1229,2008,907,315,1621,1529,1951,661,1600,1465,1381,681,527,1969,1705,1580,401
1115: 620,383
1876: 
1117: 
1118: 1689,886,1034,149
1119: 609,2017,511,1908,2011,1023,1882,261,1718,1795,1303,544,109,1620,291,1632
1120: 1558,2002,1564,310,519,778,461,747,1436,1763,830,1887,857,323,309,174,752,1729,387,1771,1548,1163,1843
1121: 888,1350
1122: 
1123: 534
1897: 836,1810
1125: 1579
1126: 
1127: 
1919: 
1951: 2008,907,315,1621,1529,226,1368,1322,661,1600,1618,1465,263,1266,1381,681,527,1969,1705,305,99,1902,1580,401,1271,1482,286,1715,154,447,1114,1229
1130: 1423,841,52,1809,336,1711,1592,103
1131: 1910,493
1607: 
1133: 
1976: 1287,1638,1943,729,2009,1278,1145,1281,1395,1625,1046,1487,1645,477
2015: 779,1391,547,339,1865,1754,338,1380,1173,1209,1198,1022,494,670,1175,255
1646: 591,815
1137: 
1729: 2002,1564,519,778,461,747,1436,1763,1887,309,174,752,1120,387,1771,1780,1548,1163,1843,1469,437,592,1944
1139: 1524,805,657,1839,1079,895
1140: 771,647
1141: 1288
1142: 695,1648,1987,2004,1327,1682,337,1076,1739,1961,1699,450,40,1863,1017,1292,456,1700,756,190
1143: 
1780: 1771,1548,1163,1843,2002,1564,519,778,323,174,752,1729,592,1944
1145: 1287,1638,1943,729,1102,1647,1995,2009,1296,1278,697,1281,1976,1395,1625,1046,1170,1487,1645,477,495
1146: 1103,1393,1294,1546,707,2014
1147: 1439
1717: 296,615,67,1101,1053,1702,1476,2010,856,1509,934,1602,1386,727
1149: 2018,639,1083,187,1059,597,135,958
1150: 1698,2007,1758,945,73,972,466,1886,1687,1535,2006,1665,249
1151: 
1844: 1972
1659: 1030,942,552
1154: 847,243
1155: 
1156: 1732
1157: 
1158: 1187,1489
1159: 1936,159
1160: 
1161: 
2005: 1390,1633,828,1749,1379,65,638,1838,532,723,522,1071,1852,535,1666,1007,1485,465,1878,1999,1095,1572,1934,492
1163: 1771,1780,1548,1843,1558,2002,1564,519,778,1763,830,323,309,174,752,1120,1729,387,592,1944
1164: 
1165: 
1166: 
1167: 1888,478,1058,2014,207,1099,342,550,1383,850,654,385,1576,100,1393,707
1168: 
1169: 350,1101,1053,1702,2010,856,1509,1332,934,458,223,156,1602,1386,727,296,615
1170: 1287,1638,729,1102,1995,2009,1145,1625,1487,1645,477,495
1171: 1070,987,1508,168,403,1912,1382,1531,1583,2019,1,129,1938,64
1777: 
1173: 779,1391,547,339,1865,338,2015,1198,670,1175,255
1174: 
1175: 779,1391,547,339,1865,1754,338,2015,1380,1173,1198,1022,670,255
1872: 
1177: 
1178: 1567
1943: 1287,1638,729,1102,1647,1995,2009,1296,1278,697,1145,1281,1976,1395,1625,1046,1487,1645,477,495
1180: 
1181: 
1182: 112,1356
1183: 1522
1184: 
1185: 215,1298,1479,59,1954
1719: 1989,1302
1187: 1158,1489
1188: 
1727: 671,835
1190: 1369
1191: 287,107,1797,1250,150,1584,2016,561,1543,66,1261,91,1222,45,1048,117
1192: 314,623
1193: 
1194: 2001,172,557,335,560,629,921,39,404,1952,0,701,1238,142,316,900,674,1466
1195: 
1196: 
1197: 1313,1585
1198: 779,1391,547,339,1754,338,2015,1380,1173,1209,670,1175,255
1199: 238
1200: 997
1201: 277,1280,13
1202: 1324,1307,93
1203: 
1204: 596,526,1323
1734: 1611,950
1842: 
1207: 
1208: 871
1209: 779,1391,547,339,1865,1754,338,2015,1380,1198,1022,494,670
1210: 1949,930
1794: 1884
1769: 1392
1213: 790,1431,2018,639,1083,542,922,1059,597,135
1952: 921,39,404,0,701,1238,674,1466,1194,2001
1804: 1339
1216: 
1217: 998,968,508
1218: 
1558: 2002,1564,310,778,461,747,1436,1763,830,857,323,309,174,752,1120,1548,1163
1220: 1246,1293,1231,1586
1221: 241,1862,1488
1222: 1626,91,737,45,1048,117,1191,287,1797,150,1584,2016,561,66,1261
1742: 
1224: 
1225: 205,1239,1100,755,866,2012,1834,262,284,960,1854
1679: 179,775
1227: 
2013: 1680,1671,56,1096,2000,298,1255,202,197,119,1821,1526,1915,814,1569,173,669,1855,195,916,360,1644,810,970,474,882,996,844,1451,1352,1630,644,1555,1772,1483,1935,1052,1230,1257,751,133
1229: 286,1715,154,447,1114,2008,907,315,1621,1529,1951,1600,1465,1381,681,527,1705,99,1902,401,1271
1230: 1680,2000,1255,197,119,1915,814,669,916,970,474,2013,1451,1352,644,1772,1483,1052,1257,751,133
1231: 1246,1293,1586,1220,181
1232: 
1233: 662,732
1234: 273,986
1914: 1904
1868: 
1237: 1740,1276
1238: 312,142,316,900,674,1466,921,39,404,1952,0,701,1194,2001,172,557,335,629
1239: 1225,205,1100,755,2012,1834,262,317,284,960,1854
1936: 1159,159
1241: 793,1009
1242: 
1633: 1390,828,1379,65,2005,638,532,723,522,1071,1852,535,1666,465,1878,1999,1572
1244: 637,978,1077,715,491
1245: 33
1246: 1231,1586,1988,1036,1220,181
1608: 275,137
1248: 
1249: 
1250: 1191,287,107,1797,1584,2016,561,1543,91,45
1251: 770
1252: 1310
1253: 
1254: 
1255: 1680,56,1096,2000,202,119,1915,814,669,195,916,360,970,474,2013,996,1630,644,1483,1230
1256: 
1257: 1680,2000,197,119,1915,814,1569,669,916,810,970,474,2013,844,1451,1352,644,1555,1772,1483,1935,1052,1230,751,133
1666: 1390,1633,828,1379,65,2005,1838,532,723,522,1071,1852,535,465,1878,1999,1095,1572,1934,492
1259: 982,201,1566
1669: 
1261: 1191,287,107,1797,150,1584,2016,561,1543,66,1626,91,1222,737,45,1048,117
1890: 995
1658: 
1960: 
1797: 1191,287,107,1250,150,1584,2016,561,1543,66,1261,1626,91,1222,737,45,1048,117
1266: 2008,907,315,1529,1951,226,1322,661,1618,1465,1381,681,1428,1705,305,99,1902,322,1580,401,1271,1482,447
1267: 244,961,1802,980
1628: 
1269: 
1562: 432,798
1271: 2008,907,1529,1951,661,1465,1266,681,1428,1705,322,1580,401,1482,286,1715,154,447,1229
1272: 
1684: 771,647
1671: 56,2000,298,202,197,1821,1526,1569,173,669,1855,916,1644,810,970,2013,882,996,844,1451,1352,1555,1772,1935,751
1818: 213,1420,1623
1276: 1740,1237
1277: 
1278: 1287,1638,1943,729,1102,1647,1995,2009,1296,697,1145,1281,1976,1395,1625,1046,1487,1645,477,495
1279: 1561
1280: 277,1201,13
1281: 1287,1638,1943,729,1102,1995,2009,1296,1278,697,1145,1976,1395,1625,1046,1487,477
1678: 
1283: 
1284: 
1285: 933
1286: 
1287: 1638,1943,729,1102,1995,2009,1278,1145,1281,1976,1625,1170,1487,1645,477
1288: 1141
1289: 766,236
1290: 
1291: 
1292: 2004,1327,1682,1142,1760,450,40,1017,456,756,190
1293: 1231,1220
1294: 1103,1393,1146,707,2014,550
1888: 478,1058,2014,207,1099,342,550,1383,1167,850,654,97,385,687,1576,860,707
1296: 1638,1943,1102,1647,1995,2009,1278,697,1145,1281,1395,1625,1046,1487
1297: 
1298: 215,1479,1185,1787,59,1954
1299: 
1300: 
1881: 
1302: 1989,1719
1303: 609,2017,511,1908,1119,2011,1882,1718,1795,544,109,1620,291,1632
1304: 1606,1349
1305: 8
1306: 
1307: 93,1202,1324
1308: 
1309: 806,87
1310: 1252
1311: 
1312: 
1313: 1197,1585
1569: 1680,1671,56,2000,298,197,1526,173,916,1644,810,970,2013,882,844,1352,1555,1772,1935,1257,751
1315: 
1316: 453,457,1066,845,1400,396
1317: 
1651: 
1319: 265
1320: 222,43,1499,807
1808: 534
1322: 2008,907,315,1621,1529,1951,226,1368,661,1618,1465,263,1266,1381,681,527,1969,1428,1705,305,99,1902,1580,401
1323: 596,1204,526
1324: 1202,1307,93
1325: 
1326: 987,1508,444,1912,1538,1583,546,2019,1401,1,129,848,625
1327: 2004,1682,1076,1885,1142,1760,450,40,617,1863,1017,1292,456,190
1328: 
1329: 951
1330: 767
1331: 
1332: 350,1101,1053,1702,1476,792,2010,856,1509,934,458,223,1169,156,1602,1386,727,296
1333: 
1334: 
1335: 1047
1336: 1454
1337: 
1338: 
1339: 1804
1340: 1975,343,1622,12
2003: 1111,1932,694,1663,898,610,1735,634,812,600,299,884
1576: 97,385,687,860,1888,478,1058,2014,207,1099,342,1383,1167,850,654
1691: 446,158
1344: 147,436,580,180,1461
1345: 533,506,735
1346: 
1909: 1375
1348: 
1349: 159,1606,1304
1350: 1121,888
1351: 
1352: 1680,1671,56,1096,2000,298,202,197,119,1821,1526,814,1569,173,669,1855,195,916,360,1644,810,970,474,2013,882,996,844,1451,1630,644,1555,1772,1483,1935,1052,1230,1257,751,133
1353: 1704,68
1354: 
1843: 1771,1780,1548,1163,1469,437,2002,1564,519,778,461,1436,1763,1887,174,752,1120,1729,1944
1356: 1182,112
1668: 
1358: 913,1006
1359: 406,570
1648: 695,1987,2004,337,1076,1739,1961,1994,1142,450,40,617,1863,1700,190
1361: 920
1706: 1977,9
1645: 1287,1638,1943,729,1102,1995,2009,1278,1145,1976,1395,1625,1046,1170,1487,477,495
1364: 1767,1520
1365: 1824
1366: 
1367: 1906
1368: 2008,315,1621,1529,1951,226,1322,661,1600,263,1381,527,1969,99,1902
1369: 1190
1774: 590,1089,274
1371: 
1372: 1921,1970
1783: 
1575: 
1375: 1909
1773: 
1377: 
1378: 1996,761
1379: 1390,1633,828,1749,65,2005,638,1838,723,522,1071,1852,535,1666,1007,1485,465,1878,1999,1095,1934,492
1380: 779,1391,339,1865,1754,338,2015,1209,1198,1022,494,670,1175,255
1381: 2008,907,315,1621,1529,1951,226,1368,1322,661,1600,1618,1465,263,1266,681,527,1969,1705,305,99,1902,1580,401,1715,1114,1229
1382: 1070,987,168,403,444,1912,1531,2019,1074,915,1938,64,1171
1383: 1888,478,2014,207,1099,342,550,1167,850,654,1576
1384: 475,758
1385: 878
1386: 1101,1053,1702,1476,2010,856,1509,1332,934,458,223,1169,156,1602,727,296,615,67,1717
2008: 907,315,1621,1529,1951,226,1368,1322,661,1600,1618,1465,263,1266,1381,681,527,1969,1428,1705,305,99,1902,322,1580,401,1271,1482,286,1715,154,447,1114,1229
1894: 
1785: 
1390: 1633,828,1749,1379,65,2005,638,1838,532,723,522,1071,1852,535,1666,1007,1485,465,1878,1999,1095,1572
1391: 779,547,339,1865,1754,338,2015,1380,1173,1209,1198,1022,494,670,1175,255
1392: 211,1060,1769
1393: 1103,1294,1546,1146,707,478,1058,2014,1099,550,1167,100
1731: 745
1395: 1638,1943,729,1102,1647,2009,1296,1278,697,1145,1281,1976,1625,1046,1487,1645
1922: 1433
1916: 
1398: 
1399: 
1400: 453,457,1066,1316,845,396
1401: 987,1508,403,444,1912,1538,1583,546,2019,915,1,129,848,625,1326,64
1402: 152
1781: 
1404: 
1405: 
1889: 1105,1612,994,373,1830
1407: 288
1730: 
1409: 388,1672
1595: 1703
1411: 
1412: 
1413: 
1903: 662,732
1415: 
1416: 
1594: 579
1966: 15,523,618,854
1626: 91,1222,737,45,1048,117,287,1797,150,2016,66,1261
1420: 213,1623,1818,1473
1421: 
1855: 1680,1671,56,1096,2000,202,197,119,1821,669,916,360,810,970,474,2013,996,844,1451,1352,644,1555,1483,1052,133
1423: 1130,841,52,1809,336,1711,1592,103,605
1564: 1558,2002,310,519,778,747,1436,1763,830,1887,323,309,174,752,1120,1729,387,1771,1780,1548,1163,1843,592,1944
1425: 
1426: 311,992
1427: 
1428: 2008,1322,661,1618,1465,1266,681,1705,305,322,1580,1271,1482
1429: 
1736: 
1431: 790,2018,639,1213,1083,542,922,187,1059,597,1849,1753,135,958,1674
1784: 643,1654
1433: 1922
1563: 
1682: 695,1987,2004,1327,1076,1739,1885,1699,1142,1760,450,40,617,1863,1017,1292,456,756,190
1436: 1558,2002,1564,310,778,461,747,1763,830,1887,857,323,309,174,752,1120,1729,1548,1843,1469,437
1437: 1061,415
1438: 811,101,268,824
1439: 1147,1893
1440: 
1441: 
1884: 1794,394
1942: 
1444: 
1599: 
1721: 
1862: 241,1488,1221,611
1448: 
1449: 
1450: 
1451: 1671,2000,197,1821,669,1855,916,810,474,2013,882,996,844,1352,644,1555,1483,1935,1052,1230,1257,751,133
1452: 460
1453: 
1454: 1336
2016: 1191,287,107,1797,1250,150,1584,561,1543,66,1261,1626,91,1222,737,45,1048,117
1949: 1210,930,838
1681: 136,340,664
1798: 
1459: 
1460: 
1461: 180,147,580,1344
1462: 
2019: 1070,987,1508,168,403,444,1912,1382,1531,1538,1583,546,1074,1401,915,1,129,848,625,1326,1938,64,1171
1464: 1553
1465: 2008,907,315,1529,1951,226,1322,661,1618,1266,1381,681,1969,1428,1705,305,99,322,1580,401,1271,1482,286,1715,154,447,1114,1229
1466: 1238,312,142,316,900,674,921,39,404,1952,0,701,1194,2001,172,557,335,629
2002: 1558,1564,310,519,778,461,747,1436,1763,830,1887,857,323,309,174,752,1120,1729,387,1771,1780,1548,1163,1843,1469,437,592,1944
1468: 
1469: 1771,1548,1843,437,2002,519,778,461,1436,1887,857,174,752,1729
1685: 
1471: 
1472: 
1473: 213,1420,1623
1583: 1070,987,1508,403,444,546,2019,1401,1,129,848,625,1326,64,1171
1475: 
1476: 1101,1053,1702,2010,856,1509,1332,934,458,156,1386,727,296,1717
1477: 368
1478: 
1479: 215,1298,1185,59,1954
1935: 1680,1671,56,2000,298,197,1821,1526,1569,173,916,1644,810,970,2013,882,844,1451,1352,1555,1772,1257,751,133
1481: 50,1631,554,441,1791
1482: 286,1715,154,447,1114,2008,907,1529,1951,661,1618,1465,1266,681,1428,1705,322,1580,401,1271
1483: 1680,1096,2000,1255,202,197,119,1821,1915,814,669,1855,916,360,810,970,474,2013,996,844,1451,1352,644,1555,1052,1230,1257,751,133
1856: 
1485: 1390,828,1749,1379,2005,638,1838,723,522,1071,1007,465,1878,1999,1095,492
1578: 
1487: 1287,1638,1943,729,1102,1647,1995,2009,1296,1278,697,1145,1281,1976,1395,1625,1046,1170,1645,477,495
1488: 241,1862,1221,611
1489: 1187,1158
1490: 1577,1551
1961: 695,1648,1987,2004,337,1076,1739,1994,1699,1142,1863,1700,190
1492: 
1493: 604
1494: 
1495: 
1496: 
1768: 
1698: 1011,2007,1758,945,73,972,1828,466,1886,1552,1150,1687,1535,2006,1665,1039,249,257
1499: 222,1320,43,807,757
2014: 1888,478,1058,207,1099,342,550,1383,1167,850,654,97,385,687,1576,860,100,1103,1393,1294,1546,1146,707
1501: 1091,943
1832: 
1503: 
1504: 
1505: 26
1506: 209,728
1656: 
1508: 1070,987,168,403,444,1912,1583,546,2019,1401,915,1,129,848,625,1326,1938,64,1171
1509: 1101,1053,1702,1476,2010,856,1332,934,458,223,1169,156,1602,1386,727,296,67,1717
1625: 1287,1638,1943,729,1102,1647,1995,2009,1296,1278,697,1145,1281,1976,1395,1046,1170,1487,1645,477,495
1511: 1642,906,614
1830: 1889,1612,994
1513: 1911,382
1514: 
1515: 
1516: 92,328
1517: 1747,714
1518: 541,68
1519: 1981,1853
1520: 1364,1767
1521: 
1522: 1183
1523: 
1524: 805,1139,657,1079
1525: 
1526: 1671,56,2000,298,202,197,119,1821,1569,173,195,916,1644,810,970,2013,882,996,844,1352,1630,1555,1772,1935
1527: 1587,515,867
1528: 
1529: 2008,315,1621,1951,226,1368,1322,661,1600,1618,1465,1266,1381,681,527,1969,1705,305,322,1580,401,1271,1482,1715,154,1114,1229
1629: 
1531: 1070,987,168,444,1912,1382,2019,1074,915,129,1171
1647: 1638,1943,1102,1995,2009,1296,1278,697,1145,1395,1625,1046,1487,495
1533: 1945
1987: 695,1648,2004,1682,337,1076,1739,1961,1994,1699,1142,450,40,617,1700,756,190
1535: 1011,1698,2007,1758,945,73,972,1828,466,1886,1552,1150,2006,1665,1039,249,257
1536: 
1813: 
1538: 987,444,1912,2019,1074,1401,915,129,625,1326
1539: 
1697: 
1541: 
1673: 
1543: 1191,287,107,1797,1250,150,1584,2016,561,66,1261,91,45,1048,117
1544: 272
1724: 
1546: 1103,1393,1146,707,478,1058,2014,100
1547: 
1548: 1771,1780,1163,1843,1469,437,1558,2002,1564,519,778,461,1436,1763,830,1887,857,323,174,752,1120,1729,592,1944
1786: 252,1049
1550: 
1551: 1490
1552: 1011,1698,2007,1758,73,1828,1886,1535,2006,1039,249,257
1553: 1464,1571,47
1761: 