0: 142,172,335,2001,674,1238,1466,1952,701,39,316,557
1: 1912,915,965,64,1115,1401,1583,2019,671,1070,1171,870,1196,129,1074,625,987
1946: 
3: 563,1077,1155
4: 
5: 
6: 385,1918,1058,660,654,1294,1103,2014,1146,1576,687,97,1393,100,707,1546,860,478
7: 
8: 
2008: 1266,1902,1910,1482,709,1131,154,1618,661,1600,1428,451,1969,1193,1621,469,847,1580,1322,447,527,1368,99,681,1715,401,1951,1154,286,315,1229,1465,89,1381,305,226,283,263,322,1529,1705,917,907
1287: 1395,1046,1278,477,1995,495,697,2009,1638,1645,1281,1487,1976,1647,1296
1292: 1327,450,1863,1885,695,1283,1739,1699,190,1371,1760,1648,2004,1994,1017,1142
12: 
13: 
14: 202,195,474,119,1524,1772,669,2013,1935,1644,1671,1629,844,360,2000,1569,1257,1748,1855,298,1352,197,319,810,1052
1922: 
2007: 331,1535,257,1828,2006,1150,808,1367,1011,945,1687,276,1886,1552,1665,73,1826,972,1081,1608,817,1334,1758,249,58,466,1698
1405: 1319,1804
18: 
1496: 1708,325
20: 
21: 
1826: 1535,257,1828,2006,808,1011,945,2007,1687,276,1886,972,1608,817,249,58,1698
1487: 1395,1287,1046,521,1995,495,2009,1638,1645,1281,1170,1976,1647,1296
1611: 
25: 1706
26: 
1995: 1287,1046,521,1278,477,495,697,2009,1638,1943,1645,1281,1170,1487,1976
1493: 399,397,1233
29: 1751,181
1577: 
1853: 969
1994: 756,190,617,1371,456,1760,1648,2004,40,337,450,1885,1292,1076,1283,1739,176
33: 524
34: 
1303: 1620,544,1119,1718,261,2017,291,1632,703,1882,2011,1023,1795,609,109,511
36: 
37: 985
38: 554
39: 142,172,335,2001,312,674,1238,1466,1194,560,1952,701,316,0,557,900,404,1563
40: 756,190,617,1371,456,1700,1760,1648,2004,337,1994,1283,1739,1699,176
41: 
42: 944
43: 
44: 
45: 1626,1584,1250,2016,737,117,990,107,1543,293,1261,1048,1222,150,1166,91,561,1797
1412: 
47: 
1465: 1902,1910,1482,1618,1600,1969,1193,1621,2008,469,1580,527,1368,99,681,1715,401,283,263,322,1529,1705,917,907
1441: 1844
50: 
2017: 1620,544,1119,1303,1718,261,291,1632,703,1882,2011,1023,1795,609,109,511
52: 
53: 596
1426: 178,911
1535: 257,1828,2006,808,1011,945,2007,1687,276,1886,1665,73,1826,817,249
56: 202,1555,798,474,133,1524,669,2013,970,173,1935,1629,844,2000,1569,1257,1855,298,197,319,1526,1052,1604,1096,882
57: 251
58: 331,257,1828,2006,808,1011,945,2007,276,1665,1826,972,1081,1608,817,249,466,1698
59: 
1703: 1298,1372,1796,1654
1368: 1266,1902,1910,154,1618,661,1600,1428,1969,1193,1621,2008,469,847,527,99,681,1154,286,1229,1465,226,283,263,322,1705
62: 
1688: 
64: 1912,915,1115,1401,1583,1,2019,1070,1171,870,1074,625,987
65: 1633,522,2005,1999,1390,1934,1095,1572,828,1071
66: 1050,1626,287,1584,2016,737,117,107,1543,293,1261,1048,1222
1345: 869
68: 
1898: 
70: 
1896: 
1618: 1266,1902,1910,1482,661,1600,1428,1969,1193,1621,2008,469,1580,1322,527,1368,99,681,1715,401,1951,286,1229,1465,283,263,322,1529,1705,917,907
73: 331,1535,257,2006,1150,808,1367,1011,945,2007,1687,276,1886,1552,1665,972,1081,817,1334,1758
1728: 
1848: 
2010: 633,1386,458,296,1053,144,1717,1476,1501,446,856,1509,887,1945,1684,615,1332,1029,980,383,1169,934,1734,481,1736,555,727,1101,1702,1025,792,350,1602,223
1634: 
1680: 485,195,1230,798,474,1451,1483,133,1524,1772,2013,970,173,1915,1644,644,2000,1569,1257,197,1255,814,751,1526,1630,882
1737: 
1508: 2019,1490,671,848,1938,1070,1538,1171,870,620,168,1867,1196,129,546,1326,1074,1382,915,965,1401
81: 584,526,692,920,1581
1352: 485,195,1230,1451,1483,119,14,669,2013,1915,1644,1671,360,2000,1569,1257,1855,197,814
83: 580
84: 236,1299
1866: 
86: 656,753
1781: 
88: 
89: 1266,709,1131,154,661,451,1969,2008,447,527,1951,1154,286,315,1381,305,226
90: 760,715,1187
91: 1166,561,1797,1626,1250,2016,737,990,107,293,1261,45,1048,1222,150
92: 924,1740
1366: 1733
94: 1097
1743: 1931
96: 1251
97: 1383,2014,1146,1576,687,550,1888,850,1167,1393,100,707,6,385,1918,660,654,1103,1546,860,478
1683: 
99: 1266,1902,154,1618,661,1600,1428,1969,1193,1621,2008,469,847,527,1368,681,1154,286,315,1465,226,283,263,322,1529,1705
100: 550,1888,850,1167,1393,707,1044,1383,2014,1146,1576,687,97,6,1918,654,1103,1546,860,478
101: 1127,1980,157
102: 1289,973,806
103: 
104: 
1841: 
106: 
107: 1050,1626,287,1584,1250,2016,737,117,66,990,1543,293,1261,45,1048,1222,150,1166,91,561,1797
1623: 1066,757,1813,1030,1960
109: 1023,1795,609,511,544,1303,261,2017,291,1632,703,2011
110: 
1589: 1277
112: 534,1054
1614: 
1371: 756,190,617,456,1700,1760,1648,2004,40,337,1994,1017,1142,1327,450,1863,1885,1292,695,1283,1739,1699
1585: 
1316: 
117: 1050,1626,287,1584,1250,2016,737,66,990,107,1543,293,1261,45,1048,150,1797
118: 
119: 195,1230,1451,14,1772,669,2013,1915,1644,1671,360,2000,1569,1855,298,1352,197,1255,814,810
1339: 
1821: 
122: 
123: 211,1453,548,454
1886: 331,1535,257,1828,2006,808,1367,1011,945,2007,1687,276,1665,73,1826,972,1608,817,1758
1323: 1259,919,1983,1195
1693: 
1543: 1050,1626,287,1584,1250,2016,737,117,66,107,293,1261,45,1048,1222,150,561,1797
128: 1727
129: 2019,1490,671,1070,1538,1171,870,1508,168,1867,546,1074,1382,915,965,1115,1583,1
1867: 2019,1490,671,848,1070,1538,1171,870,1508,168,129,546,1326,1074,1382,1912,915,965,1401
1576: 1383,2014,1146,687,97,550,1888,850,1167,1393,100,1044,6,385,1918,1058,654,1294,1103,1546,860,478
132: 
133: 485,1555,195,1230,798,474,1451,1483,1524,1772,669,2013,970,173,1680,1915,644,1671,56,844,2000,1569,1257,1855,298,197,814,319,1526,1630,1604
134: 170,410
135: 1149,2018,1059,825,187,1753,958,597,790,639
136: 292,1965,1519,529,520
137: 
138: 
139: 
1856: 1108
141: 
142: 172,335,2001,312,1238,1466,560,1952,39,316,0,557,900,535,921,404,1563
143: 1628
144: 633,1386,458,296,1053,2010,1717,1476,1501,446,856,1509,887,1945,1684,383,1169,1101,1702,1025,792
1481: 
146: 
147: 412,623,509,1037,406,841
148: 
149: 1831
150: 1626,1584,1250,2016,737,117,990,107,1543,1261,45,1048,1222,1166,91,561,1797
151: 
152: 
153: 
154: 1266,1902,709,1131,661,1600,1428,1969,2008,847,447,527,1368,99,681,1951,1154,286,315,1229,89,1381,305,226
155: 1652
1332: 1684,615,1029,980,383,1169,2010,1945,934,1734,481,1736,555,1702,1602,223
157: 1127,1980,101
158: 680
159: 
160: 416
1704: 994
1895: 605,665,713
1294: 6,385,1918,1058,660,654,1103,1383,2014,1146,1576,1888,1393,1546,860,478
1529: 1266,1902,1910,1482,1131,1618,661,1600,451,1969,1193,2008,1580,1322,527,99,681,1715,401,1951,1154,286,1229,1465,305,226,263,322,1705
165: 1965
1824: 
1813: 1030,1960,1066,1623,757
168: 2019,1490,671,1171,870,1508,1867,129,546,1382,915,965
169: 395,264,1234,861,569,676
170: 1557,410,134
1764: 
172: 142,335,2001,312,674,1238,1466,560,39,316,0,557,900,1563
173: 485,1555,195,798,474,1451,1483,133,1524,1772,2013,970,1680,644,56,1629,844,2000,1569,1257,1855,298,197,814,319,1526,1630,1052,1604,1096
174: 1548,1932,1780,694,778,299,830,310,1120,2002,747,437,2003,610,600,309,1763,461
175: 
176: 1885,1076,1283,1699,756,190,1648,2004,40,337,1994
1787: 
178: 1426,911
179: 
180: 
181: 1751,29
1901: 861,569,676
183: 
184: 
1612: 
1702: 555,727,1101,1025,792,350,1602,223,1684,615,1332,1029,980,383,1169,633,1386,458,296,144,2010,1717,1476,1501,446,856,1509,887,1945,934,1734,481,1736
187: 2018,1213,1059,825,958,1083,790,639,135
1932: 519,1548,592,1780,387,752,694,778,1436,299,830,1469,1163,310,1120,2002,1564,323,747,174,437,1735,634,1872,2003,1111,600,1763,461
189: 352,1245,944
190: 756,617,1371,456,1700,1760,1648,2004,40,337,1994,1142,450,1863,1885,1292,695,1076,1283,1739,1699,176
1865: 1188,297,2015,338,1837,1051,339
2000: 485,202,1555,195,1230,798,474,1451,1483,133,119,14,1524,1772,669,2013,970,173,1935,1680,1915,1644,644,1671,56,1629,844,360,1569,1257,1748,1855,298,1352,197,1255,814,319,751,810,1526,1630,1052,1604,1096,882
193: 
194: 
195: 485,1555,1230,798,474,1451,1483,133,119,14,1524,1772,669,2013,970,173,1680,1915,1644,644,1671,844,360,2000,1569,1257,1748,1855,298,1352,197,1255,814,319,751,810,1526
1283: 1327,450,1863,1885,1292,695,1076,1739,1699,176,756,190,617,1371,456,1700,1760,1648,2004,40,337,1994
197: 485,202,1555,195,1230,798,474,1451,1483,133,119,14,1524,1772,669,2013,970,173,1680,1915,1644,644,1671,56,1629,844,360,2000,1569,1257,1748,1855,298,1352,1255,814,319,751,810,1526,1630,1052,1604,882
1619: 
1791: 279,1040,1808
1621: 1902,1910,1618,1600,1193,2008,469,1580,1368,99,681,1465,283,263,322,1705,917,907
201: 
202: 1555,798,474,14,1524,1772,669,2013,1935,1644,1671,56,1629,844,360,2000,1569,1257,1748,1855,298,197,319,751,810,1526,1052,1604,882
203: 549,1664,589
204: 
205: 284,960,1492,1225,755,262,2012,1239,1845,317,1854,1834
1657: 
1315: 
2001: 142,172,335,312,674,1238,1466,1194,560,1952,701,39,316,0,557,900,535,921,404,629,1563
209: 
1580: 1910,1482,1618,1600,1193,1621,2008,1322,527,681,1715,401,1229,1465,263,322,1529,1705,917,907
211: 1453,548,123,454
212: 805
213: 580
2002: 519,1548,592,1932,1780,387,752,694,778,1436,299,830,1469,1163,310,1120,1564,323,747,174,437,1735,857,634,898,1944,1872,1771,1663,1558,2003,1843,610,1111,600,309,1887,1763,461
215: 1036,1766,517
1592: 
1944: 437,1735,857,634,898,1872,1771,1663,1558,2003,1843,610,1111,1887,1763,461,387,778,1469,2002
1772: 485,202,1555,195,1230,798,474,1451,1483,133,119,14,1524,669,2013,970,173,1680,1915,1644,644,1671,844,360,2000,1569,1257,1748,1855,298,197,1255,814,319,751,810,1526,1630,1604,882
219: 
1520: 
221: 
222: 
223: 555,727,1101,1702,1025,792,350,1602,1684,615,1332,1029,980,383,1169,633,1386,458,296,2010,1717,1476,1501,446,856,1509,887,1945,934,1734,481,1736
1827: 655,876,1462,307
1771: 437,1735,857,634,898,1944,1872,1663,1558,2003,1843,610,1111,600,309,1887,1763,461,1548,387,694,830,1469,2002,1564,323
226: 1266,1902,709,1131,154,661,1600,1428,1969,2008,847,447,527,1368,99,681,1951,1154,286,1229,89,1381,305,283,263,1529
1984: 
228: 
1413: 
1980: 1127,101,157
231: 1175,1209,1188,297,255,670,2015,1173,1198,338,1022,494,1837,777,1679,1427,779,1051,339,1754,547
232: 1625,1046,1278,477,697,2009,729
1724: 
234: 
235: 1511,1809
236: 84,1299
1877: 966
1504: 422
239: 
240: 
241: 
1639: 1970
243: 
244: 
1756: 302
246: 
247: 
1329: 
249: 1535,257,1828,2006,808,945,2007,276,1665,1826,972,1081,1608,817,58,466,1698
1934: 1633,522,2005,1999,1390,1878,1095,1572,828,65,532,723,1749,1071,1852,1666,1007,638
251: 57
252: 
1938: 2019,848,1538,1508,620,1196,1326,625
254: 
255: 1175,231,1209,1188,297,670,2015,1173,1198,338,1022,1837,1679,1427,779,1051,339,1754,547
256: 1516
257: 331,1535,1828,2006,808,1367,1011,945,2007,1687,276,1886,1665,73,1826,972,1081,1608,817,1758,249,58,466,1698
1949: 1830
259: 619,1916
1691: 1893
261: 1620,544,1119,1303,1718,2017,291,1632,703,1882,2011,1023,1795,609,109,511
262: 205,284,960,1492,1225,755,2012,1845,317,1854,1834
263: 1266,1902,1910,1482,1618,661,1600,1428,1969,1193,1621,2008,469,1580,1322,527,1368,99,681,1715,401,1229,1465,226,283,322,1529,1705
264: 395,344,1234,1118,861,169,569
265: 1407
266: 
1891: 
1808: 1791,279
1645: 1395,1287,1046,521,1995,495,697,2009,1638,1281,1170,1487,1976,1647,1296
1880: 
2019: 1490,671,848,1938,1070,1538,1171,870,1508,620,168,1867,1196,129,546,1326,1074,1382,625,987,1912,915,965,64,1115,1401,1583,1
1305: 1178
273: 1978
274: 
275: 
276: 331,1535,257,1828,2006,808,1367,1011,945,2007,1687,1886,1552,1665,73,1826,972,1081,1608,817,1334,1758,249,58,466,1698
277: 
1312: 683,1767
279: 1791,1040,1808
1918: 6,385,1058,660,654,1294,1103,1383,2014,1146,1576,687,97,1393,100,860
1501: 633,1386,458,296,1053,144,2010,1717,1476,446,856,1509,887,1945,1684,980,383,1169,481,1736,555,727,1101,1702,1025,792,350,1602,223
1606: 982
283: 1266,1902,1910,1618,1600,1428,1969,1193,1621,2008,469,1368,99,681,1229,1465,226,263,1705
284: 205,960,1492,1225,755,262,2012,1239,1845,317,1854,1834
1632: 1620,544,1119,1303,1718,261,2017,291,703,1882,2011,1023,1795,609,109,511
286: 1266,1902,709,1131,154,1618,661,1600,1428,1969,2008,847,527,1368,99,681,1951,1154,315,89,1381,226,322,1529,1705
287: 1050,1626,1584,1250,2016,737,117,66,107,1543,293,1261
288: 
1935: 202,14,669,2013,1671,56,1629,844,360,2000,1257,1855,298,319,810,1052
1629: 485,202,1555,474,14,669,2013,173,1935,1671,56,844,360,2000,1569,1257,1855,298,197,319,1526,1052,1604
291: 1620,544,1119,1303,1718,261,2017,1632,703,1882,2011,1023,1795,109,511
292: 136,1965,1519,529,520
293: 1050,1626,287,2016,737,117,66,990,107,1543,1261,45,1048,1222,91,1797
1910: 1902,1618,1600,1193,1621,2008,469,1580,1368,681,1715,401,1229,1465,283,263,322,1529,1705,917,907
1652: 155
296: 633,1386,458,1053,144,2010,1717,1476,1501,446,856,1509,887,1945,383,1169,727,1101,1702,1025,792,350,223
297: 231,1188,255,670,2015,1198,338,1022,1837,1427,779,1051,339,1865
298: 202,1555,195,798,474,1451,133,119,14,1524,1772,669,2013,970,173,1935,1644,644,1671,56,1629,844,360,2000,1569,1257,1748,1855,197,1255,814,319,751,810,1526,1052,1604,1096,882
299: 519,1548,592,1932,1780,387,752,694,778,1436,830,1469,1163,310,1120,2002,1564,747,174,437,1735,2003,600,1763,461
300: 
1469: 519,1548,592,1932,387,752,694,778,1436,299,830,1163,310,1120,2002,1564,323,747,437,1735,857,634,898,1944,1872,1771,1558,2003,1843,610,1111,600,309,1763,461
302: 1756
303: 
304: 
305: 1266,709,1131,154,661,451,1969,2008,1322,447,1951,1154,1229,89,1381,226,1529
1635: 1587,1527,359,883
307: 1827,876,1462
1527: 1635,1587,359,883,1254
309: 437,1735,634,1872,1771,1558,2003,1843,610,600,1887,1763,461,1548,694,830,1469,310,1120,2002,747,174
310: 519,1548,592,1932,1780,387,694,778,1436,299,830,1469,1120,2002,174,437,1735,1872,2003,610,600,309,1887,1763,461
311: 
312: 142,172,335,2001,674,1466,1194,560,1952,701,39,316,557,900,535,404,629,1563
1990: 545
314: 
315: 1266,709,1131,154,661,1600,1428,1969,2008,847,527,99,1951,1154,286,89,1381
316: 142,172,335,2001,312,674,1238,1466,560,1952,701,39,0,557,900,1563
317: 205,284,960,1492,1225,755,262,2012,1239,1845,1854,1834
1483: 485,1555,195,1230,798,474,1451,133,1524,1772,2013,970,173,1680,1915,1644,644,1671,2000,1569,1257,1855,1352,197,814,1526,1630
319: 202,1555,195,798,474,133,14,1524,1772,669,2013,970,173,1935,1644,644,1671,56,1629,844,360,2000,1569,1257,1748,1855,298,197,814,751,810,1526,1630,1052,1604,1096,882
320: 
1482: 1131,1618,661,451,1969,2008,1580,1322,527,681,1715,401,1951,1229,1465,263,322,1529
322: 1910,1482,1131,1618,661,1600,1969,1621,2008,1580,527,1368,99,681,1715,401,1951,286,1465,263,1529,1705,917
323: 519,1548,592,1932,752,694,1469,1163,2002,1564,747,857,634,898,1872,1771,1558,2003,1843,1111,1763,461
1732: 
325: 1708,1496
326: 1643
1625: 1046,1278,477,697,2009,1943,232,729,1976
328: 
329: 1650,399,1356,397,1233
1751: 181,29
331: 257,2006,1150,808,1367,1011,945,2007,1687,276,1886,1552,1665,73,972,1081,1608,817,1334,1758,58,466,1698
1825: 1610,880,1306,1122
333: 796
1733: 1366
335: 142,172,2001,312,1238,1466,1194,560,1952,701,39,316,0,557,900,535,921,404,629,1563
1862: 698
337: 756,190,617,1371,456,2004,40,1994,1076,1283,1699,176
338: 231,1188,297,255,670,2015,1173,1022,1837,1679,1427,779,1051,339,1754,1865
339: 231,1188,297,255,2015,1198,338,1837,1427,779,1051,1754,547,1865
340: 
1454: 788,1158,845
342: 
343: 
344: 264,1234,1118
345: 
346: 
347: 
1609: 1208
1726: 
350: 555,727,1101,1702,1025,792,1602,223,296,1053,2010,1717,1501,856,1509,1734
351: 1988
352: 1245,189,944
353: 
354: 
355: 
1735: 437,857,634,1944,1872,1771,1558,2003,1843,610,1111,600,309,1887,1763,461,519,1548,1932,387,694,778,299,1469,310,2002,1564
1584: 1050,1626,287,1250,2016,737,117,66,107,1543,1261,45,1048,1222,150,561,1797
1468: 995
359: 1635,1587,1527,883,1254
360: 202,195,1230,474,1451,119,14,1524,1772,669,2013,1935,1644,1671,1629,844,2000,1569,1257,1748,1855,298,1352,197,1255,319,810
361: 
1974: 
363: 1876
1854: 205,284,960,1225,755,262,2012,1239,1845,317,1834
1398: 
366: 
1860: 
368: 
369: 
1755: 386
1631: 1517
1796: 1372,1298,1703,1654
373: 
1531: 1272,998
1439: 1272
1524: 202,1555,195,1230,798,474,1451,1483,133,14,1772,669,2013,970,173,1680,1915,1644,644,1671,56,844,360,2000,1569,1257,1748,1855,298,197,1255,814,319,751,810,1526,1630,1052,1604,1096,882
1356: 1650,399,329,1233
378: 
379: 
1828: 1535,257,2006,808,1367,1011,945,2007,1687,276,1886,1826,972,1608,817,249,58
1964: 1646
382: 719,1513
383: 1684,615,1332,1029,980,1169,633,1386,458,296,144,2010,1717,1476,1501,446,856,887,1945,934,1734,481,1736,555,1702,1025,792,1602,223
1602: 555,727,1702,1025,792,350,223,1684,1332,1029,980,383,1169,1386,458,2010,1717,1476,1501,856,1509,1945,934,1734,481,1736
385: 6,1918,1058,660,654,1294,1103,2014,1146,1576,97,1393,1546,860,478
386: 1755
387: 519,1548,592,1932,752,694,778,1436,299,1469,310,2002,1564,437,1735,857,634,1944,1872,1771,1558,2003,610,1111,600,1887,1763,461
388: 
1513: 719,382
390: 
391: 
1836: 
393: 
1423: 
395: 264,1234,1118,861,169,569,676
1383: 2014,1146,1576,687,97,550,1888,850,1167,1393,100,1918,654,1294,1103,1546,478
397: 399,329,1493,1233
1845: 205,284,960,1225,262,2012,1239,317,1854,1834
399: 1650,1356,329,397,1493,1233
400: 1241,1409
401: 1910,1482,1131,1618,661,1600,451,1969,2008,1580,1322,527,681,1715,1951,1229,1465,263,322,1529,1705,917
1519: 136,292,529
403: 
404: 535,921,629,1563,142,335,2001,312,1466,1194,560,1952,39,557
1579: 
406: 1037,841,412,147,623,509
2014: 1383,1146,1576,687,97,550,1888,850,1167,1393,100,707,1044,6,385,1918,1058,660,654,1294,1103,1546,860,478
1700: 756,190,617,1371,456,1760,1648,2004,40,1017,1142,1327,450,1863,695,1283,1739,1699
1359: 
410: 1557,170,134
1969: 1266,1902,1482,709,1131,154,1618,661,1600,1428,451,1193,2008,847,447,527,1368,99,681,401,1951,1154,286,315,1229,1465,89,1381,305,226,283,263,322,1529,1705
412: 147,623,509,1037,406,841
1654: 1372,1796,1298,1703
414: 
415: 
416: 160
1382: 2019,1490,1538,1171,870,1508,168,1867,129,546,1326,1074,915,965,1401
1526: 485,202,1555,195,798,474,1483,133,1524,1772,669,2013,970,173,1680,644,1671,56,1629,844,2000,1569,1257,1748,1855,298,197,814,319,751,1630,1052,1604,1096,882
419: 
420: 
1840: 1365
422: 1504,822
1992: 
424: 1785
1649: 
426: 
427: 1495,1916
1581: 584,81,920
1988: 1174,351
1326: 2019,1490,671,848,1938,1538,870,1508,620,1867,1196,546,1074,1382
1705: 1266,1902,1910,1618,1600,1428,1969,1193,1621,2008,469,1580,527,1368,99,681,401,286,1465,283,263,322,1529,917,907
432: 
1313: 
1551: 
1348: 
436: 
437: 1735,634,1944,1872,1771,1558,2003,1843,610,1111,600,309,1887,1763,461,519,1548,592,1932,1780,387,694,778,299,830,1469,310,1120,2002,1564,747,174
1375: 
439: 
440: 
441: 539,859
1644: 485,202,195,1230,798,474,1451,1483,119,14,1524,1772,669,2013,970,1680,1915,644,1671,844,360,2000,1569,1257,1748,1855,298,1352,197,1255,814,319,751,810,1052,882
1839: 
444: 
1878: 1633,522,2005,1390,1934,1095,1572,828,532,723,1749,1071,1852,1666,1007,638
446: 633,1386,458,296,1053,144,2010,1476,1501,856,887,1945,383,1169,1101,1702,792,223
447: 1266,1902,709,1131,154,661,451,1969,2008,1951,1154,1229,89,1381,305,226
1730: 
449: 
450: 1327,1863,1885,1292,695,1283,1739,1699,190,617,1371,456,1700,1760,1648,2004,1994,1017,1142
451: 1482,1131,661,1969,2008,1322,447,527,1715,401,1951,1154,1229,89,1381,305,1529
1834: 205,284,960,755,262,2012,1239,1845,317,1854
1966: 1857
454: 211,1453,548,123
455: 
456: 756,190,617,1371,1700,1760,1648,2004,40,337,1994,1142,450,1863,695,1076,1283,1739,1699
457: 
458: 633,1386,296,144,2010,1476,1501,446,856,887,1945,1684,615,383,1169,934,481,1736,1702,1025,792,1602,223
459: 
460: 
461: 437,1735,857,634,898,1944,1872,1771,1558,2003,1843,610,1111,600,309,1887,1763,519,1548,592,1932,387,694,778,1436,299,830,1469,1163,310,1120,2002,1564,323,747,174
462: 
1665: 331,1535,257,2006,1150,808,1367,945,2007,1687,276,1886,1552,73,972,1081,817,1334,1758,249,58,466,1698
464: 
1385: 
466: 1698,331,257,2006,1150,808,1367,2007,276,1552,1665,972,1081,817,1334,1758,249,58
1428: 1266,1902,154,1618,661,1600,1969,1193,2008,469,847,527,1368,99,681,1154,286,315,1229,1381,226,283,263,1705
1748: 202,195,798,474,14,1524,1772,669,2013,970,1644,644,1671,844,360,2000,1257,298,197,1255,814,319,751,810,1526,1052,1604,1096,882
469: 1902,1910,1618,1600,1428,1193,1621,2008,1368,99,681,1465,283,263,1705,907
1676: 733,556
471: 
1452: 
1630: 1555,798,474,1483,133,1524,1772,2013,970,173,1680,644,2000,197,814,319,751,1526,1604,1096,882
474: 485,202,1555,195,1230,798,1451,1483,133,14,1524,1772,669,2013,970,173,1680,1915,1644,644,1671,56,1629,844,360,2000,1569,1257,1748,1855,298,197,1255,814,319,751,810,1526,1630,1052,1604,1096,882
475: 
1837: 231,1188,297,255,2015,1173,338,1427,779,1051,339,1754,1865
477: 1287,1625,1046,1278,1995,495,697,2009,1638,1943,1281,232,729,1976
478: 1546,860,1383,2014,1146,1576,97,1888,850,1167,1393,100,707,1044,6,385,654,1294
479: 
1763: 437,1735,857,634,898,1944,1872,1771,1663,1558,2003,1843,610,1111,600,309,1887,461,519,1548,592,1932,387,752,694,778,299,830,1469,1163,310,1120,2002,1564,323,747,174
481: 934,1734,1736,1684,615,1332,1029,980,383,1169,458,2010,1717,1501,555,727,1702,1025,792,1602,223
1801: 
1885: 1327,450,1863,1292,695,1076,1283,1739,1699,176,756,190,1371,1648,2004,1994
1942: 
485: 1555,195,1230,474,1451,1483,133,1772,669,2013,970,173,1680,1915,1644,1671,1629,844,2000,1569,1257,1855,1352,197,814,1526
486: 
1664: 549,203,589,1330
1648: 756,190,617,1371,456,1700,1760,2004,40,1994,1017,1142,1327,450,1863,1885,1292,695,1283,1739,1699,176
489: 1159,1518,1253
1857: 1966
491: 
492: 
493: 
494: 1175,231,1209,1188,670,2015,1173,1198,1022,777,1679,547
495: 1395,1287,1046,521,1278,477,1995,697,2009,1638,1943,1645,1281,1170,1487,1976,1647,1296
496: 
1761: 
498: 
1302: 
1400: 
501: 
502: 
1948: 
1574: 1721
1999: 1633,2005,1390,1934,1095,1572,828,65,1071,638
506: 869
507: 1005,730,515,686
508: 
509: 412,147,623,1037,406,841
510: 
511: 1023,1795,609,109,1620,544,1303,1718,261,2017,291,1632,703,2011
1320: 1673
513: 
1409: 1005,400
515: 730,935,507,686
1699: 1327,450,1863,1885,1292,695,1076,1283,1739,176,756,190,617,1371,456,1700,1648,2004,40,337,1142
517: 1897,1036,1766,215
1505: 
519: 1548,592,1932,387,752,694,778,1436,299,1469,1163,310,2002,1564,323,437,1735,634,1872,2003,1111,1763,461
520: 136,292,1965
521: 1995,495,2009,1638,1645,1281,1170,1487,1647
522: 1633,2005,1390,1934,1878,1095,1572,65,532,723,1749,1071,1852,1007,638
523: 
524: 33
1831: 149
526: 584,692,81
527: 1266,1902,1482,1131,154,1618,661,1600,1428,451,1969,2008,1580,1322,1368,99,681,1715,401,1951,1154,286,315,1229,1465,89,1381,226,263,322,1529,1705
1855: 485,202,1555,195,798,474,1451,1483,133,119,14,1524,1772,669,2013,970,173,1935,1644,1671,56,1629,844,360,2000,1569,1257,298,1352,197,814,319,1526,1052
529: 136,292,1519
1809: 1511,235
531: 1149,2018,1213,1059,825,1753,542,958,597,639,1431
532: 522,2005,1390,1934,1878,723
533: 
534: 1054,1494,112
535: 921,404,629,1563,142,335,2001,312,1466,1194,560,900
536: 
1300: 
538: 
539: 859,441
540: 1489
541: 
542: 531,2018,1213,1059,825,958,597,1083,790,1431,922
543: 
544: 1620,1119,1303,1718,261,2017,291,1632,703,1882,2011,1023,1795,609,109,511
545: 1990
546: 2019,1490,671,848,1070,1538,1171,870,1508,168,1867,129,1326,1074,1382,1912,915,965,1115,1401,1583
547: 1175,231,1209,1188,255,670,2015,1173,1198,1022,494,777,1679,1427,779,339
548: 211,1453,123,454
549: 203,1664,589,1330
550: 1888,850,1167,1393,100,707,1044,1383,2014,1146,1576,687,97,1103,1546,860
551: 
552: 
1812: 
554: 38
555: 727,1702,1025,792,350,1602,223,1332,1029,980,383,1169,1386,2010,1717,1501,856,1509,934,1734,481,1736
556: 1676,733
557: 142,172,335,2001,312,674,1238,1466,1194,560,1952,701,39,316,0,900,921,404,1563
1906: 
1991: 
560: 142,172,335,2001,312,1466,1194,1952,39,316,557,900,535,921,404,629,1563
561: 1166,91,1797,1626,1584,1250,2016,107,1543,1261,45,1048,1222,150
2006: 331,1535,257,1828,1150,808,1367,1011,945,2007,1687,276,1886,1552,1665,73,1826,972,1081,1608,817,1334,1758,249,58,466,1698
563: 1077,1155,3
1600: 1266,1902,1910,1131,154,1618,661,1428,1969,1193,1621,2008,469,847,1580,527,1368,99,681,1715,401,1951,1154,286,315,1229,1465,1381,226,283,263,322,1529,1705
565: 
1673: 1320,1049
1888: 550,850,1167,1393,100,707,1044,1383,2014,1146,1576,687,97,654,1294,1546,860,478
1557: 170,410
569: 395,264,1118,861,169,676,1901
570: 
571: 1696
1488: 
573: 
574: 
575: 
1586: 
1904: 
1448: 
579: 1653,744
580: 213,83
581: 1220,1968
582: 
1744: 
584: 526,692,81,920,1581
585: 
1760: 190,617,1371,456,1700,1648,2004,40,1994,1017,1142,450,1292,695,1283,1739
587: 
1968: 581
589: 549,203,1664,1330
590: 1311,1997
591: 1588,780,1181
592: 519,1548,1932,1780,387,752,694,778,1436,299,1469,1163,310,1120,2002,1564,323,747,437,634,2003,1763,461
593: 
1962: 
1766: 1036,215,517
596: 53
597: 531,1149,2018,1059,825,1753,542,958,639,1431,135
598: 
1515: 
600: 437,1735,634,1872,1771,1558,2003,1843,610,309,1887,1763,461,1548,1932,1780,387,694,778,299,830,1469,310,1120,2002,174
1653: 579,744
1296: 1395,1287,495,2009,1638,1645,1487,1647
1353: 
604: 
605: 665,713,1895
606: 
1670: 
1747: 
609: 1023,109,511,1620,544,1303,261,2017,1632,703,2011
610: 437,1735,857,634,898,1944,1872,1771,1663,1558,2003,1843,1111,600,309,1887,1763,461,1548,387,694,830,1469,310,2002,174
611: 
612: 
1800: 
614: 1607,1817
615: 1684,1332,1029,980,383,1169,633,458,2010,1476,1945,934,481,1736,1702,223
1479: 1522,765
617: 756,190,1371,456,1700,1760,1648,2004,40,337,1994,1017,1142,450,695,1283,1739,1699
1336: 
619: 1916,259
620: 2019,1490,671,848,1938,1538,1508,1196,1326
621: 
622: 
623: 412,147,509,1037,406,841
1594: 
625: 2019,671,848,1938,1070,1538,870,1196,1074,987,64,1401,1583,1
626: 
1722: 1168,871
1569: 485,202,1555,195,1230,798,474,1451,1483,133,119,14,1524,1772,669,2013,970,173,1680,1915,1644,1671,56,1629,844,360,2000,1257,1855,298,1352,197,1255,814,319,810,1526
629: 535,921,404,1563,335,2001,312,1194,560,1952
630: 
1471: 1996
1708: 325,1496
633: 1386,458,296,144,2010,1717,1476,1501,446,856,887,1945,1684,615,1029,383,1169,1736,1702,792,223
634: 437,1735,857,898,1944,1872,1771,1663,1558,2003,1843,610,1111,600,309,1887,1763,461,519,1548,592,1932,387,752,694,778,830,1469,1163,2002,1564,323,747
635: 
636: 
1509: 1386,296,1053,144,2010,1717,1476,1501,856,887,555,727,1101,1702,1025,792,350,1602,223
638: 1749,1071,1852,1666,1007,1633,522,2005,1999,1934,1878,1095,1572,828,723
639: 531,1149,2018,1213,1059,825,187,1753,958,597,790,1431,135
640: 
641: 
642: 
1522: 1479,765
644: 195,1230,798,474,1483,133,1524,1772,2013,970,173,1680,1915,1644,2000,1748,298,197,1255,814,319,751,1526,1630,1604,1096,882
1806: 750,853
646: 
1289: 102,973,806
1603: 
1395: 1287,1046,1278,495,697,2009,1638,1645,1487,1976,1647,1296
1745: 
651: 
652: 1889
653: 
654: 6,385,1918,1058,660,1294,1103,1383,2014,1146,1576,687,97,1888,1167,1393,100,1546,860,478
655: 1827,876,1462
656: 753,86
657: 1399
658: 
659: 1802
660: 6,385,1918,1058,654,1294,1103,2014,1146,97,1393,860
661: 1266,1902,1482,709,1131,154,1618,1600,1428,451,1969,2008,1322,447,527,1368,99,681,1715,401,1951,1154,286,315,1229,89,1381,305,226,263,322,1529
662: 
663: 
664: 
665: 605,713,1895
666: 
1595: 
668: 1276
669: 485,202,1555,195,798,474,1451,133,119,14,1524,1772,2013,1935,1644,1671,56,1629,844,360,2000,1569,1257,1748,1855,298,1352,197,814,319,810,1526,1052
670: 231,1209,1188,297,255,2015,1173,1198,338,1022,494,777,1679,779,1051,547
671: 2019,1490,848,1070,1538,1171,870,1508,620,168,1867,1196,129,546,1326,1074,625,987,915,965,1115,1401,1583,1
1472: 
1687: 331,1535,257,1828,2006,1150,808,1367,1011,945,2007,276,1886,1665,73,1826,972,817,1758
674: 172,2001,312,1238,1466,1952,701,39,316,0,557
1672: 
676: 395,861,169,569,1901
1882: 1620,544,1119,1303,1718,261,2017,291,1632,2011,1795
1663: 857,634,898,1944,1872,1771,1558,2003,1843,610,1111,1887,1763,2002
1477: 
680: 158
681: 1266,1902,1910,1482,154,1618,661,1600,1428,1969,1193,1621,2008,469,1580,527,1368,99,1715,401,1951,1154,286,1229,1465,226,283,263,322,1529,1705
1810: 
683: 1312
1983: 1259,919,1195,1323
1711: 
686: 730,507,515
687: 1383,2014,1146,1576,97,550,1888,850,1167,1393,100,6,1918,654,1103,1546,860
1643: 326
689: 
690: 771
1965: 136,292,165,520
692: 584,526,81
1993: 855
694: 519,1548,592,1932,1780,387,752,778,1436,299,830,1469,1163,310,1120,2002,1564,323,747,174,437,1735,634,1872,1771,2003,1843,610,600,309,1887,1763,461
695: 1327,450,1863,1885,1292,1283,1739,1699,756,190,617,1371,456,1700,1760,1648,2004,1017,1142
696: 
697: 1395,1287,1625,1046,1278,477,1995,495,2009,1638,1943,1645,1281,232,729,1976
698: 1862
699: 
1916: 427,1495,619,259
701: 335,2001,312,674,1238,1466,1194,1952,39,316,0,557
702: 
703: 1620,544,1119,1303,261,2017,291,1632,2011,1023,609,109,511
1506: 
1971: 937
706: 
707: 550,1888,850,1167,1393,100,1044,2014,97,6,1546,860,478
1982: 
709: 1266,1131,154,661,1969,2008,847,447,1154,286,315,89,1381,305,226
1490: 2019,671,848,1070,1538,1171,870,1508,620,168,1867,1196,129,546,1326,1074,1382,915,965,1115
1590: 
712: 1089,1174
713: 605,665,1895
714: 
715: 1187,760,90
1489: 540
1566: 
1662: 
719: 382,1513
720: 
721: 
1567: 893
723: 1633,522,2005,1390,1934,1878,1095,532,1749,1071,1852,1666,1007,638
1758: 331,257,2006,1150,808,1367,1011,945,2007,1687,276,1886,1552,1665,73,972,1081,817,1334,466,1698
1775: 
1550: 1098
727: 555,1101,1702,1025,792,350,1602,223,296,2010,1717,1501,856,1509,887,1734,481
1785: 424
729: 1625,1278,477,697,2009,1943,232,1976
730: 1005,935,507,515,686
1575: 
732: 1252
733: 1676,556
1977: 
735: 1037,841
736: 
737: 1050,1626,287,1584,2016,117,66,990,107,1543,293,1261,45,1048,1222,150,91,1797
1997: 1311,590
739: 
1552: 331,2006,1150,1367,2007,276,1665,73,972,1081,1334,1758,466,1698
1912: 915,965,64,1115,1401,1583,1,2019,1070,1171,870,1867,546,1074,987
742: 
1710: 862
744: 1653,579
745: 
1330: 549,1664,589
747: 1548,592,1932,1780,752,694,299,830,1469,1163,1120,2002,1564,323,174,437,634,2003,1843,309,1763,461
1637: 
1817: 614
750: 853,1806
751: 202,195,1230,798,474,1524,1772,2013,970,1680,1644,644,1671,2000,1748,298,197,1255,814,319,810,1526,1630,1052,1604,1096,882
752: 519,1548,592,1932,387,694,778,1436,299,1469,1163,1120,2002,1564,323,747,634,2003,1763
753: 656,86
1928: 
755: 205,284,960,1492,262,2012,317,1854,1834
756: 190,617,1371,456,1700,1648,2004,40,337,1994,1863,1885,695,1076,1283,1739,1699,176
757: 1066,1623,1813,1030,1960
758: 
759: 
760: 90,715,1187
761: 
1838: 
763: 1077,1155
1753: 531,1149,2018,1213,1059,825,958,597,790,639,1431,135
765: 1522,1479
766: 
767: 1919,867
1453: 211,548,123,454
2004: 756,190,617,1371,456,1700,1760,1648,40,337,1994,1017,1142,1327,450,1863,1885,1292,695,1076,1283,1739,1699,176
770: 
771: 690
1401: 1912,915,965,64,1115,1583,1,2019,671,848,1070,1171,870,1508,1867,546,1074,1382,625,987
1281: 1287,1046,521,1278,477,1995,495,697,2009,1638,1943,1645,1170,1487,1976,1647
1622: 
775: 
776: 
777: 1175,231,1209,670,2015,1198,1022,494,1679,547
778: 519,1548,592,1932,387,752,694,1436,299,1469,310,1120,2002,1564,174,437,1735,634,1944,1872,2003,1111,600,1887,1763,461
779: 1175,231,1188,297,255,670,2015,1173,1198,338,1022,1837,1679,1427,1051,339,1754,547
780: 591,1588
781: 940
782: 
783: 
1863: 1327,450,1885,1292,695,1076,1283,1739,1699,756,190,1371,456,1700,1648,2004,1142
785: 
1903: 1658,977
787: 1156,1087
788: 1158,905,845,1454
1588: 591,780,1181
790: 2018,1213,1059,825,187,1753,542,958,1083,639,1431,135
791: 
792: 555,727,1101,1702,1025,350,1602,223,383,1169,633,1386,458,296,1053,144,2010,1717,1476,1501,446,856,1509,887,481,1736
1429: 
1889: 652
1367: 331,257,1828,2006,1150,808,1011,945,2007,1687,276,1886,1552,1665,73,972,1081,1608,1334,1758,466
796: 333
1696: 571
798: 202,1555,195,474,1483,133,1524,1772,669,2013,970,173,1680,1644,644,1671,56,844,2000,1569,1257,1748,1855,298,197,1255,814,319,751,810,1526,1630,1052,1604,1096,882
799: 
1553: 1244,1350
1626: 1050,287,1584,1250,2016,737,117,66,990,107,1543,293,1261,45,1048,1222,150,91,561,1797
2012: 205,284,960,1492,1225,755,262,1239,1845,317,1854,1834
1900: 
1779: 
805: 212
806: 102,1289,973
807: 
808: 331,1535,257,1828,2006,1150,1367,1011,945,2007,1687,276,1886,1665,73,1826,972,817,1758,249,58,466,1698
809: 
810: 202,195,1230,798,474,119,14,1524,1772,669,2013,1935,1644,1671,844,360,2000,1569,1257,1748,298,197,1255,814,319,751,1052,882
1365: 1840
1494: 534,1054
1893: 1307,1691
814: 485,1555,195,1230,798,474,1451,1483,133,119,1524,1772,669,2013,970,173,1680,1915,1644,644,1671,844,2000,1569,1257,1748,1855,298,1352,197,1255,319,751,810,1526,1630,1604,882
815: 
816: 
817: 331,1535,257,1828,2006,808,1011,945,2007,1687,276,1886,1665,73,1826,972,1081,1608,1758,249,58,466,1698
818: 
1299: 84,236
1823: 1104,874
2011: 1620,544,1119,1303,1718,261,2017,291,1632,703,1882,1023,1795,609,109,511
822: 422
1518: 489,1159,1253
824: 
825: 531,2018,1213,1059,187,1753,542,958,597,1083,790,639,1431,922,135
1640: 
827: 
828: 1633,2005,1999,1390,1934,1878,1095,1572,65,1071,1666,1007,638
1392: 
830: 1548,1932,1780,694,299,1469,310,1120,2002,747,174,437,634,1872,1771,2003,1843,610,600,309,1887,1763,461
831: 838,1192
1399: 657
1754: 1175,231,255,2015,1173,338,1837,1679,1427,779,1051,339
834: 839
1909: 
836: 
837: 
838: 831,1192
839: 834
1466: 142,172,335,2001,312,674,1238,1194,560,1952,701,39,316,0,557,900,535,404,1563
841: 1037,735,406,412,147,623,509
1427: 1175,231,1209,1188,297,255,2015,1173,1198,338,1837,1679,779,1051,339,1754,547
1887: 437,1735,634,1944,1872,1771,1663,1558,2003,1843,610,1111,600,309,1763,461,387,694,778,830,310,2002
844: 485,202,1555,195,798,474,133,14,1524,1772,669,2013,970,173,1935,1644,1671,56,1629,360,2000,1569,1257,1748,1855,298,197,814,319,810,1526,1052,1604,1096,882
845: 788,1158,905,1454
846: 
847: 1266,709,154,1600,1428,1969,2008,1368,99,1154,286,315,1381,226
848: 2019,1490,671,1938,1070,1538,870,1508,620,1867,1196,546,1326,1074,625,987,1401
1774: 
850: 550,1888,1167,1393,100,707,1044,1383,2014,1146,1576,687,97,1546,860,478
1651: 
1407: 265
853: 750,1806
1431: 531,1149,2018,1213,1059,825,1753,542,958,597,1083,790,639,922
855: 1993
856: 633,1386,458,296,1053,144,2010,1717,1476,1501,446,1509,887,1945,383,555,727,1101,1702,1025,792,350,1602,223
857: 1735,634,898,1944,1872,1771,1663,1558,2003,1843,610,1111,1763,461,387,1469,2002,1564,323
858: 
859: 539,441
860: 1546,478,2014,1146,1576,687,97,550,1888,850,1167,1393,100,707,1044,6,385,1918,660,654,1294,1103
861: 395,264,1234,1118,169,569,676,1901
862: 1710
1718: 1620,544,1119,1303,261,2017,291,1632,1882,2011,1795,511
1596: 
1978: 273
1784: 
867: 1919,767
1539: 
869: 506,1345
870: 2019,1490,671,848,1070,1538,1171,1508,168,1867,1196,129,546,1326,1074,1382,625,987,1912,915,965,64,1115,1401,1583,1
871: 1722
872: 
2009: 1395,1287,1625,1046,521,1278,477,1995,495,697,1638,1943,1645,1281,232,1170,1487,729,1976,1647,1296
874: 1823,1104
1572: 1633,522,2005,1999,1390,1934,1878,1095,828,65,1071,1666,1007,638
876: 655,1827,1462,307
1723: 
878: 
1620: 544,1119,1303,1718,261,2017,291,1632,703,1882,2011,1023,609,511
880: 1306,1825
1610: 1306,1825
882: 1052,1604,1096,202,798,474,1524,1772,2013,970,1680,1644,644,56,844,2000,1257,1748,298,197,1255,814,319,751,810,1526,1630
883: 1635,1587,1527,359
1293: 
1736: 934,1734,481,1684,615,1332,1029,980,383,1169,633,458,2010,1501,555,1702,792,1602,223
886: 
887: 633,1386,458,296,1053,144,2010,1476,1501,446,856,1509,383,1169,727,1101,1702,1025,792,223
888: 
1996: 1471
1852: 1749,1071,1666,1007,638,1633,522,2005,1934,1878,1095,723
891: 
1871: 
893: 1567
1411: 
895: 
1958: 
1346: 
898: 857,634,1944,1872,1771,1663,1558,2003,1843,610,1111,1763,461,1548,1469,1163,2002,1564,323
899: 1719,1227
900: 142,172,335,2001,312,1238,1466,560,39,316,557,535,921,1563
901: 1681
902: 
903: 
904: 
905: 788,845
1473: 
907: 917,1910,1618,1621,2008,469,1580,1465,1705
908: 
1915: 485,195,1230,474,1451,1483,133,119,1524,1772,2013,970,1680,1644,644,1671,2000,1569,1352,197,1255,814
910: 
911: 178,1426
1319: 1405,1804
913: 
914: 
915: 1912,965,64,1115,1401,1583,1,2019,1490,671,1070,1171,870,1508,168,1867,129,546,1074,1382,987
1881: 
917: 907,1910,1618,1621,2008,1580,401,1465,322,1705
1511: 235,1809
919: 1259,1983,1195,1323
920: 584,81,1581
921: 535,404,629,1563,142,335,2001,1194,560,1952,557,900
922: 2018,1213,825,542,1083,1431
1450: 
924: 1740,92
1495: 427,1916
1716: 
1288: 
1902: 1266,1910,154,1618,661,1600,1428,1969,1193,1621,2008,469,447,527,1368,99,681,1715,1154,286,1229,1465,1381,226,283,263,1529,1705
1364: 
1334: 331,2006,1150,1367,1011,2007,276,1552,1665,73,972,1081,1758,466
1830: 1949
1650: 399,1356,329
1381: 1266,1902,709,1131,154,661,1600,1428,451,1969,2008,847,447,527,1951,1154,286,315,1229,89,305,226
934: 1734,481,1736,1684,615,1332,1029,980,383,1169,458,2010,1717,1945,555,1702,1602,223
935: 730,515
936: 
937: 1971
1790: 
939: 
940: 781
1847: 
942: 
943: 1798
944: 352,1245,189,42
945: 331,1535,257,1828,2006,808,1367,1011,2007,1687,276,1886,1665,73,1826,972,1081,1608,817,1758,249,58,1698
1402: 
1573: 
1492: 205,284,960,755,262,2012,317
1555: 485,202,195,798,474,1451,1483,133,1524,1772,669,2013,970,173,1671,56,1629,844,2000,1569,1257,1855,298,197,814,319,1526,1630,1052,1604
950: 
1843: 437,1735,857,634,898,1944,1872,1771,1663,1558,2003,610,1111,600,309,1887,1763,461,1548,694,830,1469,1163,2002,1564,323,747
952: 1160
1884: 
1327: 450,1863,1885,1292,695,1283,1739,1699,1371,1700,1648,2004,1017,1142
955: 
1391: 
957: 
958: 531,1149,2018,1213,1059,825,187,1753,542,597,790,639,1431,135
1523: 
960: 205,284,1492,1225,755,262,2012,1239,1845,317,1854,1834
961: 
1945: 633,1386,458,296,144,2010,1717,1476,1501,446,856,1684,615,1332,1029,980,383,1169,934,1702,1025,1602,223
1638: 1395,1287,1046,521,1278,477,1995,495,697,2009,1645,1281,1170,1487,1976,1647,1296
964: 
965: 1912,915,1115,1401,1583,1,2019,1490,671,1070,1171,870,1508,168,1867,129,546,1074,1382
966: 1877
967: 
968: 
969: 1853
970: 485,1555,195,798,474,1451,1483,133,1524,1772,2013,173,1680,1915,1644,644,1671,56,844,2000,1569,1257,1748,1855,298,197,1255,814,319,751,1526,1630,1052,1604,1096,882
2003: 437,1735,857,634,898,1944,1872,1771,1663,1558,1843,610,1111,600,309,1887,1763,461,519,1548,592,1932,1780,387,752,694,778,1436,299,830,1469,1163,310,1120,2002,1564,323,747,174
972: 331,257,1828,2006,808,1367,1011,945,2007,1687,276,1886,1552,1665,73,1826,1081,1608,817,1334,1758,249,58,466,1698
973: 102,1289,806
974: 
1933: 
1950: 
977: 1658,1903
1706: 25
1451: 485,1555,195,1230,474,1483,133,119,1524,1772,669,2013,970,173,1680,1915,1644,1671,360,2000,1569,1257,1855,298,1352,197,1255,814
980: 1684,615,1332,1029,383,1169,1386,2010,1717,1476,1501,1945,934,1734,481,1736,555,1702,1025,1602,223
1846: 
982: 1606
1583: 1912,915,965,64,1115,1401,1,2019,671,1070,1171,870,129,546,1074,625,987
984: 
985: 37
986: 
987: 2019,671,848,1070,870,1196,1074,625,1912,915,64,1401,1583,1
1681: 901
1306: 1610,880,1825,1122
990: 1050,1626,2016,737,117,107,293,1261,45,1048,150,1166,91,1797
991: 
992: 
993: 
994: 1704
995: 1468
1783: 
1349: 
998: 1531
1460: 
1284: 
1384: 
1002: 
1003: 
1322: 1482,1618,661,451,2008,1580,527,1715,401,1951,1229,305,263,1529
1005: 730,507,1409
1006: 
1007: 1749,1071,1852,1666,638,1633,522,2005,1390,1934,1878,1095,1572,828,723
1008: 
1009: 
1749: 1071,1852,1666,1007,638,522,2005,1934,1878,1095,723
1011: 331,1535,257,1828,2006,808,1367,945,2007,1687,276,1886,73,1826,972,1081,1608,817,1334,1758,58
1636: 
1647: 1395,1287,1046,521,495,2009,1638,1645,1281,1487,1296
1290: 
1767: 1312
1740: 924,92
1017: 617,1371,1700,1760,1648,2004,1142,1327,450,1292,695,1739
1459: 
1793: 
1587: 1635,1527,359,883,1254
1291: 
1022: 1175,231,1209,1188,297,255,670,2015,1173,1198,338,494,777,1679,779,547
1023: 1795,609,109,511,1620,544,1119,1303,261,2017,291,1632,703,2011
1298: 1703,1372,1796,1654
1025: 555,727,1101,1702,792,350,1602,223,980,383,1169,1386,458,296,1053,144,2010,1717,1476,1501,856,1509,887,1945,1734,481
1026: 
1027: 1444
1931: 1743
1029: 1684,615,1332,980,383,1169,633,1386,2010,1717,1476,1945,934,481,1736,555,1702,1602,223
1030: 1813,1960,1623,757
1715: 1902,1910,1482,1618,661,1600,451,1193,2008,1580,1322,527,681,401,1951,1229,1465,263,322,1529
1604: 1052,1096,882,202,1555,798,474,133,1524,1772,2013,970,173,644,56,1629,844,2000,1257,1748,298,197,814,319,751,1526,1630
1350: 1244,1553
1034: 
1378: 
1036: 1897,1766,215,517
1037: 735,406,841,412,147,623,509
1561: 
1436: 519,592,1932,387,752,694,778,299,1469,1163,310,2002,1564,2003,461
1040: 1791,279
1311: 590,1997
1957: 
2016: 1050,1626,287,1584,1250,737,117,66,990,107,1543,293,1261,45,1048,1222,150,1166,91,561,1797
1044: 550,1888,850,1167,1393,100,707,2014,1576,1546,860,478
1970: 1639
1046: 1395,1287,1625,1278,477,1995,495,697,2009,1638,1645,1281,232,1487,1976,1647
1335: 
1048: 1050,1626,1584,1250,2016,737,117,66,990,107,1543,293,1261,45,1222,150,1166,91,561,1797
1049: 1673
1050: 1626,287,1584,2016,737,117,66,990,107,1543,293,1261,1048
1051: 231,1188,297,255,670,2015,1173,1198,338,1837,1427,779,339,1754,1865
1052: 1604,1096,882,202,1555,798,474,14,1524,669,2013,970,173,1935,1644,1671,56,1629,844,2000,1257,1748,1855,298,197,319,751,810,1526
1053: 296,144,2010,1501,446,856,1509,887,1101,1025,792,350
1054: 534,1494,112
1055: 
1056: 
1582: 
1058: 6,385,1918,660,654,1294,1103,2014,1146,1576
1059: 531,1149,2018,1213,825,187,1753,542,958,597,790,639,1431,135
1060: 
1061: 
1975: 
1063: 
1925: 
1065: 
1066: 1623,757,1813,1960
1773: 
1068: 
1963: 
1070: 2019,1490,671,848,1538,1171,870,1508,1867,1196,129,546,1074,625,987,1912,915,965,64,1115,1401,1583,1
1071: 1749,1852,1666,1007,638,1633,522,2005,1999,1390,1934,1878,1095,1572,828,65,723
1072: 
1725: 
1074: 2019,1490,671,848,1070,1538,1171,870,1508,1867,1196,129,546,1326,1382,625,987,1912,915,965,64,1401,1583,1
2018: 531,1149,1213,1059,825,187,1753,542,958,597,1083,790,639,1431,922,135
1076: 1863,1885,1283,1739,1699,176,756,190,456,2004,337,1994
1077: 563,1155,3,763
1802: 659
1079: 
1080: 
1081: 331,257,2006,1367,1011,945,2007,276,1552,1665,73,972,1608,817,1334,1758,249,58,466,1698
1690: 
1083: 2018,1213,825,187,542,790,1431,922
1084: 
1517: 1631
1328: 
1087: 1156,787
1521: 
1089: 712,1174
1090: 
1091: 
1092: 
1795: 1023,109,511,544,1303,1718,261,2017,291,1632,1882,2011
1094: 
1095: 1633,522,2005,1999,1390,1934,1878,1572,828,65,723,1749,1071,1852,1666,1007,638
1096: 1052,1604,882,798,474,1524,2013,970,173,644,56,844,2000,1748,298,319,751,1526,1630
1097: 94
1098: 1550
1099: 
1961: 
1101: 727,1702,1025,792,350,223,296,1053,144,2010,1501,446,856,1509,887
1514: 
1103: 6,385,1918,1058,660,654,1294,1383,2014,1146,1576,687,97,550,1393,100,1546,860
1104: 1823,874
1105: 
1106: 
1107: 
1108: 1856
1548: 519,592,1932,1780,387,752,694,778,299,830,1469,1163,310,1120,2002,1564,323,747,174,437,1735,634,898,1872,1771,2003,1843,610,1111,600,309,1763,461
1110: 
1111: 437,1735,857,634,898,1944,1872,1771,1663,1558,2003,1843,610,1887,1763,461,519,1548,1932,387,778,1469,2002,1564,323
1739: 1327,450,1863,1885,1292,695,1076,1283,1699,756,190,617,1371,456,1700,1760,1648,2004,40,1994,1017,1142
1113: 
1538: 2019,1490,671,848,1938,1070,1171,870,1508,620,1867,1196,129,546,1326,1074,1382,625
1115: 1912,915,965,64,1401,1583,1,2019,1490,671,1070,1171,870,129,546
1876: 363
1564: 519,1548,592,1932,387,752,694,778,1436,299,1469,1163,1120,2002,323,747,437,1735,857,634,898,1872,1771,2003,1843,1111,1763,461
1118: 395,344,264,1234,861,569
1119: 1620,544,1303,1718,261,2017,291,1632,703,1882,2011,1023
1120: 1548,592,1932,1780,752,694,778,299,830,1469,1163,310,2002,1564,747,174,437,2003,600,309,1763,461
1307: 1893
1122: 1306,1825
1123: 
1897: 1036,517
1125: 
1126: 
1127: 1980,101,157
1919: 867,767
1951: 1266,1482,1131,154,1618,661,1600,451,1969,2008,1322,447,527,681,1715,401,1154,286,315,1229,89,1381,305,226,322,1529
1309: 
1131: 1266,1482,709,154,661,1600,451,1969,2008,447,527,401,1951,1154,286,315,1229,89,1381,305,226,322,1529
1607: 614
1372: 1796,1298,1703,1654
1976: 1395,1287,1625,1046,1278,477,1995,495,697,2009,1638,1943,1645,1281,1487,729
2015: 1175,231,1209,1188,297,255,670,1173,1198,338,1022,494,1837,777,1679,1427,779,1051,339,1754,547,1865
1646: 1964
1390: 1633,522,2005,1999,1934,1878,1095,1572,828,65,532,723,1071,1007
1476: 633,1386,458,296,144,2010,1717,1501,446,856,1509,887,1945,1684,615,1029,980,383,1169,1702,1025,792,1602,223
1139: 
1140: 
1141: 
1142: 190,617,1371,456,1700,1760,1648,2004,1017,1327,450,1863,1292,695,1739,1699
1444: 1027
1780: 1548,592,1932,694,299,830,310,1120,2002,747,174,437,2003,600
1437: 
1146: 1383,2014,1576,687,97,550,1888,850,1167,1393,100,6,385,1918,1058,660,654,1294,1103,1546,860,478
1147: 
1717: 633,1386,296,144,2010,1476,1501,856,1509,1945,1684,1029,980,383,1169,934,1734,481,555,727,1702,1025,792,350,1602,223
1149: 531,2018,1059,1753,958,597,639,1431,135
1150: 331,2006,808,1367,2007,1687,1552,1665,73,1334,1758,466
1386: 633,458,296,144,2010,1717,1476,1501,446,856,1509,887,1945,1684,1029,980,383,1169,555,1702,1025,792,1602,223
1844: 1441
1659: 
1154: 1266,1902,709,1131,154,661,1600,1428,451,1969,2008,847,447,527,1368,99,681,1951,286,315,1229,89,1381,305,226,1529
1155: 563,1077,3,763
1156: 1087,787
1157: 
1158: 788,845,1454
1159: 489,1518,1253
1160: 952
1393: 550,1888,850,1167,100,707,1044,1383,2014,1146,1576,687,97,6,385,1918,660,654,1294,1103,1546,860,478
2005: 1633,522,1999,1390,1934,1878,1095,1572,828,65,532,723,1749,1071,1852,1666,1007,638
1163: 519,1548,592,1932,752,694,1436,299,1469,1120,2002,1564,323,747,634,898,2003,1843,1763,461
1164: 
1165: 
1166: 91,561,1797,2016,990,107,45,1048,1222,150
1167: 550,1888,850,1393,100,707,1044,1383,2014,1146,1576,687,97,654,1546,860,478
1168: 1722
1169: 1684,615,1332,1029,980,383,633,1386,458,296,144,2010,1717,1476,1501,446,887,1945,934,481,1736,555,1702,1025,792,1602,223
1170: 521,1995,495,2009,1638,1645,1281,1487
1171: 2019,1490,671,1070,1538,870,1508,168,1867,129,546,1074,1382,1912,915,965,64,1115,1401,1583,1
1698: 466,331,257,2006,808,945,2007,276,1552,1665,1826,972,1081,1608,817,1758,249,58
1173: 1175,231,1209,1188,255,670,2015,1198,338,1022,494,1837,1679,1427,779,1051,1754,547
1174: 712,1089,1988
1175: 231,1209,255,2015,1173,1198,1022,494,777,1679,1427,779,1754,547
1872: 437,1735,857,634,898,1944,1771,1663,1558,2003,1843,610,1111,600,309,1887,1763,461,519,1548,1932,387,694,778,830,1469,310,2002,1564,323
1177: 
1178: 1305
1943: 1625,1278,477,1995,495,697,2009,1281,729,1976
1546: 860,478,1383,2014,1146,1576,687,97,550,1888,850,1167,1393,100,707,1044,6,385,654,1294,1103
1181: 591,1588
1182: 
1183: 
1184: 
1185: 
1719: 899,1227
1187: 715,760,90
1188: 231,297,255,670,2015,1173,1198,338,1022,494,1837,1679,1427,779,1051,339,547,1865
1727: 128
1190: 1818
1798: 943
1192: 838,831
1193: 1266,1902,1910,1618,1600,1428,1969,1621,2008,469,1580,1368,99,681,1715,1229,1465,283,263,1529,1705
1194: 335,2001,312,1466,560,1952,701,39,557,535,921,404,629,1563
1195: 1259,919,1983,1323
1196: 2019,1490,671,848,1938,1070,1538,870,1508,620,1326,1074,625,987,1
1197: 
1198: 1175,231,1209,1188,297,255,670,2015,1173,1022,494,777,1679,1427,779,1051,339,547
1199: 
1200: 
1201: 
1202: 
1203: 
1204: 
1734: 934,481,1736,1332,980,383,2010,1717,555,727,1702,1025,350,1602,223
1842: 
1544: 
1208: 1609
1209: 1175,231,255,670,2015,1173,1198,1022,494,777,1679,1427,547
1210: 
1794: 
1769: 
1213: 531,2018,1059,825,187,1753,542,958,1083,790,639,1431,922
1952: 142,335,2001,312,674,1238,1466,1194,560,701,39,316,0,557,921,404,629,1563
1804: 1319,1405
1216: 
1217: 1478
1218: 
1558: 437,1735,857,634,898,1944,1872,1771,1663,2003,1843,610,1111,600,309,1887,1763,461,387,1469,2002,323
1220: 581
1221: 
1222: 1626,1584,1250,2016,737,66,107,1543,293,1261,45,1048,150,1166,91,561,1797
1516: 256
1478: 1217
1225: 205,284,960,262,2012,1239,1845,317,1854
1679: 1175,231,1209,1188,255,670,2015,1173,1198,338,1022,494,777,1427,779,1754,547
1227: 1719,899
2013: 485,202,1555,195,1230,798,474,1451,1483,133,119,14,1524,1772,669,970,173,1935,1680,1915,1644,644,1671,56,1629,844,360,2000,1569,1257,1748,1855,298,1352,197,1255,814,319,751,810,1526,1630,1052,1604,1096,882
1229: 1266,1902,1910,1482,1131,154,1618,661,1600,1428,451,1969,1193,2008,1580,1322,447,527,1368,681,1715,401,1951,1154,1381,305,226,283,263,1529
1230: 485,195,474,1451,1483,133,119,1524,1772,2013,1680,1915,1644,644,1671,360,2000,1569,1352,197,1255,814,751,810
1462: 655,1827,876,307
1721: 1574
1233: 399,1356,329,397,1493
1234: 395,344,264,1118,861,169
1914: 
1868: 
1237: 
1238: 142,172,335,2001,674,1466,1952,701,39,316,0,557,900,1563
1239: 205,284,960,1225,2012,1845,317,1854,1834
1936: 
1241: 400
1297: 
1633: 522,2005,1999,1390,1934,1878,1095,1572,828,65,723,1071,1852,1666,1007,638
1244: 1553,1350
1245: 352,189,944
1246: 
1608: 331,257,1828,2006,1367,1011,945,2007,276,1886,1826,972,1081,817,249,58,1698
1248: 
1249: 
1250: 1626,287,1584,2016,117,107,1543,1261,45,1048,1222,150,91,561,1797
1251: 96
1252: 732
1253: 489,1159,1518
1254: 1587,1527,359
1255: 195,1230,798,474,1451,119,1524,1772,2013,970,1680,1915,1644,644,1671,360,2000,1569,1748,298,197,814,751,810,882
1256: 
1257: 485,202,1555,195,798,474,1451,1483,133,14,1524,1772,669,2013,970,173,1935,1680,1644,1671,56,1629,844,360,2000,1569,1748,1855,298,1352,197,814,319,810,1526,1052,1604,882
1666: 1749,1071,1852,1007,638,1633,2005,1934,1878,1095,1572,828,723
1259: 919,1983,1195,1323
1533: 
1261: 1050,1626,287,1584,1250,2016,737,117,66,990,107,1543,293,45,1048,1222,150,91,561,1797
1890: 
1658: 1903,977
1960: 1813,1030,1066,1623,757
1797: 1166,91,561,1626,1584,1250,2016,737,117,990,107,1543,293,1261,45,1048,1222,150
1266: 1902,709,1131,154,1618,661,1600,1428,1969,1193,2008,847,447,527,1368,99,681,1951,1154,286,315,1229,89,1381,305,226,283,263,1529,1705
1267: 
1628: 143
1379: 
1563: 535,921,404,629,142,172,335,2001,312,1238,1466,1194,560,1952,39,316,557,900
1271: 
1272: 1439,1531
1684: 615,1332,1029,980,383,1169,633,1386,458,144,2010,1717,1476,1501,1945,934,481,1736,1702,1602,223
1671: 485,202,1555,195,1230,798,474,1451,1483,133,119,14,1524,1772,669,2013,970,1935,1915,1644,1629,844,360,2000,1569,1257,1748,1855,298,1352,197,1255,814,319,751,810,1526,1052
1818: 1190
1276: 668
1277: 1589
1278: 1395,1287,1625,1046,477,1995,495,697,2009,1638,1943,1281,232,729,1976