0: 613,1180
1: 1538,1563,451
1946: 
3: 41,164,1793,649,90
4: 467,424,1568,1072
5: 
6: 1131,702
7: 552,1067
8: 1681,1745,51
9: 1804
10: 1982,905
11: 749,520,854
12: 
13: 826,1280,1367,1051
14: 134,1688,1754
15: 510,1164
16: 1634
17: 1308,838,1899,1809,612,735
18: 
19: 1307,1619
20: 1784,1027,1268,1199
21: 
22: 
23: 
1985: 
25: 
26: 1002
1995: 1102,1296,477,1046,1976,1278,2009,1145,1943,729
28: 980,1831
29: 643
30: 
1853: 1231,442
1994: 456,1760,1700,337,1648,2004,176,1142,695,1292,1682,1974,190,1961,1987,1863,1885,617,1739,1699,1017
33: 1964,806,1709
34: 
35: 
36: 
37: 
38: 
39: 2001,142,1466,316,921,172,722,404,557,78,701
40: 564
41: 164,3,1793,649,90
42: 1588,57,720
43: 760,120,1244
44: 1424
45: 1261,1048,561,91,2016,66
1989: 1592,1030
47: 252
48: 1636,272,1596
49: 
50: 
51: 1681,8,1745
52: 1430
53: 526
54: 
55: 548,374,157
56: 777
57: 1588,42
58: 
59: 1306,1683,241
60: 
61: 
62: 1192,636,1308,838,1899,1809,572,612,412,735
63: 
64: 1324,835
65: 1379,2005,638,535,449,522,1838,1007,1666,492,532,1934,1390,1878,1095,465,1633
66: 1261,1048,561,45,91,2016,287,1797,117
67: 727,156,2010,1717,1476,223,1053,1386,1332,1347,1702
68: 1889,982
1898: 
70: 433,1339,1788,721,1185
1896: 1728
72: 1266,226,1902,1465,2008,1381,315,401,661,1618,322
73: 2007,1318,1886,945,1758,1535,972,1665,2006,249,1698
74: 2006,249,466,1698,2007,1318,1886,945,1535,972,1665
75: 
2010: 727,156,1169,1717,1476,223,1053,1386,1332,67,1347,1702
77: 
78: 404,1238,557,701,900,335,2001,39,142,1466,316,921,172,722
79: 1891
1986: 508,998
81: 
1981: 
83: 
84: 671,1490,1577,420,1531
1866: 1148
86: 
87: 
88: 
89: 
90: 41,164,3,496,1793,649
91: 1261,1048,561,45,2016,66,1626,287,1797,1926,117
92: 1516,1725
93: 1446
94: 486,537,1662
95: 
96: 
97: 
98: 
99: 997,847,1482
100: 1597,1016,1146,2014,207,1099,1383,1167,1294,1576,478,1153,860,707,1546,687,1393
101: 
102: 1812
103: 457
104: 
105: 
106: 1403,1942
107: 
108: 1061,479
109: 291,2011,1119,1718,544,609,1882,261,1908,1620,2017
110: 
111: 1770,1805
112: 1357,1550,1658
113: 
114: 
115: 1708,1338,884
116: 243,681
117: 287,1797,1926,1261,1048,561,91,2016,66,1626
118: 163
119: 1855,173,1257,751,844,1230,1859,1630,2013,1935,1671,1526,1772,2000,882,996,644,1255,195,197,1680,1451,1915,1052,1555,1821
120: 760,1244,43
121: 
122: 1421,1786,1685,1158,1331,239
123: 453,1227
1886: 73,2007,1318,945,1758,972,1665,2006,249,74
125: 346,1445,1205,1579
126: 
127: 
128: 
129: 1883,536,710
1867: 
131: 1405
132: 1350,573
133: 144,1796
134: 14
135: 187,1674,2018,542,926,1149,790,1431,1059,1753
136: 
137: 331,1011
138: 659,1478,1901,852,167,891,886,160
139: 
140: 
141: 574,849
142: 2001,39,1466,316,921,172,722,900,335,404,1238,557,78,701
143: 1398,1033,626
144: 1923,1796,133
145: 402
146: 324,1721,1151
147: 1652,1284,614,1043
148: 
149: 175
150: 660,1428
151: 
152: 1876,379,1823,808,1201,1051
153: 
154: 
155: 1931,951,1904
156: 727,2010,1169,1717,1476,223,1053,1386,1332,67,1347,1702
157: 548,374,55
158: 1802,327
159: 
160: 659,138,1478,1901,852,167,891,886
161: 
1895: 
163: 118
164: 41,3,1793,649,90
165: 
166: 
167: 659,275,138,1540,1478,1901,852,891,886,160,1978
168: 628,1950
169: 
170: 
171: 
172: 2001,39,142,1466,316,921,722,900,335,404,557,78,701
173: 1855,1257,844,119,1230,1859,1630,2013,1935,1671,1772,2000,882,996,644,1255,1680,1915,1052,1555,1821
174: 1887,2002,387,1771,752,1763,1843,778,1469,309,1729,1558,519,1548,857,437,1120,747,830,592,1564,1780
175: 149
176: 456,1994,1700,337,1648,2004,1142,695,1292,1682,1974,190,1987
177: 
178: 
179: 
180: 
181: 1093
1901: 659,138,852,167,886,160
183: 858,714
184: 
1920: 1748,1938,1510,1352,524
186: 1532,870,378
187: 1674,2018,542,135,926,1149,790,1431,1059,1753
188: 
189: 
190: 456,1994,1760,1700,337,1648,2004,176,1142,695,1292,1682,1974,1961,1987,1863,1885,617,1739,1699,450,1017
1865: 1973,1380,1209,2015,1549,1173,339,670
2000: 1855,173,1569,1257,751,844,119,1230,1859,408,1630,2013,1483,202,1935,1671,1526,1772,916,882,996,644,1255,195,197,281,1680,1451,1915,1052,1555,1821
193: 
194: 1785
195: 1257,751,844,119,2013,1671,1526,1772,2000,996,644,1451,1915
196: 
197: 1855,1569,1257,119,1230,1859,408,2013,1483,202,1935,1671,1526,1772,2000,916,882,644,1255,281,1680,1052,1555,1821
198: 1506,1518
199: 
200: 
201: 
202: 1855,1569,1257,1230,1859,408,2013,1483,1935,1526,1772,2000,916,882,644,1255,197,281,1052,1555,1821
203: 
204: 538
205: 1225,2012,1854,1239,262,755
206: 269,1115,1337
207: 1597,1146,2014,100,385,1383,1167,1294,1576,478,1153,860
2001: 39,142,1466,316,921,172,722,900,335,404,1238,557,78,701
209: 
210: 
211: 781,584,630,489
212: 
213: 
214: 
215: 
216: 
1944: 1918,2003,1450,610,299,600
218: 1833,740
219: 
220: 1267,363
221: 
222: 1685,1158,1331,239
223: 727,156,2010,1169,1717,1476,1053,1386,1332,67,1702
224: 
225: 
226: 1266,1705,1580,1902,1465,286,2008,1381,1529,1715,315,401,72,1322,429,661,1618,322
1984: 
228: 1130,1574,1186
229: 
1980: 1521,405,1631,859
231: 
232: 
233: 
234: 
235: 
236: 
1877: 244,1000
238: 1298
239: 222,1685,1158,1331,122,1421,1786
240: 
241: 59,1683
242: 554
243: 116,681
244: 1877,1000
245: 692
246: 758,1824,347,1954,1586
247: 
1921: 
249: 2006,466,74,1698,73,2007,1318,1886,945,1758,1535,972,1665
250: 
251: 
252: 47
1938: 1748,1920,1510,1352,524
254: 
255: 1050,1335
256: 
257: 
1923: 575,144
259: 1165
260: 1481,1936,1195
261: 291,2011,1119,1718,544,609,109,1908,1620,2017
262: 1100,1225,2012,205,1854,1239,284,755,1834
263: 
264: 579,369,1140
265: 
266: 
1891: 79
268: 
269: 1115,1337,206
1880: 994
271: 
272: 1636,48,1596
273: 344,1008
274: 1157
275: 1540,167,891,1978
276: 277,1906,494
277: 881,1906,494,276
278: 
279: 
1918: 2003,1450,1944,600
281: 1855,1569,751,1230,2013,1483,202,1526,1772,2000,916,882,1255,197,1555
282: 
283: 1212
284: 1225,2012,1854,1239,262,1834
285: 
286: 1266,1705,226,1580,1902,2008,1529,1715,1322,429
287: 1797,1926,117,1261,1048,561,91,2016,66,1626
288: 304,1253,1349
289: 
290: 1678,1628,1302
291: 2011,1119,1718,544,511,609,109,1882,261,1908,1620,2017,748
292: 
293: 
1910: 
295: 
296: 
297: 1271
298: 
299: 610,600,2003,1944
300: 
301: 
302: 1522,1762
303: 
304: 288,1253,1349
305: 997,1600,847,1482,447,1229
306: 1221,969
307: 641,1377,382,1182
308: 1412,662,776,1448,1519,767,1097
309: 174,2002,387,1843,1469,519,857,437,747,830,592,1780
310: 639
311: 770,515
312: 
1990: 
314: 
315: 1266,1705,226,1580,1902,1465,2008,1381,1715,401,72,661,1618,322
316: 2001,39,142,1466,921,172,722,900,335,1238,557,78,701
317: 
318: 
319: 
320: 
321: 416
322: 1266,1705,226,1902,1465,2008,1381,1715,315,401,72,1322,429,661,1618
323: 2002,387,752,1763,1843,778,1729,1558,519,857,437
324: 1721,1151,146
325: 
326: 1274,1361
327: 1802,158
328: 1764,845,650
329: 761
330: 
331: 137,1011
332: 
333: 
334: 
335: 900,1238,557,78,701,2001,142,1466,316,921,172,722
336: 774,1909,1711
337: 456,1994,1700,1648,2004,176,1142,695,1292,1682,1974,190,1961,1017
338: 
339: 1973,1380,1022,1209,2015,1865,1549,670
340: 
341: 1544,782
342: 
343: 1975
344: 1008,273
345: 759,1056
346: 125,1445,1205,1579
347: 517,1954,1586,758,246,1824
348: 
349: 
350: 615,1245,1025,856
351: 
352: 
353: 1424
354: 
355: 1224
356: 
357: 399,1504
358: 1596
359: 
360: 908,1034,1113
361: 
1974: 456,1994,1760,1700,337,1648,2004,176,1142,695,1292,1682,190,1961,1987,1863,1699,1017
363: 1267,220
1854: 1100,1225,2012,205,1239,284,262,755,1834
365: 1979
366: 
1860: 1933,1020,1094
368: 
369: 579,264,1140
1926: 287,1797,117,1261,1048,561,91,2016,1626
371: 1905
372: 
373: 1511
374: 548,55,157
375: 
376: 1571
377: 807
378: 1532,870,186
379: 1876,1823,808,152,1201,1051
380: 
1964: 806,33,1709
382: 641,307,1377,1348,1182
383: 1913,703
384: 
385: 1597,2014,207,1383,1294,478,1153,860
386: 
387: 174,2002,1843,323,1469,309,1558,519,857,437,830
388: 
389: 480,1279
390: 459
391: 
392: 
393: 
394: 1373
395: 1277,514,1737,1346
396: 
397: 523
398: 
399: 357,1504
400: 
401: 1266,1705,226,1902,2008,1381,1529,315,72,1322,661,322
402: 145
403: 546,1508,1326,2019,1074,1070,987,1171,1401
404: 1238,557,78,701,900,2001,39,142,1466,921,172,722
405: 1521,1980,1631,859
406: 
407: 
408: 1855,1569,1230,1859,1630,2013,1483,202,1935,2000,882,1255,197,1052,1555,1821
409: 
410: 
1969: 1667
412: 636,1308,838,1899,1809,572,62,735,1960,804
1979: 365
414: 899
415: 1190,1740
416: 321
417: 
418: 
419: 585,1434
420: 1577,1716,1531,84,671,1490
421: 
422: 
1992: 
424: 467,4,1165
425: 514,1346
426: 1991
427: 
428: 
429: 1266,1705,226,1580,1902,286,2008,1715,1322,1618,322
430: 
431: 
432: 1289,635,809
433: 1339,70,1444,721,1185
434: 
435: 
436: 
437: 174,2002,387,1763,1843,323,1469,309,1729,1558,519,857,747,830,592,1564,1780
438: 
439: 1623
440: 
441: 
442: 1853,1231
443: 
444: 
1878: 1379,2005,638,535,449,522,1838,1007,492,532,1390,1694,1095,1633,65,828
446: 
447: 1229,305
448: 1384,745
449: 1379,2005,638,535,522,1838,723,1666,492,1749,532,1934,1390,1878,1694,1095,465,1633,65,828
450: 617,1739,1699,1017,456,2004,190,1961,1987
451: 1538,1
452: 
453: 123,1227
454: 935,1247,581
455: 
456: 1994,1700,337,1648,2004,176,1142,1682,1974,190,1987,450,1017
457: 103
458: 897,855
459: 390
460: 1410
461: 958,1395
462: 
463: 
464: 
465: 1379,2005,638,449,522,1838,723,1007,1666,492,532,1934,1390,1694,1095,1633,65
466: 2006,249,74,1698,2007,1318,945,1535,972,1665
467: 424,4,1568,1072
468: 
469: 1035,1806,817,1181,1724
470: 634
471: 
472: 
1940: 
474: 1024,512,680
475: 
476: 
477: 1102,1647,1296,1046,1976,1278,697,2009,1145,1943,729,1995
478: 2014,207,100,385,1383,1167,1576,1153,860,1393
479: 1061,108
480: 1279,389
481: 
482: 783
1885: 1863,1994,1760,2004,695,190,1961,617,1739,1699
484: 
485: 
486: 94,537,1662
487: 1650,515,1056
488: 
489: 211,584,630
1857: 
491: 
492: 1379,2005,638,535,449,522,1838,723,1007,532,1934,1390,1878,1694,1095,465,1633,65
493: 
494: 277,276
495: 634
496: 1793,90
497: 772
498: 1329,1595,1183
499: 
500: 
501: 
502: 995,637,576
1948: 
504: 1536,938
1999: 1916
506: 
507: 1751
508: 998,1986
509: 1319
510: 15,1164
511: 291,2011,1119,1718,544,609,1882,1023,1620,2017,748
512: 474,1024,680
513: 657,1688
514: 1737,395,1277,425,1346
515: 770,311,1056,487
516: 
517: 347,1954,1586
1908: 291,2011,1119,1718,544,609,109,1882,261,1620,2017
519: 1887,174,2002,387,1771,752,1763,1843,323,778,1469,309,1729,1558,1548,857,437,747,830,592,1564,1780
520: 749,11,854
521: 
522: 1379,2005,638,449,1838,723,1007,1666,492,532,1934,1390,1878,1095,465,1633,65
523: 397
524: 1748,1938,1920,1510,1352
525: 
526: 53
527: 1222,1044
1913: 383,703
529: 1493,1246
530: 
531: 
532: 1379,2005,638,535,449,522,1838,723,492,1749,1390,1878,1694,1095,465,1633,65,828
533: 
534: 1810,1868,1036
535: 1379,2005,638,449,492,532,1390,1878,1633,65
536: 129,1883,710
537: 94,486,1662
538: 204,957
539: 622
540: 1818
541: 652
542: 187,1674,2018,135,926,1149,790,1431,1059
543: 
544: 291,2011,1119,1718,511,609,109,1882,261,1908,1023,1620,2017,748
545: 
546: 1508,1326,2019,403,1070,987,1171,1401
547: 1973,1380,1022,1391,2015,1549,1173,1198
548: 374,55,157
549: 1686,1676,816
550: 
551: 1561,1791,1581
552: 7,1067
553: 
554: 242,1813
555: 
556: 
557: 404,1238,78,701,900,335,2001,39,142,1466,316,921,172,722
1906: 1399,881,277,276
1991: 426,1841
560: 
561: 1261,1048,45,91,2016,66,1626,287,1797,1926,117
562: 793
563: 
564: 40
565: 712
1924: 
567: 
1870: 
569: 
570: 1498
571: 
572: 1192,636,1308,838,1809,62,412,735,1960
573: 1350,132
574: 1413,849,141
575: 1923
576: 637,502,995
1904: 1931,951,155
578: 1040,1041
579: 264,369,1140
580: 
581: 935,454,1247
582: 1276,1013,942,679
583: 
584: 1585,211,781,630,489
585: 419,1434
1869: 
587: 1210,1511
588: 654,875
589: 
590: 
591: 
592: 1120,747,830,1564,1780,1887,174,2002,1771,1843,778,1469,309,519,857,437
593: 1743
1962: 
595: 
596: 
597: 
598: 1847
599: 1462
600: 610,299,1918,2003,1944
601: 1114
602: 
603: 
604: 1486,1251
605: 
606: 
607: 
608: 725
609: 291,2011,1119,1718,544,511,109,1882,261,1908,1620,2017,748
610: 299,600,2003,1944
611: 
612: 838,1899,1809,17,62
613: 0
614: 1652,1284,147
615: 1245,350,1025,856
616: 
617: 1739,1699,450,1017,1863,1994,1760,2004,1142,695,1682,190,1961,1987,1885
618: 1157
619: 
620: 
621: 
622: 539
623: 1643
624: 
625: 
626: 143,1398
627: 
628: 168,993,1950
629: 
630: 211,584,489
631: 
632: 
633: 
634: 495,470
635: 1289,739,809,432
636: 1192,1308,838,1899,1809,572,62,412,735
637: 576,502,995
638: 1379,2005,535,449,522,1838,1007,492,532,1934,1390,1878,1694,1095,465,1633,65
639: 310
640: 1385
641: 307,1377,1348,382,1182
642: 1200
643: 29
644: 1855,173,1569,1257,751,844,119,1230,1859,1630,2013,202,1671,1526,1772,2000,916,882,996,1255,195,197,1451,1052,1555,1821
645: 
646: 
647: 943,1184,1690
1859: 1855,173,1569,1257,119,1230,408,1630,2013,1483,202,1935,1772,2000,916,882,644,1255,197,1052,1555,1821
649: 41,164,3,1793,90
650: 1764,845,328
651: 
652: 541
653: 
654: 588,875
655: 1302
656: 
657: 513,1688
658: 
659: 138,1478,1901,852,167,891,886,160
660: 150,1428
661: 1266,1705,226,1580,1902,1465,2008,1381,1529,1715,315,401,72,1618,322
662: 1412,776,1448,1519,308
663: 
664: 
665: 
666: 
667: 861,801
668: 
669: 
670: 1973,1380,1022,1209,2015,1865,1549,1173,1198,339
671: 84,1490,1577,420,1531
672: 1590,1664,1454
673: 1402,1399,881
674: 
675: 
676: 1839,1557
1882: 291,2011,1119,1718,544,511,609,109,1908,1023,1620,2017,748
678: 
679: 1276,1013,582,942
680: 474,1024,512
681: 243,116
682: 
683: 1219,1892,1945,744
1983: 
685: 
686: 
687: 1546,1393,1016,1146,2014,100,1099,1294,1576,707
688: 
689: 
690: 
1965: 
692: 245
1993: 
694: 
695: 1994,1760,1700,337,2004,176,1142,1292,1682,1974,190,1961,1987,1863,1885,617,1699
696: 
697: 1102,1287,1647,477,1046,1976,1278,2009,1145,1943,729
698: 
699: 1689,973
700: 1050
701: 404,1238,557,78,900,335,2001,39,142,1466,316,921,172,722
702: 1131,6
703: 383,1913
1883: 129,536,710
1971: 1654
706: 1187
707: 1597,1016,1146,2014,100,1099,1383,1294,1576,1103,687
1982: 10,905
709: 
710: 129,1883,536
711: 
712: 565
713: 1643,940
714: 183,858
715: 1121
716: 
717: 
718: 
719: 1730
720: 1588,42
721: 433,1339,70,1788,1444
722: 2001,39,142,1466,316,921,172,900,335,404,1238,557,78,701
723: 1379,2005,449,522,1838,1666,492,1749,532,1934,1390,1694,1095,465,1633,828
724: 1353,1830
725: 608
726: 
727: 156,2010,1717,1476,223,1053,1386,1332,67,1347,1702
728: 
729: 1102,1287,1647,1296,477,1046,1976,1278,697,2009,1145,1943,1995
730: 
731: 
732: 894
733: 1897,1616
1977: 
735: 636,1308,838,1899,1809,572,17,62,412,1960
736: 
737: 
1997: 
739: 809,1289,635
740: 1833,218
1912: 
742: 
743: 1174
744: 1219,683,981
745: 1384,448
1911: 1996,959
747: 1120,830,592,1564,1780,174,2002,1771,1469,309,519,857,437
748: 2017,291,2011,1119,1718,544,511,609,1882,1023,1620
749: 11,520,854
750: 
751: 1855,1569,1257,119,1230,2013,1671,1526,1772,2000,916,882,996,644,195,281,1451,1555
752: 1887,174,2002,1771,1763,1843,323,778,1729,1558,519,1548,857
753: 1085
1928: 
755: 1100,1225,2012,205,1854,1239,262,1834
756: 
757: 
758: 246,1824,347,1954,1586
759: 345
760: 120,1244,43
761: 329
762: 
763: 
764: 
765: 1297
766: 1382,1773
767: 1097,1412,776,1448,1519,308
768: 
2004: 456,1994,1760,1700,337,1648,176,1142,695,1292,1682,1974,190,1961,1987,1863,1885,617,1739,1699,450,1017
770: 515,311
771: 
772: 497
773: 
774: 336
775: 1132,1079
776: 662,1448,1519,308,767,1097
777: 56
778: 1887,174,2002,1771,752,1763,1843,323,1729,1558,519,1548,857,592,1564
779: 
780: 
781: 1585,211,584
782: 1544,341
783: 482
1863: 1994,1760,2004,695,1292,1682,1974,190,1961,1885,617,1699
785: 1871
786: 1340
787: 1107,1305
788: 
789: 
790: 187,1674,2018,542,135,926,1149,1431,1059,1753
791: 
792: 
793: 562
794: 
795: 
796: 
797: 
798: 
799: 
800: 
801: 667,861
2012: 1100,1225,205,1854,1239,284,262,755,1834
1900: 1430,924
804: 1960,412
805: 
806: 1964,33,1709
807: 377
808: 1876,379,1823,152,1201
809: 739,1289,635,432
810: 
811: 
812: 
1893: 
814: 
815: 
816: 549
817: 1035,1806,1181,1724,469
818: 1211
819: 
820: 
2011: 291,1119,1718,544,511,609,109,1882,261,1908,1023,1620,2017,748
822: 988
823: 
824: 
825: 
826: 13,1280,1367
827: 1787,1497,1825
828: 1379,2005,449,1838,723,1666,1749,532,1390,1878,1694,1095,1633
829: 
830: 1120,747,592,1564,1780,174,2002,387,1771,1843,1469,309,519,857,437
831: 1817
832: 
833: 
834: 1242,1060
835: 1324,950,64
836: 
837: 
838: 636,1308,1899,1809,572,17,62,612,412,735
839: 
1907: 
841: 1506,1518
842: 
1887: 174,2002,1771,752,1763,778,1729,519,1548,857,592,1564,1780
844: 173,1257,119,1230,1630,2013,1935,1671,1772,2000,996,644,1255,195,1680,1915,1052
845: 1764,328,650
846: 1093
847: 99,997,305,1600,1482,1229
848: 
849: 574,1413,141
850: 
851: 
852: 659,138,1540,1478,1901,167,891,886,160
853: 1416
854: 749,11,520
855: 458,897
856: 1025,615,1245,350
857: 1887,174,2002,387,1771,752,1763,1843,323,778,1469,309,1729,1558,519,1548,437,747,830,592,1564,1780
858: 183,714
859: 1631,1521,1980,405
860: 1597,1146,2014,207,100,385,1099,1383,1167,1294,1576,478,1153,1393
861: 667,801
862: 1847
863: 1741
864: 
1978: 275,1540,167,891
866: 
867: 
1892: 1219,683,1945
869: 1949
870: 186,378
871: 1090,1351
872: 
2009: 1102,1287,1647,1296,477,1046,1976,1278,697,1145,1943,729,1995
874: 
875: 588,654
876: 
877: 
878: 
879: 
880: 
881: 1402,1399,673,277,1906
882: 1855,173,1569,1257,751,119,1230,1859,408,1630,2013,1483,202,1671,1526,1772,2000,916,996,644,1255,197,281,1052,1555,1821
883: 
884: 1338,1111,115
885: 
886: 659,138,1478,1901,852,167,160
887: 
888: 
889: 
1852: 
891: 659,275,138,1540,1478,852,167,160,1978
1871: 785
893: 
894: 732
895: 1175
1958: 
897: 458,855
898: 1340
899: 414
900: 335,404,1238,557,78,701,2001,142,1466,316,921,172,722
901: 
902: 1503
903: 1656
904: 
905: 10,1982
906: 
907: 990
908: 360,1034
1915: 173,1257,844,119,1230,2013,1671,1772,2000,996,195,1680,1451,1052
910: 
911: 
1972: 
913: 
914: 
915: 
916: 1855,1569,1257,751,1230,1859,2013,1483,202,1671,1526,1772,2000,882,644,1255,197,281,1451,1555
917: 
918: 
919: 
920: 999,1204
921: 2001,39,142,1466,316,172,722,900,335,404,557,78,701
922: 
1956: 
924: 1137,1900
925: 
926: 187,1674,2018,542,135,1149,790,1431,1059
927: 1732
1902: 1266,1705,226,1580,286,2008,1381,1529,315,401,72,1322,429,661,1618,322
1899: 636,1308,838,1809,17,62,612,412,735
930: 1394
931: 1622
932: 
933: 
934: 
935: 454,1247,581
936: 1454,1590
937: 
938: 504,1536
939: 1970,1010,1407,1517
940: 713,1643
941: 
942: 1276,1013,582,679
943: 1184,647,1690
944: 
945: 73,2007,1318,1886,1758,1535,972,1665,2006,249,466,74,1698
946: 
947: 
948: 
1959: 
950: 835
951: 1931,155,1904
952: 
1858: 
1953: 
955: 
956: 1317,1359
957: 538
958: 1395,461,1363
959: 1911,1996
960: 
961: 1282
1945: 1219,683,1892
963: 
964: 
965: 
966: 1734,1547
967: 
968: 
969: 1221,306
970: 1096,1374
971: 
972: 73,2007,1318,1886,945,1758,1535,1665,2006,249,466,74,1698
973: 1598,1689,699
974: 1084,1701,1848,1197
1933: 1860,1020,1094
1950: 168,628,993
977: 
978: 
979: 
980: 1831,28
981: 744
982: 68,1889
983: 
984: 
985: 
986: 1312,1021
987: 546,1508,1326,2019,403,1074,1070,1171,1401
988: 822
1905: 371
990: 907
991: 
992: 
993: 628,1950
994: 1880
995: 502,1963,637,576
996: 173,1257,751,844,119,1230,2013,1671,1526,1772,2000,882,644,195,1451,1915,1555
997: 99,305,847,1482
998: 508,1986
999: 920,1204
1000: 244,1877
1001: 1409,1304
1002: 1460,1505,26
1003: 
1004: 
1005: 
1006: 1661
1007: 1379,2005,638,522,1838,1666,492,1934,1390,1878,1095,465,65
1008: 344,273
1009: 
1010: 1970,939,1407,1517
1011: 331,137
1012: 
1013: 1276,582,942,679
1014: 1722
1015: 
1016: 1597,1146,2014,100,1099,1294,1576,1103,707,1546,687
1017: 617,1739,1699,450,456,1994,1700,337,1648,2004,1142,1682,1974,190,1961,1987
1018: 
1019: 
1020: 1933,1860,1094
1021: 986
1022: 1973,1380,1209,1391,2015,1549,1173,547,1198,339,670
1023: 2011,1119,1718,544,511,1882,1620,2017,748
1024: 474,512,680
1025: 856,615,1245,350
1026: 
1027: 1268,1199,1862,1784,20
1028: 
1029: 
1030: 1989
1031: 
1032: 
1033: 143,1398
1034: 1113,908,360
1035: 1806,817,1181,1724,469
1036: 1810,534,1868
1037: 
1038: 
1039: 
1040: 1041,578
1041: 1040,578
1957: 
1043: 1284,147
1044: 1621,1222,527
1970: 1010,939
1046: 1102,1287,1296,477,1976,1278,697,2009,1145,1943,729,1995
1047: 
1048: 1261,561,45,91,2016,66,1626,287,1797,1926,117
1049: 1719,1499
1050: 700,255
1051: 13,1280,1876,379,152
1052: 1855,173,1257,844,119,1230,1859,408,1630,2013,202,1935,1671,1772,2000,882,644,1255,197,1680,1915,1555,1821
1053: 727,156,2010,1169,1717,1476,223,1386,1332,67,1347,1702
1054: 
1055: 
1056: 1650,515,345,487
1057: 
1058: 
1059: 187,1674,2018,542,135,926,790,1431,1753
1060: 834
1061: 108,479
1975: 343
1063: 
1925: 
1065: 
1066: 
1067: 7,552,1659
1068: 
1963: 995
1070: 546,1508,1326,2019,403,1074,987,1171,1401
1071: 
1072: 467,4,1568
1073: 
1074: 1508,1326,2019,403,1070,987,1171
2018: 187,1674,542,135,926,1149,790,1431,1059,1753
1076: 
1077: 1553
1078: 1435
1079: 1132,775
1080: 
1081: 
1874: 1850
1083: 
1084: 1701,974,1197
1085: 753
1939: 
1087: 1453,1603
1088: 1193
1089: 
1090: 871,1351
1091: 
1092: 
1093: 846,181
1094: 1933,1860,1020
1095: 1379,2005,638,449,522,1838,723,1007,1666,492,1749,532,1934,1390,1878,1694,465,1633,65,828
1096: 970,1374
1097: 767,1412,776,1448,1519,308
1098: 
1099: 1597,1016,1146,2014,100,1294,1576,1153,1103,860,707,1546,687,1393
1100: 1225,2012,1854,1239,262,755,1834
1101: 
1102: 1287,1647,477,1046,1976,1278,697,2009,1145,1943,729,1995
1103: 1597,1016,1146,2014,1099,1294,1576,707
1104: 1837
1105: 
1106: 
1107: 787,1305
1108: 
1109: 
1110: 1599,1447
1111: 1338,884
1112: 
1113: 1629,1034,360
1114: 601
1115: 269,1337,206
1876: 379,1823,808,152,1201,1051
1117: 1310,1354
1118: 
1119: 291,2011,1718,544,511,609,109,1882,261,1908,1023,1620,2017,748
1120: 747,830,592,1564,1780,174,2002
1121: 715
1122: 
1123: 
1897: 1616,733
1125: 
1126: 
1127: 1670
1919: 
1951: 
1130: 228,1186
1131: 6,702
1132: 775,1079
1133: 
1976: 1102,1647,1296,477,1046,1278,697,2009,1145,1943,729,1995
2015: 1973,1380,1022,1209,1391,1865,1549,1173,547,1198,339,670
1136: 
1137: 924,1723
1138: 
1139: 
1140: 579,264,369,1684
1141: 
1142: 456,1994,1700,337,1648,2004,176,695,1292,1682,1974,190,1961,1987,617,1017
1143: 1606
1144: 
1145: 1102,1287,1647,1296,477,1046,1976,1278,697,2009,1943,729,1995
1146: 1597,1016,2014,207,100,1099,1383,1294,1576,1153,1103,860,707,1546,687,1393
1147: 
1148: 1866
1149: 187,1674,2018,542,135,926,790,1431
1150: 
1151: 324,1721,146
1152: 
1153: 1597,1146,2014,207,100,385,1099,1383,1167,1294,1576,478,860,1546,1393
1154: 1175
1155: 1252
1156: 1909,1711,1325
1157: 274,618
1158: 222,1685,1331,239,122,1421,1786
1159: 
1160: 1550
1161: 
2005: 1379,638,535,449,522,1838,723,1007,1666,492,1749,532,1934,1390,1878,1694,1095,465,1633,65,828
1163: 
1164: 15,510
1165: 424,259
1166: 
1167: 2014,207,100,1383,478,1153,860,1393
1168: 
1169: 156,2010,1717,1476,223,1053,1386,1332,1347
1170: 
1171: 546,1508,1326,2019,403,1074,1070,987,1401
1172: 
1173: 1973,1380,1022,1209,1391,2015,1865,1549,547,1198,670
1174: 743
1175: 895,1154
1872: 
1177: 
1178: 
1943: 1102,1287,1647,1296,477,1046,1976,1278,697,2009,1145,729,1995
1180: 0
1181: 1035,817,1724,469
1182: 641,307,1377,1348,382
1183: 1329,498,1595
1184: 943,647,1690
1185: 433,1339,70
1186: 1574,1130,228
1187: 706
1188: 
1189: 
1190: 415,1740
1191: 
1192: 636,1308,1809,572,62
1193: 1088
1194: 1281
1195: 1481,1936,260
1196: 
1197: 1084,1701,974
1198: 1973,1380,1022,1391,2015,1549,1173,547,670
1199: 1027,1268,1862,1784,20
1200: 642
1201: 1876,379,1823,808,152
1202: 
1203: 1769,1260,1323
1204: 920,999
1205: 346,125,1445,1579
1206: 
1207: 
1208: 
1209: 1973,1380,1022,2015,1865,1549,1173,339,670
1210: 587
1211: 818
1212: 283
1213: 
1952: 
1879: 
1216: 
1217: 
1218: 
1219: 683,1892,1945,744
1220: 
1221: 969,306
1222: 527,1044
1223: 
1224: 355
1225: 1100,2012,205,1854,1239,284,262,755,1834
1226: 
1227: 453,123
2013: 1855,173,1569,1257,751,844,119,1230,1859,408,1630,1483,202,1935,1671,1526,1772,2000,916,882,996,644,1255,195,197,281,1680,1451,1915,1052,1555,1821
1229: 447,305,1600,847,1482
1230: 1855,173,1569,1257,751,844,119,1859,408,1630,2013,1483,202,1935,1671,1526,1772,2000,916,882,996,644,1255,197,281,1680,1451,1915,1052,1555,1821
1231: 1853,442
1232: 
1233: 1827,1378
1234: 
1914: 
1868: 1810,534,1036
1237: 
1238: 404,557,78,701,900,335,2001,142,1466,316,722
1239: 1100,1225,2012,205,1854,284,262,755,1834
1936: 1481,260,1195
1241: 
1242: 834
1243: 
1244: 760,120,43
1245: 615,350,1025,856
1246: 1493,529
1247: 935,454,581
1248: 
1249: 
1250: 1543
1251: 1486,604
1252: 1155
1253: 288,304
1254: 
1255: 1855,173,1569,1257,844,119,1230,1859,408,1630,2013,1483,202,1935,1671,1526,1772,2000,916,882,644,197,281,1680,1052,1555,1821
1256: 
1257: 1855,173,751,844,119,1230,1859,1630,2013,202,1935,1671,1526,1772,2000,916,882,996,644,1255,195,197,1680,1451,1915,1052,1555,1821
1258: 
1259: 
1260: 1203,1769,1323
1261: 1048,561,45,91,2016,66,287,1797,1926,117
1890: 
1263: 1774
1960: 804,572,412,735
1265: 
1266: 1705,226,1580,1902,1465,286,2008,1381,1529,1715,315,401,72,1322,429,661,1618,322
1267: 363,220
1268: 1027,1199,20
1269: 
1270: 
1271: 297
1272: 
1273: 1767,1801
1274: 326,1361
1275: 
1276: 1013,582,942,679
1277: 395,514,1737
1278: 1102,1647,1296,477,1046,1976,697,2009,1145,1943,729,1995
1279: 480,389
1280: 13,826,1367,1051
1281: 1194
1282: 961
1283: 1559
1284: 1652,614,147,1043
1285: 
1286: 
1287: 1102,1296,1046,697,2009,1145,1943,729
1288: 
1289: 635,739,809,432
1290: 
1291: 1416
1292: 1994,1760,1700,337,1648,2004,176,1142,695,1682,1974,190,1961,1987,1863
1293: 
1294: 1597,1016,1146,2014,207,100,385,1099,1383,1576,1153,1103,860,707,687
1888: 
1296: 1287,477,1046,1976,1278,2009,1145,1943,729,1995
1297: 765
1298: 238
1299: 
1300: 
1881: 
1302: 655,1678,290,1628
1303: 1795
1304: 1409,1001
1305: 787,1107
1306: 59,1683
1307: 19,1619
1308: 1192,636,838,1899,1809,572,17,62,412,735
1309: 
1310: 1354,1117
1311: 1614
1312: 986
1313: 
1314: 1639
1315: 
1316: 
1317: 956,1359
1318: 73,2007,1886,945,1758,1535,972,1665,2006,249,466,74,1698
1319: 509
1320: 
1321: 
1322: 1266,1705,226,1580,1902,286,2008,1529,1715,401,429,322
1323: 1203,1769,1260,1525
1324: 835,64
1325: 1156,1909,1711
1326: 546,1508,2019,403,1074,1070,987,1171,1401
1327: 
1328: 
1329: 498,1595,1183
1330: 
1331: 222,1685,1158,239,122,1421,1786
1332: 727,156,2010,1169,1476,223,1053,1386,67,1347
1333: 
1334: 
1335: 255
1336: 
1337: 269,1115,206
1338: 1111,884,115
1339: 433,70,1444,721,1185,1710
1340: 898,786
2003: 1918,1450,1944,610,299,600
1342: 
1343: 
1344: 
1345: 
1346: 395,425,514
1347: 727,156,2010,1169,1476,1053,1386,1332,67
1348: 641,1377,382,1182
1349: 288,304
1350: 573,132
1351: 871,1090
1352: 1748,1938,1920,1510,524
1353: 1830,724
1354: 1310,1117
1355: 
1356: 
1357: 112,1658
1358: 
1359: 956,1317
1360: 
1361: 1274,326
1362: 
1363: 958
1364: 
1365: 1693
1366: 
1367: 13,826,1280
1368: 
1369: 
1370: 
1371: 
1372: 
1373: 394
1374: 970,1096
1375: 
1376: 
1377: 641,307,1348,382,1182
1378: 1827,1233
1379: 2005,638,535,449,522,1838,723,1007,1666,492,1749,532,1934,1390,1878,1694,1095,465,1633,65,828
1380: 1973,1022,1209,1391,2015,1865,1549,1173,547,1198,339,670
1381: 1266,226,1902,1465,2008,315,401,72,661,1618,322
1382: 766,1773
1383: 1597,1146,2014,207,100,385,1167,1294,1576,478,1153,860,707,1393
1384: 745,448
1385: 640
1386: 727,156,2010,1169,1717,1476,223,1053,1332,67,1347,1702
2008: 1266,1705,226,1580,1902,1465,286,1381,1529,1715,315,401,72,1322,429,661,1618,322
1388: 
1389: 
1390: 1379,2005,638,535,449,522,1838,723,1007,1666,492,1749,532,1934,1878,1694,1095,465,1633,65,828
1391: 1973,1380,1022,2015,1549,1173,547,1198
1392: 
1393: 1546,687,1146,2014,100,1099,1383,1167,1576,478,1153,860
1394: 930
1395: 958,461
1922: 
1916: 1999
1398: 143,1033,626
1399: 1402,673,881,1906
1400: 
1401: 546,1508,1326,2019,403,1070,987,1171
1402: 1399,673,881
1403: 106,1942
1404: 
1405: 131
1889: 68,982
1407: 1010,939,1517
1408: 
1409: 1001,1304
1410: 460
1411: 
1412: 662,1448,1519,308,767,1097
1413: 574,849
1903: 
1415: 
1416: 853,1291
1417: 
1966: 
1419: 
1420: 
1421: 122,1786,1685,1158,1331,239
1855: 173,1569,1257,751,119,1230,1859,408,1630,2013,1483,202,1935,1671,1526,1772,2000,916,882,644,1255,197,281,1680,1052,1555,1821
1423: 
1424: 44,353
1425: 
1426: 
1427: 
1428: 150,660
1429: 
1430: 52,1900
1431: 187,1674,2018,542,135,926,1149,790,1059,1753
1432: 
1433: 
1434: 419,585
1435: 1078
1436: 
1437: 
1438: 
1439: 
1440: 
1441: 
1442: 
1443: 
1444: 433,1339,1788,721,1710
1445: 346,125,1205,1579
1446: 1509,93
1447: 1110,1599
1448: 1412,662,776,1519,308,767,1097
1449: 
1450: 1918,2003,1944
1451: 1257,751,119,1230,2013,1671,1526,1772,2000,916,996,644,195,1915,1555
1452: 
1453: 1603,1087
1454: 936,1590,672,1664
2016: 1261,1048,561,45,91,66,1626,287,1797,1926,117
1949: 869
1457: 1988
1458: 
1459: 
1460: 1002,1505
1461: 
1462: 599
2019: 546,1508,1326,403,1074,1070,987,1171,1401
1464: 
1465: 1266,1705,226,1580,2008,1381,1715,315,72,661,1618,322
1466: 2001,39,142,316,921,172,722,900,335,404,1238,557,78,701
2002: 1887,174,387,1771,752,1763,1843,323,778,1469,309,1729,1558,519,1548,857,437,1120,747,830,592,1564,1780
1468: 
1469: 174,2002,387,1771,1843,309,519,857,437,747,830,592,1564,1780
1873: 
1471: 
1472: 
1473: 1523
1474: 
1475: 
1476: 727,156,2010,1169,1717,223,1053,1386,1332,67,1347
1477: 1846
1478: 659,138,852,167,891,886,160
1479: 1840
1935: 1855,173,1257,844,119,1230,1859,408,1630,2013,1483,202,2000,1255,197,1680,1052,1821
1481: 1936,260,1195
1482: 99,997,305,1600,847,1229
1483: 1855,1569,1230,1859,408,2013,202,1935,1526,2000,916,882,1255,197,281,1555,1821
1856: 1927
1485: 
1486: 604,1251
1487: 
1488: 
1489: 
1490: 84,671,1577,420,1531
1961: 1994,1760,1700,337,1648,2004,1142,695,1292,1682,1974,190,1987,1863,1885,617,1739,1699,450,1017
1492: 1604
1493: 529,1246
1494: 
1495: 
1496: 
1497: 1825,827
1498: 570
1499: 1719,1049
2014: 1597,1016,1146,207,100,385,1099,1383,1167,1294,1576,478,1153,1103,860,707,1546,687,1393
1501: 
1502: 
1503: 1642,902,1566
1504: 399,357
1505: 1460,1002
1506: 841,1518,198
1507: 
1508: 546,1326,2019,403,1074,1070,987,1171,1401
1509: 1446
1510: 1748,1938,1920,1352,524
1511: 373,587
1512: 
1513: 
1514: 1612,1601
1515: 
1516: 1725,92
1517: 1010,939,1407
1518: 1506,841,198
1519: 1412,662,776,1448,308,767,1097
1520: 
1521: 1980,405,859
1522: 1762,302
1523: 1473
1524: 
1525: 1323
1526: 1855,1569,1257,751,119,1230,2013,1483,202,1671,1772,2000,916,882,996,644,1255,195,197,281,1451,1555
1527: 
1528: 
1529: 1266,1705,226,1580,1902,286,2008,401,1322,661
1530: 
1531: 1577,1716,420,84,671,1490
1532: 186,378
1533: 
1987: 456,1994,1760,1700,1648,2004,176,1142,695,1292,1682,1974,190,1961,617,1739,1699,450,1017
1535: 73,2007,1318,945,972,1665,2006,249,466,74,1698
1536: 504,938
1537: 
1538: 1,1563,451
1539: 
1540: 275,852,167,891,1978
1541: 
1542: 
1543: 1250
1544: 782,341
1864: 
1546: 687,1393,1016,1146,2014,100,1099,1576,1153
1547: 966,1734
1548: 1887,174,2002,1771,752,1763,778,1729,519,857
1549: 1973,1380,1022,1209,1391,2015,1865,1173,547,1198,339,670
1550: 112,1160
1551: 
1552: 
1553: 1077
1554: 
1555: 1855,173,1569,1257,751,119,1230,1859,408,2013,1483,202,1671,1526,1772,2000,916,882,996,644,1255,197,281,1680,1451,1052
1996: 1911,959
1557: 1839,676
1558: 174,2002,387,752,1763,1843,323,778,1729,519,857,437
1559: 1283
2006: 249,466,74,1698,73,2007,1318,1886,945,1758,1535,972,1665
1561: 551,1791,1581
1562: 
1563: 1538,1
1564: 1120,747,830,592,1780,1887,174,2002,1771,778,1469,1729,519,857,437
1934: 1379,2005,638,449,522,1838,723,1007,1666,492,1390,1095,465,65
1566: 1642,1503
1567: 
1568: 467,4,1072
1569: 1855,751,1230,1859,408,2013,1483,202,1526,1772,2000,916,882,644,1255,197,281,1555
1570: 
1571: 376,1623
1572: 
1573: 
1574: 1186,228
1575: 
1576: 1597,1016,1146,2014,207,100,1099,1383,1294,478,1153,1103,860,707,1546,687,1393
1577: 1716,420,1531,84,671,1490
1578: 1761
1579: 346,125,1445,1205
1580: 1266,1705,226,1902,1465,286,2008,1529,1715,315,1322,429,661,1618
1581: 1561,551,1791
1582: 
1583: 
1584: 
1585: 781,584
1586: 517,347,1954,758,246,1824
1587: 
1588: 42,57,720
1589: 
1590: 672,1664,936,1454
1884: 
1592: 1989
1593: 
1594: 
1595: 1329,498,1183
1596: 358,1636,48,272
1597: 1016,1146,2014,207,100,385,1099,1383,1294,1576,1153,1103,860,707
1598: 973
1599: 1110,1447
1600: 305,847,1482,1229
1601: 1612,1514
1602: 
1603: 1453,1087
1604: 1492
1605: 
1606: 1143
1607: 
1608: 
1609: 1722
1610: 
1611: 
1612: 1601,1514
1894: 
1614: 1311
1988: 1457
1616: 1897,733
1617: 
1618: 1266,1705,226,1580,1902,1465,2008,1381,1715,315,72,429,661,322
1619: 1307,19
1620: 291,2011,1119,1718,544,511,609,109,1882,261,1908,1023,2017,748
1621: 1044
1622: 931
1623: 439,1571
1624: 
1625: 
1626: 1048,561,91,2016,287,1926,117
2007: 73,1318,1886,945,1758,1535,972,1665,2006,249,466,74,1698
1628: 1678,290,1302
1629: 1113
1630: 1855,173,1257,844,119,1230,1859,408,2013,1935,2000,882,644,1255,1680,1052,1821
1631: 859,1980,405
1632: 
1633: 1379,2005,638,535,449,522,1838,723,1666,492,1749,532,1390,1878,1694,1095,465,65,828
1634: 16,1931
1635: 
1636: 48,272,1596
1637: 
1638: 
1639: 1314
1640: 
1641: 
1642: 1566,1503
1643: 623,713,940
1644: 
1645: 
1646: 
1647: 1102,477,1976,1278,697,2009,1145,1943,729
1648: 456,1994,1760,1700,337,2004,176,1142,1292,1682,1974,190,1961,1987,1017
1649: 
1650: 1056,487
1651: 
1652: 1284,614,147
1653: 
1654: 1971
1973: 1380,1022,1209,1391,2015,1865,1549,1173,547,1198,339,670
1656: 903
1657: 
1658: 1357,112
1659: 1067
1942: 1403,106
1661: 1006
1662: 94,486,537
1663: 
1664: 1590,672,1454
1665: 73,2007,1318,1886,945,1758,1535,972,2006,249,466,74,1698
1666: 1379,2005,449,522,1838,723,1007,1749,1934,1390,1694,1095,465,1633,65,828
1667: 1969
1668: 
1669: 
1670: 1127
1671: 1855,173,1257,751,844,119,1230,2013,1526,1772,2000,916,882,996,644,1255,195,197,1680,1451,1915,1052,1555
1672: 
1673: 
1674: 187,2018,542,135,926,1149,790,1431,1059,1753
1675: 
1676: 1686,549
1677: 
1678: 290,1628,1302
1679: 
1680: 1855,173,1257,844,119,1230,1630,2013,1935,1671,1772,2000,1255,197,1915,1052,1555,1821
1681: 8,1745,51
1682: 456,1994,1700,337,1648,2004,176,1142,695,1292,1974,190,1961,1987,1863,617,1739,1699,1017
1683: 1306,59,241
1684: 1140
1685: 222,1158,1331,239,122,1421,1786
1686: 549,1676
1687: 
1688: 657,513,1754,14
1689: 699,973
1690: 943,1184,647
1691: 
1692: 
1693: 1365
1694: 1379,2005,638,449,1838,723,1666,492,1749,532,1390,1878,1095,465,1633,828
1695: 
1696: 
1697: 
1698: 2006,249,466,74,73,2007,1318,945,1535,972,1665
1699: 617,1739,450,1017,1863,1994,1760,2004,695,1682,1974,190,1961,1987,1885
1700: 456,1994,337,1648,2004,176,1142,695,1292,1682,1974,190,1961,1987,1017
1701: 1084,974,1848,1197
1702: 727,156,2010,1717,223,1053,1386,67
1703: 
1704: 
1705: 1266,226,1580,1902,1465,286,2008,1529,1715,315,401,1322,429,661,1618,322
1706: 
1707: 
1708: 115
1709: 1964,806,33
1710: 1339,1444
1711: 1156,336,1909,1325
1712: 
1909: 1156,336,1711,1325
1714: 
1715: 1266,1705,226,1580,1465,286,2008,315,1322,429,661,1618,322
1716: 1577,420,1531
1717: 727,156,2010,1169,1476,223,1053,1386,67,1702
1718: 291,2011,1119,544,511,609,109,1882,261,1908,1023,1620,2017,748
1719: 1499,1049
1968: 
1721: 324,1151,146
1722: 1609,1014
1723: 1137
1724: 1035,1806,817,1181,469
1725: 1516,92
1726: 
1727: 
1728: 1896
1729: 1887,174,2002,1771,752,1763,1843,323,778,1558,519,1548,857,437,1564,1780
1730: 719
1731: 
1732: 927
1733: 
1734: 966,1547
1735: 
1736: 
1737: 514,395,1277
1875: 
1739: 617,1699,450,1017,1994,1760,2004,1682,190,1961,1987,1885
1740: 415,1190
1741: 863
1742: 
1743: 593
1744: 
1745: 1681,8,51
1746: 
1747: 
1748: 1938,1920,1510,1352,524
1749: 1379,2005,449,1838,723,1666,532,1390,1694,1095,1633,828
1862: 1784,1027,1199
1751: 507
1752: 
1753: 187,1674,2018,135,790,1431,1059
1754: 1688,14
1755: 
1756: 1808
1757: 
1758: 73,2007,1318,1886,945,972,1665,2006,249
1759: 
1760: 1994,1648,2004,695,1292,1974,190,1961,1987,1863,1885,617,1739,1699
1761: 1578
1762: 1522,302
1763: 1887,174,2002,752,1843,323,778,1729,1558,519,1548,857,437
1764: 845,328,650
2017: 748,291,2011,1119,1718,544,511,609,109,1882,261,1908,1023,1620
1766: 
1767: 1801,1273
1768: 
1769: 1203,1260,1323
1770: 111,1805
1771: 1887,174,2002,752,1843,778,1469,1729,519,1548,857,747,830,592,1564
1772: 1855,173,1569,1257,751,844,119,1230,1859,2013,202,1671,1526,2000,916,882,996,644,1255,195,197,281,1680,1451,1915,1052,1555
1773: 1382,766
1774: 1263
1775: 
1776: 
1777: 
1778: 
1779: 
1780: 1120,747,830,592,1564,1887,174,2002,1469,309,1729,519,857,437
1781: 
1782: 
1783: 
1784: 1862,20,1027,1199
1785: 194
1786: 122,1421,1685,1158,1331,239
1787: 827
1788: 70,1444,721
1789: 
1790: 
1791: 1561,551,1581
1792: 
1793: 41,164,3,496,649,90
1794: 
1795: 1303
1796: 144,133
1797: 287,1926,117,1261,1048,561,91,2016,66
1798: 
1799: 
1800: 
1801: 1767,1273
1802: 327,158
1931: 1634,951,155,1904
1804: 9
1805: 111,1770
1806: 1035,817,1724,469
1807: 
1808: 1756
1809: 1192,636,1308,838,1899,572,17,62,612,412,735
1810: 534,1868,1036
1927: 1856
1812: 102
1813: 554
1814: 
1815: 
1954: 517,347,1586,758,246,1824
1817: 831
1818: 540
1819: 
1932: 
1821: 1855,173,1257,119,1230,1859,408,1630,2013,1483,202,1935,2000,882,644,1255,197,1680,1052
1822: 
1823: 1876,379,808,152,1201
1824: 758,246,347,1954,1586
1825: 1497,827
1826: 
1827: 1233,1378
1828: 
1955: 
1830: 1353,724
1831: 980,28
1832: 
1833: 740,218
1834: 1100,1225,2012,1854,1239,284,262,755
1835: 
1836: 
1837: 1104
1838: 1379,2005,638,449,522,723,1007,1666,492,1749,532,1934,1390,1878,1694,1095,465,1633,65,828
1839: 676,1557
1840: 1479
1841: 1991
1842: 
1843: 174,2002,387,1771,752,1763,323,778,1469,309,1729,1558,519,857,437,830,592
1844: 
1845: 
1846: 1477
1847: 862,598
1848: 1701,974
1849: 
1850: 1874
1851: 