0: 
1: 
1946: 955
3: 995,132
4: 472,690
5: 
6: 1131,1667
7: 
8: 1681
9: 241,1683,1784
10: 1745,462
11: 
12: 
13: 808
14: 
15: 234
16: 1954,827,1610,1925
17: 1809,612,1192,735,838,1308
18: 1081,220,1416,986
19: 1619,1307
20: 1743
21: 170
1826: 1806,1582,817
23: 1779
1985: 
25: 
26: 1460,499,1505
1995: 1638,697,1647,477,1145,1278,2009,1102,729,1287,1046,1976,1296,1943
28: 
29: 
30: 
1853: 
1994: 2004,190,337,1987,1327,1648,1017,1699,1885,1682,176,1863,695,1739
33: 
34: 481,1108
35: 
36: 
37: 486,537
38: 622,596,539
39: 142,921,900,701,1238,172,78,2001,404,722,316,1952
40: 564
41: 
42: 
43: 1244
44: 
45: 561,66,2016,91,287,117,1797
1989: 1719
47: 1077,1121
48: 959
49: 
50: 
51: 732
52: 1723,947
53: 407,211,630
54: 
55: 1498,453
56: 86,266,1992
57: 482
58: 
59: 874,611
60: 1364,720
61: 
62: 412,1900
63: 1404
64: 
65: 1379,2005,1095,723,1633,1007,1666,1878,535,492,1694,1390,1749,1934,828,532,465,522
66: 561,1926,2016,45,91,287,117,1048,1626,1261,1797
67: 1169,2010,223,1476,156,1332,1053,727,1386,1702
68: 1110,1599
1898: 
70: 1971,1654,1766,471
1896: 422,1942
72: 1705,226,315,305,1529,1465,1266,1229,2008,322,1580,1902,1381,429,401
73: 2006,74,1698,1150,249,972,945,2007,1318,1535,466,1665,1758,1886
74: 2006,1698,1150,249,972,945,2007,1535,73,466,1758,1886
1848: 1692,1084,974,1197
2010: 1169,223,1347,1476,156,1332,1717,67,1053,727,1386,1702
77: 
78: 1194,172,2001,335,404,1466,722,316,1952,39,921,1238
79: 
1986: 
81: 
1981: 770
83: 1001,1366
84: 671,444,1716,1490
1866: 282
86: 56,1992
87: 806,1709,1689,1594,1641
88: 374,1835,788
89: 1515,1402
90: 1793,1305
91: 561,66,1926,2016,45,287,117,1048,1626,1261,1797
92: 1067,1190
93: 
94: 1005,988
95: 
96: 
97: 1044,293,1222
98: 1958
99: 1229,447,2008,1322,1580,1381,429,1618,1715,286,315
100: 1099,207,860,2014,1016,1546,687,1103,1383,1576,1146,1393,1294,1153
101: 556,303
102: 
103: 180,1156
104: 
1841: 1761,1365,155
106: 1348,1528,641,1182,382,664
107: 
108: 146
109: 1620,609,1882,544,1908,2011,1023,748,1718,261,1632,2017,291,511
110: 
111: 319,1805
112: 1471,1658,1635
113: 122,1158
114: 
115: 812
116: 
117: 561,66,2016,45,91,287,1626,1797
118: 1338
119: 1855,173,1257,751,844,1630,1230,408,2013,644,1935,1671,1821,1772,2000,916,281,996,202,1255,195,197,1680,1555,1052,882,1526,814
120: 
121: 
122: 113,1685,1331
123: 1227
1886: 2006,74,1150,249,972,945,2007,1318,1535,73,466,1758
125: 
126: 
127: 
128: 
129: 278,710
1867: 
131: 
132: 995,3
133: 1165
134: 1050
135: 1753,926,1149,187,2018,1431,1674,1059,790,542
136: 1728,1990,1054,1462
137: 
138: 149
139: 
140: 
141: 355,1256,1413,1040,574
142: 39,921,900,701,1238,172,2001,722,1952
143: 1398
144: 
145: 1996,1636
146: 108
147: 1652,614
148: 1202
149: 138,167
150: 
151: 879,1536
152: 673,1724,1367,1051
153: 
154: 
155: 1761,1365,1841
156: 1169,2010,223,1347,1476,1332,1717,67,1053,727,1386,1702
157: 1127,279
158: 
159: 
160: 886
161: 
1895: 563,653,978,1571,376
163: 
164: 1107
165: 
1824: 1925,1904,1610
167: 149,1540,1901
168: 1583,710,1501,1893,966
169: 
170: 21
171: 
172: 1194,78,2001,335,404,722,316,1952,39,142,921,900,1238
173: 1855,751,844,1630,1230,408,2013,1483,644,1671,1772,2000,916,281,996,202,1255,195,197,119,1680,1555,882,814
174: 309,437,2002,1763,747,592,1548,1780,1120,778,1469,1729,387,1887,310,323,1558,830,1843,1771,857
175: 852,1755,971,891,1978,659
176: 2004,190,617,456,1987,1327,1760,1648,1017,1699,1885,1682,1974,1994,1961,1863,695,1739,1700,1292,1142,450
177: 
178: 
179: 
180: 1156,103
181: 1015,824
1901: 167,1540
183: 818,551
184: 
1920: 1538,1938,1510
186: 1532,378
187: 1753,926,1149,2018,1431,135,1674,1059,790,542
188: 
189: 
190: 2004,617,456,337,1987,1327,1760,1648,1017,1699,1885,1682,1974,1994,176,1863,695,1739,1700,1292,1142,450
1865: 1391,547,1209,1198,2015,1173,1380,339,1973,1549,1022
2000: 1855,173,1569,1257,751,844,1630,1230,1859,408,1915,2013,1483,644,1935,1671,1821,1772,916,281,996,202,1255,195,197,119,1680,1451,1555,1052,882,1526,814
193: 
194: 
195: 1855,173,844,1630,1230,408,2013,644,1935,1671,1772,2000,281,1255,197,119,882,1526,814
196: 
197: 1855,173,1569,1257,751,844,1630,1230,1859,1915,2013,1483,644,1821,2000,916,996,202,1255,195,119,1680,1555,882,1526
198: 
199: 
200: 431,353
201: 
202: 1855,173,1569,751,844,1630,1230,1859,2013,1483,644,1671,2000,916,281,996,1255,197,119,1680,1555,1052,882,814
203: 1389
204: 538
205: 1854,1834,2012,1225,284,262,1100,755,1239
206: 1115
207: 1099,100,2014,1016,1546,687,1103,1576,1294,1153
2001: 1194,172,78,335,404,1466,722,316,1952,39,142,921,900,701,1238
209: 1909,235,457
210: 
211: 53,407,630
212: 642
213: 
214: 
215: 702
216: 
1944: 312,600,2003,1918,1872,1932
218: 
219: 
220: 18,1081,1416
221: 
222: 239,1421,1489,1369
223: 1169,2010,1347,1476,156,1332,1717,67,1053,727,1386
1827: 
225: 870
226: 1705,72,315,305,1465,1266,1229,2008,1322,322,1580,1902,1381,429,1618,401
1984: 
228: 
229: 895,1161
1980: 580
231: 
232: 634,875
233: 317,1795,910
234: 15
235: 1909,209
236: 553
1877: 
238: 
239: 1421,1489,222,1369
240: 
241: 9,1683,1784
242: 
243: 681,726
244: 1000,1802
245: 
246: 1027,1825
247: 686
1921: 
249: 2006,74,1698,1150,972,945,2007,1318,1535,1552,73,466,1665,1758,1886
250: 
251: 
252: 394,1388
1938: 1920,1538
254: 
255: 
256: 
257: 
1923: 
259: 467,269,766
260: 1639
261: 1620,1882,544,1908,2011,1023,748,1718,109,1632,2017,291,511
262: 1854,1834,2012,1225,284,205,1100,755,1239
263: 527
264: 1140,780,973
265: 1031
266: 56,1992
1891: 1081,591
268: 
269: 259,766
1880: 994
271: 612,735,838,906
272: 
273: 1972
274: 292
275: 
276: 881,1906
277: 
278: 129,710
279: 1127,157
1918: 1944,312,299,600,2003,1872,1932
281: 1855,173,844,1630,1230,408,2013,644,1935,1671,1772,2000,996,202,195,119,1680,1052,882,814
282: 1866
283: 880,1288
284: 1854,1834,2012,1225,205,262,1100,755,1239
285: 
286: 99,447,2008,1322,322,1580,1902,429,1618,401,1715,661
287: 561,66,1926,2016,45,91,117,1048,1626,1261,1797
288: 
289: 
290: 
291: 2017,1119,511,609,544,1908,2011,1023,748,1718,109,261,1632
292: 274
293: 1044,97,1222
1910: 
295: 384
296: 1020,1094,348
297: 393,1038
298: 
299: 600,2003,1918,1872
300: 
301: 1183
302: 1298,716,1329,1922
303: 101,556
304: 
305: 1705,226,72,315,1529,1465,1266,1229,2008,322,1580,1902,1381,1618,401
306: 1497
307: 
308: 1448,1097
309: 437,2002,1763,747,592,1548,1780,1120,778,1469,1729,174,387,1887,1564,323,1558,830,1843,1771,857
310: 2002,747,592,1548,778,752,519,1729,174,1887,1843,1771,857
311: 515,1504,1089,867,1519,1650,1136,1874,590
312: 1944,600,2003,1918,1872,1932
1990: 136,1728,1054,1462
314: 
315: 1705,226,72,305,1465,99,1266,1229,2008,322,1580,1902,1381,429,1618,1715
316: 1194,172,78,2001,335,404,722,1952,39,921,900,1238
317: 233,1795,910
318: 
319: 1805,111
320: 
321: 
322: 1266,1229,447,2008,1322,1580,1902,1381,1618,401,1715,661,286,1529,1465,1705,226,72,315,305
323: 309,437,2002,1763,747,592,1780,1120,778,1469,1729,174,387,1887,1564,830,1843
324: 479,1721,1316,927
325: 
326: 849
327: 
328: 1764,1516
329: 743
330: 
331: 1687
1825: 246,1027
333: 
334: 
335: 1194,172,78,2001,404,1466,722,316,1952,1238
336: 
337: 2004,190,1327,1648,1017,1699,1885,1682,1994,1863,1739,1700
338: 621
339: 1391,547,1209,1198,1865,2015,1380,1549,670,1022
340: 
341: 
342: 
343: 455,1712,1789,1975
344: 
345: 1254,1494
346: 
347: 1871,969,1787
348: 1094,296
349: 
350: 
351: 
352: 
353: 200,431
354: 1360
355: 1256,1413,1040,574,141
356: 
357: 1842,1965
358: 1596,1731
359: 
360: 
361: 739,432
1974: 2004,190,617,456,1327,1760,1648,1017,1699,1885,1682,1961,176,1863,695,1739,1700,1292,1142,450
363: 
1854: 1834,2012,1225,284,205,262,1100,755,1239
365: 
366: 
1860: 1690,943,1184
368: 
369: 
1926: 561,66,2016,91,287,1048,1626,1261,1797
371: 1218
372: 
373: 605,1511,1949
374: 1617,548,88,1835
375: 
376: 653,978,1895,1571
377: 
378: 1532,186
379: 
1828: 
1964: 1594,1309
382: 1348,1528,106,641,1182,664
383: 
384: 295
385: 860,2014,478,707,1016,1546,1167,1103,1383,1576,1146,1393,1294
386: 
387: 309,437,2002,1763,1780,1120,778,1469,1729,174,1564,323,1558,830,1843
388: 
389: 999
390: 626,1187,706
391: 
1836: 
393: 297
394: 1388,252
395: 
396: 1066,499,1505
397: 742,523
1845: 
399: 
400: 
401: 1266,1229,2008,1322,322,1580,1902,429,1715,661,286,1529,1465,1705,226,72,305
402: 1657,957,977
403: 1070,1074,987,546,2019,1508,1401,1171
404: 1194,172,78,2001,335,1466,722,316,1952,39,921,1238
405: 
406: 
407: 53,211,630
408: 173,844,1630,1230,2013,644,1671,1772,2000,281,1255,195,119,814
409: 
410: 711,1589
1969: 
412: 1900,62
1979: 
414: 899,979,1603
415: 563,978
416: 
417: 
418: 
419: 901,1847
420: 948
1840: 1479
422: 1942,1896
1992: 86,56,266
424: 809
425: 
426: 
427: 
428: 
429: 99,1266,1229,447,2008,1322,1580,1902,1381,1618,401,1715,286,1705,226,72,315
430: 
431: 200,353
432: 361,739
433: 1231,442
434: 
435: 
436: 612,1192,735,838,1308,906
437: 309,2002,1763,747,592,1548,1120,778,752,1729,174,387,1887,1564,323,830
438: 
439: 964
440: 
441: 
442: 1231,433
1839: 
444: 1716,1490,84
1878: 1379,2005,1095,1633,638,1007,535,65,492,1694,1071,449,1749,1934,532,1838,465,522
446: 771
447: 99,1229,2008,1322,322,1580,1381,429,1618,1715,661,286
448: 745,1614
449: 1379,2005,723,638,1878,1071,1749,532,1838,465
450: 2004,190,617,1760,1648,1699,1885,1682,1974,1961,176,1863,695,1739,1700,1292,1142
451: 
452: 
453: 55,1498
454: 
455: 343,1712,1789
456: 2004,190,617,1987,1327,1699,1682,1974,1961,176
457: 1909,209
458: 
459: 
460: 
461: 495,588,1395,470,958
462: 1745,10
463: 
464: 
465: 1379,2005,723,1633,638,1007,1666,1878,535,65,492,1694,1071,449,1749,1934,828,532,1838,522
466: 2006,74,1698,1150,249,972,945,2007,1318,1535,1552,73,1665,1758,1886
467: 259,1477,766
468: 
469: 
470: 958,461,495,588
471: 1971,1654,1766,70
472: 4,690
1940: 
474: 
475: 
1837: 
477: 697,1647,1145,1278,2009,1102,1995,1296
478: 860,2014,707,1016,385,1546,1167,1393,1294
479: 324,1721,1316,927
480: 
481: 34,1108
482: 57
1885: 2004,190,337,1760,1648,1017,1699,1682,1974,1994,176,1863,695,1739,1700,1292,1142,450
484: 
485: 1286,907
486: 37,537
487: 
488: 1873
489: 
1857: 
491: 573
492: 1379,2005,1095,1633,638,1007,1666,1878,535,65,1694,1390,1749,1934,828,532,1838,465,522
493: 
494: 1079
495: 1363,461,588,1395,470,958
496: 
497: 930,772
498: 768,1595
499: 1460,26,1505,396
1850: 
501: 1221,785,1009
502: 1244
1948: 988
504: 
1999: 798,1512
506: 
507: 
508: 
509: 
510: 
511: 2017,1119,291,1620,609,1882,544,1908,2011,1023,748,1718,109,261,1632
512: 1088
513: 
514: 783
515: 311,1504,1089,867,1519,1650,1136,1874,590
516: 
517: 1634,1432,1306
1908: 1620,609,1882,544,2011,1023,748,1718,109,261,1632,2017,1119,291,511
519: 2002,747,592,1548,778,752,1887,310,1771
520: 
521: 
522: 1379,2005,1095,1633,638,1007,1666,1878,535,65,492,1694,1390,1749,1934,828,532,1838,465
523: 397,742,1177,1440
524: 
1831: 
526: 
527: 263
1913: 
529: 
530: 
531: 
532: 1379,2005,723,1633,638,1007,1878,535,65,492,1071,449,1749,1934,828,1838,465,522
533: 1511,1375,1105
534: 
535: 1379,2005,1095,723,1633,638,1007,1666,1878,65,492,1694,1390,1749,1934,828,532,465,522
536: 1798,1091
537: 486,37
538: 204
539: 622,596,38
540: 905
541: 652
542: 1753,926,187,2018,135,1674,1059,790
543: 1253
544: 1620,609,1882,1908,2011,1023,748,1718,109,261,1632,2017,1119,291,511
545: 1437,1800,1002
546: 1326,2019,1508,1401,1171,848,403,1070,1074,987
547: 1391,1209,1198,1865,2015,1173,1380,339,1973,1549,670,1022
548: 1617,374
549: 985,1357,816
550: 
551: 818,183
552: 1740,1067,1649,1732
553: 236
554: 774,1813
555: 
556: 101,303
557: 629
1906: 881,276
1991: 1977,1931
560: 
561: 66,1926,2016,45,91,287,117,1048,1626,1261,1797
562: 
563: 415,978,1895
564: 40
565: 712
1924: 1776,683,744
567: 
1870: 1751
569: 
570: 
571: 770
572: 1423
573: 491
574: 355,1256,1413,1040,141
575: 
576: 
1904: 1824,1925,1610
578: 
579: 1118,1267
580: 1980
581: 
582: 1013,942,679
583: 
584: 1581
585: 1434
1869: 
587: 1210,956
588: 461,495,1395,674,470,958
589: 
590: 311,515,1504,867,1519,1650,1136,1874
591: 1891,1081
592: 309,437,2002,1763,747,1548,1120,778,752,519,1729,174,1887,310,323,830,1843,1771,857
593: 
1962: 
595: 
596: 622,539,38
597: 
598: 672,862
599: 911,1018
600: 1944,312,299,2003,1918,1872
601: 
602: 
603: 
604: 
605: 373,1949
606: 1726
607: 1625,1485
608: 
609: 1620,1882,544,1908,2011,748,109,2017,291,511
610: 
611: 1199,59
612: 17,271,1809,1192,735,838,436,1308,906
613: 
614: 1652,147
615: 
616: 
617: 2004,190,456,1987,1760,1699,1682,1974,1961,176,695,1739,450
618: 
619: 
620: 
621: 338
622: 596,539,38
623: 859,1573
624: 1959,1133,1164
625: 
626: 390,1187,706
627: 
628: 1547,1472
629: 557
630: 53,407,211
631: 
632: 
633: 
634: 232,875
635: 
636: 
637: 
638: 1379,2005,723,1633,1007,1666,1878,535,492,1694,1071,449,1749,532,1838,465,522
639: 
640: 
641: 1348,1528,106,1182,382,664
642: 212
643: 
644: 1855,173,1257,751,844,1630,1230,1859,408,1915,2013,1483,1935,1671,1821,1772,2000,916,281,996,202,1255,195,197,119,1680,1555,1052,882,1526,814
645: 
646: 
647: 1690,943,1184
1859: 1855,1569,1257,751,1230,1915,2013,1483,644,1821,2000,916,996,202,197,1680,1451,1555,1052,882,1526
649: 1320,1541,1305
650: 1516
651: 
652: 541
653: 978,1895,1571,376
654: 1395,674
655: 
656: 
657: 
658: 1068
659: 175,971,1978
660: 
661: 1266,1229,447,2008,1322,322,1580,1902,1618,401,1715,286,1529
662: 
663: 
664: 1348,1528,106,641,1182,382
665: 1518,1284,1506
666: 
667: 683,744
668: 
669: 
670: 1391,547,1209,1198,2015,339,1549,1022
671: 84,1602,1856,1025
672: 598,862
673: 1724,152,1367,1051,1399
674: 1395,654,588
675: 
676: 
1882: 1620,609,544,1908,2011,1023,748,1718,109,261,1632,2017,511
678: 
679: 1013,942,582
680: 
681: 243,726
682: 
683: 744,1924,667
1983: 1159
685: 
686: 247
687: 860,2014,707,1016,1546,1103,1576,1393,1294,1153,1099,100,207
688: 
689: 
690: 472,4
1965: 357,1842
692: 
1993: 
694: 884
695: 2004,190,617,1987,1760,1648,1017,1699,1885,1682,1974,1994,1961,176,1863,1739,1700,1292,1142,450
696: 
697: 1638,1647,477,1145,1278,2009,1102,1995
698: 
699: 
700: 1335,777
701: 39,142,921,900,1238,2001,1952
702: 215
703: 1792
1883: 1272
1971: 1766,471,70
706: 626,390,1187
707: 860,2014,478,1016,385,1546,687,1167,1103,1576,1393,1294
1982: 1903
709: 
710: 278,1583,129,168,1501,966
711: 410,1589
712: 565
713: 
714: 
715: 
716: 1329,951,302,1298
717: 
718: 
719: 
720: 1364,60
721: 
722: 1194,172,78,2001,335,404,1466,316,1952,39,142,921,900,1238
723: 1379,2005,638,1007,1666,535,65,1694,1071,449,1749,1934,828,532,465
724: 
725: 
726: 681,243
727: 1169,2010,223,1347,1476,156,1332,1717,67,1053,1386,1702
728: 
729: 1287,1046,1976,1296,1943,1638,1647,1145,1278,2009,1102,1995
730: 
731: 
732: 51
733: 
1977: 1991
735: 17,271,612,838,436,906
736: 1762,1661
737: 
1997: 
739: 361,432
740: 1495
1912: 
742: 397,523,1440
743: 329
744: 1776,683,1924,667
745: 1614,448
1911: 
747: 309,437,2002,1763,592,1548,1120,778,752,519,1729,174,1887,310,323,830,1843,1771,857
748: 1620,609,1882,544,1908,2011,1023,1718,109,261,1632,2017,291,511
749: 
750: 1812
751: 1855,173,1569,1257,844,1630,1230,1859,1915,2013,1483,644,1821,2000,916,996,202,1255,197,119,1680,1451,1555,882,1526
752: 437,2002,1763,747,592,1548,1120,778,519,1729,1887,310,1843,1771
753: 1085,1875
1928: 
755: 1100,1239,1854,1834,2012,1225,284,205,262
756: 
757: 
758: 
759: 
760: 
761: 
1838: 2005,1095,1633,638,1007,1878,492,1694,449,1749,532,465,522
763: 
764: 
765: 
766: 1477,259,467,269
767: 776
768: 498,1595
2004: 190,617,456,337,1987,1327,1760,1648,1017,1699,1885,1682,1974,1994,1961,176,1863,695,1739,1700,1292,1142,450
770: 1981,571
771: 446
772: 930,497
773: 
774: 554,1813
775: 1050
776: 767
777: 700,1335
778: 309,437,2002,1763,747,592,1548,1120,752,1469,519,1729,174,387,1887,310,323,1558,830,1843,1771,857
779: 
780: 973,1140,264
781: 
782: 1454
783: 514
1863: 2004,190,337,1327,1760,1648,1017,1699,1885,1682,1974,1994,176,695,1739,1700,1292,1142,450
785: 1009,501
786: 
787: 1107
788: 88
789: 1706,1372,1677,836
790: 1753,926,187,2018,1431,135,1674,1059,542
791: 
792: 1801
793: 
794: 
795: 
796: 
797: 
798: 1512,1999
799: 
800: 
801: 
2012: 1854,1834,1225,284,205,262,1100,755,1239
1900: 412,62
804: 
805: 1248
806: 1709,1689,1594,87,1641
807: 
808: 13
809: 424
810: 
811: 
812: 115
1893: 966,168,1501
814: 1855,173,844,1630,1230,408,2013,644,1671,1772,2000,281,202,1255,195,119,1680,882
815: 
816: 985,1357,549
817: 1826
818: 551,183
819: 
1823: 1280,1844,1876
2011: 1620,609,1882,544,1908,1023,748,1718,109,261,1632,2017,1119,291,511
822: 
1849: 
824: 181,1696,1015
825: 
826: 1201
827: 1954,1610,16,1925
828: 1379,2005,723,1633,1007,1666,535,65,492,1071,1390,1749,1934,532,465,522
829: 
830: 309,437,2002,1763,747,592,1548,1780,1120,778,1469,1729,174,387,1564,323,1558,1843,1771
831: 1186
832: 
833: 
834: 858,1242
835: 1939,934
836: 1677,1706,789
837: 
838: 17,271,1809,612,1192,735,436,1308,906
839: 1195
1851: 1143
841: 1601
842: 
1887: 309,437,2002,747,592,1548,1120,778,752,1469,519,1729,174,310,323,1843,1771,857
844: 1855,173,751,1630,1230,408,2013,1483,644,1671,2000,281,202,1255,195,197,119,1680,814
845: 
846: 
847: 1435
848: 546,1326,2019,1508,1401,1171,987
849: 326
850: 
851: 
852: 175,1755,971,891,1978
853: 1291
854: 
855: 
856: 
857: 1771,309,2002,747,592,1548,778,1469,1729,174,1887,310,1843
858: 834,1242
859: 623,1573
860: 2014,478,707,1016,385,1546,687,1167,1103,1383,1576,1393,1294,100
861: 1604
862: 598,672
863: 
864: 1683
1978: 852,175,1755,971,891,659
866: 
867: 311,515,1504,1089,1519,1650,1136,1874,590
1892: 1945,1219
869: 1956,1830,1514
870: 1385,225
871: 1126
872: 1486
2009: 1638,697,1647,477,1145,1278,1102,1995,729,1287,1046,1976,1296,1943
874: 59
875: 634,232
876: 955
877: 
878: 
879: 1536,151
880: 283,1288
881: 1906,276
882: 1855,173,1257,751,1630,1230,1859,1915,2013,644,1935,1821,1772,2000,916,281,996,202,1255,195,197,119,1680,1451,1555,1052,1526,814
883: 1293
884: 694
885: 960
886: 160
887: 
888: 
889: 
1852: 1572
891: 852,175,1755,971,1978
1871: 347,969
893: 
894: 
895: 229,1161
1958: 98
897: 
898: 1208
899: 414,979
900: 39,142,921,701,1238,172,2001,722,316,1952
901: 419,1847
902: 
903: 
904: 1520
905: 540
906: 271,612,735,838,436,1308
907: 485,1286
908: 
1915: 1855,1569,1257,751,1230,1859,2013,1483,644,1821,2000,916,996,197,1680,1451,1555,1052,882,1526
910: 233,317,1795
911: 599,1018,1403
1972: 273
913: 
914: 
915: 
916: 1855,173,1569,1257,751,1630,1230,1859,1915,2013,1483,644,2000,996,202,1255,197,119,1680,1451,1555,1052,882
917: 1722
1955: 
919: 1041
920: 
921: 39,142,900,701,1238,1194,172,78,2001,404,722,316,1952
922: 
1956: 869,1830,1514
924: 1073,1106
925: 1247
926: 1753,187,2018,1431,135,1674,1059,790,542
927: 1316,324,479,1721
1902: 1266,1229,2008,1322,322,1580,1381,429,1618,401,1715,661,286,1529,1465,1705,226,72,315,305
1899: 
930: 497,772
931: 1125
932: 1253
933: 
934: 1939,835
935: 
936: 
937: 
938: 
939: 1970,1407
940: 
941: 
942: 1013,679,582
943: 647,1690,1860,1184
944: 
945: 2006,74,1698,1150,249,972,2007,1318,1535,1552,73,466,1758,1886
946: 
947: 1723,52
948: 420
1959: 1133,1164,624
950: 
951: 716,1329
952: 
1858: 
1953: 
955: 1946,876
956: 1210,587
957: 402,977
958: 470,461,495,588
959: 48
960: 885
961: 1032
1945: 1892,1219
963: 
964: 439
965: 
966: 1893,1583,710,168,1501
967: 1433
968: 1950
969: 347,1871
970: 1193,1096
971: 852,175,1755,891,1978,659
972: 2006,74,1698,1150,249,945,2007,1318,1535,1552,73,466,1665,1758,1886
973: 780,264
974: 1084,1197,1692,1848
1933: 1799
1950: 968
977: 1657,402,957
978: 563,653,415,1895,376
979: 899,414
980: 
1846: 1773,1653
982: 1442,1642
983: 
984: 
985: 1357,549,816
986: 18,1416
987: 403,1070,1074,546,1326,2019,1508,1401,1171,848
988: 94,1948
1905: 
990: 
991: 
992: 
993: 
994: 1566,1880
995: 3,132
996: 1855,173,1569,1257,751,1630,1230,1859,1915,2013,1483,644,1935,1821,2000,916,281,202,197,119,1680,1451,1555,1052,882,1526
997: 
998: 1736,1147
999: 389
1000: 244,1802
1001: 83,1366
1002: 1437,545,1800
1003: 
1004: 1888
1005: 94
1006: 
1007: 1379,2005,1095,723,1633,638,1666,1878,535,65,492,1694,1390,1749,1934,828,532,1838,465,522
1008: 
1009: 785,501,1221
1010: 
1011: 
1012: 
1013: 942,679,582
1014: 1622
1015: 181,824
1016: 860,2014,478,707,385,1546,687,1103,1383,1576,1393,1294,1099,100,207
1017: 2004,190,337,1327,1760,1648,1699,1885,1682,1974,1994,176,1863,695,1739,1700,1292,1142
1018: 599,911,1403
1019: 
1020: 1094,296
1021: 
1022: 547,1209,1198,1865,2015,1173,1380,339,1973,1549,670
1023: 1620,1882,544,1908,2011,748,1718,109,261,1632,2017,291,511
1024: 
1025: 1602,1856,1727,671
1026: 
1027: 246,1825
1028: 
1029: 
1030: 
1031: 265
1032: 961
1033: 
1034: 
1035: 
1036: 1788,1988,1444
1037: 1725
1038: 297
1039: 
1040: 355,1256,1413,574,141
1041: 919
1957: 
1043: 
1044: 97,293,1222
1970: 939,1407
1046: 729,1287,1976,1296,1943,1638,1647,1145,2009,1995
1047: 1334
1048: 561,66,1926,2016,91,287,1626,1261,1797
1049: 
1050: 775,134
1051: 673,1724,152,1367
1052: 1855,1257,1230,1859,1915,2013,644,1935,1821,2000,916,281,996,202,119,1451,1555,882,1526
1053: 1169,2010,223,1347,1476,156,1332,1717,67,727,1386,1702
1054: 136,1728,1990,1462
1055: 
1056: 
1057: 1061
1058: 
1059: 1753,926,1149,187,2018,1431,135,1674,790,542
1060: 
1061: 1057
1975: 1789,343,1712
1063: 1659
1925: 1824,1904,1954,827,1610,16
1065: 1616
1066: 1884,396
1067: 552,1190,92
1068: 658
1963: 
1070: 403,1074,987,546,2019,1171
1071: 1379,2005,723,1633,638,1878,449,828,532,465
1072: 
1073: 924,1106
1074: 403,1070,987,546,1326,2019,1508,1171
2018: 1753,926,1149,187,1431,135,1674,1059,790,542
1076: 
1077: 47,1121
1833: 
1079: 494
1080: 
1081: 1891,18,591,220,1416
1874: 311,515,867,1519,1650,1136,590
1083: 
1084: 974,1197,1692,1848
1085: 753
1939: 835,934
1087: 
1088: 512
1089: 311,515,1504,867,1519
1090: 
1091: 1798,536
1092: 
1093: 
1094: 1020,296,348
1095: 2005,1633,1007,1666,1878,535,65,492,1694,1390,1749,1934,1838,522
1096: 970,1193
1097: 308,1448
1098: 
1099: 100,207,2014,1016,1546,687,1103,1576,1146,1294,1153
1100: 755,1239,1854,1834,2012,1225,284,205,262
1101: 
1102: 1638,697,477,1145,1278,2009,1995,729,1976,1296,1943
1103: 1167,1383,1576,1146,1393,1294,1153,860,2014,707,1016,385,1546,687,1099,100,207
1104: 
1105: 1511,1375,533
1106: 1073,924
1107: 164,787
1108: 34,481
1109: 
1110: 68,1599
1111: 
1112: 
1113: 
1114: 
1115: 206
1876: 1280,1823,1844
1117: 1310,1354
1118: 579
1119: 2017,291,511,544,1908,2011,1718,1632
1120: 309,437,2002,1763,747,592,1548,1780,778,752,1469,1729,174,387,1887,1564,323,1558,830,1843
1121: 47,1077
1122: 
1123: 1658
1897: 
1125: 931
1126: 871
1127: 279,157
1919: 
1951: 
1130: 
1131: 6
1132: 
1133: 1959,1164,624
1976: 729,1287,1046,1296,1943,1638,1145,1278,2009,1102,1995
2015: 1391,547,1209,1198,1865,1173,1380,339,1973,1549,670,1022
1136: 311,515,1504,867,1519,1650,1874,590
1137: 1430
1138: 
1139: 
1140: 264,780
1141: 
1142: 2004,190,1327,1760,1648,1017,1885,1682,1974,176,1863,695,1700,1292,450
1143: 1851
1144: 
1145: 1638,697,1647,477,1278,2009,1102,1995,729,1287,1046,1976,1296,1943
1146: 1167,1103,1383,1576,1393,1294,1153,2014,385,1099,100
1147: 998,1736
1148: 
1149: 187,2018,1431,135,1674,1059
1150: 2006,74,1698,249,972,945,2007,1318,1535,73,466,1665,1886
1151: 
1844: 1280,1823,1876
1153: 1167,1103,1383,1576,1146,1393,1294,2014,687,1099,100,207
1154: 1175
1155: 1651,1252
1156: 180,103
1157: 1452,1493
1158: 113
1159: 1983
1160: 1471,1658,1635
1161: 895,229
2005: 1379,1095,723,1633,638,1007,1666,1878,535,65,492,1694,1071,1390,449,1749,1934,828,532,1838,465,522
1163: 
1164: 1959,1133,624
1165: 133
1166: 
1167: 1103,1383,1576,1146,1393,1294,1153,860,2014,478,707,385
1168: 
1169: 2010,223,1476,156,1332,1717,67,1053,727,1386,1702
1170: 
1171: 546,2019,1508,1401,848,403,1070,1074,987
1172: 
1173: 547,1209,1865,2015,1380,1973,1549,1022
1174: 
1175: 1154
1872: 1944,312,299,600,2003,1918,1932
1177: 523,1440
1178: 
1943: 729,1287,1046,1976,1296,1638,1145,1278,2009,1102,1995
1180: 
1181: 
1182: 1348,1528,106,641,382,664
1183: 301
1184: 647,1690,943,1860
1185: 
1186: 831
1187: 626,390,706
1188: 
1189: 
1190: 1067,92
1191: 
1192: 17,1809,612,838,436,1308
1193: 970,1096
1194: 172,78,2001,335,404,1466,722,316,1952,921,1238
1195: 839
1196: 
1197: 1084,974,1692,1848
1198: 1391,547,1209,1865,2015,1380,339,670,1022
1199: 611
1200: 
1201: 826,1399
1202: 148
1203: 1769
1204: 1279
1205: 
1842: 357,1965
1207: 1640,1570
1208: 898
1209: 1391,547,1198,1865,2015,1173,1380,339,1973,1549,670,1022
1210: 956,587
1211: 
1212: 
1213: 1645
1952: 1194,172,78,2001,335,404,1466,722,316,39,142,921,900,701,1238
1879: 
1216: 
1217: 
1218: 371
1219: 1892,1945
1220: 
1221: 501,1009
1222: 1044,97,293
1223: 
1224: 
1225: 1854,1834,2012,284,205,262,1100,755,1239
1226: 
1227: 123
2013: 1855,173,1569,1257,751,844,1630,1230,1859,408,1915,1483,644,1935,1671,1821,1772,2000,916,281,996,202,1255,195,197,119,1680,1451,1555,1052,882,1526,814
1229: 99,1266,447,2008,1322,322,1580,1902,1381,429,1618,401,1715,661,1529,1465,226,72,315,305
1230: 1855,173,1257,751,844,1630,1859,408,1915,2013,1483,644,1935,1671,1821,1772,2000,916,281,996,202,1255,195,197,119,1680,1555,1052,882,1526,814
1231: 433,442
1232: 
1233: 
1234: 
1914: 
1868: 
1237: 
1238: 39,142,921,900,701,1194,172,78,2001,335,404,1466,722,316,1952
1239: 1100,755,1854,1834,2012,1225,284,205,262
1936: 1249
1241: 
1242: 858,834
1243: 1808
1244: 502,43
1245: 
1246: 
1247: 925
1248: 805
1249: 1936,1639
1250: 
1251: 
1252: 1651,1155
1253: 932,543
1254: 345
1255: 1855,173,1569,1257,751,844,1630,1230,408,2013,1483,644,1671,2000,916,202,195,197,119,1680,882,814
1256: 355,1413,1040,574,141
1257: 1855,1569,751,1630,1230,1859,1915,2013,1483,644,1821,2000,916,996,1255,197,119,1680,1451,1555,1052,882,1526
1258: 
1259: 
1260: 
1261: 561,66,1926,2016,91,287,1048,1626,1797
1890: 
1263: 
1960: 
1265: 
1266: 1229,2008,322,1580,1902,429,1618,401,661,1529,1465,1705,226,72,315,305
1267: 579
1268: 1743
1269: 
1270: 
1271: 
1272: 1883
1273: 
1274: 
1275: 
1276: 
1277: 
1278: 1638,697,1647,477,1145,2009,1102,1995,729,1976,1943
1279: 1204
1280: 1823,1844,1876
1281: 1285
1282: 
1283: 
1284: 1518,665,1506
1285: 1281
1286: 485,907
1287: 729,1046,1976,1296,1943,1638,1647,1145,2009,1995
1288: 283,880
1289: 
1290: 
1291: 853
1292: 2004,190,1760,1648,1017,1885,1682,1974,176,1863,695,1739,1700,1142,450
1293: 883
1294: 1167,1103,1383,1576,1146,1393,1153,860,2014,478,707,1016,385,1546,687,1099,100,207
1888: 1004
1296: 729,1287,1046,1976,1943,1638,1647,477,1145,2009,1102,1995
1297: 
1298: 302,716,1329
1299: 
1300: 
1881: 
1302: 1420,1499
1303: 
1304: 1409
1305: 1793,1320,649,1541,90
1306: 1634,517,1432
1307: 1619,19
1308: 17,1809,612,1192,838,436,906
1309: 1964,1594,1641
1310: 1117,1354
1311: 
1312: 
1313: 
1314: 
1315: 
1316: 927,324,479,1721
1317: 
1318: 2006,1698,1150,249,972,945,2007,1535,1552,73,466,1665,1758,1886
1319: 
1320: 649,1541,1305
1321: 
1322: 99,1229,447,2008,322,1580,1902,1381,429,1618,401,1715,661,286,226
1323: 1769
1324: 
1325: 
1326: 546,2019,1508,1401,848,1074,987
1327: 2004,190,456,337,1987,1760,1648,1017,1699,1682,1974,1994,1961,176,1863,1739,1142
1328: 
1329: 716,951,1922,302,1298
1330: 
1331: 1685,122
1332: 1169,2010,223,1347,1476,156,1717,67,1053,727,1386,1702
1333: 
1334: 1047
1335: 700,777
1336: 
1337: 
1338: 118
1339: 
1340: 
2003: 1944,312,299,600,1918,1872,1932
1342: 1509
1343: 
1344: 
1345: 
1346: 
1347: 2010,223,156,1332,1717,1053,727,1386,1702
1348: 1528,106,641,1182,382,664
1349: 
1350: 
1351: 
1352: 
1353: 
1354: 1117,1310
1355: 
1356: 
1357: 985,549,816
1358: 
1359: 
1360: 354
1361: 
1362: 
1363: 495,1735
1364: 720,60
1365: 1761,155,1841
1366: 83,1001
1367: 673,1724,152,1051
1368: 
1369: 239,1421,1489,222
1370: 
1371: 
1372: 1677,1706,789
1373: 
1374: 
1375: 1511,1105,533
1376: 
1377: 
1378: 1530
1379: 2005,723,638,1007,1666,1878,535,65,492,1694,1071,449,1749,828,532,465,522
1380: 547,1209,1198,1865,2015,1173,339,1973,1549,1022
1381: 99,1229,447,2008,1322,322,1580,1902,429,1618,1715,226,72,315,305
1382: 
1383: 1167,1103,1576,1146,1393,1294,1153,860,2014,1016,385,100
1384: 1411
1385: 870
1386: 1702,1169,2010,223,1347,156,1332,67,1053,727
2008: 99,1266,1229,447,1322,322,1580,1902,1381,429,1618,401,1715,661,286,1529,1465,1705,226,72,315,305
1388: 394,252
1389: 203
1390: 2005,1095,1633,1007,1666,535,65,492,1694,1749,1934,828,522
1391: 547,1209,1198,1865,2015,339,670
1392: 
1393: 1167,1103,1383,1576,1146,1294,1153,860,2014,478,707,1016,385,1546,687,100
1394: 1830,1514
1395: 654,674,461,495,588
1922: 1329,302
1916: 
1398: 143
1399: 673,1724,1201
1400: 
1401: 546,1326,2019,1508,1171,848,403,987
1402: 1515,89
1403: 911,1018
1404: 63
1405: 
1889: 
1407: 1970,939
1408: 
1409: 1304
1410: 
1411: 1384
1412: 
1413: 355,1256,1040,574,141
1903: 1982
1415: 
1416: 18,1081,220,986
1417: 
1966: 
1419: 
1420: 1302,1499
1421: 239,222,1369
1855: 173,1569,1257,751,844,1630,1230,1859,1915,2013,1483,644,1935,1821,2000,916,281,996,202,1255,195,197,119,1680,1451,1555,1052,882,1526,814
1423: 572
1424: 1482,1600
1425: 1805
1426: 
1427: 
1428: 
1429: 
1430: 1137
1431: 1753,926,1149,187,2018,135,1674,1059,790
1432: 1634,517,1306
1433: 967
1434: 585
1435: 847
1436: 
1437: 545,1800,1002
1438: 
1439: 
1440: 742,523,1177
1441: 
1442: 982,1642
1443: 
1444: 1036,1988
1445: 
1446: 
1447: 
1448: 308,1097
1449: 
1450: 
1451: 1855,1569,1257,751,1859,1915,2013,1821,2000,916,996,1555,1052,882
1452: 1157,1493
1453: 
1454: 782
2016: 561,66,1926,45,91,287,117,1048,1626,1261,1797
1949: 605,373
1457: 
1458: 
1459: 
1460: 26,499,1505
1461: 
1462: 136,1728,1990,1054
2019: 546,1326,1508,1401,1171,848,403,1070,1074,987
1464: 
1465: 1529,1266,1229,2008,322,1580,1902,401,1705,226,72,315,305
1466: 1194,78,2001,335,404,722,1952,1238
2002: 309,437,1763,747,592,1548,1780,1120,778,752,1469,519,1729,174,387,1887,310,1564,323,1558,830,1843,1771,857
1468: 
1469: 309,2002,1763,1548,1780,1120,778,1729,174,387,1887,323,1558,830,1843,1771,857
1873: 488,1524
1471: 112,1160,1635
1472: 628,1547
1473: 
1474: 
1475: 
1476: 1169,2010,223,156,1332,1717,67,1053,727
1477: 766,467
1478: 
1479: 1840
1935: 1855,1230,2013,644,1821,1772,2000,281,996,195,119,1555,1052,882,1526
1481: 
1482: 1424,1600
1483: 1855,173,1569,1257,751,844,1630,1230,1859,1915,2013,644,2000,916,996,202,1255,197,1680
1856: 1602,1025,1727,671
1485: 1625,607
1486: 872
1487: 
1488: 
1489: 239,222,1369
1490: 444,1716,84
1961: 2004,617,456,1987,1327,1760,1699,1682,1974,176,695,450
1492: 
1493: 1157,1452
1494: 345
1495: 740
1496: 
1497: 306
1498: 55,453
1499: 1420,1302
2014: 860,478,707,1016,385,1546,687,1167,1103,1383,1576,1146,1393,1294,1153,1099,100,207
1501: 1583,710,168,1893,966
1832: 
1503: 
1504: 311,515,1089,867,1519,1650,1136,590
1505: 1460,26,499,396
1506: 1518,665,1284
1507: 
1508: 546,1326,2019,1401,1171,848,403,1074,987
1509: 1342
1510: 1920
1511: 1375,1105,533,373
1512: 798,1999
1513: 
1514: 1830,1394,869,1956
1515: 89,1402
1516: 328,1764,650
1517: 
1518: 665,1284,1506
1519: 311,515,1504,1089,867,1650,1136,1874,590
1520: 904
1521: 
1522: 
1523: 
1524: 1873
1525: 
1526: 1855,1257,751,1630,1230,1859,1915,2013,644,1935,1821,2000,996,195,197,119,1555,1052,882
1527: 1530
1528: 1348,106,641,1182,382,664
1529: 1465,1266,1229,2008,322,1580,1902,1618,401,661,1705,72,305
1530: 1378,1527
1531: 
1532: 378,186
1533: 
1987: 2004,190,617,456,1327,1760,1648,1699,1682,1994,1961,176,695,1739
1535: 2006,74,1698,1150,249,972,945,2007,1318,1552,73,466,1665,1758,1886
1536: 879,151
1537: 
1538: 1920,1938
1539: 
1540: 167,1901
1541: 1793,1320,649,1305
1542: 
1543: 
1544: 
1864: 
1546: 860,2014,478,707,1016,385,687,1103,1576,1393,1294,1099,100,207
1547: 628,1472
1548: 309,437,2002,1763,747,592,1120,778,752,1469,519,1729,174,1887,310,1558,830,1843,1771,857
1549: 547,1209,1865,2015,1173,1380,339,1973,670,1022
1550: 
1551: 
1552: 2006,1698,249,972,945,2007,1318,1535,466,1665,1758
1553: 
1554: 
1555: 1855,173,1569,1257,751,1230,1859,1915,2013,644,1935,1821,2000,916,996,202,197,119,1680,1451,1052,882,1526
1996: 145,1636
1557: 
1558: 309,2002,1763,1548,1780,1120,778,1469,1729,174,387,830,1843
1835: 1617,374,88
2006: 74,1698,1150,249,972,945,2007,1318,1535,1552,73,466,1665,1758,1886
1561: 
1562: 
1563: 
1564: 309,437,2002,1763,1780,1120,387,323,830
1934: 2005,1095,723,1633,1007,1666,1878,535,65,492,1694,1390,1749,828,532,465,522
1566: 994
1567: 
1568: 
1569: 1855,1257,751,1859,1915,2013,1483,2000,916,996,202,1255,197,1680,1451,1555
1570: 1207
1571: 653,1895,376
1572: 1852
1573: 859,623
1574: 
1575: 
1576: 1167,1103,1383,1146,1393,1294,1153,860,2014,707,1016,385,1546,687,1099,100,207
1577: 
1578: 
1579: 
1580: 99,1266,1229,447,2008,1322,322,1902,1381,429,1618,401,1715,661,286,1529,1465,1705,226,72,315,305
1581: 584
1582: 1826,1806
1583: 710,168,1501,966
1584: 
1585: 
1586: 
1587: 
1588: 
1589: 711,410
1590: 
1884: 1066
1592: 
1593: 
1594: 1964,806,1709,1689,1309,87,1641
1595: 768,498
1596: 1731,358
1843: 309,2002,1763,747,592,1548,1120,778,752,1469,1729,174,387,1887,310,323,1558,830,1771,857
1598: 1684
1599: 68,1110
1600: 1424,1482
1601: 841
1602: 1856,1025,1727,671
1603: 414
1604: 861
1605: 
1606: 
1607: 
1608: 
1609: 
1610: 1954,827,16,1824,1925,1904
1611: 
1612: 
1894: 
1614: 745,448
1988: 1036,1654,1444
1616: 1065
1617: 374,548,1835
1618: 99,1266,1229,447,2008,1322,322,1580,1902,1381,429,1715,661,286,1529,226,315,305
1619: 19,1307
1620: 609,1882,544,1908,2011,1023,748,1718,109,261,1632,2017,511
1621: 
1622: 1014
1623: 
1847: 901,419
1625: 607,1485
1626: 561,66,1926,2016,91,287,117,1048,1261,1797
2007: 2006,74,1698,1150,249,972,945,1318,1535,1552,73,466,1665,1758,1886
1628: 
1629: 
1630: 1855,173,1257,751,844,1230,408,2013,1483,644,1671,1772,2000,916,281,996,202,1255,195,197,119,1680,882,1526,814
1631: 
1632: 1620,1882,544,1908,2011,1023,748,1718,109,261,2017,1119,291,511
1633: 2005,1095,638,1007,1666,1878,535,65,492,1694,1071,1390,1749,1934,828,532,1838,465,522
1634: 517,1432,1306
1635: 1471,1658,112,1160
1636: 1996,145
1637: 
1638: 697,1647,1145,1278,2009,1102,1995,729,1287,1046,1976,1296,1943
1639: 1249,260
1640: 1207
1641: 806,1709,1689,1594,1309,87
1642: 1442,982
1643: 
1644: 
1645: 1213
1646: 
1647: 1638,697,477,1145,1278,2009,1995,729,1287,1046,1296
1648: 2004,190,337,1987,1327,1760,1017,1699,1885,1682,1974,1994,176,1863,695,1739,1700,1292,1142,450
1649: 1740,552,1732
1650: 311,515,1504,867,1519,1136,1874,590
1651: 1155,1252
1652: 614,147
1653: 1846
1654: 1988,1766,471,70
1973: 547,1209,1865,2015,1173,1380,1549,1022
1656: 
1657: 402,977
1658: 112,1160,1635,1123
1659: 1063,1740,1732
1942: 422,1896
1661: 736,1762
1662: 
1663: 
1664: 
1665: 2006,1698,1150,249,972,2007,1318,1535,1552,73,466
1666: 1379,2005,1095,723,1633,638,1007,535,65,492,1694,1390,1749,1934,828,465,522
1667: 6
1668: 
1669: 
1670: 
1671: 173,844,1630,1230,408,2013,644,1772,2000,281,202,1255,195,119,1680,814
1672: 1747
1673: 
1674: 1753,926,1149,187,2018,1431,135,1059,790,542
1830: 1394,1514,869,1956
1676: 
1677: 1372,836,1706,789
1678: 
1679: 
1680: 1855,173,1569,1257,751,844,1630,1230,1859,1915,2013,1483,644,1671,2000,916,281,996,202,1255,197,119,1555,882,814
1681: 8
1682: 2004,190,617,456,337,1987,1327,1760,1648,1017,1699,1885,1974,1994,1961,176,1863,695,1739,1700,1292,1142,450
1683: 9,241,864
1684: 1598
1685: 1331,122
1686: 
1687: 331
1688: 
1689: 806,1709,1594,87,1641
1690: 647,943,1860,1184
1691: 
1692: 1848,1084,974,1197
1693: 
1694: 1379,2005,1095,723,1633,638,1007,1666,1878,535,65,492,1390,1749,1934,1838,465,522
1695: 
1696: 824
1697: 
1698: 2006,74,1150,249,972,945,2007,1318,1535,1552,73,466,1665,1758
1699: 2004,190,617,456,337,1987,1327,1760,1648,1017,1885,1682,1974,1994,1961,176,1863,695,1739,1700,450
1700: 2004,190,337,1760,1648,1017,1699,1885,1682,1974,176,1863,695,1739,1292,1142,450
1701: 
1702: 1386,1169,2010,1347,156,1332,67,1053,727
1703: 
1704: 
1705: 226,72,315,305,1529,1465,1266,2008,322,1580,1902,429,401
1706: 789,1372,1677,836
1707: 
1708: 
1709: 806,1689,1594,87,1641
1710: 
1711: 
1712: 455,343,1789,1975
1909: 235,457,209
1714: 
1715: 99,1229,447,2008,1322,322,1580,1902,1381,429,1618,401,661,286,315
1716: 444,1490,84
1717: 1169,2010,223,1347,1476,156,1332,1053,727
1718: 1620,1882,544,1908,2011,1023,748,109,261,1632,2017,1119,291,511
1719: 1989
1968: 
1721: 324,479,1316,927
1722: 917
1723: 52,947
1724: 673,152,1367,1051,1399
1725: 1037
1726: 606
1727: 1602,1856,1025
1728: 136,1990,1054,1462
1729: 309,437,2002,1763,747,592,1548,1780,1120,778,752,1469,174,387,1887,310,323,1558,830,1843,1771,857
1730: 
1731: 1596,358
1732: 1740,552,1649,1659
1733: 
1734: 
1735: 1363
1736: 998,1147
1737: 
1875: 753
1739: 2004,190,617,337,1987,1327,1760,1648,1017,1699,1885,1682,1974,1994,176,1863,695,1700,1292,450
1740: 552,1649,1732,1659
1741: 
1742: 
1743: 20,1268
1744: 
1745: 462,10
1746: 
1747: 1672
1748: 
1749: 1379,2005,1095,723,1633,638,1007,1666,1878,535,65,492,1694,1390,449,1934,828,532,1838,465,522
1862: 
1751: 1870
1752: 
1753: 926,187,2018,1431,135,1674,1059,790,542
1754: 
1755: 852,175,971,891,1978
1756: 
1757: 
1758: 2006,74,1698,249,972,945,2007,1318,1535,1552,73,466,1886
1759: 
1760: 2004,190,617,1987,1327,1648,1017,1699,1885,1682,1974,1961,176,1863,695,1739,1700,1292,1142,450
1761: 1365,155,1841
1762: 736,1661
1763: 309,437,2002,747,592,1548,1120,778,752,1469,1729,174,387,1564,323,1558,830,1843
1764: 328,1516
2017: 1119,291,511,1620,609,1882,544,1908,2011,1023,748,1718,109,261,1632
1766: 1971,1654,471,70
1767: 
1768: 
1769: 1323,1203
1770: 
1771: 857,309,2002,747,592,1548,778,752,1469,519,1729,174,1887,310,830,1843
1772: 173,1630,1230,408,2013,644,1935,1671,2000,281,195,119,882,814
1773: 1846
1774: 
1775: 
1776: 744,1924
1777: 
1778: 
1779: 23
1780: 309,2002,1120,1469,1729,174,387,1564,323,1558,830
1781: 
1782: 
1783: 
1784: 9,241
1785: 
1786: 
1787: 347
1788: 1036
1789: 1975,455,343,1712
1790: 
1791: 
1792: 703
1793: 1541,90,1305
1794: 
1795: 233,317,910
1796: 
1797: 561,66,1926,2016,45,91,287,117,1048,1626,1261
1798: 1091,536
1799: 1933
1800: 1437,545,1002
1801: 792
1802: 1000,244
1931: 1991
1804: 
1805: 319,111,1425
1806: 1826,1582
1807: 
1808: 1243
1809: 17,612,1192,838,1308
1810: 
1927: 
1812: 750
1813: 554,774
1814: 
1834: 1854,2012,1225,284,205,262,1100,755,1239
1954: 827,1610,16,1925
1817: 
1818: 
1819: 
1932: 1944,312,2003,1918,1872
1821: 1855,1257,751,1230,1859,1915,2013,644,1935,2000,996,197,119,1451,1555,1052,882,1526
1822: 