0: 674,1194,629,404,560,142,2001,335,557,172,701,316,900,39,1466,1952,921
1: 1938,1382,1326,1538,403,987,848,1912,1070,1074,2019,1508,1531,444,1171,1401
1946: 247,1089,590
3: 
4: 472,189
5: 1837
6: 97
7: 
8: 10,459
9: 1329,1311
10: 459,8
11: 
12: 1168
13: 666,1876,277
14: 
15: 1164,523
16: 
17: 
18: 1478,352,567,1333
19: 
20: 811,25
21: 
1826: 
23: 
1985: 
25: 20,811
26: 1237,679,1087
1995: 697,2009,1281,1046,1287,1976,1278,1943,1638,1395,1102,495,477,1296,1487,729,1170
28: 
29: 
30: 
1853: 
1994: 1961,695,617,1699,456,2004,337,756,1885,1987,1760,1648,1739,190,1292,1142
33: 1867
34: 915,383,129
1689: 1118
36: 
37: 
38: 1606
39: 674,0,1194,629,404,560,142,2001,335,557,172,316,900,1466,1952,921,1238
40: 1292,1974,1017,1682,1327,1142,1076,1700,617,1699,456,1863,176,2004,756,1885,1739,190,450
41: 905
42: 440,1668,633
43: 1794,222
44: 
45: 1191,561,2016,1626,150,287,1797,66,1543,107,1048,117,1584
1989: 631,453
47: 
1692: 1983
49: 440
50: 
2017: 1632,2011,609,511,1908,261,109,1620,544,1718,1023,1882,1303,291,1119,1795
52: 636,612,506,1269,1909
53: 1751,584
54: 
55: 438,88
56: 996,1569,1821,1526,173,1935,2000,1257,970,644,1859,810,2013,119,1096,298,1915,133
57: 432,144
58: 
59: 1804,1595
1703: 
61: 
62: 
1688: 1866
64: 
65: 828,1999,1749,1878,1852,465,522,535,1379,1572,1095,1485,1666,2005,1390
66: 1191,561,2016,1626,150,91,287,45,1797,1543,107,1048,1250,117,1584
67: 296,727,856,1053,2010,1332,1476,1101,1386,1169,156
68: 940,606
1898: 
70: 1710
1896: 662,419,1982,1033,1513
72: 
73: 1150,1039,1011,2006,1828,1535,1687,1698,1552,249,1318,972,2007,466,945
1728: 936,901,957,422
1848: 
2010: 296,727,856,1053,1702,350,223,1332,1476,1602,934,67,1509,1101,1386,792,615,1169,1717,156
1634: 1488,951,1862,1871,1001,1143
1680: 1859,197,810,2013,669,1255,1483,844,1772,1096,814,1915,133,916,996,1569,1821,2000,644,474,1052,882,1671,1555,1630,1230,1855,195
1737: 
1986: 
81: 1216,1407,603,1319,1349,333,1525,304
1981: 
83: 1539
84: 
1866: 160,1688
86: 
87: 1309,1459
88: 438,55
89: 229
90: 
91: 561,2016,1626,150,287,1797,737,66,1543,107,1048,1250,117,1261,1584
92: 
93: 1307
94: 
1743: 250
96: 
97: 6,1781
1683: 1365,1297,1925
99: 1600,1969,681,401,1424,1618,2008,527,907,322,1902,154,1229
100: 1383,1058,707,1576,1146,1167,550,207,2014,654,342,478,1546,1103,687,1099,1294,860,1393
101: 
102: 1901,344
103: 336,1719,228,1592,1130
104: 
1841: 
106: 
107: 1191,561,2016,150,91,287,45,66,117,1584
108: 
109: 1632,2011,2017,609,511,1908,261,1620,544,1718,1023,1882,1303,291,1119,1795
110: 
111: 
112: 329
113: 
114: 992,1493
115: 812,600,1944,1735,1663,694,610,299,2003,898
116: 
117: 1191,561,2016,1626,150,91,287,45,1797,737,66,1543,107,1048,1250,1261,1584
118: 1708
119: 1859,197,810,202,2013,669,1255,1483,844,1772,1096,814,298,1915,133,916,996,1821,1526,56,751,173,2000,1257,970,644,1451,882,1230,1855,195
120: 1541
1821: 996,1569,1526,56,751,173,1935,2000,1257,970,644,474,1451,1052,882,1859,197,810,2013,119,1255,844,1772,1096,1680,814,298,1915,133,916,1555,1855,195
122: 757,143,1489
123: 1905
1886: 1150,1039,1011,2006,1828,1535,1687,1698,1552,1758,257,972,2007,1665,945
125: 
1693: 
127: 
128: 1619
129: 34,915,1727
1867: 33
131: 
132: 1190
133: 1859,197,810,202,2013,669,119,1255,1483,844,1772,1096,1680,814,298,1915,916,996,1569,1821,1526,56,751,173,1935,2000,1257,970,644,474,1451,1052,882,1671,1555,1630,1230,1855,195
134: 
135: 1753,1674,2018,1849,1083,542,1149,597,187,1213,1431,639,1059
136: 664,1793
137: 944,138
138: 944,137
139: 
140: 1286,990,709
141: 155,849
142: 674,0,1194,629,404,560,2001,335,557,172,701,316,900,39,1466,1952,921
143: 757,122,637,1489
144: 57
145: 
146: 
147: 
148: 
149: 169,886
150: 1191,561,2016,1626,91,287,45,1797,737,66,1543,107,1048,1250,117,1584
151: 
152: 276
153: 667,1812
154: 429,1381,1271,315,1482,1618,2008,1621,1705,527,1529,1322,447,226,286,1266,907,1166,322,1902,1368,1465,661,1428,1600,99,1969,681,263,401,1424,1715,1229
155: 141
156: 296,727,856,1053,2010,350,1332,1476,1602,67,1101,1386,792,1169
157: 1060
158: 689,369,1000
159: 974
160: 1866
1704: 
1895: 
163: 
164: 
165: 
1824: 
167: 1034,1978
168: 
169: 149,886
170: 
1764: 328,1516,1649
172: 674,0,1194,629,404,560,142,2001,335,557,701,316,900,39,1466,1952,921
173: 996,1569,1821,1526,56,751,1935,2000,1257,970,644,1451,882,1859,197,810,2013,119,1255,844,1772,1096,298,1915,133,916
174: 1843,461,2002,592,323,830,747
175: 1604
176: 1961,1700,617,456,1863,2004,1885,1987,1760,1648,1739,190,450,1292,1017,40,1682,1327,1142,1076
1787: 1027
178: 520,604,1157
179: 1876,277,666
180: 548,1817,1899
181: 
1901: 102,344
183: 1840,1921
184: 1040
1920: 
1702: 296,727,856,1053,2010,350,223,1476,934,1509,1101,1386,792,615,1169,1717
187: 1753,1674,2018,135,1083,542,1149,597,1213,1431,639,1059
1932: 
189: 4,472
190: 1961,1700,695,1994,617,1699,456,1863,176,2004,337,756,1885,1987,1760,1648,1739,450,1292,1974,1017,40,1682,1327,1142
1865: 1022,1754,779,2015,547,1173,1209,338,670,1198,1380
2000: 996,1569,1821,1526,56,751,173,1935,1257,970,644,474,1451,1052,882,1859,197,810,202,2013,669,119,1255,1483,844,1772,1096,1680,814,298,1915,133,916,1671,1555,1630,1230,1855,195
193: 
194: 
195: 1671,1555,1630,1230,1855,1569,1821,751,2000,970,644,474,1451,1052,882,1859,197,810,202,2013,669,119,1255,1483,844,1772,1680,814,1915,133,916
196: 
197: 1859,810,202,2013,669,119,1255,1483,844,1772,1096,1680,814,298,133,916,1821,751,173,2000,970,1451,1052,882,1671,1555,1630,1230,1855,195
198: 
1791: 794,1284
200: 
201: 
202: 1859,197,810,2013,669,119,1255,1483,844,1772,1096,814,298,133,2000,970,1630,1230,195
203: 1779,862,1664
204: 
205: 1225,1239,317,866,1854,2012,1834,755,1100,262,284
1657: 272,1658
207: 1058,707,100,1146,550,2014,654,478,1546,1103,687
2001: 674,0,1194,629,404,560,142,335,557,172,701,316,900,39,1466,1952,921,722,1238
209: 614,1506,1642,728
210: 
211: 
212: 
213: 1962,952
1789: 
215: 
216: 
1944: 1735,1111,1918,1663,694,299,2003,115
1772: 1859,197,810,202,2013,669,119,1255,1483,844,1096,1680,814,298,1915,133,916,996,1569,1821,1526,751,173,2000,970,644,474,1451,1052,882,1671,1555,1630,1230,1855,195
219: 
220: 1032
221: 
222: 1685,43,1794
223: 727,856,1053,1702,2010,350,1476,1602,934,1509,1101,1386,792,615,1169,1717
1827: 1919,1504
1771: 519,1564,778,310,1163,387,2002,309,1780,1729,1763,1558,1887,592,323,830,1843
226: 429,1381,1271,315,1482,1618,305,2008,1621,1705,527,1529,447,1266,907,322,154,1465
1984: 1604,395
228: 336,1719,1592,1130,103
229: 89,1515
1980: 
231: 
232: 
233: 1133
234: 
235: 1308
236: 
1877: 1831,244
238: 1761,1522
239: 888,1187
240: 618,1177,984
241: 611,874,1221
1639: 
243: 1014
244: 1877,1831
1756: 
246: 
247: 1946,1089,590
1921: 1840,183
249: 1039,2006,73,1552,1318,2007,466,945
250: 1743
251: 710
252: 1155,1244,1158,573
1938: 1382,1326,1538,987,848,1912,1074,2019,1508,1,1531,444,1171
254: 
255: 
256: 1420,1623,1276
257: 1758,972,2007,1665,945,1150,1011,2006,1535,1886,1698,1552
1923: 
259: 
260: 
261: 1632,2011,2017,609,511,1908,109,1620,544,1718,1023,1882,291,1119,1795
262: 1225,1239,317,866,1854,2012,1834,205,284
263: 1600,1969,681,401,1618,2008,447,286,154,1465,661,1428,1715,1229
264: 427,1802
265: 
266: 
1891: 
268: 1784,517
269: 
1880: 1110
271: 
272: 1657,1658,399
273: 1288,676,391
274: 
275: 944
276: 152
277: 1876,179,13,666
278: 1547
279: 
1918: 1944,1735,1111,1663,694,299,2003,898
281: 
282: 1291
283: 
284: 1225,1239,317,866,1854,2012,1834,755,1100,262,205
1632: 2011,2017,609,511,1908,261,109,1620,1718,1023,1882,1303,291,1119,1795
286: 1271,315,1482,1618,305,2008,1705,1529,1322,447,1266,1166,1580,154,1368,1465,661,1428,1600,263,1715,1229
287: 1191,561,2016,1626,150,91,45,1797,737,66,1543,107,1048,117,1261,1584
288: 1319,1253,1349,333,1525,304
289: 
290: 
291: 1632,2011,2017,609,511,1908,261,109,1620,544,1718,1023,1882,1303,1119,1795
292: 1530,1426
293: 
1910: 
1746: 1501,1716,1883,1094
296: 727,856,1053,1702,2010,350,1332,1476,67,1101,1386,792,1169,1717,156
297: 
298: 1859,197,810,202,2013,669,119,1255,1483,844,1772,1096,133,996,1821,1526,56,173,2000,970
299: 610,2003,898,1944,1735,1111,1918,1663,694,600,115
300: 
301: 
302: 
303: 1036,643
304: 1319,288,1349,333,1525,1216,1407,81,603
305: 429,1271,315,1482,1618,2008,1705,1529,1322,447,226,286,1266,1114,1580
1635: 1293,1731
307: 1164
308: 
309: 1771,1564,778,310,1163,2002,1729,1763,592,323,830,461,747
310: 1771,519,1564,778,1163,387,2002,309,1780,1729,1763,1558,1887,592,1548,752,830
311: 
312: 1563
1990: 
314: 
315: 429,1381,1271,1482,1618,305,2008,1621,1705,1529,1322,447,226,286,1266,907,1166,322,1114,1902,1580,154,1368,1465,661,1428,1600,681,1424,1715,1229
316: 674,0,1194,629,404,142,2001,335,557,172,900,39,1466,1952
317: 1225,1239,866,1854,2012,1834,755,1100,262,205,284
318: 
319: 386
320: 901,1911,1958
321: 
322: 1381,1271,315,1482,1618,2008,1621,527,1529,447,226,907,1902,154,1465,1428,1600,99,1969,681,401,1424
323: 1771,1564,1163,2002,309,1729,1763,1887,592,830,1843,461,174,747
1732: 479,1013
325: 
326: 355
327: 369,1691,1000
328: 1764,1516,1649
329: 112
1751: 53,584
331: 
1825: 475
333: 1319,288,1349,1525,304,1216,81
1733: 1897
335: 674,0,1194,629,404,560,142,2001,557,172,701,316,900,39,1952,921
336: 1719,228,1592,1130,103
337: 1961,1700,695,1994,617,1699,1863,2004,756,1987,1760,1648,1739,190
338: 2015,547,1173,339,1209,670,1198,1380,1865,1022,1754,779
339: 1391,2015,547,1173,1209,1175,338,670,1198,1380
340: 
341: 
342: 1383,1058,1576,100,1146,1167,550,2014,478,1546,1103,687,1099,1294,860,1393
343: 1609,1208,1975,1722,1340
344: 102,1901
345: 
346: 
347: 
348: 
1726: 1769,551
350: 296,727,856,1053,1702,2010,223,1602,934,1101,792,615,1169,1717,156
351: 1256
352: 1478,1008,567,1333,18
353: 1781
354: 537
355: 326
1735: 1944,1111,1918,1663,694,610,299,2003,898,812,115
357: 1996,1097
358: 1065,985,1616,585
359: 732,782,599,377
360: 
361: 
1974: 1292,1017,40,1682,1327,1142,695,617,1699,2004,1885,190,450
363: 
1854: 1225,1239,317,866,2012,1834,755,1100,262,205,284
1667: 
366: 
1860: 
368: 
369: 327,1691,1000,158,689
1755: 1165
1631: 1777
1796: 
373: 837
374: 
375: 
376: 
377: 651,359,732,782,599
378: 
379: 1589,1141,1219
1828: 1150,1039,1011,2006,1535,73,1886,1687,1698,972,2007,1665,945
1964: 
382: 1160,1068
383: 34,915
384: 
385: 1383,1058,707,1576,1146,550,2014,654,478,1393
386: 319
387: 1771,519,778,310,2002,1780,1763,1120,1558,1887,1548,752,857,437,1469
388: 
389: 902
390: 
391: 676,273
1836: 
393: 
394: 1331
395: 1984
396: 
397: 
1845: 
399: 272
400: 1358,1006
401: 1600,99,1969,681,263,1424,1618,2008,1621,527,447,907,322,1902,154,1465,661,1428,1229
402: 
403: 1382,546,987,848,1912,1070,1074,2019,1508,1,444,1401
404: 674,0,1194,629,560,142,2001,335,557,172,316,900,39,1466,1952,921,722,1238
405: 
406: 1723
1677: 785
1700: 1961,617,456,1863,176,2004,337,756,1885,1987,1760,1648,1739,190,450,1017,40,1327,1076
1712: 
410: 
1969: 1600,99,681,263,401,1424,1618,2008,447,322,1902,154,1465,661,1428,1715,1229
412: 1192,1521,665
1654: 1988
414: 
415: 1884
416: 
417: 
1805: 
419: 662,1896,1982,1033,598
420: 481,966,1115,968
1840: 183,1921
422: 936,901,1911,957,1728
1992: 
424: 
1649: 328,1764,1516
426: 1298,1931
427: 264,1802
428: 
429: 1381,1271,315,1482,1618,305,2008,1621,1705,527,1529,1322,447,226,1266,907,1114,1580,154
430: 
1705: 429,1381,1271,315,1482,1618,305,2008,1621,1529,1322,226,286,1266,907,1166,1114,1902,1580,154,1368,1465
432: 1562,57
1642: 570,728,614,209,1506,623
434: 
1792: 
436: 1359
437: 1843,461,1469,778,387,2002,1729,1558,1887,592,752,830
438: 88,55
439: 927,1725
440: 49,1668,42,633
441: 1617
1644: 1180
1839: 1280
444: 1938,1382,1326,546,1538,403,987,848,1912,1070,1074,2019,1508,1,1531,1401
1878: 828,1999,1749,65,1852,465,522,535,1379,1572,2005,1390
446: 
447: 429,1271,315,1482,1618,305,2008,1621,527,1529,226,286,1266,907,322,1580,154,1465,661,1428,1600,1969,263,401,1424
448: 
449: 1572,1007,1095,1934,1485,1071,532,1694,492,1838,1666,2005,638,1633,1390,1999,723,465,522,535,1379
450: 1700,695,617,1699,1863,176,2004,756,1885,1648,1739,190,1292,1974,1017,40,1682,1327,1142
451: 
1834: 1225,1239,317,866,1854,2012,755,262,205,284
453: 1989,631
454: 1603,1523,988
455: 
456: 1961,1700,695,1994,617,1863,176,2004,1885,1987,1760,1648,1739,190,1292,1017,40,1327,1142,1076
457: 
458: 
459: 10,8
460: 
461: 437,1843,174,1564,778,1163,2002,309,1729,592,323,830,747
462: 1745
1665: 1758,257,972,2007,945,1150,1039,1011,2006,1828,1535,1886,1698,1552
464: 
465: 828,1999,1749,65,1878,723,1852,522,535,1379,1572,1095,449,1934,1485,1071,532,492,1838,1666,2005,638,1633,1390
466: 1318,972,2007,945,249,1039,2006,1535,73,1698,1552
467: 
1748: 
469: 
1676: 
471: 
472: 4,189
1630: 1671,1555,1230,1855,195,2000,1052,197,810,202,2013,669,1255,1483,844,1772,1680,814,133,916
474: 996,1569,1821,1526,751,2000,1257,644,1451,1052,882,1859,810,2013,1255,1483,1772,1096,1680,814,1915,133,916,1671,1555,1855,195
475: 1444,1825
1837: 5
477: 697,2009,1046,1287,1976,1278,1943,1638,1102,1995,495,1296,1170,1145,1645,1647
478: 1383,1058,707,1576,100,1146,385,550,207,2014,654,342,1546,1103,687,1393
479: 1013,1732
1763: 1771,519,1564,778,310,1163,387,2002,309,1780,1729,1558,1887,592,1548,323,830
481: 420,966,1115
1801: 647
1885: 1961,1700,695,1994,617,1699,456,1863,176,2004,756,1987,1760,1648,1739,190,450,1292,1974,1017,40,1682,1327,1142
484: 
485: 1050
486: 581
1664: 1779,862,203
488: 
489: 1084
1857: 
491: 1057,1121,715
492: 1572,1095,449,1934,1071,532,1694,1838,1666,2005,638,1633,828,1999,723,465,1379
493: 
494: 
495: 697,2009,1281,1046,1287,1976,1278,1638,1395,1102,1995,477,1296,1487,729,1170
496: 
497: 
498: 663,1997,1741
499: 1437,1460
1770: 
501: 
502: 1398
1948: 543
504: 942
1999: 828,1749,65,1878,723,1852,465,522,535,1379,1572,449,1934,1071,532,492,1838,1666,2005,638,1633,1390
506: 636,52,612,1269
507: 
508: 1324
509: 
510: 
511: 1632,2011,2017,1908,261,109,1620,544,1718,1023,1882,1303,291,1119,1795
512: 
513: 
514: 
515: 
1699: 1961,695,1994,617,1863,2004,337,756,1885,1987,1648,1739,190,450,1292,1974,40,1682,1327,1142
517: 1784,268
1908: 1632,2011,2017,609,511,261,109,1620,544,1718,1023,1882,1303,291,1119
519: 1771,1564,778,310,1163,387,2002,1780,1729,1763,1558,1887,592,1548,752
520: 178,604
521: 
522: 828,1999,1749,65,1878,723,1852,465,535,1379,1572,1095,449,1485,532,1838,1666,2005,1390
523: 15
524: 
1831: 1877,244
526: 1197
527: 429,1271,1482,1618,2008,1621,1529,447,226,907,322,154,1465,1428,1600,99,681,401,1424
1913: 
529: 
1809: 605
531: 
532: 1572,1007,1095,449,1934,1485,1071,1694,492,1838,1666,2005,638,1633,1390,828,1999,723,1852,465,522,1379
533: 1232,1949,735
534: 
535: 828,1999,1749,65,1878,1852,465,522,1379,1572,1095,449,1485,1071,1666,2005,1390
536: 
537: 354
538: 655,988
539: 1936
540: 
541: 
542: 1674,2018,135,1083,922,1149,187,1213,1431,639,1059
543: 1948
544: 2011,2017,609,511,1908,261,109,1620,1718,1023,1882,291,1119,1795
545: 894,995,1818,1178
546: 1382,1326,403,987,848,1912,1074,2019,444
547: 1391,2015,1173,339,1209,1175,338,670,1198,1380,1865,1022,1754,779
548: 180,1817,1899
549: 1471,759
550: 1383,1058,707,1576,100,1146,385,207,2014,654,342,478,1546,1103,687,1099,1294,860,1393
551: 1769,1726
552: 
1812: 153,667
554: 
555: 1736
556: 
557: 674,0,1194,629,404,142,2001,335,172,316,39,1466,1952,921,1238
1906: 
1991: 
560: 674,0,1194,629,404,142,2001,335,172,701,900,39,1952,921
561: 1191,2016,1626,150,91,287,45,1797,737,66,1543,107,1048,117,1584
562: 
563: 
564: 
565: 
1701: 
567: 1478,352,1008,1333,18
1870: 1672
569: 1972,1035
570: 1642,623
571: 1254,1968
572: 605,841,1423
573: 1244,1158,252
574: 
575: 
1819: 1761,1522
1904: 758
578: 
579: 
580: 1813
581: 486
582: 
1744: 
584: 1751,53
585: 1065,985,358,1616,1098
1760: 1961,1700,1994,617,456,1863,176,2004,337,756,1885,1987,1648,1739,190
587: 
1968: 1254,571
589: 937,686,1519
590: 247,1946,1089
591: 
592: 1771,519,1564,778,310,1163,2002,309,1729,1763,1558,1887,323,830,437,1843,461,174,747
593: 
1962: 952,213
1766: 
596: 1983
597: 1753,2018,135,1083,187,1213,1431
598: 662,419,1982,1033
599: 359,732,782,377
600: 812,115,610,299,2003,898
1653: 
602: 
603: 1216,1407,81,1349,304
604: 178,520,1157
605: 572,1809,1423
606: 68,940
1670: 
1747: 
609: 1632,2011,2017,1908,261,109,544,1718,1023,1882,291,1119,1795
610: 299,2003,898,1735,812,600,115
611: 241,1143
612: 52,506,1269
1800: 
614: 209,1506,623,1642,728
615: 727,1053,1702,2010,350,223,1602,934,1509,1386,792,1169,1717
616: 
617: 1961,1700,695,1994,1699,456,1863,176,2004,337,756,1885,1987,1760,1648,1739,190,450,1292,1974,1017,40,1682,1327,1142
618: 1783,1177,1966,984,240
619: 
620: 1583
621: 
622: 
623: 614,1506,570,1642,728
624: 
625: 
626: 
1722: 1609,1208,343,1975,1340
628: 
629: 674,0,1194,404,560,142,2001,335,557,172,316,900,39,1466,1952,921,1238
630: 920
631: 1989,453
1708: 118
633: 440,1668,42
634: 
635: 
636: 52,506,1269
637: 1489,143
638: 1572,1007,449,1934,1071,532,1694,492,1838,1666,2005,1633,1390,1999,723,465,1379
639: 1674,2018,135,1083,542,1149,187,1213,1059
640: 819
641: 1847,672
642: 
643: 1036,303
644: 996,1569,1821,1526,56,751,173,1935,2000,1257,970,474,1451,1052,882,1859,810,2013,119,1772,1096,1680,1915,133,916,1855,195
1806: 
646: 1335
647: 1801
1859: 197,810,202,2013,669,119,1255,1483,844,1772,1096,1680,814,298,1915,133,916,996,1569,1821,1526,56,173,1935,2000,1257,970,644,474,1451,882,1855,195
649: 1884,1320,1305
1745: 462
651: 782,377
652: 
653: 
654: 1058,707,1576,100,1146,385,550,207,2014,478,1546,1103,687,1099
655: 538,988
656: 908,971,861
657: 805,1201
658: 
659: 
660: 
661: 315,1482,1618,2008,1322,447,286,1266,1166,1902,154,1368,1465,1428,1600,1969,681,263,401,1424,1715,1229
662: 1896,419,1982,1033,598
663: 498,1997,1741
664: 136,1793
665: 412,1521
666: 13,1876,179,277
667: 153,1812
668: 
669: 1859,197,810,202,2013,119,1255,1483,844,1772,1096,1680,814,298,1915,133,916,996,2000,970,1671,1630,1230,1855,195
670: 1391,2015,547,1173,339,1209,1175,338,1198,1380,1865,1022,1754,779
671: 
672: 1847,641
1687: 1150,1039,1011,2006,1828,1535,73,1886,1698,1552,1318,2007,945
674: 0,1194,629,404,560,142,2001,335,557,172,316,900,39,1466,1952,921,722,1238
1672: 1870
676: 1288,273,391
1882: 1632,2011,2017,609,511,1908,261,109,1620,544,1718,1023,1303,291,1119,1795
1663: 1944,1735,1111,1918,694,299,2003,898,115
679: 1237,1002,1087,26
680: 
681: 1600,99,1969,263,401,1424,315,1618,2008,1621,527,907,1166,322,1902,154,1465,661,1428,1229
1810: 824
683: 699
1983: 596,1692
1711: 
686: 937,1696,1519,589
687: 1383,1058,707,100,1146,1167,550,207,2014,654,342,478,1546,1103,1099,1294
1643: 
689: 158,369,1691,1000
690: 
1965: 776,1330
692: 
1993: 1217
694: 1944,1735,1111,1918,1663,299,2003,898,115
695: 1961,1994,617,1699,456,1863,2004,337,756,1885,1987,1648,1739,190,450,1292,1974,1682,1327,1142
696: 917,1090,1894
697: 2009,1281,1046,1287,1976,1278,1638,1395,1102,1995,495,477,1296,1170,1647
698: 846
699: 683
700: 
701: 0,1194,560,142,2001,335,172,900
702: 
703: 
1883: 1501,1746,1716,1094
1971: 1774
706: 
707: 1383,1058,1576,100,1146,385,550,207,2014,654,478,1546,1103,687
1982: 662,1896,419,1033,598,1513
709: 140,1286,990
710: 251
711: 
712: 
713: 
714: 
715: 1121,491,1057
716: 
717: 
1662: 1067,1505,1673
719: 1730,1587
720: 
721: 1914
722: 1238,674,404,2001,1952,921
723: 828,1999,1852,465,522,1379,1572,449,1934,1071,532,492,1838,2005,638,1633
1758: 257,972,2007,1665,945,2006,1535,1886,1698,1552
1775: 
726: 
727: 296,856,1053,1702,2010,350,223,1476,1602,934,67,1509,1101,1386,792,615,1169,1717,156
728: 1642,614,209,1506,623
729: 1487,1170,2009,1046,1287,1976,1278,1943,1638,1995,495,1296,1145
730: 
731: 
732: 359,782,599,377
733: 822,1596
1977: 1595
735: 533,1232,1949
736: 
737: 561,2016,1626,150,91,287,1797,1543,1048,1250,117,1261,1584
1997: 498,663,1741
739: 
740: 
1912: 1938,1382,1326,546,1538,403,987,848,1070,1074,2019,1508,1,1531,444,1171,1401
742: 770,872
1710: 70
744: 
745: 
1911: 901,1958,320,422
747: 1163,2002,309,592,323,830,461,174
1637: 
1817: 548,180,1899
750: 852
751: 1569,1821,1526,173,2000,1257,970,644,474,1451,1052,882,197,2013,119,1255,1772,133,916,1555,1855,195
752: 519,778,310,387,2002,1780,1729,1120,1558,1887,1548,857,830,437,1843,1469
753: 1441,1346
1928: 
755: 1239,317,866,1854,2012,1834,1100,205,284
756: 1961,1700,695,1994,617,1699,1863,2004,337,1885,1987,1760,1648,1739,190,450,1292,40,1682,1142
757: 122,143,1489
758: 1904
759: 549,1471
760: 
761: 
1838: 1572,1007,1095,449,1934,1485,1071,532,1694,492,1666,2005,638,1633,1390,1999,723,465,522,1379
763: 
1753: 1674,2018,1849,135,1083,922,1149,597,187,1213,1431,790,958
765: 1203
766: 
767: 776,1330
768: 
2004: 1961,1700,695,1994,617,1699,456,1863,176,337,756,1885,1987,1760,1648,1739,190,450,1292,1974,1017,40,1682,1327,1142,1076
770: 742,872
771: 
772: 906
1954: 1925
774: 
775: 1515,880,1139
776: 1965,1330,767
777: 
778: 1771,519,1564,310,1163,387,2002,309,1780,1729,1763,1120,1558,1887,592,1548,752,830,437,1843,461,1469
779: 1865,1022,1754,2015,547,1173,1209,1175,338,670,1198,1380
780: 
781: 1224,1503
782: 651,359,732,599,377
783: 
1863: 1961,1700,695,617,1699,456,176,2004,337,756,1885,1760,1648,1739,190,450,1292,1017,40,1682,1327,1142
785: 1677
786: 1496
787: 1369,1252
788: 1302
789: 
790: 958,1753,1674,2018,1849,1083,922,1149,1059
791: 
792: 296,727,856,1053,1702,2010,350,223,1602,934,1101,615,1169,1717,156
793: 1241
794: 1791,1284
795: 
796: 
1696: 937,686
798: 809
799: 
800: 
801: 
2012: 1225,1239,317,866,1854,1834,755,1100,262,205,284
1900: 
1779: 862,203,1664
805: 657,1201
806: 
807: 
808: 1844
809: 798
810: 1859,197,202,1374,2013,669,119,1255,1483,844,1772,1096,1680,814,298,1915,133,916,996,1569,1821,56,173,2000,644,474,1671,1630,1855,195
811: 20,25
812: 600,115,1735,610,2003,898
1893: 897
814: 1859,197,810,202,2013,669,119,1255,1483,844,1772,1096,1680,1915,133,916,996,1821,2000,474,1451,1052,882,1671,1555,1630,1230,1855,195
815: 
816: 
817: 
818: 919
819: 885,640
1823: 
2011: 1632,2017,609,511,1908,261,109,1620,544,1718,1023,1882,1303,291,1119,1795
822: 733
1849: 1753,1674,2018,135,1083,922,1149,1431,1059,790,958
824: 1810
825: 
1640: 
827: 
828: 1999,65,1878,723,1852,465,522,535,1379,1572,532,492,2005,1633
829: 
830: 1771,1564,778,310,1163,2002,309,1729,1763,1558,1887,592,752,323,437,1843,461,174,1469,747
831: 
832: 
1754: 1865,1022,779,2015,547,1173,1209,338,670,1198,1380
834: 
835: 
836: 
837: 373
838: 
839: 974,1585,1313
1851: 
841: 1423,572
1741: 498,663,1997
1887: 1771,519,1564,778,310,1163,387,2002,1780,1729,1763,1120,1558,592,1548,752,323,830,437,1843,1469
844: 1859,197,810,202,2013,669,119,1255,1483,1772,1096,1680,814,298,1915,133,916,996,1821,173,2000,970,1451,1671,1630,1230,1855,195
845: 
846: 698
847: 
848: 1938,1382,1326,546,1538,403,987,1912,1070,1074,2019,1,444,1171
849: 141
850: 
851: 
852: 750
853: 
854: 
855: 
856: 296,727,1053,1702,2010,350,223,1332,1476,1602,934,67,1101,1386,792,1169,156
857: 387,2002,1780,1120,1558,1548,752,1469
858: 1195
859: 
860: 1393,1383,1576,100,1146,1167,550,2014,342,1103,1099,1294
861: 971,656
862: 1779,203,1664
1718: 1632,2011,2017,609,511,1908,261,109,1620,544,1023,1882,291,1119,1795
1752: 
1978: 167
866: 1225,1239,317,1854,2012,1834,755,1100,262,205,284
867: 1440
1892: 
869: 
870: 
871: 
872: 770,742
2009: 697,1281,1046,1287,1976,1278,1943,1638,1395,1102,1995,495,477,1296,1487,729,1170,1145,1645,1647
874: 1221,241
875: 
876: 
1723: 406
878: 
879: 
880: 1515,775,1139
881: 
882: 1052,996,1569,1821,1526,751,173,2000,1257,970,644,474,1451,1859,197,2013,119,1255,1772,1680,814,1915,133,916,1671,1555,1855,195
883: 
884: 
885: 819
886: 149,169
887: 1551
888: 239
889: 
1852: 828,1999,1749,65,1878,723,465,522,535,1379,1572,1095,1485,1071,532,2005,1390
891: 
1871: 1488,951,1862,1001,1634
893: 
894: 995,1818,545
895: 
1958: 1911,320
897: 1893,950
898: 610,299,2003,1735,1918,1663,694,812,600,115
899: 
900: 674,0,1194,629,404,560,142,2001,335,172,701,316,39,1466
901: 936,1911,957,320,422,1728
902: 389
903: 
904: 
905: 41
906: 772
907: 429,1381,1271,315,1618,2008,1621,1705,527,1529,447,226,1166,322,1902,154,1465,1600,99,681,401,1424
908: 656
1915: 1859,810,2013,669,119,1255,1483,844,1772,1096,1680,814,133,916,996,1569,1821,1526,56,173,2000,644,474,882,1671,1855,195
910: 
911: 
1972: 569,1035
913: 
914: 
915: 34,383,129
916: 1859,197,810,2013,669,119,1255,1483,844,1772,1096,1680,814,1915,133,996,1569,1821,1526,751,173,2000,1257,970,644,474,1451,1052,882,1671,1555,1630,1230,1855,195
917: 696,1090,1894
1674: 1753,2018,1849,135,1083,542,922,1149,187,1431,639,1059,790,958
919: 818
920: 1242,630
921: 674,0,629,404,560,142,2001,335,557,172,39,1952,722,1238
922: 1753,1674,2018,1849,542,1149,1431,790,958
1956: 982
924: 1960
925: 1005
1716: 1501,1746,1883,1094
927: 439,1725
1902: 1381,1271,315,1618,2008,1621,1705,1266,907,1166,322,154,1465,661,1600,99,1969,681,401,1424,1715,1229
1899: 548,180,1817
930: 
931: 1450
1650: 
933: 
934: 727,856,1053,1702,2010,350,223,1602,792,615,1169,1717
935: 
936: 901,957,422,1728
937: 1696,686,1519,589
1790: 
939: 
940: 68,606
941: 
942: 504
943: 1272,1734
944: 275,137,138
945: 1318,1758,257,972,2007,1665,466,249,1150,1039,1011,2006,1828,1535,73,1886,1687,1698,1552
946: 
947: 
948: 
1959: 
950: 897
951: 1871,1001,1634
952: 1962,213
1858: 
1953: 1092
955: 
956: 
957: 936,901,422,1728
958: 790,1753,1674,2018,1849,1083,922,1149,1431
959: 
960: 
961: 
1945: 
1638: 697,2009,1281,1046,1287,1976,1278,1943,1395,1102,1995,495,477,1296,1487,729,1170,1145,1645,1647
964: 
965: 
966: 420,481
967: 1593
968: 420,1115
969: 
970: 996,1569,1821,1526,56,751,173,2000,1257,644,1451,1052,882,1859,197,202,2013,669,119,1255,844,1772,1096,298,133,916,1230,1855,195
971: 861,656
972: 1318,1758,257,2007,1665,466,945,1039,1011,2006,1828,1535,73,1886,1698,1552
973: 
974: 839,159,1585,1313
1933: 
1950: 
977: 1636
978: 1310,1963
979: 
980: 
1846: 
982: 1956
983: 
984: 618,1177,1966,240
985: 1065,358,1616,585,1098
986: 
987: 1938,1382,1326,546,1538,403,848,1912,1070,1074,2019,1508,1,444,1401
988: 655,538,1603,454
1905: 123
990: 140,1286,709
991: 
992: 114,1493
993: 
994: 
995: 894,1818,545,1178
996: 1569,1821,1526,56,173,1935,2000,1257,970,644,474,882,1859,810,2013,669,119,1483,844,1772,1096,1680,814,298,1915,133,916,1855
997: 
998: 
999: 
1000: 327,369,1691,158,689
1001: 1488,951,1862,1871,1634,1143
1002: 1237,679,1087
1003: 1659
1686: 
1005: 925
1006: 400,1358
1007: 1572,1095,449,1934,1485,1071,532,1694,1838,1666,2005,638,1390,1379
1008: 1478,352,567,1333
1009: 
1749: 1999,65,1878,1852,465,522,535,1379,1572,1095,1485,1666,2005,1390
1011: 1150,1039,2006,1828,1535,73,1886,1687,1698,1552,257,972,2007,1665,945
1636: 977
1013: 479,1732
1014: 243
1767: 
1740: 1721,1574,1415
1017: 1292,1974,40,1682,1327,1142,1076,1700,617,456,1863,176,2004,1885,190,450
1018: 
1793: 136,664
1020: 
1021: 
1022: 1865,1754,779,2015,547,1173,1209,338,670,1198,1380
1023: 1632,2011,2017,609,511,1908,261,109,1620,544,1718,1882,1303,291,1119
1024: 
1025: 
1026: 
1027: 1787
1931: 1298,426
1029: 
1030: 
1715: 315,1482,1618,2008,1322,286,1266,1166,1902,154,1368,1465,661,1428,1600,1969,263,1229
1032: 220
1033: 662,1896,419,1982,598
1034: 167
1035: 569,1972
1036: 303,643
1037: 
1038: 1951,1104
1039: 1150,1011,2006,1828,1535,73,1886,1687,1698,1552,249,1318,972,2007,1665,466,945
1040: 184
1041: 1517
1957: 
1043: 
1044: 
1970: 
1046: 697,2009,1976,1278,1943,1638,1102,1995,495,477,1296,1487,729,1170,1145,1645,1647
1047: 
1048: 1191,561,2016,1626,150,91,287,45,1797,737,66,1543,1250,117,1261,1584
1049: 
1050: 485,1679
1051: 
1052: 882,1569,1821,751,2000,1257,970,644,474,1451,197,2013,1255,1772,1680,814,133,916,1671,1555,1630,1230,1855,195
1053: 296,727,856,1702,2010,350,223,1476,1602,934,67,1509,1101,1386,792,615,1169,1717,156
1054: 
1055: 
1056: 1479,1808
1057: 491,715
1058: 1383,707,1576,100,1146,385,1167,550,207,2014,654,342,478,1546,1103,687,1099,1294
1059: 1674,2018,1849,135,1083,542,1149,187,639,790
1060: 157
1061: 
1975: 1609,1208,343,1722,1340
1063: 
1925: 1365,1683,1954
1065: 985,358,1616,585,1098
1066: 
1067: 1505,1662,1673
1068: 1160,382
1963: 1310,978
1070: 1538,403,987,848,1912,2019,1508,1,1531,444,1401
1071: 1572,1007,1095,449,1934,1485,532,1694,492,1838,1666,2005,638,1633,1999,723,1852,465,535,1379
1072: 
1725: 927,439
1074: 1938,1382,1326,546,1538,403,987,848,1912,2019,1508,1,1531,444
2018: 1753,1674,1849,135,1083,542,922,1149,597,187,1213,1431,639,1059,790,958
1076: 1017,40,1327,1700,456,176,2004
1077: 
1802: 264,427
1079: 
1080: 
1081: 1300,1291
1690: 
1083: 1753,1674,2018,1849,135,542,1149,597,187,1213,1431,639,1059,790,958
1084: 489
1085: 
1939: 
1087: 1237,1002,679,26
1088: 
1089: 247,1946,590
1090: 917,696,1894
1091: 
1092: 1953
1795: 1632,2011,2017,609,511,261,109,544,1718,1882,291,1119
1094: 1501,1746,1716,1883
1095: 1572,1007,449,1485,1071,532,1694,492,1838,1666,2005,1390,1749,65,1852,465,522,535,1379
1096: 1859,197,810,202,2013,669,119,1255,1483,844,1772,1680,814,298,1915,133,916,996,1569,1821,1526,56,173,1935,2000,970,644,474,1855
1097: 357
1098: 1065,985,1616,585
1099: 1383,1058,1576,100,1146,1167,550,2014,654,342,1546,1103,687,1294,860,1393
1100: 1239,317,866,1854,2012,755,205,284
1101: 296,727,856,1053,1702,2010,350,223,1332,1476,1602,67,1509,1386,792,1169,156
1102: 697,2009,1281,1046,1287,1976,1278,1943,1638,1395,1995,495,477,1296,1645,1647
1103: 1383,1058,707,1576,100,1146,1167,550,207,2014,654,342,478,1546,687,1099,1294,860,1393
1104: 1951,1038
1105: 
1106: 
1107: 
1108: 
1109: 
1110: 1880
1111: 1944,1735,1918,1663,694,299,2003
1739: 1961,1700,695,1994,617,1699,456,1863,176,2004,337,756,1885,1987,1760,1648,190,450,1292,40,1682,1327,1142
1113: 
1114: 429,1381,1271,315,1482,305,2008,1705,1322,1266,1166,1580,1368,1465
1115: 420,481,968
1876: 179,277,13,666
1117: 
1118: 1689
1119: 1632,2011,2017,609,511,1908,261,109,1620,544,1718,1023,1882,1303,291,1795
1120: 778,387,2002,1780,1558,1887,1548,752,857,1843,1469
1121: 715,491
1122: 
1123: 
1897: 1733
1125: 
1126: 
1127: 
1919: 1827,1504
1951: 1038,1104
1130: 336,1719,228,1592,103
1131: 
1132: 
1133: 233
1976: 697,2009,1281,1046,1287,1278,1943,1638,1395,1102,1995,495,477,1296,1487,729,1170,1145
2015: 1391,547,1173,339,1209,1175,338,670,1198,1380,1865,1022,1754,779
1646: 
1137: 
1729: 1771,519,1564,778,310,1163,2002,309,1763,1558,1887,592,752,323,830,437,1843,461
1139: 1515,880,775
1140: 
1141: 1589,1219,379
1142: 1292,1974,1017,40,1682,1327,1961,695,1994,617,1699,456,1863,176,2004,756,1885,1987,1648,1739,190,450
1143: 1488,1862,1001,1634,611
1780: 1771,519,778,310,1163,387,2002,1763,1120,1558,1887,1548,752,857,1843,1469
1145: 1645,1647,2009,1046,1976,1278,1943,1638,477,1296,729,1170
1146: 1383,1058,707,1576,100,385,1167,550,207,2014,654,342,478,1546,1103,687,1099,1294,860,1393
1147: 
1717: 296,727,1053,1702,2010,350,223,934,1509,792,615,1169
1149: 1753,1674,2018,1849,135,1083,542,922,187,1431,639,1059,790,958
1150: 1039,1011,2006,1828,1535,73,1886,1687,1698,1552,1318,257,2007,1665,945
1151: 
1844: 808
1659: 1003
1154: 
1155: 1244,1158,252
1156: 1355
1157: 178,604
1158: 1155,1244,252,573
1159: 
1160: 1068,382
1161: 
2005: 1572,1007,1095,449,1934,1485,1071,532,1694,492,1838,1666,638,1633,1390,828,1999,1749,65,1878,723,1852,465,522,535,1379
1163: 1771,519,1564,778,310,2002,309,1780,1729,1763,1558,1887,592,323,830,1843,461,747
1164: 307,15
1165: 1755
1166: 1381,1271,315,1482,1618,2008,1621,1705,1322,286,1266,907,1114,1902,1580,154,1368,1465,661,1428,1600,681,1715,1229
1167: 1383,1058,100,1146,2014,342,1546,1103,687,1099,1294,860
1168: 12
1169: 296,727,856,1053,1702,2010,350,223,1332,1476,1602,934,67,1509,1101,1386,792,615,1717,156
1170: 1487,729,697,2009,1046,1287,1976,1278,1943,1638,1995,495,477,1296,1145,1645,1647
1171: 1938,1326,1538,848,1912,2019,1,1531
1777: 1631
1173: 1391,2015,547,339,1209,1175,338,670,1198,1380,1865,1022,1754,779
1174: 
1175: 1391,2015,547,1173,339,670,1198,1380,779
1872: 
1177: 618,1783,1966,984,240
1178: 995,545
1943: 2009,1046,1287,1976,1278,1638,1102,1995,477,1296,1487,729,1170,1145,1645,1647
1180: 1352,1644
1181: 
1182: 
1183: 1199
1184: 
1185: 1339
1719: 336,228,1592,1130,103
1187: 239
1188: 
1727: 129
1190: 1499,132
1191: 561,2016,1626,150,287,45,1797,66,107,1048,117,1584
1192: 412,1521
1193: 
1194: 674,0,629,404,560,142,2001,335,557,172,701,316,900,39,1466
1195: 858
1196: 
1197: 526,1323
1198: 2015,547,1173,339,1209,1175,338,670,1380,1865,1022,1754,779
1199: 1183
1200: 
1201: 657,805
1202: 
1203: 765
1204: 
1734: 943,1272
1842: 
1207: 
1208: 1609,343,1975,1722,1340
1209: 1391,2015,547,1173,339,338,670,1198,1380,1865,1022,1754,779
1210: 
1794: 43,222,1685
1769: 1726,551
1213: 1753,2018,135,1083,542,597,187,1431,639
1952: 674,0,629,404,560,142,2001,335,557,172,316,39,1466,921,722,1238
1804: 59,1595
1216: 1407,81,603,1319,1349,333,1525,304
1217: 1993
1218: 
1219: 1589,1141,379
1220: 1231
1221: 874,241
1222: 
1742: 
1224: 781,1503
1225: 1239,317,866,1854,2012,1834,262,205,284
1679: 1050
1227: 
2013: 1859,197,810,202,669,119,1255,1483,844,1772,1096,1680,814,298,1915,133,916,996,1569,1821,1526,56,751,173,1935,2000,1257,970,644,474,1451,1052,882,1671,1555,1630,1230,1855,195
1229: 315,1618,2008,286,1166,1902,154,1465,661,1428,1600,99,1969,681,263,401,1424,1715
1230: 1671,1555,1630,1855,195,2000,970,1451,1052,197,202,2013,669,119,1255,1483,844,1772,1680,814,133,916
1231: 1220
1232: 533,1949,735
1233: 
1234: 
1914: 721
1868: 
1237: 1002,679,1087,26
1238: 722,674,629,404,2001,557,39,1466,1952,921
1239: 1225,317,866,1854,2012,1834,755,1100,262,205,284
1936: 539
1241: 793
1242: 920
1633: 449,1934,1071,532,492,1838,2005,638,828,1999,723,465,1379
1244: 1155,1158,252,573
1245: 
1246: 
1247: 
1248: 
1249: 1413
1250: 2016,1626,150,91,1797,737,66,1543,1048,117,1261,1584
1251: 
1252: 1369,787
1253: 288
1254: 571,1968
1255: 1859,197,810,202,2013,669,119,1483,844,1772,1096,1680,814,298,1915,133,916,1821,751,173,2000,970,474,1451,1052,882,1671,1555,1630,1230,1855,195
1256: 351
1257: 996,1569,1821,1526,56,751,173,1935,2000,970,644,474,1451,1052,882,1859,2013,119,133,916
1666: 1572,1007,1095,449,1934,1485,1071,532,1694,492,1838,2005,638,1390,1999,1749,65,465,522,535,1379
1259: 
1669: 
1261: 2016,1626,91,287,1797,737,1543,1048,1250,117,1584
1890: 
1658: 1657,272
1960: 924
1797: 1191,561,2016,1626,150,91,287,45,737,66,1543,1048,1250,117,1261,1584
1266: 429,1381,1271,315,1482,1618,305,2008,1621,1705,1529,1322,447,226,286,1166,1114,1902,1580,154,1368,1465,661,1428,1600,1715
1267: 
1268: 
1269: 636,52,612,506
1270: 
1271: 429,1381,315,1482,1618,305,2008,1621,1705,527,1529,1322,447,226,286,1266,907,1166,322,1114,1902,1580,154,1368,1465
1272: 943,1734
1684: 
1671: 1555,1630,1230,1855,195,1569,2000,474,1451,1052,882,197,810,2013,669,1255,1483,844,1772,1680,814,1915,133,916
1818: 894,995,545
1276: 1420,256,1623
1277: 
1278: 697,2009,1046,1287,1976,1943,1638,1395,1102,1995,495,477,1296,1487,729,1170,1145,1645,1647
1279: 
1280: 1839
1281: 697,2009,1287,1976,1638,1395,1102,1995,495,1487
1678: 
1283: 
1284: 794,1791
1285: 
1286: 140,990,709
1287: 697,2009,1281,1976,1278,1943,1638,1395,1102,1995,495,477,1296,1487,729,1170,1645
1288: 676,273
1289: 1477
1290: 
1291: 282,1081,1300
1292: 1974,1017,40,1682,1327,1142,695,1994,617,1699,456,1863,176,2004,756,1885,1648,1739,190,450
1293: 1635,1731
1294: 1383,1058,1576,100,1146,1167,550,2014,342,1546,1103,687,1099,860,1393
1888: 
1296: 697,2009,1046,1287,1976,1278,1943,1638,1395,1102,1995,495,477,1487,729,1170,1145,1645,1647
1297: 1365,1683
1298: 426,1931
1299: 
1300: 1081,1291
1881: 
1302: 788
1303: 1632,2011,2017,511,1908,109,1620,1023,1882,291,1119
1304: 1581
1305: 1884,1320,649
1306: 
1307: 93
1308: 235
1309: 87,1459
1310: 978,1963
1311: 1329,9
1312: 
1313: 839,974,1585
1314: 
1315: 
1316: 
1317: 
1318: 972,2007,466,945,249,1150,1039,2006,73,1687,1698,1552
1319: 288,1349,333,1525,304,1216,81
1320: 1884,649,1305
1808: 1056,1479
1322: 429,1381,1271,315,1482,1618,305,2008,1705,286,1266,1166,1114,1580,154,1368,1465,661,1715
1323: 1197
1324: 508
1325: 
1326: 1938,1382,546,1538,987,848,1912,1074,2019,1,1531,444,1171
1327: 1292,1974,1017,40,1682,1142,1076,1961,1700,695,617,1699,456,1863,176,2004,1885,1648,1739,190,450
1328: 
1329: 9,1311
1330: 776,1965,767
1331: 394
1332: 296,856,2010,1476,67,1101,1386,1169,156
1333: 1478,352,1008,567,18
1334: 
1335: 646
1336: 1454
1337: 
1338: 
1339: 1185
1340: 1609,1208,343,1975,1722
2003: 610,299,898,1944,1735,1111,1918,1663,694,812,600,115
1762: 
1691: 327,369,1000,689
1344: 
1345: 1909
1346: 1441,753
1909: 52,1345
1348: 
1349: 1319,288,333,1525,304,1216,1407,81,603
1350: 
1351: 
1352: 1180
1353: 1518
1354: 
1355: 1156
1356: 
1668: 440,42,633
1358: 400,1006
1359: 436
1648: 1961,1700,695,1994,617,1699,456,1863,176,2004,337,756,1885,1987,1760,1739,190,450,1292,1327,1142
1361: 1468
1706: 
1645: 1145,1647,2009,1046,1287,1278,1943,1638,1102,477,1296,1170
1364: 
1365: 1297,1925,1683
1366: 
1367: 
1368: 1271,315,1482,2008,1705,1322,286,1266,1166,1114,1580,154,1465,661,1715
1369: 787,1252
1774: 1971
1371: 
1372: 
1783: 618,1177,1966
1374: 810
1375: 
1773: 
1377: 
1378: 
1379: 828,1999,1749,65,1878,723,1852,465,522,535,1572,1007,1095,449,1934,1485,1071,532,492,1838,1666,2005,638,1633,1390
1380: 2015,547,1173,339,1209,1175,338,670,1198,1865,1022,1754,779
1381: 429,1271,315,1482,1618,2008,1621,1705,1322,226,1266,907,1166,322,1114,1902,1580,154,1465
1382: 1938,1326,546,1538,403,987,848,1912,1074,2019,1,444
1383: 1058,707,1576,100,1146,385,1167,550,2014,342,478,1546,1103,687,1099,1294,860,1393
1384: 
1385: 
1386: 296,727,856,1053,1702,2010,223,1332,1476,1602,67,1509,1101,615,1169,156
2008: 429,1381,1271,315,1482,1618,305,1621,1705,527,1529,1322,447,226,286,1266,907,1166,322,1114,1902,1580,154,1368,1465,661,1428,1600,99,1969,681,263,401,1424,1715,1229
1388: 
1785: 
1390: 1572,1007,1095,449,1485,532,1838,1666,2005,638,1999,1749,65,1878,1852,465,522,535,1379
1391: 2015,547,1173,339,1209,1175,670
1392: 
1393: 860,1383,1576,100,1146,385,550,2014,342,478,1103,1099,1294
1731: 1635,1293
1395: 697,2009,1281,1287,1976,1278,1638,1102,1995,495,1296,1487
1922: 
1916: 
1398: 502
1399: 
1400: 
1401: 1538,403,987,1912,1070,2019,1508,1,1531,444
1402: 
1781: 97,353
1404: 
1405: 
1889: 1612,1511
1407: 1216,81,603,1349,304
1730: 1587,719
1409: 
1410: 
1411: 1444
1412: 
1413: 1481,1249
1903: 
1415: 1721,1574,1740
1416: 
1694: 1572,1007,1095,449,1934,1485,1071,532,492,1838,1666,2005,638
1966: 618,1783,1177,984
1419: 
1420: 256,1623,1276
1421: 
1855: 1671,1555,1630,1230,195,996,1569,1821,751,2000,970,644,474,1451,1052,882,1859,197,810,2013,669,119,1255,1483,844,1772,1096,1680,814,1915,133,916
1423: 841,572,605
1424: 1600,99,1969,681,401,315,1618,2008,1621,527,447,907,322,1902,154,1465,661,1428,1229
1425: 
1426: 292
1427: 
1428: 315,1482,1618,2008,527,447,286,1266,1166,322,154,1465,661,1600,1969,681,263,401,1424,1715,1229
1429: 
1736: 555
1431: 1753,1674,2018,1849,135,1083,542,922,1149,597,187,1213,958
1784: 268,517
1433: 
1434: 
1682: 1292,1974,1017,40,1327,1142,695,617,1699,1863,176,2004,756,1885,1739,190,450
1436: 
1437: 499,1460
1438: 
1439: 
1440: 867
1441: 753,1346
1442: 
1942: 
1444: 1411,475
1641: 
1721: 1574,1740,1415
1862: 1488,1871,1001,1634,1143
1448: 
1449: 
1450: 931
1451: 1569,1821,1526,751,173,2000,1257,970,644,474,1052,882,1859,197,2013,119,1255,844,1772,814,133,916,1671,1555,1230,1855,195
1452: 
1453: 
1454: 1336
2016: 1191,561,1626,150,91,287,45,1797,737,66,1543,107,1048,1250,117,1261,1584
1949: 533,1232,735
1681: 
1798: 
1459: 87,1309
1460: 1437,499
1461: 
1462: 
2019: 1938,1382,1326,546,1538,403,987,848,1912,1070,1074,1508,1,1531,444,1171,1401
1464: 
1465: 1381,1271,315,1482,1618,2008,1621,1705,527,1322,447,226,286,1266,907,1166,322,1114,1902,154,1368,661,1428,1600,1969,681,263,401,1424,1715,1229
1466: 674,0,1194,629,404,142,2001,557,172,316,900,39,1952,1238
2002: 1771,519,1564,778,310,1163,387,309,1780,1729,1763,1120,1558,1887,592,1548,752,857,323,830,437,1843,461,174,1469,747
1468: 1361
1469: 437,1843,778,387,2002,1780,1120,1558,1887,1548,752,857,830
1685: 222,1794
1471: 549,759
1472: 
1473: 
1474: 
1475: 
1476: 296,727,856,1053,1702,2010,223,1332,67,1509,1101,1386,1169,156
1477: 1289
1478: 352,1008,567,1333,18
1479: 1056,1808
1935: 996,1569,1821,1526,56,173,2000,1257,644,1859,2013,1096,133
1481: 1413
1482: 429,1381,1271,315,1618,305,2008,1621,1705,527,1529,1322,447,226,286,1266,1166,322,1114,1580,154,1368,1465,661,1428,1600,1715
1483: 1859,197,810,202,2013,669,119,1255,844,1772,1096,1680,814,298,1915,133,916,996,2000,474,1671,1630,1230,1855,195
1856: 
1485: 1572,1007,1095,449,1071,532,1694,1838,1666,2005,1390,1749,65,1852,465,522,535,1379
1486: 
1487: 729,1170,2009,1281,1046,1287,1976,1278,1943,1638,1395,1995,495,1296
1488: 1862,1871,1001,1634,1143
1489: 637,757,122,143
1490: 
1961: 1700,695,1994,617,1699,456,1863,176,2004,337,756,1885,1987,1760,1648,1739,190,1327,1142
1492: 
1493: 992,114
1494: 
1495: 
1496: 786
1768: 
1698: 1150,1039,1011,2006,1828,1535,73,1886,1687,1552,1318,1758,257,972,2007,1665,466,945
1499: 1190
2014: 1383,1058,707,1576,100,1146,385,1167,550,207,654,342,478,1546,1103,687,1099,1294,860,1393
1501: 1746,1716,1883,1094
1832: 
1503: 781,1224
1504: 1827,1919
1505: 1067,1662,1673
1506: 614,209,623,1642,728
1656: 
1508: 1938,1538,403,987,1912,1070,1074,2019,1,1531,444,1401
1509: 727,1053,1702,2010,223,1476,1101,1386,615,1169,1717
1510: 
1511: 1889,1612
1830: 
1513: 1896,1982
1514: 
1515: 229,880,775,1139
1516: 328,1764,1649
1517: 1041
1518: 1353
1519: 937,686,589
1520: 
1521: 412,1192,665
1522: 238,1761,1819
1523: 1603,454
1524: 
1525: 1319,288,1349,333,304,1216,81
1526: 996,1569,1821,56,751,173,1935,2000,1257,970,644,474,1451,882,1859,2013,119,1772,1096,298,1915,133,916
1527: 
1528: 
1529: 429,1271,315,1482,1618,305,2008,1621,1705,527,447,226,286,1266,907,322,1580,154
1530: 292
1531: 1938,1326,1538,1912,1070,1074,2019,1508,1,444,1171,1401
1647: 1145,1645,697,2009,1046,1278,1943,1638,1102,477,1296,1170
1533: 
1987: 1961,1700,695,1994,617,1699,456,176,2004,337,756,1885,1760,1648,1739,190,1142
1535: 1150,1039,1011,2006,1828,73,1886,1687,1698,1552,1758,257,972,2007,1665,466,945
1536: 
1813: 580
1538: 1938,1382,1326,987,848,1912,1070,1074,2019,1508,1,1531,444,1171,1401
1539: 83
1697: 
1541: 120
1673: 1067,1505,1662
1543: 561,2016,1626,150,91,287,45,1797,737,66,1048,1250,117,1261,1584
1544: 
1724: 
1546: 1383,1058,707,1576,100,1146,1167,550,207,2014,654,342,478,1103,687,1099,1294
1547: 278
1548: 519,778,310,387,2002,1780,1763,1120,1558,1887,752,857,1469
1786: 1571
1550: 
1551: 887
1552: 1150,1039,1011,2006,1535,73,1886,1687,1698,249,1318,1758,257,972,2007,1665,466,945
1553: 
1761: 238,1522,1819
1555: 1671,1630,1230,1855,195,1569,1821,751,2000,474,1451,1052,882,197,2013,1255,1772,1680,814,133,916
1996: 357
1557: 
1558: 1771,519,1564,778,310,1163,387,2002,1780,1729,1763,1120,1887,592,1548,752,857,830,437,1843,1469
1835: 
2006: 1150,1039,1011,1828,1535,73,1886,1687,1698,1552,249,1318,1758,257,972,2007,1665,466,945
1561: 
1562: 432
1563: 312
1564: 1771,519,778,310,1163,2002,309,1729,1763,1558,1887,592,323,830,461
1934: 1572,1007,449,1071,532,1694,492,1838,1666,2005,638,1633,1999,723,465,1379
1566: 
1567: 
1568: 
1569: 996,1821,1526,56,751,173,1935,2000,1257,970,644,474,1451,1052,882,1859,810,2013,1772,1096,1680,1915,133,916,1671,1555,1855,195
1652: 
1571: 1786
1572: 1007,1095,449,1934,1485,1071,532,1694,492,1838,1666,2005,638,1390,828,1999,1749,65,1878,723,1852,465,522,535,1379
1573: 
1574: 1721,1740,1415
1575: 
1576: 1383,1058,707,100,1146,385,550,2014,654,342,478,1546,1103,1099,1294,860,1393
1577: 
1578: 
1579: 1622
1580: 429,1381,1271,315,1482,1618,305,2008,1705,1529,1322,447,286,1266,1166,1114,1368
1581: 1304
1582: 
1583: 620
1584: 1191,561,2016,1626,150,91,287,45,1797,737,66,1543,107,1048,1250,117,1261
1585: 839,974,1313
1586: 
1587: 1730,719
1588: 
1589: 1141,1219,379
1590: 
1884: 1320,649,1305,415
1592: 336,1719,228,1130,103
1593: 967
1594: 
1595: 1977,1804,59
1596: 733
1843: 437,461,174,1469,1771,778,1163,2002,1780,1729,1120,1558,1887,592,752,323,830
1651: 
1599: 
1600: 99,1969,681,263,401,1424,315,1482,1618,2008,1621,527,447,286,1266,907,1166,322,1902,154,1465,661,1428,1715,1229
1601: 
1602: 727,856,1053,2010,350,223,934,1101,1386,792,615,1169,156
1603: 1523,454,988
1604: 175,1984
1605: 
1606: 38
1607: 
1608: 
1609: 1208,343,1975,1722,1340
1610: 
1611: 
1612: 1889,1511
1894: 917,696,1090
1614: 
1988: 1654
1616: 1065,985,358,585,1098
1617: 441
1618: 429,1381,1271,315,1482,305,2008,1621,1705,527,1529,1322,447,226,286,1266,907,1166,322,1902,1580,154,1465,661,1428,1600,99,1969,681,263,401,1424,1715,1229
1619: 128
1620: 1632,2011,2017,511,1908,261,109,544,1718,1023,1882,1303,291,1119
1621: 429,1381,1271,315,1482,1618,2008,1705,527,1529,447,226,1266,907,1166,322,1902,154,1465,1600,681,401,1424
1622: 1579
1623: 1420,256,1276
1847: 672,641
1625: 
1626: 1191,561,2016,150,91,287,45,1797,737,66,1543,1048,1250,117,1261,1584
2007: 1318,1758,257,972,1665,466,945,249,1150,1039,1011,2006,1828,1535,73,1886,1687,1698,1552
1628: 
1629: 