0: 39,316,142,1194,2001,1238,557,1466,335,312,701,900,1563,629,674,172,404
1: 168,1115,1538,1583,1171,625,987,2019,64,1070,915,1912,835,1508,870,129,1074,1326
1946: 29,1774,274
3: 90,47
4: 
5: 393,1248,666,13,805,775,89,469,1290
6: 243
7: 1067
8: 502
9: 827,721
1461: 396,713,1344
1617: 
12: 1351,1975,125,1622
13: 393,1248,5,805,775,89
14: 1604,202,1915,2000,1772,173,360,1230,644,1483,56,485,810,119,1630,996,1255,1671,814,1526,1555,474,1052,1644,2013,844,1352
15: 
2007: 73,1758,257,466,2006,808,1011,817,1035,1150,1039,1828,1687,945,972,1826,331,58,1886,1535,1552,1334,1665,1698,249
17: 
18: 569,750,1234,275,254,621,379,1141,134
1496: 
20: 
21: 
1826: 73,1758,257,466,2006,808,1011,817,1035,1150,1039,1828,2007,945,972,58,1886,1552,1334,1665,1698,249
1487: 1278,477,729,1638,2009,1976,1647,495,1943,1395,1046,1995,1281,521,1645
1611: 
25: 
26: 1420
1995: 1278,729,1487,1638,2009,1976,1647,495,1943,1395,521,1645,1287,1145,697
1493: 1527
29: 1946,1774,274
1577: 
1853: 1971,1614
1994: 450,176,2004,1863,40,756,1017,1760,1739,1283,1961,1682,1699,1987,1076,1885,337,456,617,695
33: 1300
34: 1501,690,555,1893
1689: 1478,1589
36: 
37: 1033,545,1336
38: 834,489
39: 316,142,1194,2001,1238,557,1466,0,335,701,900,1563,629,674,172,404
40: 176,2004,1863,1648,1017,1739,1327,1283,1961,190,1699,1076,1885,337,456,1994,1700
41: 1651,807,354
42: 
43: 
44: 
45: 91,1166,1222,287,2016,1626,1250,1050,1543,66,737,1797,561
1989: 103,1151,180
47: 90,3
1465: 226,447,1428,2008,1705,1271,1951,1580,681,1969,1322,1266,286,1529,1154,1600,527,1902,1381,1368,1193,907,99,263,154,1910
49: 
50: 
2017: 703,1632,544,1795,2011,1303,609,1718,291,109,1119,1882,511,261,1620,1023
52: 1106,412
53: 1561
54: 
55: 
56: 1604,202,1915,2000,1772,173,14,360,1230,1483,485,119,996,1255,814,1526,1935,1555,882,474,1052,1644,2013,844,1352
57: 1346
58: 73,1758,257,466,2006,1011,817,1035,1150,1039,1828,1687,2007,945,1826,1886,1334,1665,1698
59: 1706,1904
1703: 1329
61: 
62: 1817
1688: 
64: 987,2019,444,1070,915,1912,835,1508,870,1401,129,1326,1196,168,1115,1538,1583,625,1,403,1382,546
65: 1572,522,1485,638,1095,492,1633,1390,1878,2005,1666,1071,828,1838,532,723,535,1934,1007,1749
66: 91,1166,1222,287,2016,1261,1626,45,117,150,1250,1543,1584,737,1797,1048,107
1832: 974,1672
68: 1612,899
1898: 131
70: 274
1896: 
1618: 99,401,154,315,1715,1910,447,1428,2008,1951,1580,681,1969,1322,1266,527,322,907
73: 1758,257,466,2006,808,1011,817,1035,1150,1039,1828,1687,2007,945,972,1826,331,58,1886,1535,1552,1334,1665,1698,249
1728: 
1848: 765
2010: 1702,1509,1717,615,1945,446,1053,1101,1476,296,792,1025,1602,1734,856,223,1169,350,383,156,458,934,1684,727,1386,1332
1634: 967,1522
1680: 1451,814,1526,1935,1555,882,474,1644,669,2013,844,1352,195,1569,1096,916,1855,1671,197,133,1604,202,1915,2000,173,1257,970,751,1483,485,119,1630,996,1255
1737: 
1508: 987,2019,444,64,1070,915,1912,835,870,1401,129,1074,1326,1115,1538,625,1
81: 
1981: 
83: 
84: 
1866: 676,1288
86: 
87: 
88: 
89: 469,1290,13,1248,5,666,805,775
90: 3,47
91: 1166,1222,287,2016,1626,45,117,1250,1050,1543,66,737,1797,1048,107,561
92: 787,1087,1721,1276
93: 
94: 345
1743: 
96: 1097,862,767,203
97: 1546,1383,1576,2014,478,1058,100,1393,550,660,707,860,207,1888,687,342,654,1044,1146,1167,1294,1103,385
1683: 302
99: 263,1618,401,154,315,1715,1910,447,1428,2008,1705,1951,451,1580,681,1969,1322,1465,1266,286,527,1902,322,907
100: 1546,1383,1576,2014,478,1058,1393,97,550,707,860,207,1888,687,342,1146,1167,1294,1099,385
101: 
102: 
103: 1989,1151,180,582
104: 
1841: 268,241
106: 1448,1965,1587,1251
107: 91,1166,1222,287,2016,1261,117,150,1250,1584,66,737,1797
1623: 757
109: 2017,1632,544,1795,2011,1303,1718,291,1119,1882,511,261,1620,1023
110: 880
1589: 1478,1689
112: 1696
1614: 1971,1853
114: 
1585: 1606,1197,839,1323
116: 
117: 91,1166,1222,287,2016,1626,150,1250,1050,1543,1584,66,737,1048,107,561
118: 
119: 1604,202,1915,2000,1772,173,14,1257,360,1230,970,751,644,1483,56,485,810,1630,996,1255,1569,1096,916,1855,298,1671,197,133,1451,814,1526,1935,1555,882,474,1052,1644,669,2013,1680,844,1352,195
1656: 
1821: 
122: 964,894
123: 
1886: 73,1758,257,466,2006,1011,817,1035,1150,1039,1828,1687,2007,945,1826,58,1552,1334,1665,1698,249
125: 12,1351,1975,1622
1693: 
1543: 91,1166,1222,287,2016,1626,45,117,150,1250,1050,66,737,1048,561
128: 
129: 987,2019,64,1070,915,835,1508,870,1074,1326,1115,1538,625,1
1867: 
131: 1898
132: 390
133: 298,1671,197,1569,1096,916,1855,1555,1644,669,2013,1680,844,195,1604,202,1915,2000,173,1257,360,970,751,644,1483,485,810,119,1630,1255
134: 861,986,1141,750,1234,275,18,379
135: 825,958,187,531,1083,1431,1753,790,542,922,2018,1059,1213,597
136: 
137: 
138: 
139: 
1856: 
141: 
142: 39,316,1194,2001,1238,557,1466,0,335,674
143: 
144: 1140,1029,194,1477
1481: 1249,157
146: 
147: 228,1375
148: 
149: 1551
150: 1166,1222,2016,1261,117,1250,1543,1584,66,737,1048,107
151: 1685
152: 
153: 
154: 99,1131,263,1618,401,315,1715,1910,447,1428,2008,1705,1271,1951,451,1580,1969,1322,1465,1266,286,1621,527,1381,907
155: 1413
156: 383,458,934,1684,727,1386,1332,1509,1717,615,2010,446,1101,1476,296,1025,1602,1734,1169,350
157: 1249,1481
158: 
159: 
160: 1118
1704: 373,201
1895: 
163: 
1529: 226,1428,2008,1705,1482,1271,1969,1322,1465,1266,286,1154,1600,1381,1368,1193,1910
165: 
1824: 
1813: 1740,1960,1302,1066
168: 1196,1115,1538,1583,1171,625,1,403,1382,1938,987,2019,444,64,835,1401,1326,546
169: 
170: 352
1764: 
172: 921,701,900,1563,629,674,404,39,316,1194,2001,1238,1466,0,335,312,1952,560
173: 1604,202,1915,2000,1772,14,1257,360,1230,970,751,644,1483,56,485,810,119,1630,996,1255,1096,298,1671,197,133,814,1526,1555,1644,2013,1680,844,1352
174: 884,1564,1843,1558,1111,299,747,1763,610,1932,2002,323,830,387,600,898,634,2003,1735
175: 
176: 450,1292,2004,1863,40,756,1017,1760,1739,1283,1142,1961,1682,1699,1987,1076,1885,337,456,1994,617,695
1787: 
178: 1919,742,761
179: 990
180: 103,1989,1151,582
181: 
1901: 1181
183: 
184: 
1612: 899,68,1210
1702: 1509,615,1945,2010,446,1053,1101,1476,296,792,1025,1602,1734,856,223,1169,350,458,727
187: 825,958,639,531,1083,135,1431,1753,542,922,2018,1059
1932: 884,519,1564,1843,1111,778,299,747,1763,610,1944,174,2002,309,323,830,387,898,437,1163,634,2003,1436,1780,1771,310,694,592,1887,857,1735
189: 
190: 1292,2004,1863,40,1648,1739,1327,1961,1885,456,1700
1865: 1837,777,1175,255,779,1209,1198,2015,338,297,1754,1173,1022,339,547,1391,1839,1380
2000: 1604,202,1915,1772,173,14,1257,360,1230,970,751,644,1483,56,485,810,119,1630,996,1255,1569,1096,916,1855,298,1671,197,133,1451,814,1526,1935,1555,882,474,1052,1644,669,2013,1680,844,1352,195
193: 
194: 1140,1029,144,1477
195: 1935,1555,882,474,1644,669,2013,1680,1352,1096,916,1855,133,1604,202,2000,1772,1257,1230,970,751,1483,485,810,119,996,1255
1601: 1130
197: 298,1671,133,1569,1096,916,1855,2013,1680,844,1604,1915,2000,173,1257,970,751,1483,119,1630
1619: 
1791: 574,714
1621: 226,1428,2008,1705,1482,1271,451,1580,1969,1322,1229,286,1154,1381,1193,1131,263,401,154,1910
201: 1704,373
202: 1604,1915,2000,1772,173,14,1257,360,1230,970,751,644,1483,56,485,810,119,1630,996,1255,1671,133,814,1555,882,474,1644,2013,1680,1352,195
203: 96
204: 
205: 1225,317,755,1854,866,2012,960,262,1834,1239,1845
1657: 
207: 1546,1383,1576,2014,478,1058,100,1393,97,550,707,860,1888,687,342,1146,1167,1294,1103,1099,385
2001: 39,316,142,1194,1238,557,1466,0,335,312,1952,921,701,900,1563,629,674,172,404,560
209: 1711,636,831,580,841
1580: 447,1428,2008,1705,1482,1271,1951,451,1969,1322,1229,1465,1266,286,1154,1621,527,1902,322,1381,1193,305,907,99,263,1618,401,154,315,1715,1910
211: 
212: 
213: 
2002: 461,884,519,1120,1564,1843,1558,1111,778,299,747,1548,1763,610,1932,1944,174,309,323,830,387,600,898,437,1163,634,2003,752,1663,1436,1780,1771,310,694,592,1887,857,1469,1735
215: 
1592: 1002
1944: 519,1111,747,1763,610,1932,2002,309,323,830,1163,2003,1436,694,1735
1772: 1604,202,1915,2000,173,14,360,1230,644,1483,56,485,810,119,996,1255,814,1935,1555,882,474,1052,1644,2013,1352,195
219: 
220: 
221: 
222: 
223: 1702,615,1945,2010,446,1053,1101,296,792,1602,856,350,383,458,727,1386
1827: 
1771: 2003,752,1663,1436,1780,310,694,592,1887,857,1469,1735,884,1564,747,1548,1932,2002,600,437,634
226: 2008,1705,1482,1271,1969,1322,1229,1465,1266,286,1529,1154,1600,1621,1902,1381,1368,1193
1984: 
228: 1375,147
229: 
1980: 
231: 1051
232: 
1724: 
234: 1157,1426,992
235: 
236: 
1877: 1802
1504: 460,911,529
239: 760
240: 
241: 268,1841
1639: 1084
243: 6
244: 579,961,1459
1756: 501
246: 
247: 
1921: 
249: 73,257,2006,808,817,1035,1150,1039,1828,2007,945,972,1826,1886,1535,1552,1334,1665
1934: 1878,2005,1071,828,1838,723,535,1007,1749,1572,638,1095,1633,1390,65
251: 
252: 1049,1310
1938: 848,403,1382,1196,168,1115,1583,1171,625,2019,1401,546
254: 569,750,621,18,379,1141
255: 1865,494,1837,1175,779,1198,2015,338,1754,1022,339,547,1391,1839,1380
256: 905
257: 73,1758,466,2006,808,1011,817,1035,1150,1039,1828,2007,945,972,1826,331,58,1886,1535,1552,1334,1665,1698,249
1949: 
259: 
260: 
261: 2017,703,1632,544,1795,2011,1303,609,1718,291,109,1119,1882,511,1620,1023
262: 205,1225,317,755,1854,2012,960,1834,1239,1845
263: 99,1131,401,154,315,1910,1428,2008,1705,1482,1271,451,1580,1969,1322,1465,286,1154,1621,527,1381,1193,907
264: 
265: 
266: 
1891: 
268: 1841,241
269: 
1880: 
2019: 987,444,64,1070,915,1912,835,1508,870,1401,129,1074,1326,1196,168,1115,1538,1583,1171,625,1,848,403,1382,1938,546
272: 
273: 
274: 1774,70,1946,29
275: 750,1234,621,18,379,861,134
276: 
277: 
278: 
279: 
1918: 
1501: 690,34,555,1893
1606: 1585,1197,596,1323,333,1304,1319
283: 
284: 1834,1239,1845,1225,317,755,2012
1632: 2017,703,1795,2011,1303,609,1718,291,109,1119,1882,511,261,1620,1023
286: 226,447,1428,2008,1705,1482,1271,1951,451,1580,681,1969,1322,1229,1465,1266,1529,1154,1600,1621,527,1902,322,1381,1368,1193,305,907,99,263,401,154,1910
287: 91,1166,1222,2016,1261,1626,45,117,1250,1543,66,737,1797,107,561
288: 1313,1253,858,1936,554
1935: 1451,814,1526,1555,882,474,1052,1644,669,2013,1680,1352,195,1096,916,2000,1772,1483,56,485,119,996,1255
1629: 
291: 2017,703,1632,544,1795,2011,1303,609,1718,109,1119,1882,511,261,1620,1023
292: 1650,883,1590
293: 
1910: 99,1131,263,1618,154,315,1428,2008,1705,1271,1951,1580,1969,1322,1465,1266,286,1529,1154,1621,527,1381,1368,1193,907
1652: 436
296: 1702,1509,615,1945,2010,446,1053,1101,1476,792,1025,1602,1734,856,223,1169,350,383,156,458,727,1386
297: 1865,1837,777,1175,779,1209,2015,1754,1173,1022,339,547,670,1391
298: 1671,197,133,1569,1096,916,1855,814,1555,2013,844,1604,1915,2000,173,1257,970,119,1630
299: 884,519,1120,1564,1843,1558,1111,778,747,1763,610,1932,174,2002,309,323,830,387,600,898,437,1163,2003,694,1735
300: 
301: 
302: 1306,1683
303: 635
304: 
305: 447,2008,1271,1951,451,1580,681,1969,1229,1266,286,1902,322,1368,907,401,1715
1635: 759,1056,571,745,1123
307: 
1527: 1493
309: 884,519,1120,1843,1558,1111,778,299,747,1763,610,1932,1944,2002,323,830,387,898,437,1163,2003,694,1735
310: 2003,752,1663,1436,1780,1771,694,592,1887,857,1469,1735,884,1564,1843,1111,747,1548,1932,2002,323,830,437,1163,634
311: 
312: 1952,316,1194,2001,1238,0,335,921,701,900,1563,172,404,560
1990: 
314: 587,838
315: 99,263,1618,401,154,1715,1910,447,1428,2008,1951,451,1580,1969,1322,527,322,907
316: 39,142,1194,2001,1238,1466,0,335,312,701,900,1563,674,172,404,560
317: 205,1225,755,1854,866,2012,262,284,1834,1239,1845
318: 
319: 
320: 
1482: 226,1428,2008,1705,1271,451,1580,1969,1229,286,1529,1154,1600,1621,1381,1193,263
322: 447,2008,1951,451,1580,681,1969,1266,286,1902,305,907,99,1618,401,315,1715
323: 884,519,1564,1111,299,747,1763,610,1932,1944,174,2002,309,830,1163,2003,1436,1780,310,694,1735
1732: 
325: 
326: 796
1625: 1278,477,729,2009,1976,1647,495,1296,1395,1046,1281,521,1287,1145,1170,697
328: 
329: 662,399,515
1751: 
331: 73,1758,257,2006,1011,817,1035,1150,1828,1687,2007,972,1535,1665,1698
1825: 1365,1488
333: 1323,1304,1204,1319,1606,596
1733: 
335: 39,316,142,1194,2001,1238,557,1466,0,312,701,900,1563,674,172,404
1862: 939
337: 450,176,2004,1863,40,1648,756,1017,1760,1739,1327,1283,1961,1682,1699,1987,1076,1885,456,1994,695
338: 1865,494,1837,1175,255,779,1198,2015,1022,339,547,1391,1839,1380
339: 1865,494,1837,777,1175,255,779,1209,1198,2015,338,297,1754,1173,1022,547,670,1391
340: 
1454: 
342: 1546,1576,2014,478,1058,100,1393,97,550,707,860,207,1888,687,1167,1294,385
343: 
344: 
345: 94
346: 
347: 
1609: 
1726: 1159
350: 1702,615,1945,2010,446,1101,296,792,1025,1602,856,223,383,156,458,727,1386
351: 400,1444
352: 170
353: 
354: 1651,41
355: 
1735: 2003,752,1663,1436,1780,1771,310,694,592,1887,857,1469,461,884,519,1120,1564,1843,1558,1111,778,299,747,1548,1763,610,1932,1944,174,2002,309,323,830,387,600,898,437,1163,634
1584: 1166,1222,2016,117,150,66,1048,107
1468: 
359: 
360: 1604,202,1915,2000,1772,173,14,1257,1230,970,751,644,1483,56,485,810,119,1630,996,1255,1671,133,814,1555,474,1052,1644,2013,844,1352
361: 
1974: 
363: 
1854: 205,1225,317,755,866,2012,960,262,1834,1239,1845
1667: 
366: 
1860: 
368: 1801
369: 
1755: 
1631: 1092,1810
1796: 517
373: 1704,201
1531: 
375: 
1524: 
377: 
378: 
379: 569,750,1234,275,254,621,18,861,1141,134
1828: 73,1758,257,2006,808,1011,817,1035,1150,1039,1687,2007,945,972,1826,331,58,1886,1535,1552,1334,1665,1698,249
1964: 1245
382: 1026
383: 156,458,934,727,1386,1332,1509,615,2010,446,1101,296,1025,1602,223,350
1602: 1702,1509,615,1945,2010,446,1053,1101,1476,296,792,1025,1734,856,223,1169,350,383,156,458,1684,727,1386,1332
385: 1103,1099,1546,1383,1576,2014,478,1058,100,1393,97,550,207,1888,342,1146,1167,1294
386: 
387: 461,884,519,1120,1843,1558,1111,778,299,747,1763,610,1932,174,2002,309,830,600,898,437,1163,2003,1735
388: 
389: 1518,1259
390: 132
391: 
1836: 1520
393: 1248,5,666,13
394: 
395: 
396: 713,1344,1461
397: 
1845: 284,1834,1239,262,205,1225,317,755,1854,866,2012,960
399: 662,329,515
400: 351
401: 99,263,1618,154,315,1715,447,1428,2008,1705,1951,451,1580,1969,1322,286,1621,527,322,305,907
1519: 
403: 848,1382,1938,1196,168,1583,625,2019,444,64,1401,546
404: 921,701,900,1563,629,674,172,39,316,1194,2001,1238,0,335,312,1952,560
1579: 
406: 
1677: 
1700: 450,1292,2004,1863,40,1648,1739,1961,190,1885,456
1712: 
410: 
1969: 226,447,1428,2008,1705,1482,1271,1951,451,1580,681,1322,1229,1465,1266,286,1529,1154,1600,1621,527,1902,322,1381,1368,1193,305,907,99,263,1618,401,154,315,1715,1910
412: 636,831,1106,52,580
1654: 593
414: 
415: 1190,496,1437,1725
416: 
417: 
1526: 1451,814,1935,1555,882,474,1052,1644,669,2013,1680,844,1352,1569,1096,916,1604,1915,2000,173,14,1257,56,119,1255
419: 
420: 950
1840: 1279
422: 1513
1992: 
424: 
1649: 
426: 
427: 
1581: 
1988: 785,951,475
430: 
1705: 226,447,1428,2008,1482,1271,1951,451,1580,1969,1322,1229,1465,1266,286,1529,1154,1600,1621,527,1902,1381,1368,1193,907,99,1131,263,401,154,1910
432: 
1642: 
1551: 149
1547: 
436: 1652
437: 461,884,1120,1843,1558,1111,778,299,747,1548,1932,2002,309,830,387,898,1163,634,2003,1663,1780,1771,310,694,592,1887,857,1735
438: 
439: 
440: 
441: 858,1936,554
1644: 1451,814,1526,1935,1555,882,474,1052,669,2013,1680,844,1352,195,1569,1096,916,1855,133,1604,202,1915,2000,1772,173,14,1257,360,1230,751,1483,56,485,119,1630,996,1255
1839: 1865,494,1837,1175,255,779,1198,2015,338,1391,1380
444: 987,2019,64,1070,915,1912,835,1508,870,1401,1326,1196,168,1115,1583,625,848,403,1382,546
1878: 2005,1071,828,1838,532,723,465,535,1934,1007,1999,1852,1749,492,1633,65
446: 1702,1509,615,1945,2010,1053,1101,1476,296,792,1025,1602,1734,856,223,350,383,156,458,727
447: 1428,2008,1705,1271,1951,451,1580,681,1969,1322,1229,1465,1266,286,527,1902,322,1368,305,907,99,1618,401,154,315,1715
1697: 
449: 
450: 176,1292,2004,1863,756,1017,1760,1739,1142,1961,1682,1699,1987,1885,337,456,1994,1700,617
451: 447,1428,2008,1705,1482,1271,1951,1580,681,1969,1322,1229,1266,286,1154,1621,1902,322,1368,305,907,99,263,401,154,315,1715
1834: 284,1239,1845,262,205,1225,317,755,1854,2012,960
453: 
454: 
455: 
456: 450,176,1292,2004,1863,40,1648,1017,1739,1327,1283,1961,1682,190,1699,1987,1076,1885,337,1994,1700
457: 
458: 383,156,727,1386,1702,1509,615,1945,2010,446,1101,1476,296,1025,1602,856,223,350
459: 
460: 1504,1328,911,529
461: 884,1120,1843,1558,778,747,1548,2002,830,387,600,898,437,634,2003,1663,1780,694,592,1887,857,1469,1735
462: 
1665: 73,1758,257,466,2006,1011,817,1035,1150,1039,1828,1687,2007,945,972,1826,331,58,1886,1535,1552,1334,1698,249
464: 1139,736
465: 1878,2005,1666,1071,828,532,723,535,1007,1999,1852,522,1485,492
466: 73,1758,257,2006,808,1011,1035,1150,1039,2007,972,1826,58,1886,1552,1334,1665,1698
467: 
1748: 
469: 89,1290,5,666,805,775
1676: 
471: 955
1452: 1462
1630: 1604,202,1915,2000,173,14,1257,360,1230,970,751,644,1483,485,810,119,1255,1569,1096,1855,298,1671,197,133,814,1555,1644,2013,1680,844
474: 1451,814,1526,1935,1555,882,1052,1644,669,2013,1680,844,1352,195,1096,1604,202,2000,1772,14,1257,360,1483,56,485,119,996,1255
475: 1988,785,1977,951
1837: 1865,494,777,1175,255,779,1209,1198,2015,338,297,1754,1173,1022,339,547,1391,1839,1380
477: 1278,729,1487,1638,2009,1976,1647,495,1943,1296,1395,1046,1625,521,1645,1287,1170,697
478: 1546,1576,2014,1058,100,1393,97,707,860,207,1888,687,342,1167,1294,1099,385
479: 
1763: 884,519,1564,1843,1558,1111,299,747,610,1932,1944,174,2002,309,323,830,387,600,898,1163,634,2003,1436,1780,694,1735
481: 
1801: 368
1885: 450,176,1292,2004,1863,40,1648,1017,1739,1961,190,1699,1987,337,456,1994,1700
1616: 1842
485: 1604,202,1915,2000,1772,173,14,1257,360,1230,970,751,644,1483,56,810,119,1630,996,1255,1096,1855,1671,133,814,1935,1555,882,474,1052,1644,669,2013,1680,844,1352,195
486: 
1664: 
488: 
489: 834,38
1857: 1494
491: 
492: 1572,522,1485,638,1633,65,1878,2005,1666,1071,828,1838,532,723,465,535,1007
493: 1450
494: 1837,1175,255,779,1198,2015,338,1754,1173,1022,339,547,1391,1839,1380
495: 1278,477,729,1487,1638,2009,1976,1647,1943,1296,1395,1046,1625,1995,1281,521,1645,1287,1145,1170,697
496: 1190,415,1725
1761: 
498: 
499: 
1770: 
501: 1756
502: 1651,807,8
1948: 
1574: 
1999: 1878,2005,1666,1071,828,1838,532,723,465,535,1007,1852,522
506: 
507: 
508: 998
509: 1607
510: 
511: 2017,703,1632,544,1795,2011,1303,609,1718,291,109,1119,1882,261,1620,1023
512: 
513: 
514: 
515: 662,329,399
1699: 450,176,2004,1863,40,756,1017,1327,1283,1961,1682,1076,1885,337,456,1994,695
517: 1796,1311
1505: 
519: 884,1120,1111,778,299,747,1763,610,1932,1944,2002,309,323,830,387,1163,2003,694,1735
520: 
521: 1278,477,729,1487,1638,2009,1976,1647,495,1943,1296,1395,1046,1625,1995,1281,1645,1287,1170,697
522: 1572,1485,638,492,65,2005,1666,1071,828,1838,532,723,465,535,1007,1999
523: 
524: 
1831: 
526: 1539,849
527: 447,1428,2008,1705,1271,1951,1580,681,1969,1322,1465,1266,286,1902,1368,907,99,263,1618,401,154,315,1715,1910
1913: 
529: 1504,460
1809: 
531: 825,958,187,1083,135,1431,1753,790,922,2018,1059,597
532: 1878,2005,1666,1071,828,723,465,535,1007,1999,1852,522,1485,638,492,1633,65
533: 
534: 
535: 1878,2005,1666,1071,828,1838,532,723,465,1934,1007,1999,1852,1749,1572,522,1485,638,492,1633,1390,65
536: 1690,1109,1472
537: 
538: 
539: 
540: 1348
541: 1830
542: 1753,790,922,2018,1149,1059,1213,597,958,639,187,135,1431
543: 
544: 2017,703,1795,2011,1303,609,1718,291,109,1119,511,261,1620,1023
545: 1033,1336,37
546: 1196,168,1115,1583,1171,625,848,403,1382,1938,2019,444,64,1070,1912,835,1401,1326
547: 1865,494,1837,777,1175,255,779,1198,2015,338,297,1754,1173,1022,339,670,1391
548: 
549: 
550: 1546,1383,2014,1058,100,1393,97,660,707,860,207,1888,687,342,654,1044,1146,1167,1294,385
551: 796
552: 1156,1662
1812: 
554: 1253,858,288,1936,441
555: 1501,690,34,1893
556: 
557: 39,142,1194,2001,1238,1466,0,335
1906: 
1991: 
560: 316,2001,312,1952,921,701,900,1563,172,404
561: 91,1166,1222,287,2016,1626,45,117,1250,1050,1543,737,1048
2006: 73,1758,257,466,808,1011,817,1035,1150,1039,1828,1687,2007,945,972,1826,331,58,1886,1535,1552,1334,1665,1698,249
563: 1350
1600: 226,2008,1705,1482,1271,681,1969,1322,1229,1465,1266,286,1529,1154,1902,1368,1193
565: 
1673: 1499
567: 
1557: 891,908,1335
569: 750,1234,254,621,18,379
570: 1521,735,1192,614
571: 759,1635,1056,745,1123
572: 612,869,623
573: 1077
574: 1791,714
575: 640
1586: 
1904: 59,1706
578: 
579: 961,1459,244
580: 636,831,1106,412,209,1711,841
581: 1377
582: 103,1151,180
1744: 
584: 1256,603
585: 
1760: 450,176,2004,756,1017,1283,1142,1961,1682,1987,337,1994,617
587: 314,838
1968: 
589: 
590: 
591: 
592: 2003,752,1663,1436,1780,1771,310,694,1887,857,1469,1735,461,884,1120,1564,1843,1558,1111,778,747,1548,1932,2002,830,600,898,437,1163,634
593: 1654
1962: 
1766: 
596: 1606,1197,333,1319
597: 790,542,922,2018,1149,1059,1213,825,531,1083,135,1431
598: 
1515: 
600: 461,884,1564,1843,1558,299,747,1548,1763,174,2002,830,387,898,634,2003,752,1780,1771,592,857,1469,1735
1653: 
602: 
603: 584,1256
604: 
605: 
606: 
1670: 1868,1517
1747: 1055,686
609: 2017,703,1632,544,1795,2011,1303,291,511,261,1023
610: 884,519,1120,1564,1111,778,299,747,1763,1932,1944,174,2002,309,323,830,387,898,1163,2003,694,1735
611: 1183
612: 869,572,623
1800: 
614: 1521,735,1192,570
615: 1702,1945,2010,446,1053,1101,296,792,1025,1602,1734,223,1169,350,383,156,458,934,727,1386,1332
1479: 
617: 450,176,1292,2004,756,1017,1760,1739,1142,1961,1682,1987,1994
618: 
619: 943
620: 
621: 569,750,1234,275,254,18,379
622: 1098
623: 612,869,572
1464: 
625: 1196,168,1115,1538,1583,1171,1,848,403,1382,1938,987,2019,444,64,1070,915,1912,835,1508,870,1401,129,1074,1326,546
626: 
1722: 
628: 
629: 921,701,900,1563,674,172,404,39,2001,1466,0
630: 
1471: 
1708: 
633: 
634: 461,884,1564,1843,1558,1111,778,747,1548,1763,1932,174,2002,830,600,898,437,2003,752,1663,1436,1780,1771,310,694,592,1887,857,1469,1735
635: 303
636: 831,1106,412,580,209,1711,841
1578: 
638: 1572,522,1485,1095,492,1633,1390,65,2005,1666,1071,828,1838,532,723,535,1934,1007
639: 958,187,1431,1753,542,2018
640: 575
641: 664,1942
642: 
1522: 1297,967,1634
644: 1604,202,1915,2000,1772,173,14,1257,360,1230,970,751,1483,485,810,119,1630,1255,1671,133,2013
1806: 
646: 
647: 
1603: 733,658
649: 
1745: 
651: 1160,936
652: 
653: 845
654: 1546,1383,2014,1058,97,550,660,860,687,1044,1146,1294,1103
655: 
656: 
657: 
658: 733,1603
659: 
660: 1546,1383,2014,97,550,860,654,1044,1146,1167,1294,1103
661: 
662: 329,399,515
663: 
664: 641
665: 
666: 393,1248,5,89,469
667: 
668: 1628
669: 1451,1526,1935,1555,882,474,1644,2013,1680,844,1352,195,1569,1096,916,1855,133,1604,2000,1257,751,1483,485,119,996,1255
670: 777,779,2015,297,1173,1022,339,547
671: 
1472: 1690,1109,536
1687: 73,1758,2006,1011,817,1150,1828,2007,331,58,1886,1665,1698
674: 921,701,900,1563,629,172,404,39,316,142,2001,1238,1466,0,335
1672: 974,1832
676: 1866,1288
1882: 2017,1632,1795,2011,1303,1718,291,109,1119,511,261,1620,1023
1663: 2003,1780,1771,310,694,592,1887,857,1469,1735,461,1843,1548,2002,437,634
1477: 144,1140,1029,194
680: 
681: 447,2008,1271,1951,451,1969,1322,1465,1266,286,1600,527,1902,322,1368,305,907,99,1618
1810: 1092,1631
683: 1245
1983: 
1711: 209,636,580,841
686: 1747,1055
687: 1546,1383,2014,478,1058,100,1393,97,550,707,860,207,1888,342,654,1044,1167,1294
1643: 1392
689: 
690: 1501,34,555,1893
1965: 1448,106
692: 1405,1970
1993: 
694: 2003,1663,1436,1780,1771,310,592,1887,857,1735,461,884,519,1120,1564,1843,1111,778,299,747,1548,1763,610,1932,1944,2002,309,323,830,898,437,1163,634
695: 176,2004,756,1017,1283,1682,1699,1076,337,1994
696: 
697: 1145,1170,1278,477,729,2009,1976,495,1943,1395,1625,1995,521,1645,1287
698: 
699: 1267
700: 
701: 921,900,1563,629,674,172,404,39,316,2001,1238,1466,0,335,312,560
702: 
703: 2017,1632,544,1795,2011,1303,609,1718,291,511,261,1023
1883: 
1971: 1853,1614
706: 782
707: 1546,1383,2014,478,1058,100,97,550,860,207,1888,687,342,1044,1167
1982: 1054
709: 1126
1490: 885
1590: 883,1957,292
712: 
713: 396,1461
714: 1791,574
715: 763
1489: 
1566: 
1662: 552,1156
719: 
720: 
721: 827,9
1567: 
723: 1878,2005,1666,1071,828,1838,532,465,535,1934,1007,1999,1852,1572,522,1485,638,492,1633,65
1758: 73,257,466,2006,808,1011,1035,1150,1039,1828,1687,2007,972,1826,331,58,1886,1334,1665,1698
1775: 
1550: 913,874
727: 383,156,458,934,1386,1702,1509,615,1945,2010,446,1101,296,792,1025,1602,856,223,1169,350
728: 
729: 1278,477,1487,1638,2009,1976,1647,495,1943,1296,1395,1046,1625,1995,1281,521,1645,1287,1170,697
730: 
731: 
732: 1068
733: 658,1603
1977: 785,475
735: 1521,1192,614,570
736: 464
737: 91,1166,1222,287,2016,1261,1626,45,117,150,1250,1543,66,1797,107,561
1997: 
739: 1640
1552: 73,257,466,2006,808,1035,1150,1039,1828,2007,945,972,1826,1886,1535,1334,1665,249
1912: 987,2019,444,64,1070,915,835,1508,870,1401,1074,1326,1196,1115,1583,625,1,1382,546
742: 178,1919,761
1710: 
744: 780
745: 759,1635,1056,571,1123
1911: 
747: 461,884,519,1120,1564,1843,1558,1111,778,299,1548,1763,610,1932,1944,174,2002,309,323,830,387,600,898,437,1163,634,2003,752,1436,1780,1771,310,694,592,1887,857,1735
1637: 1453
1817: 62
750: 569,1234,275,254,621,18,379,861,986,1141,134
751: 1604,202,1915,2000,173,1257,360,1230,970,644,1483,485,810,119,1630,996,1255,1096,1855,1671,197,133,1555,882,1644,669,2013,1680,1352,195
752: 2003,1780,1771,310,592,857,1469,1735,884,1564,747,1548,2002,600,898,634
753: 1773
1928: 
755: 205,1225,317,1854,2012,960,262,284,1834,1239,1845
756: 450,176,2004,1863,1017,1760,1283,1961,1682,1699,1987,1076,337,1994,617,695
757: 1623
758: 1494
759: 1635,1056,571,745,1123
760: 239
761: 178,1919,742
1838: 1878,2005,1666,1071,828,723,535,1934,1007,1999,1572,522,1485,638,1095,492,1633,1390,65
763: 715
1753: 790,542,922,2018,1059,958,639,187,531,135,1431
765: 1848
766: 
767: 96,1097,862
1453: 1637
2004: 450,176,1292,1863,40,1648,756,1017,1760,1739,1327,1283,1142,1961,1682,190,1699,1987,1076,1885,337,456,1994,1700,617,695
770: 
771: 
772: 
1954: 
1622: 12,1975,125
775: 805,13,1248,5,89,469,1290
776: 
777: 1865,1837,1175,779,1209,1198,2015,297,1754,1173,1022,339,547,670,1391
778: 461,884,519,1120,1843,1558,1111,299,747,1548,610,1932,2002,309,830,387,898,437,1163,634,2003,1780,694,592,1887,1735
779: 1865,494,1837,777,1175,255,1198,2015,338,297,1754,1173,1022,339,547,670,1391,1839
780: 744
781: 1900
782: 706
783: 
1863: 450,176,1292,2004,40,1648,756,1739,1327,1283,1961,190,1699,1885,337,456,1994,1700
785: 1988,1977,951,475
786: 
787: 92,1087,1721,1276
788: 
1588: 
790: 1753,542,922,2018,1149,1059,1213,597,958,531,135,1431
791: 1125
792: 1702,615,1945,2010,446,1053,1101,1476,296,1025,1602,1734,856,223,1169,350,727,1386
793: 
794: 
795: 
796: 551,326,1317
1696: 112
798: 
799: 
1553: 
801: 
2012: 205,1225,317,755,1854,866,960,262,284,1834,1239,1845
1900: 781
1779: 
805: 775,13,5,89,469,1290
806: 
807: 1651,41,502
808: 73,1758,257,466,2006,1035,1150,1039,1828,2007,972,1826,1535,1552,1334,249
809: 
810: 1604,202,2000,1772,173,14,1257,360,1230,970,751,644,1483,485,119,1630,996,1255,133,2013,1352,195
1768: 
1494: 758,1857
1893: 1501,690,34,555
814: 1451,1526,1935,1555,882,474,1052,1644,2013,1680,844,1352,1569,1096,916,298,1671,1604,202,1915,2000,1772,173,14,1257,360,1483,56,485,119,1630,1255
815: 
816: 1178
817: 73,257,2006,1011,1035,1150,1828,1687,2007,945,1826,331,58,1886,1535,1334,1665,1698,249
818: 
1499: 1673
1823: 
2011: 2017,703,1632,544,1795,1303,609,1718,291,109,1119,1882,511,261,1620,1023
822: 
1518: 389,1259
824: 1036,1009,1293
825: 958,187,531,1083,135,1431,2018,1059,597
1640: 739
827: 9,721
828: 1878,2005,1666,1071,1838,532,723,465,535,1934,1007,1999,1852,1572,522,1485,638,1095,492,1633,1390,65
829: 
830: 461,884,519,1120,1564,1843,1558,1111,778,299,747,1548,1763,610,1932,1944,174,2002,309,323,387,600,898,437,1163,634,2003,1436,1780,310,694,592,1887,1735
831: 636,1106,412,580,209
832: 
1754: 1865,494,1837,777,1175,255,779,1209,2015,297,1173,1022,339,547,1391,1380
834: 38,489
835: 987,2019,444,64,1070,915,1912,1508,870,1401,129,1074,1326,1196,168,1115,1538,1583,1171,625,1,1382,546
836: 
837: 940,1227,1195
838: 314,587
839: 1585,1197,1323,1304,1204
1466: 39,316,142,1194,2001,1238,557,0,335,701,900,1563,629,674,172
841: 209,1711,636,580
1741: 
1887: 2003,1663,1436,1780,1771,310,694,592,857,1469,1735,461,1843,1111,778,747,1548,1932,2002,830,437,1163,634
844: 1451,814,1526,1555,474,1052,1644,669,2013,1680,1352,1569,1096,916,1855,298,1671,197,133,1604,1915,2000,173,14,1257,360,1483,56,485,119,1630,1255
845: 653
846: 1089
847: 
848: 403,1382,1938,1196,1583,625,2019,444,1401,546
849: 526,1539
850: 
851: 
852: 
853: 
854: 
855: 
856: 1702,1509,1945,2010,446,1053,1101,296,792,1602,223,350,458,727
857: 2003,752,1663,1436,1780,1771,310,694,592,1887,1469,1735,461,1564,1843,747,1548,1932,2002,600,437,634
858: 1253,288,1936,554,441
859: 
860: 1546,1383,1576,2014,478,1058,100,97,550,660,707,207,1888,687,342,654,1044,1146,1167,1294
861: 134,750,275,379
862: 96,1097,767
1718: 2017,703,1632,544,1795,2011,1303,291,109,1119,1882,511,261,1620,1023
1596: 
1978: 
866: 205,1225,317,1854,2012,960,1239,1845
867: 
1485: 1572,522,638,492,1633,1390,65,2005,1666,1071,828,1838,532,723,465,535,1007
869: 612,572,623
870: 987,2019,444,64,1070,915,1912,835,1508,1401,129,1074,1326,1115,625,1
871: 
872: 
2009: 1278,477,729,1487,1638,1976,1647,495,1943,1296,1395,1046,1625,1995,1281,521,1645,1287,1145,1170,697
874: 913,1550
1572: 522,1485,638,1095,492,1633,1390,65,2005,1666,1071,828,1838,723,535,1934,1007
876: 
1723: 
878: 
1620: 2017,1632,544,1795,2011,1303,1718,291,109,1119,1882,511,261,1023
880: 110,1679
1610: 
882: 1451,814,1526,1935,1555,474,1052,1644,669,2013,1680,1352,195,1096,202,2000,1772,1257,1230,751,1483,56,485,119,996,1255
883: 1650,1590,292,1730
884: 461,519,1120,1564,1843,1558,1111,778,299,747,1548,1763,610,1932,174,2002,309,323,830,387,600,898,437,1163,634,2003,752,1436,1780,1771,310,694,592,1735
885: 1490
886: 
887: 
888: 1077
1996: 1356,1330
1852: 1878,2005,1666,1071,828,532,723,465,535,1007,1999
891: 908,1557
1871: 
893: 
894: 122,964
895: 
1958: 
897: 
898: 461,884,1120,1564,1843,1558,1111,778,299,747,1548,1763,610,1932,174,2002,309,830,387,600,437,1163,634,2003,752,1780,694,592,1469,1735
899: 1612,68,1210
900: 921,701,1563,629,674,172,404,39,316,1194,2001,1238,1466,0,335,312,560
901: 
902: 
903: 
904: 
905: 256
1473: 
907: 447,1428,2008,1705,1271,1951,451,1580,681,1969,1322,1465,1266,286,527,1902,322,1368,305,99,263,1618,401,154,315,1715,1910
908: 891,1335,1557
1915: 1604,202,2000,1772,173,14,1257,360,970,751,644,1483,56,485,119,1630,1255,1569,1096,298,1671,197,133,814,1526,1555,1644,2013,1680,844
910: 
911: 1504,460
1972: 
913: 874,1550
914: 
915: 987,2019,444,64,1070,1912,835,1508,870,1401,129,1326,1115,625,1,1382
916: 1569,1096,1855,298,197,133,1451,814,1526,1935,1555,1644,669,2013,1680,844,195,1604,2000,1257,1483,119
917: 1090,931
1511: 
919: 
920: 
921: 701,900,1563,629,674,172,404,2001,1238,312,1952,560
922: 1753,790,542,2018,1149,1059,1213,597,958,187,531,1083,135,1431
1450: 493
924: 1575
1495: 
1716: 950
927: 
1902: 226,447,1428,2008,1705,1271,1951,451,1580,681,1969,1322,1229,1465,1266,286,1600,527,322,1368,1193,305,907,99
1899: 
930: 
931: 917,1090
1650: 883,292,1730
933: 
934: 383,156,1684,727,1386,1332,615,2010,1101,1025,1169
935: 
936: 1160,651
937: 
1790: 
939: 1862
940: 837,1227,1195
1847: 
942: 1659,1107
943: 619
944: 
945: 73,257,2006,817,1035,1039,1828,2007,1826,58,1886,1552,1334,1665,1698,249
946: 
1573: 
1492: 
1555: 1451,814,1526,1935,882,474,1052,1644,669,2013,1680,844,1352,195,1569,1096,916,1855,298,1671,133,1604,202,1915,2000,1772,173,14,1257,360,751,1483,56,485,119,1630,996,1255
950: 420,1716
951: 1988,785,475
952: 
1858: 
1953: 
955: 471
1541: 1794
957: 
958: 825,639,187,531,135,1431,1753,790,542,922,2018,1059
1523: 
960: 205,1225,755,1854,866,2012,262,1834,1239,1845
961: 579,1459,244
1945: 1702,615,2010,446,1053,1101,1476,296,792,1025,1602,1734,856,223,1169,350,458,727
1638: 1278,477,729,1487,2009,1976,1647,495,1943,1296,1046,1995,521,1645
964: 122,894
965: 
966: 
967: 1297,1522,1634
968: 
969: 
970: 1604,202,1915,2000,173,1257,360,1230,751,644,1483,485,810,119,1630,996,1255,1096,1855,298,1671,197,133,2013,1680,195
971: 
972: 73,1758,257,466,2006,808,1011,1035,1150,1039,1828,2007,1826,331,1535,1552,1334,1665,1698,249
973: 
974: 1832,1672
1933: 
1950: 
977: 
978: 1460
1451: 814,1526,1935,1555,882,474,1052,1644,669,2013,1680,844,1352,1569,1096,916,1604,2000,1257,119,1255
980: 
1846: 
982: 
1583: 1196,168,1115,1538,1171,625,1,848,403,1382,1938,987,2019,444,64,1070,1912,835,1401,1326,546
984: 
985: 
986: 1141,134,750
987: 2019,444,64,1070,915,1912,835,1508,870,1401,129,1074,1326,168,1115,1538,1583,1171,625,1,1382
1681: 
1905: 
990: 179
991: 
992: 234,1157,1426
993: 
994: 
995: 
996: 202,2000,1772,173,14,1257,360,1230,970,751,1483,56,485,810,119,1255,1935,1555,882,474,1644,669,2013,1680,1352,195
997: 
998: 508
1460: 978
1000: 
1571: 
1002: 1592
1003: 
1686: 
1005: 1218,1040
1006: 
1007: 1878,2005,1666,1071,828,1838,532,723,465,535,1934,1999,1852,1749,1572,522,1485,638,492,1633,65
1008: 
1009: 824,1036,1293
1749: 1878,2005,535,1934,1007,1095,1633,1390,65
1011: 73,1758,257,466,2006,817,1035,1150,1828,1687,2007,972,1826,331,58,1886,1535,1665,1698
1636: 
1647: 1278,477,729,1487,1638,2009,1976,495,1943,1296,1395,1046,1625,1995,1281,521,1645
1685: 151
1767: 
1740: 1960,1813,1302,1066
1017: 450,176,1292,2004,40,1648,756,1760,1739,1283,1961,1682,1699,1987,1076,1885,337,456,1994,617,695
1459: 579,961,244
1793: 
1587: 1251,1448,106
1987: 450,176,1292,2004,756,1017,1760,1739,1283,1142,1961,1682,1885,337,456,1994,617
1022: 1865,494,1837,777,1175,255,779,1209,1198,2015,338,297,1754,1173,339,547,670,1391
1023: 2017,703,1632,544,1795,2011,1303,609,1718,291,109,1119,1882,511,261,1620
1024: 1785
1025: 1702,1509,1717,615,1945,2010,446,1053,1101,1476,296,792,1602,1734,1169,350,383,156,458,934,1684,727,1386,1332
1026: 382
1027: 
1931: 
1029: 1533,1140,194,144,1477
1030: 
1715: 99,1618,401,154,315,447,2008,1951,451,1580,1969,527,322,305,907
1604: 202,1915,2000,1772,173,14,1257,360,970,751,644,1483,56,485,810,119,1630,1255,1569,1096,916,1855,298,1671,197,133,1451,814,1526,1555,474,1644,669,2013,1680,844,1352,195
1033: 545,1336,37
1034: 
1035: 73,1758,257,466,2006,808,1011,817,1150,1039,1828,2007,945,972,1826,331,58,1886,1535,1552,1334,1665,1698,249
1036: 824,1009,1293
1037: 
1561: 53
1039: 73,1758,257,466,2006,808,1035,1828,2007,945,972,1826,58,1886,1552,1334,1665,1698,249
1040: 1005
1041: 
1957: 1590
2016: 91,1166,1222,287,1261,1626,45,117,150,1250,1050,1543,1584,66,737,1797,1048,107,561
1044: 1546,1383,2014,97,550,660,707,860,1888,687,654,1146,1167,1294
1970: 1405,692
1046: 1278,477,729,1487,1638,2009,1976,1647,495,1296,1395,1625,1281,521,1287,1170
1047: 
1048: 91,1166,1222,2016,117,150,1050,1543,1584,66,561
1049: 1310,252
1050: 91,1166,2016,1626,45,117,1543,1048,561
1051: 231
1052: 1451,814,1526,1935,1555,882,474,1644,2013,844,1352,2000,1772,14,360,56,485,119,1255
1053: 1702,1509,1717,615,1945,2010,446,1101,1476,296,792,1025,1602,1734,856,223,1169,1386,1332
1054: 1982
1055: 1747,686
1056: 759,1635,571,745,1123
1582: 
1058: 1546,1383,1576,2014,478,100,97,550,707,860,207,1888,687,342,654,1146,1167,1294,1103,1099,385
1059: 1753,790,542,922,2018,1213,597,825,958,187,531,1083,135,1431
1060: 
1061: 
1975: 12,125,1622
1063: 1121
1925: 
1065: 
1066: 1740,1960,1813,1302
1067: 7
1068: 732
1963: 
1070: 987,2019,444,64,915,1912,835,1508,870,1401,129,1074,1326,1115,1583,625,1,546
1071: 1878,2005,1666,828,1838,532,723,465,535,1934,1007,1999,1852,1572,522,1485,638,492,1633,65
1072: 
1725: 496,415
1074: 987,2019,1070,1912,835,1508,870,129,1326,1115,1538,625,1
2018: 1753,790,542,922,1149,1059,1213,597,825,958,639,187,531,1083,135,1431
1076: 176,2004,40,1648,756,1017,1739,1327,1283,1961,1682,1699,337,456,1994,695
1077: 888,573
1802: 1877
1079: 
1080: 
1081: 
1690: 1109,536,1472
1083: 825,187,531,135,1431,922,2018,1059,597
1084: 1639
1517: 1868,1670
1528: 
1087: 787,92,1721,1276
1521: 735,1192,614,570
1089: 846
1090: 917,931
1091: 
1092: 1810,1631
1795: 2017,703,1632,544,2011,1303,609,1718,291,109,1119,1882,511,261,1620,1023
1094: 
1095: 1572,638,1633,1390,65,2005,828,1838,1934,1749
1096: 1569,916,1855,298,1671,197,133,1451,814,1526,1935,1555,882,474,1644,669,2013,1680,844,1352,195,1604,1915,2000,173,1257,970,751,1483,485,119,1630,1255
1097: 96,862,767
1098: 622
1099: 1103,385,1576,2014,478,1058,100,1393,207,1146,1167,1294
1961: 450,176,1292,2004,1863,40,1648,756,1017,1760,1739,1327,1283,1682,190,1699,1987,1076,1885,337,456,1994,1700,617
1101: 1702,1509,615,1945,2010,446,1053,1476,296,792,1025,1602,1734,856,223,1169,350,383,156,458,934,1684,727,1386,1332
1514: 
1103: 1099,385,1383,1576,2014,1058,97,660,207,654,1146,1167,1294
1104: 
1105: 
1106: 636,831,52,412,580
1107: 1659,942
1108: 1272
1109: 1690,536,1472
1110: 
1111: 884,519,1120,1564,1843,1558,778,299,747,1763,610,1932,1944,174,2002,309,323,830,387,898,437,1163,634,2003,1436,1780,310,694,592,1887,1735
1739: 450,176,1292,2004,1863,40,1648,1017,1327,1283,1961,1682,190,1987,1076,1885,337,456,1994,1700,617
1113: 
1538: 168,1115,1583,1171,625,1,987,2019,64,835,1508,129,1074,1326
1115: 1196,168,1538,1583,1171,625,1,1382,1938,987,2019,444,64,1070,915,1912,835,1508,870,1401,129,1074,1326,546
1876: 
1117: 
1118: 160
1119: 2017,1632,544,1795,2011,1303,1718,291,109,1882,511,261,1620,1023
1120: 461,884,519,1843,1558,1111,778,299,747,1548,610,2002,309,830,387,898,437,1163,2003,694,592,1735
1121: 1063
1122: 
1123: 759,1635,1056,571,745
1897: 1185
1125: 791
1126: 709
1127: 
1919: 178,742,761
1951: 447,1428,2008,1705,1271,451,1580,681,1969,1322,1465,1266,286,527,1902,322,1368,305,907,99,1618,401,154,315,1715,1910
1130: 1601
1131: 263,154,1910,1428,2008,1705,1154,1621,1381
1607: 509
1133: 
1976: 1278,477,729,1487,1638,2009,1647,495,1943,1296,1395,1046,1625,1995,1281,521,1645,1287,697
2015: 1865,494,1837,777,1175,255,779,1209,1198,338,297,1754,1173,1022,339,547,670,1391,1839,1380
1646: 
1137: 
1476: 1702,1509,1717,1945,2010,446,1053,1101,296,792,1025,1602,1734,1169,156,458,1684,1386,1332
1139: 464
1140: 1533,1029,194,144,1477
1141: 986,134,750,254,18,379
1142: 450,176,2004,1760,1987,617
1143: 
1780: 2003,752,1663,1436,1771,310,694,592,1887,857,1469,1735,461,884,1564,1843,1558,1111,778,747,1548,1763,1932,2002,323,830,600,898,437,1163,634
1145: 1170,697,1278,2009,495,1625,1995,1645,1287
1146: 1546,1383,1576,2014,1058,100,1393,97,550,660,860,207,654,1044,1167,1294,1103,1099,385
1147: 
1717: 2010,1053,1476,1025,1734,1169,156,1684,1386,1332
1149: 790,542,922,2018,1213,597
1150: 73,1758,257,466,2006,808,1011,817,1035,1828,1687,2007,972,1826,331,58,1886,1535,1552,1334,1665,1698,249
1151: 103,1989,180,582
1844: 
1659: 942,1107
1154: 226,1428,2008,1705,1482,1271,451,1580,1969,1322,1229,1465,286,1529,1600,1621,1381,1368,1193,1131,263,1910
1155: 
1156: 552,1662
1157: 234,1426,992
1158: 
1159: 1726
1160: 936,651
1161: 
2005: 1878,1666,1071,828,1838,532,723,465,535,1934,1007,1999,1852,1749,1572,522,1485,638,1095,492,1633,1390,65
1163: 884,519,1120,1564,1843,1111,778,299,747,1763,610,1932,1944,2002,309,323,830,387,898,437,2003,1436,1780,310,694,592,1887,1735
1164: 
1165: 
1166: 91,1222,287,2016,1261,1626,45,117,150,1250,1050,1543,1584,66,737,1797,1048,107,561
1167: 1546,1383,1576,2014,478,1058,100,1393,97,550,660,707,860,207,1888,687,342,1044,1146,1294,1103,1099,385
1168: 
1169: 1702,1717,615,1945,2010,1053,1101,1476,296,792,1025,1602,1734,156,934,1684,727,1386,1332
1170: 1145,697,1278,477,729,2009,495,1296,1046,1625,521,1645,1287
1171: 1196,168,1115,1538,1583,625,1,1382,1938,987,2019,835,1401,1326,546
1698: 73,1758,257,466,2006,1011,817,1035,1150,1039,1828,1687,2007,945,972,1826,331,58,1886,1535,1334,1665
1173: 1865,494,1837,777,1175,779,2015,297,1754,1022,339,547,670,1391
1174: 
1175: 1865,494,1837,777,255,779,1209,1198,2015,338,297,1754,1173,1022,339,547,1391,1839,1380
1872: 
1177: 
1178: 816
1943: 1278,477,729,1487,1638,2009,1976,1647,495,1395,1995,521,1645,697
1546: 1383,1576,2014,478,1058,100,1393,97,550,660,707,860,207,1888,687,342,654,1044,1146,1167,1294,385
1181: 1901
1182: 
1183: 611
1184: 
1185: 1897
1719: 
1187: 
1188: 
1727: 
1190: 496,1437,415
1798: 
1192: 1521,735,614,570
1193: 226,1428,2008,1705,1482,1271,1580,1969,1322,1229,1465,1266,286,1529,1154,1600,1621,1902,1381,1368,263,1910
1194: 39,316,142,2001,1238,557,1466,0,335,312,1952,900,1563,172,404
1195: 940,837,1227
1196: 168,1115,1583,1171,625,848,403,1382,1938,2019,444,64,1912,835,1401,1326,546
1197: 1585,1606,596,839,1323,1204
1198: 1865,494,1837,777,1175,255,779,1209,2015,338,1022,339,547,1391,1839,1380
1199: 
1200: 
1201: 
1202: 
1203: 
1204: 1323,333,1304,1197,839
1734: 1702,1509,1717,615,1945,2010,446,1053,1101,1476,296,792,1025,1602,1169,156,1684,1386,1332
1842: 1616
1544: 
1208: 
1209: 1865,1837,777,1175,1198,2015,297,1754,1022,339,1391,1380
1210: 1612,899
1794: 1541
1769: 
1213: 790,542,922,2018,1149,1059,597,135
1952: 312,1194,2001,921,172,404,560
1804: 
1216: 
1217: 
1218: 1005
1558: 461,884,1120,1843,1111,778,299,747,1548,1763,174,2002,309,830,387,600,898,437,634,2003,1780,592,1735
1220: 
1221: 
1222: 91,1166,287,2016,1261,1626,45,117,150,1250,1543,1584,66,737,1797,1048,107,561
1516: 
1478: 1689,1589
1225: 205,317,755,1854,866,2012,960,262,284,1834,1239,1845
1679: 880
1227: 940,837,1195
2013: 1451,814,1526,1935,1555,882,474,1052,1644,669,1680,844,1352,195,1569,1096,916,1855,298,1671,197,133,1604,202,1915,2000,1772,173,14,1257,360,1230,970,751,644,1483,56,485,810,119,1630,996,1255
1229: 226,447,2008,1705,1482,1271,451,1580,1969,1322,1266,286,1154,1600,1621,1902,1368,1193,305
1230: 202,2000,1772,173,14,360,970,751,644,1483,56,485,810,119,1630,996,1255,882,1644,2013,1352,195
1462: 1452
1721: 787,92,1087,1276
1233: 
1234: 569,750,275,621,18,379,134
1914: 
1868: 1517,1670
1237: 
1238: 39,316,142,1194,2001,557,1466,0,335,312,921,701,900,1563,674,172,404
1239: 284,1834,1845,262,205,1225,317,755,1854,866,2012,960
1936: 1253,858,288,554,441
1241: 
1242: 
1633: 1572,1485,638,1095,492,1390,65,1878,2005,1071,828,1838,532,723,535,1934,1007,1749
1244: 
1245: 683,1964
1246: 
1608: 
1248: 393,5,666,13,775,89
1249: 157,1481
1250: 91,1166,1222,287,2016,1261,1626,45,117,150,1543,66,737,1797,107,561
1251: 1587,1448,106
1252: 
1253: 1313,858,288,1936,554
1254: 
1255: 1604,202,1915,2000,1772,173,14,1257,360,1230,970,751,644,1483,56,485,810,119,1630,996,1096,133,1451,814,1526,1935,1555,882,474,1052,1644,669,2013,1680,844,1352,195
1256: 584,603
1257: 1604,202,1915,2000,173,360,970,751,644,1483,485,810,119,1630,996,1255,1569,1096,916,1855,298,1671,197,133,1451,814,1526,1555,882,474,1644,669,2013,1680,844,1352,195
1666: 2005,1071,828,1838,532,723,465,535,1007,1999,1852,1572,522,1485,638,492,65
1259: 389,1518
1533: 1140,1029
1261: 1166,1222,287,2016,1626,150,1250,66,737,1797,107
1890: 
1658: 
1960: 1740,1813,1302,1066
1797: 91,1166,1222,287,2016,1261,1626,45,1250,66,737,107
1266: 226,447,1428,2008,1705,1271,1951,451,1580,681,1969,1322,1229,1465,286,1529,1600,527,1902,322,1368,1193,305,907,99,1618,154,1910
1267: 699
1628: 668
1269: 
1562: 
1271: 226,447,1428,2008,1705,1482,1951,451,1580,681,1969,1322,1229,1465,1266,286,1529,1154,1600,1621,527,1902,1381,1368,1193,305,907,263,154,1910
1272: 1108
1684: 156,934,1386,1332,1509,1717,2010,1101,1476,1025,1602,1734,1169
1671: 298,197,133,1569,1096,1855,814,1555,2013,1680,844,1604,202,1915,2000,173,14,1257,360,970,751,644,1483,485,119,1630
1818: 
1276: 787,92,1087,1721
1277: 
1278: 477,729,1487,1638,2009,1976,1647,495,1943,1296,1395,1046,1625,1995,521,1645,1287,1145,1170,697
1279: 1840
1448: 106,1965,1587,1251
1281: 729,1487,2009,1976,1647,495,1296,1395,1046,1625,521,1287
1506: 
1283: 176,2004,1863,40,756,1017,1760,1739,1327,1961,1682,1699,1987,1076,337,456,1994,695
1284: 
1488: 1825,1365
1286: 
1287: 1278,477,729,2009,1976,495,1296,1395,1046,1625,1995,1281,521,1145,1170,697
1288: 676,1866
1289: 
1290: 89,469,5,805,775
1291: 
1292: 450,176,2004,1863,1648,1017,1739,1961,190,1987,1885,456,1700,617
1293: 824,1036,1009
1294: 1546,1383,1576,2014,478,1058,100,1393,97,550,660,860,207,1888,687,342,654,1044,1146,1167,1103,1099,385
1888: 1546,1383,2014,478,1058,100,1393,97,550,707,860,207,687,342,1044,1167,1294,385
1296: 1278,477,729,1638,2009,1976,1647,495,1395,1046,1625,1281,521,1287,1170
1297: 967,1522
1298: 
1299: 
1300: 33
1881: 
1302: 1740,1960,1813,1066
1303: 2017,703,1632,544,1795,2011,609,1718,291,109,1119,1882,511,261,1620,1023
1304: 1323,333,1204,1606,839
1305: 
1306: 302,1595
1307: 
1830: 541
1309: 
1310: 1049,252
1311: 517
1312: 
1313: 1253,288
1569: 1096,916,1855,298,1671,197,133,1451,814,1526,1555,1644,669,2013,1680,844,1604,1915,2000,1257,1483,119,1630
1315: 
1316: 
1317: 796
1651: 807,41,502,354
1319: 333,1606,596
1320: 
1808: 
1322: 226,447,1428,2008,1705,1271,1951,451,1580,681,1969,1229,1465,1266,286,1529,1154,1600,1621,527,1902,1381,1368,1193,907,99,263,1618,401,154,315,1910
1323: 333,1304,1204,1585,1606,1197,839
1324: 
1539: 526,849
1326: 987,2019,444,64,1070,915,1912,835,1508,870,1401,129,1074,1196,168,1115,1538,1583,1171,625,1,546
1327: 2004,1863,40,1648,1739,1283,1961,190,1699,1076,337,456
1328: 460
1329: 1703
1330: 1356,1996
1331: 
1332: 383,156,934,1684,1386,1717,615,2010,1053,1101,1476,1025,1602,1734,1169
1333: 
1334: 73,1758,257,466,2006,808,817,1035,1150,1039,1828,2007,945,972,1826,58,1886,1535,1552,1665,1698,249
1335: 908,1557
1336: 1033,545,37
1483: 1604,202,1915,2000,1772,173,14,1257,360,1230,970,751,644,56,485,810,119,1630,996,1255,1569,1096,916,1855,1671,197,133,814,1935,1555,882,474,1644,669,2013,1680,844,1352,195
1338: 
1339: 
1340: 
2003: 752,1663,1436,1780,1771,310,694,592,1887,857,1469,1735,461,884,519,1120,1564,1843,1558,1111,778,299,747,1548,1763,610,1932,1944,174,2002,309,323,830,387,600,898,437,1163,634
1576: 1546,1383,2014,478,1058,100,1393,97,860,207,342,1146,1167,1294,1103,1099,385
1691: 
1344: 396,1461
1345: 
1346: 57
1909: 
1348: 540
1349: 
1350: 563
1351: 12,125
1352: 1451,814,1526,1935,1555,882,474,1052,1644,669,2013,1680,844,195,1096,1604,202,2000,1772,173,14,1257,360,1230,751,1483,56,485,810,119,996,1255
1353: 
1535: 73,257,2006,808,1011,817,1035,1150,1828,2007,972,331,1552,1334,1665,1698,249
1843: 461,884,1120,1564,1558,1111,778,299,747,1548,1763,1932,174,2002,309,830,387,600,898,437,1163,634,2003,1663,1780,310,694,592,1887,857,1469,1735
1356: 1330,1996
1668: 
1513: 422
1359: 
1648: 1292,2004,1863,40,1017,1739,1327,1961,190,1076,1885,337,456,1700
1361: 
1706: 59,1904
1645: 1278,477,729,1487,1638,2009,1976,1647,495,1943,1395,1995,521,1145,1170,697
1364: 
1365: 1825,1488
1366: 
1367: 
1368: 226,447,1428,2008,1705,1271,1951,451,681,1969,1322,1229,1465,1266,286,1529,1154,1600,527,1902,1193,305,907,1910
1369: 
1774: 274,1946,29
1371: 
1372: 
1783: 
1575: 924
1375: 228,147
1773: 753
1377: 581
1378: 
1379: 
1380: 1865,494,1837,1175,255,1209,1198,2015,338,1754,1391,1839
1381: 226,1428,2008,1705,1482,1271,1580,1969,1322,1465,286,1529,1154,1621,1193,1131,263,154,1910
1382: 848,403,1938,1196,168,1115,1583,1171,625,987,2019,444,64,915,1912,835,1401,546
1383: 1546,1576,2014,1058,100,97,550,660,707,860,207,1888,687,654,1044,1146,1167,1294,1103,385
1384: 
1385: 
1386: 383,156,458,934,1684,727,1332,1509,1717,615,2010,1053,1101,1476,296,792,1025,1602,1734,223,1169,350
2008: 226,447,1428,1705,1482,1271,1951,451,1580,681,1969,1322,1229,1465,1266,286,1529,1154,1600,1621,527,1902,322,1381,1368,1193,305,907,99,1131,263,1618,401,154,315,1715,1910
2014: 1546,1383,1576,478,1058,100,1393,97,550,660,707,860,207,1888,687,342,654,1044,1146,1167,1294,1103,1099,385
1785: 1024
1390: 1572,1485,638,1095,1633,65,2005,828,1838,535,1934,1749
1391: 1865,494,1837,777,1175,255,779,1209,1198,2015,338,297,1754,1173,1022,339,547,1839,1380
1392: 1643
1393: 1546,1576,2014,478,100,97,550,207,1888,687,342,1146,1167,1294,1099,385
1731: 
1395: 1278,477,729,1487,2009,1976,1647,495,1943,1296,1046,1625,1995,1281,521,1645,1287,697
1922: 
1916: 
1398: 
1399: 
1400: 
1401: 987,2019,444,64,1070,915,1912,835,1508,870,1326,1196,168,1115,1583,1171,625,848,403,1382,1938,546
1402: 
1781: 
1404: 
1405: 692,1970
1889: 
1407: 
1730: 1650,883
1409: 
1595: 1306
1411: 
1412: 
1413: 155
1903: 
1469: 2003,752,1663,1780,1771,310,592,1887,857,1735,461,1843,1548,2002,600,898,634
1416: 
1594: 
1966: 
1626: 91,1166,1222,287,2016,1261,45,117,1250,1050,1543,66,737,1797,561
1420: 26
1421: 
1855: 1569,1096,916,298,1671,197,133,1555,1644,669,2013,1680,844,195,1604,2000,1257,970,751,1483,485,119,1630
1423: 
1564: 884,1843,1111,299,747,1548,1763,610,1932,174,2002,323,830,600,898,1163,634,2003,752,1436,1780,1771,310,694,592,857,1735
1520: 1836
1426: 234,1157,992
1427: 
1428: 447,2008,1705,1482,1271,1951,451,1580,1969,1322,1465,1266,286,1529,1154,1621,527,1902,1381,1368,1193,907,99,1131,263,1618,401,154,315,1910
1429: 
1736: 
1431: 825,958,639,187,531,1083,135,1753,790,542,922,2018,1059,597
1784: 
1509: 1702,2010,446,1053,1101,1476,296,1025,1602,1734,856,383,156,458,1684,727,1386
1563: 921,701,900,629,674,172,404,39,316,1194,2001,1238,1466,0,335,312,560
1682: 450,176,2004,756,1017,1760,1739,1283,1961,1699,1987,1076,337,456,1994,617,695
1436: 2003,1780,1771,310,694,592,1887,857,1735,884,1564,1111,747,1763,1932,1944,2002,323,830,1163,634
1437: 1190,415
1548: 461,884,1120,1564,1843,1558,778,747,2002,830,600,898,437,634,2003,752,1663,1780,1771,310,694,592,1887,857,1469,1735
1439: 
1440: 
1441: 
1884: 
1942: 641
1444: 351
1599: 