0: 1194,2001,701,335,312,557,921,560,316,172,1238,1466,629
1: 1074,870,546,1538,2019,1115,129,987,1912,625,1326,620,1070
1946: 1471,1586
3: 
4: 
5: 13,775
6: 1146,1058,1099,1044,1546,1383,2014,1576,342,687,1918,550,654,660,707,100,1167,1888,1294
7: 
8: 1350
9: 
1461: 1791
1617: 
12: 1975
13: 5,775
14: 133,1569,1451,1257,1748,844,1915,1524,1935,1255,916,1483,485,474,1680,2013,810,1630,814,1629,2000,1052,319,1526,1604,882,1855
1922: 
2007: 1828,1698,1886,817,1367,1552,1334,808,1608,1150,73,945,466,1758,1535,257,331,276,249,2006,1665,1011,1687,58,1826,972
1405: 1319
18: 
1496: 
20: 1006,265,1349,1407,1413
21: 
1826: 1535,257,276,2006,1665,1687,58,972,945,466,2007,1828,1886,817,1367,1552,1334,808,1608,1150,73,1758
1487: 697,2009,1943,1995,521,1625,1976,1647,1170,1278,1645,1638,495,1296,1287,1395,1046
1611: 
25: 
26: 653
1995: 697,2009,1943,477,232,521,1976,1647,729,1170,1278,1487,1645,1638,1296,1287,1395
1493: 
29: 1971
1577: 
1853: 
1994: 1371,176,756,1700,2004,1327,450,456,1142,190,1760,40,1283,1739,1017,617,1961,695,1863,1885,1076,1292,1682
33: 1364,753
34: 1619,619,1439,1531
1351: 
36: 
37: 
38: 1197,596
39: 1194,2001,142,1563,312,1952,557,921,560,316,172,900,674,1238,404
40: 1371,176,756,1700,2004,1327,450,456,1142,190,1760,1283,1739,1017,1994,617,1961,695,1076,1682
41: 
42: 
43: 1252
44: 212,696,493,89
45: 561,66,1543,1048,107,1222,150,293,1250,737,287,1797,1050,1584,2016,91,990
1412: 
47: 936,732,239
1465: 263,401,286,1266,447,322,305,154,1600,1368,1618,315,907,661,1910,1715,1529,1482,2008,1428,1271,1381,847,99,1193
1441: 
50: 
2017: 1303,1795,1620,703,1632,109,261,609,511,291,1119,1882,2011,1023,544,1718
52: 1740,184,1375
53: 
1426: 
1535: 257,331,276,249,2006,1665,1011,1687,58,1826,972,945,466,2007,1828,1698,1886,1367,1552,1334,808,1608,1150,73,1758
56: 1680,2013,810,1644,1630,814,173,360,1555,751,2000,1230,1671,1772,644,298,1052,202,669,319,1526,1604,119,882,1257,1915,1935,916,485
57: 
58: 1535,257,331,276,249,2006,1011,1826,972,945,466,2007,1828,1886,1367,1552,1334,1150,73,1758
59: 1311,1997,827,1089
1703: 
1368: 263,401,286,1266,1465,447,322,305,154,1600,315,1229,907,661,1621,1910,1951,1715,1529,1154,1482,2008,283,847,99,1193
62: 
1688: 
64: 915,1401,546,1583,1382,1508,2019,848,671,987,965,625,1196,1867,1938
65: 522,1878,2005,638,1071,1999,1934,1095,1007,1390,828,723,1749
66: 561,1543,1048,107,1222,150,45,293,1250,1050,1584,2016,91
1345: 
68: 1726
1898: 1743,1098,1931
70: 770
1896: 1068
1618: 263,401,286,1266,1465,322,305,154,315,2008,1428,1580,1705,1271,226,1381,847
73: 2007,1828,1698,1886,817,1367,1552,1334,808,1608,1150,945,466,1758,1535,257,331,276,249,2006,1011,1687,58,1826,972
1728: 1942
1848: 796
2010: 383,1476,633,1945,1169,1029,727,481,1734,615,1386,856,1684,1053,1717,350,296,980,1025,223,1736,1101,792,887,1602,1702,1509,1332,458,1501,934,446
1634: 
1680: 2013,810,1644,1630,814,173,970,360,1629,1555,751,2000,1096,1230,1671,1772,195,644,298,1052,56,669,319,1526,1604,119,882,474,133,1451,1257,1748,1915,1524,1935,1255,1483,14,485
1737: 
1508: 915,1074,1401,1171,546,1538,64,1583,1382,2019,848,671,987,1912,965,625,620,1196,1867,168,1938
81: 1539
1352: 133,1569,1257,1748,844,1915,1524,1935,1255,916,1483,2013,1644,814,360,751,2000,1096,1671,195,298,1052,119,882
83: 
84: 1291,1091
1866: 
86: 891,169,160,806,1181
1781: 
88: 
89: 212,44,696
90: 146,354
91: 1250,1261,117,737,287,1797,1050,1626,1584,1166,2016,990,561,66,1543,1048,107,1222,150,45,293
92: 1662,991
1366: 1796
94: 1177,1827,520,529
1743: 1898,1098,1931
96: 
97: 385,207,654,850,1393,660,860,1044,2014,342,687,550,478,1167,1103
1683: 
99: 1322,1529,1154,1482,2008,283,1705,1902,1271,1131,1381,681,709,1193,907,661,286,1465,305,1600,1368,315,1621,1969,451,1910
100: 707,1167,1888,1294,1103,1146,1058,1099,6,2014,1576,342,687,1918
101: 155,1127
102: 
103: 141
104: 
1841: 1904,517
106: 876,1251,292,655,1519
107: 561,66,1543,1048,1222,150,45,293,1250,117,737,287,1797,1050,1584,2016,91,990
1623: 
109: 1303,1795,2017,1620,703,1632,261,609,511,291,1119,1882,2011,1023,544,1718
110: 1906,1515,1290
1589: 
112: 
1614: 
1371: 176,1699,756,1700,2004,1327,1648,450,456,1142,190,1760,40,1283,1739,1017,1994,617,1961,1863,1885,1076,1292,337,1682
1585: 
116: 
117: 1250,1261,737,1626,1584,1166,2016,91,990,561,1543,1048,107,293
118: 
119: 1680,2013,1644,1630,814,173,970,360,1555,751,2000,1096,1671,1772,195,644,298,1052,56,1526,882,133,1569,1257,1748,844,1915,1935,1255,916,1483,1352,485
1339: 302,1444
1821: 
122: 1818
123: 
1886: 2007,1828,1698,817,1367,1552,1334,808,1608,1150,73,945,466,1758,1535,257,331,276,249,2006,1665,1687,58,1826,972
125: 1622,871
1693: 
1543: 561,66,1048,107,1222,150,45,293,1250,1261,117,737,287,1797,1050,1626,1584,1166,2016,91,990
128: 
129: 1074,1401,870,1171,546,1,1538,1382,2019,1115,1912,625,1326,620
1867: 168,1938,915,1401,546,64,1382,1508,2019,848,671,987,965,1196
1576: 1146,1058,1099,6,1044,1546,1383,2014,687,1918,550,478,207,654,660,100,1167,1294
132: 
133: 1569,1451,1257,1748,844,1915,1524,1935,1255,916,1483,1352,14,485,474,1680,2013,810,1630,814,970,1629,1555,2000,1096,1772,195,298,1052,319,119,882
134: 170
135: 
136: 307
137: 676
138: 416,410,170
139: 1267
1856: 
141: 103
142: 1194,2001,701,312,1952,39,557,921,560,900,674,1238,404
143: 
144: 
1481: 
146: 90
147: 509,735
148: 
149: 
150: 561,66,1543,107,1222,45,293,1250,1261,737,287,1797,1050,1584,2016,91
151: 
152: 
153: 
154: 263,401,1266,1465,447,322,305,1600,1368,1618,315,661,1715,2008,847
155: 101,1127
1332: 350,296,1025,223,1736,1101,887,1702,1509,481,1734,2010,1053,1717,934,446
157: 
158: 1802
159: 
160: 86,806
1704: 
1895: 1721,552,1030
163: 
1529: 1322,1715,1154,1482,2008,283,1902,1131,847,527,99,1193,1229,907,661,286,1266,1465,447,322,1600,1368,315,1621,1969,1910,1951
165: 
1824: 
1813: 1732,1237,1960,1473,328
168: 1867,915,1401,1171,1508,2019,671,1196
169: 891,86,1181,683
170: 416,138,134
1764: 
172: 1194,2001,0,1563,335,312,39,557,921,560,316,900,674,1238,404,1466,629
173: 1680,2013,810,1644,1630,814,970,360,1555,751,2000,1096,1230,1671,1772,195,644,298,1052,56,202,669,319,1526,1604,119,882,1257,1915,1935,916
174: 387,600,2003,1932,1771,747,461,1469,1120,1564,1780,2002,1735,437,309,898,884,1887,1872,752,1558,1663,1944,299,1111,830,1548
175: 1201,895
176: 1371,1699,756,1700,2004,1327,1648,450,456,1142,190,1760,40,1283,1739,1017,1994,617,1961,1863,1076,1292,1682
1787: 
178: 1378,1164
179: 
180: 
181: 1783,1914,581
1901: 395
183: 
184: 52,1740
1612: 
1702: 350,296,980,1025,223,1101,792,887,1602,1509,1332,458,1476,1945,1029,727,481,1734,615,1386,2010,856,1684,1053,446
187: 597,2018,1083,639,531,542,1753,1431,1059,825
1932: 1763,387,600,2003,174,1771,747,634,461,610,1469,1120,1564,1780,2002,592,1735,437,309,898,1436,884,1887,752,1663,299,1111,310,323,519,830,1843,1548
189: 
190: 1371,176,1699,756,1700,2004,1327,1648,450,1142,40,1283,1739,1017,1994,1961,1863,1885,1076,1292,337,1682
1865: 2015,1188,297,339,1198,1175,777,547,779,1209,1754,338,670,494,1837
2000: 1680,2013,810,1644,1630,814,173,970,360,1629,1555,751,1096,1230,1671,1772,195,644,298,1052,56,202,669,319,1526,1604,119,882,474,1855,133,1569,1451,1257,1748,844,1915,1524,1935,1255,916,1483,1352,14,485
193: 1200,1168
194: 
195: 1680,2013,810,1644,814,173,970,360,1629,1555,751,2000,1096,1671,1772,644,298,1052,119,882,133,1569,1451,1748,844,1915,1935,1255,916,1483,1352
1601: 
197: 
1619: 619,1439,34,1531
1791: 1461
1621: 1969,451,1910,1951,1229,907,661,1266,1600,1368,1322,1715,1529,1154,1482,2008,283,1902,527,681,99,1193
201: 
202: 2013,1644,814,173,360,1555,2000,1230,1671,1772,644,298,1052,56,669,319,1526,1604
203: 1178,706
204: 776
205: 2012,755,284,317,1845,1239,1225,960,1492,262,1834
1657: 
207: 385,654,850,97,1393,660,860,1146,1044,1546,1383,2014,1576,687,1918,550,478,1167
2001: 1194,0,142,1563,701,335,312,1952,39,557,921,560,316,172,900,674,1238,404,1466,629
209: 213,580
1580: 1715,1154,1482,2008,1428,283,1705,1271,226,1131,1381,847,527,322,305,1618,315
211: 
212: 44,696,493,89
213: 209,580
2002: 1763,387,600,2003,1932,174,1771,747,634,461,610,1469,1120,1564,1780,592,1735,694,857,437,309,898,1436,884,1887,1872,752,1558,1663,1944,299,1111,310,323,519,1163,830,778,1843,1548
215: 
1592: 
1944: 387,2003,174,1771,461,1469,1120,1564,2002,1735,309,898,884,1887,1872,1558,1663,1111,310,830,1548
1772: 1680,2013,810,1644,1630,814,173,970,360,1629,1555,751,2000,1096,1230,1671,195,644,298,1052,56,202,669,319,1526,1604,119,882,474,133,1451,1257,1748,1915,1935,1255,916,1483,485
219: 
1520: 1459,1202
221: 
222: 
223: 350,296,980,1025,1736,1101,792,887,1602,1702,1509,1332,458,383,1476,633,1945,1029,727,481,1734,615,1386,2010,856,1684,1053,1717,1501,934,446
1827: 1177,1448,1462,94,520,862
1771: 1763,387,600,2003,1932,174,747,461,1469,1120,1564,2002,592,1735,694,437,309,1436,1887,1872,1944,1111,310,830,778,1843,1548
226: 1482,2008,1428,1580,1705,1271,1131,1381,847,263,286,322,305,1618,315
1984: 1034,861,569
228: 
1413: 1006,265,1349,20
1980: 
231: 2015,339,1198,255,1175,777,1022,547,1173,494
232: 697,2009,1943,1281,477,1995,521,1625,1976,1647,729,1170,1645,1638,495,1296,1287,1395
1724: 1245
234: 
235: 1106,1711
236: 1477
1877: 699,1307
1504: 977
239: 936,47
240: 911
241: 
1639: 
243: 
244: 
1756: 1293
246: 
247: 
1329: 698
249: 1535,257,331,276,2006,1665,1011,1687,58,972,2007,1828,1698,1886,808,1608,1150,73
1934: 522,1878,2005,1633,638,1999,65,1095,532,1007,1390,1852,828,723
251: 
252: 
1938: 1867,870,546,64,1583,1382,1508,2019,848,671,987,965,625,1326,1196
254: 
255: 231,2015,297,1198,1175,777,494
256: 1276,942,1499
257: 1535,331,276,249,2006,1665,1011,1687,58,1826,972,2007,1828,1886,1334,808,1608,1150,73,1758
1949: 
259: 
1691: 1000
261: 1303,1795,2017,1620,703,1632,109,609,511,291,1119,1882,2011,544,1718
262: 2012,284,317,1845,205,1239,1225,960,1492,1834,1854
263: 401,286,1266,1465,447,322,305,154,1600,1368,1618,315,2008,1428,226,1381,847
264: 
265: 1006,1349,1407,20,1413
266: 
1891: 
268: 
1645: 697,2009,1943,1281,477,232,1995,521,1976,1647,729,1170,1278,1487,1638,495,1296,1287,1395
1880: 1652,1192,314
2019: 915,1074,1401,870,1171,546,1,1538,64,1583,1382,1508,1115,129,848,671,987,1912,965,625,1326,620,1070,1196,1867,168,1938
272: 
273: 
274: 
275: 
276: 1535,257,331,249,2006,1665,1011,1687,58,1826,972,945,2007,1886,1334,808,1608,1150,73,1758
277: 
278: 
279: 
1918: 1146,1058,1099,6,1044,1546,1383,2014,1576,342,687,550,478,385,207,654,660,860,707,100,1167,1888,1294,1103
1501: 383,1476,633,1169,727,1734,1386,2010,1053,1717,223,1509,934,446
1606: 1881,1581,526
283: 1322,1715,1529,1154,1482,2008,1428,1580,1705,1902,1271,1131,1381,847,527,681,99,709,1193,907,286,1266,322,305,1600,1368,315,1621,1969,1951
284: 2012,755,317,1845,205,1225,1492,262,1834
1632: 1303,1795,2017,1620,703,109,261,609,511,291,1119,2011,1718
286: 263,1266,1465,322,305,1600,1368,1618,315,907,661,1910,1322,1715,1529,1154,1482,2008,1428,283,1705,1271,226,1131,1381,847,99,709,1193
287: 1250,1261,737,1797,1050,1626,1584,1166,2016,91,990,561,1543,1048,107,1222,150,45
288: 
1935: 133,1569,1451,1257,1748,844,1915,1524,1255,916,1483,1352,14,485,1680,2013,810,1644,1630,814,173,970,360,1629,1555,751,2000,1096,1671,1772,195,644,298,1052,56,319,1526,1604,119,882
1629: 1680,2013,810,1630,814,970,1555,2000,1096,1230,1772,195,644,298,1052,669,319,882,474,133,1451,1748,1915,1935,1255,1483,14
291: 511,1119,1882,2011,1023,544,1718,609,1303,1795,2017,1620,703,1632,109,261
292: 876,655,106
293: 561,66,1543,1048,107,1222,150,45,1250,117,737,1584,2016,91,990
1910: 1621,1969,451,1951,1229,907,661,286,1465,1600,1368,1322,1529,1154,1482,2008,1902,99,709,1193
1652: 1880,1521,373,1192,314
296: 350,980,1025,223,1736,1101,792,887,1602,1702,1509,1332,458,1476,1029,727,481,1734,615,1386,2010,856,1684,1053,1717,446
297: 2015,1188,339,1198,255,1175,1022,547,1173,779,1209,1754,338,670,494,1865,1837
298: 1680,2013,810,1644,1630,814,173,970,360,1629,1555,751,2000,1096,1230,1671,1772,195,644,1052,56,202,669,319,1526,1604,119,882,133,1569,1451,1257,1748,844,1915,1935,1255,916,1483,1352,485
299: 2003,1932,174,747,634,461,610,1469,1564,1780,2002,592,1735,437,898,1436,884,752,1111,323,519
300: 1478,1291
1469: 1763,2003,1932,174,1771,747,634,461,610,1564,1780,2002,592,1735,694,857,437,898,1436,884,1887,752,1663,1944,299,1111,310,323,519,1163,1843,1548
302: 1339,1444
303: 
304: 388
305: 263,401,286,1266,1465,322,154,1600,1368,1618,315,1482,2008,1428,283,1580,1705,1271,226,1381,847,99,1193
1635: 
307: 136
1527: 
309: 1763,387,600,2003,1932,174,1771,747,461,1120,1564,2002,1735,694,1887,1944,1111,310,830,778,1843,1548
310: 1763,387,600,2003,1932,1771,747,461,1469,1120,1564,2002,1735,694,437,309,1887,1663,1944,1111,1163,830,778,1843,1548
311: 984
312: 1194,2001,0,142,1563,701,335,39,557,921,560,316,172,674,1238,404,1466,629
1990: 
314: 1192,1880,1652
315: 263,401,286,1266,1465,447,322,305,154,1600,1368,1618,907,661,1951,1715,1529,1154,1482,2008,1428,283,1580,1705,1271,226,1131,1381,847,99,1193
316: 1194,2001,0,1563,335,312,39,557,921,560,172,629
317: 2012,755,284,1845,205,1225,960,1492,262,1834,1854
1483: 133,1569,1451,1748,844,1915,1524,1935,1255,916,1352,14,1680,2013,810,814,970,360,1629,751,2000,1096,1671,1772,195,298,1052,119,882
319: 1680,2013,810,1630,814,173,970,1629,1555,2000,1230,1772,644,298,1052,56,202,669,1526,1604,882,474,1855,133,1451,1257,1915,1935,14,485
320: 
1482: 1322,1715,1529,1154,2008,1428,283,1580,1705,1902,1271,226,1131,1381,847,527,681,99,709,1193,907,286,1266,1465,322,305,1600,1368,315,1621,1969,451,1910,1951
322: 263,401,286,1266,1465,447,305,154,1600,1368,1618,315,1715,1529,1154,1482,2008,1428,283,1580,1705,1271,226,1381,847,1193
323: 2003,1932,747,634,610,1469,1780,2002,592,1735,857,437,898,1436,752,299,1111,519,1163
1732: 1813,1960,1573
325: 
326: 
1625: 697,2009,1943,1281,232,521,1976,1487,1638,495,1296,1287
328: 1813,1237,1473
329: 1054
1751: 
331: 1535,257,276,249,2006,1665,1011,1687,58,972,2007,1828,1698,1886,1552,1334,1150,73,1758
1825: 939,1595
333: 834
1733: 
335: 1194,2001,0,701,312,557,921,560,316,172,1238,404,1466,629
1862: 
337: 1863,1885,1076,1292,1682,1371,2004,1648,450,190,1283
338: 2015,1188,297,339,1198,1175,1022,547,779,1209,1754,670,494,1865,1837
339: 231,2015,1188,297,1198,1175,777,1022,547,1173,779,1209,338,494,1865
340: 
1454: 419,1505
342: 1146,1099,6,1044,1546,2014,687,1918,550,478,385,654,850,97,1393,660,860,707,100,1167,1888,1294,1103
343: 
344: 1034,569
345: 1328
346: 
347: 
1609: 1622,871
1726: 68
350: 296,980,1025,223,1736,1101,792,887,1602,1702,1509,1332,458,1476,727,481,1734,615,2010,856,1684,1053,1717,446
351: 1372
352: 
353: 1801
354: 90
355: 1808
1735: 1763,387,600,2003,1932,174,1771,747,634,461,610,1469,1120,1564,1780,2002,592,694,857,437,309,898,1436,884,1887,752,1663,1944,299,1111,310,323,519,1163,1843,1548
1584: 1250,1261,117,737,287,1797,1050,1626,1166,2016,91,561,66,1543,1048,107,150,45,293
1468: 
359: 883
360: 1680,2013,1644,1630,814,173,751,2000,1671,1772,195,644,298,1052,56,202,669,1526,1604,119,882,1569,1257,1748,844,1915,1935,1255,916,1483,1352,485
361: 1590,589
1974: 
363: 
1854: 2012,317,1845,1225,960,1492,262,1834
1398: 
366: 449
1860: 
368: 
369: 524,780
1755: 
1631: 1409,730
1796: 1366
373: 1521,1652
1531: 1619,619,1439,34
1439: 1619,619,34,1531
1524: 133,1569,1451,1257,1748,844,1915,1935,1255,916,1483,1352,14,485,1680,2013,810,1630,2000,1052,882,1855
1356: 1330,1650,1664
378: 
379: 
1828: 2007,1698,1886,817,1367,1552,1334,1608,1150,73,945,466,1758,1535,257,331,249,2006,58,1826,972
1964: 
382: 
383: 1476,633,1945,1169,1029,727,481,1734,1386,2010,856,1684,1053,1717,223,1509,1501
1602: 350,296,980,1025,223,1736,1101,792,887,1702,1509,458,1476,1945,1029,481,1734,615,1386,2010,856,1684,1053
385: 207,654,850,97,1393,660,860,1146,1099,1044,1546,2014,342,687,1918,550,478,1167,1888,1103
386: 
387: 1763,600,2003,1932,174,1771,747,461,1120,1564,1780,2002,592,1735,437,309,1436,1887,1872,752,1944,1111,310,830,778,1843,1548
388: 304
1513: 1348
390: 
391: 1399,657
1836: 
393: 
1423: 1711
395: 1901
1383: 1146,1058,6,1044,1546,2014,1576,1918,550,478,207,654
397: 534
1845: 2012,755,284,317,205,1239,1225,1492,262,1834,1854
399: 
400: 515
401: 263,1266,1465,447,322,305,154,1368,1618,315,1715,2008,1428,1381,847
1519: 1779,876,1251,106
403: 
404: 1238,1466,1194,2001,142,701,335,312,1952,39,557,560,172,900,674
1579: 
406: 623,1817
2014: 1146,1058,1099,6,1044,1546,1383,1576,342,687,1918,550,478,385,207,654,850,97,1393,660,860,707,100,1167,1888,1294,1103
1700: 1371,176,1699,756,2004,1327,1648,450,1142,190,1760,40,1283,1739,1017,1994,617,1863,1076,1292,1682
1359: 
410: 416,138
1969: 1621,451,1910,1951,1229,907,1600,1322,1715,1529,1154,1482,2008,283,1902,1131,527,681,99,709,1193
412: 614,541
1654: 1298,785
414: 
415: 
416: 410,138,170
417: 
1526: 1680,2013,810,1644,1630,814,173,360,2000,1230,1772,644,298,1052,56,202,669,319,1604,119,882,474,1855,1257,844,1915,1935,1255,916,14,485
419: 1454,1505
420: 
1840: 
422: 
1992: 720,815
424: 
1649: 
426: 1769
427: 690
1581: 1881,1606,1672,526
1988: 1009
1326: 1074,870,546,1,1583,1382,2019,1115,129,848,671,987,1912,965,625,620,1070,1196,1938
1705: 1322,1154,1482,2008,1428,283,1580,1271,226,1131,1381,847,681,99,709,1193,286,322,305,1618,315
432: 
1642: 
1551: 
1348: 1513
436: 
437: 387,600,2003,1932,174,1771,747,634,461,610,1469,1120,1564,1780,2002,592,1735,857,898,1436,884,1887,752,1663,299,1111,310,323,519,1163,1843
1375: 52
439: 
440: 
441: 
1644: 1680,2013,814,173,970,360,1555,751,2000,1096,1671,1772,195,644,298,1052,56,202,669,1526,1604,119,882,1257,1748,1935,916,1352
1839: 
444: 
1878: 522,2005,1633,638,1071,1999,65,1934,1095,532,1852,1666,828,723,1749,1572
446: 934,727,481,1734,2010,856,1053,1717,350,296,1025,223,1736,1101,1702,1509,1332,1501
447: 263,401,1266,1465,322,154,1600,1368,315,1229,907,661,1715,1529,2008,1193
1730: 957
449: 366
450: 1371,176,1699,1700,2004,456,1142,190,1760,40,1283,1017,1994,617,1885,1076,1292,337,1682
451: 1621,1969,1910,1951,1229,907,1322,1482,2008,1902,527,681,99,1193
1834: 2012,284,317,1845,205,1225,960,1492,262,1854
1966: 
454: 
455: 642
456: 1371,176,2004,1327,450,1760,40,1283,1017,1994,617,1961,695,1885,1076,1292,1682
457: 1830
458: 350,296,980,223,1736,1101,792,887,1602,1702,1476,633,1945,1029,481,615,1386,2010,856,1684,1053
459: 
460: 
461: 1763,387,600,2003,1932,174,1771,747,634,610,1469,1120,1564,1780,2002,592,1735,694,437,309,898,1436,884,1887,1872,752,1558,1663,1944,299,1111,310,519,1163,830,1843,1548
462: 1160
1665: 1535,257,331,276,249,2006,1011,1687,1826,972,2007,1698,1886,808,1608,1150
464: 
1385: 
466: 945,2007,1828,1886,817,1367,1552,1334,1608,73,1758,1535,2006,58,1826
1428: 1715,1154,1482,2008,283,1580,1705,1271,226,1131,1381,847,263,401,286,1266,1465,322,305,1618,315
1748: 133,1569,1451,1257,844,1915,1524,1935,1255,916,1483,1352,14,485,1680,2013,810,1644,1630,814,970,360,1629,1555,751,2000,1096,1671,1772,195,644,298,1052,119,882
469: 
1676: 
471: 745,662,571
1452: 
1630: 1680,2013,810,814,173,360,1629,1555,2000,1230,1772,298,1052,56,669,319,1526,1604,119,882,474,1855,133,1451,1257,1748,844,1915,1524,1935,1255,916,14,485
474: 1680,2013,810,1630,814,1629,2000,1230,1772,1052,669,319,1526,1604,882,1855,133,1451,1915,14,485
475: 
1837: 2015,1188,297,1198,1175,547,779,1209,1754,338,670,494,1865
477: 2009,1943,232,1995,521,1976,729,1645,1638,1395
478: 1146,1044,1546,1383,2014,1576,342,687,1918,550,385,207,654,850,97,1393,660
479: 1809
1763: 387,600,2003,1932,1771,747,461,1469,1564,2002,592,1735,694,857,309,1436,1887,310,1163,830,778,1843
481: 383,1476,633,1945,1169,1029,727,1734,615,1386,2010,856,1684,1053,1717,350,296,980,1025,223,1736,1101,792,887,1602,1702,1509,1332,458,446
1801: 353
1885: 1863,1076,1292,337,1682,695,1371,2004,450,456,190,1283,1994,1961
1942: 1728
485: 133,1451,1257,1748,844,1915,1524,1935,1255,916,14,474,1680,2013,810,1630,814,360,2000,1772,298,1052,56,319,1526,1604,119,882,1855
486: 
1664: 1356,1330,1650
1648: 1371,176,1699,1700,2004,1142,190,1283,1017,1863,1076,1292,337,1682
489: 
1857: 
491: 
492: 
493: 212,44,696
494: 231,2015,297,339,1198,255,1175,777,547,1209,338,670,1865,1837
495: 697,2009,1943,1281,232,521,1625,1976,1647,1278,1487,1645,1638,1296,1287,1046
496: 
1761: 
498: 
499: 
1400: 1948
501: 
502: 1061,651
1948: 1400
1574: 
1999: 522,1878,2005,1633,638,1071,65,1934,1095,532,1007,1390,1666,828,723,1749,1572
506: 
507: 
508: 966,1147
509: 147,735
510: 
511: 291,1119,1882,2011,1023,544,1718,1303,2017,1620,703,1632,109,261
512: 
513: 
1409: 1631,730
515: 400
1699: 1371,176,756,1700,2004,1648,450,1142,190,1283,1739,1017,617,1863,1076,1292
517: 1841,1904
1505: 419,1454
519: 2003,1932,747,634,461,610,1469,1564,1780,2002,592,1735,857,437,898,1436,1887,752,299,1111,323,1163,1843
520: 1177,1827,1462,94,862,529
521: 697,2009,1943,477,232,1995,1625,1976,1647,729,1170,1278,1487,1645,1638,495,1296,1287,1395
522: 1878,2005,1633,638,1071,1999,65,1934,1095,532,1007,1390,1852,1666,828,723,1749,1572
523: 
524: 369,591,780,878
1831: 1459
526: 1881,1606,1581
527: 1322,1715,1529,1154,1482,2008,283,1580,1902,1131,681,709,1193,1621,1969,451,1951
1855: 474,2013,810,1630,814,2000,1052,319,1526,1604,882,1451,1257,844,1915,1524,14,485
529: 94,520
1809: 1511,479
531: 597,2018,187,1083,639,1753
532: 522,1878,2005,1633,638,1071,1999,1934,1095,1852,1666,828,723,1749,1572
533: 
534: 397
535: 
536: 
1420: 
538: 1040,1928,1249,658
539: 1259
540: 
541: 614,412
542: 597,2018,187,1083,639,1753,958,790,1059,1213,1149,825,922
543: 837,574
544: 511,291,1119,1882,2011,1023,1718,2017,1620,109,261
545: 
546: 915,1074,1401,870,1,1538,64,1583,1382,1508,2019,1115,129,848,671,987,1912,965,625,1326,620,1070,1196,1867,1938
547: 231,2015,1188,297,339,1198,1175,1022,1173,779,1209,338,494,1865,1837
548: 
549: 
550: 1146,1058,1099,6,1044,1546,1383,2014,1576,342,687,1918,478,385,207,654,850,97,1393,660,1167,1888,1294,1103
551: 
552: 1721,1895,1030
1812: 1972
554: 596
555: 
556: 1218
557: 1194,2001,0,142,1563,701,335,312,39,921,560,316,172,900,674,1238,404,1466,629
1906: 110,1515,1290
1991: 
560: 1194,2001,0,142,1563,701,335,312,1952,39,557,921,316,172,900,674,1238,404,1466
561: 66,1543,1048,107,1222,150,45,293,1250,117,287,1584,2016,91,990
2006: 1535,257,331,276,249,1665,1011,1687,58,1826,972,945,466,2007,1828,1698,1886,817,1367,1552,1334,808,1608,1150,73,1758
563: 1155,1077,1049
1600: 263,286,1266,1465,447,322,305,154,1368,315,1229,907,661,1621,1969,1910,1322,1715,1529,1154,1482,2008,283,1902,1271,99,709,1193
565: 
1673: 
567: 
1557: 
569: 1034,861,1984,344
570: 
571: 471,745,662
572: 
573: 
574: 543,837
575: 
1586: 1471,1946
1904: 1841,517
578: 
579: 
580: 209,213
581: 1914,181
582: 
1744: 
584: 1672
585: 
1760: 1371,176,756,1700,2004,1327,450,456,1142,40,1283,1739,1017,1994,617,1961
587: 899
1968: 785
589: 1590,361
590: 
591: 780,878,524
592: 1763,387,600,2003,1932,1771,747,634,461,610,1469,1564,2002,1735,857,437,1436,1887,752,299,323,519,1163,1843
593: 
1962: 
1766: 1977
596: 554,1197,38
597: 2018,187,1083,639,531,542,1753,1059,1149,825
598: 1246
1515: 1290,1906,110
600: 1763,387,2003,1932,174,1771,747,634,461,1120,1564,2002,592,1735,694,437,309,1436,1887,752,1111,310,1163,830,778,1843,1548
1653: 
602: 
1353: 
604: 
605: 
606: 
1670: 
1747: 
609: 1303,1795,2017,1620,703,1632,109,261,291,1119,2011,1718
610: 2003,1932,747,634,461,1469,1564,1780,2002,592,1735,694,857,437,898,1436,1887,299,1111,323,519,1163,1843
611: 
612: 
1800: 
614: 541,412
615: 1476,633,1945,1169,1029,727,481,1734,1386,2010,856,1684,1053,350,296,980,223,1101,792,887,1602,1702,1509,458
1479: 712
617: 1371,176,1699,756,1700,2004,1327,450,456,1142,1760,40,1283,1739,1017,1994,1292
1336: 1567
619: 1619,1439,34,1531
620: 1074,1401,870,1171,546,1,1538,1583,1382,1508,2019,1115,129,987,1912,625,1326,1070
621: 
622: 
623: 406,1817,1037
1594: 1773
625: 915,1074,1401,870,1171,546,1,1538,64,1583,1382,1508,2019,1115,129,848,671,987,1912,965,1326,620,1070,1196,1938
626: 
1722: 
628: 
629: 1466,1194,2001,0,701,335,312,557,316,172
630: 
1471: 1946,1586
1708: 
633: 383,1476,1945,1169,1029,727,481,1734,615,1386,2010,856,1684,1053,1717,223,1509,458,1501
634: 600,2003,1932,747,461,610,1469,1780,2002,592,1735,857,437,898,1436,752,299,1111,323,519,1843
635: 
636: 
1509: 350,296,1025,223,1736,1101,887,1602,1702,1332,383,1476,633,1029,727,481,1734,615,1386,2010,856,1053,1717,1501,934,446
638: 522,1878,2005,1633,1071,1999,65,1934,1095,532,1007,1852,1666,828,723,1749,1572
639: 597,2018,187,1083,531,542,1753,958,1431,790,1059,1213,825,922
640: 
641: 
642: 455
1522: 
644: 1680,2013,810,1644,814,173,970,360,1629,1555,751,2000,1096,1230,1671,1772,195,298,1052,56,202,669,319,1526,1604,119,882,1748,1935
1806: 
646: 
647: 
1603: 1453
1395: 697,2009,1943,477,232,1995,521,1976,1647,729,1170,1278,1487,1645,1638,1296
1745: 
651: 502
652: 
653: 26
654: 385,207,850,97,1393,660,860,1146,1058,6,1044,1546,1383,2014,1576,342,687,1918,550,478,707,1167,1888,1103
655: 876,1251,292,106
656: 
657: 391,1399
658: 1249,1040,538
659: 
660: 385,207,654,850,97,1393,860,1146,1058,6,1044,1546,2014,1576,342,687,1918,550,478,707,1167,1888,1103
661: 1229,907,286,1266,1465,447,154,1600,1368,315,1621,1910,1529,2008,99,1193
662: 471,745,571
663: 
664: 
665: 
666: 
1595: 939,1825
668: 
669: 1680,2013,810,1644,1630,814,173,970,360,1629,1555,2000,1096,1230,1671,1772,644,298,1052,56,202,319,1526,1604,882,474,1915
670: 2015,1188,297,1198,1175,779,1209,1754,338,494,1865,1837
671: 915,1074,1401,870,546,64,1583,1382,1508,2019,848,987,1912,965,625,1326,1196,1867,168,1938
1472: 
1687: 1535,257,331,276,249,2006,1665,1011,1826,972,2007,1698,1886,1367,1334,808,1608,1150,73
674: 1194,2001,142,1563,312,1952,39,557,921,560,172,900,1238,404
1672: 584,1581
676: 137
1882: 511,291,1119,2011,1023,544,1718,2017,1620,703,109,261
1663: 2003,1932,174,461,1469,1120,1564,1780,2002,1735,437,898,884,1887,1558,1944,1111,310,830,1548
1477: 236
680: 1277,753
681: 1322,1154,1482,2008,283,1705,1902,1131,527,99,709,1193,1621,1969,451
1810: 
683: 169,1181
1983: 1323,1105
1711: 1423,235
686: 
687: 1146,1058,1099,6,1044,1546,2014,1576,342,1918,550,478,385,207,654,97,660,860,707,100,1167,1888,1294,1103
1643: 
689: 
690: 427,1184
1965: 
692: 1561,1159
1993: 
694: 1763,600,2003,1771,747,461,610,1469,1564,2002,1735,857,309,1436,1887,310,1163,778,1843
695: 1885,1682,2004,1327,456,40,1994,1961
696: 212,44,493,89
697: 2009,1943,1281,232,1995,521,1625,1976,1647,1170,1278,1487,1645,1638,495,1296,1287,1395,1046
698: 1329
699: 1877,1307
1916: 
701: 1194,2001,0,142,335,312,557,921,560,1238,404,1466,629
702: 
703: 1303,1795,2017,1620,1632,109,261,609,511,291,1119,1882,2011,1023,1718
1883: 
1971: 29
706: 203,1178
707: 100,1167,1888,1294,1103,654,660,860,1146,1058,6,2014,342,687,1918
1982: 
709: 1322,1154,1482,2008,283,1705,1902,1271,1131,1381,527,681,99,1193,286,1600,1969,1910
1490: 
1590: 589,361
712: 1479
713: 
714: 733
715: 1187,1553
1489: 1847,1160
1566: 1936,1195,919
1662: 991,92
719: 782
720: 1992,815
721: 
1567: 1336
723: 522,1878,2005,1633,638,1071,1999,65,1934,1095,532,1007,1390,1852,1666,828,1749,1572
1758: 945,466,2007,1828,1886,1367,1552,1334,1608,1150,73,1535,257,331,276,2006,58,1826,972
1775: 
1550: 
727: 383,1476,633,1945,1169,1029,481,1734,615,1386,2010,856,1684,1053,1717,350,296,1025,223,1736,1702,1509,1501,934,446
1785: 1165
729: 2009,1943,477,232,1995,521,1976,1645,1395
730: 1631,1409
1575: 1514
732: 936,47
733: 714
1977: 1766
735: 147,509
736: 
737: 1250,1261,117,287,1797,1050,1626,1584,1166,2016,91,990,1543,1048,107,150,45,293
1997: 827,1089,1311,59
739: 
1552: 2007,1828,1698,1886,817,1367,1334,808,1608,1150,73,945,466,1758,1535,331,2006,58,1826,972
1912: 915,1074,1401,870,1171,546,1,1538,1382,1508,2019,1115,129,848,671,987,965,625,1326,620,1196
742: 
1710: 1097,1996
744: 
745: 471,662,571
1330: 1356,1650,1664
747: 1763,387,600,2003,1932,174,1771,634,461,610,1469,1120,1564,1780,2002,592,1735,694,857,437,309,898,1436,1887,752,299,1111,310,323,519,1163,1843
1637: 
1817: 623,406
750: 
751: 1680,2013,1644,814,173,970,360,1555,2000,1096,1671,1772,195,644,298,1052,56,119,882,1569,1748,1935,1255,916,1483,1352
752: 387,600,2003,1932,174,747,634,461,1469,1120,1564,1780,2002,592,1735,437,898,884,299,1111,323,519
753: 680,33
1928: 1040,538
755: 2012,284,317,1845,205,1239,1225,960,1492
756: 1371,176,1699,1700,2004,1327,1142,190,1760,40,1283,1739,1017,1994,617
757: 
758: 
759: 
760: 
761: 1448,1462,862
1838: 
763: 1320
1753: 597,2018,187,1083,639,531,542,790,1059,1213,1149,825,922
765: 
766: 
767: 
1453: 1603
2004: 1371,176,1699,756,1700,1327,1648,450,456,1142,190,1760,40,1283,1739,1017,1994,617,1961,695,1863,1885,1076,1292,337,1682
770: 70
771: 
1401: 915,1074,870,1171,546,1538,64,1382,1508,2019,129,848,671,1912,965,625,620,1196,1867,168
1954: 1009,1897
1622: 1609,871,125
775: 13,5
776: 204
777: 231,2015,339,1198,255,1175,494,1865
778: 1763,387,600,2003,1771,1564,2002,694,309,1887,310,830,1843
779: 2015,1188,297,339,1198,1175,1022,547,1173,1209,1754,338,670,1865,1837
780: 591,878,369,524
781: 1313,858
782: 719
783: 904
1863: 1885,1076,1292,337,1682,1371,176,1699,1700,2004,1648,190,1283,1017,1994
785: 1654,1968
1903: 
787: 
788: 1276
1588: 1277
790: 958,1431,1059,2018,1083,639,542,1753,1213,825,922
791: 
792: 350,296,980,223,1101,887,1602,1702,458,1476,1945,1029,481,1734,615,2010,856,1684,1053
1429: 
1889: 1506,869
1367: 2007,1828,1698,1886,817,1552,1334,808,1608,1150,73,945,466,1758,1535,2006,1687,58,1826,972
796: 1848
1696: 
798: 
799: 
1553: 1187,715
1626: 1250,1261,117,737,287,1797,1050,1584,1166,2016,91,990,1543,1048,1222
2012: 755,284,317,1845,205,1239,1225,960,1492,262,1834,1854
1900: 1195
1779: 1519
805: 
806: 86,160
807: 1190,1793
808: 2007,1698,1886,817,1367,1552,1334,1608,1150,73,1535,257,276,249,2006,1665,1687,1826,972
809: 
810: 1680,2013,1630,814,173,970,1629,1555,2000,1096,1230,1772,195,644,298,1052,56,669,319,1526,1604,882,474,1855,133,1451,1257,1748,1915,1524,1935,1255,1483,14,485
1731: 
1494: 
1893: 
814: 1680,2013,810,1644,1630,173,970,360,1629,1555,751,2000,1096,1230,1671,1772,195,644,298,1052,56,202,669,319,1526,1604,119,882,474,1855,133,1451,1257,1748,844,1915,1935,1255,916,1483,1352,14,485
815: 1992,720
816: 
817: 2007,1828,1698,1886,1367,1552,1334,808,1608,1150,73,945,466,2006,1826,972
818: 1361
1499: 256,942
1823: 
2011: 511,291,1119,1882,1023,544,1718,609,1303,1795,2017,1620,703,1632,109,261
822: 
1518: 
824: 
825: 1213,1149,597,2018,187,1083,639,542,1753,958,790,1059,922
1640: 
827: 1997,1089,1311,59
828: 522,1878,2005,1633,638,1071,1999,65,1934,1095,532,1007,1852,1666,723,1749,1572
1392: 
830: 1763,387,600,2003,1932,174,1771,461,1120,1564,2002,309,1887,1872,1558,1663,1944,1111,310,778,1548
831: 1723
1399: 391,657
1754: 2015,1188,297,779,1209,338,670,1865,1837
834: 333
1909: 
836: 
837: 543,574
838: 1210,1719
839: 
1466: 1238,404,1194,2001,0,701,335,312,557,560,172,629
841: 
1427: 
1887: 1763,387,600,2003,1932,174,1771,747,461,610,1469,1120,1564,2002,592,1735,694,857,437,309,1436,1663,1944,1111,310,519,1163,830,778,1843,1548
844: 133,1569,1451,1257,1748,1915,1524,1935,1255,916,1483,1352,14,485,2013,1630,814,360,2000,195,298,1052,1526,119,882,1855
845: 
846: 
847: 1715,1529,1154,1482,2008,1428,283,1580,1705,226,1131,1381,1193,263,401,286,1266,1465,322,305,154,1368,1618,315,1951
848: 1074,1401,870,546,64,1583,1382,1508,2019,1115,671,987,1912,965,625,1326,1196,1867,1938
1774: 1254,1157
850: 385,207,654,97,1393,660,860,1146,2014,342,550,478
851: 
1407: 265,20
853: 
1431: 958,790,1059,2018,187,1083,639
855: 943
856: 383,1476,633,1945,1029,727,481,1734,615,1386,2010,1684,1053,1717,350,296,980,1025,223,1736,1101,792,1602,1702,1509,458,446
857: 1763,2003,747,634,610,1469,2002,592,1735,694,437,1436,1887,323,519,1163,1843
858: 781,1313
859: 
860: 385,207,654,850,97,660,1146,2014,342,687,1918,707,1167,1103
861: 1034,569,1984
862: 1177,1827,1448,761,1462,520
1718: 511,291,1119,1882,2011,1023,544,609,1303,1795,2017,1620,703,1632,109,261
1596: 
1978: 
1784: 1174
867: 
1539: 81
869: 1506,1889
870: 1074,1401,546,1,1583,1382,2019,1115,129,848,671,987,1912,965,625,1326,620,1070,1196,1938
871: 1609,1622,125
872: 
2009: 697,1943,1281,477,232,1995,521,1625,1976,1647,729,1170,1278,1487,1645,1638,495,1296,1287,1395,1046
874: 
1572: 522,1878,2005,1633,638,1071,1999,1095,532,1852,1666,828,723,1749
876: 1251,292,655,106,1519
1723: 831
878: 591,780,524
1620: 1303,1795,2017,703,1632,109,261,609,511,291,1119,1882,2011,544,1718
880: 
1610: 
882: 1680,2013,810,1644,1630,814,173,970,360,1629,1555,751,2000,1096,1230,1671,1772,195,644,298,1052,56,669,319,1526,1604,119,474,1855,133,1569,1451,1257,1748,844,1915,1524,1935,1255,916,1483,1352,14,485
883: 359
884: 2003,1932,174,461,1469,1120,1564,1780,2002,1735,437,898,752,1558,1663,1944,299,1111,1548
1736: 350,296,980,1025,223,1101,1602,1509,1332,458,1029,727,481,1386,2010,856,1053,1717,934,446
886: 
887: 350,296,980,1025,223,1101,792,1602,1702,1509,1332,458,481,1734,615,2010,1684,1053
888: 
1996: 1710,1097
1852: 522,1878,2005,1633,638,1071,1934,1095,532,1666,828,723,1749,1572
891: 169,86,1181
1871: 1931
893: 
1411: 
895: 1201,175
1958: 
1346: 904
898: 2003,1932,174,747,634,461,610,1469,1564,1780,2002,1735,437,884,752,1663,1944,299,1111,323,519,1548
899: 587
900: 2001,142,1952,39,557,560,172,674,1238,404
901: 
902: 1256
903: 
904: 1346,783
905: 
1473: 1813,1237,1960,328
907: 1229,661,286,1266,1465,447,1600,1368,315,1621,1969,451,1910,1951,1322,1715,1529,1154,1482,2008,283,1902,99,1193
908: 
1915: 133,1569,1451,1257,1748,844,1524,1935,1255,916,1483,1352,14,485,474,1680,2013,810,1630,814,173,970,360,1629,2000,1230,1772,195,298,1052,56,669,319,1526,1604,119,882,1855
910: 
911: 240
1972: 1812
913: 1242
914: 
915: 1074,1401,1171,546,1538,64,1382,1508,2019,671,1912,625,1196,1867,168
916: 133,1569,1257,1748,844,1915,1524,1935,1255,1483,1352,14,485,2013,1644,1630,814,173,360,751,2000,1772,195,298,1052,56,1526,1604,119,882
917: 
1511: 1809
919: 1566,1936,1195
920: 
921: 1194,2001,0,142,1563,701,335,312,1952,39,557,560,316,172,674,1238
922: 2018,1083,639,542,1753,958,790,1059,1213,1149,825
1450: 
924: 
1495: 
1716: 
927: 
1902: 1322,1715,1529,1154,1482,2008,283,1131,527,681,99,709,1193,1229,907,1600,1621,1969,451,1910,1951
1364: 33
1334: 2007,1828,1698,1886,817,1367,1552,808,1608,1150,73,945,466,1758,1535,257,331,276,2006,1687,58,1826,972
931: 
1650: 1356,1330,1664
1381: 1715,1154,1482,2008,1428,283,1580,1705,1271,226,1131,847,99,709,1193,263,401,286,1266,1465,322,305,1618,315
934: 446,727,2010,1717,1025,223,1736,1101,1509,1332,1501
935: 
936: 47,732,239
937: 
1790: 
939: 1595,1825
940: 
1847: 1489,1160
942: 256,1499
943: 855
944: 
945: 466,2007,1828,1886,817,1367,1552,1334,1608,1150,73,1758,1535,276,2006,58,1826
1402: 
1573: 1732
1492: 2012,755,284,317,1845,205,1239,1225,960,262,1834,1854
1555: 1680,2013,810,1644,1630,814,173,970,1629,751,2000,1096,1230,1671,1772,195,644,298,1052,56,202,669,319,1604,119,882,133,1451,1748,1935
950: 
1843: 1763,387,600,2003,1932,1771,747,634,461,610,1469,1564,2002,592,1735,694,857,437,309,1436,1887,1111,310,519,1163,778
952: 
1884: 
1327: 1371,176,756,1700,2004,456,1142,190,1760,40,1283,1739,1017,1994,617,1961,695,1076,1682
955: 1914
1391: 
957: 1730
958: 1431,790,1059,2018,1083,639,542,1213,825,922
1523: 
960: 2012,755,317,205,1239,1225,1492,262,1834,1854
961: 
1945: 383,1476,633,1169,1029,727,481,615,1386,2010,856,1684,1053,1717,223,792,1602,1702,458
1638: 697,2009,1943,477,232,1995,521,1625,1976,1647,1170,1278,1487,1645,495,1296,1287,1395
964: 
965: 1401,870,546,64,1508,2019,848,671,987,1912,625,1326,1196,1867,1938
966: 508,1147
967: 
968: 
969: 
970: 1680,2013,810,1644,814,173,1629,1555,751,2000,1096,1230,1671,1772,195,644,298,1052,669,319,119,882,133,1451,1748,1915,1935,1483
2003: 1763,387,600,1932,174,1771,747,634,461,610,1469,1120,1564,1780,2002,592,1735,694,857,437,309,898,1436,884,1887,1872,752,1558,1663,1944,299,1111,310,323,519,1163,830,778,1843,1548
972: 1535,257,331,276,249,2006,1665,1011,1687,58,1826,2007,1828,1698,1886,817,1367,1552,1334,808,1608,1150,73,1758
973: 
974: 
1933: 
1950: 
977: 1504
1706: 
1451: 133,1257,1748,844,1915,1524,1935,1255,1483,14,485,474,1680,2013,810,1630,814,970,1629,1555,2000,1096,1230,1772,195,298,1052,319,1604,882,1855
980: 350,296,1025,223,1736,1101,792,887,1602,1702,458,481,615,2010,856
1846: 
982: 
1583: 1074,870,546,64,1382,1508,2019,1115,848,671,987,625,1326,620,1070,1196,1938
984: 311
985: 
986: 
987: 1074,870,546,1,64,1583,1382,1508,2019,1115,848,671,1912,965,625,1326,620,1070,1196,1867,1938
1681: 
1905: 
990: 1250,117,737,287,1797,1626,1166,2016,91,561,1543,1048,107,1222,45,293
991: 1662,92
992: 
993: 
994: 
995: 
1783: 181
1349: 1006,265,20,1413
998: 1272
1460: 
1000: 1691
1384: 
1002: 1237,1107
1003: 
1686: 
1005: 
1006: 265,1349,20,1413
1007: 522,2005,638,1071,1999,65,1934,1095,1390,828,723
1008: 
1009: 1988,1954,1897
1749: 522,1878,2005,1633,638,1071,1999,65,1095,532,1852,1666,828,723,1572
1011: 1535,257,331,276,249,2006,1665,1687,58,972,2007,1150,73
1636: 
1647: 697,2009,1943,1281,232,1995,521,1976,1170,1278,1487,1645,1638,495,1296,1287,1395,1046
1685: 1158
1767: 
1740: 52,184
1017: 1371,176,1699,756,1700,2004,1327,1648,450,456,1142,190,1760,40,1283,1739,1994,617,1961,1863,1076,1292,1682
1459: 1520,1202,1831
1793: 1190,807
1587: 
1361: 818
1022: 231,2015,297,339,1198,1175,547,1173,779,1209,338
1023: 511,291,1119,1882,2011,544,1718,1303,2017,703,109
1682: 1863,1885,1076,1292,337,695,1371,176,1700,2004,1327,1648,450,456,190,40,1283,1739,1017,1994,1961
1025: 350,296,980,223,1736,1101,887,1602,1702,1509,1332,727,481,1734,2010,856,1053,1717,934,446
1026: 
1027: 
1931: 1898,1743,1098,1871
1029: 383,1476,633,1945,1169,727,481,615,1386,2010,856,1684,1053,1717,296,223,1736,1101,792,1602,1702,1509,458
1030: 1721,1895,552
1715: 1529,1154,1482,2008,1428,283,1580,1902,1131,1381,847,527,1193,1229,907,401,286,1266,1465,447,322,154,1600,1368,315,1621,1969,1951
1604: 1680,2013,810,1644,1630,814,173,360,1555,2000,1230,1772,644,298,1052,56,202,669,319,1526,882,474,1855,1451,1257,1915,1935,916,14,485
1033: 
1034: 861,569,1984,344
1378: 178,1164
1036: 
1037: 623
1561: 692,1159
1436: 1763,387,600,2003,1932,1771,747,634,461,610,1469,1564,2002,592,1735,694,857,437,1887,299,323,519,1163,1843
1040: 538,1928,1249,658
1041: 
1957: 
2016: 1250,1261,117,737,287,1797,1050,1626,1584,1166,91,990,561,66,1543,1048,107,1222,150,45,293
1044: 1146,1099,6,1546,1383,2014,1576,342,687,1918,550,478,385,207,654,97,1393,660,1167,1888,1294,1103
1970: 
1046: 697,2009,1647,1170,1278,1487,495,1296,1287
1335: 
1048: 561,66,1543,107,1222,45,293,1250,117,737,287,1626,1584,1166,2016,91,990
1049: 1155,1077,563
1050: 1250,1261,737,287,1797,1626,1584,2016,91,66,1543,107,150,45
1051: 
1052: 1680,2013,810,1644,1630,814,173,970,360,1629,1555,751,2000,1096,1230,1671,1772,195,644,298,56,202,669,319,1526,1604,119,882,474,1855,133,1569,1451,1257,1748,844,1915,1524,1935,1255,916,1483,1352,14,485
1053: 383,1476,633,1945,1169,1029,727,481,1734,615,1386,2010,856,1684,1717,350,296,1025,223,1736,1101,792,887,1602,1702,1509,1332,458,1501,446
1054: 329
1055: 
1056: 
1582: 
1058: 1146,1099,6,1546,1383,2014,1576,687,1918,550,654,660,707,100,1167,1888,1294
1059: 958,1431,790,597,2018,187,1083,639,542,1753,1213,825,922
1060: 
1061: 502
1975: 12
1063: 
1925: 
1065: 
1066: 
1773: 1594
1068: 1896
1963: 
1070: 870,546,1,1583,2019,1115,987,625,1326,620
1071: 522,1878,2005,1633,638,1999,65,1095,532,1007,1390,1852,1666,828,723,1749,1572
1072: 
1725: 
1074: 915,1401,870,1171,546,1,1538,1583,1382,1508,2019,1115,129,848,671,987,1912,625,1326,620,1196
2018: 597,187,1083,639,531,542,1753,958,1431,790,1059,1213,1149,825,922
1076: 1863,1885,1292,337,1682,1371,176,1699,1700,2004,1327,1648,450,456,190,40,1283,1017,1994,1961
1077: 1155,563,1049
1802: 158
1079: 
1080: 
1081: 
1690: 
1083: 597,2018,187,639,531,542,1753,958,1431,790,1059,1213,825,922
1084: 
1517: 
1328: 345
1087: 
1521: 1652,373
1089: 1997,827,1311,59
1090: 
1091: 1478,1291,84
1092: 
1795: 1303,2017,1620,703,1632,109,261,609,291,1119,2011,1718
1094: 
1095: 522,1878,2005,638,1071,1999,65,1934,532,1007,1390,1852,828,723,1749,1572
1096: 1680,2013,810,1644,814,173,970,1629,1555,751,2000,1230,1671,1772,195,644,298,1052,669,119,882,133,1451,1748,1935,1255,1483,1352
1097: 1710,1996
1098: 1898,1743,1931
1099: 1058,6,1044,1546,2014,1576,342,687,1918,550,385,100,1888,1294
1961: 1371,176,2004,1327,456,190,1760,40,1739,1017,1994,695,1885,1076,1682
1101: 350,296,980,1025,223,1736,792,887,1602,1702,1509,1332,458,1029,481,615,1386,2010,856,1053,1717,934,446
1514: 1575
1103: 707,100,1167,1888,1294,385,654,97,660,860,1146,1044,2014,342,687,1918,550
1104: 
1105: 1323,1983
1106: 235
1107: 1002
1108: 
1548: 387,600,2003,1932,174,1771,461,1469,1120,1564,2002,1735,309,898,884,1887,1872,1558,1663,1944,1111,310,830
1110: 
1111: 387,600,2003,1932,174,1771,747,634,461,610,1469,1120,1564,1780,2002,1735,437,309,898,884,1887,1872,752,1558,1663,1944,299,310,323,519,830,1843,1548
1739: 1371,176,1699,756,1700,2004,1327,1142,190,1760,40,1283,1017,1994,617,1961,1682
1113: 
1538: 915,1074,1401,1171,546,1,1382,1508,2019,1115,129,1912,625,620
1115: 1074,870,546,1,1538,1583,1382,2019,129,848,987,1912,625,1326,620,1070
1876: 
1564: 1763,387,600,2003,1932,174,1771,747,461,610,1469,1120,1780,2002,592,1735,694,437,309,898,1436,884,1887,752,1558,1663,1944,299,1111,310,519,1163,830,778,1843,1548
1118: 
1119: 511,291,1882,2011,1023,544,1718,609,1303,1795,2017,1620,703,1632,109,261
1120: 387,600,2003,1932,174,1771,747,461,1564,1780,2002,1735,437,309,884,1887,1872,752,1558,1663,1944,1111,310,830,1548
1421: 
1122: 
1123: 
1897: 1009,1954
1125: 
1126: 
1127: 155,101
1919: 
1951: 1621,1969,451,1910,1229,907,1266,1368,315,1322,1715,1529,1154,1482,2008,283,1902,847,527,1193
1130: 
1131: 1322,1715,1529,1154,1482,2008,1428,283,1580,1705,1902,1271,226,1381,847,527,681,99,709,1193,286,315,1969
1607: 
1372: 351
1976: 697,2009,1943,1281,477,232,1995,521,1625,1647,729,1170,1278,1487,1645,1638,495,1296,1287,1395
2015: 231,1188,297,339,1198,255,1175,777,1022,547,1173,779,1209,1754,338,670,494,1865,1837
1646: 
1390: 522,2005,1071,1999,65,1934,1095,1007,723
1476: 383,633,1945,1169,1029,727,481,1734,615,1386,2010,856,1684,1053,1717,350,296,223,792,1602,1702,1509,458,1501
1139: 
1140: 
1141: 
1142: 1371,176,1699,756,1700,2004,1327,1648,450,190,1760,40,1283,1739,1017,1994,617
1444: 1339,302
1780: 387,2003,1932,174,747,634,461,610,1469,1120,1564,2002,1735,437,898,884,752,1663,299,1111,323,519
1437: 
1146: 1058,6,1044,1546,1383,2014,1576,342,687,1918,550,478,385,207,654,850,660,860,707,100,1167,1103
1147: 966,508
1717: 383,1476,633,1945,1029,727,481,1734,1386,2010,856,1053,350,296,1025,223,1736,1101,1509,1332,1501,934,446
1149: 1213,825,597,2018,542,1753,922
1150: 2007,1828,1698,1886,817,1367,1552,1334,808,1608,73,945,1758,1535,257,331,276,249,2006,1665,1011,1687,58,1826,972
1386: 383,1476,633,1945,1169,1029,727,481,1734,615,2010,856,1684,1053,1717,296,223,1736,1101,1602,1702,1509,458,1501
1844: 
1659: 1156
1154: 1322,1715,1529,1482,2008,1428,283,1580,1705,1902,1131,1381,847,527,681,99,709,1193,1229,907,286,1266,322,1600,1368,315,1621,1969,1910,1951
1155: 1077,563,1049
1156: 1659
1157: 1254,1774
1158: 1685
1159: 692,1561
1160: 1489,1847,462
1393: 385,207,654,850,97,660,1044,1546,2014,342,550,478
2005: 522,1878,1633,638,1071,1999,65,1934,1095,532,1007,1390,1852,1666,828,723,1749,1572
1163: 1763,600,2003,747,461,610,1469,1564,2002,592,1735,694,857,437,1436,1887,310,323,519,1843
1164: 1378,178
1165: 1785
1166: 1250,1261,117,737,287,1626,1584,2016,91,990,1543,1048
1167: 707,100,1888,1294,1103,385,207,654,97,660,860,1146,1058,6,1044,1546,2014,1576,342,687,1918,550
1168: 1200,193
1169: 383,1476,633,1945,1029,727,481,615,1386,2010,1684,1053,1501
1170: 697,2009,232,1995,521,1976,1647,1278,1487,1645,1638,1296,1395,1046
1171: 915,1074,1401,1538,1382,1508,2019,129,1912,625,620,1196,168
1698: 2007,1828,1886,817,1367,1552,1334,808,1608,1150,73,1535,331,249,2006,1665,1687,972
1173: 231,2015,297,339,1198,1022,547,779,1209
1174: 1784
1175: 231,2015,297,339,1198,255,777,1022,547,779,1209,338,670,494,1865,1837
1872: 387,2003,174,1771,461,1120,2002,1558,1944,1111,830,1548
1177: 1827,1448,1462,94,520,862
1178: 203,706
1943: 697,2009,1281,477,232,1995,521,1625,1976,1647,729,1487,1645,1638,495,1296,1287,1395
1546: 1146,1058,1099,6,1044,1383,2014,1576,342,687,1918,550,478,385,207,654,1393,660,1167,1888,1294
1181: 891,169,86,683
1182: 
1183: 1221
1184: 690
1185: 
1719: 1210,838
1187: 715,1553
1188: 2015,297,339,1198,547,779,1209,1754,338,670,1865,1837
1727: 
1190: 1793,807
1798: 
1192: 314,1880,1652
1193: 1322,1715,1529,1154,1482,2008,283,1705,1902,1271,1131,1381,847,527,681,99,709,1229,907,661,286,1266,1465,447,322,305,1600,1368,315,1621,1969,451,1910,1951
1194: 2001,0,142,1563,701,335,312,39,557,921,560,316,172,674,1238,404,1466,629
1195: 1900,1566,1936,919
1196: 915,1074,1401,870,1171,546,64,1583,1382,1508,2019,848,671,987,1912,965,625,1326,1867,168,1938
1197: 38,596
1198: 231,2015,1188,297,339,255,1175,777,1022,547,1173,779,1209,338,670,494,1865,1837
1199: 
1200: 1168,193
1201: 175,895
1202: 1520,1459
1203: 
1204: 
1734: 383,1476,633,727,481,615,1386,2010,856,1684,1053,1717,350,296,1025,223,792,887,1602,1702,1509,1332,1501,446
1842: 
1544: 
1208: 
1209: 2015,1188,297,339,1198,1175,1022,547,1173,779,1754,338,670,494,1865,1837
1210: 838,1719
1794: 
1769: 426
1213: 1149,825,2018,1083,639,542,1753,958,790,1059,922
1952: 2001,142,39,921,560,900,674,1238,404
1804: 
1216: 
1217: 
1218: 556
1558: 2003,174,461,1120,1564,2002,884,1872,1663,1944,1111,830,1548
1220: 
1221: 1183
1222: 561,66,1543,1048,107,150,45,293,1250,287,1797,1626,2016,91,990
1516: 1628
1478: 1291,1091,300
1225: 2012,755,284,317,1845,205,1239,960,1492,262,1834,1854
1679: 
1227: 
2013: 1680,810,1644,1630,814,173,970,360,1629,1555,751,2000,1096,1230,1671,1772,195,644,298,1052,56,202,669,319,1526,1604,119,882,474,1855,133,1569,1451,1257,1748,844,1915,1524,1935,1255,916,1483,1352,14,485
1229: 907,661,1266,447,1600,1368,1621,1969,451,1910,1951,1715,1529,1154,2008,1902,1193
1230: 1680,2013,810,1630,814,173,970,1629,1555,2000,1096,1671,1772,644,298,1052,56,202,669,319,1526,1604,882,474,1451,1915
1462: 1177,1827,1448,761,520,862
1721: 1895,552,1030
1233: 
1234: 
1914: 955,581,181
1868: 
1237: 1813,1002,1473,328
1238: 404,1466,1194,2001,0,142,701,335,312,1952,39,557,921,560,172,900,674
1239: 2012,755,1845,205,1225,960,1492,262
1936: 1566,1195,919
1241: 
1242: 913
1633: 522,1878,2005,638,1071,1999,1934,532,1852,1666,828,723,1749,1572
1244: 
1245: 1724
1246: 598
1608: 2007,1828,1698,1886,817,1367,1552,1334,808,1150,73,945,466,1758,1535,257,276,249,2006,1665,1687,1826,972
1248: 
1249: 658,1040,538
1250: 1261,117,737,287,1797,1050,1626,1584,1166,2016,91,990,561,66,1543,1048,107,1222,150,45,293
1251: 876,655,106,1519
1252: 43
1253: 
1254: 1157,1774
1255: 133,1569,1451,1257,1748,844,1915,1524,1935,916,1483,1352,14,485,1680,2013,810,1630,814,360,1629,751,2000,1096,1772,195,298,1052,1526,119,882
1256: 902
1257: 133,1569,1451,1748,844,1915,1524,1935,1255,916,1352,14,485,1680,2013,810,1644,1630,814,173,360,2000,1772,298,1052,56,319,1526,1604,119,882,1855
1666: 522,1878,2005,1633,638,1071,1999,532,1852,828,723,1749,1572
1259: 539
1533: 
1261: 1250,117,737,287,1797,1050,1626,1584,1166,2016,91,1543,150
1890: 
1658: 
1960: 1813,1732,1473
1797: 1250,1261,737,287,1050,1626,1584,2016,91,990,1543,107,1222,150,45
1266: 263,401,286,1465,447,322,305,154,1600,1368,1618,315,1229,907,661,1621,1951,1715,1529,1154,1482,2008,1428,283,1381,847,1193
1267: 139
1628: 1516
1379: 
1563: 1194,2001,312,39,557,921,560,316,172,674
1271: 1322,1482,2008,1428,283,1580,1705,226,1131,1381,99,709,1193,286,1465,322,305,1600,1618,315
1272: 998
1684: 383,1476,633,1945,1169,1029,727,481,1734,615,1386,2010,856,1053,350,296,223,792,887,1602,1702,458
1671: 1680,2013,1644,814,173,970,360,1555,751,2000,1096,1230,1772,195,644,298,1052,56,202,669,119,882,1748,1935,1483,1352
1818: 122
1276: 256,788
1277: 1588,680
1278: 697,2009,1995,521,1976,1647,1170,1487,1645,1638,495,1296,1287,1395,1046
1350: 8
1448: 1177,1827,761,1462,862
1281: 697,2009,1943,232,1625,1976,1647,1645,495,1296,1287
1506: 869,1889
1283: 1371,176,1699,756,1700,2004,1327,1648,450,456,1142,190,1760,40,1739,1017,1994,617,1863,1885,1076,1292,337,1682
1284: 
1488: 
1440: 
1287: 697,2009,1943,1281,232,1995,521,1625,1976,1647,1278,1487,1645,1638,495,1296,1046
1288: 
1289: 
1290: 1515,1906,110
1291: 1478,1091,300,84
1292: 1863,1885,1076,337,1682,1371,176,1699,1700,2004,1648,450,456,190,1283,1017,1994,617
1293: 1756
1294: 707,100,1167,1888,1103,1058,1099,6,1044,1546,2014,1576,342,687,1918,550
1888: 707,100,1167,1294,1103,385,654,660,1058,1099,6,1044,1546,2014,342,687,1918,550
1296: 697,2009,1943,1281,232,1995,521,1625,1976,1647,1170,1278,1487,1645,1638,495,1287,1395,1046
1297: 
1298: 1654
1299: 
1300: 
1881: 1606,1581,526
1302: 
1303: 1795,2017,1620,703,1632,109,261,609,511,291,1119,2011,1023,1718
1382: 915,1074,1401,870,1171,546,1538,64,1583,1508,2019,1115,129,848,671,987,1912,625,1326,620,1196,1867,1938
1305: 
1306: 
1307: 699,1877
1830: 457
1309: 
1365: 
1311: 59,1997,827,1089
1312: 
1313: 781,858
1569: 133,1257,1748,844,1915,1524,1935,1255,916,1483,1352,14,2013,360,751,2000,195,298,1052,119,882
1315: 
1316: 
2008: 1322,1715,1529,1154,1482,1428,283,1580,1705,1902,1271,226,1131,1381,847,527,681,99,709,1193,1229,907,661,263,401,286,1266,1465,447,322,305,154,1600,1368,1618,315,1621,1969,451,1910,1951
1651: 
1319: 1405
1320: 763
1808: 355
1322: 1529,1154,1482,2008,283,1705,1902,1271,1131,527,681,99,709,1193,907,286,1600,1621,1969,451,1910,1951
1323: 1105,1983
1324: 