0: 404,2001,1466,1238,629,142,722,39,335,921,172,1194,1952,900,674,316
1: 1531,2019,444,546,1508,1326,848,1171,1401,1382,1538,1074
1946: 590,955,1842
3: 1786,1571
4: 783,1289,1477
5: 297
6: 
7: 1049,942
8: 
9: 1634
10: 
11: 397,114,992,1493,1959
12: 
13: 805,1402,657,1132
14: 1839
15: 
16: 
17: 52,314
18: 1425,1008
19: 555
20: 1036,25
21: 
1826: 
23: 
1985: 
25: 20,1036
26: 582
1995: 495,1145,1046,1943,1102,1278,2009,477,1296
28: 
29: 
30: 
1853: 1635
1994: 1961,1863,1885,456,617,1760,1974,1292,1700,1076,1327,1699,1648,450,337,1987,190,2004,756
33: 1867,771
34: 
1689: 1300,1118
36: 
37: 
38: 834,1898,53,1581,1323
39: 404,0,2001,1466,557,1238,629,142,560,722,335,921,172,1194,1952,900
40: 
41: 760
42: 
43: 1117,1190,1685
44: 1122
45: 1626,287,561,1584,1250,117,2016,1797,150,91
1989: 631,831
47: 
1692: 
49: 1520
50: 157,1060,441
2017: 2011,1908,291,544,1632,1620,748,1718,609,261,1023,1303,109,1119,1795,511,1882
52: 314,17
53: 834,1898,38,1581,584,1323
54: 1846
55: 
56: 844,2013,119,173,197,669,2000,1671,1630,1052,1483,970,882,810,1257,1915,1855,1526,644,202,814
57: 
58: 
59: 
1703: 1268
61: 1932,634,1872
62: 412
1688: 254,344,102
64: 236
65: 1071,522,2005,723,1838,535,1694,638,1934,465,492,1572,1878
66: 1626,287,561,1584,117,737,2016,1797,1048,150,1191,91
67: 223,1717,1101,615,727,2010,1702,1386,1332,296,1053,1169,1602,856,1509
68: 1631,818
1898: 834,38,53,1581
70: 1009,1790
1896: 599,732,782,1160
72: 1529,681,226,2008,1482,263,1114,1600,1580,1428,1271,1902,1322,1381,1465,322,1969,1618,447,315,527,1424,286,1621,661,1705,1715,1166,1229
73: 1687,1318,1552,249,972,2007,1758,1828,1665,1535,466,2006,1886,1011,1039,945,1698,1150
1728: 957,320,1903,901
1848: 1832
2010: 223,1717,350,934,67,1101,615,727,1702,1386,1332,296,792,1053,1169,156,1602,856,1509,1476
77: 
1680: 1772,2013,119,1255,197,669,1821,751,916,2000,1671,1052,1483,133,810,1555,195,1451,1569,644,1935,1230,814
1737: 
1986: 
81: 1407,1216
1981: 165
83: 1561
84: 
1866: 
86: 
87: 806
88: 
89: 
90: 
91: 737,1261,2016,1543,1797,1048,150,1191,1626,287,561,1584,45,66,1250,117
92: 1516
93: 
94: 581
1743: 
96: 1650
97: 
1683: 1488,969,1841
99: 1266,1621,305,661,1705,429,1715,681,226,2008,1482,263,1114,1580,1381,322,315
100: 1393,1294,687,478,1546,1576,2014,707,385,207,1383,654,860,1058,1167,1146,1099
101: 1897,914,303
102: 1901,1688,254,344
103: 1130
104: 
1841: 1488,1683,969
106: 911,1942
107: 
108: 
109: 1303,1119,1795,511,1882,2011,544,1632,748,1718,609,261,1023,2017
110: 
111: 
112: 1635
113: 
114: 397,992,1493,11,1959
115: 1708,1944,1735,2003,1338,610,1663,898,1111,812,1918,600,694,299
116: 
117: 1626,287,561,1584,45,66,1250,737,2016,1543,1797,1048,150,1191,91
118: 
119: 844,1772,2013,173,1255,197,669,1821,751,916,2000,1680,1671,1630,1052,56,1483,133,1859,970,882,810,1555,195,1257,1915,1855,996,1451,1526,1569,644,1935,202,1230,814
120: 
1821: 1772,2013,119,173,1255,197,669,751,916,2000,1680,1671,1483,133,1859,970,882,810,1555,195,1257,1915,996,1451,1526,1569,644,1935,202,1230,814
122: 
123: 
1886: 1687,1318,1552,972,2007,1758,1828,1665,1535,466,2006,945,73,1698
125: 
1693: 1365,1931
127: 
128: 
129: 
1867: 33,771
131: 
132: 649
133: 1772,2013,119,173,669,1821,916,2000,1680,1671,1630,1052,1483,1859,970,810,1555,1257,1915,1855,1451,1569,644,1230
134: 
135: 922,958,1149,187,2018,1753,1083,790,1213,1059
136: 626
137: 
138: 
139: 
140: 990,1038
141: 1881,849
142: 404,0,2001,1466,557,1238,560,722,39,335,921,172,701,1194,1952,900,674
143: 496,1270
144: 
145: 1996,345
146: 
147: 1475,1900
148: 
149: 
150: 737,1261,2016,1543,1797,1048,1191,91,1626,287,561,1584,45,66,1250,117
151: 1740,504
152: 
153: 331
154: 
155: 1185,1539
156: 934,1101,615,727,2010,296,792,1053,1169,856
157: 50,1060,441
158: 
159: 1313
160: 395,986,801
1704: 
1895: 1764,1649,1516
163: 
164: 
165: 1981
1824: 
167: 659,591
168: 
169: 
170: 
1764: 1516,1895
172: 404,0,2001,1466,557,1238,142,560,722,39,335,921,701,1194,1952,674
173: 844,2013,119,197,669,1821,2000,1671,1630,1052,56,1483,133,1859,970,882,810,1555,1257,1915,1855,996,1526,1569,644,1935,202,1230,814
174: 778,1120,857,1780,1558,1564,437,1763,1548,2002,747,323,1729
175: 
176: 1682,1327,1699,1648,1739,337,1987,2004,756,695,1017,1863,1885,456,1700,1142
1787: 
178: 604
179: 
180: 1813,1817,406,548
181: 
1901: 254,344,102
183: 
184: 1948,438
1920: 
1702: 223,1717,350,934,67,615,727,2010,1386,296,792,1053,1602,856,1509,1476
187: 922,135,1431,958,1149,2018,542,1674,1753,1083,790,1213,1059,1849
1932: 634,61,1872
189: 432,575
190: 1327,1699,1648,450,337,1987,2004,756,1961,1863,1885,617,1760,1974,1994,1076
1865: 2015,1391,547,1022,779,338,1173,1380,1198,1209,670,1175,339
2000: 844,1772,2013,119,173,1255,197,669,1821,751,916,1680,1671,1630,1052,56,1483,133,1859,970,882,810,1555,195,1257,1915,1855,996,1451,1526,1569,644,1935,202,1230,814
193: 1445
194: 
195: 1772,2013,119,1255,197,1821,751,916,2000,1680,1671,1859,882,1555,1257,996,1451,1569,644,1935,202,1230,814
196: 
197: 1772,2013,119,173,1255,669,1821,2000,1680,1671,1052,56,1483,970,810,195,1855,1451,1526,644,1935,202,1230,814
198: 
1791: 
200: 
201: 
202: 844,2013,119,173,1255,197,669,1821,2000,1671,1630,1052,56,1483,1859,970,882,810,195,1257,996,1451,1526,1569,644,1935,1230,814
203: 
204: 
205: 1834,1239,262,2012,1854,866,1100,755,1225,284
1657: 272,1218,977
207: 1393,687,478,2014,707,100,385,1383,860,1167,1146,1099
2001: 404,0,1466,557,1238,629,142,560,722,39,335,921,172,701,1194,1952,900,674,316
209: 869,506
210: 264
211: 714
212: 1200
213: 995,952,396,1818
1789: 
215: 
216: 265,1279
1944: 1735,2003,1338,610,115,1663,898,1111,812,1918,600,694,299
1772: 2013,119,1255,197,669,1821,751,916,2000,1680,1671,1052,1483,133,970,810,1555,195,1855,1451,1526,1569,644,1230,814
219: 
220: 352,1088,567,1333
221: 
222: 978,1963,1310
223: 1717,350,934,67,615,727,2010,1702,1386,1332,296,792,1053,1169,1602,856,1509,1476
1827: 
1771: 387,1780,1564,752,1763,1843,310,830,1469,2002,747,323
226: 1529,681,72,2008,1482,263,1114,1580,1271,1322,1381,322,1969,1618,315,661,99,1715
1984: 1291,1594
228: 
229: 
1980: 374,1453,509
231: 1724,1399
232: 
233: 
234: 
235: 
236: 64
1877: 
238: 
239: 
240: 867,311
241: 827
242: 
243: 
244: 1267,1459,1309
1756: 
246: 
247: 
1921: 
249: 1687,1552,972,2007,1758,1828,466,2006,1011,1039,73,1150
250: 785,1614,593
251: 
252: 715,394
1938: 1531,2019,403,1912,1070,848
254: 1901,1688,344,102
255: 283,300
256: 679,1156,979
257: 
1923: 318
259: 1551,1801,1577
260: 630
261: 2011,1908,291,544,1632,1620,748,1718,609,1023,2017,1303,109,1119,1795,511,1882
262: 1834,205,1239,2012,1854,866,1100,755,1225,284
263: 1529,681,72,226,2008,1114,1600,1580,1428,1271,1902,1381,1465,322,447,315,527,1424,286,401,1621,305,661,1705,99,1715,1166,1229
264: 210
265: 216,1279
266: 
1891: 1291,1594
268: 1384
269: 
1880: 
271: 
272: 1218,977,1657
273: 
274: 
275: 861,1416,971
276: 513,1812
277: 
278: 1094,1547
279: 
1918: 1944,2003,610,115,1663,898,1111,812,600,694,299
281: 
282: 
283: 255,300
284: 205,262,2012,1854,866,1100,755,1225
285: 
286: 1424,1529,72,2008,263,1600,1580,1428,1902,1322,1465,322,447,315,527,1166,1229
287: 1626,561,1584,45,66,1250,117,737,2016,1543,1797,1048,150,1191,91
288: 1319
289: 
290: 
291: 2011,1908,544,1632,1620,748,1718,609,261,1023,2017,1119,1795,511,1882
292: 
293: 
1910: 
1746: 625,1501
296: 223,350,934,67,1101,615,727,2010,1702,792,1053,1169,156,1602,856,1476
297: 1188,5
298: 
299: 1944,1735,2003,610,115,1663,898,1111,812,1918,600,694
300: 283,255
301: 
302: 1311,1825,1329,1595,501,1706
303: 101,1897,914
304: 
305: 401,1266,1621,661,1705,99,429,1715,1166,681,2008,1482,263,1114,1580,1381,322,447,315,1229
306: 
307: 460,1164
308: 1587,719
309: 387,592,1558,461,1564,752,437,310,830,1548,1469,2002,747,1729,1120,519,1887
310: 1771,387,592,1780,1558,461,1564,752,437,1763,1843,309,830,1548,1469,2002,747,1729
311: 867,240
312: 
1990: 
314: 52,17
315: 1529,681,72,226,2008,1482,263,1114,1600,1580,1428,1271,1902,1322,1381,1465,322,1969,1618,447,527,1424,286,401,1266,1621,305,661,1705,99,1715,1166,1229
316: 674,404,0,2001,1238,629,722,335,1194,900
317: 
318: 1923
319: 
320: 957,1728,1903
321: 
322: 1529,681,72,226,2008,1482,263,1114,1600,1580,1428,1271,1902,1322,1381,1465,1969,1618,447,315,286,1266,1621,305,661,1705,99,1715,1166
323: 1771,1780,1558,1564,752,437,1763,830,2002,747,1729,778,1120,174,857
1732: 1574
325: 
326: 1392
327: 
328: 1421,1354
329: 
1751: 
331: 153
1825: 1311,302,1329,1595,501,1706
333: 622,603
1733: 1092
335: 404,0,2001,1466,1238,142,560,722,39,921,172,701,1194,1952,900,674,316
336: 
337: 1682,1327,1699,1648,1739,176,1987,190,2004,756,1017,1863,456,1760,1994,1700,1142
338: 2015,1391,547,1022,779,1865,1173,1380,1198,1209,670,1175,339
339: 1175,2015,547,338,1865,1173,1380,1209,670
340: 
341: 1528
342: 
343: 1609,1125,1722
344: 1901,1688,254,102
345: 1996,145
346: 
347: 
348: 
1726: 1769,1468
350: 223,934,615,727,2010,1702,296,792,1053,1169,1602,856,1509,1476
351: 
352: 1088,699,567,220,1333
353: 1222
354: 1336,851
355: 
1735: 1708,1944,2003,1338,610,115,1663,898,1111,812,600,299
357: 1097,1527
358: 1356
359: 
360: 
361: 
1974: 1961,1863,1885,617,1760,1994,1076,1648,450,190,2004
363: 
1854: 205,262,2012,866,755,1225,284
1667: 
366: 
1860: 
368: 
369: 1691,1000
1755: 621,1972
371: 1890
1796: 
373: 1475
374: 1980,1453,509
375: 
376: 1155
377: 1681,651,732,782,1847
378: 835,950,1893,1727,536,870
379: 
1828: 1687,1318,1552,249,972,2007,1758,1665,1535,466,2006,1886,1011,1039,73,1698,1150
1964: 1684
382: 936,1068,1054
383: 740,628
384: 
385: 550,1393,687,478,1546,1576,2014,707,100,207,1383,654,860
386: 
387: 1771,461,1564,752,437,1763,1843,310,309,830,1548,1469,2002,747,1729
388: 
389: 1249,902
390: 
391: 
1836: 
393: 1515
394: 252,715
395: 160,986,801
396: 952,1818,995,213
397: 114,1493,11,1959
1845: 
399: 556
400: 
401: 1266,1621,305,661,1705,429,1715,1166,681,2008,1482,263,1580,447,315,1424,1229
402: 
403: 1531,2019,1912,444,1070,546,1508,848,1401,1382,1538,1074,1938
404: 0,2001,1466,557,1238,629,142,560,722,39,335,921,172,1194,1952,900,316
405: 
406: 1817,548,1813,180
1677: 
1700: 1961,1017,1863,1885,456,617,1760,1292,1994,1076,1142,1682,1699,1648,1739,176,337,2004,756
1712: 
410: 
1969: 1529,681,72,226,2008,1482,1114,1600,1580,1271,1902,1322,1381,1465,322,1618,315
412: 62
1979: 
414: 
415: 
416: 
417: 
1805: 
419: 
420: 1115
1840: 
422: 
1992: 1346
424: 
425: 
426: 
427: 
428: 
429: 401,1266,1621,305,661,1705,99,1715,681,2008,1114,1381
430: 
1705: 401,1266,1621,305,661,99,429,1715,1166,681,72,2008,1482,263,1114,1600,1580,1322,1381,322,1618,447,315
432: 575,189
433: 
434: 
1792: 1950,1495
436: 1269,924,572
437: 387,592,1780,1558,461,1564,752,1763,1843,310,309,830,1548,1469,2002,747,323,1729,1120,519,1887,174
438: 1948,184
439: 
440: 
441: 50,157
442: 
1839: 14
444: 1531,2019,403,1070,546,1508,1326,1,987,848,1171,1401,1382,1538
1878: 1071,522,2005,723,1838,535,1485,1694,1633,638,1934,465,1852,492,65,1379,1572,828
446: 688
447: 1529,681,72,2008,1482,263,1600,1580,1428,1902,1322,1381,1465,322,1618,315,1424,286,401,1621,305,661,1705,1166,1229
448: 
449: 1071,522,2005,1095,1999,1838,535,1485,1694,1633,1666,1749,1390,638,1007,1934,465,532,1852,1379,828
450: 1699,1648,1987,190,2004,756,1961,1863,1885,617,1760,1974,1292,1994,1076
451: 
1834: 205,1239,262,2012,1100,755,1225
453: 
454: 1523
455: 
456: 1961,1017,1863,1885,1760,1292,1994,1700,1142,1682,1327,1699,1648,1739,176,337,2004,756
457: 
458: 
459: 1745,1348,664,462
460: 307,1164
461: 387,592,1558,1564,752,437,1843,310,309,830,1548,1469,2002,747,1729,1120,519,1887
462: 459
1665: 1687,1318,1552,2007,1758,1828,1535,466,2006,1886,1039,945,73
464: 
465: 1071,522,2005,449,1838,535,1485,1694,1633,1666,1390,638,1934,532,1852,492,65,1379,1572,828,1878
466: 1687,1318,1552,249,972,2007,1758,1828,1665,1535,2006,1886,1011,1039,73,1698,1150
467: 472
1748: 
469: 
1676: 
471: 
472: 467
1940: 
474: 
475: 1904,1444,1384,758
1837: 
477: 495,1145,1046,1943,1102,1995,1278,729,2009,1645,1638,1487,1395,1281,1296
478: 550,1393,1294,687,1546,1576,2014,707,100,385,207,1383,654,860
479: 1013,1415
1763: 1771,387,1780,1558,1564,752,437,310,830,1548,1469,2002,747,323,1729,174,857
481: 620,647,1583
1801: 259,1551,1577
1885: 1961,1017,1863,456,617,1760,1974,1292,1994,1700,1076,1699,1648,450,1739,176,1987,190,2004,756
484: 
485: 
486: 
1664: 1779
488: 
489: 1525
1857: 1586,1231
491: 888
492: 1071,522,2005,723,1999,1838,535,1485,1694,1666,638,1934,465,65,1572,828,1878
493: 1014
494: 
495: 1145,1046,1943,1102,1995,1278,729,1170,2009,1645,1638,1287,1487,477,1395,1281,1647,1976,697,1296
496: 143,1270
497: 1889,1511
498: 1997,1741
499: 927,1725
1770: 513,1234
501: 1595,1706,1311,302,1825,1329
502: 
1948: 438,184
504: 151
1999: 1071,522,2005,1095,723,449,1838,535,1485,1694,1633,1666,1749,1390,638,1934,532,1852,492
506: 209,869
507: 
508: 
509: 1453,374,1980
510: 
511: 1303,109,1119,1882,2011,291,544,1632,748,609,261,1023,2017
512: 
513: 276,1234,1812,1770
514: 1668
515: 
1699: 1682,1327,1648,450,1739,176,337,1987,190,2004,756,1017,1863,1885,456,617,1760,1292,1994,1700,1076,1142
517: 1411
1908: 2011,291,544,1632,1620,748,1718,609,261,1023,2017,1303,1119,1795,1882
519: 1120,1887,592,461,437,309,1548,2002,1729
520: 1504,529
521: 
522: 1071,2005,1095,723,1999,449,1838,535,1485,1694,1666,1749,1390,638,1934,465,532,492,65,1572,1878
523: 
524: 
1831: 
526: 1606
527: 1529,72,2008,263,1600,1428,1271,1902,1322,1465,315,1424,286
1913: 
529: 1504,520
1809: 1909,1106
531: 
532: 1071,522,2005,1095,1999,449,1838,535,1485,1694,1633,1666,1749,1390,638,1007,1934,465,1852,1572,828
533: 1105,1949,1375
534: 1241
535: 1071,522,2005,1095,723,1999,449,1838,1485,1694,1633,1666,1749,1390,638,1007,1934,465,532,1852,492,65,1379,1572,828,1878
536: 950,1893,1727,870,835,378
537: 1454
538: 
539: 596,1936,974
540: 
541: 
542: 922,1431,1149,639,187,2018,1674,1753,597,790,1059,1849
543: 
544: 2011,1908,291,1632,1620,748,1718,609,261,1023,2017,1303,109,511,1882
545: 
546: 2019,403,444,1326,1,1171,1401,1382,1538,1074
547: 2015,1391,338,1865,1173,1380,1198,1209,670,1175,339
548: 1817,406,1813,180
549: 
550: 1393,1294,687,478,1546,1576,2014,385,654,860,1103
551: 1361
552: 
1812: 276,513,1234
554: 
555: 19
556: 399
557: 404,2001,1466,142,560,722,39,921,172
1906: 
1991: 
560: 404,2001,1466,557,1238,142,722,39,335,921,172,701,1194,1952
561: 1626,287,1584,45,66,1250,117,737,1261,2016,1543,1797,1048,150,1191,91
562: 
563: 653
564: 
565: 
1701: 
567: 352,1088,699,220,1333
1870: 
569: 
570: 614,1353
571: 1968
572: 436,1269,924
573: 763,1057,1388
574: 
575: 432,189
1819: 
1904: 475,1444,1384,758
578: 
579: 
580: 1227,1617
581: 94
582: 26
1744: 
584: 834,53,1323
585: 1905,1928
1760: 1961,1863,1885,456,617,1974,1292,1994,1700,1076,1699,1648,450,1739,337,1987,190,2004,756
587: 
1968: 571
589: 
590: 1946,955,1842
591: 659,167
592: 1558,461,437,310,309,830,1548,2002,747,1729,1120,519,1887
593: 785,250
1962: 
1766: 
596: 1936,539,974
597: 922,1431,639,2018,542,1674,1753,790,1213,1059,1849
598: 
599: 1896,1160
600: 1708,1944,1735,2003,1338,610,115,1663,898,1111,812,1918,694,299
601: 
602: 
603: 622,333
604: 178
605: 
606: 
1670: 
1747: 1159
609: 2011,1908,291,544,1632,748,1718,261,1023,2017,1303,109,1119,1795,511,1882
610: 1708,1944,1735,2003,1338,115,1663,898,1111,812,1918,600,694,299
611: 
612: 
1800: 
614: 570,1353
615: 223,1717,350,934,67,1101,727,2010,1702,1386,1332,296,792,1053,1169,156,1602,856,1509
616: 
617: 1961,1863,1885,1760,1974,1292,1994,1700,1076,1699,1648,450,190,2004,756
618: 872,1177,1440
619: 
620: 481,647,1583
621: 1755,1972
622: 603,333
623: 1607,1643
624: 
625: 1746,1501
626: 136
1722: 343,1609,1125
628: 740,383
629: 404,0,2001,1466,1238,722,39,1194,900,316
630: 260
631: 1989,831
1708: 1735,2003,1338,610,115,1663,812,600
633: 
634: 1932,61,1872
635: 
636: 
637: 1398,757,1464
638: 1071,522,2005,1095,1999,449,1838,535,1485,1694,1633,1666,1390,1934,465,532,492,65,1572,1878
639: 922,1431,2018,542,1674,597,790,1059,1849
640: 
641: 
642: 1351
643: 
644: 844,1772,2013,119,173,1255,197,669,1821,751,916,2000,1680,1671,1630,1052,56,1483,133,1859,970,882,810,1555,195,1257,1915,1855,996,1451,1526,1569,1935,202,1230,814
1806: 
646: 
647: 620,481,1583
1859: 844,2013,119,173,1821,751,916,2000,1671,1630,133,970,882,810,1555,195,1257,1915,996,1569,644,1935,202,1230
649: 132
1745: 459,1348,664
651: 1681,732,377,782
652: 
653: 563
654: 550,1393,1294,687,478,1546,1576,2014,707,100,385,1383,860,1103,1146
655: 
656: 
657: 805,1402,13,1132
658: 
659: 167,591
660: 1368
661: 401,1266,1621,305,1705,99,429,1715,1166,1529,681,72,226,2008,1482,263,1114,1580,1271,1322,1381,1465,322,1618,447,315,1229
662: 
663: 
664: 1348,1982,459,1745
665: 
666: 
667: 1288,1557,676
668: 1400
669: 1772,2013,119,173,1255,197,1821,916,2000,1680,1671,1052,56,1483,133,970,810,1257,1915,1855,1451,1526,1569,644,1935,202,1230,814
670: 2015,1391,547,1022,779,338,1865,1173,1380,1209,1175,339
671: 
672: 
1687: 1318,1552,249,972,2007,1758,1828,1665,1535,466,2006,1886,1011,1039,73,1698,1150
674: 316,0,2001,1466,1238,142,335,921,172,701,1194,1952
1672: 
676: 1288,1557,667
1882: 1303,109,1119,1795,511,2011,1908,291,544,1632,1620,748,1718,609,261,1023,2017
1663: 1708,1944,1735,2003,1338,610,115,1111,812,1918,600,694,299
679: 1156,256
680: 
681: 1529,72,226,2008,1482,263,1114,1600,1580,1428,1271,1902,1322,1381,1465,322,1969,1618,447,315,1424,401,1266,1621,305,661,1705,99,429,1715,1166,1229
1810: 
683: 
1983: 858
1711: 1723,1575
686: 
687: 550,1393,1294,478,1546,1576,2014,707,100,385,207,1383,654,860,1103,1058,1167,1146,1099
688: 446
689: 
690: 
1965: 
692: 
1993: 1734
694: 1944,2003,610,115,1663,898,1111,1918,600,299
695: 1682,1327,176,1987,2004
696: 1200,931
697: 495,729,1170,2009,1645,1638,1287,1487,1281,1647,1976,1296
698: 846
699: 352,1088,567,1333
700: 
701: 2001,1466,1238,142,560,335,921,172,1194,1952,674
702: 
703: 1080
1883: 966,1115
1971: 
706: 
707: 1393,1294,687,478,1546,1576,2014,100,385,207,1383,654,860,1103,1058,1167,1146,1099
1982: 1348,664
709: 1290,1248,1104
710: 
711: 
712: 
713: 
714: 211
715: 252,394
716: 
717: 
1662: 
719: 308,1587
720: 
721: 
722: 404,0,2001,1466,557,1238,629,142,560,39,335,172,1194,900,316
723: 1071,522,2005,1999,1838,535,1694,1934,492,65,1878
1758: 1687,1318,1552,249,972,2007,1828,1665,1535,466,2006,1886,1011,945,73,1698
1775: 
726: 
727: 223,1717,350,934,67,1101,615,2010,1702,1386,1332,296,792,1053,1169,156,1602,856,1509,1476
728: 
729: 495,1145,1046,1943,1102,1278,1170,2009,1645,1638,1287,1487,477,1395,1281,1647,1976,697,1296
730: 
731: 
732: 1681,651,377,782,1896
733: 
1977: 
735: 
736: 
737: 1261,2016,1543,1797,1048,150,1191,91,1626,287,561,1584,66,1250,117
1997: 498,1741
739: 
740: 383,628
1912: 1531,2019,403,1070,1508,848,1538,1938
742: 1966,984,1530
1710: 
744: 
745: 793,1174
1911: 
747: 1771,387,592,1780,1558,461,1564,752,437,1763,310,309,830,1548,1469,2002,323,1729,1120,1887,174
748: 2011,1908,291,544,1632,1620,1718,609,261,1023,2017,1303,109,1119,1795,511,1882
1817: 406,548,1813,180
750: 1047
751: 1772,2013,119,1255,1821,916,2000,1680,1671,1859,882,1555,195,1257,996,1569,644,1935,1230,814
752: 1771,387,1780,1558,461,1564,437,1763,1843,310,309,830,1548,1469,2002,747,323,1729
753: 
1928: 1905,585
755: 1834,205,1239,262,2012,1854,866,1100,1225,284
756: 1682,1327,1699,1648,450,1739,176,337,1987,190,2004,1961,1017,1863,1885,456,617,1760,1292,1994,1700,1076,1142
757: 637,1398,1464
758: 1444,1384,1904,475
759: 1123
760: 41
761: 
1838: 1071,522,2005,723,1999,449,535,1485,1694,1633,1666,1749,638,1934,465,532,1852,492,65,1572,828,1878
763: 1244,1057,573
1753: 922,135,1431,958,1149,187,2018,542,1674,1083,597,790,1213,1059,1849
765: 1203
766: 
767: 
768: 1199
2004: 1682,1327,1699,1648,450,1739,176,337,1987,190,756,695,1961,1017,1863,1885,456,617,1760,1974,1292,1994,1700,1076,1142
770: 1251
771: 1867,33
772: 
1954: 836,1372
774: 
775: 
776: 1448
777: 
778: 174,857,1780,1558,2002,323
779: 2015,1391,1022,338,1865,1173,1380,1198,670
780: 
781: 1503
782: 651,732,377,1847,1896
783: 4,1289,1477
1863: 1961,1017,1885,456,617,1760,1974,1292,1994,1700,1076,1142,1699,1648,450,1739,176,337,1987,190,2004,756
785: 1614,250,593
786: 
787: 1794
788: 1573
789: 
790: 922,135,1431,958,1149,639,187,2018,542,1674,1753,1083,597,1213,1059,1849
791: 1579
792: 223,350,934,615,727,2010,1702,296,1053,1169,156,1602,856,1476
793: 745,1174
794: 
795: 
796: 
1696: 
798: 
799: 
800: 
801: 160,395,986
2012: 1834,205,1239,262,1854,866,1100,755,1225,284
1900: 147
1779: 1664
805: 13,657,1132
806: 87
807: 
808: 
809: 
810: 1772,2013,119,173,1255,197,669,1821,916,2000,1680,1671,1630,1052,56,1483,133,1859,970,1555,1257,1915,1855,1451,1526,1569,644,202,1230,814
811: 
812: 1708,1944,1735,2003,1338,610,115,1663,898,1111,1918,600,299
1893: 950,1727,536,870,835,378
814: 844,1772,2013,119,173,1255,197,669,1821,751,916,2000,1680,1671,1052,56,1483,970,882,810,195,1257,996,1451,1526,1569,644,1935,202,1230
815: 
816: 
817: 
818: 1631,68
819: 
1823: 
2011: 1908,291,544,1632,1620,748,1718,609,261,1023,2017,1303,109,1119,1795,511,1882
822: 
1849: 922,1431,639,187,2018,542,1674,1753,597,790,1059
824: 1784
825: 
826: 
827: 241
828: 1071,2005,449,1838,535,1485,1694,1633,1749,1007,1934,465,532,1852,492,1379,1572,1878
829: 
830: 1771,387,592,1780,1558,461,1564,752,437,1763,1843,310,309,1469,2002,747,323,1729,1120
831: 1989,631
832: 
1754: 1876
834: 1898,38,53,1581,584,1323
835: 378,950,1893,1727,536,870
836: 1372,1925,1954
837: 
838: 1511,1889
839: 1585,1242
1851: 
841: 1423
1741: 498,1997
1887: 1120,519,592,461,437,309,1548,2002,747,1729
844: 2013,119,173,2000,1630,56,1483,1859,970,882,1257,1915,996,1526,1569,644,202,1230,814
845: 
846: 698
847: 
848: 1531,2019,403,1912,444,1070,1508,1,987,1171,1401,1382,1538,1938
849: 1881,141
850: 
851: 354
852: 
853: 891,1646
854: 
855: 
856: 223,1717,350,934,67,1101,615,727,2010,1702,1386,1332,296,792,1053,1169,156,1602,1509,1476
857: 778,174,1780,1763,2002,323
858: 1983
859: 1284,1481,1344,1413
860: 550,1393,1294,687,478,1546,1576,2014,707,100,385,207,1383,654,1167,1146,1099
861: 1416,275,971
862: 1330,1233
1718: 2011,1908,291,544,1632,1620,748,609,261,1023,2017,1303,109,1119,1795,1882
1752: 
1978: 
866: 205,1239,262,2012,1854,1100,755,1225,284
867: 240,1426,311
1892: 
869: 209,506
870: 950,1893,1727,536,835,378
871: 
872: 618,1177,1440
2009: 495,1145,1046,1943,1102,1995,1278,729,1170,1645,1638,1287,1487,477,1395,1281,1647,1976,697,1296
874: 1143,1862,1221,1871
875: 
876: 
1723: 1711,1575
878: 
879: 
880: 
881: 
882: 844,2013,119,173,1821,751,916,2000,1671,1630,56,1859,970,1555,195,1257,996,1526,1569,644,1935,202,1230,814
883: 1065
884: 
885: 
886: 
887: 
888: 491
889: 
1852: 1071,2005,1095,1999,449,1838,535,1485,1633,1749,1007,1934,465,532,1379,828,1878
891: 853,1646
1871: 1221,874,1143
893: 1178,1567
894: 
895: 
1958: 1018
897: 1611,1091
898: 1944,1735,2003,610,115,1111,812,1918,600,694,299
899: 
900: 404,0,2001,1466,1238,629,142,722,39,335,1194,316
901: 957,1728,1903
902: 389
903: 
904: 1441
905: 
906: 1105,1232,1375,1345
907: 
908: 
1915: 844,2013,119,173,669,1821,2000,1671,1630,56,1483,133,1859,970,810,1555,1257,1855,1569,644
910: 
911: 106,1942
1972: 621,1755
913: 
914: 101,1897,303
915: 
916: 1772,2013,119,1255,669,1821,751,2000,1680,1671,133,1859,882,810,1555,195,1257,996,1451,1569,644,1935,1230,814
917: 1894
1674: 1431,639,187,2018,542,1753,597,790,1213,1059,1849
919: 
920: 
921: 404,0,2001,1466,557,1238,142,560,39,335,172,701,1194,1952,674
922: 135,1431,958,1149,639,187,2018,542,1753,1083,597,790,1213,1059,1849
1956: 
924: 436,1269,572
925: 988
1716: 
927: 1725,499
1902: 1529,681,72,2008,263,1600,1580,1428,1271,1322,1465,322,1969,1618,447,315,527,1424,286
1899: 
930: 
931: 696,1200
932: 
933: 
934: 223,1717,350,615,727,2010,1702,296,792,1053,1169,156,1602,856,1476
935: 1247
936: 382,1068,1054
937: 1254,1412
1790: 70
939: 
940: 
941: 
942: 1049,7
943: 1272
944: 
945: 1318,1552,2007,1758,1665,1535,2006,1886,73
946: 1439,968
947: 
948: 
1959: 397,114,992,1493,11
950: 1893,1727,536,870,835,378
951: 1143,1862
952: 396,1818,995,213
1858: 
1953: 1686
955: 590,1946,1842
956: 
957: 320,1728,1903,901
958: 922,135,1149,187,2018,1753,1083,790,1213
959: 
960: 
961: 1081,1608
1945: 1032,1034
963: 
964: 1460,1473,1499,1437
965: 
966: 1883,1115
967: 
968: 946,1439
969: 1488,1683,1841
970: 844,1772,2013,119,173,197,669,1821,2000,1671,1630,1052,56,1483,133,1859,882,810,1555,1257,1915,1855,1526,1569,644,202,1230,814
971: 861,1416,275
972: 1687,1552,249,2007,1758,1828,1535,466,2006,1886,1011,73,1698,1150
973: 
974: 596,1936,539
1933: 
1950: 1495,1792
977: 272,1218,1657
978: 222,1963,1310
979: 1156,256
980: 
1846: 54
982: 
983: 
984: 1966,1426,742
985: 
986: 160,395,801
987: 1531,2019,444,1070,1508,848,1382
988: 925
1905: 585,1928
990: 1038,140
991: 
992: 114,1493,11,1959
993: 
994: 1110
995: 952,396,1818,213
996: 844,2013,119,173,1255,1821,751,916,2000,1671,1630,1859,882,1555,195,1257,1569,644,1935,202,1230,814
997: 1154
998: 1734
999: 1249
1000: 369
1001: 1027
1002: 
1003: 1063
1686: 1953
1005: 1098
1006: 
1007: 2005,1095,449,535,1485,1633,1749,1390,1934,532,1852,1379,828
1008: 18,1425
1009: 70
1749: 1071,522,2005,1095,1999,449,1838,535,1485,1694,1633,1666,1390,1007,1934,532,1852,828
1011: 1687,1552,249,972,2007,1758,1828,1535,466,2006,1039,73,1698,1150
1012: 
1013: 479,1415
1014: 493
1767: 
1740: 151
1017: 1863,1885,456,1292,1700,1142,1682,1699,1648,1739,176,337,2004,756
1018: 1958
1793: 
1020: 
1021: 
1022: 2015,1391,779,338,1865,1173,1380,670,1175
1023: 2011,1908,291,544,1632,748,1718,609,261,2017,1303,109,1119,1795,511,1882
1024: 1374,1352
1025: 1768
1026: 
1027: 1001
1931: 1693,1365
1029: 
1030: 
1715: 401,1266,1621,305,661,1705,99,429,1166,681,72,226,2008,1482,263,1114,1580,1428,1271,1381,322,315,1229
1032: 1945,1034
1033: 
1034: 1032,1945
1035: 1589,1219,1141
1036: 20,25
1037: 1628
1038: 990,140
1039: 1687,1318,1552,249,2007,1828,1665,466,2006,1011,73,1150
1040: 
1041: 
1957: 
1043: 1521
1044: 
1970: 
1046: 495,1145,1943,1102,1995,1278,729,2009,1638,1487,477,1395
1047: 750
1048: 737,1261,2016,1543,1797,150,1191,91,1626,287,561,1584,66,1250,117
1049: 942,7
1050: 1161,1679
1051: 
1052: 1772,2013,119,173,1255,197,669,2000,1680,1671,56,1483,133,970,810,1855,1451,1526,644,202,1230,814
1053: 223,350,934,67,615,727,2010,1702,296,792,1169,156,1602,856,1509
1054: 936,382,1068
1055: 1494
1056: 
1057: 763,573
1058: 1393,1294,687,1546,1576,2014,707,100,1383,1103,1167,1146,1099
1059: 922,135,1431,1149,639,187,2018,542,1674,1753,1083,597,790,1213,1849
1060: 50,157
1061: 
1975: 
1063: 1003
1925: 836
1065: 883
1066: 1420,1087
1067: 
1068: 936,382,1054
1963: 1310,222,978
1070: 1531,2019,403,1912,444,1508,987,848,1382,1538,1938
1071: 522,2005,1095,723,1999,449,1838,535,1485,1694,1633,1666,1749,638,1934,465,532,1852,492,65,1572,828,1878
1072: 
1725: 927,499
1074: 1531,2019,403,546,1,1401,1538
2018: 922,135,1431,958,1149,639,187,542,1674,1753,1083,597,790,1213,1059,1849
1076: 1961,1863,1885,617,1760,1974,1292,1994,1700,1699,1648,450,1987,190,2004,756
1077: 1252,1369
1802: 1598
1079: 
1080: 703
1081: 1608,961
1690: 
1083: 922,135,1431,958,1149,187,2018,1753,790,1213,1059
1084: 
1085: 
1939: 1202
1087: 1420,1066
1088: 352,699,567,220,1333
1089: 
1090: 
1091: 1611,897
1092: 1733
1795: 1303,109,1119,1882,2011,1908,291,1632,1620,748,1718,609,261,1023,2017
1094: 278,1547
1095: 1071,522,2005,1999,449,535,1485,1633,1666,1749,1390,638,1007,1934,532,1852
1096: 
1097: 1527,357
1098: 1005
1099: 1167,1146,1393,687,1576,2014,707,100,207,1383,860,1058
1100: 1834,205,1239,262,2012,866,755,1225,284
1101: 1717,67,615,727,2010,1386,1332,296,1169,156,856,1509
1102: 495,1145,1046,1943,1995,1278,729,1170,2009,1645,1638,1487,477,1395,1281,1647,1976,1296
1103: 550,1393,1294,687,1546,1576,2014,707,654,1058
1104: 1248,709,1290
1105: 1949,906,1375,533
1106: 1909,1809
1107: 1553
1108: 
1109: 
1110: 994,1442
1111: 1944,1735,2003,1338,610,115,1663,898,812,1918,600,694,299
1739: 1682,1699,1648,176,337,1987,2004,756,1017,1863,1885,456,1760,1292,1700,1142
1113: 
1114: 1529,681,72,226,2008,1482,263,1580,1271,1381,322,1969,1618,315,1266,1621,305,661,1705,99,429,1715
1115: 966,1883,420
1876: 1754
1117: 43,1190,1685
1118: 1689,1300
1119: 1303,109,1795,511,1882,2011,1908,291,1632,748,1718,609,261,1023,2017
1120: 519,1887,174,592,1558,461,437,309,830,1548,2002,747,323,1729
1121: 
1122: 44
1123: 759
1897: 101,914,303
1125: 343,1609,1722
1126: 
1127: 
1919: 
1951: 
1130: 103
1131: 
1132: 805,1402,13,657
1133: 
1976: 495,1145,1943,1102,729,1170,2009,1645,1638,1287,1487,1281,1647,697,1296
2015: 1391,547,1022,779,338,1865,1173,1380,1198,1209,670,1175,339
1136: 
1137: 
1729: 387,592,1780,1558,461,1564,752,437,1763,310,309,830,1548,1469,2002,747,323,1120,519,1887,174
1139: 
1140: 
1141: 1589,1035,1219
1142: 1017,1863,456,1700,1682,1699,1739,176,337,2004,756
1143: 874,951,1862,1221,1871
1780: 1771,1558,1564,752,437,1763,310,830,1548,1469,2002,747,323,1729,778,174,857
1145: 495,1046,1943,1102,1995,1278,729,1170,2009,1638,1487,477,1395,1281,1647,1976,1296
1146: 1167,1099,1393,1294,687,1576,2014,707,100,207,1383,654,860,1058
1147: 
1717: 223,934,67,1101,615,727,2010,1702,1386,1332,1602,856,1509
1149: 922,135,1431,958,187,2018,542,1753,1083,790,1213,1059
1150: 1687,1318,1552,249,972,2007,1828,466,2006,1011,1039,73,1698
1151: 
1844: 
1659: 
1154: 997
1155: 376
1156: 679,256,979
1157: 
1158: 1331
1159: 1747
1160: 599,1896
1161: 1050,1679
2005: 1071,522,1095,723,1999,449,1838,535,1485,1694,1633,1666,1749,1390,638,1007,1934,465,532,1852,492,65,1379,1572,828,1878
1163: 
1164: 460,307
1165: 
1166: 401,1621,305,661,1705,1715,681,72,2008,1482,263,1600,1580,1428,1322,1465,322,447,315,1424,286,1229
1167: 1146,1099,1393,687,1576,2014,707,100,207,1383,860,1058
1168: 
1169: 223,350,934,67,1101,615,727,2010,296,792,1053,156,856
1170: 495,1145,1943,1102,729,2009,1645,1638,1287,1487,1395,1281,1647,1976,697,1296
1171: 2019,444,546,1508,1326,1,848,1401,1382,1538
1777: 
1173: 2015,1391,547,1022,779,338,1865,1380,1198,1209,670,1175,339
1174: 793,745
1175: 339,2015,1391,547,1022,338,1865,1173,1380,1209,670
1872: 1932,634,61
1177: 1440,872,618
1178: 893,1567
1943: 495,1145,1046,1102,1995,1278,729,1170,2009,1638,1487,477,1395,1647,1976,1296
1180: 1629
1181: 
1182: 
1183: 
1184: 
1185: 1539,155
1719: 1601
1187: 
1188: 297
1727: 950,1893,536,870,835,378
1190: 1117,43,1685
1191: 737,1261,2016,1543,1797,1048,150,91,1626,287,561,66,1250,117
1192: 
1193: 
1194: 404,0,2001,1466,1238,629,142,560,722,39,335,921,172,701,1952,900,674,316
1195: 
1196: 
1197: 
1198: 2015,1391,547,779,338,1865,1173,1380,1209
1199: 768
1200: 696,212,931
1201: 
1202: 1939
1203: 765
1204: 
1734: 1993,998
1842: 590,1946,955
1207: 
1208: 
1209: 2015,1391,547,338,1865,1173,1380,1198,670,1175,339
1210: 
1794: 787
1769: 1726,1468
1213: 922,135,1431,958,1149,187,2018,1674,1753,1083,597,790,1059
1952: 404,0,2001,1466,1238,142,560,39,335,921,172,701,1194,674
1804: 
1216: 1407,81
1217: 1619
1218: 272,977,1657
1219: 1589,1035,1141
1220: 
1221: 1871,874,1143,1862
1222: 353
1742: 
1224: 
1225: 1834,205,1239,262,2012,1854,866,1100,755,284
1679: 1161,1050
1227: 580,1617
2013: 844,1772,119,173,1255,197,669,1821,751,916,2000,1680,1671,1630,1052,56,1483,133,1859,970,882,810,1555,195,1257,1915,1855,996,1451,1526,1569,644,1935,202,1230,814
1229: 681,72,2008,263,1580,1428,1465,447,315,1424,286,401,1621,305,661,1715,1166
1230: 844,1772,2013,119,173,1255,197,669,1821,751,916,2000,1680,1671,1052,1483,133,1859,970,882,810,1555,195,1257,996,1451,1526,1569,644,1935,202,814
1231: 1586,1857
1232: 906,1345
1233: 1330,862
1234: 513,1812,1770
1914: 
1868: 
1237: 
1238: 404,0,2001,1466,629,142,560,722,39,335,921,172,701,1194,1952,900,674,316
1239: 1834,205,262,2012,866,1100,755,1225
1936: 596,539,974
1241: 534
1242: 839,1585
1243: 
1244: 763
1245: 
1246: 
1247: 935
1248: 1104,709
1249: 389,999
1250: 1626,287,561,1584,45,117,737,2016,1543,1797,1048,150,1191,91
1251: 770
1252: 1651,1077,1369
1253: 
1254: 1412,937
1255: 1772,2013,119,197,669,1821,751,916,2000,1680,1671,1052,810,1555,195,996,1451,1569,644,1935,202,1230,814
1256: 
1257: 844,2013,119,173,669,1821,751,916,2000,1671,1630,56,1483,133,1859,970,882,810,1555,195,1915,996,1526,1569,644,1935,202,1230,814
1666: 1071,522,2005,1095,1999,449,1838,535,1485,1694,1633,1749,1390,638,1934,465,532,492,1572
1259: 
1669: 
1261: 737,2016,1543,1797,1048,150,1191,91,1626,561
1890: 371
1658: 
1960: 1461
1797: 737,1261,2016,1543,1048,150,1191,91,1626,287,561,1584,45,66,1250,117
1266: 401,1621,305,661,1705,99,429,1715,681,2008,1482,1114,1580,1381,322,315
1267: 1459,244,1309
1268: 1703
1269: 436,924,572
1270: 143,496
1271: 1529,681,72,226,2008,263,1114,1600,1580,1428,1902,1322,1381,1465,322,1969,1618,315,527,661,1715
1272: 943
1684: 1964
1671: 1772,2013,119,173,1255,197,669,1821,751,916,2000,1680,1052,56,1483,133,1859,970,882,810,1555,195,1257,1915,1855,996,1451,1526,1569,644,1935,202,1230,814
1818: 952,396,995,213
1276: 
1277: 
1278: 495,1145,1046,1943,1102,1995,729,2009,1487,477,1395,1296
1279: 216,265
1280: 
1281: 495,1145,1102,729,1170,2009,1645,1638,1287,1487,477,1647,1976,697,1296
1678: 
1283: 
1284: 1481,1344,1413,859
1285: 
1286: 
1287: 495,729,1170,2009,1645,1638,1487,1395,1281,1647,1976,697
1288: 1557,667,676
1289: 4,783,1477
1290: 709,1104
1291: 1984,1594,1891
1292: 1961,1017,1863,1885,456,617,1760,1994,1700,1076,1699,1648,450,1739,2004,756
1293: 
1294: 550,1393,687,478,1546,1576,2014,707,100,1383,654,860,1103,1058,1146
1888: 
1296: 495,1145,1943,1102,1995,1278,729,1170,2009,1638,1487,477,1281,1647,1976,697
1297: 
1298: 1578
1299: 
1300: 1689,1118
1881: 849,141
1302: 
1303: 109,1119,1795,511,1882,2011,1908,544,1632,1620,748,1718,609,261,1023,2017
1304: 
1305: 
1306: 
1307: 1324
1308: 1359
1309: 1267,1459,244
1310: 1963,222,978
1311: 302,1825,1329,1595,501
1312: 
1313: 159
1314: 
1315: 
1316: 
1317: 
1318: 1687,1552,2007,1758,1828,1665,466,2006,1886,1039,945,73,1150
1319: 288
1320: 1884,1489
1808: 
1322: 1529,681,72,226,2008,1482,1600,1580,1271,1902,1381,1465,322,1969,1618,447,315,527,286,661,1705,1166
1323: 834,38,53,584
1324: 1307
1325: 
1326: 2019,444,546,1,1171,1401,1382,1538
1327: 1682,1699,1648,176,337,1987,190,2004,756,695,456,1994
1328: 
1329: 1311,302,1825,1595,501,1706
1330: 862,1233
1331: 1158
1332: 223,1717,67,1101,615,727,2010,1386,1602,856,1509
1333: 352,1088,699,567,220
1334: 
1335: 
1336: 354
1337: 
1338: 1708,1944,1735,2003,610,115,1663,1111,812,600
1339: 
1340: 
2003: 1708,1944,1735,1338,610,115,1663,898,1111,812,1918,600,694,299
1762: 
1691: 369
1344: 1284,1413,859
1345: 1232,906,1375
1346: 1992
1909: 1809,1106
1348: 664,1982,459,1745
1349: 
1350: 
1351: 642
1352: 1024,1374
1353: 614,570
1354: 328,1421
1355: 
1356: 358
1668: 514
1358: 
1359: 1308
1360: 
1361: 551
1706: 1595,501,302,1825,1329
1363: 
1364: 
1365: 1693,1931
1366: 
1367: 
1368: 660
1369: 1651,1077,1252
1774: 
1371: 
1372: 836,1954
1783: 
1374: 1024,1352
1375: 1105,1949,906,1345,533
1773: 
1377: 
1378: 
1379: 2005,449,535,1485,1633,1007,1934,465,1852,1572,828,1878
1380: 2015,1391,547,1022,779,338,1865,1173,1198,1209,670,1175,339
1381: 1529,681,72,226,2008,1482,263,1114,1600,1580,1271,1322,322,1969,1618,447,315,1266,1621,305,661,1705,99,429,1715
1382: 2019,403,444,1070,546,1508,1326,1,987,848,1171,1401,1538
1383: 1393,1294,687,478,1546,1576,2014,707,100,385,207,654,860,1058,1167,1146,1099
1384: 1444,268,758,1904,475
1385: 
1386: 223,1717,67,1101,615,727,2010,1702,1332,1602,856,1509
2008: 1529,681,72,226,1482,263,1114,1600,1580,1428,1271,1902,1322,1381,1465,322,1969,1618,447,315,527,1424,286,401,1266,1621,305,661,1705,99,429,1715,1166,1229
1388: 573
1785: 
1390: 522,2005,1095,1999,449,535,1485,1694,1633,1666,1749,638,1007,1934,465,532,1572
1391: 2015,547,1022,779,338,1865,1173,1380,1198,1209,670,1175
1392: 326
1393: 550,1294,687,478,1546,1576,2014,707,100,385,207,1383,654,860,1103,1058,1167,1146,1099
1731: 
1395: 495,1145,1046,1943,1102,1278,729,1170,2009,1645,1638,1287,1487,477,1647
1922: 1522
1916: 
1398: 637,757,1464
1399: 1724,231
1400: 668
1401: 1531,2019,403,444,546,1508,1326,1,848,1171,1382,1538,1074
1402: 13,657,1132
1781: 
1404: 
1405: 
1889: 497,838,1511
1407: 81,1216
1730: 
1409: 
1410: 
1411: 517
1412: 1254,937
1413: 1284,1481,1344,859
1903: 957,320,1728,901
1415: 479,1013
1416: 861,275,971
1694: 1071,522,2005,723,1999,449,1838,535,1485,1633,1666,1749,1390,638,1934,465,532,492,65,1572,828,1878
1966: 1426,984,742
1419: 
1420: 1087,1066
1421: 328,1354
1855: 1772,2013,119,173,197,669,2000,1671,1052,56,1483,133,970,810,1915,1451,1526,1569,644
1423: 841
1424: 286,681,72,2008,263,1600,1580,1428,1902,1465,447,315,527,401,1621,1166,1229
1425: 18,1008
1426: 867,1966,984
1427: 
1428: 1529,681,72,2008,263,1600,1580,1271,1902,1465,322,447,315,527,1424,286,1621,1715,1166,1229
1429: 
1736: 
1431: 922,1149,639,187,2018,542,1674,1753,1083,597,790,1213,1059,1849
1784: 824
1433: 
1434: 
1682: 1327,1699,1648,1739,176,337,1987,2004,756,695,1017,456,1700,1142
1436: 
1437: 1460,1473,964,1499
1438: 
1439: 946,968
1440: 1177,872,618
1441: 904
1442: 1110
1942: 911,106
1444: 1384,758,1904,475
1445: 193,1450
1721: 
1862: 874,1143,951,1221
1448: 776
1449: 
1450: 1445
1451: 1772,2013,119,1255,197,669,1821,916,2000,1680,1671,1052,1483,133,810,195,1855,1526,644,1935,202,1230,814
1452: 
1453: 509,374,1980
1454: 537
2016: 737,1261,1543,1797,1048,150,1191,91,1626,287,561,1584,45,66,1250,117
1949: 1105,1375,533
1681: 651,732,377
1458: 
1459: 1267,244,1309
1460: 1473,964,1499,1437
1461: 1960
1462: 
2019: 1531,403,1912,444,1070,546,1508,1326,1,987,848,1171,1401,1382,1538,1074,1938
1464: 637,1398,757
1465: 1529,681,72,2008,263,1600,1580,1428,1271,1902,1322,322,1969,1618,447,315,527,1424,286,661,1166,1229
1466: 404,0,2001,557,1238,629,142,560,722,39,335,921,172,701,1194,1952,900,674
2002: 1771,387,592,1780,1558,461,1564,752,437,1763,1843,310,309,830,1548,1469,747,323,1729,778,1120,519,1887,174,857
1468: 1726,1769
1469: 1771,387,1780,461,1564,752,437,1763,1843,310,309,830,1548,2002,747,1729
1685: 1117,43,1190
1471: 
1472: 
1473: 1460,964,1499,1437
1474: 
1475: 147,373
1476: 223,350,934,727,2010,1702,296,792,1602,856,1509
1477: 4,783,1289
1478: 
1479: 
1935: 2013,119,173,1255,197,669,1821,751,916,2000,1680,1671,1859,882,1555,195,1257,996,1451,1526,1569,644,202,1230,814
1481: 1284,1413,859
1482: 1529,681,72,226,2008,1114,1600,1580,1322,1381,322,1969,1618,447,315,401,1266,1621,305,661,1705,99,1715,1166
1483: 844,1772,2013,119,173,197,669,1821,2000,1680,1671,1630,1052,56,133,970,810,1257,1915,1855,1451,1526,1569,644,202,1230,814
1856: 
1485: 1071,522,2005,1095,1999,449,1838,535,1694,1633,1666,1749,1390,638,1007,1934,465,532,1852,492,1379,1572,828,1878
1486: 
1487: 495,1145,1046,1943,1102,1278,729,1170,2009,1645,1638,1287,477,1395,1281,1647,1976,697,1296
1488: 1683,969,1841
1489: 1884,1320
1490: 1697
1961: 1863,1885,456,617,1760,1974,1292,1994,1700,1076,1648,450,190,2004,756
1492: 
1493: 397,114,992,11,1959
1494: 1055
1495: 1950,1792
1496: 
1768: 1025
1698: 1687,1552,972,2007,1758,1828,1535,466,2006,1886,1011,73,1150
1499: 1460,1473,964,1437
2014: 550,1393,1294,687,478,1546,1576,707,100,385,207,1383,654,860,1103,1058,1167,1146,1099
1501: 1746,625
1832: 1848
1503: 781
1504: 529,520
1505: 
1506: 
1707: 
1508: 1531,2019,403,1912,444,1070,1,987,848,1171,1401,1382,1538
1509: 223,1717,350,67,1101,615,727,2010,1702,1386,1332,1053,1602,856,1476
1510: 
1511: 838,497,1889
1830: 
1513: 
1514: 
1515: 393
1516: 1764,92,1649,1895
1517: 
1518: 
1519: 
1520: 49
1521: 1043
1522: 1922
1523: 454
1524: 
1525: 489
1526: 844,1772,2013,119,173,197,669,1821,2000,1671,1052,56,1483,970,882,810,1257,1855,1451,644,1935,202,1230,814
1527: 1097,357
1528: 341
1529: 681,72,226,2008,1482,263,1114,1600,1580,1428,1271,1902,1322,1381,1465,322,1969,1618,447,315,527,286,661
1530: 742
1531: 2019,403,1912,444,1070,1508,1,987,848,1401,1538,1074,1938
1532: 
1533: 
1987: 1682,1327,1699,1648,450,1739,176,337,190,2004,756,695,1863,1885,1760,1994,1076
1535: 1687,1552,972,2007,1758,1828,1665,466,2006,1886,1011,945,73,1698
1536: 
1813: 180,1817,406,548
1538: 1531,2019,403,1912,444,1070,546,1508,1326,1,848,1171,1401,1382,1074
1539: 1185,155
1697: 1490
1541: 
1673: 
1543: 737,1261,2016,1797,1048,150,1191,91,1626,287,561,1250,117
1544: 
1724: 231,1399
1546: 550,1393,1294,687,478,1576,2014,707,100,385,1383,654,860,1103,1058
1547: 1094,278
1548: 387,592,1780,1558,461,1564,752,437,1763,310,309,1469,2002,747,1729,1120,519,1887,174
1786: 3,1571
1550: 
1551: 259,1801,1577
1552: 1687,1318,249,972,2007,1758,1828,1665,1535,466,2006,1886,1011,1039,945,73,1698,1150
1553: 1107
1761: 
1555: 1772,2013,119,173,1255,1821,751,916,2000,1680,1671,1630,133,1859,970,882,810,195,1257,1915,996,1569,644,1935,1230
1996: 145,345
1557: 1288,667,676
1558: 592,1780,461,1564,752,437,1763,310,309,830,1548,2002,747,323,1729,778,1120,174
1835: 
2006: 1687,1318,1552,249,972,2007,1758,1828,1665,1535,466,1886,1011,1039,945,73,1698,1150
1561: 83
1562: 
1563: 
1564: 1771,387,1780,1558,461,752,437,1763,1843,310,309,830,1548,1469,2002,747,323,1729,174
1934: 1071,522,2005,1095,723,1999,449,1838,535,1485,1694,1633,1666,1749,1390,638,1007,465,532,1852,492,65,1379,1572,828,1878
1566: 
1567: 1178,893
1568: 
1569: 844,1772,2013,119,173,1255,669,1821,751,916,2000,1680,1671,1630,1483,133,1859,970,882,810,1555,195,1257,1915,1855,996,644,1935,202,1230,814
1570: 
1571: 3,1786
1572: 1071,522,2005,1838,535,1485,1694,1633,1666,1390,638,1934,465,532,492,65,1379,828,1878
1573: 788
1574: 1732
1575: 1723,1711
1576: 550,1393,1294,687,478,1546,2014,707,100,385,1383,654,860,1103,1058,1167,1146,1099
1577: 259,1551,1801
1578: 1298
1579: 791
1580: 1529,681,72,226,2008,1482,263,1114,1600,1428,1271,1902,1322,1381,1465,322,1969,1618,447,315,1424,286,401,1266,1621,305,661,1705,99,1715,1166,1229
1581: 834,1898,38,53
1582: 
1583: 620,481,647
1584: 1626,287,561,45,66,1250,117,737,2016,1797,1048,150,91
1585: 839,1242
1586: 1857,1231
1587: 308,719
1588: 
1589: 1035,1219,1141
1590: 
1884: 1320,1489
1592: 1601
1593: 
1594: 1984,1291,1891
1595: 501,1706,1311,302,1825,1329
1596: 
1843: 1771,387,461,1564,752,437,310,830,1469,2002
1598: 1802
1599: 
1600: 1529,681,72,2008,1482,263,1580,1428,1271,1902,1322,1381,1465,322,1969,1618,447,315,527,1424,286,1705,1166
1601: 1719,1592
1602: 223,1717,350,934,67,615,727,2010,1702,1386,1332,296,792,1053,856,1509,1476
1603: 
1604: 
1605: 
1606: 526
1607: 623,1643
1608: 1081,961
1609: 343,1125,1722
1610: 
1611: 1091,897
1612: 
1894: 917
1614: 785,250
1988: 
1616: 
1617: 580,1227
1618: 1529,681,72,226,2008,1482,1114,1600,1580,1271,1902,1322,1381,1465,322,1969,447,315,661,1705
1619: 1217
1620: 2011,1908,291,544,748,1718,261,2017,1303,1795,1882
1621: 401,1266,305,661,1705,99,429,1715,1166,681,72,2008,1482,263,1114,1580,1428,1381,322,447,315,1424,1229
1622: 
1623: 
1847: 377,782
1625: 
1626: 287,561,1584,45,66,1250,117,737,1261,2016,1543,1797,1048,150,1191,91
2007: 1687,1318,1552,249,972,1758,1828,1665,1535,466,2006,1886,1011,1039,945,73,1698,1150
1628: 1037
1629: 1180
1630: 844,2013,119,173,2000,56,1483,133,1859,970,882,810,1555,1257,1915,996,1569,644,202
1631: 818,68
1632: 2011,1908,291,544,748,1718,609,261,1023,2017,1303,109,1119,1795,511,1882
1633: 1071,2005,1095,1999,449,1838,535,1485,1694,1666,1749,1390,638,1007,1934,465,532,1852,1379,1572,828,1878
1634: 9
1635: 1853,112
1636: 
1637: 
1638: 495,1145,1046,1943,1102,729,1170,2009,1645,1287,1487,477,1395,1281,1647,1976,697,1296
1639: 
1640: 
1641: 
1642: 
1643: 1607,623
1644: 
1645: 495,1102,729,1170,2009,1638,1287,1487,477,1395,1281,1647,1976,697
1646: 891,853
1647: 495,1145,1943,1102,729,1170,2009,1645,1638,1287,1487,1395,1281,1976,697,1296
1648: 1682,1327,1699,450,1739,176,337,1987,190,2004,756,1961,1017,1863,1885,456,617,1760,1974,1292,1994,1700,1076
1649: 1516,1895
1650: 96
1651: 1252,1369
1652: 
1653: 
1654: 
1798: 
1656: 