0: 557,900,1952,142,674,39,560,172,2001,335,701
1: 2019,403,1938,1912,915,1538,1508,64,1382,1074,987,1171,1070,1583,444,625
1946: 1412
3: 
4: 
5: 469
6: 
7: 1574
8: 
9: 1306,951,1221
10: 
1617: 355
12: 1579,125
13: 1201,277,1280
14: 
15: 872
2007: 1011,1535,1687,73,1039,972,1886,1552,808,1150,1665,1698,249,466,2006,257,1758,58,1828,945
17: 1652,1607
18: 
19: 
20: 1693,426,25,969
21: 646,86
1826: 
23: 876
1611: 
25: 969,20
26: 479
1995: 1281,1278,1976,1046,2009,1625,729,1647,495,1943,697
28: 
29: 
1577: 
1853: 1519
1994: 337,40,1961,2004,617,1885,756,1700,1076,456,450,190,1987,1648,695,1327,1699,1142,1682,1863,1017,1739,1283,1292
33: 567
34: 
1689: 656
36: 
37: 
38: 
39: 557,900,1952,142,674,0,560,312,172,629,404,2001,335,701
40: 337,1961,2004,617,1885,756,1700,1076,456,450,1987,1760,1648,695,1327,1699,1682,1863,1017,1739,1283,1994
41: 545
42: 
43: 
44: 
45: 1797,737,2016,1250,91,1048,117,561,1166,1191,66,1222,287,1261
1989: 1137,572
47: 
1692: 
49: 1773
50: 859
2017: 1882,609,1795,1718,1119,511,2011,291,544,1908,1632,1620,109,1023,261,1303
52: 1711,1151,924,1592,831,1423,1106,228
53: 1581,1242
54: 
55: 1890,538
56: 916,119,2000,1483,133,197,474,1680,1352,173,882,202,1526,1772,844,1915,996,1644,2013,1096,1230,751,669,195,970,1257,1855,644
57: 798,783
58: 1011,1535,1687,73,1886,2007,1150,1665,1698,249,2006,257,1758,1828
59: 1787,1185
1703: 
61: 
62: 869
1688: 1288,1770,1335,676
64: 2019,403,1,1938,1912,915,1538,1508,1382,1074,546,987,1583,1401,444
65: 723,1007,2005,1485,465,638,1071,1379,1390,1572,1095,1852,535,522,1999,1633
66: 1626,1797,2016,1250,91,45,1048,117,561,1166,1191,287,107,1261,1584,150
67: 156,1386,350,1101,1053,2010,1332,1476,296,856,1602,934,1169,223,1509,727,1702,458
68: 
1898: 839
70: 1774,1089
1896: 626,936,1026
1618: 2008,1621,1902,681,1910,1482,99,661,1322,1368,1600,1705,1266,527,907,1465,315,1381,263,1529,447,1229,1271,1969,286
73: 1011,1535,1687,1039,972,1886,2007,1552,808,1150,1665,1698,249,466,2006,257,1758,58,1828,945
1728: 422,1160,272,419
1848: 
2010: 156,1386,350,1101,1053,1332,1476,296,792,856,1602,67,934,1169,223,1509,615,1717,727,1702,458
1634: 
1680: 1569,916,1671,119,2000,1483,474,1352,173,1451,814,882,202,1555,1772,1644,2013,56,1255,669,970,1257,644,1630
1737: 
1986: 
81: 622,1319,1084
1981: 
83: 
84: 
1866: 1608,1891
86: 646,21
87: 659
88: 1461,180,580
89: 1248
90: 1320,1061,496,415,807,1818,1437,757,132,222
91: 1543,1797,737,2016,1250,45,1048,117,561,1166,1191,66,1222,287,1261
92: 
93: 1202
94: 1336,1178,1454,851
1743: 698
96: 
97: 1888,1167,550,1103,385,654,342,2014,478,1546,1383,207,707,1146,850,100,1099,1576,1058
1683: 
99: 2008,1621,1902,1910,661,322,1322,1368,1600,1705,1266,527,907,1465,315,1381,263,1529,1715,1618,447,1580,1229
100: 1888,1167,860,550,1103,654,2014,478,1546,207,707,1146,850,660,97,1099
101: 1339
102: 395,379,861,137,160,891,1901
103: 1575,1809
104: 
1841: 698
106: 178
107: 1261,1584,150,1626,2016,1250,561,1191,66,287
1623: 
109: 1882,1795,511,2011,291,2017,1908,1620,1023,261,1303
110: 
1589: 
112: 1182
1614: 
114: 
1585: 
116: 212,903
117: 1626,1543,1797,737,2016,1250,91,45,1048,561,1166,1191,66,1261,1584
118: 
119: 1569,916,1671,2000,133,197,474,1680,1352,173,1451,814,882,202,1526,1555,1772,1915,996,1644,2013,1096,56,1255,1230,669,195,1257,1855,644,1630,298,1821
120: 
1821: 298,810,916,1671,119,2000,1935,197,202,1526,1052,1915,996,2013,1096,1255,1230,195,1855,644,1630,360
122: 1117,1685,502
123: 
1886: 1011,1535,1687,73,1039,972,2007,1552,808,1150,1665,1698,249,466,2006,257,1758,58,1828,945
125: 12,1579
1693: 20,426
1543: 1626,1797,737,2016,1250,91,1048,117,561,1222,1261
128: 1307
129: 2019,1938,1912,915,1538,1382,546,1326,1070,1583,848,1401,168
1867: 
131: 
132: 222,90,496,757
133: 916,1671,119,2000,1483,197,474,1352,173,882,202,1526,1052,1772,844,1915,996,2013,1096,56,1230,751,669,195,970,1257,1855,644,360
134: 667,1844,273,621
135: 531,597,1674,1149,639,922,1213,2018,1059,542,1431,187,1753,790
136: 782,641,377
137: 395,379,102,861,160,891,1901
138: 
139: 579,244,980,961
140: 
141: 1041,1098,155
142: 557,900,1952,674,39,0,560,1466,921,312,172,629,404,1194,2001,335,701
143: 1398,1489,1794
144: 
145: 1657
146: 
147: 1461,580,1344
148: 1697,1801
149: 1312
150: 107,1261,1584,1626,2016,1250,561,66,287
151: 679,1725
152: 
153: 
154: 1969,1428,1131,2008,1902,681,661,322,1322,1368,1705,907,315,1529,447,1229,1271
155: 141,1041,1098
156: 1386,350,1101,1053,2010,1332,1476,296,792,856,1602,67,934,1169,1509
157: 1317,326
158: 369,264
159: 1197,1983,1253
160: 102,861,137,891,1901
1704: 
1895: 
163: 
1529: 2008,1621,1902,681,1910,1482,99,661,322,1322,1368,1600,1705,1266,527,907,1465,315,263,1715,1618,447,305,401,1229,1271,1969,154,1428,1131,286
165: 
1824: 1925,1365
1813: 1899,436,1817
168: 1326,870,1171,1070,1583,848,1401,444,625,2019,1912,915,1538,1382,129
169: 
170: 1165,319,300
1764: 1421,1516,942
172: 560,1238,1466,921,312,316,629,404,1194,2001,335,701,557,900,1952,142,674,39,0
173: 916,119,2000,133,474,1680,1352,882,1526,1772,1644,2013,56,751,669,195,970,1257,1855,644
174: 857,830,310,1436,1843,461,1771,592,437,1944,1558,2002,752,519,1887,323,1763,778,1780,1548,1729,387,309,1469
175: 852,777
176: 
1787: 1185,59
178: 106
179: 880,1161,1188,1679,1515,1051
180: 1461,88,580
181: 
1901: 102,861,137,160
183: 
184: 
1612: 1830,1105
1702: 223,1509,615,1717,727,458,350,1101,1053,2010,1476,856,1602,67,934,1169
187: 531,597,1674,1149,639,135,1849,2018,958,1059,542,1431,1083,1753,790
1932: 694,299,2003,610,1663,1111,812
189: 472,1568
190: 337,1961,2004,617,450,1987,1760,695,1699,1142,1863,1017,1283,1292,1994
1865: 494,670,339,547,1380,1209,2015,779,1173,1391,255,1022,1198,1754,338
2000: 1569,916,1671,119,1483,1935,133,197,474,1680,1352,173,1451,814,882,202,1526,1052,1555,1772,844,1915,996,1644,2013,1096,56,1255,1230,751,669,195,970,1257,1855,644,1630,298,810,1821,360
193: 
194: 
195: 916,119,2000,1483,1935,133,197,474,1352,173,1451,882,202,1526,1052,844,1915,996,2013,1096,56,1230,751,669,970,1257,1855,644,298,810,1821,360
1601: 412,605,983,1037
197: 916,1671,119,2000,1483,1935,133,474,1352,202,1526,1052,844,1915,996,2013,1096,56,1255,1230,751,669,195,1855,644,298,810,1821,360
1619: 1993
1791: 1481
1621: 2008,1902,681,1910,1482,99,661,322,1322,1368,1600,1705,1266,527,907,1465,1381,263,1529,1715,1618,226,305,1271,1969
201: 1566,1259
202: 1569,916,1671,119,2000,1483,1935,133,197,474,1680,1352,1451,814,882,1526,1052,1555,1772,1915,996,1644,2013,1096,56,1255,1230,669,195,1855,644,1630,298,810,1821,360
203: 
204: 
205: 960,866,1225,1239,2012,262,1100,317,755,1854,1834
1657: 1590,145
207: 1888,1167,550,1103,654,2014,478,1546,1383,707,850,97,100,1099
2001: 560,1238,1466,921,312,172,316,629,404,1194,335,701,557,900,1952,142,674,39,0
209: 636
1580: 2008,1902,99,661,1600,527,907,1465,315,1381,263,1715
211: 
212: 116,786
213: 1473,1420
1789: 
215: 1479
1592: 1711,1151,924,831,52,1423,1106,228
1944: 857,830,310,1436,1843,461,1120,1771,592,437,1163,1558,2002,752,174,747,519,1887,1564,323,1763,778,1780,1548,1729,387,309,1469
1772: 1569,916,1671,119,2000,133,474,1680,1352,173,1451,814,882,202,1526,1555,1915,996,1644,2013,1096,56,1255,1230,669,644,1630,298
219: 
220: 
221: 
222: 132,90,757
223: 1509,615,1717,727,1702,458,350,2010,792,856,1602,67,934,1169
1827: 529
1771: 857,830,1436,1843,461,1120,592,437,1944,1558,2002,752,174,747,519,1887,1564,323,1763,778,1780,1548,1729,387,309,1469
226: 2008,1621,681,1910,1482,661,1600,1705,1266,527,1465,1381,263
1984: 
228: 1711,1151,924,1592,831,52,1423,1106
229: 
1980: 
231: 
232: 
1724: 750
234: 240,311,520,397,992
235: 665,1192
236: 
1877: 
238: 
239: 
240: 311,234,520,397,992
241: 1027,1862
1639: 
243: 451,493,847
244: 980,961,139
1756: 
246: 
247: 
1921: 
249: 1011,1535,1687,73,1039,972,1886,2007,808,1150,1665,466,2006,257,58
1934: 532,1749,1838,1666,492,1007,2005,1485,828,638,1379,1390,1572,535,1999
251: 
252: 1049
1938: 2019,403,1,1912,915,1538,1508,64,1382,1074,546,987,1326,1070,1583,1401,444,129
254: 986,667,1844,1047,273,1234,621
255: 339,547,1209,2015,779,1173,1865,1754,338
256: 
257: 1011,1535,1687,73,1039,972,1886,2007,808,1150,1665,249,2006,1758,58
1923: 
259: 620,1883
260: 
261: 1882,1795,1718,1119,511,2011,291,544,2017,1908,109,1023,1303
262: 2012,1100,284,317,755,1854,1834,960,866,1225,1239,205
263: 2008,1621,1902,681,1910,1482,99,661,1322,1368,1600,1705,1266,527,907,1465,315,1381,1529,1715,1618,226,447,1580,1229,1271,1969
264: 158,369
265: 
266: 
1891: 1608,1866
268: 1914,1954
269: 
1880: 
271: 
272: 1160,419,1728,422
273: 986,667,1844,1047,254,1234,621,134
274: 1696
275: 
276: 
277: 13,1201,1280,1876
278: 
279: 
1918: 
1568: 472,189
1606: 794
283: 1524
284: 2012,262,1845,1100,317,755,1854,1834,866,1239
1632: 1882,609,1795,1718,2011,291,544,2017,1620,1023,1303
286: 1969,1428,1131,2008,681,1482,1322,1368,1705,1266,1529,1618,305,401,1229,1271
287: 1797,2016,1250,91,45,1048,561,1166,1191,66,1222,107,1261,1584,150
288: 
289: 
1629: 386
291: 1882,1718,1119,511,2011,544,2017,1632,1620,109,1023,261,1303
292: 1097,1730,867
293: 
1910: 2008,1621,681,1482,99,661,1368,1600,1705,1266,527,907,1465,1381,263,1529,1618,226,1969
1652: 17,1607
296: 156,1386,350,1101,1053,2010,1332,1476,792,856,1602,67
297: 702
298: 810,1821,1569,916,1671,119,2000,1483,1935,197,1352,1451,814,882,202,1526,1052,1555,1772,1915,996,2013,1096,1255,1230,195,1855,644,1630,360
299: 694,2003,1932,610,1663
300: 1165,170,319,1008
301: 
302: 
303: 1550,836,1897
304: 
305: 2008,1621,681,1482,661,322,1322,1705,1266,527,1465,315,1529,401,1271,1969,1428,286
1635: 571,1174,1246
307: 1493,460,1504
308: 
309: 1469,1436,1771,592,437,1944,2002,174,1887,1780,1729,387
310: 461,1120,437,1944,1558,2002,752,174,747,519,1564,1763,387
311: 240,234,520,397,992
312: 560,1238,1466,921,172,316,629,404,1194,2001,335,701,1952,142,674,39
1990: 382
314: 
315: 2008,1902,681,99,661,322,1322,1368,1705,527,907,1465,263,1529,1715,1618,447,1580,305,1229,1271,154,1428,1131
316: 1238,1466,312,172,629,1194,2001,335,701
317: 2012,262,1845,1100,284,755,1854,1834,866,1239,205
318: 
319: 1165,170,300,1008
320: 1513,1903,1982,1068
321: 
322: 2008,1621,1902,681,99,661,1322,1368,1705,1266,527,907,1465,315,1529,1715,447,305,1229,1271,154,1428
323: 857,830,1436,1843,461,1771,592,1163,1944,1558,2002,752,174,519,1887,1763,778
1732: 1030,1659,439
325: 
326: 1317,157
327: 
328: 
329: 1356,1378
1751: 
331: 391,1334
1825: 
333: 
1733: 
335: 560,1238,1466,921,312,172,316,629,404,1194,2001,701,557,1952,142,674,39,0
336: 
337: 40,1961,2004,617,456,450,190,1987,1760,695,1699,1142,1863,1017,1739,1283,1994
338: 1175,494,670,339,547,1209,2015,779,1173,255,1865,1198,1754
339: 494,547,1209,2015,779,1173,255,1865,1754,338
340: 
341: 1462,1377
342: 1167,860,550,385,654,2014,478,1546,1383,1393,1146,850,660,97,1099,1576,1058,1294
343: 1351
344: 
345: 
346: 
347: 
1609: 
1726: 1392,920,1284
350: 156,1386,1101,1053,2010,1332,1476,296,792,1602,67,934,1169,223,1509,1717,727,1702,458
351: 
352: 1478
353: 
354: 
355: 1617
1735: 694,2003,898,610,1663,1111,812,884
1584: 107,1261,150,1626,1797,2016,1250,1048,117,561,1191,66,287
358: 1676,549
359: 
360: 298,810,1821,2000,1483,1935,133,197,1352,1451,202,1526,1052,844,1915,2013,1096,1230,751,669,195,970,1855,644
361: 
1974: 
363: 
1854: 2012,262,1845,1100,284,317,1834,960,866,1225,1239,205
1667: 
366: 1916
1860: 1736,1734
368: 885
369: 158,264
1755: 
1631: 
1796: 1904,1293
373: 1900
1531: 
375: 
1524: 283
377: 782,641,136
378: 
379: 395,102,861,137,891
1828: 1011,1535,1687,73,1039,972,1886,2007,1552,1150,1665,1698,2006,1758,58,945
1964: 
382: 1990
383: 
1602: 156,1386,350,1101,1053,2010,1332,1476,296,792,856,67,934,1169,223,1509,1717,727,1702,458
385: 1167,860,550,654,342,2014,1546,1383,1393,850,97,1099,1294
386: 1629
387: 310,1436,461,1120,1771,592,437,1944,1558,2002,752,174,519,1887,1564,1780,1548,1729,309,1469
388: 1315
389: 
390: 
391: 1334,331
1836: 
393: 1450
394: 1794
395: 379,102,137,891
396: 1066
397: 240,311,234,520,992
1845: 2012,1100,284,317,1854,1834,866,1239
399: 1957
400: 
401: 2008,681,1482,1322,1705,1266,1465,1529,305,1271,1969,1428,286
402: 
403: 2019,1,1938,1912,915,1538,1508,64,1074,546,987,1171,1583,444
404: 560,1238,1466,921,312,172,629,1194,2001,335,701,1952,142,674,39
1579: 12,125
406: 1359,570
1677: 1384
1700: 40,2004,617,1885,1076,450,1987,1648,1327,1699,1682,1863,1017,1739,1283,1292,1994
1712: 1168,642
410: 
1969: 154,1428,1131,286,2008,1621,681,1910,1482,661,1322,1368,1705,1266,263,1529,1618,305,401,1229,1271
412: 1601,605,983,1037
1654: 593
414: 1005,985,1040,1928,454,658,733
415: 90,1320,1061,496,807,1818,1437,757
416: 
417: 
1526: 1569,916,1671,119,2000,133,197,474,1352,173,882,202,1772,1915,996,2013,1096,56,1255,1230,751,669,195,1855,644,298,1821,360
419: 1160,272,1728,422
420: 
1840: 489,1970,849,1372
422: 1728,1160,272,419
1992: 1141,569
424: 
1649: 1369,1673,1252,1310,1003
426: 20,1693
427: 
1581: 53,1242
1988: 1220
430: 
1705: 2008,1621,1902,681,1910,1482,99,661,322,1322,1368,1266,527,907,1465,315,1381,263,1529,1715,1618,226,305,401,1229,1271,1969,154,1428,286
432: 
1642: 899
1551: 
1547: 
436: 1899,1813,1817
437: 857,310,1436,461,1120,1771,592,1944,1558,2002,752,174,747,519,1887,1564,1763,778,1780,1548,1729,387,309,1469
438: 
439: 1732,1030,1659
440: 
441: 
1644: 916,119,2000,1483,474,1680,1352,173,1451,814,882,202,1052,1555,1772,844,2013,1096,56,1255,669,970,1257,1855,644,1630
1839: 
444: 1326,870,1171,1070,1583,1401,168,625,2019,403,1,1938,1912,915,1538,1508,64,1382,1074,546,987
1878: 723,1838,492,2005,1485,465,828,638,1071,1390,1095,1852,535,522,1999,1633,532,1749
446: 1691
447: 2008,1902,99,661,322,1322,1368,527,907,315,263,1529,1618,1229,1271,154,1131
1697: 148,1801
449: 
450: 337,40,1961,2004,617,1885,1700,1076,456,190,1987,1648,1327,1699,1142,1682,1863,1017,1739,1283,1292,1994
451: 493,847,243
1834: 2012,262,1845,1100,284,317,755,1854,960,866,1225,1239,205
453: 631,1316,1400
454: 658,733,1040,1928,1005,985,414
455: 1496
456: 337,40,1961,2004,617,756,1076,450,1760,1648,695,1699,1682,1863,1739,1283,1994
457: 582,841
458: 223,1509,615,1717,727,1702,1386,350,1101,1053,2010,1476,792,856,1602,67,934,1169
459: 598
460: 1493,307,1504
461: 857,830,310,1436,1843,1120,1771,437,1163,1944,1558,2002,752,174,747,519,1887,1564,323,1763,778,387
462: 1745
1665: 1011,1535,1687,73,1039,972,1886,2007,1552,808,1150,1698,249,466,2006,257,1758,58,1828,945
464: 1515,775,1051,1679
465: 723,1878,1838,492,2005,1485,828,638,1071,1379,65,1390,1095,1852,535,522,1999,1633
466: 1535,73,1039,972,1886,2007,1552,808,1150,1665,249,2006,945
467: 
1748: 
469: 5
1676: 549,358
471: 589
472: 189,1568
1630: 1569,916,1671,119,2000,1483,1680,1352,1451,814,882,202,1052,1555,1772,1915,1644,2013,1096,1255,1230,644,298,810,1821
474: 916,1671,119,2000,1483,133,197,1680,1352,173,1451,814,882,202,1526,1052,1555,1772,844,1915,996,1644,2013,1096,56,1255,1230,751,669,195,970,1257,1855,644
475: 1444,758
1837: 
477: 1281,1638,1278,1046,1145,2009,1395,1645,1287,1625,1102,1647,1296,1487,1170,495,1943,697
478: 1888,1167,550,1103,654,342,2014,1383,207,707,1146,850,660,97,100,1099,1576,1058,1294
479: 26
1763: 857,830,310,1843,461,1120,1771,437,1163,1944,1558,2002,752,174,747,519,1564,323,778,1548
481: 
1801: 148,1697
1885: 40,2004,756,1700,1076,450,1648,1327,1682,1994
1616: 793
485: 
486: 
1664: 761,1448,1996
488: 1646
489: 1970,1840,849,1372
1857: 1710,1790
491: 
492: 723,1878,1838,1666,2005,1485,465,828,638,1071,1390,1852,535,1999,1934,532,1749
493: 451,847,243
494: 670,339,547,1380,1209,2015,779,1173,1391,1022,1865,1198,1754,1175,338
495: 1281,1278,1976,477,1046,1145,2009,1645,1625,729,1102,1995,1647,1487,1943,697
496: 90,1320,1061,415,807,1818,1437,757,132
1761: 
498: 
499: 
1770: 1288,1335,676,1688
501: 
502: 122,1117
1948: 
1574: 7
1999: 723,1878,1838,1666,492,1007,2005,1485,465,828,638,1071,1379,65,1390,1572,1852,535,522,1633,1934,532,1749
506: 
507: 
508: 1798
509: 1066
510: 
511: 1882,1795,1718,1119,2011,291,544,2017,1908,109,1023,261,1303
512: 671,690,1501
513: 
514: 
515: 867,1251,1097
1699: 337,40,1961,2004,617,1700,1076,456,450,190,1987,1648,695,1327,1142,1863,1017,1739,1283,1292,1994
517: 
1908: 1882,609,1795,511,2011,2017,1620,109,1023,261,1303
519: 310,1436,1843,461,1120,1771,592,437,1944,1558,2002,752,174,747,1887,1564,323,1763,778,1780,1548,1729,387,1469
520: 240,311,234,397,992
521: 
522: 723,1878,2005,1485,465,828,638,1071,1379,65,1390,1095,1852,535,1999,1633
523: 
524: 1563
1831: 1594
526: 834,1204,1323
527: 2008,1621,1902,681,1910,1482,99,661,322,1322,1368,1600,1705,1266,907,1465,315,1381,263,1529,1715,1618,226,447,1580,305,1271
1913: 
529: 1827
1809: 1575,103
531: 597,1674,1149,639,135,1849,922,1213,2018,958,1059,542,1431,187,1083,1753,790
532: 1934,1749,1878,1838,492,2005,1485,828,1390,535,1999,1633
533: 
534: 1123
535: 723,1878,1838,1666,492,2005,1485,465,828,638,1071,1379,65,1390,1572,1095,1852,522,1999,1633,1934,532,1749
536: 
537: 
538: 55,1890
539: 
540: 1681
541: 1353,1518,940
542: 531,597,1674,1149,639,135,1213,2018,958,1059,1431,187,1083,1753,790
543: 
544: 1882,609,1795,1718,1119,511,2011,291,2017,1632,1620,1023,261,1303
545: 41
546: 2019,403,1938,1912,915,1538,1508,64,1382,1074,1326,1070,1583,1401,444,129
547: 494,670,339,1380,1209,2015,779,1173,1391,255,1022,1865,1198,1754,338
548: 1453,1775
549: 1676,358
550: 1888,1167,860,1103,385,654,342,2014,478,1546,1383,207,707,1393,850,660,97,100,1099
551: 1127
552: 1107
1812: 
554: 
555: 
556: 
557: 900,1952,142,674,39,0,560,172,2001,335,701
1906: 
1991: 1297,565,1610,1122
560: 1238,1466,921,312,172,629,404,1194,2001,335,701,557,1952,142,674,39,0
561: 1626,1543,1797,737,2016,1250,91,45,1048,117,1166,1191,66,1222,287,107,1261,1584,150
2006: 1011,1535,1687,73,1039,972,1886,2007,1552,808,1150,1665,1698,249,466,257,1758,58,1828,945
563: 1553,1063
1600: 2008,1621,1902,1910,99,661,1266,527,907,1465,1381,263,1529,1715,1618,226,1580
565: 1297,1991,1122
1673: 1460,1649,1252,1310,1003
567: 33
1557: 908
569: 1992,1141
570: 1359,406
571: 1635,1174,1246
572: 1989
573: 
574: 
575: 
1586: 
1904: 1293,1796
578: 
579: 139,980,961
580: 1461,88,180,147
581: 935
582: 457,841
1744: 
584: 1970
585: 
1760: 337,40,1961,2004,617,756,456,190,695,1863,1017,1739,1283
587: 1511,614,994
1968: 1182
589: 471
590: 
591: 815
592: 857,830,1436,1843,1771,437,1163,1944,1558,2002,752,174,747,519,1887,323,778,1780,1548,1729,387,309,1469
593: 1654
1962: 
1766: 914
596: 
597: 531,1674,1149,639,135,1849,922,1213,2018,958,1059,542,1431,187,1083,1753,790
598: 459
599: 
600: 2003,898,1663,1111,812
1653: 
602: 
603: 1256,1279
604: 1919
605: 1601,412,983,1037
606: 
1670: 
1747: 
609: 1882,1795,2011,544,2017,1908,1632,1620,1023
610: 694,1735,299,2003,898,1932,1663,1111,812,884
611: 
612: 1375,1909
1800: 
614: 994,587,1511
615: 223,1509,1717,727,1702,458,2010
616: 
617: 337,40,1961,2004,756,1700,1076,456,450,190,1987,1760,1648,695,1327,1699,1142,1682,1863,1017,1739,1283,1994
618: 854
619: 
620: 1883,259
621: 667,1844,1047,254,273,1234,134
622: 81,1319,1084
623: 
624: 
625: 870,1171,1070,1583,444,168,2019,1,915,1538,987
626: 936,1026,1896
1722: 791
628: 
629: 560,1238,1466,312,172,316,404,1194,2001,335,701,142,39
630: 
631: 1316,453
1708: 
633: 
634: 
635: 
636: 209
637: 
638: 723,1878,1838,1666,492,1007,2005,1485,465,828,1071,1379,65,1390,1572,1852,535,522,1999,1633,1934
639: 531,597,1149,135,1849,2018,958,542,1431,187,1083,1753,790
640: 
641: 782,136,377
642: 1712,1168
643: 
644: 1569,916,1671,119,2000,1483,1935,133,197,474,1680,1352,173,1451,814,882,202,1526,1052,1555,1772,844,1915,996,1644,2013,1096,56,1255,1230,751,669,195,970,1257,1855,1630,298,810,1821,360
1806: 
646: 86,21
647: 
1603: 
649: 
1745: 462
651: 
652: 
653: 
654: 1167,860,550,1103,385,342,2014,478,1546,1383,207,707,1393,1146,850,660,97,100,1099,1576,1058,1294
655: 
656: 1689
657: 805
658: 454,733,1040,1928,1005,985,414
659: 87
660: 1167,860,550,654,342,2014,478,1383,1146,850,100,1099,1576,1058,1294
661: 2008,1621,1902,681,1910,1482,99,322,1322,1368,1600,1705,1266,527,907,1465,315,1381,263,1529,1715,1618,226,447,1580,305,1229,1271,1969,154,1428
662: 
663: 
664: 1033,901
665: 235,1192
666: 1139,1079
667: 1844,1047,254,273,621,134
668: 713
669: 916,119,2000,1483,1935,133,197,474,1680,1352,173,1451,882,202,1526,1052,1555,1772,844,1915,1644,2013,1096,56,1255,1230,751,195,970,1257,1855,644,360
670: 494,547,1380,1209,2015,779,1173,1391,1022,1865,1198,1754,1175,338
671: 512,690,1501
672: 
1687: 1011,1535,73,1039,972,1886,2007,1552,808,1150,1665,1698,249,2006,257,1758,58,1828
674: 557,900,1952,142,39,0,560,921,312,172,404,1194,2001,335,701
1672: 
676: 1288,1770,1335,1688
1882: 609,1795,1718,1119,511,2011,291,544,2017,1908,1632,1620,109,1023,261,1303
1663: 694,1735,299,2003,898,1932,610,600,1111,812,884
679: 151,1725
680: 
681: 2008,1621,1902,1910,1482,661,322,1322,1368,1705,1266,527,907,1465,315,263,1529,1618,226,305,401,1229,1271,1969,154,1428,1131,286
1810: 
683: 1245,973,1333
1983: 1197,1313,159,1253
1711: 1151,924,1592,831,52,1423,228
686: 
687: 
1643: 
689: 
690: 671,512,1501
1965: 
692: 
1993: 1619
694: 1735,299,2003,898,1932,610,1663,1111,812,884
695: 337,40,1961,2004,617,456,190,1760,1699,1142,1863,1739,1283,1994
696: 997
697: 1281,1638,1278,477,1046,1145,2009,1395,1645,1287,1625,729,1102,1995,1647,1296,1487,1170,495,1943
698: 1841,1743
699: 
700: 
701: 560,1238,1466,312,172,316,629,404,1194,2001,335,557,900,1952,142,674,39,0
702: 297
703: 
1883: 620,259
1971: 
706: 1513,1054,1068,1958
707: 1888,1167,550,1103,654,2014,478,1546,1383,207,1146,850,97,100,1099,1576,1058
1982: 320,1903,1068
709: 
710: 
1590: 1657
712: 
713: 668
714: 
715: 1077,1155
716: 
1566: 1259,201
1662: 
719: 862
720: 
721: 
1567: 
723: 1878,1838,492,2005,1485,465,828,638,1071,1379,65,1390,1572,1095,1852,535,522,1999,1633
1758: 1011,1535,1687,73,972,1886,2007,1552,1150,1665,1698,2006,257,58,1828,945
1775: 796,1453,548
1550: 303,836,1897
727: 223,1509,615,1717,1702,458,1386,350,1101,2010,1476,792,856,1602,67,934
728: 
729: 1281,1278,1976,2009,1625,1995,1647,495,1943,697
730: 
731: 
732: 
733: 454,658,1040,1928,1005,985,414
1977: 
735: 
736: 
737: 1626,1543,1797,2016,1250,91,45,1048,117,561,1166,1191
1997: 
739: 
1552: 1011,1535,1687,73,1039,972,1886,2007,808,1150,1665,1698,466,2006,1758,1828,945
1912: 2019,403,1,1938,915,1538,1508,64,1382,1074,546,1326,1171,1070,1583,1401,444,168,129
742: 
1710: 1857,1790
744: 
745: 
1911: 901,1033
747: 857,830,310,1843,461,1120,1771,592,437,1163,1944,1558,2002,752,519,1564,1763,778,1548
1637: 
1817: 1899,1813,436
750: 1724
751: 2000,133,197,474,1352,173,1526,844,1915,2013,56,669,195,970,1257,1855,644,360
752: 830,310,1436,1843,461,1120,1771,592,437,1944,1558,2002,174,747,519,1887,1564,323,1763,778,1548,1729,387,1469
753: 
1928: 1040,454,658,733,1005,985,414
755: 2012,262,1100,284,317,1834,1225,1239,205
756: 40,1961,2004,617,1885,1076,456,1760,1648,1327,1682,1863,1739,1283,1994
757: 90,1320,496,415,807,1437,132,222
758: 475,1444
759: 
760: 
761: 1664,1448
1838: 723,1878,1666,492,1007,2005,1485,465,828,638,1379,1390,1572,1852,535,1999,1934,532,1749
763: 
1753: 531,597,1674,1149,639,135,1849,1213,2018,958,542,1431,187,1083,790
765: 939
766: 
767: 
768: 
2004: 337,40,1961,617,1885,756,1700,1076,456,450,190,1987,1760,1648,695,1327,1699,1142,1682,1863,1017,1739,1283,1292,1994
770: 1251,1097
771: 1727,1115
772: 
1954: 1914,268
1622: 
775: 464,1515,1051,1679
776: 
777: 852,175
778: 857,830,1436,1843,461,1120,1771,592,437,1163,1944,1558,2002,752,174,747,519,1887,323,1763,1780,1548,1729
779: 494,670,339,547,1380,1209,2015,1173,255,1022,1865,1198,1754,338
780: 
781: 
782: 641,136,377
783: 798,57
1863: 337,40,1961,2004,617,756,1700,1076,456,450,190,1987,1760,695,1327,1699,1682,1017,1739,1283,1994
785: 1311
786: 212
787: 
788: 
1588: 
790: 531,597,1674,1149,639,135,1849,922,1213,2018,958,1059,542,1431,187,1753
791: 1722
792: 156,1386,350,1101,2010,1476,296,856,1602,934,223,1509,1717,727,458
793: 1616
794: 1606
795: 
796: 1453,1775
1696: 274
798: 783,57
799: 
1553: 563,1063
801: 
2012: 262,1845,1100,284,317,755,1854,1834,960,866,1225,1239,205
1900: 373
1779: 
805: 657
806: 
807: 90,1320,496,415,1437,757
808: 1011,1535,1687,73,1039,972,1886,2007,1552,1150,1665,249,466,2006,257,945
809: 1429
810: 298,1821,1569,916,1671,2000,1483,1935,197,1352,1451,882,202,1052,1555,1915,996,2013,1096,1255,1230,195,1855,644,1630,360
811: 
812: 694,1735,2003,898,1932,610,1663,600,1111
1893: 
814: 1569,916,1671,119,2000,474,1680,1352,1451,882,202,1555,1772,1644,2013,1096,1255,644,1630,298
815: 591
816: 1573
817: 
818: 
1786: 
1823: 
2011: 1882,609,1795,1718,1119,511,291,544,2017,1908,1632,1620,109,1023,261,1303
822: 1005
1849: 531,597,1149,639,922,2018,958,1059,1431,187,1753,790
824: 
825: 
1640: 
827: 1595
828: 723,1878,1838,1666,492,2005,1485,465,638,1379,1390,1095,1852,535,522,1999,1633,1934,532,1749
829: 
830: 857,1436,1843,461,1771,592,1163,1944,1558,2002,752,174,747,1887,323,1763,778,1780,1548,1729
831: 1711,1151,924,1592,52,1423,1106,228
832: 
1754: 494,670,339,547,1209,2015,779,255,1022,1865,1198,1175,338
834: 526,1204,1323
835: 
836: 303,1550,1897
837: 
838: 
839: 1898
1851: 
841: 582,457
1741: 
1887: 857,830,1436,1843,461,1771,592,437,1944,1558,2002,752,174,519,323,778,1780,1548,1729,387,309,1469
844: 916,2000,1483,1935,133,197,474,1352,1451,882,1052,1915,1644,2013,1096,56,1230,751,669,195,970,1257,1855,644,360
845: 
846: 
847: 451,493,243
848: 1326,870,1070,1583,1401,168,2019,915,1538,1382,129
849: 489,1970,1840,1372
850: 1167,860,550,1103,385,654,342,2014,478,1546,1383,207,707,1393,1146,660,97,100,1099,1294
851: 1454,1336,94,1178
852: 175,777
853: 
854: 618
855: 966
856: 156,1386,1101,1053,2010,1332,1476,296,792,1602,67,934,1169,223,1509,1717,727,1702,458
857: 830,1436,1843,461,1771,592,437,1163,1944,1558,2002,174,747,1887,323,1763,778,1780,1548,1729
858: 
859: 50
860: 1167,550,1103,385,654,342,2014,1546,1383,1393,1146,850,660,100,1099,1294
861: 379,102,137,160,891,1901
862: 719
1718: 1882,1795,1119,511,2011,291,544,2017,1632,1023,261,1303
1596: 
1978: 1034
866: 960,1225,1239,205,2012,262,1845,1100,284,317,1854,1834
867: 515,292,1251,1097,1730
1892: 
869: 62
870: 1326,1171,1070,1583,848,444,168,625,2019,1538,987
871: 
872: 15
2009: 1281,1638,1278,1976,477,1046,1145,1395,1645,1287,1625,729,1102,1995,1647,1296,1487,1170,495,1943,697
874: 1922
1572: 723,1838,1666,1007,2005,638,1379,65,1390,1852,535,1999,1934
876: 23
1723: 
878: 
1620: 1882,609,1795,2011,291,544,2017,1908,1632,109,1023,1303
880: 1161,1188,179,1679,1515,1051
1610: 1297,1991
882: 1569,916,1671,119,2000,1483,133,474,1680,1352,173,1451,814,202,1526,1052,1555,1772,844,1915,1644,2013,1096,56,1255,1230,669,195,970,1257,1855,644,1630,298,810
883: 
884: 694,1735,2003,898,610,1663
885: 368
886: 
887: 
888: 1121,1350
1996: 1448,1664
1852: 723,1878,1838,492,2005,1485,465,828,638,1071,1379,65,1390,1572,1095,535,522,1999,1633
891: 395,379,102,861,137,160
1871: 
893: 
894: 
895: 
1958: 1513,706,1068
897: 
898: 694,1735,2003,610,1663,600,1111,812,884
899: 1889,1642
900: 557,1952,142,674,39,0,172,2001,701
901: 1911,1033,664
902: 
903: 116
904: 
905: 1963
906: 
907: 2008,1621,1902,681,1910,1482,99,661,322,1322,1368,1600,1705,527,1465,315,263,1529,1715,1618,447,1580,1229,1271,154
908: 1557
1915: 1569,916,1671,119,2000,1483,1935,133,197,474,1352,1451,882,202,1526,1052,1555,1772,844,996,2013,1096,56,1255,1230,751,669,195,970,1855,644,1630,298,810,1821,360
910: 
911: 
1972: 
913: 
914: 1766
915: 2019,403,1,1938,1912,1538,1508,64,1382,1074,546,987,1326,1171,1070,1583,848,1401,444,168,625,129
916: 1569,1671,119,2000,1483,133,197,474,1680,1352,173,1451,814,882,202,1526,1052,1555,1772,844,1915,996,1644,2013,1096,56,1255,1230,669,195,970,1257,1855,644,1630,298,810,1821
917: 
1674: 531,597,135,1213,2018,958,542,1431,187,1083,1753,790
919: 1936
920: 1726,1392,1284
921: 560,1238,1466,312,172,404,1194,2001,335,1952,142,674
922: 531,597,1149,135,1849,2018,1059,790
1956: 
924: 1711,1151,1592,831,52,1423,1106,228
925: 
1716: 1108,1094
927: 1244,1464
1902: 2008,1621,681,99,661,322,1322,1368,1600,1705,527,907,1465,315,263,1529,1715,1618,447,1580,1229,1271,154
1899: 1813,436,1817
930: 1949
931: 
1650: 
933: 
934: 156,1386,350,1101,1053,2010,1476,792,856,1602,67,1169,223,1509,1717,727,1702,458
935: 581
936: 626,1026,1896
937: 
1790: 1857,1710
939: 765
940: 1353,541,1518
1847: 
942: 1516,1764,1421
943: 
944: 
945: 1011,73,1039,972,1886,2007,1552,808,1150,1665,466,2006,1758,1828
946: 
1573: 816
948: 
1555: 1569,916,1671,119,2000,1483,474,1680,1352,1451,814,882,202,1052,1772,1915,1644,2013,1096,1255,1230,669,1855,644,1630,298,810
950: 
951: 1306,9
952: 
1858: 
1953: 1868
955: 1783
1541: 
957: 
958: 531,597,1674,639,1849,2018,1059,542,1431,187,1083,1753,790
1523: 
960: 866,1225,1239,205,2012,262,1100,1854,1834
961: 244,980,579,139
1945: 
1638: 1281,477,1046,2009,1395,1645,1287,1102,1647,1296,1487,1170,697
964: 
965: 
966: 855
967: 
968: 
969: 25,20
970: 916,2000,1483,133,474,1680,1352,173,1451,882,1052,844,1915,1644,2013,1096,56,751,669,195,1257,1855,644,360
971: 
972: 1011,1535,1687,73,1039,1886,2007,1552,808,1150,1665,1698,249,466,2006,257,1758,1828,945
973: 1245,683,1333
974: 
1933: 
1950: 
977: 
978: 
979: 
980: 244,961,579,139
1846: 1072
982: 
983: 1601,412,605,1037
984: 1164
985: 1005,414,1040,1928,454,658,733
986: 1844,1047,254,273,1234
987: 2019,403,1,1938,915,1538,1508,64,1074,870,1171,1070,1583,444,625
988: 
1905: 
990: 
991: 
992: 240,311,234,520,397
993: 
994: 614,587,1511
995: 
996: 1569,916,1671,119,2000,133,197,474,1352,202,1526,1772,1915,2013,1096,56,1255,1230,195,644,298,810,1821
997: 696
998: 
999: 
1000: 
1571: 
1002: 
1003: 1460,1369,1673,1649,1252,1310
1686: 
1005: 822,985,414,1040,1928,454,658,733
1006: 
1007: 1838,1666,2005,638,1379,65,1390,1572,1999,1633,1934
1008: 319,300
1009: 
1749: 1934,532,1878,1838,1666,492,2005,1485,828,1390,535,1999,1633
1011: 1535,1687,73,972,1886,2007,1552,808,1150,1665,1698,249,2006,257,1758,58,1828,945
1636: 1055
1647: 1281,1638,1278,1976,477,1046,1145,2009,1395,1645,1625,729,1102,1995,1487,495,1943,697
1014: 
1767: 1277,1520,1364
1740: 
1017: 337,40,1961,2004,617,1700,450,190,1987,1760,1327,1699,1142,1682,1863,1283,1292,1994
1018: 
1793: 
1587: 
1987: 337,40,1961,2004,617,1700,1076,450,190,1648,1327,1699,1142,1682,1863,1017,1739,1283,1292,1994
1022: 494,670,547,1380,1209,2015,779,1173,1391,1865,1198,1754
1023: 1882,609,1795,1718,1119,511,2011,291,544,2017,1908,1632,1620,109,261,1303
1024: 
1025: 
1026: 626,936,1896
1027: 1862,241
1931: 
1029: 
1030: 1732,1659,439
1715: 2008,1621,1902,99,661,322,1322,1600,1705,1266,527,907,1465,315,1381,263,1529,1580
1604: 
1033: 664,901,1911
1034: 1978
1035: 
1036: 
1037: 1601,412,605,983
1561: 
1039: 1535,1687,73,972,1886,2007,1552,808,1150,1665,249,466,2006,257,1828,945
1040: 1928,454,658,733,1005,985,414
1041: 141,1098,155
1957: 399
1043: 
1044: 
1970: 489,1840,849,1372,584
1046: 1281,1638,1278,477,1145,2009,1395,1645,1287,1625,1102,1995,1647,1296,1487,1170,495,1943,697
1047: 986,667,1844,254,273,1234,621
1048: 1626,1543,1797,737,2016,1250,91,45,117,561,1166,1191,66,1222,287,1261,1584
1049: 252
1050: 
1051: 464,1515,775,1679,880,1161,179
1052: 916,2000,1483,1935,133,197,474,1352,1451,882,202,1555,844,1915,1644,2013,1096,1255,1230,669,195,970,1855,644,1630,298,810,1821,360
1053: 156,1386,350,2010,1332,1476,296,856,1602,67,934,1169,1509,1702,458
1054: 1513,706,1068
1055: 1636
1056: 
1582: 
1058: 1294,1167,654,342,2014,478,1383,707,1146,660,97,1099,1576
1059: 531,597,1149,135,1849,922,1213,2018,958,542,1431,187,790
1060: 
1061: 90,1320,496,415,1818
1975: 
1063: 563,1553
1925: 1824,1365
1065: 
1066: 396,509
1067: 
1068: 320,1513,1903,706,1982,1054,1958
1963: 905
1070: 1326,870,1171,1583,848,1401,444,168,625,2019,1,1938,1912,915,1538,1508,1382,1074,546,987,129
1071: 723,1878,492,2005,1485,465,638,65,1095,1852,535,522,1999
1072: 1846
1725: 151,679
1074: 2019,403,1,1938,1912,915,1538,1508,64,1382,546,987,1326,1070,1583,1401,444
2018: 531,597,1674,1149,639,135,1849,922,1213,958,1059,542,1431,187,1083,1753,790
1076: 40,1961,2004,617,1885,756,1700,456,450,1987,1648,1327,1699,1682,1863,1739,1283,1292,1994
1077: 715
1802: 
1079: 1139,666
1080: 
1081: 
1690: 
1083: 531,597,1674,639,2018,958,542,1431,187,1753
1084: 81,622,1319
1085: 
1528: 
1087: 
1088: 
1089: 1774,70
1090: 
1091: 
1092: 
1795: 1882,609,1718,511,2011,544,2017,1908,1632,1620,109,1023,261,1303
1094: 1716,1108
1095: 723,1878,2005,1485,465,828,1071,65,1852,535,522,1633
1096: 1569,916,1671,119,2000,1483,1935,133,197,474,1352,1451,814,882,202,1526,1052,1555,1772,844,1915,996,1644,2013,56,1255,1230,669,195,970,1855,644,1630,298,810,1821,360
1097: 292,1251,770,515,867
1098: 141,1041,155
1099: 1888,1167,860,550,1103,385,654,342,2014,478,1546,1383,207,707,1146,850,660,97,100,1576,1058,1294
1100: 2012,262,1845,284,317,755,1854,1834,960,866,1225,1239,205
1101: 156,1386,350,2010,1332,1476,296,792,856,1602,67,934,1509,1717,727,1702,458
1102: 1638,1278,477,1046,1145,2009,1395,1645,1287,1647,1296,1487,1170,495,1943,697
1103: 1888,1167,860,550,654,2014,478,1546,207,707,850,97,100,1099
1104: 
1105: 1612,1830
1106: 1151,924,1592,831,52,1423,228
1107: 552
1108: 1716,1094
1109: 
1110: 
1111: 694,1735,2003,898,1932,610,1663,600,812
1739: 337,40,1961,2004,617,756,1700,1076,456,450,1987,1760,1648,695,1327,1699,1142,1682,1863,1283,1994
1113: 
1538: 2019,403,1,1938,1912,915,1508,64,1382,1074,546,987,1326,870,1171,1070,1583,848,1401,444,168,625,129
1115: 1727,771
1876: 1201,277,1280
1117: 122,1685,502
1118: 
1119: 1882,1718,511,2011,291,544,2017,1023,261,1303
1120: 310,1843,461,1771,437,1163,1944,1558,2002,752,747,519,1564,1763,778,1548,387
1121: 888,1350
1122: 565,1991
1123: 534
1897: 303,1550,836
1125: 
1126: 
1127: 551
1919: 604
1951: 
1130: 1269,1521
1131: 1969,154,1428,286,2008,681,1322,1368,315,1529,447,1229,1271
1607: 1652,17
1133: 
1976: 1281,1278,2009,1625,729,1995,1647,1487,495
2015: 494,670,339,547,1380,1209,779,1173,1391,255,1022,1865,1198,1754,1175,338
1646: 488
1137: 1989
1729: 857,830,1436,1771,592,437,1944,1558,2002,752,174,519,1887,778,1780,1548,387,309,1469
1139: 1079,666
1140: 
1141: 1992,569
1142: 337,1961,2004,617,450,190,1987,695,1699,1017,1739,1283,1292,1994
1143: 
1780: 857,830,1436,1771,592,437,1944,1558,2002,174,519,1887,778,1548,1729,387,309,1469
1145: 1278,477,1046,2009,1395,1645,1102,1647,1296,1170,495,1943,697
1146: 1167,860,654,342,2014,478,1383,707,850,660,97,100,1099,1576,1058,1294
1147: 
1717: 223,1509,615,727,1702,458,1386,350,1101,2010,792,856,1602,934,1169
1149: 531,597,639,135,1849,922,2018,1059,542,187,1753,790
1150: 1011,1535,1687,73,1039,972,1886,2007,1552,808,1665,1698,249,466,2006,257,1758,58,1828,945
1151: 1711,924,1592,831,52,1423,1106,228
1844: 986,667,1047,254,273,1234,621,134
1659: 1732,1030,439
1154: 
1155: 715
1156: 
1157: 
1158: 
1159: 
1160: 272,419,1728,422
1161: 880,1188,179,1679,1515,1051
2005: 723,1878,1838,1666,492,1007,1485,465,828,638,1071,1379,65,1390,1572,1095,1852,535,522,1999,1633,1934,532,1749
1163: 857,830,1843,461,1120,592,1944,1558,2002,747,323,1763,778,1548
1164: 984
1165: 170,319,300
1166: 1797,737,2016,1250,91,45,1048,117,561,1191,66,1222,287
1167: 860,550,1103,385,654,342,2014,478,1546,1383,207,707,1393,1146,850,660,97,100,1099,1058,1294
1168: 1712,642
1169: 156,1386,350,1053,2010,1332,1476,856,1602,67,934,223,1509,1717,1702,458
1170: 1638,477,1046,1145,2009,1395,1645,1287,1102,1296,697
1171: 1326,870,1070,1583,444,168,625,2019,403,1,1912,915,1538,1508,987
1777: 
1173: 494,670,339,547,1380,1209,2015,779,255,1022,1865,338
1174: 1635,571,1246
1175: 338,494,670,2015,1198,1754
1872: 
1177: 
1178: 94,851
1943: 1281,1278,477,1046,1145,2009,1395,1645,1625,729,1102,1995,1647,1296,495,697
1546: 1167,860,550,1103,385,654,342,2014,1383,207,707,1393,850,97,100,1099
1181: 
1182: 1968,112
1183: 
1184: 
1185: 1787,59
1719: 
1187: 
1188: 880,1161,179
1727: 1115,771
1190: 
1191: 1797,737,2016,1250,91,45,1048,117,561,1166,66,1222,287,107,1261,1584
1192: 235,665
1193: 
1194: 560,1238,1466,921,312,172,316,629,404,2001,335,701,1952,142,674
1195: 
1196: 1492
1197: 1983,159,1253
1198: 494,670,547,1380,1209,2015,779,1391,1022,1865,1754,1175,338
1199: 
1200: 
1201: 13,277,1280,1876
1202: 93
1203: 
1204: 834,526,1323
1734: 1860,1736
1842: 
1544: 
1208: 
1209: 494,670,339,547,2015,779,1173,255,1022,1865,1198,1754,338
1210: 
1794: 1489,394,143
1769: 
1213: 531,597,1674,135,2018,1059,542,1431,1753,790
1952: 557,900,142,674,39,0,560,921,312,172,404,1194,2001,335,701
1804: 
1216: 1407
1217: 
1218: 
1558: 857,830,310,1436,1843,461,1120,1771,592,437,1163,1944,2002,752,174,747,519,1887,1564,323,1763,778,1780,1548,1729,387,1469
1220: 1988
1221: 1329,9
1222: 1543,1797,2016,1250,91,45,1048,561,1166,1191,287,1261
1742: 
1224: 
1225: 960,866,1239,205,2012,262,1100,755,1854,1834
1679: 464,1515,775,1051,880,1161,179
1227: 
2013: 1569,916,1671,119,2000,1483,1935,133,197,474,1680,1352,173,1451,814,882,202,1526,1052,1555,1772,844,1915,996,1644,1096,56,1255,1230,751,669,195,970,1257,1855,644,1630,298,810,1821,360
1229: 2008,1902,681,1482,99,661,322,1322,1368,1705,907,315,263,1529,1618,447,1271,1969,154,1428,1131,286
1230: 1569,916,1671,119,2000,1483,1935,133,197,474,1352,1451,882,202,1526,1052,1555,1772,844,1915,996,2013,1096,56,1255,669,195,1855,644,1630,298,810,1821,360
1231: 
1232: 
1233: 
1234: 986,1844,1047,254,273,621
1914: 1954,268
1868: 1953
1237: 
1238: 560,1466,921,312,172,316,629,404,1194,2001,335,701
1239: 960,866,1225,205,2012,262,1845,1100,284,317,755,1854,1834
1936: 919
1241: 
1242: 53,1581
1633: 723,1878,1007,2005,1485,465,828,638,1379,65,1390,1095,1852,535,522,1999,532,1749
1244: 1464,927
1245: 683,973,1333
1246: 1635,571,1174
1608: 1891,1866
1248: 89
1249: 
1250: 1626,1543,1797,737,2016,91,45,1048,117,561,1166,1191,66,1222,287,107,1261,1584,150
1251: 1097,770,515,867
1252: 1460,1369,1673,1649,1310,1003
1253: 1197,1983,1313,159
1254: 
1255: 1569,916,1671,119,2000,1483,1935,197,474,1680,1352,1451,814,882,202,1526,1052,1555,1772,1915,996,1644,2013,1096,1230,669,1855,644,1630,298,810,1821
1256: 1279,603
1257: 916,119,2000,1483,133,474,1680,1352,173,882,844,1644,2013,56,751,669,195,970,1855,644
1666: 1838,492,1007,2005,828,638,1379,1390,1572,535,1999,1934,1749
1259: 1566,201
1533: 
1261: 107,1584,150,1626,1543,1797,2016,1250,91,45,1048,117,561,1191,66,1222,287
1890: 55,538
1658: 
1960: 1302
1797: 1626,1543,737,2016,1250,91,45,1048,117,561,1166,1191,66,1222,287,1261,1584
1266: 2008,1621,681,1910,1482,99,661,322,1322,1368,1600,1705,527,1465,1381,263,1529,1715,1618,226,305,401,1271,1969,286
1267: 
1628: 
1269: 1130
1562: 
1271: 2008,1621,1902,681,1482,661,322,1322,1368,1705,1266,527,907,1465,315,263,1529,1618,447,305,401,1229,1969,154,1428,1131,286
1272: 
1684: 
1671: 1569,916,119,2000,133,197,474,1680,1352,814,882,202,1526,1555,1772,1915,996,2013,1096,1255,1230,644,1630,298,810,1821
1818: 90,1320,1061,496,415
1276: 1415
1277: 1767,1520,1364
1278: 1281,1976,477,1046,1145,2009,1645,1625,729,1102,1995,1647,495,1943,697
1279: 1256,603
1280: 13,1201,277,1876
1281: 1638,1278,1976,477,1046,2009,1395,1645,1625,729,1995,1647,1487,495,1943,697
1678: 
1283: 337,40,1961,2004,617,756,1700,1076,456,450,190,1987,1760,1648,695,1327,1699,1142,1863,1017,1739,1994
1284: 1726,1392,920
1285: 
1286: 
1287: 1638,477,1046,2009,1395,1645,1102,1296,1487,1170,697
1288: 1770,1335,676,1688
1289: 
1290: 
1291: 
1292: 2004,1700,1076,450,190,1987,1648,1327,1699,1142,1017,1994
1293: 1904,1796
1294: 1058,1167,860,385,654,342,2014,478,1383,1146,850,660,1099,1576
1888: 550,1103,2014,478,207,707,97,100,1099
1296: 1638,477,1046,1145,2009,1395,1645,1287,1102,1170,1943,697
1297: 565,1991,1610
1298: 
1299: 
1300: 
1881: 
1302: 1960
1303: 1882,1795,1718,1119,511,2011,291,544,2017,1908,1632,1620,109,1023,261
1304: 1349
1305: 
1306: 951,9
1307: 128
1308: 
1309: 
1310: 1460,1369,1673,1649,1252,1003
1311: 785
1312: 149
1313: 1983,1253
1569: 916,1671,119,2000,1680,1352,1451,814,882,202,1526,1555,1772,1915,996,2013,1096,1255,1230,644,1630,298,810
1315: 388
1316: 631,453,1400
1317: 326,157
1651: 
1319: 81,622,1084
1320: 90,1061,496,415,807,1818,1437,757
1808: 
1322: 2008,1621,1902,681,1482,99,661,322,1368,1705,1266,527,907,1465,315,263,1529,1715,1618,447,305,401,1229,1271,1969,154,1428,1131,286
1323: 834,526,1204
1324: 
1539: 
1326: 870,1171,1070,1583,848,1401,444,168,2019,1938,1912,915,1538,1508,1382,1074,546,129
1327: 40,1961,2004,617,1885,756,1700,1076,450,1987,1648,1699,1682,1863,1017,1739,1283,1292,1994
1328: 
1329: 1221
1330: 
1331: 1685
1332: 156,1386,350,1101,1053,2010,1476,296,856,1602,67,1169
1333: 1245,683,973
1334: 391,331
1335: 1288,1770,676,1688
1336: 94,1454,851
1337: 
1338: 
1339: 101
1340: 
2003: 694,1735,299,898,1932,610,1663,600,1111,812,884
1576: 654,342,2014,478,707,1146,660,97,1099,1058,1294
1691: 446
1344: 147
1345: 1375,1909
1346: 
1909: 1345,1375,612
1348: 
1349: 1304
1350: 888,1121
1351: 343
1352: 1569,916,1671,119,2000,1483,1935,133,197,474,1680,173,1451,814,882,202,1526,1052,1555,1772,844,1915,996,1644,2013,1096,56,1255,1230,751,669,195,970,1257,1855,644,1630,298,810,360
1353: 541,1518,940
1535: 1011,1687,73,1039,972,1886,2007,1552,808,1150,1665,1698,249,466,2006,257,1758,58,1828
1843: 857,830,461,1120,1771,592,1163,1944,1558,2002,752,174,747,519,1887,323,1763,778
1356: 1378,329
1668: 
1358: 
1359: 406,570
1648: 40,2004,617,1885,756,1700,1076,456,450,1987,1327,1699,1682,1739,1283,1292,1994
1361: 
1706: 
1645: 1281,1638,1278,477,1046,1145,2009,1395,1287,1625,1102,1647,1296,1487,1170,495,1943,697
1364: 1767,1277,1520
1365: 1925,1824
1366: 
1367: 
1368: 2008,1621,1902,681,1910,1482,99,661,322,1322,1705,1266,527,907,315,263,1529,1618,447,1229,1271,1969,154,1428,1131,286
1369: 1649,1252,1310,1003
1774: 1089,70
1371: 
1372: 489,1970,1840,849
1783: 955
1575: 103,1809
1375: 1345,612,1909
1773: 49
1377: 1462,341
1378: 1356,329
1379: 723,1838,1666,1007,2005,1485,465,828,638,65,1390,1572,1852,535,522,1999,1633,1934
1380: 494,670,547,2015,779,1173,1391,1022,1865,1198
1381: 2008,1621,1910,1482,99,661,1600,1705,1266,527,1465,263,1715,1618,226,1580
1382: 2019,1,1938,1912,915,1538,1508,64,1074,546,1326,1070,1583,848,1401,444,168,129
1383: 1167,860,550,385,654,342,2014,478,1546,207,707,1393,1146,850,660,97,1099,1058,1294
1384: 1677
1385: 
1386: 156,350,1101,1053,2010,1332,1476,296,792,856,1602,67,934,1169,1509,1717,727,458
2008: 1621,1902,681,1910,1482,99,661,322,1322,1368,1600,1705,1266,527,907,1465,315,1381,263,1529,1715,1618,226,447,1580,305,401,1229,1271,1969,154,1428,1131,286
1894: 
1785: 
1390: 723,1878,1838,1666,492,1007,2005,1485,465,828,638,1379,65,1572,1852,535,522,1999,1633,1934,532,1749
1391: 494,670,547,1380,2015,1022,1865,1198
1392: 1726,920,1284
1393: 1167,860,550,385,654,342,2014,1546,1383,850
1731: 
1395: 1281,1638,477,1046,1145,2009,1645,1287,1102,1647,1296,1487,1170,1943,697
1922: 874
1916: 366
1398: 143,1489
1399: 
1400: 1316,453
1401: 1326,1070,1583,848,444,168,2019,1938,1912,915,1538,64,1382,1074,546,129
1402: 
1781: 
1404: 
1405: 
1889: 899
1407: 1216
1730: 292,867
1409: 
1595: 827
1411: 
1412: 1946
1413: 
1903: 320,1513,1982,1068
1415: 1276
1416: 
1594: 1831
1966: 
1626: 1543,1797,737,2016,1250,1048,117,561,66,107,1261,1584,150
1420: 1473,213
1421: 1764,1516,942
1855: 916,119,2000,1483,1935,133,197,474,1352,173,1451,882,202,1526,1052,1555,844,1915,1644,2013,1096,56,1255,1230,751,669,195,970,1257,644,298,810,1821,360
1423: 1711,1151,924,1592,831,52,1106,228
1564: 310,461,1120,1771,437,1944,1558,2002,752,747,519,1763,1548,387,1469
1425: 
1426: 
1427: 
1428: 1969,154,1131,286,2008,681,1482,661,322,1322,1368,1705,315,1529,305,401,1229,1271
1429: 809
1736: 1860,1734
1431: 531,597,1674,639,135,1849,1213,2018,958,1059,542,187,1083,1753,790
1784: 
1433: 
1563: 524
1682: 40,1961,2004,617,1885,756,1700,1076,456,450,1987,1648,1327,1863,1017,1739,1994
1436: 857,830,461,1771,592,437,1944,1558,2002,752,174,519,1887,323,778,1780,1548,1729,387,309,1469
1437: 90,1320,496,415,807,757
1438: 
1439: 
1440: 
1441: 
1884: 
1942: 
1444: 475,758
1599: 
1721: 
1862: 1027,241
1448: 1996,761,1664
1548: 857,830,1436,1120,1771,592,437,1163,1944,1558,2002,752,174,747,519,1887,1564,1763,778,1780,1729,387,1469
1450: 393
1451: 1569,916,119,2000,1483,1935,474,1680,1352,814,882,202,1052,1555,1772,844,1915,1644,2013,1096,1255,1230,669,195,970,1855,644,1630,298,810,360
1452: 
1453: 796,548,1775
1454: 851,1336,94
2016: 1626,1543,1797,737,1250,91,45,1048,117,561,1166,1191,66,1222,287,107,1261,1584,150
1949: 930
1681: 540
1798: 508
1459: 
1460: 1673,1252,1310,1003
1461: 88,180,580,147
1462: 1377,341
2019: 403,1,1938,1912,915,1538,1508,64,1382,1074,546,987,1326,870,1171,1070,1583,848,1401,444,168,625,129
1464: 1244,927
1465: 2008,1621,1902,681,1910,1482,99,661,322,1322,1600,1705,1266,527,907,315,1381,263,1529,1715,1618,226,1580,305,401,1271
1466: 560,1238,921,312,172,316,629,404,1194,2001,335,701,142
2002: 857,830,310,1436,1843,461,1120,1771,592,437,1163,1944,1558,752,174,747,519,1887,1564,323,1763,778,1780,1548,1729,387,309,1469
1468: 
1469: 309,1436,1771,592,437,1944,1558,2002,752,174,519,1887,1564,1780,1548,1729,387
1685: 122,1117,1331
1471: 
1472: 
1473: 213,1420
1583: 1326,870,1171,1070,848,1401,444,168,625,2019,403,1,1938,1912,915,1538,1508,64,1382,1074,546,987,129
1527: 
1476: 156,1386,350,1101,1053,2010,1332,296,792,856,1602,67,934,1169,1509,727,1702,458
1477: 
1478: 352
1479: 215
1935: 2000,1483,197,1352,1451,202,1052,844,1915,2013,1096,1255,1230,669,195,1855,644,298,810,1821,360
1481: 1791
1482: 2008,1621,681,1910,661,1322,1368,1705,1266,527,907,1465,1381,263,1529,1618,226,305,401,1229,1271,1969,1428,286
1483: 916,2000,1935,133,197,474,1680,1352,1451,882,202,1052,1555,844,1915,1644,2013,1096,56,1255,1230,669,195,970,1257,1855,644,1630,298,810,360
1856: 
1485: 723,1878,1838,492,2005,465,828,638,1071,1379,65,1390,1095,1852,535,522,1999,1633,1934,532,1749
1578: 
1487: 1281,1638,1976,477,1046,2009,1395,1645,1287,1625,1102,1647,495,697
1488: 
1489: 1794,1398,143
1490: 
1961: 337,40,2004,617,756,1076,456,450,190,1987,1760,695,1327,1699,1142,1682,1863,1017,1739,1283,1994
1492: 1196
1493: 307,460,1504
1494: 
1495: 
1496: 455
1768: 
1698: 1011,1535,1687,73,972,1886,2007,1552,1150,1665,2006,1758,58,1828
1499: 
2014: 1888,1167,860,550,1103,385,654,342,478,1546,1383,207,707,1393,1146,850,660,97,100,1099,1576,1058,1294
1501: 671,512,690
1832: 
1503: 
1504: 460,1493,307
1505: 
1506: 
1656: 
1508: 2019,403,1,1938,1912,915,1538,64,1382,1074,546,987,1326,1171,1070,1583,444
1509: 223,615,1717,727,1702,458,156,1386,350,1101,1053,2010,1476,792,856,1602,67,934,1169
1625: 1281,1278,1976,477,1046,2009,1645,729,1995,1647,1487,495,1943,697
1511: 587,614,994
1830: 1612,1105
1513: 320,1903,706,1054,1068,1958
1514: 
1515: 464,775,1051,1679,880,1161,179
1516: 942,1764,1421
1517: 
1518: 1353,541,940
1519: 1853
1520: 1767,1277,1364
1521: 1130
1522: 