0: 1238,674,2001,921,312,1466,335,316,701,557,404
1: 915,168,1538,1171,835,2019,1115,1508,129,444,546,870,1938,1401,1583,1070,848,64,1912,1382,987,403
1946: 
3: 1310
4: 646,1562
5: 1248,1290,775
6: 
7: 
8: 354,502,151,122,1962
9: 827,241
10: 
1617: 184
12: 1622,193
13: 89,469,666
14: 
15: 114,311
2007: 1687,257,1035,1535,2006,58,1758,1665,1552,1150,466,1039,1886,1698,808,249,817,1011,331,945,972,1828,73
17: 
18: 
1496: 
20: 
21: 
1826: 1334,853
1487: 1296,477,1638,1647,495,1625,2009,1281,729,1976,521
1611: 
25: 
26: 845
1995: 1395,1647,495,1943,1625,1145,1278,697,2009,1046,1281,729,1287,1976,1170,521
1493: 307,165,529
29: 1089
1577: 1653,633
1853: 590,1790
1994: 337,2004,1739,1076,1648,190,1327,1700
33: 
34: 620,1217
1689: 680,683,1245,1964,1478
36: 
37: 
38: 
39: 1194,900,1238,560,2001,921,312,1466,1952,335,629,701,172,142,404
40: 456,1863,1017,2004,1987,695,1292,1682,1760,756,450,1142,1699
41: 1437,964,1725
42: 
43: 
44: 
45: 66,1626,561,2016,1543,1584,1222,1261,107
1989: 436,1899
47: 1464,90,1369,978,256
1465: 1368,1600,263,322,1951,1428,1229,1529,907,1580,1381,154,2008,447,1482,1618,1902,661,451,1322
49: 1277
50: 1948,543
2017: 1023,291,1795,1882,1718,261,109,544,609,1632,511,2011,1119,1620,1303
52: 1232
53: 
54: 
55: 1005
56: 814,970,202,197,2000,298,916,1855,882,195,1096,644,119,669,1935,474,1569,751,1915,2013,1257,1644,1555,133,1451,485,1772,1630,996
57: 
58: 1687,257,1035,1535,2006,1758,1665,1552,1150,466,1039,2007,1886,1698,808,249,817,1011,331,945,972,73
59: 1706,1311,1036,517,1009
1703: 1329,1297
61: 
62: 572,1723
1688: 1034
64: 1326,1070,848,1912,1382,987,403,625,1171,835,2019,1115,1508,129,444,546,870,1938,1401,1583,915,168,1538,1
65: 1934,522,1572,1379,1852,2005,723,1007,492,535,1666,1999,465,1390,1071,638,1485,532,1095,1838,1749,1633,1878
66: 45,1626,561,2016,1797,1543,1584,287,1222,1250,107
1832: 1405
68: 
1898: 1840,1539,584
70: 1783,274
1896: 1513,422,459
1618: 1368,263,1969,1229,1465,1529,1193,1580,1381,154,2008,447,1482,661,451,681,1910,315,1322,1621
73: 972,1828,1687,257,2006,58,1665,1150,466,1039,2007,1886,1011,331
1728: 320
1848: 
2010: 1702,1509,1717,350,458,792,1169,1332,1053,156,856,1945,1101,383,1602,934,1386,727,296,1476,615,223
1634: 1522
1680: 844,173,1671,1630,996,197,2000,195,119,1935,474,1569,2013,1451,1772,1483
1737: 
1508: 625,1171,835,2019,1115,129,444,546,1938,1326,848,64,1912,987,1538,1
81: 1349,1159
1981: 1696,471
83: 
84: 
1866: 1288,1335,891,1608
86: 
87: 
88: 
89: 469,13,666
90: 1464,1369,47,978,256
91: 117,2016,1797,1543,1584,1191,1048,150,1166,1250,737,1050
92: 1087,1067
93: 
94: 
1743: 1293,1954
96: 1251
97: 385,1103,2014,1888,207,1099,550,1383,342,707,1294,100,1058,1546,687,1044
1683: 939,712
99: 1271,1131,226,1266,1910,1715,305,315,286,1322,1621,1951,1969,1229,907,1705,1381,2008,447,1482,1902,661,527,451,681
100: 385,1103,2014,1888,207,1099,342,707,1058,1546,687,97
101: 
102: 137
103: 
104: 
1841: 
106: 867,1462
107: 1626,561,2016,1797,1543,1584,1222,150,1250,737,45,66
1623: 
109: 1023,1795,1718,261,2017,544,609,1632,511,2011,1620,1303
110: 
1589: 
112: 937,181
1614: 1774
114: 15,311
1585: 288
116: 
117: 91,561,2016,1543,1584,1222,1191,1261,1048,150,1166,737,1050
118: 1340
119: 202,197,2000,298,916,1352,1855,56,882,195,1096,1526,1230,1255,1935,474,1569,2013,1257,1644,1555,133,1451,1772,1483,844,173,1671,1680,360,1630,996,810
1656: 
1821: 
122: 807,1651,1962,354,8,502,151
123: 
1886: 257,1035,2006,58,1552,1150,466,2007,1011,331,945,972,1828,73
125: 
1693: 
1543: 117,1626,91,561,2016,1797,1584,1222,1191,1261,1048,150,1166,1250,737,107,1050,45,66
128: 1993
129: 625,1171,835,2019,1115,1508,444,546,870,1938,1401,1583,1326,1070,64,1912,1382,987,403,915,168,1538,1
1867: 
131: 849,1881
132: 1499,222,1331
133: 814,970,202,197,2000,298,916,1352,1855,56,882,195,1096,1052,1526,644,1230,119,1255,669,474,1569,751,1915,2013,1257,1644,1555,485,1483,996
134: 1992,908,395,861,569
135: 1213,1059,790,1083,597,1753,825,2018,531,1149,542,1431,639,922
136: 
137: 102
138: 
139: 1551,1802,244
1856: 
141: 155
142: 1238,560,2001,1952,629,172,39,1194,900
143: 
144: 
1481: 
146: 757,1420,653
147: 572,1817,1723
148: 771
149: 
150: 117,1626,91,561,2016,1797,1543,1584,1222,1191,1261,1048,1166,1250,737,107,1050
151: 354,1725,8,502,122,1651,1962
152: 1399,1079,1823,657,1051
153: 
154: 1368,1600,263,322,1951,1428,1969,1229,1465,1529,907,1705,1580,1381,2008,447,1482,1618,1902,661,451,1715,315,286,1322,1621
155: 141
156: 1702,1509,1717,350,458,2010,792,1169,1332,1053,856,1945,1101,383,1602,1386,727,296,1476,615,223
157: 1317,551
158: 
159: 1253
160: 1984,1978,1309,169
1704: 1227,201,1880
1895: 1030,1662,1732
163: 
1529: 1368,1600,263,1951,1428,1969,1229,1465,907,1193,1580,1381,154,2008,447,1482,1618,661,451
165: 1493,307,529
1824: 874
1813: 1316,1461,1302
168: 915,1538,1,2019,1115,129,1401,1583,1070,848,64,1382,987,403
169: 1984,160,1978
170: 720,656
1764: 439,1721,1156,942
172: 1238,560,674,2001,312,1952,629,316,701,142,39
173: 844,1671,1680,360,1630,996,810,197,2000,298,916,195,119,474,1569,2013,1451,1772,1483
174: 778,1111,2003,694,2002,610,309,634,898,1932,1843,310,1564,830,747,1558,1887,1469,1780,437,1436,752,857
175: 
176: 337,2004,1739,617,695,1961,1682,1760,1648,1283,450,1885,1700,1142
1787: 824
178: 1452
179: 
180: 1151,582
181: 937,112
1901: 
183: 
184: 1617
1612: 
1702: 1509,350,2010,792,1332,1053,156,856,1101,383,1386,727,296,615
187: 1213,1059,1753,825,2018,1149,1431,958,922
1932: 778,1111,2003,694,2002,610,309,634,310,592,747,1558,461,1944,1780,1548,174,1436,387
189: 
190: 337,1863,2004,1987,1739,1292,1961,1076,1994,1648,1327,1700,1142
1865: 670,339,1175,1173,1198,255,1754,2015,779,777,547,1391,1209,297,1380,338
2000: 814,970,202,197,298,916,1352,1855,56,882,195,1096,1052,1526,644,1230,119,1255,669,1935,474,1569,751,1915,2013,1257,1644,1555,133,1451,485,1772,1483,844,173,1671,1680,360,1630,996,810
193: 12,1622
194: 
195: 814,970,202,197,2000,298,916,1352,1855,56,882,1096,1526,644,1230,119,1255,669,1935,474,1569,751,1915,2013,1257,1644,1555,133,1451,485,1772,1483,844,173,1671,1680,360,1630,996,810
1601: 412,1037,1423
197: 814,970,202,2000,298,916,1352,1855,56,882,195,1096,1230,119,1255,669,1935,474,1569,1915,2013,1257,1644,1555,133,1451,485,1772,1483,844,173,1671,1680,360,1630,996,810
1619: 1933
1791: 
1621: 1271,1131,226,1266,1910,1715,305,315,99,286,1322,1368,1969,1229,1705,1381,154,2008,447,1482,1618,661,527,451,681,401
201: 1227,1704,1880
202: 814,197,2000,298,916,1855,56,195,1052,1526,1230,119,1255,669,1569,1915,2013,1257,1644,1555,133,1451,485,1483,844,360,996
203: 
204: 
205: 284,317,2012,960,1225,1854,1239,1834
1657: 399,515,1590
207: 385,1103,2014,1576,1888,1099,550,342,707,100,654,1058,1546,687,97
2001: 1238,560,674,921,312,1466,1952,335,0,629,316,701,172,557,142,404,39,1194,900
209: 636,612,1375,1106,1575,1711,1130
1580: 1368,1600,263,322,1951,1428,1969,1229,1465,1529,907,1193,1381,154,2008,447,1482,1618,661,527,451
211: 1041,1631,1868
212: 
213: 
2002: 1663,778,1163,1111,2003,1763,694,610,309,634,898,1932,1843,310,1564,600,592,323,299,830,747,1558,1887,1735,1120,461,1944,1469,1780,1548,1771,437,519,174,1436,387,884,752,857
215: 1027
1592: 
1944: 1663,1163,1111,2003,694,2002,1932,310,1564,600,592,323,299,830,747,461,1780,1548,1771,519,387,884
1772: 970,197,2000,298,916,1352,1855,56,882,195,1096,119,1935,474,1569,2013,1257,1644,1555,1451,485,844,173,1671,1680,1630,996,810
219: 
220: 
221: 
222: 1499,132
223: 1509,1717,350,458,2010,1169,1053,156,856,1945,1101,1602,1476
1827: 
1771: 1663,1163,2003,694,2002,634,310,1564,600,323,299,747,1120,461,1944,1780,1548,519,1436,387,884
226: 1131,1266,1715,305,315,99,286,1322,1621,1705,2008,1482,1902
1984: 160,1978,1309,169
228: 
229: 
1980: 1948
231: 277,1280
232: 
1724: 
234: 520
235: 
236: 
1877: 961,806
1504: 1328,911
239: 1187,491
240: 
241: 9,698
1639: 
243: 
244: 369,1551,1802,139
1756: 501,951
246: 
247: 
1921: 974
249: 1687,257,1535,2006,58,1665,1150,466,1039,2007,1698,817,1011,945
1934: 522,1572,1379,828,1852,2005,723,1007,492,65,535,1666,1999,465,1390,638,1485,1095,1838,1749,1878
251: 
252: 
1938: 625,1171,835,2019,1115,1508,129,444,546,870,1583,1326,1070,848,64,1912,1382,987,403,915,1
254: 986,750,416
255: 1865,670,339,1175,494,1173,1198,1754,2015,779,777,547,297,1380,338
256: 1464,90,1369,47,978
257: 1687,1035,1535,2006,58,1758,1665,1552,1150,466,1039,2007,1886,1698,808,249,817,1011,331,945,73
1923: 809
259: 619
260: 388
261: 1023,291,1795,1882,1718,2017,109,544,609,1632,511,2011,1119,1620,1303
262: 317,866,2012,960,1225,755,1854,1834,1845
263: 1368,322,1428,1229,1465,1529,1580,1381,154,2008,447,1482,1618,1902,661,315,1322
264: 
265: 1256
266: 
1891: 
268: 
269: 
1880: 1227,201,1704
271: 
272: 
273: 1047
274: 70,1783
275: 
276: 
277: 231
278: 1727,1531
279: 
1918: 
1501: 1439,855
1606: 1204,596,1983
283: 
284: 317,2012,960,1225,755,1854,1239,1834,205
1632: 1023,291,1795,1882,261,2017,109,544,609,511,2011,1620,1303
286: 1271,1131,226,1266,1910,1715,305,315,99,1322,1621,1705,1381,154,2008,447,1482,1902,661
287: 1626,561,2016,1797,1584,1222,1261,1166,1250,737,1050,66
288: 1585,1253
1935: 814,970,197,2000,298,1855,56,882,195,1096,644,119,669,474,1569,2013,1257,1644,1555,1451,485,1772,844,1680,1630,996
1629: 1604
291: 1023,1795,1882,1718,261,2017,544,609,1632,2011,1119,1620,1303
292: 1957,329,883,399,515,1590
293: 
1910: 1271,1131,1266,1715,315,99,286,1322,1621,1969,1229,2008,447,1482,1618,661,527,451,681,401
1652: 
296: 1702,1509,1717,350,458,2010,792,1332,1053,156,856,1945,1101,383,1386,727,615
297: 1865,670,339,1175,494,1173,1198,255,1754,2015,779,777,547,1391,1380,338,1022
298: 814,202,197,2000,916,1352,1855,56,882,195,1096,1052,1526,644,1230,119,1255,669,1935,474,1569,751,1915,2013,1257,1644,1555,133,1451,485,1772,1483,844,173,1671,360,1630,996,810
299: 1663,1163,2003,1763,2002,310,1564,600,323,830,747,1120,1944,1469,1780,1548,1771,519,387,884
300: 352
301: 
302: 1595,1221
303: 1550,1006
304: 1672
305: 1271,1131,226,1266,1715,315,99,286,1621,1705,2008,661,401
1635: 
307: 1493,165,529
1527: 
309: 778,1111,2003,694,2002,610,634,1932,310,1564,592,747,1558,1780,174,1436,387,857
310: 1663,1163,1111,2003,694,2002,309,634,898,1932,1564,600,592,323,299,830,747,1558,461,1944,1469,1780,1548,1771,519,174,1436,387,884,857
311: 15,114
312: 1238,560,674,2001,921,1466,1952,335,0,629,316,701,172,404,39
1990: 540,936
314: 
315: 1271,1131,226,1266,1910,1715,305,99,286,1322,1621,263,1705,1381,154,2008,447,1482,1618,1902,661
316: 1238,674,2001,921,312,1466,335,0,701,172,404
317: 284,866,262,2012,960,1225,755,1854,1239,1834,1845,205
318: 
319: 
320: 1728
1482: 1368,1600,263,322,1951,1428,1969,1229,1465,1529,907,1705,1580,1381,154,2008,447,1618,1902,661,527,451,681,1131,226,1266,1910,1715,315,99,286,1322,1621
322: 1368,1600,263,1951,1428,1465,1580,1381,154,2008,447,1482,1902,661,1322
323: 1663,1163,2003,2002,310,1564,600,299,747,1120,1944,1771,519,387,884
1732: 1030,1895
325: 
326: 
1625: 1395,1647,1645,495,1943,1145,1278,697,2009,1046,1281,1995,729,1287,1976,1170,521,1296,477,1487,1638
328: 1067,1574,787
329: 1957,883,292
1751: 765
331: 257,1035,2006,58,1665,1552,1150,466,2007,1886,1011,972,73
1825: 
333: 1197,1204,596,1983
1733: 1479,426
335: 1238,560,2001,921,312,1466,1952,0,316,701,557,404,39,1194,900
336: 
337: 1863,1017,2004,1739,617,695,1961,1682,1076,1994,1760,1648,190,1283,450,1885,176,1327,1700,1142
338: 1865,670,339,494,1198,255,1754,2015,779,1391,297,1380,1022
339: 1865,670,494,1173,1198,255,1754,2015,779,547,297,1380,338
340: 641,1942,341,664
341: 340
342: 385,1103,2014,1888,207,1099,1383,707,100,1058,1546,97
343: 1208,1351
344: 
345: 
346: 
347: 
1609: 
1726: 
350: 1702,1509,1717,458,2010,792,1169,1332,1053,156,856,1945,1101,383,1602,934,1386,727,296,1476,615,223
351: 
352: 300
353: 
354: 1725,8,502,151,122,1651,1962
355: 
1735: 1663,778,1163,1111,2003,1763,2002,1843,1564,830,747,1558,1887,1120,1469,1780,1548,437,519,1436,387,884,752,857
1584: 117,1626,91,561,2016,1797,1543,287,1222,1191,1261,1048,150,1166,1250,737,107,1050,45,66
1468: 
359: 
360: 844,173,1671,1630,996,810,202,197,2000,298,916,1352,195,1230,119,1255,474,1569,2013,1555,1483
361: 
1974: 
363: 
1854: 284,317,866,262,2012,960,1225,755,1834,1845,205
1667: 
366: 
1860: 512,647
368: 885
369: 244
1755: 
1631: 1041,1868,211
1796: 
373: 
1531: 1727,278
375: 
1524: 
377: 382,419
378: 
379: 
1828: 972,73,1687,2006,1150,1039,2007,1886,1011
1964: 1689,680,683,1245,1478
382: 377,419
383: 1702,1509,350,2010,792,1169,1332,1053,156,856,1945,1101,934,1386,727,296,615
1602: 1509,1717,350,458,2010,1169,156,856,1945,1101,934,1386,1476,223
385: 1393,1103,2014,1576,1146,1167,1888,207,1099,550,860,1383,342,1294,100,654,1058,1546,687,97,478
386: 1008
387: 1663,778,1163,1111,2003,1763,694,2002,309,634,1932,310,1564,600,592,323,299,830,747,1558,1735,461,1944,1780,1548,1771,519,1436,884
388: 260
389: 
390: 
391: 
1836: 
393: 
394: 760
395: 1992,908,134,861,569
396: 
397: 854,1919
1845: 317,866,262,2012,960,1225,755,1854,1834
399: 1657,515,1590,1957,292
400: 
401: 2008,681,1271,1131,1266,1910,305,1621
1519: 1664,1996,589,1330
403: 1326,1070,848,1074,64,1912,1382,987,2019,129,546,1938,1401,915,168,1538,1
404: 1238,560,2001,921,312,1466,335,0,316,701,557,39,1194,900
1579: 791
406: 
1677: 
1700: 337,1863,2004,1987,1739,617,695,1961,1682,1076,1994,1760,1648,756,190,450,1885,176,1327,1142,1699
1712: 642,1168
410: 
1969: 1368,1600,1951,1229,1529,907,1193,1705,1580,1381,154,2008,447,1482,1618,1902,661,527,451,681,1271,1266,1910,1715,99,1621
412: 1037,1601,1423
1654: 1804
414: 
415: 
416: 986,254,1141,750
417: 
1526: 814,202,2000,298,916,1352,1855,882,195,1096,1052,644,1230,119,1255,669,474,1569,751,2013,1644,1555,133
419: 377,382
420: 
1840: 1898
422: 1513,1896,459
1992: 908,134,395,861
424: 
1649: 894,496
426: 1479,1733
427: 
1581: 489
1988: 
430: 
1705: 1368,1600,1951,1969,1229,907,1381,154,2008,447,1482,1902,661,527,681,1271,226,1266,1715,305,315,99,286,1322,1621
432: 
1642: 1359
1551: 1802,139,244
1547: 
436: 1899,1989
437: 1111,2003,1763,2002,610,898,1843,1564,830,747,1558,1887,1735,1469,174,1436,752,857
438: 
439: 1764,1721,1156,942
440: 
441: 1313
1644: 814,970,202,197,2000,298,916,1352,1855,56,882,195,1096,1052,1526,644,1230,119,1255,669,1935,474,1569,751,1915,2013,1257,1555,133,1451,485,1772,1630,996
1839: 
444: 625,1171,835,2019,1115,1508,129,546,870,1938,1401,1583,64,1912,1382,987,1538,1
1878: 1838,1749,1633,1071,1485,532,1095,1934,522,1572,1379,828,1852,2005,723,1007,492,65,535,1666
446: 
447: 1368,1600,263,322,1951,1428,1969,1229,1465,1529,907,1193,1705,1580,1381,154,2008,1482,1618,1902,661,527,451,681,1266,1910,1715,315,99,286,1322,1621
1697: 
449: 
450: 337,1863,1017,2004,1739,617,695,1292,1961,1682,1076,1760,1648,1283,1885,176,1700,1142,1699,40,456
451: 1368,1969,1229,1465,1529,907,1193,1580,1381,154,2008,447,1482,1618,661,527,681,1271,1910,99,1621
1834: 284,317,262,2012,960,1225,755,1854,1239,1845,205
453: 
454: 1040
455: 
456: 40,1863,1017,2004,695,1682,1760,756,450,1699
457: 
458: 1509,1717,350,2010,1169,1053,156,856,1945,1101,1602,1386,727,296,1476,223
459: 1513,422,1896
460: 
461: 1663,778,1163,1111,2003,694,2002,1932,310,592,747,1558,1944,1780,1548,1771,387,884
462: 1026
1665: 1687,257,1035,1535,2006,58,1758,1552,466,1039,2007,1698,808,249,817,1011,331,945,73
464: 
465: 1999,1390,638,1485,1934,2005,723,1007,65
466: 1687,257,1035,1535,2006,58,1758,1665,1552,1150,1039,2007,1886,1698,808,249,817,1011,331,945,73
467: 
1748: 
469: 89,13,666
1676: 
471: 1696,1981
472: 
1630: 844,173,1671,1680,360,996,810,197,2000,298,916,1352,1855,56,882,195,1096,119,1935,474,1569,2013,1644,1555,1451,1772,1483
474: 814,197,2000,298,916,1352,1855,56,882,195,1096,1526,644,119,669,1935,1569,751,2013,1644,1555,133,1451,1772,173,1671,1680,360,1630,996,810
475: 785
1837: 
477: 1296,1487,1638,1647,1645,495,1943,1625,2009,1281,729,1287,1170,521
478: 385,1393,2014,1576,1146,1167,1888,1099,550,860,1383,1294,654,1546,687,660
479: 
1763: 1663,1163,1111,2003,2002,898,1843,1564,600,299,830,747,1887,1735,1120,1469,1780,1548,437,519,1436,387,884,752,857
481: 1025,965,1289
1801: 1684
1885: 337,1863,2004,1739,617,695,1961,1682,1760,1648,1283,450,176,1700
1616: 
485: 814,970,202,197,2000,298,1855,56,882,195,1052,644,1230,1255,669,1935,1569,1915,2013,1257,1644,1555,133,1451,1772,844,996
486: 
1664: 1519,1996,589,1330
488: 659
489: 1581
1857: 846
491: 239,1187,1553
492: 1934,522,1379,828,1852,2005,723,1007,65,535,1666,1999,1633,1878
493: 
494: 670,339,1175,1173,1198,255,1754,2015,779,777,1391,297,1380,338,1022
495: 1395,1647,1645,1943,1625,1145,697,2009,1046,1281,1995,729,1976,1170,521,477,1487,1638
496: 894,1649
1761: 
498: 1610,611,1199
499: 
1770: 
501: 1756,951
502: 354,1725,8,151,122,1651,1962
1948: 50,1980
1574: 328,787
1999: 465,1390,1071,638,1485,1095,1934,1572,1379,2005,723,1007,492,65,535,1633
506: 
507: 1241
508: 
509: 713,1960,1344
510: 
511: 1023,1882,1718,261,2017,109,544,1632,2011,1119,1620
512: 1860
513: 
514: 
515: 1657,399,1590,292
1699: 1863,1017,2004,1987,695,1292,1961,1682,1648,756,450,1700,1142,40,456
517: 1706,59,1311,1036,1009
1505: 
519: 1663,1163,1111,2003,1763,694,2002,634,898,310,1564,600,323,299,830,747,1558,1735,1120,1944,1469,1780,1548,1771,1436,387,884,752,857
520: 234
521: 1395,1647,1645,495,1625,1278,2009,1281,1995,729,1287,1170,1296,477,1487,1638
522: 1934,1572,1379,828,1852,2005,723,1007,492,65,535,1666,638,1485,1095,1838,1749,1633,1878
523: 992
524: 
1831: 
526: 1970
527: 1368,1951,1969,1229,907,1193,1705,1580,1381,2008,447,1482,661,451,681,1271,1266,1910,1715,99,1621
1913: 
529: 1493,307,165
1809: 
531: 1213,1059,790,597,1753,825,2018,135,1149,542,1431,639,958,922
532: 1095,1390,1071,1485,1572,2005,65,535,1838,1749,1633,1878
533: 665,1511,1345,652
534: 914
535: 1934,522,1572,1379,828,1852,2005,723,1007,492,65,1666,1999,1390,1071,638,1485,532,1095,1838,1749,1633,1878
536: 1472
537: 
538: 
539: 
540: 1990
541: 1353,1830
542: 1213,1059,790,597,1753,825,2018,531,135,1149,1431,639,958
543: 50
544: 1023,291,1795,1882,1718,261,2017,109,609,1632,511,2011,1119,1620,1303
545: 1567
546: 625,1171,835,2019,1115,1508,129,444,870,1938,1326,1070,848,64,1912,1382,987,403,1
547: 1865,670,339,1173,255,1754,2015,779,1209,297,1380
548: 714,1284,1060
549: 759
550: 385,1393,1103,2014,1576,1146,1167,1888,207,1099,860,1383,1294,654,1546,687,97,478,660
551: 1317,157
552: 1662,1659
1812: 
554: 
555: 966
556: 
557: 1238,2001,921,1466,335,0,701,404,1194,900
1906: 
1991: 
560: 1238,2001,921,312,1466,1952,335,629,701,172,142,404,39,1194,900
561: 117,1626,2016,1797,1543,1584,287,1222,1191,1261,1048,150,1166,1250,737,107,1050,45,66
2006: 1687,257,1035,1535,58,1758,1665,1552,1150,466,1039,2007,1886,1698,808,249,817,1011,331,945,972,1828,73
563: 
1600: 1368,322,1951,1428,1969,1229,1465,1529,907,1193,1705,1580,1381,154,2008,447,1482,1902,661
565: 
1673: 927,1460
567: 
1557: 815,676
569: 908,134,395,861
570: 1521,1192,735
571: 
572: 147,62,1723
573: 1155,763,888
574: 
575: 
1586: 1174
1904: 
578: 
579: 
580: 
581: 1544,1233
582: 1151,180
1744: 
584: 1898,1539
585: 733,658
1760: 337,1863,1017,2004,617,695,1961,1682,1648,1283,450,1885,176,1700,40,456
587: 
1968: 
589: 1664,1519,1996,1330
590: 1853,1790
591: 
592: 1663,778,1111,2003,694,2002,610,309,1932,310,830,747,1558,461,1944,1780,1548,1436,387,884
593: 
1962: 807,122,1651,354,8,502,151
1766: 
596: 1204,1606,1983,333
597: 1213,1059,790,1083,1753,825,2018,531,135,1149,542,1431,639,922
598: 
1515: 1679
600: 1663,1163,2003,1763,694,2002,634,898,310,1564,323,299,830,747,1120,1944,1469,1780,1771,519,1436,387,884,752,857
1653: 1577,633
602: 
603: 1098
604: 
605: 
606: 1195,781
1670: 
1747: 
609: 1023,291,1795,1882,1718,261,2017,109,544,1632,2011,1119,1620,1303
610: 778,1111,2003,694,2002,309,634,1932,1843,1564,592,830,747,1558,1887,1780,1548,437,174,1436,857
611: 1199,498,1610
612: 636,1375,1106,209,1575,1711,1130
1800: 
614: 1192
615: 1702,1509,350,2010,792,1053,156,856,1101,383,934,1386,296,1476
1479: 426,1733
617: 337,1863,2004,1739,695,1961,1682,1076,1760,1648,1283,450,1885,176,1327,1700
618: 
619: 259
620: 34,1217
621: 
622: 
623: 
1464: 90,1369,47,978,256
625: 1171,835,2019,1115,1508,129,444,546,870,1938,1583,64
626: 
1722: 
628: 
629: 1238,560,2001,312,1952,172,142,39
630: 
1471: 
1708: 
633: 1577,1653
634: 1111,2003,694,2002,610,309,898,1932,310,1564,600,830,747,1558,1887,1469,1780,1771,519,174,1436,387,884,752,857
635: 
636: 612,1375,1106,209,1711
1578: 
638: 1999,465,1390,1071,1485,1095,1934,522,1572,1379,1852,2005,723,1007,65,535
639: 1213,1059,790,1083,597,825,2018,531,135,1149,542,1431,922
640: 
641: 340,1942,664
642: 1712,1168
1522: 1634
644: 814,970,2000,298,916,1352,1855,56,882,195,1096,1052,1526,669,1935,474,751,1915,2013,1644,1555,133,485
1806: 
646: 4,1562
647: 1860
1603: 
649: 
1745: 
651: 1305
652: 1345,665,1511,533
653: 1420,146,757
654: 385,1393,1103,2014,1576,1146,1167,1888,207,550,860,1058,1546,478
655: 
656: 720,170
657: 1201,1051,152,1823
658: 733,585
659: 488
660: 2014,1146,1167,550,860,1383,1294,478
661: 1368,1600,263,322,1951,1428,1969,1229,1465,1529,907,1193,1705,1580,1381,154,2008,447,1482,1618,1902,527,451,681,1271,1266,1910,1715,305,315,99,286,1322,1621
662: 
663: 
664: 340,641
665: 1511,533,1345,652
666: 89,469,13
667: 
668: 
669: 814,970,202,197,2000,298,916,1352,1855,56,882,195,1096,1052,1526,644,1255,1935,474,1569,751,1915,2013,1257,1644,1555,133,485
670: 1865,339,1175,494,1173,1198,255,1754,2015,779,777,547,1391,1209,297,1380,338
671: 
1472: 536
1687: 257,1535,2006,58,1665,1150,466,1039,2007,1698,249,817,1011,945,1828,73
674: 1238,2001,312,1466,0,316,701,1563,172
1672: 304
676: 815,1335,1557
1882: 1023,291,1718,261,2017,544,609,1632,511,2011,1119,1620
1663: 1163,1111,2003,1763,694,2002,310,1564,600,592,323,299,830,747,1735,1120,461,1944,1780,1548,1771,519,1436,387,884
1477: 
680: 1689,1245,1964,1478
681: 1368,1969,1229,907,1193,1705,2008,447,1482,1618,661,527,451,1271,1266,1910,1715,99,1621,401
1810: 
683: 1689,1964,1478
1983: 1204,596,1606,333,1197
1711: 1575,1130,636,612,1375,1106,209
686: 
687: 385,2014,1888,207,1099,550,860,1383,1294,100,1546,97,478,1044
1643: 1216
689: 1324
690: 1734
1965: 1378,767
692: 
1993: 128
694: 1663,778,1163,1111,2003,2002,610,309,634,1932,310,1564,600,592,830,747,1558,461,1944,1780,1548,1771,519,174,1436,387,884,857
695: 337,1863,1017,2004,1987,617,1292,1961,1682,1076,1760,1648,756,450,1885,176,1700,1142,1699,40,456
696: 
697: 1395,1647,495,1943,1625,1145,2009,1046,1281,1995,729,1976
698: 241
699: 1691
700: 
701: 1238,560,674,2001,921,312,1466,1952,335,0,316,172,557,404,39
702: 
703: 
1883: 
1971: 1710
706: 
707: 1103,2014,1888,207,342,100,1058,1546,97
1982: 
709: 
1490: 1091
1590: 1657,399,515,1957,292
712: 1683,939
713: 509,1960,1344
714: 1284,1060,548
715: 1077
1489: 
1566: 
1662: 1895,552,1659
719: 742,761
720: 656,170
721: 1997,1862
1567: 545
723: 1934,522,1572,1379,828,1852,2005,1007,492,65,535,1666,1999,465,638,1485,1878
1758: 257,1035,1535,2006,58,1665,1552,466,2007,1698,808,817,1011,945
1775: 
1550: 303,1006
727: 1702,1509,1717,350,458,2010,792,1169,1332,1053,156,856,1945,1101,383,1386,296
728: 
729: 1395,1647,1645,495,1943,1625,1145,697,2009,1046,1281,1995,1287,1976,1170,521,477,1487,1638
730: 
731: 
732: 
733: 585,658
1977: 
735: 1521,570,1192
736: 1679
737: 117,1626,91,561,2016,1797,1543,1584,287,1222,1191,1261,1048,150,1166,1250,107,1050
1997: 721,1862
739: 
1552: 257,1035,1535,2006,58,1758,1665,1150,466,2007,1886,808,1011,331,945
1912: 1326,1070,848,64,1382,987,403,1171,835,2019,1115,1508,129,444,546,1938,1538,1
742: 761,719
1710: 1971
744: 
745: 1056
1911: 
747: 1663,778,1163,1111,2003,1763,694,2002,610,309,634,898,1932,1843,310,1564,600,592,323,299,830,1558,1887,1735,1120,461,1944,1469,1780,1548,1771,437,519,174,1436,387,884,752,857
1637: 
1817: 147,1723
750: 1141,986,254,416
751: 814,2000,298,916,1352,1855,56,882,195,1096,1052,1526,644,1255,669,474,1915,2013,1644,1555,133
752: 1163,1111,2003,1763,2002,634,898,1843,1564,600,830,747,1887,1735,1469,1780,437,519,174,1436,857
753: 
1928: 995
755: 284,317,262,2012,960,1225,1854,1239,1834,1845
756: 1863,1017,2004,1987,695,1292,1682,1648,1700,1142,1699,40,456
757: 146,1420,653
758: 
759: 549
760: 394
761: 742,719
1838: 1749,1633,1878,1390,1071,1485,532,1095,1934,522,1572,1379,1852,2005,1007,65,535,1666
763: 1155,888,573
1753: 1213,1059,1083,187,597,825,2018,531,135,1149,542,1431,958,922
765: 1751
766: 
767: 1965,1378
768: 
2004: 337,1863,1017,1987,1739,617,695,1292,1961,1682,1076,1994,1760,1648,756,190,1283,450,1885,176,1327,1700,1142,1699,40,456
770: 1182
771: 148
772: 
1954: 1293,1743
1622: 12,193
775: 1248,1290,5
776: 
777: 1865,670,1175,494,1173,1198,255,2015,779,1391,297,1380,1022
778: 1111,2003,694,2002,610,309,1932,1843,592,830,747,1558,1887,1735,461,1780,1548,174,1436,387,857
779: 1865,670,339,1175,494,1173,1198,255,1754,2015,777,547,1391,297,1380,338
780: 
781: 606
782: 
783: 
1863: 337,1017,2004,1987,1739,617,695,1292,1961,1682,1076,1760,1648,756,190,450,1885,1327,1700,1142,1699,40,456
785: 475
786: 
787: 1574,1067,328
788: 
1588: 
790: 1213,1059,1083,597,825,2018,531,135,1149,542,1431,639
791: 1579
792: 1702,1509,350,2010,1169,1332,1053,156,856,1101,383,934,1386,727,296,1476,615
793: 
794: 
795: 
796: 
1696: 471,1981
798: 
799: 
1553: 491
801: 
2012: 284,317,866,262,960,1225,755,1854,1239,1834,1845,205
1900: 
1779: 
805: 
806: 1877,1300,961
807: 122,1962
808: 257,1035,1535,2006,58,1758,1665,1552,466,2007,1698,817,1011
809: 1923
810: 173,1671,360,1630,996,197,2000,298,916,1352,195,1096,1230,119,1255,474,1569,2013,1555,1772,1483
1768: 
1494: 
1893: 
814: 970,202,197,2000,298,916,1855,56,882,195,1096,1052,1526,644,1230,1255,669,1935,474,1569,751,1915,2013,1257,1644,1555,133,485
815: 676,1557
816: 
817: 1687,257,1535,2006,58,1758,1665,466,1039,2007,1698,808,249,1011,945
818: 
1499: 132,222
1823: 1399,1079,152,657,1051
2011: 1023,291,1795,1882,1718,261,2017,109,544,609,1632,511,1119,1620,1303
822: 1596,1953
1518: 
824: 1787
825: 1213,1059,790,187,597,1753,2018,531,135,1149,542,1431,639,958,922
1640: 
827: 9
828: 1934,522,1572,1379,1852,2005,723,1007,492,535,1666,1633,1878
829: 
830: 1663,778,1163,1111,2003,1763,694,2002,610,634,898,1843,310,1564,600,592,299,747,1558,1887,1735,1120,1944,1469,1780,1548,437,519,174,1436,387,884,752,857
831: 
832: 
1754: 1865,670,339,494,1198,255,2015,779,547,297,1380,338
834: 
835: 625,1171,2019,1115,1508,129,444,546,870,1938,1583,1326,64,1912,1382,987,1
836: 
837: 
838: 
839: 1319,1561
1466: 1238,560,674,2001,921,312,335,0,316,701,557,404,39
841: 
1741: 
1887: 778,1111,2003,1763,2002,610,634,898,1843,1564,830,747,1558,1735,1469,1780,1548,437,174,1436,752,857
844: 173,1671,1680,360,1630,996,202,197,2000,298,1855,195,1230,119,1935,1569,2013,1257,1451,485,1772,1483
845: 26
846: 1857
847: 
848: 1326,1070,1074,64,1912,1382,987,403,2019,1508,546,1938,915,168,1538,1
849: 131,1881
850: 
851: 
852: 
853: 1334,1826
854: 1919,397
855: 1439,1501
856: 1702,1509,1717,350,458,2010,792,1053,156,1945,1101,383,1602,934,1386,727,296,1476,615,223
857: 778,1111,2003,1763,694,2002,610,309,634,898,1843,310,1564,600,830,747,1558,1887,1735,1469,1780,437,519,174,1436,752
858: 
859: 1249
860: 385,1393,2014,1576,1146,1167,1888,1099,550,1383,1294,654,1546,687,478,660
861: 1992,908,134,395,569
862: 1448
1718: 1023,291,1795,1882,261,2017,109,544,609,511,2011,1119,1620
1596: 822,1953
1978: 1984,160,1309,169
866: 317,262,2012,960,1225,1854,1845
867: 106,1462
1485: 1999,465,1390,1071,638,532,1095,1934,522,1572,1379,2005,723,1007,65,535,1838,1749,1878
869: 1375
870: 625,1171,835,2019,1115,129,444,546,1938,1401,1583,64,1382,987,915,1
871: 
872: 1440
2009: 1395,1647,1645,495,1943,1625,1145,1278,697,1046,1281,1995,729,1287,1976,1170,521,1296,477,1487,1638
874: 1824
1572: 1934,522,1379,828,1852,2005,723,1007,65,535,1666,1999,1390,1071,638,1485,532,1095,1838,1749,1633,1878
876: 
1723: 147,572,62,1817
878: 1533,1113
1620: 1023,291,1795,1882,1718,261,2017,109,544,609,1632,511,2011,1119,1303
880: 1104
1610: 498,611,1199
882: 814,970,197,2000,298,916,1352,1855,56,195,1096,1526,644,119,669,1935,474,1569,751,2013,1644,1555,133,1451,485,1772,1671,1630,996
883: 1957,329,292
884: 1663,1163,1111,2003,1763,694,2002,634,310,1564,600,592,323,299,830,747,1558,1735,1120,461,1944,1469,1780,1548,1771,519,1436,387
885: 368
886: 
887: 
888: 1155,763,573
1996: 1664,1519,589,1330
1852: 1934,522,1572,1379,828,2005,723,1007,492,65,535,1666,638,1838,1633,1878
891: 1608,1866
1871: 
893: 
894: 496,1649
895: 
1958: 
897: 
898: 2003,1763,2002,634,310,1564,600,830,747,1887,1469,1780,437,519,174,1436,752,857
899: 
900: 39,1194,1238,560,2001,921,335,557,142,404
901: 1068
902: 
903: 
904: 
905: 1190
1473: 
907: 1368,1600,1951,1428,1969,1229,1465,1529,1193,1705,1580,1381,154,2008,447,1482,1902,661,527,451,681,99
908: 1992,134,395,861,569
1915: 814,970,202,197,2000,298,1855,56,195,1052,644,1230,1255,669,1569,751,2013,1257,1644,1555,133,485
910: 
911: 1504,1328
1972: 
913: 
914: 534
915: 168,1538,1,2019,1115,129,870,1938,1401,1583,1070,848,1074,64,1382,987,403
916: 814,202,197,2000,298,1352,1855,56,882,195,1096,1052,1526,644,1230,119,1255,669,474,1569,751,2013,1644,1555,133,1772,1483,173,1671,360,1630,996,810
917: 
1511: 665,533,1345,652
919: 
920: 
921: 1238,560,2001,312,1466,335,0,316,701,557,404,39,1194,900
922: 1213,1059,1083,187,597,1753,825,2018,531,135,1149,1431,639,958
1956: 
924: 
1495: 
1716: 
927: 1460,1673
1902: 1368,1600,263,322,1951,1428,1969,1229,1465,907,1705,1381,154,2008,447,1482,661,226,1715,315,99,286,1322
1899: 436,1989
930: 
931: 
1650: 
933: 
934: 1509,350,2010,792,1169,856,383,1602,1476,615
935: 
936: 1990
937: 112,181
1790: 1853,590
939: 1683,712
940: 1353,1830
1847: 
942: 1156,1764,439,1721
943: 998
944: 
945: 1687,257,1535,2006,58,1758,1665,1552,1150,466,1039,2007,1886,1698,249,817,1011
946: 
1573: 
1492: 
1555: 814,970,202,197,2000,298,916,1352,1855,56,882,195,1096,1052,1526,644,1230,119,1255,669,1935,474,1569,751,1915,2013,1257,1644,133,485,1772,1483,1671,360,1630,996,810
950: 
951: 1756,501
952: 1963
1858: 
1953: 822,1596
955: 
1541: 
957: 
958: 1213,1059,187,1753,825,2018,531,1149,542,1431,922
1523: 
960: 284,317,866,262,2012,1225,755,1854,1239,1834,1845,205
961: 1877,1300,806
1945: 1509,1717,350,458,2010,1169,1332,1053,156,856,1101,383,1602,1386,727,296,1476,223
1638: 1296,477,1487,1647,1645,495,1625,2009,1281,729,1287,1170,521
964: 41,1725
965: 481,1025,1289
966: 555
967: 
968: 1202
969: 
970: 814,197,2000,1855,56,882,195,1096,644,669,1935,1915,2013,1257,1644,1555,133,1451,485,1772
971: 
972: 1828,73,2006,58,1150,1039,2007,1886,1011,331
973: 
974: 1921,1084
1933: 1619
1950: 
977: 
978: 1464,90,1369,47,256
979: 
980: 
1846: 
982: 
1583: 1401,625,835,2019,1115,129,444,870,1938,64,1382,915,168,1538,1
984: 
985: 
986: 254,1141,750,416
987: 1326,1070,848,1074,64,1912,1382,403,1171,835,2019,1115,1508,129,444,546,870,1938,915,168,1538,1
988: 
1905: 
990: 
991: 
992: 523
993: 
994: 
995: 1890,1928
996: 844,173,1671,1680,360,1630,810,202,197,2000,298,916,1352,1855,56,882,195,1096,1230,119,1255,1935,474,1569,2013,1257,1644,1555,133,1451,485,1772,1483
997: 
998: 943
999: 
1000: 
1571: 1516
1002: 
1003: 
1686: 
1005: 55
1006: 1550,303
1007: 1934,522,1572,1379,828,1852,2005,723,492,65,535,1666,1999,465,1390,1071,638,1485,1095,1838,1633,1878
1008: 386
1009: 1706,59,1311,1036,517
1749: 1838,1633,1878,1485,532,1095,1934,522,1572,1379,2005,65,535
1011: 1687,257,1035,1535,2006,58,1758,1665,1552,1150,466,1039,2007,1886,1698,808,249,817,331,945,972,1828,73
1636: 
1647: 1395,1645,495,1943,1625,1145,1278,697,2009,1046,1281,1995,729,1287,1976,1170,521,477,1487,1638
1685: 
1767: 
1740: 
1017: 337,1863,2004,1987,695,1292,1961,1682,1076,1760,1648,756,450,1142,1699,40,456
1018: 
1793: 
1587: 
1987: 1863,1017,2004,695,1292,1682,1076,1648,756,190,1700,1142,1699,40
1022: 338,1175,494,1198,2015,777,1391,297,1380
1023: 291,1795,1882,1718,261,2017,109,544,609,1632,511,2011,1119,1620,1303
1024: 
1025: 481,965
1026: 462
1027: 215
1931: 
1029: 1140
1030: 1895,1732
1715: 1271,1131,226,1266,1910,305,315,99,286,1322,1621,1368,1951,1969,1229,1705,1381,154,2008,447,1482,1902,661,527,681
1604: 1629
1033: 
1034: 1688
1035: 257,1535,2006,58,1758,1665,1552,466,2007,1886,1698,808,1011,331
1036: 59,517,1009
1037: 412,1601,1423
1561: 1319,839
1039: 1687,257,2006,58,1665,1150,466,2007,1698,249,817,1011,945,972,1828,73
1040: 454,1218
1041: 1631,1868,211
1957: 329,883,292,399,1590
1043: 
1044: 2014,1294,687,97
1970: 526
1046: 1395,1647,495,1943,1625,1145,697,2009,1281,1995,729,1976,1170
1047: 273
1048: 117,91,561,2016,1797,1543,1584,1191,1261,150,1166,737,1050
1049: 1516
1050: 117,1626,91,561,2016,1797,1543,1584,287,1191,1048,150,1166,1250,737
1051: 657,1201,1079,152,1823
1052: 814,202,2000,298,916,1855,1526,644,1230,1255,669,751,1915,2013,1644,1555,133,485
1053: 1702,1509,1717,350,458,2010,792,1332,156,856,1945,1101,383,1386,727,296,1476,615,223
1054: 
1055: 
1056: 745
1582: 
1058: 385,1103,2014,1576,1888,207,342,707,100,654,1546,97
1059: 1213,790,1083,187,597,1753,825,2018,531,135,1149,542,1431,639,958,922
1060: 714,1284,548
1061: 
1975: 
1063: 
1925: 
1065: 
1066: 1302
1067: 328,92,787
1068: 901
1963: 952
1070: 1326,848,1074,64,1912,1382,987,403,2019,129,546,1938,915,168,1538,1
1071: 1999,1390,638,1485,532,1095,1572,1379,2005,1007,65,535,1838,1633,1878
1072: 
1725: 354,502,151,41,964,1651
1074: 1326,1070,848,1382,987,403,2019,915
2018: 1213,1059,790,1083,187,597,1753,825,531,135,1149,542,1431,639,958,922
1076: 337,1863,1017,2004,1987,1739,617,695,1292,1961,1994,1648,190,450,1327,1700,1142
1077: 715
1802: 1551,139,244
1079: 1399,152,1823,1051
1080: 
1081: 
1690: 
1083: 1059,790,597,1753,2018,135,1149,1431,639,922
1084: 974
1517: 
1528: 
1087: 92
1521: 570,1192,735
1089: 29
1090: 
1091: 1490
1092: 
1795: 1023,291,1718,261,2017,109,544,609,1632,2011,1119,1620,1303
1094: 
1095: 532,1999,1390,1071,638,1485,1934,522,1572,1379,2005,1007,65,535,1666,1838,1749,1633,1878
1096: 814,970,197,2000,298,916,1352,1855,56,882,195,1526,644,119,1255,669,1935,474,1569,751,2013,1644,1555,133,1772,1630,996,810
1097: 
1098: 603
1099: 385,1393,1103,2014,1576,1888,207,550,860,1383,342,1294,100,1546,687,97,478
1961: 337,1863,1017,2004,1739,617,695,1292,1682,1076,1760,1648,190,450,1885,176,1327,1700,1142,1699
1101: 1702,1509,1717,350,458,2010,792,1169,1332,1053,156,856,1945,383,1602,1386,727,296,1476,615,223
1514: 
1103: 385,1393,2014,1576,1888,207,1099,550,1383,342,707,100,654,1058,1546,97
1104: 880
1105: 
1106: 636,612,1375,209,1575,1711,1130
1107: 
1108: 
1109: 
1110: 
1111: 1663,778,1163,2003,1763,694,2002,610,309,634,1932,1843,310,1564,592,830,747,1558,1887,1735,461,1944,1469,1780,1548,437,519,174,1436,387,884,752,857
1739: 337,1863,2004,617,1961,1076,1994,1648,190,450,1885,176,1327,1700,1142
1113: 1533,878
1538: 915,168,1,2019,1115,1508,129,444,1401,1583,1070,848,64,1912,1382,987,403
1115: 625,1171,835,2019,1508,129,444,546,870,1938,1401,1583,64,1912,1382,987,915,168,1538,1
1876: 
1117: 
1118: 
1119: 1023,291,1795,1882,1718,261,2017,544,609,511,2011,1620
1120: 1663,1163,2003,1763,2002,1564,600,323,299,830,747,1735,1469,1771,519,884
1121: 
1122: 
1123: 
1897: 
1125: 
1126: 
1127: 
1919: 854,397
1951: 1368,1600,322,1428,1969,1229,1465,1529,907,1193,1705,1580,1381,154,2008,447,1482,1902,661,527,1715,99,1322
1130: 1575,1711,612,1106,209
1131: 1271,226,1266,1910,1715,305,315,99,286,1322,1621,2008,1482,401
1607: 
1133: 
1976: 1395,1647,495,1943,1625,1145,697,2009,1046,1995,729,1170,1487
2015: 1865,670,339,1175,494,1173,1198,255,1754,779,777,547,1391,1209,297,1380,338,1022
1646: 
1137: 
1476: 1509,1717,350,458,2010,792,1169,1053,156,856,1945,1101,1602,934,1386,615,223
1139: 1427
1140: 1029
1141: 750,986,416
1142: 337,1863,1017,2004,1987,1739,695,1292,1961,1682,1076,1648,756,190,450,176,1700,1699,40
1143: 
1780: 1663,778,1163,1111,2003,1763,694,2002,610,309,634,898,1932,1843,310,1564,600,592,299,830,747,1558,1887,1735,461,1944,1469,1548,1771,519,174,1436,387,884,752,857
1145: 1395,1647,495,1943,1625,697,2009,1046,1281,1995,729,1976,1170
1146: 385,1393,2014,1576,1167,550,860,1383,654,478,660
1147: 
1717: 1509,350,458,2010,1169,1053,156,856,1945,1101,1602,1386,727,296,1476,223
1149: 1213,1059,790,1083,187,597,1753,825,2018,531,135,542,1431,639,958,922
1150: 1687,257,2006,58,1552,466,1039,2007,1886,249,1011,331,945,972,1828,73
1151: 582,180
1844: 
1659: 1662,552
1154: 
1155: 763,888,573
1156: 942,1764,439,1721
1157: 
1158: 
1159: 1349,81
1160: 
1161: 
2005: 1934,522,1572,1379,828,1852,723,1007,492,65,535,1666,1999,465,1390,1071,638,1485,532,1095,1838,1749,1633,1878
1163: 1663,1111,2003,1763,694,2002,1843,310,1564,600,323,299,830,747,1558,1735,1120,461,1944,1469,1780,1548,1771,519,1436,387,884,752
1164: 
1165: 
1166: 117,1626,91,561,2016,1797,1543,1584,287,1222,1191,1261,1048,150,1250,737,1050
1167: 385,1393,2014,1576,1146,550,860,1383,654,1546,478,660
1168: 642,1712
1169: 1509,1717,350,458,2010,792,156,1945,1101,383,1602,934,1386,727,1476,223
1170: 1395,1647,1645,495,1943,1625,1145,1278,2009,1046,1281,1995,729,1287,1976,521,477,1638
1171: 625,835,2019,1115,1508,129,444,546,870,1938,64,1912,987,1
1698: 1687,257,1035,1535,2006,58,1758,1665,466,1039,2007,808,249,817,1011,945
1173: 1865,670,339,1175,494,1198,255,2015,779,777,547,1209,297,1380
1174: 1586
1175: 1865,670,494,1173,1198,255,2015,779,777,1391,297,1380,1022
1872: 
1177: 
1178: 
1943: 1395,1647,1645,495,1625,1145,697,2009,1046,1281,1995,729,1976,1170,477
1546: 385,1393,1103,2014,1576,1167,1888,207,1099,550,860,1383,342,707,1294,100,654,1058,687,97,478
1181: 
1182: 770
1183: 
1184: 
1185: 
1719: 
1187: 239,491
1188: 
1727: 1531,278
1190: 905
1191: 117,1626,91,561,2016,1543,1584,1222,1261,1048,150,1166,737,1050
1192: 1521,614,570,735
1193: 1368,1600,1951,1969,1229,1529,907,1580,1381,2008,447,1618,661,527,451,681
1194: 39,900,1238,560,2001,921,1952,335,557,142,404
1195: 606
1196: 
1197: 333,1204,1983
1198: 1865,670,339,1175,494,1173,255,1754,2015,779,777,1391,297,1380,338,1022
1199: 611,498,1610
1200: 
1201: 657,1051
1202: 968
1203: 
1204: 596,1606,1983,333,1197
1734: 690
1842: 
1544: 581
1208: 343
1209: 1865,670,1173,2015,547
1210: 
1794: 
1769: 
1213: 1059,790,187,597,1753,825,2018,531,135,1149,542,1431,639,958,922
1952: 1238,560,2001,312,335,629,701,172,142,39,1194
1804: 1654
1216: 1643
1217: 620,34
1218: 1040
1558: 778,1163,1111,2003,694,2002,610,309,634,1932,1843,310,1564,592,830,747,1887,1735,461,1469,1780,1548,437,519,174,1436,387,884,857
1220: 
1221: 1595,302
1222: 117,1626,561,2016,1797,1543,1584,287,1191,1261,150,1166,1250,737,107,45,66
1516: 1571,1049
1478: 1689,680,683,1964
1225: 284,317,866,262,2012,960,755,1854,1239,1834,1845,205
1679: 1515,736
1227: 201,1704,1880
2013: 814,970,202,197,2000,298,916,1352,1855,56,882,195,1096,1052,1526,644,1230,119,1255,669,1935,474,1569,751,1915,1257,1644,1555,133,1451,485,1772,1483,844,173,1671,1680,360,1630,996,810
1229: 1368,1600,263,1951,1428,1969,1465,1529,907,1193,1705,1580,1381,154,2008,447,1482,1618,1902,661,527,451,681,1910,1715,99,1322,1621
1230: 814,202,197,2000,298,916,1352,1855,195,1052,1526,119,1255,1569,1915,2013,1257,1644,1555,133,485,1483,844,360,996,810
1231: 
1232: 52
1233: 581
1234: 
1914: 1339
1868: 1041,1631,211
1237: 
1238: 560,674,2001,921,312,1466,1952,335,0,629,316,701,172,557,142,404,39,1194,900
1239: 284,317,2012,960,1225,755,1834,205
1936: 
1241: 507
1242: 
1633: 1838,1749,1878,1999,1071,532,1095,522,1572,1379,828,1852,2005,1007,492,65,535,1666
1244: 
1245: 1689,680,1964
1246: 
1608: 891,1335,1866
1248: 1290,775,5
1249: 859
1250: 1626,91,561,2016,1797,1543,1584,287,1222,1261,150,1166,737,107,1050,66
1251: 96
1252: 1818
1253: 159,288
1254: 
1255: 814,202,197,2000,298,916,1352,1855,195,1096,1052,1526,1230,119,669,1569,751,1915,2013,1257,1644,1555,133,485,1483,360,996,810
1256: 265
1257: 814,970,202,197,2000,298,1855,56,195,1230,119,1255,669,1935,1569,1915,2013,1644,1555,133,1451,485,1772,1483,844,996
1666: 1934,522,1572,1379,828,1852,2005,723,1007,492,65,535,1095,1838,1633,1878
1259: 
1533: 878,1113
1261: 117,1626,561,2016,1543,1584,287,1222,1191,1048,150,1166,1250,737,45
1890: 995
1658: 
1960: 713,509,1344
1797: 1626,91,561,2016,1543,1584,287,1222,1048,150,1166,1250,737,107,1050,66
1266: 1271,1131,226,1910,1715,305,315,99,286,1322,1621,1969,1705,2008,447,1482,661,527,681,401
1267: 
1628: 
1269: 
1562: 4,646
1271: 1131,1266,1910,1715,305,315,99,286,1621,1969,1705,2008,661,527,451,681,401
1272: 
1684: 1801
1671: 844,173,1680,360,1630,996,810,197,2000,298,916,1352,882,195,119,474,1569,2013,1555,1451,1772,1483
1818: 1252
1276: 
1277: 49
1278: 1395,1647,1645,1625,2009,1995,1287,1170,521
1279: 1881
1280: 231
1281: 1395,1647,1645,495,1943,1625,1145,697,2009,1046,1995,729,1287,1170,521,1296,477,1487,1638
1506: 
1283: 337,2004,617,1682,1760,450,1885,176
1284: 714,1060,548
1488: 1365
1286: 
1287: 1395,1647,1645,1625,1278,2009,1281,1995,729,1170,521,1296,477,1638
1288: 1335,1866
1289: 481,965
1290: 1248,775,5
1291: 
1292: 1863,1017,2004,1987,695,1961,1682,1076,1648,756,190,450,1142,1699,40
1293: 1743,1954
1294: 385,2014,1888,1099,550,860,1383,1546,687,97,478,660,1044
1888: 385,1393,1103,2014,1576,207,1099,550,860,1383,342,707,1294,100,654,1058,1546,687,97,478
1296: 477,1487,1638,1645,1625,2009,1281,1287,521
1297: 1329,1703
1298: 
1299: 
1300: 961,806
1881: 849,1279,131
1302: 1316,1461,1066,1813
1303: 1023,291,1795,261,2017,109,544,609,1632,2011,1620
1304: 
1305: 651
1306: 
1307: 
1830: 940,541,1353
1309: 1984,160,1978
1310: 3
1311: 1706,59,517,1009
1312: 
1313: 441
1569: 814,202,197,2000,298,916,1352,1855,56,882,195,1096,1526,1230,119,1255,669,1935,474,1915,2013,1257,1644,1555,133,1451,485,1772,1483,844,173,1671,1680,360,1630,996,810
1315: 
1316: 1461,1302,1813
1317: 551,157
1651: 122,1962,354,1725,502,151
1319: 839,1561
1320: 
1808: 
1322: 1131,226,1266,1910,1715,315,99,286,1621,1368,263,322,1951,1229,1465,1705,1381,154,2008,447,1482,1618,1902,661
1323: 
1324: 689
1539: 1898,584
1326: 1070,848,1074,64,1912,1382,987,403,835,2019,1508,129,546,1938
1327: 337,1863,2004,1739,617,1961,1076,1994,1648,190,1700
1328: 1504,911
1329: 1297,1703
1330: 1664,1519,1996,589
1331: 132
1332: 1702,350,2010,792,1053,156,1945,1101,383,1386,727,296
1333: 
1334: 1826,853
1335: 1288,676,1866,1608
1336: 
1483: 202,197,2000,298,916,1352,1855,195,1230,119,1255,1569,2013,1257,1555,133,1451,844,173,1671,1680,360,1630,996,810
1338: 
1339: 1914
1340: 118
2003: 1663,778,1163,1111,1763,694,2002,610,309,634,898,1932,1843,310,1564,600,592,323,299,830,747,1558,1887,1735,1120,461,1944,1469,1780,1548,1771,437,519,174,1436,387,884,752,857
1576: 385,1393,1103,2014,1146,1167,1888,207,1099,550,860,1383,654,1058,1546,478
1691: 699
1344: 713,509,1960
1345: 652,665,1511,533
1346: 
1909: 
1348: 
1349: 81,1159
1350: 
1351: 343
1352: 197,2000,298,916,1855,882,195,1096,1526,644,1230,119,1255,669,474,1569,751,2013,1644,1555,133,1772,1483,1671,360,1630,996,810
1353: 541,940,1830
1535: 1687,257,1035,2006,58,1758,1665,1552,466,2007,1698,808,249,817,1011,945
1843: 778,1163,1111,2003,1763,2002,610,830,747,1558,1887,1735,1469,1780,1548,437,174,1436,752,857
1356: 
1668: 
1513: 422,1896,459
1359: 1642
1648: 337,1863,1017,2004,1987,1739,617,695,1292,1961,1682,1076,1994,1760,756,190,450,1885,176,1327,1700,1142,1699
1361: 
1706: 59,1311,517,1009
1645: 1395,1647,495,1943,1625,1278,2009,1281,729,1287,1170,521,1296,477,1638
1364: 
1365: 1488
1366: 
1367: 
1368: 1600,263,322,1951,1428,1969,1229,1465,1529,907,1193,1705,1580,1381,154,2008,447,1482,1618,1902,661,527,451,681,1715,1322,1621
1369: 1464,90,47,978,256
1774: 1614
1371: 
1372: 
1783: 70,274
1575: 1711,1130,612,1375,1106,209
1375: 636,612,869,1106,209,1575,1711
1773: 
1377: 
1378: 1965,767
1379: 1934,522,1572,828,1852,2005,723,1007,492,65,535,1666,1999,1071,638,1485,1095,1838,1749,1633,1878
1380: 1865,670,339,1175,494,1173,1198,255,1754,2015,779,777,547,1391,297,338,1022
1381: 1368,1600,263,322,1951,1428,1969,1229,1465,1529,907,1193,1705,1580,154,2008,447,1482,1618,1902,661,527,451,1715,315,99,286,1322,1621
1382: 1326,1070,848,1074,64,1912,987,403,835,2019,1115,129,444,546,870,1938,1401,1583,915,168,1538,1
1383: 385,1393,1103,2014,1576,1146,1167,1888,1099,550,860,342,1294,1546,687,97,478,660
1384: 
1385: 
1386: 1702,1509,1717,350,458,2010,792,1169,1332,1053,156,856,1945,1101,383,1602,727,296,1476,615
2008: 1368,1600,263,322,1951,1428,1969,1229,1465,1529,907,1193,1705,1580,1381,154,447,1482,1618,1902,661,527,451,681,1271,1131,226,1266,1910,1715,305,315,99,286,1322,1621,401
2014: 385,1393,1103,1576,1146,1167,1888,207,1099,550,860,1383,342,707,1294,100,654,1058,1546,687,97,478,660,1044
1785: 
1390: 1999,465,1071,638,1485,532,1095,1934,1572,2005,1007,65,535,1838
1391: 1865,670,1175,494,1198,2015,779,777,297,1380,338,1022
1392: 
1393: 385,1103,2014,1576,1146,1167,1888,1099,550,860,1383,654,1546,478
1731: 
1395: 1647,1645,495,1943,1625,1145,1278,697,2009,1046,1281,1995,729,1287,1976,1170,521
1922: 
1916: 
1398: 
1399: 1079,152,1823
1400: 
1401: 1583,2019,1115,129,444,870,64,1382,403,915,168,1538,1
1402: 
1781: 
1404: 
1405: 1832
1889: 
1407: 
1730: 
1409: 
1595: 302,1221
1411: 
1412: 
1413: 
1903: 
1469: 1163,1111,2003,1763,2002,634,898,1843,310,1564,600,299,830,747,1558,1887,1735,1120,1780,437,519,174,1436,884,752,857
1416: 
1594: 
1966: 
1626: 561,2016,1797,1543,1584,287,1222,1191,1261,150,1166,1250,737,107,1050,45,66
1420: 653,146,757
1421: 
1855: 814,970,202,197,2000,298,916,1352,56,882,195,1096,1052,1526,644,1230,119,1255,669,1935,474,1569,751,1915,2013,1257,1644,1555,133,1451,485,1772,1483,844,1630,996
1423: 412,1037,1601
1564: 1663,1163,1111,2003,1763,694,2002,610,309,634,898,310,600,323,299,830,747,1558,1887,1735,1120,1944,1469,1780,1548,1771,437,519,174,1436,387,884,752,857
1520: 
1426: 
1427: 1139
1428: 1368,1600,263,322,1951,1229,1465,1529,907,1580,1381,154,2008,447,1482,1902,661
1429: 
1736: 
1431: 1213,1059,790,1083,187,597,1753,825,2018,531,135,1149,542,639,958,922
1784: 
1509: 1702,1717,350,458,2010,792,1169,1053,156,856,1945,1101,383,1602,934,1386,727,296,1476,615,223
1563: 674
1682: 337,1863,1017,2004,1987,617,695,1292,1961,1760,1648,756,1283,450,1885,176,1700,1142,1699,40,456
1436: 1663,778,1163,1111,2003,1763,694,2002,610,309,634,898,1932,1843,310,1564,600,592,830,747,1558,1887,1735,1469,1780,1548,1771,437,519,174,387,884,752,857
1437: 41
1438: 
1439: 855,1501
1440: 872
1441: 
1884: 
1942: 340,641
1444: 
1599: 
1721: 1764,439,1156,942
1862: 1997,721
1448: 862
1548: 1663,778,1163,1111,2003,1763,694,2002,610,1932,1843,310,1564,592,299,830,747,1558,1887,1735,461,1944,1780,1771,519,1436,387,884
1450: 
1451: 970,202,197,2000,298,1855,56,882,195,119,1935,474,1569,2013,1257,1644,485,1772,1483,844,173,1671,1680,1630,996
1452: 178
1453: 
1454: 
2016: 117,1626,91,561,1797,1543,1584,287,1222,1191,1261,1048,150,1166,1250,737,107,1050,45,66
1949: 
1681: 
1798: 
1459: 
1460: 927,1673
1461: 1316,1302,1813
1462: 106,867
2019: 625,1171,835,1115,1508,129,444,546,870,1938,1401,1583,1326,1070,848,1074,64,1912,1382,987,403,915,168,1538,1