0: 39,1238,335,629,404,2001,701,1563,1952,560,674,172,312,1466,921,900,1194,142,316
1: 1074,1401,1583,1326,1115,870,1538,1938,625,64,546,2019,1867,848,129,1070,1912
1946: 
3: 390,1350
4: 57
5: 
6: 
7: 
8: 1063
9: 
1461: 414,1603
1617: 1800
12: 
13: 805,44,775
14: 1671,1255,1629,360,1935,1352,844,1257,298,669,1604,882,1096,2013,202,133,2000,1748,173,1680
1922: 507,1409,1185
2007: 808,58,257,276,1150,1886,972,1698,1334,945,1665,249,1828,331,1758,73,466,1535,2006,1011,1826,1552,1367,817,1608,1687
1405: 
18: 
1496: 
20: 1365,1384,265,622
21: 
1826: 73,466,1535,2006,1011,808,2007,1150,1698,1334,945,249
1487: 1287,2009,1995,1638,1647,1281,1645,697,495,477,1046,1976,1170,1395,1943,1296,1625
1611: 
25: 1743,1931,765
26: 
1995: 1287,2009,1638,729,521,1645,1278,697,495,1976,1170,1487,1395,1943,1296,1625
1493: 
29: 1220,1914,581
1577: 
1853: 969
1994: 176,40,450,1885,2004,1017,1292,337,1760,190,1699
33: 84,1478
34: 1272
1351: 
36: 510
37: 
38: 1259
39: 1238,335,557,404,2001,701,1563,1952,560,674,172,312,1466,921,0,900,1194
40: 176,450,1885,2004,1017,1682,1700,1142,1292,1076,337,1760,456,1961,1283,1327,1994,1648,617,190,756,1699,695,1863
41: 760,1320
42: 
43: 1725,1460,239,502,1685
44: 775,13,152
45: 91,737,1626,150,107,1048,1222,561,2016,66,1250
1412: 770
47: 1651
1465: 263,1618,1428,1229,1705,315,1621,847,1715,451,1600,2008,226,1368,1266,1580,305,527,1969,322,709,681,1529,1193,1482
1441: 
50: 
2017: 703,511,1882,261,1119,609,1023,1620,291,544,1718,1303,109,2011,1795,1632
52: 1592
53: 489,982
1426: 240,911
1535: 331,1758,73,466,2006,1011,1826,1552,808,2007,1150,1334
56: 644,1630,319,1451,1915,2013,133,810,2000,1748,1772,1855,916,195,1483,1524,1230,1680,970,1052,1644,1555,814,1604
57: 4
58: 808,257,2007,276,1150,1886,972,1698,1665,249,1828,331,1758,73,466,2006,1011,1552,1367,817,1608,1687
59: 1796,517
1703: 
1368: 263,1618,1428,1705,315,1621,1715,451,1600,2008,226,1465,1266,1580,305,527,401,322,709,681,1529,1193,154,1482,1381
62: 
1688: 
64: 1583,1326,1115,671,1538,1938,625,1196,168,546,2019,965,1867,129,1912,1074,1401,1
65: 1852,532,522,1934,1095,1390,828,1007,723,1633,2005,1572,1878,1485,1071,1999,638,1666
66: 1050,1543,1166,117,1797,1261,1584,2016,293,287,1250,91,737,45,150,990,1048,1222,561
1832: 
68: 
1898: 712,1479,1098,1199
70: 
1896: 1728,545
1618: 263,661,1428,1229,1910,1705,286,315,1621,1154,847,1715,451,1600,2008,99,226,1131,283,1322,1465,1368,1266,1580,305,527,1969,1951,401,322,1902,709,681,1529,1193,907,447,154,1482,1381
73: 331,1758,466,1535,2006,1011,1826,1552,808,58,2007,1150,1886,972,1698,1334,945,249,1828,1687
1728: 1896,545
1848: 
2010: 633,856,350,727,1501,1386,934,980,223,1945,1509,296,1053,1717,1332,1029,1025,383,1169,792,156,1476,1602,458,1702,1684,1736,1101,1734,615,446
1634: 
1680: 485,644,1630,319,1451,1915,2013,202,133,56,2000,1748,173,1772,1855,1569,916,195,1483,1524,1230,970,1052,1644,1555,814,1255,1629,360,1935,1352,14,474,844,669,1604,882,1096
1737: 
1508: 1583,1115,870,1538,1938,625,987,1196,2019,1867,848,1070,1382
81: 
1352: 1671,1255,1629,360,1935,14,474,844,1257,298,669,1604,882,1096,485,644,319,1451,2013,133,2000,1748,173,1772,1855,1569,1680,970,1052
83: 
84: 1478,33
1866: 
86: 
1781: 791
88: 1740,1375
89: 696
90: 415,905
91: 737,45,1626,150,990,107,1048,1222,561,1050,1543,1166,117,1797,1261,2016,66,1250
92: 1601,1662,991
1366: 
94: 
1743: 1931,25,765
96: 
97: 1044,2014,342,1146,850,1103,1167,207,100,1888,1058,1918,1576,1393,860,1099,707
1683: 1825,565
99: 661,1618,1229,1910,1705,286,1154,451,2008,226,1131,283,1322,1969,1951,401,1902,681,907,1381
100: 1044,2014,342,1146,850,1294,654,97,207,1888,1058,1918
101: 1585,818
102: 1724,160
103: 
104: 
1841: 565
106: 1519,292,1251
107: 91,737,45,1626,1048,1222,561,1797,2016,1250
1623: 787,1659,1156,439
109: 1718,1303,2011,1795,1632,703,2017,1882,261,1119,609,1023,1620,291,544
110: 
1589: 
112: 
1614: 846
1371: 
1585: 818,101
116: 
117: 1050,1543,1166,1797,1261,1584,2016,66,287,1250,91,737,150,990,1048,1222,561
118: 
119: 485,644,1915,2013,202,133,810,2000,173,1772,1569,1483,1524,1230,751,970,1644,1555,814,1526,1255,1257,298,1096
1656: 
1821: 
122: 1818,1331,1061
123: 935,1241
1886: 58,257,2007,276,1150,972,1698,1334,945,1665,249,1828,73,2006,1011,1552,1687
125: 1722,1609
1693: 
1543: 1050,1166,117,1797,1261,1584,2016,66,293,287,91,737,150,990,1222
128: 771,144
129: 1583,1326,1115,671,625,987,64,168,546,2019,620,965,1867,835,1912,915,1074,1401,1
1867: 1583,1326,1115,671,1538,1508,1938,625,987,64,1196,168,546,2019,620,965,848,129,835,1382,1912,1401,1
131: 
132: 
133: 485,644,1630,319,1451,1915,2013,202,56,810,2000,1748,173,1772,1855,1569,195,1483,1524,1230,119,1680,751,970,1052,1644,1555,814,1526,1671,1255,360,1935,1352,14,474,844,1257,298,669,1604,882,1096
134: 
135: 
136: 345,719
137: 344,1891
138: 1081
139: 
1856: 950
141: 
142: 1194,316,629,404,2001,701,1563,560,172,312,1466,0,900
143: 
144: 128,771
1481: 
146: 1505
147: 1817,1652,1506
148: 1429,432
149: 1289,744
150: 91,737,45,1626,990,1048,1222,561,1050,1543,1166,117,1797,1261,1584,2016,66,1250
151: 1962,732
152: 44
153: 
154: 1271,447,1482,1381,263,1618,286,451,1600,2008,1368,527,709,681,1529,1193
155: 
156: 856,350,727,1501,1386,934,223,2010,1945,1509,296,1053,1332,1029,1025,383,1169,792,1476,1602,458,1702,1684,1101,1734,615,446
157: 
158: 1267,961,579
159: 
160: 1181,1724,169,102
1704: 
1895: 1732
163: 
1529: 263,661,1618,1229,1705,286,315,1621,1715,451,1600,2008,283,1322,1465,1368,1266,1580,527,1969,1951,401,322,709,681,1193,1271,907,447,154,1482,1381
165: 
1824: 
1813: 
168: 1326,1115,671,625,987,64,1196,546,2019,620,965,1867,129,835,1382,1912,915
169: 1181,683,1724,160
170: 815,1992
1764: 1276,256
172: 39,1238,335,629,557,404,2001,701,1563,1952,560,674,312,1466,921,0,900,1194,142
173: 485,644,1630,319,1915,2013,202,133,2000,1748,1772,1855,1569,195,1483,1524,1230,119,1680,970,1052,1644,1555,814,1526,1671,1255,360,1935,1352,14,844,1257,298,669,1604,882,1096
174: 299,461,1944,694,1763,592,1469,857,1436,437,830,387,2002,610,1843,323,600,1111,1558,2003,778,1120,309,752,1663,310
175: 702,1844
176: 40,450,1885,2004,1017,1682,1700,1142,1292,1076,337,1760,1961,1283,1327,1994,1648,617,190,756,1699
1787: 351,1968
178: 1164,234
179: 1346
180: 
181: 1971,1914,955
1901: 1978
183: 1444
184: 924,713
1612: 
1702: 1476,1602,458,1684,1101,1734,615,446,1501,1386,934,223,2010,1945,296,1053,1332,1029,1025,383,1169,792,156
187: 958,542,1149,922,1753,1083,531,639,2018,825,1059,1213,597,1431,790
1932: 1558,634,2003,1548,778,1120,1735,1872,898,2002,1564,747,610,1780,519,884,323,1163,600,1111,857,1436,437,830,309,752,1663,310
189: 
190: 617,756,1699,176,40,450,1885,2004,1017,1700,1142,1292,337,1760,1961,1283,1994,1648,695
1865: 1198,1837,1839,2015,1209,231,1188,297,255,547,338,1391,1175,777,339,1754,1022,1380,779
2000: 485,644,1630,319,1451,1915,2013,202,133,56,810,1748,173,1772,1855,1569,916,195,1483,1524,1230,119,1680,751,970,1052,1644,1555,814,1526,1671,1255,1629,360,1935,1352,14,474,844,1257,298,669,1604,882,1096
193: 
194: 
195: 644,1630,1451,2013,202,133,56,2000,1748,173,1772,1855,916,1483,1524,1230,1680,970,1052,1644,1555,814,844,669,1604
1601: 1662,92,991
197: 
1619: 
1791: 
1621: 263,661,1618,1428,1229,1910,1705,286,315,1154,847,1715,451,1600,2008,226,1131,1322,1465,1368,1266,1580,305,1969,1951,401,322,1902,681,1529
201: 
202: 644,1915,2013,133,2000,173,1772,1569,195,1524,1230,119,1680,970,1644,1555,814,1526,1671,1255,360,14,844,1257,298,669,1096
203: 
204: 279,776
205: 1834,960,1225,2012,317,262,1492,284
1657: 
207: 1044,2014,342,1546,1146,850,1103,1167,1294,654,97,100,1888,1058,1918,1576,1383,1393,478,860,1099,707
2001: 39,1238,335,629,557,404,701,1563,1952,560,674,172,312,1466,921,0,900,1194,142,316
209: 213
1580: 263,661,1618,1428,1229,1705,1621,1154,847,1715,451,1600,2008,226,283,1465,1368,1266,305,527,1969,1951,401,322,1902,709,681,1529,1193,1482,1381
211: 714,1868
212: 493,1090
213: 209
2002: 1872,898,1564,747,610,1887,1771,1843,1780,519,884,323,1163,600,1111,299,461,1944,694,1763,592,1469,174,857,1436,437,830,387,1932,1558,634,2003,1548,778,1120,1735,309,752,1663,310
215: 
1592: 52
1944: 299,461,694,1763,592,1469,174,857,1436,830,387,2002,1564,747,1887,1771,1843,1780,519,323,1163,1111,2003,778,309,310
1772: 485,644,1630,319,1451,1915,2013,202,133,56,810,2000,1748,173,1855,1569,916,195,1483,1524,1230,119,1680,751,970,1052,1644,1555,814,1526,1629,360,1352,474,844,1257,298,669,1604,882,1096
219: 
1520: 
221: 
222: 1398
223: 727,1501,1386,980,2010,1945,1509,1053,1332,1029,1025,383,1169,792,156,1602,458,1702,1684,1101,615,446
1827: 1462,862
1771: 1872,898,2002,1564,747,1887,1843,1780,519,884,323,1163,600,1111,299,461,1944,694,1763,592,1469,857,1436,830,387,2003,778
226: 263,661,1618,1428,1910,1705,1621,1154,847,1715,451,2008,99,1131,283,1465,1368,1580,305,527,1969,1951,401,322,1902,681,1193,1482,1381
1984: 569,344,1891
228: 
1413: 1216
1980: 
231: 670,1198,1837,1839,2015,1209,1188,297,255,547,338,1391,777,339,1865,1754,494,1380,779
232: 
1724: 683,169,160,102
234: 1164,178
235: 1423,1909
236: 
1877: 
1504: 1328
239: 43,1725,1460,502,1685
240: 911,1426
241: 498
1639: 1970
243: 
244: 
1756: 
246: 
247: 
1380: 1022,779,1198,1837,1839,2015,1209,231,1188,297,547,338,1865,1754
249: 808,58,257,2007,276,1150,1886,972,1698,1334,945,1665,1828,331,73,466,2006,1011,1826,1552,1608,1687
1934: 1852,532,522,1095,1390,828,65,1007,723,2005,1572,1878,1838,1666
251: 
252: 
1938: 1583,1115,870,1538,1508,625,987,64,1196,2019,965,1867,848,1070,1912,1401,1
254: 895,1402
255: 670,1198,1837,1839,2015,1209,231,1188,547,338,1391,1175,777,339,1865,494
256: 1764,1276
257: 808,58,2007,276,1150,1886,972,1698,945,1665,249,1828,2006,1687
1949: 1313
259: 
260: 
261: 703,511,2017,1882,1119,609,291,544,1718,1303,109,2011,1632
262: 2012,317,1239,755,1854,1492,284,205,960,1225
263: 661,1618,1428,1229,1705,286,315,1621,1154,847,1715,451,1600,2008,226,283,1465,1368,1266,1580,305,527,1969,1951,401,322,1902,709,681,1529,1193,447,154,1482,1381
264: 352,886,1646
265: 1384,622,20
266: 783
1891: 1984,137,344
268: 
1645: 1287,2009,1995,1638,1647,729,521,1281,1278,697,495,477,1976,1170,1487,1395,1943,1296,1625
1880: 
2019: 1583,1326,1115,870,671,1538,1508,1938,625,987,64,1196,168,546,620,965,1867,848,129,1070,835,1382,1912,915,1074,1401,1
272: 
273: 
274: 
275: 
276: 58,257,2007,1150,1886,972,1698,1334,945,1665,249,1828,2006,1011,1552,817,1608,1687
277: 1290,1051
278: 
279: 204,776
1918: 2014,342,1546,1146,850,1294,654,97,207,100,660,1888,1058
1501: 633,856,350,727,1386,934,980,223,2010,1945,1509,296,1053,1717,1332,1029,1025,383,1169,792,156,1476,1602,1702,1684,1736,1101,1734,615,446
1606: 1581,526,1881,1672
283: 263,1618,1910,1705,1154,451,2008,99,226,1131,1580,527,1969,1951,401,322,1902,681,1529,1193,1271,907,447,1482,1381
284: 2012,317,262,1239,755,1854,1492,1845,205,1834,960,1225
1632: 1718,1303,109,2011,1795,2017,1882,261,609,1023,291,544
286: 263,661,1618,1229,1705,1621,1715,451,1600,2008,99,1131,1322,1266,1969,1951,401,709,681,1529,1193,1271,907,447,154,1482,1381
287: 1050,1543,1166,117,1797,1261,1584,2016,66,293
288: 1204
1935: 1671,1255,1629,360,1352,14,474,844,669,1604,882,1096,1451,2013,133,2000,1748,173,1855,1680,970,1052
1629: 360,1935,1352,14,474,844,669,1604,882,319,1451,2013,2000,1748,1772,1855,916,1680,970,1052
291: 703,511,2017,1882,261,1119,609,1023,1620,544,1718,1303,109,2011,1795,1632
292: 106,1519,1251
293: 1543,1166,1797,1261,1584,2016,66,287,1250
1910: 661,1618,1229,1705,1621,1154,847,2008,99,226,1131,283,1322,1266,1969,1951,401,322,1902
1652: 147,1817,1506
296: 856,350,1501,1386,934,2010,1945,1332,1029,1025,383,1169,792,156,1476,1602,458,1702,1684,1101,1734
297: 1198,1837,1839,2015,231,547,338,1391,777,1865,1754,494,1022,1380,779
298: 1671,1255,360,1352,14,844,1257,882,1096,644,2013,202,133,2000,173,1772,1569,1524,1230,119,970,814,1526
299: 461,1944,694,1763,592,1469,174,857,1436,830,387,2002,1887,1771,1843,519,884,323,600,1111,2003
300: 
1469: 299,461,1944,694,1763,592,174,857,1436,437,830,387,898,2002,747,610,1887,1771,1843,519,884,323,1163,600,1111,1558,2003,778,309,752,1663,310
302: 
303: 
304: 
305: 263,1618,1428,1705,315,1621,847,1715,451,1600,2008,226,1465,1368,1580,527,322,709,1193
1635: 
307: 
1527: 1097,977
309: 752,1663,310,898,2002,747,610,519,323,1163,600,1111,461,1944,694,1763,592,1469,174,857,1436,437,830,387,1932,1558,634,2003,1548,778,1120
310: 309,752,1663,898,2002,747,1780,519,323,1163,1111,1944,694,1763,1469,174,857,1436,437,830,1932,1558,634,2003,1548,778,1120
311: 
312: 39,1238,335,629,404,2001,701,1563,1952,560,674,172,1466,921,0,900,1194,142,316
1990: 782
314: 652,509,373
315: 263,1618,1428,1229,1621,1715,451,1600,2008,1465,1368,1266,305,322,709,1529
316: 1194,142,629,404,2001,701,1563,674,312,1466,0,900
317: 2012,262,1239,755,1492,284,205,1834,960,1225
318: 
319: 485,644,1630,1451,1915,2013,133,56,810,2000,1748,173,1772,1855,1569,916,1483,1524,1680,751,970,1052,1555,1629,360,1352,474,844,1604,882,1096
320: 
1482: 1271,907,447,154,1381,263,1618,1705,286,451,1600,2008,226,283,1465,1368,1580,527,1969,1951,401,709,681,1529,1193
322: 263,661,1618,1428,1229,1910,1705,315,1621,1154,847,1715,451,1600,2008,226,283,1465,1368,1266,1580,305,527,1969,401,1902,681,1529,1193
323: 1872,898,2002,1564,747,610,1887,1771,1843,1780,519,884,1163,600,1111,299,461,1944,694,1763,592,1469,174,857,1436,437,830,387,1932,1558,634,2003,1548,778,1120,1735,309,752,1663,310
1732: 1895
325: 
326: 
1625: 1287,2009,1995,1638,729,521,1281,1645,1278,495,1976,1170,1487,1395,1296
328: 653
329: 1590,1054,589
1751: 
331: 1758,73,466,1535,2006,1011,1552,808,58,2007,1150,249,1828,1367,817,1608,1687
1825: 967,1683
333: 902,692,1084
1733: 
335: 39,1238,629,557,404,2001,1563,1952,560,674,172,312,921,0,900
1862: 611
337: 176,40,450,1885,2004,1739,1017,1682,1700,1142,1292,1760,456,1961,1327,1994,190,756,1863
338: 670,1198,1837,1839,2015,1209,231,297,255,547,1391,777,339,1865,1754,494,1380,779
339: 670,1198,1837,1839,2015,1209,231,1188,255,547,338,1391,1175,777,1865,1754,1022
340: 1033
1454: 
342: 1044,2014,1546,1146,850,1103,1167,1294,654,97,207,100,660,1888,1058,1918,385,1576,1383,478,860,707
343: 
344: 1984,137,569,1891
345: 719,136
346: 1823
347: 
1609: 1722,125
1726: 859
350: 633,856,727,1501,1386,934,980,2010,1945,296,1053,1717,1029,383,1169,156,1476,1602,1684,1736,1101,1734,615,446
351: 1787,1968
352: 264,886,1646
353: 
354: 
355: 
1735: 1932,1558,634,2003,1548,778,1872,898,2002,1564,747,610,1780,519,884,323,1163
1584: 1050,1543,1166,117,1797,1261,2016,66,293,287,1250,737,150,1222
1468: 1284
359: 1710
360: 1671,1255,1629,1935,1352,14,474,844,1257,298,669,1604,882,1096,485,644,319,1451,2013,202,133,2000,1748,173,1772,1855,1569,1524,1680,751,970,814,1526
361: 
1974: 
363: 815
1854: 2012,262,1239,755,1492,284,1845,1834,960
1398: 222
366: 
1860: 
368: 1653
369: 1364,440
1755: 
1631: 
1796: 59,517
373: 652,831,1521,869,1210,1723,509,314
1531: 1439,998
1439: 1531,998
1524: 485,644,1630,319,1915,2013,202,133,56,810,2000,1748,173,1772,1855,1569,195,1483,1230,119,1680,751,970,1644,1555,814,1526,1255,360,844,1257,298,669,1604,882,1096
1356: 1650,1330,1664
378: 
379: 410,1557,1141
1828: 808,58,257,2007,276,1150,1886,972,1698,1665,249,331,1758,73,466,2006,1011,1552,1367,817,1608,1687
1964: 
382: 
383: 856,350,727,1501,1386,934,223,2010,1945,296,1053,1717,1332,1029,1025,1169,792,156,1476,1602,458,1702,1684,1736,1101,1734,615,446
1602: 1476,458,1702,1684,1736,1101,1734,615,446,350,727,1501,1386,223,2010,1945,296,1053,1332,1025,383,1169,156
385: 1044,2014,342,1546,1146,687,850,1103,1167,1294,654,660,1888,1058,1383,550,478,860,1099
386: 
387: 299,461,1944,1763,592,1469,174,857,1436,437,830,898,2002,1564,610,1887,1771,1843,519,884,323,1163,600,1111,2003,778,309,752
388: 
1513: 
390: 3,1350
391: 
1836: 
393: 
1423: 235,1909
395: 
1383: 1044,2014,342,1546,1146,687,850,1103,1167,1294,654,207,660,1888,1058,385,1576,1393,550,478,860,1099,707
397: 
1845: 2012,1239,755,1854,1492,284,1834,1225
399: 1996
400: 
401: 263,661,1618,1229,1910,1705,286,1621,1154,1715,451,1600,2008,99,226,1131,283,1322,1368,1266,1580,527,1969,1951,322,1902,681,1529,1193,1271,907,447,1482,1381
1519: 106,292,1251
403: 1490
404: 39,335,629,557,2001,701,1563,1952,560,674,172,312,1466,921,0,900,1194,142,316
1579: 
406: 614
2014: 1044,342,1546,1146,687,850,1103,1167,1294,654,97,207,100,660,1888,1058,1918,385,1576,1383,1393,550,478,860,1099,707
1700: 176,40,450,1885,2004,1739,1017,1682,1142,1292,1076,337,1760,456,1961,1283,1327,1648,617,190,756,695,1863
1359: 
410: 1557,379,1141
1969: 263,661,1618,1229,1910,1705,286,1621,1154,847,1715,451,1600,2008,99,226,1131,283,1322,1465,1266,1580,527,1951,401,322,1902,681,1529,907,447,1482,1381
412: 
1654: 
414: 1461
415: 90,905
416: 
417: 
1526: 485,644,1915,2013,202,133,810,2000,173,1772,1569,1524,1230,119,751,970,1671,1255,360,844,1257,298,882,1096
419: 1336
420: 1716
1840: 
422: 
1992: 170,1806
424: 
1649: 
426: 
427: 
1581: 1606,526,1881,1672
1988: 
430: 
1705: 263,661,1618,1428,1229,1910,286,1621,1154,847,1715,451,1600,2008,99,226,1131,283,1322,1465,1368,1266,1580,305,527,1969,1951,401,322,1902,681,1529,907,1482,1381
432: 1429,148
1642: 
1551: 
1547: 
436: 
437: 694,1763,592,1469,174,857,1436,830,387,898,2002,610,1843,519,884,323,1163,600,1932,1558,2003,778,1120,309,752,1663,310
1375: 1740,88
439: 787,1659,1156,1623
440: 1364,369
441: 1197
1644: 644,1630,1915,2013,202,133,56,810,2000,173,1772,1855,195,1483,1524,1230,119,1680,751,970,1555,814
1839: 670,1198,1837,2015,1209,231,1188,297,255,547,338,777,339,1865,1754,494,1022,1380,779
444: 
1878: 1852,1934,1095,1390,828,65,723,1633,2005,1572,1838
446: 1476,1602,458,1702,1684,1101,615,350,727,1501,1386,223,2010,1945,1053,1332,1025,383,1169,156
447: 1271,907,154,1482,1381,263,1618,286,451,1600,2008,283,1322,1969,1951,401,709,681,1529,1193
1730: 
449: 
450: 176,40,1885,2004,1017,1682,1700,1142,1292,337,1760,1961,1283,1994,617,190,756,1699,695
451: 263,661,1618,1428,1229,1705,286,315,1621,1154,1715,1600,2008,99,226,283,1322,1465,1368,1266,1580,305,527,1969,1951,401,322,1902,709,681,1529,1193,1271,907,447,154,1482,1381
1834: 205,960,1225,2012,317,1854,1492,284,1845
1966: 1774
454: 1928,1040
455: 642
456: 40,1885,2004,1739,1682,1700,1142,1076,337,1961,1327,695,1863
457: 
458: 1476,1602,1702,1684,1101,615,446,223,2010,1945,296,1053,1332,1025,383,1169,156
459: 
460: 
461: 299,1944,694,1763,592,1469,174,857,1436,830,387,2002,747,1771,323,1111,2003,309
462: 
1665: 808,58,257,2007,276,1150,1886,972,1698,945,249,1828,2006,1552,1608,1687
464: 
1385: 
466: 331,1758,73,1535,2006,1011,1826,1552,808,58,2007,1150,972,1698,249,1828,1367,817,1608
1428: 263,1618,1229,1705,315,1621,1154,847,1715,451,1600,2008,226,1465,1368,1266,1580,305,322
1748: 485,644,1630,319,1451,2013,133,56,2000,173,1772,1855,1569,916,195,1483,1524,1230,1680,970,1052,1555,814,1255,1629,360,1935,1352,14,474,844,669,1604,882,1096
469: 917
1676: 
471: 
1452: 
1630: 485,644,319,1451,1915,2013,133,56,810,2000,1748,173,1772,1855,1569,916,195,1483,1524,1230,1680,751,970,1052,1644,1555,814,474,844,669,1604,882
474: 1629,360,1935,1352,844,669,1604,882,1096,485,644,1630,319,1451,2013,133,2000,1748,1772,1855,1569,916,1483,1680,970,1052
475: 
1837: 670,1198,1839,2015,1209,231,1188,297,255,547,338,1391,777,339,1865,1754,494,1022,1380,779
477: 1287,2009,1638,1647,521,1645,697,495,1046,1487,1395,1943
478: 1393,550,860,1099,707,1044,2014,342,687,1103,1167,1294,207,1888,385,1383
479: 
1763: 299,461,1944,694,592,1469,174,857,1436,437,830,387,2002,747,1771,1843,519,323,600,1111,2003,778,309,752,310
481: 
1801: 
1885: 176,40,450,2004,1739,1017,1682,1700,1142,1076,337,1760,456,1961,1283,1327,1994,1648,617,190,756,695,1863
1942: 598
485: 644,1630,319,1451,1915,2013,133,810,2000,1748,173,1772,1855,1569,916,1483,1524,119,1680,751,970,1555,1526,360,1352,474,844,1257,1604,882,1096
486: 
1664: 1650,1356,1330
1648: 176,40,1885,2004,1700,1142,1076,1961,1283,1327,617,190,756,695,1863
489: 53,982
1857: 
491: 1244,888,1049
492: 
493: 212,1090
494: 670,1198,1837,1839,2015,231,297,255,547,338,777
495: 1287,2009,1995,1638,1647,729,521,1281,1645,1278,697,477,1046,1976,1170,1487,1395,1943,1296,1625
496: 1190
1761: 
498: 241,663
499: 
1400: 
501: 1036,1997
502: 43,1725,1460,239,1685
1948: 
1574: 
1999: 1485,1071,638,1666,1852,532,522,1095,1390,1749,828,65,1633,2005
506: 
507: 1922,1409,1185
508: 
509: 652,831,1521,869,1210,1723,314,373
510: 36
511: 703,2017,1882,261,1119,609,1023,1620,291,544,1718,1303,2011
512: 
513: 
1409: 507,1922,1185
515: 
1699: 617,190,176,40,450,2004,1017,1142,1292,1760,1961,1283,1994
517: 59,1796
1505: 146
519: 1872,898,2002,1564,747,610,1887,1771,1843,1780,884,323,1163,600,1111,299,1944,1763,592,1469,857,1436,437,830,387,1932,1558,634,2003,778,1735,309,752,310
520: 
521: 2009,1995,1638,729,1645,1278,697,495,477,1976,1395,1943,1296,1625
522: 1852,532,1934,1095,1390,828,65,1007,2005,1572,1485,1071,1999,638,1666
523: 
524: 
1831: 
526: 1606,1581,1881,1672
527: 263,1618,1705,1715,451,1600,2008,226,283,1465,1368,1580,305,1969,1951,401,322,1902,709,681,1529,1193,154,1482,1381
1855: 485,644,1630,319,1451,1915,2013,133,56,810,2000,1748,173,1772,1569,916,195,1483,1524,1230,1680,970,1052,1644,1555,814,1629,360,1935,1352,474,844,669,1604,882,1096
529: 
1809: 
531: 958,187,1753,1083,639,2018,1059,1213,597,1431,790
532: 1852,522,1934,1095,1390,1749,828,65,1007,1633,2005,1838,1071,1999,638,1666
533: 
534: 571,1494
535: 
536: 
1420: 
538: 
539: 919,1566,1353
540: 
541: 841,735
542: 958,187,1149,922,1083,2018,825
543: 1643,837,574
544: 703,511,2017,1882,261,1119,609,1023,1620,291,1718,1303,109,2011,1795,1632
545: 1728,1896
546: 1583,1326,1115,625,987,64,168,2019,620,965,1867,848,129,1070,835,1382,1912,915,1074,1401,1
547: 670,1198,1837,1839,2015,1209,231,1188,297,255,338,777,339,1865,1754,494,1022,1380,779
548: 1953
549: 
550: 1393,478,860,1099,1044,2014,1546,687,850,1103,1167,1294,1888,385,1383
551: 1302
552: 
1812: 
554: 1259
555: 
556: 
557: 39,1238,335,629,404,2001,1563,1952,560,674,172,1466,921
1906: 
1991: 1183
560: 39,1238,335,629,557,404,2001,701,1563,1952,674,172,312,1466,921,0,900,1194,142
561: 91,737,45,1626,150,107,1048,1222,1166,117,1797,1261,2016,66,1250
2006: 331,1758,73,466,1535,1011,1826,1552,808,58,257,2007,276,1150,1886,972,1698,1334,945,1665,249,1828,1367,817,1608,1687
563: 1155,1244,1049
1600: 263,661,1618,1428,1229,1705,286,315,1621,1715,451,2008,1322,1465,1368,1266,1580,305,527,1969,1951,401,322,709,681,1529,1193,447,154,1482,1381
565: 1683,1841
1673: 
567: 
1557: 410,379,1141
569: 1984,344
570: 
571: 534,1494
572: 
573: 
574: 1643,543,837
575: 
1586: 1471
1904: 
578: 
579: 1267,961,158
580: 636
581: 1971,1220,1914,955,29
582: 
1744: 
584: 
585: 
1760: 176,40,450,1885,2004,1739,1017,1682,1700,1142,1292,337,1961,1994,190,1699
587: 
1968: 1787,351
589: 329
590: 1009
591: 1277
592: 299,461,1944,694,1763,1469,174,857,1436,437,830,387,2002,1887,1771,1843,519,884,323,600,1111,2003,309
593: 
1962: 151
1766: 
596: 
597: 958,187,1149,922,1753,1083,531,639,2018,825,1213,1431,790
598: 1942
1515: 
600: 1872,898,2002,610,1887,1771,1843,519,884,323,1163,1111,299,1763,592,1469,174,857,1436,437,830,387,1932,1558,2003,778,1120,309,752,1663
1653: 368
602: 
1353: 919,539,1566
604: 
605: 1628
606: 1936,781
1670: 
1747: 
609: 703,511,2017,1882,261,1119,1023,1620,291,544,1718,1303,109,2011,1795,1632
610: 1872,898,2002,1564,1843,519,884,323,1163,600,1469,174,857,1436,437,830,387,1932,1558,634,2003,778,1120,1735,309,752,1663
611: 1862
612: 
1800: 1603,1617,1453
614: 406
615: 1476,1602,458,1702,1684,1736,1101,1734,446,350,727,1501,1386,223,2010,1945,1053,1717,1029,383,1169,156
1479: 712,1898,1098,1199
617: 190,756,1699,176,40,450,1885,2004,1017,1700,1142,1961,1283,1648,695,1863
1377: 
619: 
620: 1583,1326,1115,625,987,168,546,2019,965,1867,848,129,1070,835,1382,1912,1401
621: 1335
622: 1384,265,20
623: 
1594: 656
625: 1583,1115,870,1538,1508,1938,987,64,1196,168,546,2019,620,965,1867,848,129,1070,835,1382,1912,1401,1
626: 1553,1421
1722: 125,1609
628: 
629: 335,557,404,2001,701,1563,1952,560,674,172,312,1466,921,0,900,1194,142,316
630: 
1471: 1586
1708: 
633: 856,350,727,1501,1386,934,980,2010,1509,1717,1332,1029,1169,792
634: 1932,1558,2003,1548,778,1120,1735,1872,898,2002,1564,747,610,1780,519,323,1163,1111,857,1436,309,1663,310
635: 1027
636: 580
1509: 633,856,727,1501,1386,934,980,223,2010,1945,1053,1717,1332,1029,1169,792,156
638: 1485,1071,1999,1666,1852,532,522,1095,1390,65,1007,723,1633,2005,1572
639: 958,187,1149,922,1753,1083,531,2018,825,1213,597,1431,790
640: 
641: 1246
642: 455
1522: 
644: 485,1630,319,1451,1915,2013,202,133,56,810,2000,1748,173,1772,1855,1569,195,1483,1524,1230,119,1680,751,970,1644,1555,814,1526,1255,360,1352,474,844,1257,298,669,1604,882,1096
1806: 1992
646: 
647: 
1603: 1800,1453,1461
1395: 1287,2009,1995,1638,1647,521,1281,1645,1278,697,495,477,1976,1170,1487,1943,1296,1625
1745: 
651: 
652: 831,1521,869,1210,1723,509,314,373
653: 328
654: 1044,2014,342,1546,1146,687,850,1103,1167,1294,207,100,660,1888,1058,1918,385,1383
655: 
656: 1594
657: 1201
658: 
659: 
660: 2014,342,1546,1146,850,1103,1294,654,1888,1058,1918,385,1383
661: 263,1618,1229,1910,1705,286,1621,1154,847,1715,451,1600,2008,99,226,1131,1322,1266,1580,1969,1951,401,322,1902,681,1529,907
662: 
663: 498
664: 
665: 
666: 
1595: 
668: 
669: 1255,1629,360,1935,1352,14,474,844,1604,882,1096,644,1630,1451,2013,202,133,2000,1748,173,1772,1855,195,1524,1230,1680,970,1052,1555,814
670: 1198,1837,1839,2015,1209,231,1188,255,547,338,1391,1175,777,339,1754,494
671: 1326,1115,64,168,2019,965,1867,129,835,1912,915,1074,1401
1472: 
1687: 1608,331,1758,73,2006,1011,1552,58,257,2007,276,1150,1886,1665,249,1828,1367,817
674: 39,1238,335,629,557,404,2001,701,1563,1952,560,172,312,921,0,900,1194,316
1672: 1606,1581,526,1881
676: 
1882: 703,511,2017,261,1119,609,1023,1620,291,544,1718,1303,109,2011,1632
1663: 309,752,310,898,2002,747,610,323,1163,600,694,1469,174,857,1436,437,830,1932,1558,634,2003,1548,778,1120
1477: 
680: 
681: 263,661,1618,1229,1705,286,1621,1154,1715,451,1600,2008,99,226,1131,283,1322,1465,1368,1266,1580,527,1969,1951,401,322,1902,709,1529,1193,1271,907,447,154,1482,1381
1810: 1349,1060
683: 1181,1724,169,891
1983: 
1711: 
686: 
687: 2014,1546,1146,1103,1167,1294,654,1888,385,1383,550,478,860
1643: 543,837,574
689: 
690: 1184
1965: 
692: 902,333,1084
1993: 
694: 299,461,1944,1763,592,1469,174,857,1436,437,830,2002,747,1771,323,1163,1111,2003,778,309,752,1663,310
695: 617,190,756,40,450,1885,2004,1700,1142,1076,456,1283,1648,1863
696: 89
697: 1287,2009,1995,1638,521,1645,495,477,1046,1487,1395,1943
698: 1122
699: 
1916: 
701: 39,629,404,2001,1563,1952,560,674,172,312,1466,921,0,900,1194,142,316
702: 1844,1201,175
703: 511,2017,1882,261,1119,609,1023,1620,291,544,1718,1303,109,2011,1795
1883: 
1971: 181,1914,581,955
706: 
707: 1393,478,860,1099,1044,2014,342,850,1103,1167,97,207,1888,1576,1383
1982: 
709: 263,1618,286,315,1715,451,1600,2008,1465,1368,1266,1580,305,527,681,1529,1193,447,154,1482,1381
1490: 403
1590: 329,1054
712: 1898,1479,1098,1199
713: 924,184
714: 211,1868
715: 
1489: 1160
1566: 919,539,1353
1662: 1601,92,991
719: 345,136
720: 
721: 
1567: 
723: 1852,1934,1095,1390,828,65,1007,1633,2005,1572,1878,1838,1071,638,1666
1758: 331,73,466,1535,2006,1011,1552,58,2007,1150,1828,1367,817,1608,1687
1775: 1253
1550: 
727: 633,856,350,1501,1386,980,223,2010,1945,1509,1053,1717,1029,383,1169,156,1602,1684,1736,1101,615,446
1785: 
729: 2009,1995,521,1645,1278,495,1976,1170,1296,1625
730: 
1575: 
732: 1158,151
733: 
1977: 1174
735: 541,841
736: 
737: 91,45,1626,150,990,107,1048,1222,561,1050,1543,1166,117,1797,1261,1584,2016,66,1250
1997: 501,1036
739: 
1552: 331,1758,73,466,1535,2006,1011,58,2007,276,1150,1886,1334,1665,249,1828,1367,817,1608,1687
1912: 1583,1326,1115,671,1938,625,987,64,168,546,2019,620,965,1867,129,1070,835,915,1074,1401,1
742: 
1710: 359
744: 1289,149
745: 
1911: 
747: 898,2002,1771,1780,519,323,1163,1111,461,1944,694,1763,1469,857,1436,830,1932,1558,634,2003,1548,778,1735,309,1663,310
1637: 
1817: 147,1652,1506
750: 
751: 485,644,1630,319,1915,2013,133,810,2000,1772,1569,1483,1524,119,970,1644,1555,1526,360,1257,1604,882,1096
752: 309,1663,310,898,2002,610,1843,519,323,1163,600,694,1763,1469,174,857,1436,437,830,387,1932,1558,2003,1548,778,1120
753: 
1928: 454,1040
755: 2012,317,262,1239,1854,1492,284,1845,960,1225
756: 617,190,176,40,450,1885,2004,1017,1700,1142,337,1961,1283,1648,695,1863
757: 
758: 
759: 1996
760: 41,1320
761: 
1838: 1852,532,1934,1095,1749,828,723,1633,2005,1878
763: 
1753: 958,187,1149,922,1083,531,639,2018,825,1059,1213,597,1431,790
765: 1743,1931,25
766: 1846
767: 1328
1453: 1800,1603
2004: 176,40,450,1885,1739,1017,1682,1700,1142,1292,1076,337,1760,456,1961,1283,1327,1994,1648,617,190,756,1699,695,1863
770: 1412
771: 128,144
1401: 1074,1,1583,1326,1115,671,1938,625,64,546,2019,620,965,1867,848,129,1070,1912
1954: 
1622: 
775: 805,44,13
776: 279,204
777: 670,1198,1837,1839,2015,1209,231,1188,297,255,547,338,1391,1175,339,1865,1754,494,1022,779
778: 1932,1558,634,2003,1548,1120,1735,1872,898,2002,1564,747,610,1771,1843,1780,519,884,323,1163,600,1111,1944,694,1763,1469,174,857,1436,437,830,387,309,752,1663,310
779: 1022,1380,1198,1837,1839,2015,1209,231,1188,297,547,338,1391,777,1865,1754
780: 1277
781: 1936,606
782: 1990
783: 266
1863: 617,756,40,1885,2004,1682,1700,1142,1076,337,456,1961,1327,1648,695
785: 1298
1903: 
787: 1659,1156,1623,439
788: 845,1107
1588: 
790: 958,187,1753,1083,531,639,2018,1059,1213,597,1431
791: 1781
792: 633,856,1501,1386,934,980,223,2010,1945,1509,296,1053,1332,1029,1025,383,1169,156,1702,1101
1429: 432,148
1889: 
795: 
796: 
1696: 
798: 904
799: 
1553: 1421,626
1626: 91,737,45,150,107,1048,1222,561,2016,1250
2012: 317,262,1239,755,1854,1492,284,1845,205,1834,960,1225
1900: 
1779: 
805: 775,13
806: 
807: 
808: 58,257,2007,1150,972,1698,1334,945,1665,249,1828,331,73,466,1535,2006,1011,1826
809: 
810: 485,644,1630,319,1451,1915,2013,133,56,2000,1772,1855,1569,916,1483,1524,119,751,970,1644,1555,1526
1731: 
1494: 534,571
1893: 1324
814: 644,1630,1915,2013,202,133,56,2000,1748,173,1772,1855,1569,195,1483,1524,1230,119,1680,970,1052,1644,1555,1255,360,844,298,669,1604,1096
815: 363,170
816: 
817: 1367,331,1758,466,2006,1011,1552,58,2007,276,1150,1828,1608,1687
818: 1585,101
1499: 
1823: 346
2011: 1718,1303,109,1795,1632,703,511,2017,1882,261,1119,609,1023,1620,291,544
822: 
1518: 
824: 
825: 958,542,187,1149,922,1753,1083,639,2018,1213,597,1431
1640: 
827: 
828: 1852,532,522,1934,1095,1390,1749,65,1007,723,1633,2005,1572,1878,1838,1071,1999,1666
1392: 
830: 299,461,1944,694,1763,592,1469,174,857,1436,437,387,1872,898,2002,1564,747,610,1887,1771,1843,1780,519,884,323,1163,600,1111,1932,1558,2003,778,309,752,1663,310
831: 652,1521,869,1210,1723,509,373
1399: 
1754: 670,1198,1837,1839,2015,1209,231,1188,297,547,338,1391,777,339,1865,1022,1380,779
834: 
835: 1326,1115,671,625,987,168,546,2019,620,965,1867,129,1382,1912,915
836: 1056
837: 1643,543,574
838: 
839: 982
1466: 39,629,557,404,2001,701,1563,1952,560,172,312,921,0,900,1194,142,316
841: 541,735
1427: 
1887: 1872,898,2002,1564,1771,1843,1780,519,884,323,1163,600,1111,299,1944,592,1469,1436,830,387,2003
844: 1671,1255,1629,360,1935,1352,14,474,1257,298,669,1604,882,1096,485,644,1630,319,1451,2013,202,133,2000,1748,173,1772,1855,1569,195,1483,1524,1230,1680,970,1052,1555,814,1526
845: 1107,788
846: 1614
847: 263,661,1618,1428,1229,1910,1705,1621,1154,1715,2008,226,1465,1580,305,1969,322,1902
848: 1583,1115,870,1538,1508,1938,625,987,1196,546,2019,620,965,1867,1070,1382,1401,1
1774: 1966
850: 1044,2014,342,1546,1146,1103,1167,1294,654,97,207,100,660,1888,1058,1918,385,1576,1383,550,860,1099,707
851: 
1407: 
853: 861
1431: 958,187,922,1753,1083,531,639,2018,825,1059,1213,597,790
855: 943
856: 633,350,727,1501,1386,934,980,2010,1945,1509,296,1717,1332,1029,383,1169,792,156,1684,1736,1101,1734
857: 299,461,1944,694,1763,592,1469,174,1436,437,830,387,898,2002,747,610,1771,1843,519,323,1163,600,1111,1932,1558,634,2003,778,1120,309,752,1663,310
858: 
859: 1726
860: 1393,550,478,1099,707,1044,2014,342,1546,1146,687,850,1103,1167,1294,97,207,1888,1058,385,1576,1383
861: 853
862: 1462,1827
1718: 1303,109,2011,1795,1632,703,511,2017,1882,261,1119,609,291,544
1596: 
1978: 1901
1784: 
867: 
1485: 1071,1999,638,1666,522,1095,1390,65,1007,2005,1572
869: 652,831,1521,1210,1723,509,373
870: 1583,1115,1538,1508,1938,625,987,1196,2019,848,1070,1
871: 
872: 
2009: 1287,1995,1638,1647,729,521,1281,1645,1278,697,495,477,1046,1976,1170,1487,1395,1943,1296,1625
874: 
1572: 1852,522,1934,1095,1390,828,65,1007,723,1633,2005,1878,1485,638,1666
876: 1448
1723: 652,831,1521,869,1210,509,373
878: 
1620: 703,511,2017,1882,1119,609,1023,291,544,1303,109,2011,1795
880: 
1610: 
882: 1671,1255,1629,360,1935,1352,14,474,844,1257,298,669,1604,1096,485,644,1630,319,1451,2013,133,2000,1748,173,1772,1855,1569,1483,1524,1680,751,970,1526
883: 
884: 1872,898,2002,1564,610,1887,1771,1843,1780,519,323,1163,600,1111,299,592,1469,1436,437,830,387,1932,1558,2003,778,1735
885: 
886: 264,352,1646
887: 
888: 1244,1077,491
1996: 759,399
1852: 532,522,1934,1095,1390,1749,828,65,723,1633,2005,1572,1878,1838,1071,1999,638,1666
891: 1181,683
1871: 
893: 
1411: 
895: 254
1958: 
897: 
898: 1872,2002,1564,747,610,1887,1771,1843,1780,519,884,323,1163,600,1111,1469,857,1436,437,830,387,1932,1558,634,2003,1548,778,1120,1735,309,752,1663,310
899: 
900: 39,335,629,404,2001,701,1563,1952,560,674,172,312,1466,921,0,1194,142,316
901: 
902: 692,333,1084
903: 
904: 798
905: 415,90
1473: 
907: 1271,447,1482,1381,661,1618,1229,1705,286,451,2008,99,1131,283,1322,1969,1951,401,681,1529
908: 
1915: 485,644,1630,319,2013,202,133,56,810,2000,173,1772,1855,1569,1483,1524,1230,119,1680,751,970,1644,1555,814,1526,1096
910: 
911: 240,1426
1972: 
913: 1242,1256,1804,1488
914: 
915: 1326,671,168,546,2019,965,129,835,1912,1074
916: 485,1630,319,1451,2013,56,810,2000,1748,1772,1855,195,1483,1680,970,1052,1555,1629,474,1604
917: 1450,469
1511: 
919: 539,1566,1353
920: 
921: 39,1238,335,629,557,404,2001,701,1563,1952,560,674,172,312,1466,0,900
922: 958,542,187,1149,1753,639,2018,825,1213,597,1431
1450: 917
924: 713,184
1495: 
1716: 420
927: 
1902: 263,661,1618,1229,1910,1705,1621,1154,847,451,2008,99,226,1131,283,1322,1580,527,1969,1951,401,322,681,1381
1364: 369,440
930: 
931: 
1650: 1356,1330,1664
1381: 1271,907,447,154,1482,263,1618,1705,286,451,1600,2008,99,226,1131,283,1322,1368,1580,527,1969,1951,401,1902,709,681,1529,1193
934: 633,856,350,1501,1386,980,2010,1945,1509,296,1717,1332,1029,383,1169,792,156,1702,1101
935: 123,1241
936: 
937: 
1790: 
939: 
940: 
1847: 
942: 
943: 855
944: 1181
945: 808,257,2007,276,1150,1886,972,1698,1334,1665,249,73,2006,1826
1402: 254
1573: 
1492: 2012,317,262,1239,755,1854,284,1845,205,1834,960,1225
1555: 485,644,1630,319,1451,1915,2013,202,133,56,810,2000,1748,173,1772,1855,1569,916,195,1483,1524,1230,119,1680,751,970,1052,1644,814,844,669,1604,1096
950: 1856
1843: 1872,898,2002,1564,610,1887,1771,519,884,323,1163,600,1111,299,1944,1763,592,1469,174,857,1436,437,830,387,1558,2003,778,752
952: 
1884: 
1953: 548
955: 181,1971,1220,1914,581
1391: 670,1198,1837,2015,1209,231,1188,297,255,338,1175,777,339,1865,1754,1022,779
957: 
958: 542,187,1149,922,1753,1083,531,639,2018,825,1213,597,1431,790
1523: 1218
960: 205,1834,1225,2012,317,262,1239,755,1854,1492,284
961: 1267,579,158
1945: 856,350,727,1501,1386,934,980,223,2010,1509,296,1053,1717,1332,1029,1025,383,1169,792,156,1476,1602,458,1702,1684,1101,615,446
1638: 1287,2009,1995,1647,521,1281,1645,1278,697,495,477,1046,1976,1170,1487,1395,1943,1296,1625
964: 
965: 1583,1326,1115,671,1938,625,987,64,1196,168,546,2019,620,1867,848,129,835,1382,1912,915,1401
966: 
967: 1825
968: 
969: 1853
970: 485,644,1630,319,1451,1915,2013,202,133,56,810,2000,1748,173,1772,1855,1569,916,195,1483,1524,1230,119,1680,751,1052,1644,1555,814,1526,1255,1629,360,1935,1352,474,844,1257,298,669,1604,882,1096
971: 
972: 808,58,257,2007,276,1150,1886,1698,945,1665,249,1828,73,466,2006
973: 
974: 
1933: 
1950: 
977: 1097,1527
1706: 
1451: 485,644,1630,319,2013,133,56,810,2000,1748,1772,1855,916,195,1483,1680,970,1052,1555,1629,360,1935,1352,474,844,669,1604,882
980: 633,856,350,727,1501,1386,934,223,2010,1945,1509,1053,1717,1029,1169,792
1846: 766
982: 489,53,839
1583: 1326,1115,870,1538,1508,1938,625,987,64,1196,546,2019,620,965,1867,848,129,1070,1382,1912,1401,1
984: 
985: 
986: 
987: 1583,1326,1115,870,1508,1938,625,1196,168,546,2019,620,965,1867,848,129,1070,835,1382,1912
1681: 
1905: 
990: 91,737,150,1048,1050,1543,117,2016,66
991: 1601,1662,92
992: 
993: 1690
994: 
995: 
1783: 
997: 
998: 1531,1439
1460: 43,1725,239,502,1685
1000: 
1571: 
1002: 
1003: 
1686: 
1005: 1065
1006: 1349,1060
1007: 532,522,1934,1095,1390,828,65,723,2005,1572,1485,1071,638,1666
1008: 
1009: 590
1749: 1852,532,1095,1390,828,1633,2005,1838,1071,1999
1011: 331,1758,73,466,1535,2006,1826,1552,808,58,2007,276,1150,1886,1698,1334,249,1828,1367,817,1608,1687
1636: 
1647: 1287,2009,1638,1281,1645,495,477,1046,1976,1170,1487,1395,1943,1296
1685: 43,1725,1460,239,502
1767: 
1740: 1375,88
1017: 176,40,450,1885,2004,1682,1700,1142,1292,337,1760,1961,1283,1994,617,190,756,1699
1459: 
1793: 
1587: 
1361: 
1022: 1380,779,1198,1837,1839,2015,1209,1188,297,547,1391,777,339,1865,1754
1023: 703,511,2017,1882,609,1620,291,544,1303,109,2011,1795,1632
1682: 176,40,450,1885,2004,1739,1017,1700,1142,1292,1076,337,1760,456,1961,1327,1863
1025: 1501,1386,223,2010,1945,296,1053,1332,383,1169,792,156,1602,458,1702,1684,1101,446
1026: 
1027: 635
1931: 1743,25,765
1029: 633,856,350,727,1501,1386,934,980,223,2010,1945,1509,296,1053,1717,1332,383,1169,792,156,1702,1684,1736,1101,1734,615
1030: 
1715: 263,661,1618,1428,1229,1705,286,315,1621,1154,847,451,1600,2008,226,1465,1368,1266,1580,305,527,1969,401,322,709,681,1529,1193
1604: 1255,1629,360,1935,1352,14,474,844,1257,669,882,1096,485,644,1630,319,1451,2013,133,56,2000,1748,173,1772,1855,1569,916,195,1483,1524,1230,1680,751,970,1052,1555,814
1033: 340
1034: 
1378: 
1036: 501,1997
1037: 
1561: 1319,1539
1436: 299,461,1944,694,1763,592,1469,174,857,437,830,387,898,2002,1564,747,610,1887,1771,1843,1780,519,884,323,1163,600,1111,1932,1558,634,2003,778,309,752,1663,310
1040: 1928,454
1041: 
1957: 
2016: 1050,1543,1166,117,1797,1261,1584,66,293,287,1250,91,737,45,1626,150,990,107,1048,1222,561
1044: 2014,342,1546,1146,850,1103,1167,1294,654,97,207,100,1888,1058,385,1576,1383,1393,550,478,860,1099,707
1970: 1639
1046: 1287,2009,1638,1647,697,495,477,1487,1943
1047: 
1048: 91,737,45,1626,150,990,107,1222,561,1050,1166,117,1797,2016,66,1250
1049: 1155,1244,491,563
1050: 1543,1166,117,1797,1261,1584,2016,66,287,91,737,150,990,1048,1222
1051: 277,1290
1052: 1630,319,1451,2013,133,56,2000,1748,173,1772,1855,916,195,1483,1230,1680,970,1555,814,1629,1935,1352,474,844,669,1604
1053: 350,727,1501,1386,980,223,2010,1945,1509,1717,1029,1025,383,1169,792,156,1602,458,1702,1684,1101,615,446
1054: 329,1590
1055: 
1056: 836
1582: 
1058: 1044,2014,342,1546,1146,850,1103,1294,654,97,207,100,660,1888,1918,385,1576,1383,860,1099
1059: 187,1753,1083,531,2018,1213,1431,790
1060: 1810,1349,1006
1061: 1331,1818,122
1975: 
1063: 8
1925: 
1065: 1005
1066: 
1773: 
1068: 
1963: 1252
1070: 1583,1115,870,1538,1508,1938,625,987,546,2019,620,848,1912,1401,1
1071: 1485,1999,638,1666,1852,532,522,1095,1390,1749,828,65,1007,723,1633,2005
1072: 
1725: 43,1460,239,502,1685
1074: 1401,1,915,1326,671,64,546,2019,129,1912
2018: 958,542,187,1149,922,1753,1083,531,639,825,1059,1213,597,1431,790
1076: 176,40,1885,2004,1739,1682,1700,1142,456,1961,1283,1327,1648,695,1863
1077: 888
1802: 
1079: 
1080: 
1081: 138
1690: 993
1083: 958,542,187,1753,531,639,2018,825,1059,1213,597,1431,790
1084: 902,692,333
1517: 
1528: 
1087: 
1521: 652,831,869,1210,1723,509,373
1089: 
1090: 493,212
1091: 
1092: 
1795: 1718,1303,109,2011,1632,703,2017,609,1023,1620,291,544
1094: 
1095: 1852,532,522,1934,1390,1749,828,65,1007,723,1633,2005,1572,1878,1838,1485,1071,1999,638,1666
1096: 1671,1255,360,1935,1352,14,474,844,1257,298,669,1604,882,485,644,319,1915,2013,202,133,2000,1748,173,1772,1855,1569,1483,1524,1230,119,1680,751,970,1555,814,1526
1097: 977,1527
1098: 712,1898,1479,1199
1099: 1393,550,478,860,707,1044,2014,1546,850,1103,97,207,1888,1058,385,1576,1383
1961: 176,40,450,1885,2004,1739,1017,1682,1700,1142,1292,1076,337,1760,456,1283,1327,1648,617,190,756,1699,1863
1101: 1476,1602,458,1702,1684,1736,1734,615,446,856,350,727,1501,1386,934,223,2010,1945,296,1053,1332,1029,1025,383,1169,792,156
1514: 
1103: 1044,2014,342,1546,1146,687,850,1167,1294,654,97,207,660,1888,1058,385,1576,1383,1393,550,478,860,1099,707
1104: 
1105: 
1106: 
1107: 845,788
1108: 
1548: 1932,1558,634,2003,778,1120,1735,898,2002,747,323,1163,309,752,1663,310
1110: 
1111: 1872,898,2002,1564,747,1887,1771,1843,1780,519,884,323,1163,600,299,461,1944,694,1763,592,1469,174,857,1436,830,387,1932,634,2003,778,309,310
1739: 1885,2004,1682,1700,1292,1076,337,1760,456,1961,1327
1113: 
1538: 1583,1115,870,1508,1938,625,64,1196,2019,1867,848,1070,1
1115: 1583,1326,870,671,1538,1508,1938,625,987,64,1196,168,546,2019,620,965,1867,848,129,1070,835,1382,1912,1401,1
1876: 
1564: 1872,898,2002,610,1887,1771,1843,1780,519,884,323,1163,1111,1944,1436,830,387,1932,634,2003,778,1735
1118: 
1119: 703,511,2017,1882,261,609,1620,291,544,1718,109,2011
1120: 1932,1558,634,2003,1548,778,898,2002,610,323,1163,600,174,857,437,309,752,1663,310
1421: 1553,626
1122: 698
1123: 
1897: 
1125: 
1126: 
1127: 
1919: 1157,1177
1951: 263,661,1618,1229,1910,1705,286,1621,1154,451,1600,2008,99,226,1131,283,1322,1266,1580,527,1969,401,1902,681,1529,1271,907,447,1482,1381
1130: 
1131: 661,1618,1229,1910,1705,286,1621,1154,2008,99,226,283,1322,1969,1951,401,1902,681,907,1381
1607: 
1372: 
1976: 1287,2009,1995,1638,1647,729,521,1281,1645,1278,495,1170,1487,1395,1943,1296,1625
2015: 670,1198,1837,1839,1209,231,1188,297,255,547,338,1391,1175,777,339,1865,1754,494,1022,1380,779
1646: 264,352,886
1390: 1852,532,522,1934,1095,1749,828,65,1007,723,1633,2005,1572,1878,1485,1071,1999,638,1666
1476: 1602,458,1702,1684,1736,1101,1734,615,446,350,1501,2010,1945,296,383,156
1139: 
1140: 
1141: 410,1557,379
1142: 176,40,450,1885,2004,1017,1682,1700,1076,337,1760,456,1961,1283,1327,1648,617,190,756,1699,695,1863
1444: 183
1780: 1872,898,2002,1564,747,1887,1771,519,884,323,1163,1111,1944,1436,830,1932,1558,634,2003,778,1735,310
1437: 
1146: 1044,2014,342,1546,687,850,1103,1167,1294,654,97,207,100,660,1888,1058,1918,385,1383,860
1147: 
1717: 633,856,350,727,1501,1386,934,980,2010,1945,1509,1053,1029,383,1169,1736,615
1149: 958,542,187,922,1753,639,2018,825,597
1150: 808,58,257,2007,276,1886,972,1698,1334,945,1665,249,1828,331,1758,73,466,1535,2006,1011,1826,1552,1367,817,1608,1687
1386: 633,856,350,727,1501,934,980,223,2010,1945,1509,296,1053,1717,1332,1029,1025,383,1169,792,156,1602,1702,1684,1736,1101,615,446
1844: 702,1201,175
1659: 787,1156,1623,439
1154: 263,661,1618,1428,1229,1910,1705,1621,847,1715,451,2008,99,226,1131,283,1322,1266,1580,1969,1951,401,322,1902,681
1155: 1244,563,1049
1156: 787,1659,1623,439
1157: 1919,1177
1158: 732
1159: 1319,1539
1160: 1489
1393: 550,478,860,1099,707,1044,2014,1103,97,207,1576,1383
2005: 1852,532,522,1934,1095,1390,1749,828,65,1007,723,1633,1572,1878,1838,1485,1071,1999,638,1666
1163: 1872,898,2002,1564,747,610,1887,1771,1843,1780,519,884,323,600,1111,1944,694,1469,857,1436,437,830,387,1932,1558,634,2003,1548,778,1120,1735,309,752,1663,310
1164: 178,234
1165: 
1166: 1050,1543,117,1797,1261,1584,2016,66,293,287,1250,91,737,150,1048,1222,561
1167: 1044,2014,342,1146,687,850,1103,1294,654,97,207,1888,385,1383,550,478,860,707
1168: 
1169: 633,856,350,727,1501,1386,934,980,223,2010,1945,1509,296,1053,1717,1332,1029,1025,383,792,156,1602,458,1702,1684,1101,615,446
1170: 1287,2009,1995,1638,1647,729,1281,1645,1278,495,1976,1487,1395,1943,1296,1625
1171: 
1698: 808,58,257,2007,276,1150,1886,972,1334,945,1665,249,1828,73,466,2006,1011,1826
1173: 
1174: 1977
1175: 670,1198,2015,1209,1188,255,1391,777,339,1865
1872: 898,2002,1564,610,1887,1771,1843,1780,519,884,323,1163,600,1111,830,1932,1558,634,2003,778,1735
1177: 1919,1157
1178: 
1943: 1287,2009,1995,1638,1647,521,1281,1645,697,495,477,1046,1976,1170,1487,1395,1296
1546: 1044,2014,342,1146,687,850,1103,1294,654,207,660,1888,1058,1918,385,1383,550,860,1099
1181: 944,683,169,160,891
1182: 1448
1183: 1991
1184: 690
1185: 507,1922,1409
1719: 
1187: 
1188: 670,1198,1837,1839,2015,1209,231,255,547,1391,1175,777,339,1865,1754,1022,1380,779
1727: 
1190: 496
1798: 
1192: 
1193: 263,1618,286,1715,451,1600,2008,226,283,1465,1368,1580,305,527,401,322,709,681,1529,1271,447,154,1482,1381
1194: 142,316,39,629,404,2001,701,1563,1952,560,674,172,312,1466,0,900
1195: 
1196: 1583,1115,870,1538,1508,1938,625,987,64,168,2019,965,1867,848,1382
1197: 441
1198: 670,1837,1839,2015,1209,231,1188,297,255,547,338,1391,1175,777,339,1865,1754,494,1022,1380,779
1199: 712,1898,1479,1098
1200: 
1201: 702,1844,657
1202: 
1203: 
1204: 288
1734: 1476,1602,1702,1684,1736,1101,615,856,350,1501,2010,296,1029,383,156
1842: 
1544: 
1208: 
1209: 670,1198,1837,1839,2015,231,1188,255,547,338,1391,1175,777,339,1865,1754,1022,1380,779
1210: 652,831,1521,869,1723,509,373
1794: 
1769: 
1213: 958,187,922,1753,1083,531,639,2018,825,1059,597,1431,790
1952: 39,1238,335,629,557,404,2001,701,1563,560,674,172,312,1466,921,0,900,1194
1804: 1256,913
1216: 1413
1217: 
1218: 1523
1558: 1932,634,2003,1548,778,1120,1735,1872,898,2002,747,610,1843,1780,519,884,323,1163,600,1469,174,857,1436,437,830,309,752,1663,310
1220: 1914,581,955,29
1221: 
1222: 91,737,45,1626,150,107,1048,561,1050,1543,1166,117,1797,1261,1584,2016,66,1250
1516: 
1478: 84,33
1225: 205,1834,960,2012,317,262,1239,755,1492,284,1845
1679: 
1227: 
2013: 485,644,1630,319,1451,1915,202,133,56,810,2000,1748,173,1772,1855,1569,916,195,1483,1524,1230,119,1680,751,970,1052,1644,1555,814,1526,1671,1255,1629,360,1935,1352,14,474,844,1257,298,669,1604,882,1096
1229: 263,661,1618,1428,1910,1705,286,315,1621,1154,847,1715,451,1600,2008,99,1131,1322,1465,1266,1580,1969,1951,401,322,1902,681,1529,907
1230: 644,1630,1915,2013,202,133,56,2000,1748,173,1772,1855,1569,195,1483,1524,119,1680,970,1052,1644,1555,814,1526,1255,844,298,669,1604,1096
1462: 862,1827
1721: 
1233: 
1234: 
1914: 181,1971,1220,581,955,29
1868: 714,211
1237: 
1238: 39,335,557,2001,1563,1952,560,674,172,312,921,0
1239: 2012,317,262,755,1854,1492,284,1845,960,1225
1936: 606,781
1241: 935,123
1242: 1256,913,1488
1633: 1852,532,1095,1390,1749,828,65,723,2005,1572,1878,1838,1071,1999,638,1666
1244: 1155,491,888,563,1049
1245: 
1246: 641
1608: 1687,331,1758,466,2006,1011,1552,58,2007,276,1150,1665,249,1828,1367,817
1248: 
1249: 
1250: 1166,117,1797,1261,1584,2016,66,293,91,737,45,1626,150,107,1048,1222,561
1251: 106,1519,292
1252: 1963
1253: 1775
1254: 
1255: 1671,360,1935,1352,14,844,1257,298,669,1604,882,1096,644,2013,202,133,2000,1748,173,1569,1524,1230,119,1680,970,814,1526
1256: 1242,913,1804,1488
1257: 1671,1255,360,1352,14,844,298,1604,882,1096,485,644,2013,202,133,2000,173,1772,1569,1524,119,751,970,1526
1666: 1485,1071,1999,638,1852,532,522,1934,1095,1390,828,65,1007,723,1633,2005,1572
1259: 554,38
1533: 
1261: 1050,1543,1166,117,1797,1584,2016,66,293,287,1250,91,737,150,1222,561
1890: 
1658: 
1960: 
1797: 1050,1543,1166,117,1261,1584,2016,66,293,287,1250,91,737,150,107,1048,1222,561
1266: 263,661,1618,1428,1229,1910,1705,286,315,1621,1154,1715,451,1600,2008,1322,1465,1368,1580,1969,1951,401,322,709,681,1529
1267: 961,579,158
1628: 605
1379: 
1563: 39,1238,335,629,557,404,2001,701,1952,560,674,172,312,1466,921,0,900,1194,142,316
1271: 907,447,154,1482,1381,286,451,2008,283,1951,401,681,1529,1193
1272: 34
1684: 1476,1602,458,1702,1736,1101,1734,615,446,856,350,727,1501,1386,223,2010,1945,296,1053,1029,1025,383,1169,156
1671: 1255,360,1935,1352,14,844,1257,298,882,1096,2013,202,133,2000,173,1569,1526
1818: 122,1331,1061
1276: 1764,256
1277: 591,780
1278: 2009,1995,1638,729,521,1281,1645,495,1976,1170,1395,1296,1625
1279: 
1448: 1182,876
1281: 1287,2009,1638,1647,1645,1278,495,1976,1170,1487,1395,1943,1296,1625
1506: 147,1817,1652
1283: 176,40,450,1885,2004,1017,1700,1142,1292,1076,1961,1648,617,190,756,1699,695
1284: 1468
1488: 1242,1256,913
1440: 
1287: 2009,1995,1638,1647,1281,1645,697,495,477,1046,1976,1170,1487,1395,1943,1296,1625
1288: 
1289: 744,149
1290: 277,1051
1291: 
1292: 176,40,450,2004,1739,1017,1682,1700,337,1760,1961,1283,1994,190,1699
1293: 
1294: 1044,2014,342,1546,1146,687,850,1103,1167,654,207,100,660,1888,1058,1918,385,1383,550,478,860
1888: 1044,2014,342,1546,1146,687,850,1103,1167,1294,654,97,207,100,660,1058,1918,385,1576,1383,550,478,860,1099,707
1296: 1287,2009,1995,1638,1647,729,521,1281,1645,1278,495,1976,1170,1487,1395,1943,1625
1297: 
1298: 785
1299: 
1300: 
1881: 1606,1581,526,1672
1302: 551
1303: 1718,109,2011,1795,1632,703,511,2017,1882,261,609,1023,1620,291,544
1382: 1583,1115,1508,625,987,1196,168,546,2019,620,965,1867,848,835
1305: 
1306: 
1307: 1691
1830: 
1309: 
1365: 20
1311: 
1312: 
1313: 1949
1569: 485,644,1630,319,1915,2013,202,133,810,2000,1748,173,1772,1855,1483,1524,1230,119,1680,751,970,1555,814,1526,1671,1255,360,1352,474,844,1257,298,1604,882,1096
1315: 
1316: 
2008: 263,661,1618,1428,1229,1910,1705,286,315,1621,1154,847,1715,451,1600,99,226,1131,283,1322,1465,1368,1266,1580,305,527,1969,1951,401,322,1902,709,681,1529,1193,1271,907,447,154,1482,1381
1651: 47
1319: 1539,1159,1561
1320: 760,41
1808: 
1322: 661,1618,1229,1910,1705,286,1621,1154,451,1600,2008,99,1131,1266,1969,1951,401,1902,681,1529,907,447,1381
1323: 
1324: 1893
1539: 1319,1159,1561
1326: 1583,1115,671,987,64,168,546,2019,620,965,1867,129,835,1912,915,1074,1401,1
1327: 176,40,1885,2004,1739,1682,1700,1142,1076,337,456,1961,1648,1863
1328: 1504,767
1329: 
1330: 1650,1356,1664
1331: 1061,1818,122
1332: 633,856,1501,1386,934,223,2010,1945,1509,296,1029,1025,383,1169,792,156,1602,458,1702,1101,446
1736: 1476,1602,1684,1101,1734,615,856,350,727,1501,1386,2010,1717,1029,383
1334: 808,2007,276,1150,1886,1698,945,249,73,1535,2006,1011,1826,1552
1335: 621
1336: 419
1483: 485,644,1630,319,1451,1915,2013,133,56,810,2000,1748,173,1772,1855,1569,916,195,1524,1230,119,1680,751,970,1052,1644,1555,814,474,844,1604,882,1096
1338: 
1339: 
1384: 265,622,20
2003: 1932,1558,634,1548,778,1120,1735,1872,898,2002,1564,747,610,1887,1771,1843,1780,519,884,323,1163,600,1111,299,461,1944,694,1763,592,1469,174,857,1436,437,830,387,309,752,1663,310
1576: 1044,2014,342,850,1103,97,207,1888,1058,1383,1393,860,1099,707
1691: 1307
1367: 817,331,1758,466,2006,1011,1552,58,2007,1150,1828,1608,1687
1345: 
1346: 179
1909: 235,1423
1348: 
1349: 1810,1060,1006
1350: 390,3