0: 1952,1194,900,2001,335,404,1238,560,316,629,921,312,172
1: 168,2019,1538,620,546,1938,1070,1401,1490,987,1326,1508,671,625,129,1171,1583,848,64,1912,1115
1946: 
3: 
4: 
5: 
6: 1383,1058,1576,707,2014,385,550,342,660,1167,1393,654,850,860,97,1103,1546,1294,1146,1044,1888,1918
7: 
8: 
2008: 681,322,1266,305,447,1322,1951,1154,1902,1705,401,661,1580,1910,1600,226,1193,286,283,263,1621,847,315,451,1969,154,99,1529,1229,1618,1482,1131,1715,709,1428,469,1381,527,1368,1465
1461: 
1617: 
12: 
13: 277,775
14: 2013,1483,56,319,1630,2000,1524,810,669,1644,814,1052,1352,1255,195,202,133,798,1569,1526,1604,644
1922: 
2007: 1367,1698,808,817,1826,73,466,1535,276,1552,1011,972,1608,2006,1828,1665,249,945,257,1081,1886,1334,1758,1687,1150,58,331
1405: 1804,1319,622
18: 
1496: 
20: 
21: 
1826: 1367,1698,808,817,2007,73,466,1535,2006,1665,257,1081,1886,1758,1687,1150,331
1487: 477,1296,1943,2009,1046,495,1647,1976,1638,1645
1611: 
25: 1488,765,1550
26: 355
1995: 477,1296,521,1625,1943,697,729,1281,2009,1046,495,1287,1647,232,1278,1395,1645,1170
1493: 1330
29: 955,581
1577: 194
1853: 1055
1994: 1699,1739,456,190,1648,40,756,1327,1292,695,2004,1863,1682,1760,617,450,1700,1142,1371,1017
33: 
34: 690,1531,128
1351: 
36: 
37: 
38: 1197,53,596
39: 1466,557,172,701,1952,1194,2001,1563,335,1238,560,316,629,921,142
40: 1699,1739,456,190,1648,756,1292,695,2004,1682,1760,1994,337,617,1700,1283,1076
41: 1962
42: 1737
43: 
44: 1104,212,696
45: 150,107,66,1584,1222,287,1048,2016,1250,1626,1543,1050,990,1261
1412: 1971,872,70,770
47: 1061,964,502,239
1465: 907,1322,1951,1154,1902,1910,2008,263,1621,451,1618
1441: 
50: 1523,1249
2017: 1620,544,109,261,1632,1718,609,703,1119,1795,1882,2011,291,1023,511,1303
52: 713,1740,88
53: 1197,38,596
1426: 247
1535: 1367,1698,817,2007,1826,73,466,1011,2006,1828,1665,249,257,1081,1886,1334,1758,1687,1150
56: 1671,2013,1483,319,1630,2000,1451,1524,1748,810,1644,360,882,485,1629,814,1352,474,195,197,133,1555,1935,1230,14,1569,1526,844,970,1604,644,119,1915
57: 251
58: 1552,1011,972,1608,2006,1828,1665,249,945,257,1758,1687,1150,331,276,2007
59: 1824,1009,351,1997,1897,1089
1703: 
1368: 1580,1600,2008,226,1229,527
62: 
1688: 
64: 168,2019,1538,620,546,1938,1070,1,1401,1490,987,1326,1508,671,625,848,1196,870,1912,1115
65: 723,1852,2005,1878,1999,1934,522,1071,1572,1095,1390
66: 1584,1222,561,91,287,1797,117,293,737,1048,2016,1166,1250,150,107,45,1626,1050,1261
1345: 
68: 1313,1726,1521
1898: 
70: 872,770,1412
1896: 
1618: 681,322,1266,305,447,1322,1951,1154,1902,1705,401,1910,2008,1193,286,283,263,1621,315,451,1969,154,99,1529,1482,1131,1715,1428,469,1465
73: 1367,1698,808,817,2007,1826,466,1535,2006,1828,1665,257,1081,1886,1334,1687,1150
1728: 1982
1848: 1518
2010: 1501,1684,856,458,350,1509,144,887,615,1476,1332,1053,1717,980,934,1386,296,633,383,1702,1169,1025,1734,1029,727,223,481,1602,1736,446,1945,1101,792
1634: 241,1306
1680: 844,1855,970,1604,644,119,1915,2013,319,1630,2000,1096,810,1629,1052,474,1935,1230,1526,1257
1737: 42
1508: 168,2019,1538,1074,620,546,1938,1070,1,1382,1401,1490,987,1326,671,915,625,965,129,1171,848,64,1196,870,1912,1115
81: 
1352: 1671,2013,1483,56,319,1630,2000,1451,1096,1524,1748,810,669,1644,360,298,882,485,1629,814,1772,1255,474,195,197,202,133,1555,751,1935,1230,14,173,1569,1526,1257,1604,1915
83: 
84: 
1866: 395,1118,1901,1234,1724,569
86: 1312,1181
1781: 
88: 1740,713,52
89: 
90: 
91: 66,1584,1222,561,287,737,2016,1166,1250,150,107
92: 1662
1366: 590,785
94: 1462,862,1157,655,761,1827
1743: 765,1550
96: 292,1519,165,136
97: 1383,1058,1576,2014,385,550,342,660,1167,1393,100,6,850,687,860,1103,1546,478,1294,1146,1888,1918
1683: 
99: 681,322,1266,447,1322,1951,1154,1705,401,2008,286,847,315,1969,1618,1482,1428,469
100: 1383,1058,1576,2014,342,660,850,97,1546,478,1294,1146,1044
101: 1127,1868,157
102: 1289
103: 
104: 
1841: 1904,635
106: 345,307
107: 150,45,66,1584,1222,561,91,287,2016,1250,1626,1050,990,1261
1623: 
109: 1620,2017,544,261,1632,1718,609,703,1119,1795,1882,2011,291,1023,511,1303
110: 1515,1248
1589: 440,1836
112: 471,1494,1054,571
1614: 1471
1371: 1699,1739,456,190,1648,756,1327,695,2004,1863,1682,1760,1994,617,450,1700,1142,1017,1961,1885
1585: 1468
1316: 
117: 287,1797,293,737,1048,2016,1166,1250,66,1584,1222,561,1626,1050,990,1261
118: 343
119: 844,1855,970,1604,644,1680,1915,1671,2013,56,319,1630,2000,1096,1748,810,1644,1629,814,1052,474,197,1555,1935,1230,1569,1526,1257
1339: 1756,1027
1821: 
122: 
123: 
1886: 1011,972,1608,2006,1828,1665,249,257,1081,1334,1687,1150,331,808,817,2007,1826,73,466,1535
1323: 1983
1693: 1293,1706
1543: 1626,1050,990,1261,1584,287,1048,2016,1250,45
128: 690,34,1531
129: 168,2019,1538,1074,546,1938,1070,1867,1,1382,1401,1490,987,1326,1508,671,915,1171,1583,848
1867: 168,2019,1070,1490,987,1326,671,915,129,1171,1583,848
1576: 1383,1058,2014,550,342,660,1167,100,6,850,687,97,1546,478,1294,1146,1044,1888,1918
132: 
133: 1671,2013,1483,56,319,1630,2000,1451,1524,1748,1644,360,882,485,1629,814,1352,1772,1255,474,195,197,202,1555,751,14,1569,1526,1604,1915
134: 
135: 
136: 292,520,1251,1519,96,165
137: 
138: 1141,1557,170,273
139: 
1856: 427
141: 
142: 1194,2001,1238,560,629,921,1466,39,557,172,701
143: 
144: 1501,1684,856,458,350,887,615,2010,1476,1053,1717,934,1386,296,633,1702,1169,1025,1734,1029,727,223,1945,1101,792
1481: 714
146: 256
147: 1037,735
148: 
149: 
150: 107,45,66,1584,1222,561,91,2016,1250,1050,1261
151: 
152: 
153: 
154: 681,1266,305,1322,1951,1154,1902,1705,401,1910,2008,226,1193,283,1621,315,1529,1229,1618,1715,1428,469,1381
155: 
1332: 1476,1053,1717,980,934,1386,296,633,383,1169,1734,1029,727,1501,856,458,350,2010,481,1736,1101
157: 1127,1980,101,1868
158: 
159: 
160: 1335
1704: 
1895: 
163: 
1529: 305,1322,1951,1902,1910,2008,226,1193,283,1621,315,154,1229,1618,1482,1131,1715,469
165: 1519,96,136
1824: 1009,351,59,1997,1174,1089
1813: 1030,1066,1473,757,1732,1960,1002
168: 2019,1538,620,546,1938,1070,1867,1,1401,1490,987,1326,1508,671,625,129,1171,1583,848,64,870
169: 
170: 1141,1557,138,273
1764: 1276
172: 1466,39,557,701,674,1952,1194,900,0,2001,1563,335,1238,560,316,629,921,142
173: 2013,1483,319,1630,2000,1096,1524,810,669,360,298,485,1629,814,1052,1352,1255,474,197,202,1555,751,1935,1569,1526,1257
174: 1887,1932,1763,1548,1843,1735,323,634,830,592,387,461,2002,2003,778,1469,1780,299,610,1564
175: 657
176: 1961,1885,1699,1739,456,1648,756,2004,1682,1760,450,1283,1076,1142
1787: 
178: 234
179: 
180: 
181: 
1901: 395,1118,1234,1866,569
183: 1055
184: 1592,924
1612: 899,1514
1702: 1169,1025,1734,1029,727,1053,1717,1386,296,1501,144,887,2010,1602,446,1945,1101,792
187: 2018,531,639,922,790,1083,825,1213,958,597
1932: 1558,1887,1763,898,1548,174,1843,1735,323,634,519,830,857,592,387,1771,1163,461,747,2002,1111,2003,778,1469,884,1780,310,299,610,600,752,1872,1564,1944
189: 
190: 1699,1739,456,1648,40,756,1292,695,2004,1863,1682,1760,1994,337,617,450,1700,1283,1076,1142,1371
1865: 1188,1175,2015,1679,255,547,297,670,1754,1198,1427,338,779,494,1209,1173,1837,339,1051,1022,231
2000: 1671,2013,1483,56,319,1630,1451,1096,1524,1748,810,669,1644,360,298,882,485,1629,814,1052,1352,1772,1255,474,195,197,202,133,1555,798,751,1935,1230,14,173,1569,1526,1257,844,1855,970,1604,644,1680,119,1915
193: 1200,1168,1622
194: 1577
195: 1671,2013,1483,56,319,1630,2000,1524,810,669,1644,360,1629,814,1352,1255,202,133,798,14,1569,1526,1604,644,1915
1601: 
197: 1671,2013,56,319,1630,2000,1451,1096,1748,360,298,882,485,1629,814,1352,1772,474,133,1555,751,1935,1230,173,1526,1257,119,1915
1619: 1495,998,1272,1727
1791: 
1621: 322,305,1322,1951,1154,1902,1705,401,1910,2008,1193,286,283,263,315,451,154,1529,1618,1482,1715,1428,469,907,1465
201: 574
202: 2013,1483,319,1630,2000,1524,810,669,1644,360,1629,814,1052,1352,1772,1255,195,133,1555,798,751,14,173,1569
203: 
204: 
205: 284,960,2012,1492,1854,1834,317,1225,1845
1657: 
1315: 
2001: 674,1952,1194,900,0,1563,335,404,1238,560,316,629,921,312,1466,39,557,172,701,142
209: 213
1580: 681,305,447,401,661,1600,2008,226,283,847,1969,1229,1131,709,527,1368
211: 
212: 1104,44
213: 209
2002: 1558,1887,1932,1763,898,1548,174,1843,1735,323,634,519,830,857,592,387,1771,1436,1163,461,747,1111,309,1120,2003,778,1663,1469,884,1780,694,310,299,610,437,600,752,1872,1564,1944
215: 1654,1036,517
1592: 184,924
1944: 1558,1932,898,1548,1735,519,830,857,1771,1436,1163,461,747,2002,1111,309,2003,1663,884,694,299,610,437,600,752,1872
1772: 1671,2013,1483,319,2000,1451,360,882,485,1352,1255,197,202,133,1555,751
219: 
1520: 1202,1459
221: 325
222: 
223: 481,1602,1736,446,1945,1101,792,1053,1025,1734,1029,727,1501,1684,856,350,1509,144,887,615,2010
1827: 1462,862,1157,94
1771: 1887,1932,898,1548,634,830,592,387,1436,1163,461,747,2002,1111,309,1120,2003,778,1663,1469,884,1780,694,310,610,600,752,1872,1944
226: 681,322,1266,305,447,1951,401,661,1580,1910,1600,2008,283,847,315,1969,154,1529,1229,1131,1715,709,1428,469,1381,527,1368
1984: 
228: 1909
1413: 1810
1980: 1127,157
231: 1173,777,1837,339,1051,1022,1865,1188,1175,2015,1679,255,547,670,1754,1427,338,779,494,1209
232: 477,1296,521,1625,1995,1943,729,1281,2009,1046,495,1976,1278
1724: 395,1118,1866,569
234: 178,911,1164
235: 1607
236: 
1877: 966,1307
1504: 422,1664
239: 1460,936,1061,47,732
240: 
241: 1634,1306
1639: 
243: 
244: 
1756: 1339,1027
246: 
247: 1426
1329: 
249: 1552,1011,972,1608,2006,1828,1665,945,257,1081,1886,1334,1758,1687,1150,58,331,276,1698,817,2007,466,1535
1934: 723,1852,2005,1633,532,1878,1999,638,522,65,1007,1071,1572,1666,1749,1095,828,1390
251: 57
252: 491,1077
1938: 168,2019,1538,1074,620,546,1070,1,1382,1401,1490,1326,1508,671,625,965,129,848,64,1196,870,1912,1115
254: 
255: 1865,1188,1175,2015,1679,547,297,1754,1198,338,779,494,1209,1173,777,1837,339,1051,1022,231
256: 146
257: 1552,1011,972,1608,2006,1828,1665,249,945,1081,1886,1334,1758,1687,1150,58,331,276,1367,1698,808,817,2007,1826,73,466,1535
1949: 
259: 
1691: 
261: 1620,2017,544,109,1632,609,703,1119,1795,2011,291,1023,511,1303
262: 284,960,2012,1492,755,1239,317,1225,1845
263: 1322,1951,1154,1902,1705,1910,2008,286,1621,451,1618,1482,907,1465
264: 1034,861,344
265: 
266: 
1891: 
1808: 1218,1928
1645: 477,1487,1296,521,1625,1995,1943,697,1281,2009,1046,495,1287,1647,1976,1638,1170
1880: 314,1830
2019: 168,1538,1074,620,546,1938,1070,1867,1,1382,1401,1490,987,1326,1508,671,915,625,965,129,1171,1583,848,64,1196,870,1912,1115
1305: 
273: 1557,170,138
274: 
275: 
276: 1552,972,1608,2006,1665,249,257,1758,1687,58,331,1367,808,2007
277: 13,775
1312: 86,1181
279: 538
1918: 1383,1576,707,2014,385,550,660,1167,1393,6,850,687,860,97,1103,1546,1294,1146,1888
1501: 1684,856,458,350,1509,144,887,615,2010,1476,1332,1053,1717,1386,296,633,1702,1169,1025,1734,1029,727,223,481,1602,1736,446,1945,1101,792
1606: 1319
283: 681,322,305,1951,401,661,1580,1910,1600,2008,226,1193,1621,315,1969,154,1529,1229,1618,1482,1131,1715,469,527
284: 205,960,2012,1492,755,1239,1854,317,1225,262,1845
1632: 1620,2017,544,109,261,609,703,1119,1795,1882,2011,1023,511,1303
286: 681,322,1266,447,1322,1951,1154,1902,1705,401,1910,2008,1193,263,1621,315,451,1969,99,1618,1482,1131,1428,469
287: 1797,117,293,737,1048,2016,1166,1250,66,1584,1222,561,91,107,45,1626,1543,1050,990,1261
288: 
1935: 1671,2013,56,319,1630,2000,1451,1096,1748,298,882,485,1629,814,1052,1352,474,197,1555,1230,173,1526,1257,1855,1604,1680,119,1915
1629: 1671,2013,1483,56,319,1630,2000,1451,1096,1524,1748,810,669,1644,360,298,485,814,1052,1352,474,195,197,202,133,1555,1935,1230,173,1569,1526,1257,844,1855,970,1604,644,1680,119,1915
291: 1620,2017,544,109,261,1718,609,703,1119,1795,1882,2011,1023,511,1303
292: 520,1251,1519,96,136
293: 287,1797,117,737,1048,2016,1166,1250,66,1584,1222,561,1626
1910: 681,322,305,1322,1951,1154,1902,1705,401,2008,226,1193,286,283,263,1621,315,451,1969,154,1529,1229,1618,1482,1131,1715,469,1465
1652: 
296: 1476,1332,1053,1717,980,934,1386,633,1702,1169,1734,727,1501,1684,856,458,350,144,887,2010,1945,1101,792
297: 1865,1188,1175,2015,1679,255,547,1754,1198,338,779,494,1209
298: 1671,2013,319,1630,2000,1451,1096,1524,360,882,485,1629,814,1352,474,197,1555,751,1935,1230,173,1526,1257
299: 1558,1887,1932,1763,898,1548,174,1843,1735,323,634,519,830,857,592,387,1163,461,2002,1111,309,2003,884,610,1944
300: 
1469: 1887,1932,1548,174,1843,323,634,830,592,1771,2002,2003,778,1780,752,1564
302: 
303: 
304: 1084
305: 681,322,1266,1322,1951,1902,401,661,1580,1910,1600,2008,226,1193,283,1621,315,1969,154,1529,1229,1618,1482,1131,1715,709,1428,469,1381,527
1635: 759
307: 345,106
1527: 1587,399
309: 1558,898,1548,1735,857,387,1771,1436,1163,461,747,2002,1111,2003,1663,884,694,310,299,610,437,1872,1944
310: 1887,1932,898,1548,592,387,1771,1436,1163,461,747,2002,309,1120,2003,778,884,694,610
311: 
312: 629,921,1952,1194,0,2001,404,1238,560,316
1990: 
314: 1880,1830
315: 681,322,1266,305,447,1322,1951,1154,1705,401,661,1910,1600,2008,226,1193,286,283,1621,847,1969,154,99,1529,1229,1618,1131,1715,709,1428,469,1381
316: 1952,1194,900,0,2001,1563,335,404,1238,560,629,921,312,39,172,701
317: 284,205,960,2012,1492,755,1239,1854,1225,262,1845
1483: 1671,2013,56,319,1630,2000,1524,810,669,1644,360,882,485,1629,814,1352,1772,1255,474,195,202,133,1555,798,751,14,173,1569,1526,1604
319: 1671,2013,1483,56,1630,2000,1451,1096,1524,1748,810,669,1644,360,298,882,485,1629,814,1052,1352,1772,1255,474,195,197,202,133,1555,1935,1230,14,173,1569,1526,1257,1855,970,1604,644,1680,119,1915
320: 
1482: 322,305,1322,1951,1154,1902,1705,401,1910,2008,1193,286,283,263,1621,451,1969,99,1529,1618,1131,469,907
322: 681,1266,305,447,1322,1951,1154,1902,1705,401,661,1910,2008,226,1193,286,283,1621,315,451,1969,99,1229,1618,1482,1131,1428,469
323: 1558,1887,1932,1763,898,1548,174,1843,1735,634,519,830,857,592,387,1163,461,2002,1111,2003,1469,1780,299,610,752,1564
1732: 1030,1066,1813,1002
325: 221
326: 
1625: 477,1296,521,1995,1943,697,729,1281,2009,1046,495,1287,1647,1976,232,1278,1395,1645
328: 
329: 397,1650,1356,883
1751: 
331: 1552,1011,972,1608,2006,1828,1665,249,257,1081,1886,1758,1687,1150,58,276,1367,1698,808,817,2007,1826
1825: 
333: 
1733: 
335: 674,1952,1194,900,0,2001,1563,404,1238,560,316,39,557,172,701
1862: 
337: 1739,456,190,40,756,1292,695,2004,1682,1700,1283,1076
338: 1865,1188,1175,2015,1679,255,547,297,1754,1198,1427,779,494,1209,1022,231
339: 1173,777,1837,1051,1022,231,1865,1188,1175,2015,1679,255,670,1754,1209
340: 
1454: 905,788,1573
342: 1383,1058,1576,2014,660,1393,100,6,654,850,687,97,1103,1546,478,1294,1044
343: 118
344: 1034,264,861
345: 106,307
346: 
347: 
1609: 
1726: 1313,68,1521,457
350: 1501,1684,856,458,1509,144,887,615,2010,1476,1332,1053,1717,934,296,633,1734,727,223,481,1736,1101,792
351: 1824,59,1997
352: 
353: 
354: 
355: 26
1735: 1558,1887,1932,1763,898,1548,174,1843,323,519,830,857,592,1163,461,747,2002,1111,309,2003,884,1780,299,610,437,600,752,1872,1564,1944
1584: 66,1222,561,91,287,1797,117,293,737,1048,2016,1166,1250,150,107,45,1626,1543,1050,990,1261
1468: 1585
359: 
360: 1671,2013,1483,56,319,1630,2000,1451,1096,1524,810,669,298,882,485,1629,814,1052,1352,1772,1255,474,195,197,202,133,1555,751,173,1569,1526,1257
361: 1730,836
1974: 
363: 
1854: 284,205,960,2012,1492,755,1239,1834,317,1225,1845
1398: 
366: 
1860: 
368: 
369: 878
1755: 
1631: 
1796: 
373: 
1531: 690,34,128
1439: 
1524: 1671,2013,1483,56,319,1630,2000,1096,810,669,1644,360,298,485,1629,814,1052,1352,1255,474,195,202,133,1555,798,751,14,173,1569,1526,1257,1604,644
1356: 397,329,1650,883
378: 
379: 1992,720
1828: 1552,1011,972,1608,2006,1665,249,945,257,1081,1886,1334,1758,1687,1150,58,331,1698,817,2007,73,466,1535
1964: 891,1245,886
382: 
383: 1169,1025,1734,1029,727,1476,1332,1053,1717,980,1386,2010,481,1602,1736,1101
1602: 223,481,1736,446,1945,1101,792,1476,1053,1717,383,1702,1169,1025,1734,1029,727,1501,856,2010
385: 1383,707,2014,550,660,1167,1393,6,654,860,97,1103,1546,1888,1918
386: 
387: 1887,1932,898,1548,174,323,634,830,592,1771,1163,461,2002,309,1120,2003,778,884,694,310,299,610
388: 
1513: 
390: 
391: 513
1836: 440,1589
393: 
1423: 1359
395: 1901,1724,1866,569
1383: 1058,1576,707,2014,385,550,342,660,1167,1393,100,6,654,850,687,860,97,1103,1546,478,1294,1146,1044,1888,1918
397: 329,1650,1356,883
1845: 284,205,960,2012,1492,755,1854,1834,317,1225,262
399: 1587,1527
400: 
401: 681,322,1266,305,447,1322,1951,1154,1705,661,1580,1910,1600,2008,226,1193,286,283,1621,847,315,1969,154,99,1229,1618,1482,1131,1715,709,1428,469,1381
1519: 292,520,1251,96,165,136
403: 739
404: 674,1952,1194,900,0,2001,1563,335,1238,560,316,921,312
1579: 1125
406: 
2014: 1383,1058,1576,707,385,550,342,660,1167,1393,100,6,654,850,687,860,97,1103,1546,478,1294,1146,1044,1888,1918
1700: 1699,456,190,40,756,1292,695,2004,1682,1760,1994,337,617,1142,1371,1885
1359: 1423
410: 1288
1969: 681,322,1266,305,447,1951,1154,401,661,1580,1910,1600,2008,226,1193,286,283,847,315,99,1229,1618,1482,1131,1428,469
412: 509
1654: 215,1036,517
414: 
415: 
416: 
1382: 2019,1538,1074,620,546,1938,1070,1508,671,625,965,129,1912
1526: 1671,2013,1483,56,319,1630,2000,1096,1524,1748,810,669,1644,360,298,1629,814,1052,1352,474,195,197,133,1555,798,1935,1230,14,173,1569,1257,844,1855,970,1604,644,1680,119,1915
419: 1003
420: 
1840: 1539,839
422: 1664,1504
1992: 379
424: 
1649: 
426: 
427: 1856
1581: 1881,526
1988: 969
1326: 168,2019,1538,1938,1070,1867,1,1401,1490,987,1508,671,915,129,1171,1583,848,64,870
1705: 681,322,1266,447,1322,1951,1154,1902,401,1910,2008,286,263,1621,847,315,154,99,1618,1482,1715,1428,469,1381
432: 
1313: 68,1726
1551: 
1348: 
436: 
437: 1558,898,1548,1735,519,857,1436,1163,461,747,2002,1111,309,2003,1663,884,694,610,600,1872,1944
1375: 
439: 
440: 1836,1589
441: 539
1644: 1671,2013,1483,56,319,1630,2000,1524,1748,810,669,1629,1352,474,195,202,133,798,14,1569,1526,844,970,1604,644,119,1915
1839: 
444: 
1878: 723,1852,2005,532,1999,638,1934,522,65,1007,1071,1572,1390
446: 223,481,1602,1736,1945,1101,792,1702,1169,1025,1734,1029,727,1501,887,615,2010
447: 681,322,1266,1705,401,661,1580,1600,2008,226,286,847,315,1969,99,1618,1131,709,1428,469
1730: 361,836
449: 
450: 1699,1739,456,190,1648,756,1327,695,2004,1863,1760,1994,617,1076,1142,1371,1017,1961,176,1885
451: 322,1322,1951,1154,1902,1910,2008,1193,286,263,1621,1618,1482,469,907,1465
1834: 205,2012,1854,1845
1966: 
454: 
455: 
456: 1699,1739,190,1648,40,756,1327,1292,695,2004,1863,1682,1760,1994,337,617,450,1700,1283,1076,1142,1371,1017,1961,176,1885
457: 1726,1521
458: 1501,1684,856,350,1509,144,887,615,2010,1476,1332,1053,1717,934,1386,296,633,727,1101,792
459: 
460: 
461: 1558,1887,1932,1763,898,1548,174,1843,1735,323,519,830,857,592,387,1771,1436,1163,747,2002,1111,309,1120,2003,778,1663,884,1780,694,310,299,610,437,600,752,1872,1564,1944
462: 540
1665: 1552,1011,972,1608,2006,1828,249,257,1081,1886,1334,1758,1687,1150,58,331,276,1367,1698,808,817,2007,1826,73,1535
464: 1399,1079
1385: 
466: 1367,1698,808,817,2007,1826,73,1535,2006,1828,249,257,1081,1886,1334,1758,1687,1150
1428: 681,322,1266,305,447,1322,1951,1154,1705,401,661,2008,226,286,1621,847,315,1969,154,99,1618,1715,709,469,1381
1748: 1671,2013,56,319,1630,2000,1451,1644,882,485,1629,1352,474,197,133,1555,1935,1230,1526,844,1855,1604,119,1915
469: 681,322,1266,305,447,1322,1951,1154,1902,1705,401,661,1910,2008,226,1193,286,283,1621,315,451,1969,154,99,1529,1229,1618,1482,1131,1715,1428,1381
1676: 556
471: 1494,1054,112,571
1452: 
1630: 1671,2013,1483,56,319,2000,1096,1524,1748,810,669,1644,360,298,882,485,1629,814,1052,1352,1255,474,195,197,202,133,1555,798,1935,1230,14,173,1569,1526,1257,844,1855,970,1604,644,1680,119,1915
474: 1671,2013,1483,56,319,1630,2000,1451,1096,1524,1748,810,1644,360,298,882,485,1629,814,1052,1352,197,133,1555,1935,1230,173,1569,1526,1257,1855,970,1604,644,1680,119,1915
475: 1298,1595,939
1837: 1173,777,339,1051,1022,231,1865,1188,1175,2015,1679,255,670,1754,779,494,1209
477: 1487,1296,521,1625,1995,1943,697,729,1281,2009,1046,495,1287,1647,1976,1638,232,1395,1645,1170
478: 1383,1058,1576,2014,550,342,660,100,654,850,687,97,1546,1294,1146,1044
479: 1809
1763: 1558,1932,174,1843,1735,323,519,830,857,592,1163,461,2002,1111,2003,299,600,752,1872,1564
481: 223,1602,1736,446,1101,792,1476,1332,1053,1717,980,383,1169,1025,1734,1029,727,1501,856,350,887,2010
1801: 
1885: 1961,176,1699,456,1648,756,1327,1292,2004,1682,1760,450,1700,1076,1142,1371,1017
1942: 
485: 1671,2013,1483,56,319,1630,2000,1451,1096,1524,1748,360,298,882,1629,814,1352,1772,1255,474,197,133,1555,751,1935,1230,173
486: 
1664: 422,1504
1648: 1699,1739,456,190,40,756,1327,1292,695,2004,1863,1682,1760,1994,617,450,1283,1076,1142,1371,1017,1961,176,1885
489: 
1857: 
491: 563,252,1077
492: 
493: 1271
494: 1865,1188,1175,2015,1679,255,547,297,1754,1198,338,779,1209,1173,1837,1022,231
495: 477,1487,1296,521,1625,1995,1943,697,1281,2009,1046,1647,1976,1638,232,1278,1645,1170
496: 
1761: 
498: 611
499: 
1400: 
501: 
502: 1061,964,47
1948: 
1574: 605
1999: 723,1852,2005,532,1878,638,1934,522,65,1007,1071,1572,1095,1390
506: 
507: 1060,1409,515,1241,730
508: 
509: 412
510: 
511: 1303,1620,2017,544,109,261,1632,1718,703,1119,1795,1882,2011,291,1023
1320: 1673
513: 391
1409: 1060,515,1241,730,507
515: 1060,1409,1241,730,507
1699: 1739,456,190,1648,40,756,1327,1292,695,2004,1863,1682,1760,1994,617,450,1700,1076,1142,1371,1017,1961,176,1885
517: 1036,1654,215
1505: 
519: 1558,1932,1763,898,1548,1843,1735,323,830,857,592,1163,461,747,2002,1111,2003,299,610,437,600,752,1872,1564,1944
520: 292,1251,1519,136
521: 477,1296,1625,1995,1943,729,1281,2009,1046,495,1976,232,1278,1645
522: 1852,2005,1878,1999,1934,65,1071,1572,1095,828,1390
523: 
524: 656,1364
1831: 
526: 1581,1881
527: 681,305,1580,1600,2008,226,283,1229,1131,1715,1381,1368
1855: 844,970,1604,644,1680,119,1915,2013,319,1630,2000,1096,1748,810,1629,1052,474,1935,1230,1526,1257
529: 
1809: 479
531: 2018,1059,639,187,922,790,1083,825,1213,958,542,1149,597
532: 723,1852,2005,1633,1878,1999,638,1934,1007,1071,1572,1666,1749,1095,828,1390
533: 
534: 
535: 
536: 
1420: 
538: 279,1040
539: 441
540: 462
541: 
542: 2018,1059,531,639,922,825,1213,1149
543: 551
544: 1620,2017,109,261,1632,1718,609,1119,1795,1882,2011,291,1023,511,1303
545: 1246
546: 168,2019,1538,1074,620,1938,1070,1,1382,1490,1508,671,915,625,965,129,1171,64,1912
547: 1865,1188,1175,2015,1679,255,297,670,1754,1198,1427,338,779,494,1209,231
548: 
549: 957,706
550: 1383,1576,2014,385,660,1167,1393,6,654,687,860,97,1103,1546,478,1294,1146,1888,1918
551: 543
552: 
1812: 
554: 
555: 
556: 658,1676
557: 1466,39,172,701,674,1952,1194,900,2001,1563,335,1238,560,142
1906: 
1991: 1221
560: 1952,1194,900,0,2001,1563,335,404,1238,316,629,921,312,1466,39,557,172,701,142
561: 66,1584,1222,91,287,1797,117,293,737,1048,2016,1166,1250,150,107,1050
2006: 1552,1011,972,1608,1828,1665,249,945,257,1081,1886,1334,1758,1687,1150,58,331,276,1367,1698,808,817,2007,1826,73,466,1535
563: 491,1077
1600: 681,1266,305,447,401,661,1580,2008,226,283,847,315,1969,1229,1131,709,1381,527,1368
565: 
1673: 1320
567: 
1557: 1141,170,138,273
569: 395,1118,1901,1234,1724,1866
570: 
571: 471,1494,1054,112
572: 
573: 
574: 201
575: 
1586: 
1904: 1841,635
578: 
579: 1802
580: 
581: 1220,1914,29
582: 1643,837
1744: 
584: 
585: 
1760: 1699,1739,456,190,1648,40,756,1327,1292,695,2004,1863,1682,1994,617,450,1700,1076,1142,1371,1017,1961,176,1885
587: 1210
1968: 
589: 
590: 1366,785
591: 878
592: 1887,1932,1763,898,1548,174,1843,1735,323,634,519,830,857,387,1771,1436,1163,461,747,2002,1111,1120,2003,778,1469,884,1780,310,299,610,600,752,1872,1564
593: 745,662
1962: 41
1766: 
596: 1197,53,38
597: 1431,1753,2018,531,639,187,922,790,1083,1213,958
598: 
1515: 110,1248
600: 1558,1932,1763,898,1548,1735,519,830,857,592,1771,1436,1163,461,747,2002,1111,2003,1663,1780,694,437,752,1872,1564,1944
1653: 744
602: 
1353: 
604: 
605: 1574
606: 
1670: 
1747: 
609: 1620,2017,544,109,261,1632,1718,1119,1795,1882,2011,291,1023
610: 1558,1887,1932,898,1548,174,1735,323,519,830,857,592,387,1771,1163,461,747,2002,1111,309,1120,2003,778,1663,884,694,310,299,437,1872,1944
611: 498
612: 
1800: 
614: 
615: 1501,1684,856,458,350,1509,144,887,2010,1053,727,223,1736,446,1945,1101,792
1479: 
617: 1699,1739,456,190,1648,40,756,1327,695,2004,1863,1682,1760,1994,450,1700,1142,1371,1017
1336: 
619: 
620: 168,2019,1538,546,1938,1070,1,1382,1401,1490,1508,671,625,64,1196,870,1912,1115
621: 
622: 1319,1405,1804
623: 1037,735
1594: 
625: 168,2019,1538,1074,620,546,1938,1070,1,1382,1508,671,965,64,1196,1912,1115
626: 1244,1155
1722: 791
1569: 1671,2013,1483,56,319,1630,2000,1524,810,669,1644,360,1629,814,1052,1352,1255,474,195,202,133,1555,798,14,173,1526,1257,970,1604,644,119,1915
629: 921,312,1194,0,2001,1238,560,316,1466,39,172,142
630: 
1471: 1614
1708: 
633: 1476,1332,1053,1717,980,934,1386,296,1169,1734,727,1501,1684,856,458,350,144,2010
634: 1887,1932,898,1548,174,1843,323,830,592,387,1771,2002,2003,778,1469,1780,299
635: 1841,1904
636: 
1509: 1501,1684,856,458,350,887,615,2010,1053,223,1736,1101
638: 723,1852,2005,1633,532,1878,1999,1934,1007
639: 2018,1059,531,187,922,790,1083,825,1213,958,542,1149,597
640: 
641: 
642: 
1522: 
644: 844,1855,970,1604,1680,119,1915,2013,56,319,1630,2000,1524,810,669,1644,1629,814,1052,474,195,798,14,1569,1526,1257
1806: 
646: 
647: 
1603: 
1395: 477,1296,1625,1995,697,729,1281,2009,1287,1647
1745: 
651: 
652: 831
653: 
654: 1383,1058,2014,385,550,342,660,1393,6,850,687,1103,1546,478,1294,1044,1888
655: 862,1157,761,94
656: 524
657: 175
658: 556
659: 
660: 1383,1058,1576,707,2014,385,550,342,1167,1393,100,6,654,850,687,860,97,1103,1546,478,1294,1146,1044,1888,1918
661: 681,322,1266,305,447,401,1580,1600,2008,226,283,847,315,1969,1229,1131,709,1428,469,1381
662: 745,593
663: 
664: 
665: 991
666: 
1595: 1298,475,939
668: 
669: 2013,1483,319,1630,2000,1524,810,1644,360,1629,814,1052,1352,1255,195,202,1555,798,14,173,1569,1526,644
670: 1865,1188,1175,2015,1679,547,1754,1427,1209,1837,339,1051,1022,231
671: 168,2019,1538,1074,620,546,1938,1070,1867,1,1382,1401,1490,987,1326,1508,915,625,965,129,1171,1583,848,64
1472: 
1687: 1552,1011,972,1608,2006,1828,1665,249,945,257,1081,1886,1758,1150,58,331,276,1367,1698,808,817,2007,1826,73,466,1535
674: 1952,1194,900,2001,1563,335,404,1238,557,172,701
1672: 
676: 750,853
1882: 1620,2017,544,109,1632,1718,609,1119,1795,2011,291,1023,511,1303
1663: 1558,898,1548,857,1771,1436,1163,461,747,2002,1111,309,2003,884,694,610,437,600,1872,1944
1477: 
680: 
681: 322,1266,305,447,1951,1705,401,661,1580,1910,1600,2008,226,1193,286,283,847,315,1969,154,99,1229,1618,1131,1715,709,1428,469,1381,527
1810: 1413
683: 
1983: 919,1105,1323
1711: 
686: 
687: 1383,1576,2014,550,342,660,1393,654,97,1103,1546,478,1294,1888,1918
1643: 582,837
689: 
690: 34,1531,128
1965: 1658
692: 
1993: 
694: 1558,1887,898,1548,387,1771,1436,1163,461,747,2002,1111,309,1120,2003,778,1663,884,310,610,437,600,1872,1944
695: 1699,1739,456,190,1648,40,756,1327,1292,2004,1863,1682,1760,1994,337,617,450,1700,1076,1142,1371
696: 1104,44
697: 477,1296,1625,1995,1943,1281,2009,495,1287,1647,1278,1395,1645,1170
698: 
699: 
1916: 
701: 1466,39,557,172,674,1952,1194,900,2001,1563,335,1238,560,316,921,142
702: 1876
703: 1620,2017,109,261,1632,1119,1795,2011,291,1023,511,1303
1883: 
1971: 1412,872,770
706: 549,957
707: 1383,1058,2014,385,660,1167,6,850,860,1103,1546,1146,1044,1918
1982: 1728
709: 681,1266,305,447,401,661,1580,1600,2008,226,847,315,1229,1428,1381
1490: 168,2019,1538,620,546,1938,1070,1867,1,1401,987,1326,1508,671,915,129,1171,1583,848,64,870
1590: 
712: 
713: 52,1740,88
714: 1481
715: 1187,1553,1350,1651
1489: 
1566: 858,1936
1662: 92
719: 
720: 379
721: 
1567: 952,1681
723: 1852,2005,1633,532,1878,1999,638,1934,65,1007,1071,1572,1666,1749,1390
1758: 1552,972,2006,1828,1665,249,945,257,1081,1687,1150,58,331,276,1367,1698,808,2007,1826,466,1535
1775: 
1550: 1743,25
727: 383,1702,1169,1025,1734,1029,1476,1332,1053,1717,980,934,1386,296,633,1501,1684,856,458,350,144,887,615,2010,223,481,1602,1736,446,1945,1101,792
1785: 
729: 477,1296,521,1625,1995,1943,1281,2009,1046,232,1278,1395
730: 1060,1409,515,1241,507
1575: 1723
732: 1061,1460,239
733: 
1977: 1636,1783
735: 623,1037,147
736: 
737: 287,1797,117,293,1048,2016,1166,1250,66,1584,1222,561,91,1050
1997: 1824,1009,351,59,1174,1089
739: 403
1552: 1011,972,1608,2006,1828,1665,249,945,257,1081,1758,1687,1150,58,331,276,1367,1698,2007
1912: 1196,870,1115,2019,1538,620,546,1938,1070,1,1382,1401,1508,625,64
742: 
1710: 
744: 1653
745: 593,662
1330: 1493,1696
747: 1558,1887,1932,898,1548,1735,519,830,857,592,1771,1436,1163,461,2002,1111,309,1120,2003,1663,884,694,310,610,437,600,752,1872,1944
1637: 
1817: 
750: 676,853
751: 2013,1483,2000,1451,1524,360,298,485,814,1352,1772,1255,197,202,133,1555,173
752: 1887,1932,1763,898,1548,1843,1735,323,519,830,592,1771,1436,1163,461,747,2002,1111,2003,778,1469,1780,600,1872,1564,1944
753: 
1928: 1218,1808
755: 284,960,2012,1492,1239,1854,317,1225,262,1845
756: 1699,1739,456,190,1648,40,1327,1292,695,2004,1682,1760,1994,337,617,450,1700,1283,1076,1142,1371,1961,176,1885
757: 1030,1066,1813,1473,1960
758: 
759: 1635
760: 
761: 862,1157,655,94
1838: 
763: 
1753: 597,1431,2018,922,1083,1213,958
765: 1743,25,1488
766: 
767: 
1453: 
2004: 1699,1739,456,190,1648,40,756,1327,1292,695,1863,1682,1760,1994,337,617,450,1700,1283,1076,1142,1371,1017,1961,176,1885
770: 872,70,1971,1412
771: 950
1401: 168,2019,1538,620,1938,1070,1,1490,987,1326,1508,671,129,1171,1583,848,64,1196,870,1912,1115
1954: 
1622: 1200,193,1168
775: 13,277
776: 
777: 1173,1837,339,1051,1022,231,2015,255,1209
778: 1887,1932,898,1548,174,634,830,592,387,1771,1436,1163,461,2002,1120,2003,1469,884,1780,694,310,610,752
779: 1865,1188,1175,2015,1679,255,547,297,1754,1198,338,494,1209,1173,1837,1022,231
780: 
781: 
782: 1779,1182
783: 
1863: 1699,1739,456,190,1648,1327,695,2004,1760,1994,617,450,1142,1371,1017
785: 1366,590
1903: 
787: 
788: 1454,1573
1588: 1364
790: 2018,1059,531,639,187,922,1083,825,1213,958,1149,597,1431
791: 1722
792: 223,481,1602,446,1945,1101,1476,1053,1717,1386,296,1702,1169,1025,1734,1029,727,1501,1684,856,458,350,144,887,615,2010
1429: 
1889: 
1367: 1698,808,817,2007,1826,73,466,1535,276,1552,2006,1665,257,1081,1758,1687,1150,331
796: 
1696: 1330
798: 2013,1483,1630,2000,1524,810,669,1644,1052,195,202,14,1569,1526,970,1604,644
799: 
1553: 1187,1350,715,1651
1626: 1543,1050,990,1261,66,1584,1222,287,1797,117,293,1048,2016,1250,107,45
2012: 284,205,960,1492,755,1239,1854,1834,317,1225,262,1845
1900: 
1779: 782,1182
805: 
806: 
807: 
808: 1367,1698,817,2007,1826,73,466,276,972,2006,1665,257,1886,1758,1687,1150,331
809: 
810: 1671,2013,1483,56,319,1630,2000,1096,1524,669,1644,360,1629,814,1052,1352,474,195,202,1555,798,14,173,1569,1526,1257,844,1855,970,1604,644,1680,119,1915
1365: 
1494: 471,112,571
1893: 
814: 1671,2013,1483,56,319,1630,2000,1096,1524,810,669,360,298,485,1629,1052,1352,1255,474,195,197,202,133,1555,751,1935,1230,14,173,1569,1526,1257,644,119
815: 
816: 
817: 1367,1698,808,2007,1826,73,466,1535,1011,972,2006,1828,1665,249,257,1081,1886,1334,1687,1150,331
818: 
1499: 
1823: 
2011: 1620,2017,544,109,261,1632,1718,609,703,1119,1795,1882,291,1023,511,1303
822: 
1518: 1848
824: 
825: 2018,1059,531,639,187,922,790,1083,1213,958,542,1149
1640: 
827: 1089,1311,1174
828: 1852,2005,1633,532,1934,522,1071,1572,1666,1749,1095,1390
1392: 
830: 1558,1887,1932,1763,898,1548,174,1843,1735,323,634,519,857,592,387,1771,1436,1163,461,747,2002,1111,2003,778,1469,884,1780,299,610,600,752,1872,1564,1944
831: 652
1399: 1079,464
1754: 1865,1188,1175,2015,1679,255,547,297,670,1198,1427,338,779,494,1209,1173,1837,339,1051,1022,231
834: 1561,1970
1909: 228
836: 361,1730
837: 582,1643
838: 
839: 1539,1840
1466: 39,557,172,701,1194,2001,1563,1238,560,629,921,142
841: 
1427: 1865,1188,1175,2015,1679,547,670,1754,338,1209,231
1887: 1932,898,1548,174,1843,1735,323,634,830,857,592,387,1771,1163,461,747,2002,1111,1120,2003,778,1469,884,1780,694,310,299,610,752
844: 1855,970,1604,644,1680,119,1915,2013,56,1630,2000,1748,810,1644,1629,1230,1526,1257
845: 905
846: 1056
847: 681,1266,447,1705,401,661,1580,1600,2008,226,315,1969,99,1229,709,1428,1381
848: 168,2019,1538,1938,1070,1867,1,1401,1490,987,1326,1508,671,129,1171,64,1196,870
1774: 
850: 1383,1058,1576,707,2014,342,660,1167,100,6,654,860,97,1103,1546,478,1294,1146,1044,1918
1651: 1187,1553,1350,715
1407: 
853: 676,750
1431: 597,1753,2018,922,790,1083,1213,958
855: 968
856: 1501,1684,458,350,1509,144,887,615,2010,1476,1332,1053,1717,296,633,1734,727,223,481,1602,1736,1945,1101,792
857: 1558,1887,1932,1763,898,1548,1735,323,519,830,592,1163,461,747,2002,1111,309,2003,1663,884,299,610,437,600,1872,1564,1944
858: 1566,1936
859: 
860: 1383,707,2014,385,550,660,1167,1393,6,850,97,1103,1546,1146,1888,1918
861: 1034,264,344
862: 1462,1157,655,761,94,1827
1718: 1620,2017,544,109,609,1119,1795,1882,2011,291,1023,511,1303
1596: 
1978: 
1784: 
867: 
1539: 1840,839
869: 
870: 1196,1912,1115,168,2019,1538,620,1938,1070,1401,1490,987,1326,1508,848,64
871: 
872: 70,770,1971,1412
2009: 477,1487,1296,521,1625,1995,1943,697,729,1281,1046,495,1287,1647,1976,1638,232,1278,1395,1645,1170
874: 1126
1572: 723,1852,2005,1633,532,1878,1999,1934,522,65,1071,1666,1749,1095,828,1390
876: 1177
1723: 994,1575
878: 591,369
1620: 2017,544,109,261,1632,1718,609,703,1119,1795,1882,2011,291,1023,511,1303
880: 
1610: 1122
882: 1671,2013,1483,56,319,1630,2000,1451,1748,360,298,485,1352,1772,1255,474,197,133,1555,1935,1230,1915
883: 397,329,1650,1356
884: 1558,1887,1932,898,1548,1735,830,857,592,387,1771,1436,1163,461,747,2002,1111,309,1120,2003,778,1663,694,310,299,610,437,1872,1944
1736: 223,481,1602,446,1945,1101,1476,1332,1053,383,1734,1029,727,1501,1684,856,350,1509,887,615,2010
886: 891,1964,1245
887: 1501,1684,856,458,350,1509,144,615,2010,1053,1717,296,1702,727,223,481,1736,446,1945,1101,792
888: 
1996: 1123
1852: 723,2005,1633,532,1878,1999,638,1934,522,65,1007,1071,1572,1666,1749,1095,828,1390
891: 1964,1245,886
1871: 
893: 
1411: 
895: 1201
1958: 
1346: 
898: 1558,1887,1932,1548,1735,323,634,519,830,857,592,387,1771,1436,1163,461,747,2002,1111,309,1120,2003,778,1663,884,1780,694,310,299,610,437,600,752,1872,1944
899: 1612,1514
900: 674,1952,1194,0,2001,1563,335,404,1238,560,316,557,172,701
901: 
902: 
903: 
904: 
905: 1454,845
1473: 1030,1066,1813,757
907: 1465,1902,263,1621,451,1482
908: 
1915: 844,1855,970,1604,644,1680,119,1671,2013,56,319,1630,2000,1096,1748,810,1644,882,1629,1052,1352,474,195,197,133,1555,1935,1230,1569,1526,1257
910: 
911: 1164,234
1319: 622,1405,1606
913: 
914: 
915: 2019,1074,546,1070,1867,1490,1326,1508,671,965,129,1171,1583
916: 
917: 
1511: 
919: 1105,1983
920: 
921: 629,312,1952,1194,0,2001,404,1238,560,316,1466,39,172,701,142
922: 2018,1059,531,639,187,790,1083,825,1213,958,542,1149,597,1431,1753
1450: 
924: 1592,184
1495: 998,1272,1619,1727
1716: 
927: 
1902: 322,305,1322,1951,1154,1705,1910,2008,1193,286,263,1621,451,154,1529,1618,1482,1715,469,907,1465
1364: 524,1588
1334: 1011,2006,1828,1665,249,257,1081,1886,1150,817,2007,73,466,1535
1830: 314,1880
1650: 397,329,1356,883
1381: 681,1266,305,1322,1951,1705,401,661,1600,2008,226,847,315,154,1229,1715,709,1428,469,527
934: 1476,1332,1053,1717,980,1386,296,633,1169,1734,727,458,350,144,2010
935: 1005
936: 1460,239
937: 
1790: 
939: 1298,1595,475
940: 
1847: 
942: 
943: 
944: 
945: 1552,1011,972,1608,2006,1828,249,257,1081,1758,1687,1150,58,2007
1402: 
1573: 788,1454
1492: 284,205,960,2012,755,1239,1854,317,1225,262,1845
1555: 1671,2013,1483,56,319,1630,2000,1451,1096,1524,1748,810,669,360,298,882,485,1629,814,1052,1352,1772,1255,474,197,202,133,751,1935,1230,173,1569,1526,1257,119,1915
950: 771
1843: 1887,1932,1763,1548,174,1735,323,634,519,830,592,461,2002,1111,2003,1469,1780,299,752,1564
952: 1681,1567
1884: 
1327: 1699,1739,456,1648,756,695,2004,1863,1760,1994,617,450,1142,1371,1017,1961,1885
955: 29
1391: 
957: 549,706
958: 2018,531,639,187,922,790,1083,825,1213,1149,597,1431,1753
1523: 50,1249
960: 284,205,2012,1492,755,1239,1854,317,1225,262,1845
961: 
1945: 223,1602,1736,446,1101,792,1053,1717,296,1702,1169,1025,1734,1029,727,1501,1684,856,144,887,615,2010
1638: 477,1487,1296,1943,2009,495,1287,1647,1976,1645,1170
964: 1061,502,47
965: 2019,1074,546,1938,1382,1508,671,915,625
966: 1877
967: 
968: 855
969: 1988
970: 844,1855,1604,644,1680,119,1915,2013,56,319,1630,2000,810,1644,1629,1052,474,798,1230,1569,1526,1257
2003: 1558,1887,1932,1763,898,1548,174,1843,1735,323,634,519,830,857,592,387,1771,1436,1163,461,747,2002,1111,309,1120,778,1663,1469,884,1780,694,310,299,610,437,600,752,1872,1564,1944
972: 1552,1011,1608,2006,1828,1665,249,945,257,1886,1758,1687,1150,58,331,276,808,817,2007
973: 1309
974: 
1933: 
1950: 
977: 
1706: 1293,1693
1451: 1671,2013,56,319,2000,1096,1748,360,298,882,485,1629,1352,1772,474,197,133,1555,751,1935,1230
980: 1476,1332,1053,1717,934,1386,296,633,383,1169,1734,727,2010,481
1846: 
982: 
1583: 168,2019,1867,1,1401,1490,987,1326,671,915,129,1171
984: 
985: 
986: 
987: 168,2019,1070,1867,1,1401,1490,1326,1508,671,129,1171,1583,848,64,870
1681: 952,1567
1306: 1634,241
990: 1626,1543,1050,1261,1584,1222,287,1797,117,1048,2016,1250,107,45
991: 665
992: 
993: 
994: 1723
995: 
1783: 1636,1977
1349: 
998: 1495,1272,1619,1727
1460: 936,239,732
1000: 
1384: 
1002: 1030,1066,1813,1732,1960
1003: 419
1322: 322,1266,305,1951,1154,1902,1705,401,1910,2008,1193,286,263,1621,315,451,154,99,1529,1618,1482,1715,1428,469,1381,1465
1005: 935
1006: 
1007: 723,1852,2005,532,1878,1999,638,1934,1071
1008: 
1009: 1824,59,1997,1897,1174,1089,1311
1749: 723,1852,2005,1633,532,1934,1071,1572,1666,1095,828,1390
1011: 1552,972,1608,2006,1828,1665,249,945,257,1081,1886,1334,1687,1150,58,331,817,2007,1535
1636: 1977,1783
1647: 477,1487,1296,1625,1995,1943,697,1281,2009,1046,495,1287,1638,1395,1645,1170
1324: 
1767: 1773
1740: 88,713,52
1017: 1699,456,1648,1327,2004,1863,1760,1994,617,450,1142,1371,1961,1885
1459: 1520,1202
1793: 
1587: 399,1527
1361: 
1022: 1173,777,1837,339,1051,231,1865,1188,2015,1679,255,670,1754,338,779,494,1209
1023: 1620,2017,544,109,261,1632,1718,609,703,1119,1795,1882,2011,291,511,1303
1682: 1699,1739,456,190,1648,40,756,1292,695,2004,1760,1994,337,617,1700,1283,1076,1142,1371,176,1885
1025: 383,1702,1169,1734,1029,727,1053,1717,1386,1501,144,2010,223,481,1602,446,1945,1101,792
1026: 
1027: 1756,1339
1931: 1199
1029: 383,1702,1169,1025,1734,727,1476,1332,1053,1717,1386,1501,144,2010,223,481,1602,1736,446,1945,1101,792
1030: 1066,1813,1473,757,1732,1960,1002
1715: 681,1266,305,1322,1951,1902,1705,401,1910,2008,226,1193,283,1621,315,154,1529,1229,1618,1131,1428,469,1381,527
1604: 844,1855,970,644,1680,119,1915,1671,2013,1483,56,319,1630,2000,1524,1748,810,1644,1629,1052,1352,474,195,133,798,1935,1230,14,1569,1526,1257
1033: 
1034: 264,861,344
1378: 
1036: 517,1654,215
1037: 623,735,147
1561: 1970,834
1436: 1558,898,1548,830,592,1771,1163,461,747,2002,1111,309,1120,2003,778,1663,884,1780,694,310,437,600,752,1872,1944
1040: 538
1311: 1089,827,1009
1957: 1233
2016: 287,1797,117,293,737,1048,1166,1250,66,1584,1222,561,91,150,107,45,1626,1543,1050,990,1261
1044: 1383,1058,1576,707,2014,342,660,1167,1393,100,6,654,850,1103,1546,478,1294,1146
1970: 1561,834
1046: 477,1487,1296,521,1625,1995,1943,729,1281,2009,495,1647,1976,232,1278,1645
1335: 160
1048: 287,1797,117,293,737,2016,1166,1250,66,1584,1222,561,45,1626,1543,1050,990,1261
1049: 
1050: 1626,1543,990,1261,66,1584,1222,561,287,1797,117,737,1048,2016,1250,150,107,45
1051: 1173,777,1837,339,1022,231,1865,1188,2015,1679,255,670,1754,1209
1052: 2013,319,1630,2000,1096,1524,810,669,360,1629,814,474,202,1555,798,1935,14,173,1569,1526,1257,1855,970,1604,644,1680,119,1915
1053: 1476,1332,1717,980,934,1386,296,633,383,1702,1169,1025,1734,1029,727,1501,1684,856,458,350,1509,144,887,615,2010,223,481,1602,1736,1945,1101,792
1054: 471,112,571
1055: 183,1853
1056: 846
1582: 
1058: 1383,1576,707,2014,342,660,1167,100,6,654,850,97,1103,1546,478,1294,1146,1044
1059: 2018,531,639,922,790,825,1213,542,1149
1060: 1409,515,1241,730,507
1061: 964,502,47,732,239
1975: 
1063: 
1925: 1185,1444
1065: 
1066: 1030,1813,1473,757,1732,1960,1002
1773: 1767
1068: 
1963: 
1070: 168,2019,1538,1074,620,546,1938,1867,1,1382,1401,1490,987,1326,1508,671,915,625,129,1171,848,64,1196,870,1912
1071: 723,1852,2005,1633,532,1878,1999,1934,522,65,1007,1572,1666,1749,1095,828,1390
1072: 
1725: 
1074: 2019,1538,546,1938,1070,1382,1508,671,915,625,965,129,1171
2018: 1059,531,639,187,922,790,1083,825,1213,958,542,1149,597,1431,1753
1076: 1699,1739,456,190,1648,40,756,1292,695,2004,1682,1760,337,450,1283,1142,1961,176,1885
1077: 491,563,252
1802: 579
1079: 1399,464
1080: 
1081: 1552,1011,2006,1828,1665,249,945,257,1886,1334,1758,1687,1150,331,1367,1698,817,2007,1826,73,466,1535
1690: 
1083: 2018,531,639,187,922,790,825,1213,958,597,1431,1753
1084: 304
1517: 
1328: 
1087: 
1521: 68,1726,457
1089: 827,1311,1824,1009,59,1997,1897,1174
1090: 
1091: 
1092: 
1795: 1620,2017,544,109,261,1632,1718,609,703,1119,1882,2011,291,1023,511,1303
1094: 
1095: 1852,2005,532,1999,1934,522,65,1071,1572,1666,1749,828,1390
1096: 1671,2013,319,1630,2000,1451,1524,810,360,298,485,1629,814,1052,1352,474,197,1555,1935,1230,173,1526,1257,1855,1680,119,1915
1097: 
1098: 
1099: 
1961: 176,1885,1699,1739,456,1648,756,1327,2004,1760,450,1076,1142,1371,1017
1101: 223,481,1602,1736,446,1945,792,1476,1332,1053,1717,296,383,1702,1169,1025,1734,1029,727,1501,1684,856,458,350,1509,144,887,615,2010
1514: 1612,899
1103: 1383,1058,707,2014,385,550,342,660,1167,1393,6,654,850,687,860,97,1546,1294,1044,1888,1918
1104: 212,696,44
1105: 919,1983
1106: 
1107: 
1108: 
1548: 1558,1887,1932,898,174,1843,1735,323,634,519,830,857,592,387,1771,1436,1163,461,747,2002,1111,309,1120,2003,778,1663,1469,884,1780,694,310,299,610,437,600,752,1872,1564,1944
1110: 
1111: 1558,1887,1932,1763,898,1548,1843,1735,323,519,830,857,592,1771,1436,1163,461,747,2002,309,2003,1663,884,1780,694,299,610,437,600,752,1872,1564,1944
1739: 1699,456,190,1648,40,756,1327,1292,695,2004,1863,1682,1760,1994,337,617,450,1283,1076,1142,1371,1961,176
1113: 
1538: 168,2019,1074,620,546,1938,1070,1,1382,1401,1490,1326,1508,671,625,129,848,64,1196,870,1912,1115
1115: 1196,870,1912,2019,1538,620,1938,1,1401,1508,625,64
1876: 702
1564: 1932,1763,1548,174,1843,1735,323,519,830,857,592,461,2002,1111,2003,1469,1780,600,752,1872
1118: 1901,1234,1724,1866,569
1119: 1620,2017,544,109,261,1632,1718,609,703,1795,1882,2011,291,1023,511,1303
1120: 1887,898,1548,592,387,1771,1436,461,747,2002,2003,778,884,694,310,610
1307: 1877
1122: 1610
1123: 1996
1897: 1009,59,1089
1125: 1579
1126: 874
1127: 1980,101,1868,157
1919: 
1951: 681,322,1266,305,1322,1154,1902,1705,401,1910,2008,226,1193,286,283,263,1621,315,451,1969,154,99,1529,1229,1618,1482,1131,1715,1428,469,1381,1465
1309: 973
1131: 681,322,1266,305,447,1951,401,661,1580,1910,1600,2008,226,1193,286,283,315,1969,1529,1229,1618,1482,1715,469,527
1607: 235
1372: 
1976: 477,1487,1296,521,1625,1943,1281,2009,1046,495,1638,232,1645
2015: 1865,1188,1175,1679,255,547,297,670,1754,1198,1427,338,779,494,1209,1173,777,1837,339,1051,1022,231
1646: 
1390: 723,1852,2005,1633,532,1878,1999,1934,522,65,1071,1572,1666,1749,1095,828
1476: 1332,1053,1717,980,934,1386,296,633,383,1169,1734,1029,727,1501,856,458,350,144,2010,481,1602,1736,1101,792
1139: 
1140: 
1141: 1557,170,138
1142: 1699,1739,456,190,1648,756,1327,1292,695,2004,1863,1682,1760,1994,617,450,1700,1283,1076,1371,1017,1961,176,1885
1444: 1925,1185
1780: 1887,1932,898,1548,174,1843,1735,323,634,830,592,1771,1436,461,2002,1111,2003,778,1469,600,752,1872,1564
1437: 
1146: 1383,1058,1576,707,2014,550,660,1167,100,6,850,860,97,1546,478,1294,1044,1918
1147: 
1717: 1476,1332,1053,980,934,1386,296,633,383,1702,1169,1025,1734,1029,727,1501,1684,856,458,350,144,887,2010,481,1602,1945,1101,792
1149: 2018,1059,531,639,922,790,825,1213,958,542
1150: 1552,1011,972,1608,2006,1828,1665,249,945,257,1081,1886,1334,1758,1687,58,331,1367,1698,808,817,2007,1826,73,466,1535
1386: 1476,1332,1053,1717,980,934,296,633,383,1702,1169,1025,1734,1029,727,1501,458,144,2010,792
1844: 
1659: 
1154: 322,1322,1951,1902,1705,401,1910,2008,1193,286,263,1621,315,451,1969,154,99,1618,1482,1428,469,1465
1155: 1244,626
1156: 
1157: 1462,862,655,761,94,1827
1158: 
1159: 
1160: 
1393: 1383,2014,385,550,342,660,6,654,687,860,97,1103,1546,1294,1044,1888,1918
2005: 723,1852,1633,532,1878,1999,638,1934,522,65,1007,1071,1572,1666,1749,1095,828,1390
1163: 1558,1887,1932,1763,898,1548,1735,323,519,830,857,592,387,1771,1436,461,747,2002,1111,309,2003,778,1663,884,694,310,299,610,437,600,752,1872,1944
1164: 911,234
1165: 
1166: 287,1797,117,293,737,1048,2016,1250,66,1584,1222,561,91
1167: 1383,1058,1576,707,2014,385,550,660,6,850,860,97,1103,1546,1294,1146,1044,1888,1918
1168: 1200,193,1622
1169: 383,1702,1025,1734,1029,727,1476,1332,1053,1717,980,934,1386,296,633,1501,144,2010,481,1602,446,1945,1101,792
1170: 477,1296,1995,697,2009,495,1287,1647,1638,1645
1171: 168,2019,1074,546,1070,1867,1,1401,1490,987,1326,1508,671,915,129,1583,848
1698: 1367,808,817,2007,1826,73,466,1535,1552,2006,1828,1665,249,257,1081,1758,1687,1150,331
1173: 777,1837,339,1051,1022,231,1865,1188,2015,255,1754,779,494,1209
1174: 1824,1009,1997,1089,827
1175: 1865,1188,2015,1679,255,547,297,670,1754,1198,1427,338,779,494,1209,1837,339,231
1872: 1558,1932,1763,898,1548,1735,519,830,857,592,1771,1436,1163,461,747,2002,1111,309,2003,1663,884,1780,694,610,437,600,752,1564,1944
1177: 876
1178: 
1943: 477,1487,1296,521,1625,1995,697,729,1281,2009,1046,495,1647,1976,1638,232,1278,1645
1546: 1383,1058,1576,707,2014,385,550,342,660,1167,1393,100,6,654,850,687,860,97,1103,478,1294,1146,1044,1888,1918
1181: 1312,86
1182: 1779,782
1183: 
1184: 
1185: 1925,1444
1719: 
1187: 1553,1350,715,1651
1188: 1865,1175,2015,1679,255,547,297,670,1754,1198,1427,338,779,494,1209,1173,1837,339,1051,1022,231
1727: 1495,998,1272,1619
1190: 
1798: 
1192: 
1193: 681,322,305,1322,1951,1154,1902,401,1910,2008,286,283,1621,315,451,1969,154,1529,1229,1618,1482,1131,1715,469
1194: 674,1952,900,0,2001,1563,335,404,1238,560,316,629,921,312,1466,39,557,172,701,142
1195: 
1196: 870,1912,1115,2019,1538,620,1938,1070,1401,1508,625,848,64
1197: 53,38,596
1198: 1865,1188,1175,2015,1679,255,547,297,1754,338,779,494
1199: 1931
1200: 193,1168,1622
1201: 895
1202: 1520,1459
1203: 
1204: 
1734: 383,1702,1169,1025,1029,727,1476,1332,1053,1717,980,934,1386,296,633,1501,856,350,144,2010,223,481,1602,1736,446,1945,1101,792
1842: 
1544: 
1208: 
1209: 1865,1188,1175,2015,1679,255,547,297,670,1754,1427,338,779,494,1173,777,1837,339,1051,1022,231
1210: 587
1794: 
1769: 
1213: 2018,1059,531,639,187,922,790,1083,825,958,542,1149,597,1431,1753
1952: 674,1194,900,0,2001,1563,335,404,1238,560,316,921,312,39,557,172,701
1804: 1405,622
1216: 
1217: 
1218: 1928,1808
1558: 1932,1763,898,1548,1735,323,519,830,857,1436,1163,461,747,2002,1111,309,2003,1663,884,694,299,610,437,600,1872,1944
1220: 581,1914
1221: 1991
1222: 66,1584,561,91,287,1797,117,293,737,1048,2016,1166,1250,150,107,45,1626,1050,990,1261
1516: 
1478: 
1225: 284,205,960,2012,1492,755,1239,1854,317,262,1845
1679: 1865,1188,1175,2015,255,547,297,670,1754,1198,1427,338,779,494,1209,1837,339,1051,1022,231
1227: 
2013: 1671,1483,56,319,1630,2000,1451,1096,1524,1748,810,669,1644,360,298,882,485,1629,814,1052,1352,1772,1255,474,195,197,202,133,1555,798,751,1935,1230,14,173,1569,1526,1257,844,1855,970,1604,644,1680,119,1915
1229: 681,322,1266,305,1951,401,661,1580,1910,1600,2008,226,1193,283,847,315,1969,154,1529,1131,1715,709,469,1381,527,1368
1230: 1671,2013,56,319,1630,2000,1451,1096,1748,298,882,485,1629,814,1352,474,197,1555,1935,1526,1257,844,1855,970,1604,1680,119,1915
1462: 862,1157,94,1827
1721: 
1233: 1957
1234: 1118,1901,1866,569
1914: 581,1220
1868: 1127,101,157
1237: 
1238: 674,1952,1194,900,0,2001,1563,335,404,560,316,629,921,312,1466,39,557,172,701,142
1239: 284,960,2012,1492,755,1854,317,1225,262
1936: 1566,858
1241: 1060,1409,515,730,507
1242: 
1633: 723,1852,2005,532,638,1934,1071,1572,1666,1749,828,1390
1244: 1155,626
1245: 891,1964,886
1246: 545
1608: 1552,1011,972,2006,1828,1665,249,945,257,1886,1687,1150,58,331,276,2007
1248: 110,1515
1249: 50,1523
1250: 287,1797,117,293,737,1048,2016,1166,66,1584,1222,561,91,150,107,45,1626,1543,1050,990,1261
1251: 292,520,1519,136
1252: 
1253: 
1254: 
1255: 1671,2013,1483,319,1630,2000,1524,669,360,882,485,814,1352,1772,195,202,133,1555,751,14,173,1569
1256: 
1257: 1671,2013,319,1630,2000,1096,1524,810,360,298,1629,814,1052,1352,474,197,1555,1935,1230,173,1569,1526,844,1855,970,1604,644,1680,119,1915
1666: 723,1852,2005,1633,532,1934,1071,1572,1749,1095,828,1390
1259: 
1533: 
1261: 1626,1543,1050,990,66,1584,1222,287,117,1048,2016,1250,150,107,45
1890: 
1658: 1965
1960: 1030,1066,1813,757,1002
1797: 287,117,293,737,1048,2016,1166,1250,66,1584,1222,561,1626,1050,990
1266: 681,322,305,447,1322,1951,1705,401,661,1600,2008,226,286,847,315,1969,154,99,1229,1618,1131,1715,709,1428,469,1381
1267: 
1628: 
1379: 
1563: 674,1952,1194,900,2001,335,404,1238,560,316,1466,39,557,172,701
1271: 493
1272: 1495,998,1619,1727
1684: 1501,856,458,350,1509,144,887,615,2010,1053,1717,296,633,727,223,1736,1945,1101,792
1671: 2013,1483,56,319,1630,2000,1451,1096,1524,1748,810,1644,360,298,882,485,1629,814,1352,1772,1255,474,195,197,133,1555,1935,1230,1569,1526,1257,1604,119,1915
1818: 
1276: 1764
1277: 
1278: 521,1625,1995,1943,697,729,1281,2009,1046,495,232
1350: 1187,1553,715,1651
1448: 
1281: 477,1296,521,1625,1995,1943,697,729,2009,1046,495,1647,1976,232,1278,1395,1645
1506: 
1283: 1739,456,190,1648,40,756,1292,2004,1682,337,1076,1142,176
1284: 
1488: 25,765
1440: 
1287: 477,1296,1625,1995,697,2009,1647,1638,1395,1645,1170
1288: 410
1289: 102
1290: 
1291: 
1292: 1699,1739,456,190,1648,40,756,695,2004,1682,1760,1994,337,1700,1283,1076,1142,1885
1293: 1693,1706
1294: 1383,1058,1576,2014,550,342,660,1167,1393,100,6,654,850,687,97,1103,1546,478,1146,1044,1888,1918
1888: 1383,1576,2014,385,550,660,1167,1393,6,654,687,860,97,1103,1546,1294,1918
1296: 477,1487,521,1625,1995,1943,697,729,1281,2009,1046,495,1287,1647,1976,1638,232,1395,1645,1170
1297: 
1298: 1595,475,939
1299: 
1300: 
1881: 1581,526
1302: 
1303: 511,1620,2017,544,109,261,1632,1718,703,1119,1795,1882,2011,291,1023