0: 1952,921,172,39,629,1194,404,2001,1238,1466,674,722,560
1: 1867,1492
1946: 311
3: 
4: 
5: 
6: 903,1044
7: 151,1049,942
8: 
9: 1706,1683
10: 
11: 1493
12: 221
13: 1402,666,805
14: 1876,1175
15: 
16: 1841,969,302
17: 1521,1043,412,1106,983,572
18: 656,160,175
19: 93,1307
20: 1756,268,1904,1614,1743
21: 
1826: 
23: 
1985: 
25: 155
26: 
1995: 729,1287,1647,1281,1487,2009,477,1145,1976,697,1395,1102,1645,495,1170,1046,1296,1278,1943,1638
28: 
29: 
30: 
1853: 
1994: 176,1076,190,1682,1699,2004,1760,1987,756,1017,1142
33: 
34: 1385,251
1689: 1891
36: 233
37: 1178
38: 
39: 1952,921,0,172,1194,404,2001,1238,1466,722,335,142
40: 
41: 905
42: 430,440
43: 653,1190,1107,563,1310,787,1673
44: 
45: 2016,287,1797,737,1191,1250,117,150,66,1584,1543,561
1989: 
47: 1786,1121
1692: 
49: 1520,1668
50: 441,1127,157
2017: 1882,1632,1908,2011,544,1718,1620,748,1119,291,1303,609,511,261,109,1023
52: 1137,1308
53: 1848
54: 189,635,1923
55: 788,184
56: 
57: 
58: 
59: 
1703: 1268
61: 
62: 
1688: 1288,1219,254,1589
64: 671
65: 1934,1694,723,522,1666,492,1633,2005,1071,1878,535,638,1749,532,1390,1838,449
66: 2016,287,737,1250,117,45,91,1584,1543,561
67: 1702,156,2010,1476,223,856,615,1386,350,792,296,1169,1332,1717
68: 1481
1898: 584
70: 1988,761
1896: 1847,901,359,382
72: 1715,447,1229,1428,1529,1621,1618,226,99,1969,401,527,1381,1600,2008,286,1580,305,1482,1114,263,1705,322
73: 1552,1039,1758,2006,1665,1687,466,1698,1150,1535,945,1011,1828,1318,1886,972,2007,249
1728: 1182,419
1848: 53,1606
2010: 1702,156,1476,1053,223,856,615,1386,350,67,727,792,296,1169,1332,1717
77: 1851
78: 
1737: 
1986: 
81: 1769,1407,1525,1216,333,1256,1159,304
1981: 1650,165
83: 
84: 
1866: 
86: 
87: 244,806,1309,289,1312
88: 
89: 1201,1132
90: 
91: 2016,287,1797,1191,1261,1250,1626,150,66,1584,1048,561
92: 
93: 1324,19,1307
94: 1005,581
1743: 1904,1614,20,1756
96: 
97: 1222
1683: 9
99: 1715,1271,447,1229,1428,1529,1621,1618,1424,429,226,1969,72,315,2008,1580,681,1705
100: 1146,1099,385,207,687,1167,2014,707,654,1383,1058,1103,1393
101: 303,1056
102: 
103: 1461,1130,336
104: 
1841: 969,16,302
106: 
107: 
108: 1156
109: 1882,1632,2011,544,1718,1620,1119,291,1303,2017,261,1023
110: 
111: 
112: 1731
113: 
114: 1452,1157,1959
115: 2003,299,1944,1708,812,1735,600,694,1918,1663,1436,1111
116: 346,200
117: 2016,287,737,1250,45,66,1584,1543
118: 
119: 644,2013,814,882,1855,1526,1680,2000,844,197,810,1859,1052,1483,1569,281,195,1257,133,751,916,669,1555
120: 
1821: 644,1772,2013,1915,814,882,1855,1935,1680,2000,844,197,810,202,1859,1052,1230,1569,1630,195,1257,133,1255,1451,751,970,916,669,996,1671
122: 
123: 
1886: 1318,972,2007,249,1039,1758,2006,1665,1687,73,466,1698,1150,1535,1011,1828
125: 
1693: 1578,1298
127: 
128: 
129: 1746,1727
1867: 1,1492
131: 
132: 905
133: 644,2013,119,814,882,1855,1526,1680,2000,844,810,1859,1052,1483,1569,281,195,1821,1257,751,970,916,669,1555,996,1671
134: 1770
135: 1849,2018,187,1149,639,1753,922,1213
136: 
137: 138
138: 137
139: 148,1856
140: 1951
141: 216,265
142: 701,335,316,557,1952,39,2001,1238,1466,722
143: 
144: 
145: 
146: 
147: 1704
148: 139,1856
149: 971,275,169,1605
150: 2016,1797,737,1191,1261,1250,45,1626,91
151: 1049,7,504,942
152: 
153: 
154: 325,726
155: 1311,25
156: 1702,2010,1476,1053,223,856,615,350,67,792,296,1169,1332,1717
157: 50,1127
158: 
159: 
160: 656,18,175
1704: 147
1895: 1764,1516
163: 
164: 
165: 1650,1981
1824: 836
167: 1608,659,815,1978
168: 620,647
169: 971,149,275,1605
170: 1972,569
1764: 1516,1895
172: 921,0,39,629,1194,404,2001,1238,674
173: 1555,996,1671,644,2013,2000,1257,1451,751,970,916,669
174: 1558,2002,1548,1564,747,1887,592,1780,857,778,1771,387,310,461,519,830,437,1469,1729,1763,1120,309,752,323
175: 656,160,18
176: 1994,1076,1682,1863,1699,1885,2004,1974,337,450,1760,695,1987,756,1017,1142
1787: 302
178: 854,1919,307,520
179: 
180: 406
181: 
1901: 
183: 1304,1921
184: 788,55
1920: 
1702: 156,2010,1476,1053,223,856,615,1386,350,67,792,296,1169,1332,1717
187: 135,1849,1443,2018,1149,639,1674,1753,922,1431,542,1213
1932: 
189: 54,635,1923
190: 1292,617,1682,456,1863,1327,2004,1974,337,1760,695,1987,1017,1142,1994,1076
1865: 1391,1022,1173,2015,338,547
2000: 644,1772,2013,1915,119,814,882,1855,1526,1935,1680,844,197,810,202,1859,1052,1483,1230,1569,281,1630,195,1821,1257,133,1255,1451,751,970,916,669,173,1555,996,1671
193: 786
194: 
195: 644,1772,2013,1915,119,814,882,1855,1526,1935,1680,2000,844,197,810,202,1859,1052,1483,1230,1569,281,1630,1821,1257,133,1451,751,970,916,669
196: 
197: 644,1772,2013,1915,119,882,1855,1935,1680,2000,844,810,1052,1230,1569,281,1630,195,1821,1257,1255,1451,751,970,669,1671
198: 
1791: 
200: 1286,346,116
201: 1506
202: 1772,2013,1915,814,882,1855,1935,2000,844,1859,1052,1230,1569,1630,195,1821,1257,1255,1451,970,916
203: 
204: 
205: 2012,1854,284,262,1239,1225,755,1834,866,1100
206: 628
207: 860,550,687,1167,2014,707,478,654,1383,1058,1103,1393,1146,100,1099,385
2001: 1952,921,0,172,39,629,1194,404,1238,1466,674,722,560,701,335,316,557,142,900
209: 
210: 
211: 
212: 1200,1496,1894
213: 354,1890,1818
1789: 
215: 1122
216: 141,265
1944: 115,2003,299,1708,812,1735,600,694,1918,1663,1436,1111
1772: 2013,1915,814,882,1935,2000,844,197,202,1230,1569,1630,195,1821,1257,1255,1451,970
219: 798,1485,602
220: 1034,1300,1945,1032
221: 12
222: 
223: 1702,156,2010,1053,856,615,1386,350,67,727,792,296,1169,1332,1717
1827: 529,1504
1771: 174,1558,2002,1548,1564,747,1887,592,1780,778,387,461,519,1729
226: 1271,447,1229,1428,1529,1618,1424,429,99,1969,72,1465,401,527,315,2008,1322,286,1266,1580,681,1482,1114,263,1705
1984: 861,1291
228: 
229: 1201
1980: 
231: 881,1582,1367,1399
232: 
233: 36
234: 1426,1966,240,1474,292,742,1783,867
235: 1359,436,1899,1575,924,899
236: 
1877: 1802
238: 1991,498
239: 1350,376
240: 234,1966,1474,292,742,1783,867
241: 874,1221,1871,611
242: 
243: 
244: 806,1309,289,87,1312
1756: 20,268,1904,1614,1743
246: 1027,951
247: 876
1921: 183,1304
249: 1318,1886,972,2007,1039,1758,2006,1665,1687,73,466,1698,1150,1535,1011,1828
250: 824
251: 1385,34
252: 1331
1938: 1382,1171,2019,403,1326,444,1508,987,1070,1912,1538,1531
254: 1288,1688,1219,1589
255: 700
256: 1400
257: 
1923: 54,189,635
259: 
260: 407,1585
261: 1882,1632,1908,2011,544,1718,1620,748,1119,291,1303,609,511,2017,109,1023
262: 205,2012,1854,1239,1225,755,1834,866,1100
263: 1902,1465,401,527,661,315,2008,1322,286,1266,681,305,1482,1114,1705,1271,447,1428,1529,1618,1424,226,1969,72
264: 
265: 141,216
266: 
1891: 1689,1594
268: 20,1756
269: 878
1880: 1566,1642,1259
271: 
272: 1636
273: 
274: 984,618
275: 971,149,169
276: 1234
277: 
278: 
279: 
1918: 1663,1436,898,1111,610,115,2003,1944,1708,812,1735,600
281: 644,2013,119,882,1855,1526,1680,2000,844,197,810,1859,1483,1569,195,1257,133,1451,751,916,669,1555,996,1671
282: 1008,1425
283: 1823,300
284: 205,2012,1854,1225,755,1834,866,1100
285: 
286: 1902,1465,401,527,661,1381,315,1600,2008,1322,1266,1580,681,305,1482,1114,263,1705,1271,447,1229,1428,1529,1424,226,1969,72
287: 2016,1797,737,1191,1261,1250,117,45,1626,91,66,1584,1543,1048,561
288: 
289: 244,806,1309,87,1312
290: 
291: 1882,1632,1908,2011,544,1718,1620,748,1119,1303,609,511,2017,261,109,1023
292: 234,1966,240,1474,742,1783,867
293: 
1910: 
1746: 129,1727
296: 1702,156,2010,1053,223,615,1386,350,67,727,792,1332,1717
297: 
298: 1629,1029
299: 115,2003,1944,1708,1735,694,1663,1436,1111
300: 283,1823
301: 
302: 1841,16,1787
303: 101,1056
304: 333,1256,1159,1769,1407,81,1216
305: 1902,1465,401,527,661,1381,315,1600,2008,1322,286,1266,1580,681,1482,1114,263,1705,1428,1969,72
306: 
307: 178,1919,520
308: 1587
309: 1120,752,323,830,1469,174,1558,2002,747,1887,592,1780,857,778,387,310,461,519
310: 174,1558,2002,1564,747,1887,592,857,387,461,519,830,437,1843,1469,1729,1763,1120,309
311: 1946
312: 
1990: 1681
314: 636,612
315: 1902,1465,401,527,661,1381,2008,1322,286,1266,1580,681,305,1482,1114,263,1705,1271,447,1428,1529,1618,1424,226,99,1969
316: 701,335,557,142,1952,2001,722,560,900
317: 
318: 
319: 
320: 377,1068
321: 
322: 527,661,1381,1600,2008,1580,681,1482,1715,1428,1621,1969,72
323: 1120,309,752,174,2002,1548,1564,747,1887,1780,857,778,387,519
1732: 1740,1574,1030,479
325: 154,726
326: 
327: 998,508
328: 1421,1063
329: 
1751: 
331: 
1825: 
333: 1256,1159,1769,81,1216,304
1733: 
335: 701,316,557,142,1952,921,39,1194,2001,1238,1466,674,722,560,900
336: 103,1461,1130
337: 1961,1863,1699,1327,2004,1974,1700,450,1760,1648,695,1987,756,1739,1017,1292,617,190,1682,456,176
338: 1209,1198,1380,547,1865,1391,339,1022,1173,2015,779
339: 1391,670,1173,2015,779,1198,338
340: 
341: 462,807
342: 
343: 
344: 852,744,1478,1557
345: 
346: 1286,116,200
347: 1897
348: 
1726: 
350: 1702,156,2010,1476,1053,223,856,615,1386,67,727,792,296,1169,1332,1717
351: 
352: 801,683,1333,908,699
353: 1888
354: 1890,213,1818
355: 
1735: 115,2003,299,1944,1708,812,600,694,1918,1663,1111
357: 1330,1779,719,1527
358: 
359: 1847,901,1896,382
360: 
361: 
1974: 1961,1863,1699,1327,1885,2004,1700,337,450,1760,1648,695,756,1017,1142,1292,190,1682,176
363: 
1854: 205,2012,284,262,1239,1225,755,1834,866,1100
365: 
366: 383,1950,628
1860: 
368: 
369: 
1755: 750
371: 851
1796: 
373: 652
374: 1617,1573,1302
375: 
376: 491,1350,1155,888,239
377: 320,1068
378: 
379: 777
1828: 1552,1039,1758,2006,1665,73,466,1698,1150,1535,945,1011,1886,2007,249
1964: 
382: 901,359,1896
383: 366,628
384: 
385: 1146,100,1099,207,860,550,687,1167,2014,707,654,1383,1058,1103,1393
386: 1024,1096
387: 174,1558,2002,1548,747,1887,592,1780,857,778,1771,310,461,519,309,752,323
388: 
389: 
390: 
391: 
1836: 
393: 1038,1515
394: 
395: 
396: 537,952
397: 
1845: 
399: 
400: 1593
401: 1902,1465,527,661,1381,315,1600,2008,1322,286,1266,1580,681,305,1482,1114,263,1705,1271,447,1428,1529,1621,1424,226,1969,72
402: 
403: 1382,1401,1171,848,2019,546,1326,1938,444,1508,987,1070,1912,1538,1531
404: 921,0,172,39,629,1194,2001,1238,1466,722
405: 574,794,1777
406: 180
407: 260,1585
1700: 1961,1863,1699,1327,1885,2004,1974,337,450,1760,1648,695,1987,756,1739,1017,456
1712: 
410: 
1969: 1715,1271,447,1229,1428,1529,1621,1618,1424,429,226,99,72,401,527,661,1381,315,1600,2008,1322,286,1580,681,305,1482,1114,263,1705,322
412: 1106,17,983,572
1979: 
414: 
415: 
416: 
417: 
1805: 1644
419: 1182,1728
420: 
1840: 
422: 1377
1992: 
424: 575,766
425: 633
426: 
427: 
428: 
429: 1271,447,1229,1529,1618,226,99,1969,2008
430: 42,440
1705: 1465,401,527,661,1381,315,1600,2008,1322,286,1580,681,305,1482,1114,263,1271,447,1229,1428,1529,1618,1424,226,99,1969,72
432: 
433: 
434: 
1792: 
436: 1359,1575,924,899,235
437: 1843,1469,1729,1763,830,174,1558,2002,1548,1564,1887,1780,857,310,461
438: 
439: 
440: 42,430
441: 50,1127
442: 
1839: 
444: 1382,1401,1171,2019,546,1074,403,1326,1938,1508,987,1070,1912,1538,1531
1878: 1934,1694,1095,2005,1379,1071,638,1749,532,1390,1007,1838,65,465
446: 
447: 1271,1229,1428,1529,1618,429,226,99,1969,72,401,315,2008,1322,286,1580,1482,1114,263,1705
448: 
449: 1934,522,1666,492,2005,1071,532,1007,1838,65
450: 1961,1863,1699,1327,1885,2004,1974,1700,337,1760,1648,695,756,1017,1142,176
451: 
1834: 205,2012,1854,284,262,1239,1225,755,866,1100
453: 
454: 1247
455: 
456: 1292,617,190,1961,1863,1327,2004,1700,337,1760,1648,1987,1739,1017
457: 
458: 946
459: 706,1745,1982
460: 
461: 174,1558,2002,1548,1564,747,1887,592,1780,857,778,1771,387,310,519,830,437,1843,1469,1729,1763,1120,309,752
462: 341,807
463: 
464: 
465: 1934,1694,2005,1379,1071,1878,1749,1390,1007,1838
466: 1552,1039,1758,2006,1665,1687,73,1698,1150,1535,945,1011,1828,1886,2007,249
467: 1846
468: 
469: 
1875: 
471: 1586,1444,1857,1231
472: 
1940: 
474: 
475: 517
1837: 
477: 729,1287,1647,1281,2009,1145,1976,697,1395,1995,1645,495,1170,1296,1943
478: 207,1576,1546,860,550,687,1167,2014,1294,707,654,1383,1058,1103,1393,1146
479: 1740,1574,1030,1732,1013,1415
1763: 437,1843,1469,1729,830,1120,174,2002,1564,1887,1780,857,310,461
481: 1583,1801
1801: 1583,481
1885: 1863,1699,2004,1974,1700,450,1760,695,756,1017,1142,1682,176,1076
484: 
485: 990
486: 
487: 
488: 
489: 
1857: 1586,758,471,1444,698,1231
491: 376,888
492: 1934,522,1666,2005,1071,532,1390,1838,65,449
493: 1131
494: 1876,1175
495: 729,1287,1647,1281,1487,2009,477,1145,1976,697,1395,1995,1102,1645,1170,1046,1296,1278,1943,1638
496: 649,1270,1398,1541,637
497: 1210
498: 238,1991
499: 1725,1437
1770: 134
501: 
502: 
1948: 
504: 151,1049,942
1999: 
506: 
507: 
508: 998,327
509: 
510: 
511: 1882,1632,1908,2011,544,1620,748,1119,291,609,2017,261
512: 771
513: 
514: 
515: 
1699: 1863,1327,1885,2004,1974,1700,337,450,1760,695,1987,756,1017,1142,176,1994,1076
517: 475
1908: 1882,1632,2011,544,1718,1620,748,291,609,511,2017,261,1023
519: 174,1558,2002,1548,1564,747,1887,592,1780,857,778,1771,387,310,461,830,1469,1120,309,752,323
520: 178,854,1919,307
521: 
522: 723,1666,1095,492,1633,2005,1379,1071,535,638,1749,532,828,1838,65,449
523: 1177
524: 
1831: 
526: 839,1983
527: 1902,1465,401,661,1381,315,1600,2008,1322,286,1266,1580,681,305,1482,1114,263,1705,322,1428,1529,1621,1424,226,1969,72
1913: 640,703
529: 1827,1504
1809: 1308
531: 
532: 1934,1694,723,522,1666,1095,492,1633,2005,1379,1071,1878,535,638,1749,1390,828,1007,1838,65,449
533: 1345
534: 
535: 723,522,1666,1633,2005,1071,638,532,828,65
536: 1716,1439
537: 952,396
538: 
539: 
540: 
541: 
542: 1849,1443,2018,187,639,1674,1059,597,790,1431,1213
543: 
544: 1882,1632,1908,2011,1718,1620,748,1119,291,1303,609,511,2017,261,109,1023
545: 
546: 1382,1401,848,2019,1074,403,1326,444,1508,987,1070,1912
547: 1209,1198,1380,338,1865,1022,1173,2015,779
548: 
549: 
550: 207,1576,1546,860,687,1167,2014,1294,478,1058,1103,1146,385
551: 1084,1204,920
552: 
1812: 
554: 
555: 
556: 
557: 701,335,316,142,1952,921,2001,1466,674,722,560,900
1906: 
1991: 238,498
560: 1952,921,0,629,1194,2001,1466,674,722,701,335,316,557,900
561: 1584,1543,1048,2016,287,1797,737,1261,1250,45,1626,91,66
562: 571
563: 43,653,1107,1310,787,1623,1673
564: 
565: 
1701: 584,1581
567: 1300,1032
1870: 
569: 170,1972
570: 
571: 562
572: 983,412,1106,1521,17
573: 
574: 794,405,1777
575: 766,424
1819: 1522
1904: 1614,1743,20,1756
578: 
579: 780,1267
580: 1453
581: 94
582: 1276
1744: 
584: 1898,1581,1701
585: 1098
1760: 1961,1863,1699,1327,1885,2004,1974,1700,337,450,1648,695,1987,756,1739,1017,1142,617,190,1682,456,176,1994,1076
587: 1375
1968: 
589: 
590: 
591: 
592: 174,1558,2002,1548,747,1887,857,1771,387,310,461,519,1469,1729,309
593: 1610,1954,1001,1339
1962: 
1766: 1810,643
596: 974
597: 1443,2018,1674,1059,790,1431,542
598: 936,767,662
599: 1054,1033,1942
600: 115,2003,1944,812,1735,610,1918,1663,898,1111
601: 
602: 798,219
603: 622,1970
604: 
605: 
606: 1631,1284
607: 
1747: 
609: 1882,1632,1908,2011,544,1718,1620,748,1119,291,1303,511,2017,261
610: 2003,812,600,1918,898
611: 874,1221,241,1871,1862
612: 636,314
1800: 
614: 
615: 1702,156,2010,1053,223,856,1386,350,67,727,792,296,1332,1717
616: 
617: 1292,190,1682,456,1863,1327,2004,337,1760,695,1987,1739,1017,1076
618: 984,274
619: 1202
620: 647,168
621: 
622: 603
623: 940,1643
624: 
625: 
626: 
1722: 
628: 383,206,1950,366
629: 1952,921,0,172,1194,404,2001,1238,674,722,560,900
630: 974
631: 1037,845,831
1708: 115,2003,299,1944,1735,694,1918,1663,1436,1111
633: 425
634: 
635: 54,189,1923
636: 314,612
637: 1187,496,649,1270,1398,1541
638: 1934,1694,723,522,1666,1095,1633,2005,1379,1071,1878,535,1749,532,1390,828,1007,1838,65
639: 135,1849,1443,2018,187,1149,1753,790,922,542,1213
640: 703,1913
641: 
642: 1579,917,1208
643: 1766,1810
644: 2013,1915,119,814,882,1855,1526,1935,1680,2000,844,197,810,1859,1052,1483,1569,281,1630,195,1821,1257,133,1451,751,970,916,669,173,1555,996,1671
1806: 
646: 
647: 620,168,943
1859: 644,2013,119,814,882,1855,1526,1935,1680,2000,844,810,202,1052,1483,1230,1569,281,1630,195,1821,1257,133,751,970,916,996
649: 496,1270,1398,1541,637
1745: 664,706,459,1982
651: 782
652: 373
653: 43,1190,563,1310,787,1673
654: 207,860,687,1167,2014,707,478,1383,1103,1393,1146,100,1099,385
655: 
656: 160,18,175
657: 
658: 
659: 1608,167,815
660: 1368
661: 1902,1465,401,527,1381,315,1600,2008,1322,286,1266,1580,681,305,1482,1114,263,1705,322,1428,1424,1969
662: 598,936,767
663: 
664: 706,1745,1026
665: 
666: 13,1402,805
667: 
668: 1237
669: 644,2013,1915,119,1855,1680,2000,844,197,810,1569,281,1630,195,1821,1257,133,1451,751,970,916,173,1555,996,1671
670: 1391,339,1173,2015,779,1198
671: 64
672: 
1687: 1039,1758,2006,1665,73,466,1150,1535,945,1011,1886,2007,249
674: 1952,921,0,172,629,1194,2001,1238,722,560,701,335,557,900
675: 
676: 
1882: 1632,1908,2011,544,1718,1620,748,1119,291,1303,609,511,2017,261,109,1023
678: 
679: 
680: 
681: 1902,1465,401,527,661,1381,315,1600,2008,1322,286,1266,1580,305,1482,263,1705,322,1271,1428,1529,1621,1424,226,99,1969
1810: 1766,643
683: 801,1333,908,352,699
1983: 526,839
1711: 1817,796,713
686: 
687: 207,1576,860,550,1167,2014,1294,707,478,654,1383,1058,1103,1393,1146,100,1099,385
688: 
689: 
690: 
1965: 
692: 
1993: 
694: 115,2003,299,1944,1708,1735,1663,1436
695: 1961,1863,1699,1327,1885,2004,1974,1700,337,450,1760,1648,1987,756,1017,1142,1292,617,190,1682,176,1076
696: 
697: 729,1287,1647,1281,1487,2009,477,1145,1976,1395,1995,1102,495
698: 1586,758,1444,1857,1231
699: 801,683,1333,908,352
700: 255
701: 335,316,557,142,1952,921,2001,1238,674,722,560,900
702: 1188
703: 640,1913
1883: 1547,897
1971: 
706: 664,1745,459,1982
707: 207,687,1167,2014,478,654,1383,1103,1393,1146,100,1099,385
1982: 706,1745,459
709: 880
710: 
711: 
712: 
713: 796,1711
714: 1041
715: 
716: 
717: 904,753
718: 
719: 1527,1330,357,1779
720: 
721: 
722: 1952,921,0,39,629,1194,404,2001,1238,1466,674,560,701,335,316,557,142,900
723: 1694,522,1666,1095,1633,2005,1379,1071,535,638,1749,532,1390,828,65
1758: 1552,1039,2006,1665,1687,73,466,1698,1150,1535,945,1011,1828,1886,972,2007,249
1775: 816
726: 154,325
727: 2010,1053,223,856,615,1386,350,792,296,1332,1717
728: 
729: 1287,1647,1281,1487,2009,477,1976,697,1395,1995,1102,1645,495,1170,1046,1296,1943
730: 
731: 
732: 1068
733: 1065,985
1977: 
735: 
736: 1427
737: 2016,287,1797,1191,1261,1250,117,45,1626,150,66,561
1997: 
739: 
740: 1690
1912: 1382,1401,1171,848,2019,546,403,1326,1938,444,1508,987,1538
742: 1783,867,234,1966,240,1474,292
1710: 
744: 852,344,1478,1557
745: 
1911: 
747: 174,1558,2002,1548,1564,1887,592,1780,857,778,1771,387,310,461,519,1469,1729,309,752,323
748: 1882,1632,1908,2011,544,1718,1620,1119,291,1303,609,511,2017,261
1817: 1711,796
750: 1755
751: 644,2013,1915,119,814,882,1855,1526,1680,2000,844,197,810,1859,1483,1569,281,1630,195,1821,1257,133,1451,970,916,669,173,1555,996,1671
752: 1120,309,323,174,2002,747,1887,1780,778,387,461,519
753: 717,904
1928: 
755: 205,2012,1854,284,262,1239,1225,1834,866,1100
756: 1863,1699,1327,1885,2004,1974,1700,337,450,1760,1648,695,1987,1017,1142,1682,176,1994,1076
757: 
758: 1586,1444,1857,698,1231
759: 1123
760: 
761: 1988,70
1838: 1934,522,492,2005,1379,1071,1878,638,1749,532,1390,1007,65,449,465
763: 
1753: 135,2018,187,1149,639,1674,922,1213
765: 
766: 575,424
767: 598,936,662
768: 
2004: 1961,1863,1699,1327,1885,1974,1700,337,450,1760,1648,695,1987,756,1739,1017,1142,1292,617,190,1682,456,176,1994,1076
770: 
771: 512
772: 
1954: 1372,1610,593,1001,1339
774: 
775: 
776: 1996
777: 379
778: 174,1558,2002,1548,1564,747,1887,1780,857,1771,387,461,519,309,752,323
779: 1391,670,339,1022,1173,2015,1209,1198,1380,338,547
780: 579
781: 1936
782: 651
783: 1477,1289
1863: 1961,1699,1327,1885,2004,1974,1700,337,450,1760,1648,695,1987,756,1739,1017,1142,617,190,1682,456,176,1076
785: 1311
786: 193
787: 43,653,1190,1107,563,1310,1623,1673
788: 184,55
789: 
790: 1849,1443,2018,639,1059,597,542,1213
791: 
792: 1702,156,2010,1053,223,856,615,1386,350,67,727,296,1169,1332,1717
793: 1174
794: 574,405,1777
795: 
796: 713,1817,1711
1696: 
798: 1485,602,219
799: 
800: 
801: 683,352,699
2012: 205,1854,284,262,1239,1225,755,1834,866,1100
1900: 
1779: 1330,357,719,1527
805: 13,1402,666
806: 244,1309,289,87,1312
807: 462,341
808: 
809: 1072
810: 644,2013,119,814,882,1855,1526,1935,1680,2000,844,197,1859,1052,1483,1230,1569,281,195,1821,1257,133,1451,751,669
811: 
812: 115,2003,1944,1735,600,610,1918,1663,1436,898,1111
1893: 1091,1501
814: 644,1772,2013,1915,119,882,1855,1526,1935,1680,2000,844,810,202,1859,1052,1483,1230,1569,1630,195,1821,1257,133,1255,1451,751,970,916,996,1671
815: 1608,167,659,1978
816: 1775
817: 
818: 
819: 
1823: 283,300
2011: 1882,1632,1908,544,1718,1620,748,1119,291,1303,609,511,2017,261,109,1023
822: 1005
1849: 135,1443,2018,187,1149,639,1059,790,922,542,1213
824: 250
825: 1163
826: 
827: 1306
828: 1694,723,522,1666,1095,1633,2005,1379,535,638,1749,532,1007
829: 
830: 437,1843,1469,1729,1763,1120,309,174,2002,1564,1887,857,310,461,519
831: 1037,845,631
832: 
1754: 
834: 1197
835: 
836: 1824,1297
837: 1612,838
838: 1612,837
839: 526,1983
1851: 77,1405
841: 1269
1741: 
1887: 174,1558,2002,1548,1564,747,592,1780,857,778,1771,387,310,461,519,830,437,1469,1729,1763,1120,309,752,323
844: 644,1772,2013,1915,119,814,882,1855,1526,1935,1680,2000,197,810,202,1859,1052,1483,1230,1569,281,1630,195,1821,1257,133,1255,1451,751,970,916,669,1555,996,1671
845: 1037,631,831
846: 1790
847: 
848: 1382,1401,1171,2019,546,403,1326,1508,987,1912
849: 
850: 
851: 371,1336
852: 344,744,1478,1557
853: 
854: 178,1919,520
855: 
856: 1702,156,2010,1476,1053,223,615,1386,350,67,727,792,1169,1332,1717
857: 174,1558,2002,1548,1564,747,1887,592,1780,778,387,310,461,519,830,437,1843,1469,1729,1763,1120,309,323
858: 
859: 1344
860: 207,1576,1546,550,687,1167,2014,1294,478,654,1383,1058,1103,1393,1146,385
861: 1984,1291
862: 
1718: 1882,1632,1908,2011,544,1620,748,1119,291,1303,609,2017,261,109,1023
1752: 
1978: 167,815
866: 1100,205,2012,1854,284,262,1239,1225,755,1834
867: 742,1783,1426,234,1966,240,1474,292
1892: 1641
869: 
870: 950
871: 
872: 1251
2009: 729,1287,1647,1281,1487,477,1145,1976,697,1395,1995,1102,1645,495,1170,1046,1296,1278,1943,1638
874: 1221,241,1871,611
875: 
876: 247
1723: 
878: 269
879: 
880: 709
881: 1582,231,1367,1399
882: 644,1772,2013,119,814,1855,1526,1935,1680,2000,844,197,810,202,1859,1052,1483,1230,1569,281,1630,195,1821,1257,133,1451,751,970,916
883: 1293
884: 
885: 
886: 
887: 1767
888: 1350,1155,491,376
889: 
1852: 
891: 
1871: 874,1221,241,611,1862
893: 925,1567
894: 
895: 
1958: 
897: 1547,1883
898: 1918,1111,610,2003,812,600
899: 1359,436,1899,1575,924,235
900: 701,335,316,557,1952,921,629,2001,674,722,560
901: 1847,359,1896,382
902: 
903: 6,1044
904: 717,753
905: 41,132
906: 1232
907: 
908: 683,352,699
1915: 644,1772,2013,814,1935,1680,2000,844,197,202,1230,1569,1630,195,1821,1257,1255,1451,751,970,669,996,1671
910: 
911: 1378
1972: 170,569
913: 
914: 1479
915: 966,1272
916: 644,2013,119,814,882,1855,1526,1680,2000,844,202,1859,1483,1569,281,1630,195,1821,1257,133,1451,751,970,669,173,1555,996,1671
917: 642,1579,1208
1955: 
919: 
920: 1084,551,1204
921: 1952,0,172,39,629,1194,404,2001,1238,1466,674,722,560,701,335,557,900
922: 135,1849,1443,2018,187,1149,639,1753,1213
1956: 
924: 1359,436,1899,1575,899,235
925: 893,1567
1716: 536,1439
927: 
1902: 1465,401,527,661,315,1600,2008,1322,286,1266,681,305,1482,1114,263
1899: 1575,924,899,235
930: 
931: 1200
932: 
933: 
934: 
935: 
936: 598,767,662
937: 1254,1412
1790: 846
939: 
940: 623,1643
941: 
942: 151,1049,7,504
943: 647
944: 
945: 1552,1039,1758,2006,1665,1687,73,466,1698,1150,1535,1011,1828,2007
946: 458
947: 
948: 
1959: 114,1452,1157
950: 870
951: 1027,246
952: 537,396
1858: 
1953: 
955: 
956: 
957: 
958: 
959: 
960: 
961: 1081
1945: 220,1034,1300,1032
963: 
964: 
965: 
966: 915,1272
967: 
968: 
969: 1841,16
970: 644,1772,2013,1915,814,882,1855,1935,1680,2000,844,197,202,1859,1230,1569,1630,195,1821,1257,133,1255,1451,751,916,669,173,1555,996,1671
971: 149,275,169,1605
972: 1318,1886,2007,249,1039,1758,2006,1665,73,1698,1150,1011
973: 
974: 630,596
1933: 
1950: 366,628
977: 
978: 
979: 
980: 1691
1846: 467
982: 
983: 572,412,1106,1521,17,1043
984: 618,274
985: 733,1065
986: 
987: 1382,1401,1171,848,2019,546,1074,403,1326,1938,444,1508,1070,1912,1538,1531
988: 
1905: 
990: 485
991: 
992: 
993: 
994: 
995: 
996: 173,1555,1671,644,2013,1915,814,1680,2000,844,1859,1569,281,1630,1821,1257,133,1255,1451,751,970,916,669
997: 
998: 327,508
999: 
1000: 1691
1001: 1610,593,1954,1339
1002: 
1003: 
1686: 
1005: 94,822
1006: 
1007: 1934,1694,1095,2005,1379,1071,1878,638,1749,532,1390,828,1838,449,465
1008: 282,1425
1009: 1914
1749: 1934,1694,723,522,1095,1633,2005,1379,1071,1878,638,532,1390,828,1007,1838,65,465
1011: 1552,1039,1758,2006,1665,1687,73,466,1698,1150,1535,945,1828,1318,1886,972,2007,249
1012: 
1013: 1740,479,1415
1014: 
1767: 887
1740: 1574,1030,1732,1013,479
1017: 1863,1699,1327,1885,2004,1974,1700,337,450,1760,695,1987,756,1142,1292,617,190,1682,456,176,1994,1076
1018: 
1793: 
1020: 
1021: 1669
1022: 1865,1391,1173,2015,779,1198,1380,338,547
1023: 1882,1632,1908,2011,544,1718,1620,1119,291,1303,2017,261,109
1024: 386,1096
1025: 1697,1108
1026: 1348,664
1027: 246,951
1931: 
1029: 298
1030: 1740,1574,1732,479
1715: 1229,1428,1529,1621,99,1969,72,1381,1600,2008,1580,1482,322
1032: 220,567,1034,1300,1945
1033: 1942,1054,599
1034: 220,1300,1945,1032
1035: 1141
1036: 
1037: 845,631,831
1038: 393
1039: 1552,1758,2006,1665,1687,73,466,1698,1150,1535,945,1011,1828,1318,1886,972,2007,249
1040: 1392
1041: 714
1957: 1356,1218
1043: 1521,17,1106,983
1044: 6,903
1970: 603
1046: 1170,1296,1278,1943,729,1281,2009,1995,1645,495
1047: 
1048: 1584,561,2016,287,1797,1261,1250,1626,91
1049: 151,7,504,942
1050: 
1051: 
1052: 644,2013,119,814,882,1855,1526,1935,1680,2000,844,197,810,202,1859,1483,1230,195,1821,1257,133
1053: 1702,156,2010,223,856,615,1386,350,727,792,296,1169,1332,1717
1054: 599,1033,1942
1055: 
1056: 303,101
1057: 
1058: 207,1576,1546,860,550,687,1167,2014,1294,478,1383,1103,1393,1146,100,1099,385
1059: 1849,1443,2018,1674,597,790,1431,542,1213
1060: 
1061: 
1975: 
1063: 328,1421
1925: 
1065: 733,985
1066: 
1067: 1649,1659
1068: 732,320,377
1963: 1320
1070: 1382,1401,1171,2019,546,1074,403,1326,1938,444,1508,987,1538,1531
1071: 1934,1694,723,522,1666,492,1633,2005,1379,1878,535,638,1749,532,1390,1007,1838,65,449,465
1072: 809
1725: 499
1074: 1382,1401,2019,546,1326,444,1508,987,1070,1538
2018: 135,1849,1443,187,1149,639,1674,1059,1753,597,790,922,1431,542,1213
1076: 176,1994,617,190,1682,1863,1699,1327,1885,2004,1760,695,1987,756,1017,1142
1077: 1651
1802: 1877
1079: 
1080: 
1081: 961
1690: 740
1083: 
1084: 551,1204,920
1085: 
1939: 
1087: 
1088: 
1089: 
1090: 
1091: 1501,1893
1092: 
1795: 
1094: 1147
1095: 1694,723,522,1633,2005,1379,1878,638,1749,532,1390,828,1007
1096: 386,1024
1097: 
1098: 585
1099: 1146,100,385,207,687,1167,2014,707,654,1383,1058,1103,1393
1100: 866,205,2012,1854,284,262,1239,1225,755,1834
1101: 
1102: 729,1647,1281,1487,2009,1145,1976,697,1395,1995,495,1638
1103: 207,1576,860,550,687,1167,2014,1294,707,478,654,1383,1058,1393,1146,100,1099,385
1104: 1951
1105: 
1106: 412,1521,17,1043,983,572
1107: 43,563,1310,787,1623,1673
1108: 1697,1025
1109: 
1110: 
1111: 1918,1663,1436,898,115,2003,299,1944,1708,812,1735,600
1739: 1961,1863,1327,2004,1700,337,1760,1648,1292,617,456
1113: 
1114: 1902,1465,401,527,661,1381,315,1600,2008,1322,286,1266,1580,305,1482,263,1705,447,1428,226,1969,72
1115: 
1876: 14,494,1175
1117: 1489,1884
1118: 1594
1119: 1882,1632,2011,544,1718,1620,748,291,1303,609,511,2017,261,109,1023
1120: 309,752,323,830,1469,1763,174,2002,1564,1887,1780,857,310,461,519
1121: 47
1122: 215
1123: 759
1897: 347
1125: 
1126: 
1127: 441,50,157
1919: 178,854,307,520
1951: 140,1104
1130: 103,1461,336
1131: 493
1132: 89
1133: 
1976: 729,1287,1647,1281,1487,2009,477,1145,697,1395,1995,1102,1645,495,1170,1296,1278,1943,1638
2015: 1865,1391,670,339,1022,1173,779,1209,1198,1380,338,547
1136: 
1137: 52
1729: 437,1843,1469,1763,830,174,1558,2002,1548,1564,747,1887,592,1780,857,1771,310,461
1139: 
1140: 
1141: 1035
1142: 1863,1699,1327,1885,2004,1974,450,1760,695,1987,756,1017,190,1682,176,1994,1076
1143: 
1780: 174,1558,2002,1548,1564,747,1887,857,778,1771,387,461,519,437,1469,1729,1763,1120,309,752,323
1145: 1281,1487,2009,477,1976,697,1395,1995,1102,1645,495,1296,1278,1638
1146: 100,1099,385,207,1576,860,550,687,1167,2014,707,478,654,1383,1058,1103,1393
1147: 1094
1717: 1702,156,2010,1053,223,856,615,1386,350,67,727,792,296,1332
1149: 135,1849,2018,187,639,1753,922,1213
1150: 1552,1039,1758,2006,1665,1687,73,466,1698,1535,945,1011,1828,1886,972,2007,249
1151: 
1844: 
1709: 
1154: 
1155: 1350,888,376
1156: 108
1157: 114,1452,1959
1158: 
1159: 333,1256,81,1216,304
1160: 
1161: 
2005: 1934,1694,723,522,1666,1095,492,1633,1379,1071,1878,535,638,1749,532,1390,828,1007,1838,65,449,465
1163: 825
1164: 
1165: 
1166: 
1167: 207,860,550,687,2014,1294,707,478,654,1383,1058,1103,1393,1146,100,1099,385
1168: 
1169: 1702,156,2010,1476,1053,223,856,350,67,792,1332
1170: 1046,1296,1278,1943,729,1287,1647,1281,2009,477,1976,1995,1645,495
1171: 848,2019,403,1326,1938,444,1508,987,1070,1912,1538,1531
1777: 574,794,405
1173: 1865,1391,670,339,1022,2015,779,1209,1198,1380,338,547
1174: 793
1175: 14,494,1876
1872: 
1177: 523
1178: 37
1943: 1170,1046,1296,729,1287,1647,1281,2009,477,1976,1995,1645,495
1180: 1629
1181: 
1182: 1728,419
1183: 
1184: 
1185: 1539
1719: 1909,1601
1187: 1270,1398,637
1188: 702
1727: 1746,129
1190: 43,653,787,1673
1191: 2016,287,1797,737,1261,1250,45,91,150
1192: 
1193: 
1194: 1952,921,0,172,39,629,404,2001,1238,1466,674,722,560,335
1195: 
1196: 
1197: 834
1198: 1209,1380,338,547,1391,670,339,1022,1173,2015,779
1199: 
1200: 1496,212,931
1201: 89,229
1202: 619
1203: 
1204: 1084,551,920
1734: 
1842: 
1207: 
1208: 642,1579,917
1209: 1198,1380,338,547,1173,2015,779
1210: 497
1794: 1354
1769: 1407,81,1525,1216,333,304
1213: 135,1849,1443,2018,187,1149,639,1674,1059,1753,790,922,1431,542
1952: 921,0,39,629,1194,2001,1238,1466,674,722,560,701,335,316,557,142,900
1804: 
1216: 1769,1407,81,1525,333,1256,1159,304
1217: 
1218: 1356,1957
1219: 1288,1688,254,1589
1220: 
1221: 874,241,1871,611
1222: 97
1742: 
1224: 
1225: 205,2012,1854,284,262,1239,755,1834,866,1100
1226: 
1227: 
2013: 644,1772,1915,119,814,882,1855,1526,1935,1680,2000,844,197,810,202,1859,1052,1483,1230,1569,281,1630,195,1821,1257,133,1255,1451,751,970,916,669,173,1555,996,1671
1229: 1715,1271,447,1428,1529,1621,1618,429,226,99,1969,72,2008,286,1580,1482,1705
1230: 1772,2013,1915,814,882,1855,1935,2000,844,197,810,202,1859,1052,1569,1630,195,1821,1257,1255,1451,970
1231: 1586,758,471,1444,1857,698
1232: 906
1233: 
1234: 276
1914: 1009
1868: 
1237: 668
1238: 1952,921,0,172,39,629,1194,404,2001,1466,674,722,701,335,142
1239: 205,2012,1854,262,1225,755,1834,866,1100
1936: 781
1241: 
1242: 
1243: 
1244: 
1245: 
1246: 
1247: 454
1248: 1290
1249: 
1250: 2016,287,1797,737,1191,1261,117,45,91,150,66,1584,1048,561
1251: 872
1252: 
1253: 
1254: 937,1412
1255: 1772,2013,1915,814,1935,2000,844,197,202,1230,1569,1630,1821,1257,1451,970,996,1671
1256: 333,1159,81,1216,304
1257: 644,1772,2013,1915,119,814,882,1855,1526,1935,1680,2000,844,197,810,202,1859,1052,1483,1230,1569,281,1630,195,1821,133,1255,1451,751,970,916,669,173,1555,996,1671
1258: 
1259: 1642,1599,1880,1566
1260: 
1261: 2016,287,1797,737,1191,1250,1626,91,150,1048,561
1890: 354,213
1263: 
1960: 
1797: 2016,287,737,1191,1261,1250,45,1626,91,150,1048,561
1266: 1902,1465,401,527,661,1381,315,2008,1322,286,681,305,1114,263,1428,1424,226
1267: 579
1268: 1703
1269: 841
1270: 496,649,1398,1541,1187,637
1271: 447,1229,1428,1529,1621,1618,1424,429,226,99,1969,401,315,2008,1322,286,1580,681,263,1705
1272: 966,915
1684: 
1274: 
1818: 354,213
1276: 582
1277: 
1278: 1170,1046,1296,1638,1281,1487,2009,1145,1976,1395,1995,1645,495
1279: 
1280: 
1281: 729,1287,1647,2009,477,1145,1976,697,1395,1995,1102,1645,495,1170,1046,1296,1278,1943
1282: 
1283: 
1284: 1631,606
1285: 
1286: 346,200
1287: 729,1647,1281,2009,477,1976,697,1395,1995,1645,495,1170,1943
1288: 1688,1219,254
1289: 783,1477
1290: 1248
1291: 861,1984
1292: 617,190,456,1961,1327,2004,1974,337,1648,695,1739,1017
1293: 883
1294: 1576,1546,860,550,687,1167,2014,478,1058,1103
1888: 353
1296: 1170,1046,1278,1943,1638,729,1281,2009,477,1145,1976,1995,1645,495
1297: 836
1298: 1693,1578
1299: 
1300: 220,567,1034,1945,1032
1881: 
1302: 374,1617,1573
1303: 1882,1632,2011,544,1718,1620,748,1119,291,609,2017,261,109,1023
1304: 183,1921
1305: 
1306: 827
1307: 93,19
1308: 1809,52
1309: 244,806,289,87,1312
1310: 43,653,1107,563,787,1623,1673
1311: 785,155
1312: 244,806,1309,289,87
1313: 
1314: 
1315: 
1316: 
1317: 
1318: 1886,972,2007,249,1039,2006,1665,73,1011
1319: 1349
1320: 1963
1808: 
1322: 1902,1465,401,527,661,315,2008,286,1266,681,305,1482,1114,263,1705,1271,447,1428,1529,1618,1424,226,1969
1323: 
1324: 93
1325: 
1326: 1382,1401,1171,848,2019,546,1074,403,1938,444,1508,987,1070,1912,1538
1327: 1961,1863,1699,2004,1974,1700,337,450,1760,1648,695,1987,756,1739,1017,1142,1292,617,190,1682,456,1076
1328: 
1329: 
1330: 357,1779,719,1527
1331: 252
1332: 1702,156,2010,1053,223,856,615,1386,350,67,727,792,296,1169,1717
1333: 683,352,699
1334: 
1335: 
1336: 851
1337: 
1338: 
1339: 1610,593,1954,1001
1340: 
2003: 115,299,1944,1708,812,1735,600,694,610,1918,1663,1436,898,1111
1762: 
1691: 980,1000
1344: 859
1345: 533
1346: 
1909: 1719,1601
1348: 1026
1349: 1319
1350: 1155,888,239,376
1351: 
1352: 
1353: 
1354: 1794
1355: 
1356: 1957,1218
1357: 
1358: 
1359: 436,1575,924,899,235
1360: 
1361: 1468
1706: 9
1363: 
1364: 
1365: 
1366: 
1367: 881,1582,231,1399
1368: 660
1369: 
1774: 
1371: 
1372: 1954
1783: 742,867,1426,234,1966,240,1474,292
1374: 
1375: 587
1773: 
1377: 422
1378: 911
1379: 1934,1694,723,522,1095,1633,2005,1071,1878,638,1749,532,1390,828,1007,1838,465
1380: 1209,1198,338,547,1022,1173,2015,779
1381: 401,527,661,315,1600,2008,286,1266,1580,681,305,1482,1114,1705,322,1715,1428,1529,1621,1424,1969,72
1382: 1401,848,2019,546,1074,403,1326,1938,444,1508,987,1070,1912
1383: 207,860,687,1167,2014,707,478,654,1058,1103,1393,1146,100,1099,385
1384: 
1385: 251,34
1386: 1702,2010,1053,223,856,615,350,67,727,792,296,1332,1717
2008: 1902,1465,401,527,661,1381,315,1600,1322,286,1266,1580,681,305,1482,1114,263,1705,322,1715,1271,447,1229,1428,1529,1621,1618,1424,429,226,99,1969,72
1388: 
1785: 
1390: 1934,1694,723,1095,492,1633,2005,1379,1071,1878,638,1749,532,1007,1838,65,465
1391: 1865,670,339,1022,1173,2015,779,1198,338
1392: 1040
1393: 207,860,687,1167,2014,707,478,654,1383,1058,1103,1146,100,1099,385
1731: 112
1395: 729,1287,1647,1281,1487,2009,477,1145,1976,697,1995,1102,1645,495,1278,1638
1922: 1761
1916: 
1398: 496,649,1270,1541,1187,637
1399: 881,1582,231,1367
1400: 256
1401: 1382,848,2019,546,1074,403,1326,444,1508,987,1070,1912,1538
1402: 13,666,805
1781: 
1404: 
1405: 1851
1889: 
1407: 1769,81,1525,1216,304
1730: 
1409: 
1410: 
1411: 
1412: 1254,937
1413: 
1903: 
1415: 1013,479
1416: 
1694: 723,1095,1633,2005,1379,1071,1878,638,1749,532,1390,828,1007,65,465
1966: 1426,234,240,1474,292,742,1783,867
1419: 
1420: 
1421: 328,1063
1855: 644,2013,119,814,882,1526,1935,1680,2000,844,197,810,202,1859,1052,1483,1230,1569,281,195,1821,1257,133,751,970,916,669
1423: 
1424: 1271,1428,1529,1621,1618,226,99,1969,401,527,661,1381,315,2008,1322,286,1266,1580,681,263,1705
1425: 1008,282
1426: 234,1966,1474,1783,867
1427: 736
1428: 1715,1271,447,1229,1529,1621,1618,1424,226,99,1969,72,401,527,661,1381,315,1600,2008,1322,286,1266,1580,681,305,1482,1114,263,1705,322
1429: 
1736: 
1431: 1443,2018,187,1674,1059,597,542,1213
1784: 
1433: 
1434: 
1682: 617,190,1863,1327,1885,2004,1974,337,1760,695,1987,756,1017,1142,176,1994,1076
1436: 1918,1663,1111,115,2003,299,1944,1708,812,694
1437: 499
1438: 
1439: 1716,536
1440: 
1441: 
1442: 
1443: 1849,2018,187,639,1674,1059,597,790,922,1431,542,1213
1444: 1586,758,471,1857,698,1231
1445: 
1721: 
1862: 1871,611
1448: 
1449: 
1450: 
1451: 644,1772,2013,1915,814,882,1935,1680,2000,844,197,810,202,1230,1569,281,1630,195,1821,1257,1255,751,970,916,669,173,1555,996,1671
1452: 114,1157,1959
1453: 580
1454: 
2016: 287,1797,737,1191,1261,1250,117,45,1626,91,150,66,1584,1543,1048,561
1949: 
1681: 1990
1458: 
1459: 
1460: 
1461: 103,1130,336
1462: 1544
2019: 1382,1401,1171,848,546,1074,403,1326,1938,444,1508,987,1070,1912,1538,1531
1464: 
1465: 1902,401,527,661,315,2008,1322,286,1266,681,305,1114,263,1705,226
1466: 1952,921,0,39,1194,404,2001,1238,722,560,335,557,142
2002: 174,1558,1548,1564,747,1887,592,1780,857,778,1771,387,310,461,519,830,437,1843,1469,1729,1763,1120,309,752,323
1468: 1361
1469: 437,1843,1729,1763,830,1120,309,174,1558,2002,1548,1564,747,1887,592,1780,857,310,461,519
1685: 
1471: 
1472: 
1473: 
1474: 1426,234,1966,240,292,742,1783,867
1475: 1652
1476: 1702,156,2010,856,350,67,1169
1477: 783,1289
1478: 852,344,744,1557
1479: 914
1935: 644,1772,2013,1915,814,882,1855,1680,2000,844,197,810,202,1859,1052,1230,1569,1630,195,1821,1257,1255,1451,970
1481: 68
1482: 1902,401,527,661,1381,315,1600,2008,1322,286,1580,681,305,1114,263,1705,322,1715,447,1229,1428,1529,1621,226,1969,72
1483: 644,2013,119,814,882,1855,1526,1680,2000,844,810,1859,1052,281,195,1257,133,751,916,1555
1856: 139,148
1485: 798,219
1486: 
1487: 729,2009,1145,1976,697,1395,1995,1102,1645,495,1278,1638
1488: 
1489: 1117,1884
1490: 
1961: 1863,1327,2004,1974,1700,337,450,1760,1648,695,1739,1292,456
1492: 1,1867
1493: 11
1494: 
1495: 
1496: 1200,212,1894
1768: 
1698: 1552,1039,1758,2006,1665,73,466,1150,1535,945,1011,1828,1886,972,2007,249
1499: 
2014: 207,1576,1546,860,550,687,1167,1294,707,478,654,1383,1058,1103,1393,1146,100,1099,385
1501: 1091,1893
1832: 
1503: 
1504: 529,1827
1505: 
1506: 201
1707: 
1508: 1382,1401,1171,848,2019,546,1074,403,1326,1938,444,987,1070,1912,1538
1509: 
1510: 
1511: 
1512: 
1513: 
1514: 1830
1515: 393
1516: 1764,1895
1517: 
1518: 
1519: 
1520: 1668,49
1521: 17,1043,1106,983,572
1522: 1819
1523: 
1524: 
1525: 1769,1407,81,1216
1526: 644,2013,119,814,882,1855,2000,844,810,1859,1052,1483,281,195,1257,133,751,916
1527: 719,1330,357,1779
1528: 1544
1529: 1715,1271,447,1229,1428,1621,1618,1424,429,226,99,1969,72,401,527,1381,315,2008,1322,286,1580,681,1482,263,1705
1530: 
1531: 1171,2019,403,1938,444,987,1070,1538
1532: 1640
1533: 
1987: 1863,1699,1327,2004,1700,337,1760,695,756,1017,1142,617,190,1682,456,176,1994,1076
1535: 1552,1039,1758,2006,1665,1687,73,466,1698,1150,945,1011,1828,1886,2007,249
1536: 
1813: 
1538: 1401,1171,2019,1074,403,1326,1938,444,1508,987,1070,1912,1531
1539: 1185
1697: 1108,1025
1541: 496,649,1270,1398,637
1542: 
1543: 1584,561,2016,287,117,45,66
1544: 1528,1462
1724: 
1546: 1576,860,550,2014,1294,478,1058
1547: 1883,897
1548: 174,1558,2002,1564,747,1887,592,1780,857,778,1771,387,461,519,437,1469,1729,323
1786: 47
1550: 
1551: 
1552: 1039,1758,2006,1665,73,466,1698,1150,1535,945,1011,1828,2007
1553: 
1761: 1922
1555: 173,996,1671,644,2013,119,1680,2000,844,1483,281,1257,133,1451,751,970,916,669
1996: 776
1557: 852,344,744,1478
1558: 174,2002,1548,1564,747,1887,592,1780,857,778,1771,387,310,461,519,437,1469,1729,309
1835: 
2006: 1552,1039,1758,1665,1687,73,466,1698,1150,1535,945,1011,1828,1318,1886,972,2007,249
1561: 
1562: 
1563: 
1564: 174,1558,2002,1548,747,1887,1780,857,778,1771,310,461,519,830,437,1843,1469,1729,1763,1120,323
1934: 492,2005,1379,1071,1878,638,1749,532,1390,1007,1838,65,449,465
1566: 1880,1642,1259
1567: 893,925
1568: 
1569: 644,1772,2013,1915,119,814,882,1855,1935,1680,2000,844,197,810,202,1859,1230,281,1630,195,1821,1257,133,1255,1451,751,970,916,669,996,1671
1570: 
1571: 
1572: 
1573: 374,1617,1302
1574: 1740,1030,1732,479
1575: 1359,436,1899,924,899,235
1576: 1546,860,550,687,2014,1294,478,1058,1103,1146
1577: 
1578: 1693,1298
1579: 642,917,1208
1580: 401,527,661,1381,315,1600,2008,286,681,305,1482,1114,1705,322,1715,1271,447,1229,1428,1529,1621,1424,226,99,1969,72
1581: 584,1701
1582: 881,231,1367,1399
1583: 1801,481
1584: 1543,1048,561,2016,287,1250,117,45,91,66
1585: 407,260
1586: 758,471,1444,1857,698,1231
1587: 308
1588: 
1589: 1688,1219,254
1590: 
1884: 1489,1117
1592: 
1593: 400
1594: 1118,1891
1595: 
1596: 
1843: 437,1469,1729,1763,830,2002,1564,857,310,461
1598: 
1599: 1642,1259
1600: 1902,401,527,661,1381,2008,286,1580,681,305,1482,1114,1705,322,1715,1428,1621,1969,72
1601: 1719,1909
1602: 
1603: 
1604: 
1605: 971,149,169
1606: 1848
1607: 
1608: 167,659,815
1609: 
1610: 593,1954,1001,1339
1611: 
1612: 838,837
1894: 1496,212
1614: 1904,1743,20,1756
1988: 70,761
1616: 
1617: 374,1573,1302
1618: 1271,447,1229,1428,1529,1424,429,226,99,1969,72,315,2008,1322,263,1705
1619: 
1620: 1882,1632,1908,2011,544,1718,748,1119,291,1303,609,511,2017,261,109,1023
1621: 1715,1271,1229,1428,1529,1424,99,1969,72,401,527,1381,1600,2008,1580,681,1482,322
1622: 
1623: 1107,563,1310,787,1673
1847: 901,359,1896
1625: 
1626: 2016,287,1797,737,1261,91,150,1048,561
2007: 1318,1886,972,249,1552,1039,1758,2006,1665,1687,73,466,1698,1150,1535,945,1011,1828
1628: 
1629: 298,1180
1630: 644,1772,2013,1915,814,882,1935,1680,2000,844,197,202,1859,1230,1569,195,1821,1257,1255,1451,751,970,916,669,996,1671
1631: 1284,606
1632: 1882,1908,2011,544,1718,1620,748,1119,291,1303,609,511,2017,261,109,1023
1633: 1694,723,522,1666,1095,2005,1379,1071,535,638,1749,532,1390,828,65
1634: 
1635: 
1636: 272
1637: 
1638: 1296,1278,1487,2009,1145,1976,1395,1995,1102,1645,495
1639: 
1640: 1532
1641: 1892
1642: 1259,1599,1880,1566
1643: 940,623
1644: 1805
1645: 729,1287,1647,1281,1487,2009,477,1145,1976,1395,1995,495,1170,1046,1296,1278,1943,1638
1646: 
1647: 729,1287,1281,2009,477,1976,697,1395,1995,1102,1645,495,1170,1943
1648: 1961,1863,1327,2004,1974,1700,337,450,1760,695,756,1739,1292,456
1649: 1067,1659
1650: 165,1981
1651: 1077
1652: 1475
1653: 
1654: 
1798: 
1656: 
1657: 
1658: 
1659: 1649,1067
1942: 1033,1054,599
1748: 
1662: 
1663: 1918,1436,1111,115,2003,299,1944,1708,812,1735,600,694
1664: 
1665: 1552,1039,1758,2006,1687,73,466,1698,1150,1535,945,1011,1828,1318,1886,972,2007,249
1666: 723,522,492,1633,2005,1071,535,638,532,828,65,449
1667: 
1668: 1520,49
1669: 1021
1670: 
1671: 173,1555,996,644,2013,1915,814,1680,2000,844,197,1569,281,1630,1821,1257,133,1255,1451,751,970,916,669
1672: 
1673: 43,653,1190,1107,563,1310,787,1623
1674: 1443,2018,187,1059,1753,597,1431,542,1213
1830: 1514
1676: 
1677: 
1678: 
1679: 
1680: 644,2013,1915,119,814,882,1855,1935,2000,844,197,810,1859,1052,1483,1569,281,1630,195,1821,1257,133,1451,751,970,916,669,1555,996,1671