0: 557,142,172,900,404,316,629,2001,1238,674,312,701
1: 915,403,987,2019,1326,1401,1508,546,1912,64,1583,444,1938
1946: 
3: 
4: 144
5: 1290,666,1248,469
6: 
7: 
8: 
9: 
10: 
1617: 1948
12: 125,1579,1622
13: 702
14: 
15: 234,520,397
2007: 257,972,1687,1535,2006,1886,945,1828,1552,1039,466,58,1011,1035,1150,1758,249,808,1698,73,1665
17: 
18: 395,591
1496: 1667,1781
20: 
21: 
1826: 853
23: 937
1611: 
25: 1922
26: 
1995: 697,1296,1145,1395,1625,1046,2009,521,1487,1647,1645,1943,1278,1976
1493: 
29: 1089,1790,70
1577: 
1853: 471,589,1981
1994: 337,1017,2004,1987,1739,1327,695,450,190,1760,617,1863
33: 
34: 1736
1689: 1964,680,886
36: 
37: 
38: 834,526
39: 629,1466,2001,560,1238,335,674,557,172,900,316,312,1952,1194,921
40: 337,1017,2004,1987,1739,695,1076,450,1961,1283,1682,1700,1648,756,190,1760,456,1885,176,1292,617,1142,1699,1863
41: 1963
42: 1520
43: 1962
44: 1427,1761
45: 1250,561,91,2016,66,1543,737,1050,117,1191,1584,1626,1261,1797,1048,1166,150,287,1222
1989: 
47: 
1692: 
49: 189
50: 1980,1637
2017: 1632,1119,261,1882,1303,544,291,2011,1718,609,1023,1795,109,511,1620
52: 1809,924
53: 
54: 
55: 538,454,1218,658,985,1040,585,414
56: 1451,1230,810,2000,1569,751,474,1096,197,844,1772,1915,1644,1483,1821,1855,644,119,2013,1526,1257,1352,882,298,1630,970,916,1671,814,1935,669,1680
57: 1923,432
58: 257,972,1687,1535,2006,945,1828,1039,466,2007,1011,1150,1758,249,808,73,1665
59: 1904,1339
1703: 1595,1221
61: 
62: 1723,1817,147,580
1688: 344,1288
64: 915,403,625,1,987,835,2019,1326,1401,1508,546,1538,1912,1171,1583,444,1938,848,870,1382,1070,1074
65: 723,1390,1485,1572,638,492,532,2005,1934,1095,1007,1838,1379,522
66: 1250,561,91,45,2016,737,1050,117,1191,107,1584,1261,1797,1048,1166,150,287,1222
1832: 
68: 1704,837,940
1898: 1084,584,1921
70: 1790,29
1896: 
1618: 2008,907,661,1482,1131,401,681,1705,1322,1621,1368,1266,1951,1465
73: 972,1687,2006,945,1828,1552,1039,466,58,2007,1011,1150,1758,249,808,1665
1728: 1990
1848: 1639,131
2010: 1169,1101,1509,156,615,458,1332,792,1945,1702,1053,1602,223,1717,350,856,934,1386,727,296,1476
1634: 
1680: 1451,1230,810,56,2000,1569,195,202,751,474,1052,1096,173,197,844,1772,1915,1644,1483,1821,1255,1855,644,119,2013,1526,1257,1352,996,882,298,1630,970,916,1671,133,814,1935,669
1737: 798,472
1508: 915,403,625,1,987,835,2019,1326,1401,546,1538,1912,64,1583,444,1938,848
81: 1561
1981: 589,471,1853
83: 548
84: 1755
1866: 891,1608,137,1891
86: 
87: 
88: 
89: 990
90: 1415
91: 1250,561,45,2016,66,1543,1050,1191,1584,1261,1797,1048,287,1222
92: 1659
93: 1307
94: 
1743: 785,475,1706,1977
96: 1440,854
97: 860,342,478,1576,1294,1167,1546,2014,1393,385,1146,707
1683: 
99: 2008,907,305,154,661,1482,1902,447,681,322,1705,1322,1621,1368,1266,1271,1193,1715,1910,1969,1580,527,1381
100: 850,1058,1383,687,660,385,1146,1888,707,2014
101: 1550
102: 
103: 
104: 
1841: 
106: 1462,1527
107: 1250,2016,66,1543,737,1050,1584,1626,1797,150,1222
1623: 757,146
109: 1632,1119,2017,261,1882,1303,544,291,2011,1718,609,1023,511,1620
110: 
1589: 
112: 937,1471
1614: 
114: 992,311,523,240,1177,1426
1585: 1323,596,1253
116: 
117: 1250,45,2016,66,737,1261,1797,1166,150,287,1222
118: 
119: 1451,1230,810,56,2000,1569,195,751,474,1052,1096,173,197,844,1772,1915,1644,1483,1821,1255,1855,644,2013,1526,360,1257,1352,996,882,298,1630,970,916,1671,814,669,1680
1656: 
1821: 1451,1230,810,56,2000,1569,751,474,1096,197,844,1772,1915,1644,1483,1855,644,119,2013,1352,298,1630,970,916,1671,814,669,1680
122: 1117
123: 549,1676
1886: 257,972,1687,1535,2006,945,1828,1552,466,2007,1035,808,1698,1665
125: 12,1579,1622
1693: 1825,721,1677
1543: 1250,561,91,45,2016,737,1050,107,1584,1626,1797,1048,1222
128: 
129: 870,1382,403,987,835,2019,168,1401,546,1583,444,848
1867: 1801,1080
131: 1848,1639,849,1372
132: 1320,1673,1460,151,1331,1437
133: 1451,810,2000,195,202,751,474,1096,1555,1644,1255,644,2013,1526,360,1257,1352,996,882,1671,814,1935,1680
134: 1724,379,861
135: 531,597,1753,1149,639,790,1213,2018,958,1059,542,1431,187,1083
136: 664,782,340
137: 1891,1866,1608
138: 
139: 
140: 
141: 
142: 557,172,0,900,404,316,629,1466,2001,560,1238,674,312,701,1194
143: 1794,1158,1398,1489
144: 4
145: 
146: 757,1623
147: 1723,1817,62,580
148: 1490
149: 
150: 1250,45,2016,66,737,1050,117,107,1584,1626,1797,1166,287,1222
151: 1320,1673,1818,1460,132,1437
152: 1079,231,1876,895
153: 1906
154: 2008,99,907,305,661,1482,1902,447,401,681,322,1705,1322,1621,1368,1271,1193,1715,1969,1580,527,1381
155: 
156: 1169,615,2010,458,1332,792,1945,1702,1053,1602,350,1386,727,296,1476
157: 551,1481,1249
158: 
159: 1983
160: 
1704: 837,940,68
1895: 1030,1087
163: 
1529: 1715,263,1465,286,226,1910,315,1580,2008,907,1482,1131,1621,1266,1951
165: 
1824: 1925,913,874
1813: 
168: 403,625,987,835,2019,1401,546,1583,848,870,1382,129
169: 
170: 
1764: 942,1107
172: 557,142,0,900,404,316,629,39,2001,560,1238,674,312,701,1952,1194
173: 1451,1230,2000,1569,195,474,1052,1096,844,1555,1644,1483,1255,644,119,2013,1257,882,298,916,1671,669,1680
174: 1548,1887,1763,1163,1558,310,1780,2002,323,1436,830,1843,1120
175: 
176: 337,40,1017,2004,1739,1327,695,1076,450,1961,1283,1682,1700,1648,756,190,1760,456,1885,1292,617,1142,1699,1863
1787: 1954
178: 911,1452
179: 880
180: 
181: 
1901: 815
183: 
184: 
1612: 994
1702: 1169,1101,1509,156,615,2010,458,1332,792,1945,1053,1602,223,1717,350,1386,727,296,1476
187: 531,597,1753,1149,639,135,790,1213,2018,958,542,1431,1083,825
1932: 1663,1735,299,2003,884,610,600
189: 49
190: 337,40,1017,2004,1987,1739,1327,695,1076,450,1961,1283,1700,1648,756,1760,456,176,1292,617,1863,1994
1865: 255,1380,1173,2015,297,1754,1175,779,1198,670,1022,338,494
2000: 1451,1230,810,56,1569,195,202,751,474,1052,1096,173,197,844,1555,1772,1915,1644,1483,1821,1255,1855,644,119,2013,1526,360,1257,1352,996,882,298,1630,970,916,1671,133,814,1935,669,1680
193: 
194: 
195: 1451,1230,2000,202,751,474,1052,1096,173,844,1555,1644,1483,1255,644,119,2013,1526,360,1257,996,882,298,916,1671,133,814,1935,669,1680
1601: 412
197: 1451,1230,56,2000,1569,474,1052,1096,844,1772,1915,1644,1821,1855,119,2013,1352,970,916,814,669,1680
1619: 
1791: 
1621: 2008,99,907,305,154,661,1482,1131,1902,447,401,681,322,1705,1618,1322,1368,1266,1951,1271,1193,1715,263,1529,1465,226,1969,315,1580
201: 606
202: 1451,810,2000,195,751,474,1555,1772,1644,644,2013,1526,360,1257,1352,996,882,1630,1671,133,814,1935,1680
203: 1779,1251
204: 
205: 2012,284,960,262,1239
1657: 329,1590
207: 860,342,478,1576,1294,1546,2014,1393,550,850,1058,687,660,1099,385,1146,707
2001: 629,1466,39,560,1238,335,674,557,142,172,0,900,404,316,312,701,1952,1194,921
209: 
1580: 1715,263,1529,1465,286,226,1600,1910,1969,315,1428,2008,99,907,154,661,1482,1131,1902,401,681,322,1705,1322,1621,1368,1266,1951,1271,1193
211: 
212: 
213: 
1789: 
215: 
1592: 
1944: 1729,1469,437,1780,2002,592,1564,1436,747,1771,387,752,519,309
1772: 1451,1230,810,56,2000,202,751,474,1096,197,1915,1644,1821,1855,644,119,2013,1352,996,882,1630,970,916,814,1935,1680
219: 
220: 
221: 1338
222: 807,502,1818,390
223: 1101,1509,615,2010,458,792,1945,1702,1053,1717,350,934,1386,296,1476
1827: 
1771: 1729,1469,437,310,2002,592,778,1564,1944,387,752,519,309
226: 1715,263,1529,1465,286,1600,1910,1969,315,1580,1428,2008,907,1482,1131,1902,1621,1229
1984: 1081,1034,944
228: 
229: 
1980: 1637,50
231: 152,1079,1876,895
232: 
1724: 134,379,861
234: 15,520,397
235: 314
236: 
1877: 
1504: 
239: 1063,563
240: 1177,1426,992,311,114,523
241: 
1639: 1848,131,849,1372
243: 
244: 
1756: 1036
246: 1991,967
247: 
1921: 1084,1898,584,1840
249: 257,972,1687,1535,2006,945,1828,1552,1039,466,58,2007,1011,1150,1758,808,1698,73,1665
1934: 723,1390,1485,1572,638,492,532,2005,465,1095,65,1071,828,1852,1007,1838,1379,522,1878,1666,1749,535
251: 
252: 
1938: 915,403,625,1,987,835,2019,1326,1401,1508,546,1538,1912,1171,64,1583,444,848,1382,1070,1074
254: 
255: 1865,1380,1391,1209,2015,297,1754,339,779,1198,670,1022,494
256: 
257: 972,1687,1535,2006,1886,945,1828,1552,466,58,2007,1035,249,808,1698,1665
1923: 57,432
259: 1716
260: 
261: 1632,1119,2017,1882,1303,291,2011,1718,609,1023,1795,109,511,1620
262: 2012,1845,1854,284,317,1834,960,755,205,1239,1225
263: 1715,1529,1465,286,226,1600,1910,1969,315,1580,1428,2008,907,1482,1131,322,1621,1266,1271,1229
264: 1459,1802,980,369
265: 347
266: 
1891: 137,891,1866,1608
268: 1796
269: 
1880: 1110
271: 
272: 598,422,1160,1513,382
273: 
274: 
275: 
276: 
277: 1280
278: 943
279: 
1918: 
1501: 1091
1606: 794,1197
283: 
284: 2012,1845,1854,317,1834,866,960,755,262,205,1239,1225
1632: 1119,2017,261,1882,1303,544,291,2011,1718,609,1023,1795,109,511,1620
286: 1715,263,1529,226,1600,1910,1969,315,1580,1428,2008,1271
287: 1250,561,91,45,2016,66,737,1050,117,1191,1584,1261,1797,1048,1166,150,1222
288: 
289: 
1629: 
291: 1632,1119,2017,261,1882,1303,544,2011,1718,609,1023,1795,109,511,1620
292: 
293: 
1910: 1715,263,1529,286,226,1600,1969,315,1580,1428,2008,99,907,661,1482,1131,322,1705,1266,1271,1229,1381
1652: 
296: 1169,156,615,2010,458,1332,1945,1702,1053,1602,223,350,727,1476
297: 1865,255,1380,1391,1173,1209,2015,1754,339,1175,779,1198,670,1022,338,494
298: 1230,56,2000,1569,195,173,844,1915,1644,1483,1821,644,119,2013,1257,882,1630,916,1671,814,669,1680
299: 2003,884,610,600,694,1663,1735,1932
300: 656
301: 
302: 
303: 593
304: 1405
305: 2008,99,907,154,661,1482,1902,447,401,681,1705,1322,1621,1951,1193,1715,1465,1969,527
1635: 
307: 
308: 
309: 1469,437,310,1780,2002,592,1564,1944,323,1436,1771,387,752,830,519,1548,1887,1763,1163,1558,461
310: 1469,437,2002,1564,323,1436,1771,752,830,519,309,1548,1887,1763,1163,174,461
311: 992,114,523,240,1177,1426
312: 701,557,142,172,0,900,404,39,2001,1238,674,1952,1194,921
1990: 1728
314: 235
315: 1715,263,1529,1465,286,226,1600,1910,1969,1580,1428,2008,907,661,1482,1131,322,1621,1266,1271
316: 557,142,172,0,900,629,1466,39,2001,560,1238,335,674
317: 2012,1845,1854,284,1834,866,960,755,262,1239,1225
318: 
319: 386,1008,1748
320: 540
1503: 
322: 2008,99,907,154,661,1482,1131,447,681,1705,1322,1621,1368,1266,1271,1193,1715,263,1600,1910,1969,315,1580,1428,1381
323: 437,310,1780,2002,778,1564,1436,747,752,830,519,309,1843,1548,1887,1763,1163,1558,174,1120
1732: 
325: 
326: 
1625: 697,1296,1145,1395,729,1046,1638,477,2009,521,1487,1281,1647,1170,495,1995,1645,1943,1278,1287
328: 552
329: 1657,1590
1751: 
331: 
1825: 1693,721,1677
333: 
1733: 969,1365
335: 629,1466,39,2001,560,1238,316,1952,921
336: 
337: 40,1017,2004,1987,1739,695,1076,450,1961,1283,1682,1700,1648,756,190,1760,456,176,617,1142,1863,1994
338: 1865,1173,2015,297,1175,779,670,1022,494
339: 255,1380,1391,1209,2015,297,1754,1175,779,1198,547
340: 664,136,782
341: 1965,1377
342: 860,478,97,1576,207,1294,1167,1546,2014,1393,850,654,385,1146,1888
343: 1351
344: 1288,1688
345: 
346: 
347: 265
1609: 1975
1726: 1127,714
350: 1169,156,615,2010,458,1332,1945,1702,1053,1602,223,1386,727,296,1476
351: 
352: 
353: 
354: 1237
355: 
1735: 1663,1932,299,2003,610
1584: 1250,561,91,45,2016,66,1543,737,1050,107,1626,1797,1166,150,287,1222
358: 
359: 
360: 1451,810,2000,195,202,751,474,1052,1096,1555,1644,1255,644,119,2013,1526,1257,1352,996,882,970,916,133,814
361: 
1974: 
363: 
1854: 2012,1845,284,317,1834,866,960,755,262,1239,1225
1667: 1496
366: 
1860: 
368: 
369: 1459,1802,980,264
1755: 84
1631: 1060
1796: 268
373: 1195,1566
1531: 1439,1883,855
375: 
1524: 
377: 
378: 1690,536
379: 134,1724
1828: 257,972,1687,1535,2006,1886,945,1552,1039,466,58,2007,1011,1035,1150,249,808,1698,73,1665
1964: 680,886,1689
382: 598,422,272,1513
383: 647,481,1115
1602: 1169,156,615,2010,1332,1945,1702,350,727,296,1476
385: 850,1058,100,654,1383,687,660,1099,1146,1888,707,860,342,478,97,1576,207,1294,1546,2014,1393,550
386: 319,1008,1748
387: 1729,1469,437,1780,2002,592,778,1564,1944,1436,747,1771,752,830,519,309,1843,857
388: 
389: 
390: 807,1673,502,1818,1061,222
391: 1334,853
1836: 
393: 
394: 
395: 908,591,18
396: 
397: 234,15,520
1845: 2012,1854,284,317,1834,866,960,755,262,1239,1225
399: 
400: 
401: 2008,907,305,154,661,1482,1131,1902,447,681,1705,1618,1322,1621,1368,1951,1193,1715,1465,1969,1580
1519: 1254
403: 1,987,835,2019,1326,168,1401,1508,546,1912,1171,64,1583,444,1938,848,870,1382,129
404: 557,142,172,0,900,629,2001,1238,674,312,701,1952,1194
1579: 1125,125,12,1622
406: 
1677: 1693,1825,721
1700: 337,40,1017,2004,1987,1739,1327,695,1076,450,1961,1283,1682,756,190,1760,456,1885,176,1292,617,1142,1699
1712: 
410: 
1969: 1715,263,1465,286,226,1600,1910,315,1580,1428,2008,99,907,305,154,661,1482,1902,447,401,322,1705,1322,1621,1266,1271,1193,1229,1381
412: 1601
1654: 1009,1804,1766
414: 585,538,1218,55,658
415: 905,1962,1725
416: 986,569
417: 
1526: 1451,810,56,2000,195,202,751,474,1555,1644,1483,1255,644,119,2013,360,1257,996,882,1630,1671,133,814,1935,1680
419: 459
420: 
1840: 1084,584,1539,1921
422: 598,1160,272,1513,382
1992: 1844,621
424: 
1649: 1310
426: 1922
427: 
1581: 
1988: 1220,501,1311
430: 1653,633
1705: 2008,99,907,305,154,661,1482,1131,1902,447,401,681,322,1618,1322,1621,1368,1266,1951,1271,1193,1715,1465,1910,1969,1580
432: 1923,57
1642: 
1551: 
1547: 
436: 1607
437: 1729,1469,310,1780,2002,592,778,1564,1944,323,1436,747,1771,387,752,830,519,309,1843,1887,857
438: 
439: 
440: 
441: 
1644: 1451,1230,810,56,2000,1569,195,202,751,474,1052,1096,173,197,844,1555,1772,1483,1821,1255,644,119,2013,1526,360,1257,996,882,298,1630,970,916,1671,133,814,1935,669,1680
1839: 1188
444: 915,403,1,987,835,2019,1326,1401,1508,546,1538,1912,1171,64,1938,848,870,1382,1070,1074,129
1878: 1838,1379,522,1999,1666,1633,1749,535,1390,1485,1572,638,2005,465,1934,1095,828,1852,1007
446: 
447: 2008,99,907,305,154,661,1482,1902,401,681,322,1705,1322,1621,1368,1271,1193,1969,527
1697: 
449: 
450: 337,40,1017,2004,1987,1739,1327,695,1076,1961,1283,1682,1700,1648,756,190,1760,456,176,1292,617,1142,1863,1994
451: 
1834: 2012,1845,1854,284,317,866,960,755,262,1239,1225
453: 
454: 538,1218,55,658,1005,985,1040,585
455: 
456: 337,40,1017,2004,1739,1327,695,1076,450,1961,1283,1682,1700,1648,756,190,1760,176,1292,617,1863
457: 
458: 1101,1509,156,615,2010,1332,792,1945,1702,1053,223,1717,350,856,934,1386,296,1476
459: 419
460: 
461: 1548,1887,1763,1163,1469,310,2002,1564,1436,752,830,519,309
462: 
1665: 257,972,1687,1535,2006,1886,945,1828,1552,1039,466,58,2007,1011,1035,1150,1758,249,808,1698,73
464: 
465: 1390,1572,638,2005,1934,1095,1071,828,1852,1379,1878,1633,1749
466: 257,972,1687,1535,2006,1886,945,1828,1552,1039,58,2007,1011,1035,1150,249,808,73,1665
467: 
1748: 386,319,1008
469: 666,1248,1290,5
1676: 549,123
471: 1853,589,1981
472: 798,1737
1630: 1230,810,56,2000,202,751,474,1772,1644,1483,1821,1855,644,119,2013,1526,1257,996,882,298,1671,814,1935,1680
474: 1451,1230,810,56,2000,195,202,751,1052,1096,173,197,1555,1772,1644,1483,1821,1255,644,119,2013,1526,360,1257,1352,996,882,1630,970,916,1671,133,814,1935,669,1680
475: 785,1706,1977,1743
1837: 
477: 697,1296,1145,1395,729,1625,1638,2009,521,1487,1281,1170,495,1645,1943,1278,1287
478: 860,342,97,1576,207,1294,1167,1546,2014,1393,550,687,385,1146,707
479: 787
1763: 1548,1887,1163,1558,174,461,1469,310,1780,2002,323,1436,830,519,309
481: 1115,647,383
1801: 1080,1867
1885: 40,1017,2004,1961,1283,1700,756,176,1292,617,1142,1699
1616: 914,793,1056
485: 
486: 
1664: 1251
488: 1646
489: 
1857: 1710
491: 1187
492: 723,1390,1572,2005,1934,65,1007,1838,1379,522,1666,535
493: 
494: 1865,255,1380,1391,1173,1209,2015,297,1754,1175,779,1198,670,1022,338
495: 697,1145,1395,1625,1046,1638,477,2009,521,1281,1647,1170,1645,1943,1278,1287
496: 
1761: 44,1427
498: 
499: 
1770: 676
501: 1220,1988
502: 1651,807,1673,1818,1061,390,222
1948: 1617
1574: 
1999: 1838,1379,522,1878,1666,1633,1749,535,2005,1852,1007
506: 1345,533
507: 1241,1092
508: 
509: 1316,1066,1960
510: 
511: 1632,1119,2017,261,1882,1303,544,291,2011,1718,609,1023,1795,109,1620
512: 
513: 
514: 
515: 1182
1699: 40,1017,2004,1987,1739,695,1283,1700,756,1760,1885,176,1292,617,1142
517: 
1505: 
519: 1729,1469,437,310,2002,592,778,1564,1944,323,1436,747,1771,387,752,830,309,1887,1763,1163,461
520: 234,15,397
521: 697,1296,1145,1395,729,1625,1638,477,2009,1487,1281,1647,1170,495,1995,1645,1943,1278
522: 1838,1379,1999,1878,1666,535,1572,492,2005,1934,65,1852,1007
523: 992,311,114,240
524: 
1831: 961
526: 38,834
527: 2008,99,305,154,661,1902,447,1322,1271,1193
1913: 
529: 
1809: 869,924,52
531: 597,1753,1149,639,135,790,1213,2018,1059,187,1083
532: 723,1390,1485,1572,638,2005,1934,1095,65,1071,828,1007,1838,535
533: 1345,506
534: 1246
535: 1838,1379,522,1999,1878,1666,1749,1485,1572,492,532,2005,1934,1095,828,1852,1007
536: 378
537: 
538: 454,1218,55,658,1005,985,1040,585,414
539: 
540: 320,651,1681
541: 
542: 597,1753,639,135,790,922,2018,958,1431,187,1083,825
543: 
544: 1632,2017,1303,291,2011,609,1023,1795,109,511,1620
545: 
546: 403,625,1,987,835,2019,1326,168,1401,1508,1912,64,1583,444,1938,848,870,1382,129
547: 1391,1209,2015,1754,339,1175,779,1198
548: 83,1769
549: 123,1676
550: 478,1576,207,1294,1546,2014,1393,687,1099,385,1146,707
551: 1481,157,1249
552: 328,1662
1812: 
554: 
555: 
556: 
557: 142,172,0,900,404,316,629,39,2001,560,1238,674,312,701,1952,1194
1906: 153
1991: 1297,246
560: 629,1466,39,2001,1238,335,674,557,142,172,900,316,1952,1194,921
561: 1250,91,45,2016,66,1543,1050,1191,1584,1261,1797,1048,1166,287
2006: 257,972,1687,1535,1886,945,1828,1552,1039,466,58,2007,1011,1035,1150,1758,249,808,1698,73,1665
563: 1063,239
1600: 1715,263,286,226,1910,1969,315,1580,1428,2008,907,1902,322,1271,1193,1229,1381
565: 
1673: 1651,807,1320,502,1818,1061,390,151,132
567: 
1557: 861
569: 986,416
570: 
571: 
572: 
573: 715
574: 
575: 
1586: 
1904: 59,1293,1339
578: 
579: 
580: 1723,1817,62,147
581: 
582: 
1744: 
584: 1084,1898,1840,1539,1921
585: 414,538,454,1218,55,658,1005
1760: 337,40,1017,2004,1987,1739,1327,695,1076,450,1961,1283,1682,1700,1648,756,190,456,176,1292,617,1142,1699,1863,1994
587: 
1968: 
589: 1981,471,1853
590: 
591: 395,908,18
592: 1729,1469,437,1780,2002,778,1564,1944,1436,747,1771,387,752,519,309,857
593: 303
1962: 905,415,1725,43
1766: 1654
596: 1253,1585,1323
597: 531,1753,1149,639,135,790,922,1213,2018,958,542,1431,187,1083,825
598: 422,1160,272,1513,382
1515: 880,1679
600: 898,1111,299,2003,884,610,1663,1932
1653: 633,430
602: 
603: 1361
604: 761
605: 
606: 201
1670: 
1747: 1098
609: 1632,1119,2017,261,1882,1303,544,291,2011,1718,1023,109,511,1620
610: 898,299,2003,884,600,694,1663,1735,1932
611: 
612: 
1800: 
614: 994
615: 1169,1101,1509,156,2010,458,1332,792,1945,1702,1053,1602,223,1717,350,856,1386,296,1476
616: 
617: 337,40,1017,2004,1987,1739,1327,695,1076,450,1961,1283,1682,1700,1648,756,190,1760,456,1885,176,1292,1142,1699,1863,1994
618: 
619: 946,950
620: 1893,1272,1094
621: 1844,1992
622: 
623: 1192
624: 
625: 987,835,2019,1326,168,1401,1508,546,1538,1912,1171,64,1583,1938,848,870,1382,1070,1074
626: 
1722: 
628: 
629: 1466,39,2001,560,1238,335,674,557,142,172,0,900,404,316,1952,1194
630: 
631: 1002
1708: 
633: 1653,430
634: 
635: 
636: 1719,1130
637: 
638: 723,1390,1485,1572,532,2005,465,1934,1095,65,1071,828,1852,1007,1838,1379,1878,1749
639: 531,597,1753,1149,135,790,922,1213,2018,958,1059,542,1431,187,1083,825
640: 
641: 
642: 
1522: 
644: 1451,1230,810,56,2000,195,202,751,474,1096,173,1555,1772,1644,1483,1821,1255,1855,119,2013,1526,360,1257,1352,996,882,298,1630,970,916,1671,133,814,1935,669,1680
1806: 
646: 
647: 383,481,1115
1603: 
649: 
1745: 
651: 1681,540
652: 
653: 
654: 850,1058,385,1146,1888,860,342,1576,1167,2014
655: 1808
656: 300
657: 
658: 538,454,1218,55,1005,985,1040,585,414
659: 1646
660: 850,1058,100,1383,687,1099,385,1146,1888,707,207,2014
661: 2008,99,907,305,154,1482,1131,1902,447,401,681,322,1705,1618,1322,1621,1368,1266,1271,1193,1715,1465,1910,1969,315,1580,527,1381
662: 
663: 
664: 136,782,340
665: 
666: 1248,469,1290,5
667: 
668: 713
669: 1451,1230,56,2000,1569,195,474,1052,1096,173,197,844,1644,1483,1821,1255,644,119,2013,1257,882,298,970,916,1671,814,1680
670: 1865,255,1380,1391,1173,2015,297,779,1198,1022,338,494
671: 
672: 
1687: 257,972,1535,2006,1886,945,1828,1552,1039,466,58,2007,1011,1035,1150,1758,249,808,1698,73,1665
674: 629,1466,39,2001,560,1238,557,142,172,0,900,404,316,312,701,1952,1194,921
1672: 
676: 1770
1882: 1632,1119,2017,261,1303,291,2011,1718,609,1023,109,511
1663: 1735,1932,299,2003,884,610,600
679: 
680: 1964,886,1689
681: 2008,99,907,305,154,661,1482,1131,1902,447,401,322,1705,1618,1322,1621,1368,1266,1951,1193,1715,1465,1580
1810: 
683: 
1983: 159
1711: 1375
686: 
687: 850,1058,100,1383,660,1099,385,1146,1888,707,860,478,1576,207,1294,1546,2014,1393,550
1643: 1216
689: 1933,1000
690: 
1965: 341,1377
692: 
1993: 
694: 898,1111,299,2003,884,610
695: 337,40,1017,2004,1987,1739,1327,1076,450,1283,1700,756,190,1760,456,176,1292,617,1699,1863,1994
696: 
697: 1296,1145,1395,1625,1046,1638,477,2009,521,1487,1281,1647,495,1995,1645,1943,1278,1976
698: 
699: 
700: 
701: 312,557,142,172,0,900,404,2001,1238,674,1952,1194,921
702: 13
703: 
1883: 1531,1439,855
1971: 
706: 901,1033,1054,1068,1911
707: 1058,100,1383,687,660,1099,385,1146,478,97,1576,207,1294,1546,2014,1393,550
1982: 
709: 
710: 
1590: 1657,329
712: 
713: 668
714: 1726,1127
715: 573
716: 
1566: 1195,373
1662: 552
719: 1996,867
720: 1165
721: 1693,1825,1677
1567: 
723: 1390,1485,1572,638,492,532,2005,1934,1095,65,1007
1758: 1687,2006,945,1552,1039,58,2007,1011,1150,249,808,1698,73,1665
1775: 
1550: 101
727: 1169,156,2010,1332,792,1945,1702,1602,350,296
728: 
729: 1296,1145,1395,1625,1638,477,2009,521,1487,1281,1170,1278,1287
730: 1241
731: 
732: 1793,1958
733: 
1977: 785,475,1706,1743
735: 
736: 
737: 1250,45,2016,66,1543,1050,117,107,1584,1626,1261,1797,1048,150,287,1222
1997: 
739: 
1552: 257,972,1687,2006,1886,945,1828,1039,466,2007,1035,1150,1758,249,808,1698,73,1665
1912: 915,403,625,1,987,835,2019,1326,1401,1508,546,1538,1171,64,444,1938,848,870,1382,1070,1074
742: 872
1710: 1857
744: 1024
745: 1731
1911: 1033,1054,706
747: 1729,437,1780,2002,592,778,1564,1944,323,1436,387,752,830,519,1843,857,1120
1637: 1980,50
1817: 62,147,580
750: 
751: 1451,1230,810,56,2000,195,202,474,1096,1772,1644,1821,1855,644,119,2013,1526,360,1257,1352,996,882,1630,970,916,1671,133,814,1935,1680
752: 1729,1469,437,310,1780,2002,592,778,1564,1944,323,1436,747,1771,387,830,519,309,1843,1887,1163,461
753: 
1928: 
755: 2012,1845,1854,284,317,1834,866,262,1239,1225
756: 337,40,1017,2004,1739,695,1076,450,1961,1283,1682,1700,1648,190,1760,456,1885,176,1292,617,1142,1699
757: 894,146,1623
758: 
759: 
760: 
761: 604
1838: 1379,522,1999,1878,1666,1633,1749,535,1390,1485,1572,638,492,532,2005,1934,1095,65,828,1852,1007
763: 1121,1155,888
1753: 531,597,1149,639,135,790,922,1213,2018,958,542,1431,187,1083,825
765: 
766: 
767: 
768: 
2004: 337,40,1017,1987,1739,1327,695,1076,450,1961,1283,1682,1700,1648,756,190,1760,456,1885,176,1292,617,1142,1699,1863,1994
770: 
771: 
772: 
1954: 1787
1622: 1125,125,12,1579
775: 
776: 1233,1658
777: 852
778: 1729,437,1780,2002,592,1564,323,747,1771,387,752,830,519,1843,857
779: 1865,255,1380,1391,1173,1209,2015,297,1754,339,1175,1198,670,1022,547,338,494
780: 
781: 1900
782: 664,136,340
783: 
1863: 337,40,1017,2004,1987,1739,1327,695,1076,450,1682,1648,190,1760,456,176,617,1994
785: 475,1706,1977,1743
786: 
787: 479
788: 
1588: 
790: 531,597,1753,1149,639,135,922,1213,2018,958,1059,542,1431,187,1083,825
791: 871
792: 1169,1509,156,615,2010,458,1332,1945,1702,223,856,1386,727
793: 914,1616,1056
794: 1197,1606
795: 
796: 859,1317
1696: 
798: 472,1737
799: 
1553: 
801: 
2012: 1845,1854,284,317,1834,866,960,755,262,205,1239,1225
1900: 781
1779: 203,862
805: 
806: 1478
807: 1651,1673,502,1818,1061,390,222
808: 257,972,1687,2006,1886,945,1828,1552,1039,466,58,2007,1011,1035,1150,1758,249,1698,73,1665
809: 
810: 1451,1230,56,2000,202,751,474,1096,1772,1644,1483,1821,1855,644,119,2013,1526,360,1257,1352,996,882,1630,970,1671,133,814,1935,1680
1768: 
1494: 
1893: 620,1272,1094
814: 1451,1230,810,56,2000,1569,195,202,751,474,1096,197,1772,1915,1644,1483,1821,1255,1855,644,119,2013,1526,360,1257,1352,996,882,298,1630,970,916,1671,133,1935,669,1680
815: 1901
816: 
817: 
818: 
1499: 
1823: 
2011: 1632,1119,2017,261,1882,1303,544,291,1718,609,1023,1795,109,511,1620
822: 
1518: 
824: 1185
825: 597,1753,639,790,922,1213,2018,958,542,1431,187,1083
1640: 
827: 
828: 1390,1485,1572,638,532,2005,465,1934,1095,1071,1852,1007,1838,1878,1633,1749,535
829: 
830: 437,310,1780,2002,778,1564,323,1436,747,387,752,519,309,1843,1548,1887,1763,1163,1558,174,461,1120
831: 
832: 
1754: 1865,255,1380,1391,1173,1209,2015,297,339,1175,779,1198,1022,547,494
834: 38,526
835: 915,403,625,987,2019,1326,168,1401,1508,546,1538,1912,1171,64,1583,444,1938,848,870,1382,1070,1074,129
836: 
837: 1704,940,68
838: 
839: 
1851: 
841: 
1741: 
1887: 1548,1763,1163,1558,174,461,1469,437,310,1780,2002,1564,323,1436,752,830,519,309,1120
844: 1230,56,2000,1569,195,1052,1096,173,197,1915,1644,1483,1821,1255,119,2013,298,970,916,669,1680
845: 
846: 
847: 
848: 403,625,987,835,2019,168,1401,1508,546,1912,1171,64,1583,444,1938,870,1382,1070,129
849: 1372,1639,131
850: 1058,100,654,687,660,1099,385,1146,1888,860,342,1576,207,1294,2014
851: 
852: 777
853: 1334,391,1826
854: 96,1440,872
855: 1531,1439,1883
856: 1101,1509,615,2010,458,792,934,1386
857: 437,1780,2002,592,778,747,387,1843,1120
858: 
859: 796,1317
860: 342,478,97,1576,207,1294,1167,1546,2014,1393,850,1058,654,687,385,1146,1888
861: 134,1724,1557
862: 1779
1718: 1632,2017,261,1882,291,2011,609,1023,109,511
1596: 
1978: 
866: 2012,1845,1854,284,317,1834,755,1239,1225
867: 1996,719
1892: 
869: 1809,924
870: 1382,1070,129,403,625,987,835,2019,168,1401,546,1912,1171,64,1583,444,848
871: 791
872: 1440,854,742
2009: 697,1296,1145,1395,729,1625,1046,1638,477,521,1487,1281,1647,1170,495,1995,1645,1943,1278,1976,1287
874: 1925,913,1824
1572: 723,1390,1485,638,492,532,2005,465,1934,1095,65,1071,828,1852,1007,1838,1379,522,1878,1666,1749,535
876: 1330
1723: 62,147,580
878: 
1620: 1632,1119,2017,261,1303,544,291,2011,609,1795,109,511
880: 1679,1515,179
1610: 
882: 1451,1230,810,56,2000,195,202,751,474,1052,1096,173,1555,1772,1644,1483,1255,644,119,2013,1526,360,1257,1352,996,298,1630,970,916,1671,133,814,1935,669,1680
883: 
884: 898,1111,299,2003,610,600,694,1663,1932
885: 
886: 1964,680,1689
887: 
888: 1121,1155,763
1996: 719,867
1852: 1390,1485,1572,638,2005,465,1934,1095,1071,828,1007,1838,1379,522,1999,1878,1666,1633,1749,535
891: 1866,1608,1891
1871: 
893: 
894: 757
895: 1876,152,1079,231
1958: 1793,732
897: 
898: 1111,2003,884,610,600,694
899: 1506
900: 557,142,172,0,404,316,629,1466,39,2001,560,1238,674,312,701
901: 1033,1054,1068,706
902: 
903: 
904: 
905: 415,1962,1725
906: 
907: 2008,99,305,154,661,1482,1131,1902,447,401,681,322,1705,1618,1322,1621,1368,1266,1951,1271,1193,1715,263,1529,1465,226,1600,1910,1969,315,1580,1428,1381
908: 395,591
1915: 1230,56,2000,1569,197,844,1772,1821,1855,119,2013,298,970,916,814,1680
910: 
911: 178,1452
1972: 
913: 1925,874,1824
914: 793,1616,1056
915: 1,835,2019,1326,1401,1508,1538,1912,1171,64,444,1938,1074
916: 1451,1230,56,2000,1569,195,751,474,1052,1096,173,197,844,1772,1915,1644,1483,1821,1255,644,119,2013,360,1257,1352,882,298,970,814,669,1680
917: 
1511: 1889
919: 
920: 
921: 1952,1194,39,2001,560,1238,335,674,312,701
922: 597,1753,639,790,1213,2018,958,542,1083,825
1956: 
924: 869,1809,52
1495: 
1716: 259
927: 
1902: 2008,99,907,305,154,661,1482,447,401,681,1705,1322,1621,1271,1193,1715,1465,226,1600,1969,1580,527,1229
1899: 
930: 1949,1514
931: 
1650: 
933: 
934: 1101,1509,2010,458,223,1717,856,1386
935: 
936: 
937: 23,112,1471
1790: 1089,29,70
939: 
940: 1704,837,68
1847: 
942: 1764,1571,1107,1421
943: 278
944: 1034,1081,1984
945: 257,972,1687,1535,2006,1886,1828,1552,1039,466,58,2007,1011,1035,1150,1758,249,808,1698,73,1665
946: 619,950
1573: 1740
1492: 
1555: 2000,195,202,474,173,1644,1255,644,2013,1526,360,1257,996,882,1671,133,1935
950: 946,619
951: 
952: 
1858: 
1953: 
955: 
1541: 
957: 
958: 597,1753,639,135,790,922,1213,2018,542,187,1083,825
1523: 
960: 2012,1845,1854,284,317,1834,262,205,1239,1225
961: 1831
1945: 1169,1509,156,615,2010,458,1332,792,1702,1053,1602,223,350,1386,727,296,1476
1638: 697,1296,1145,1395,729,1625,477,2009,521,1487,1281,1647,1170,495,1645,1943,1278,1287
964: 
965: 
966: 
967: 246
968: 
969: 1733,1365
970: 1451,1230,810,56,2000,1569,751,474,1052,1096,197,844,1772,1915,1644,1821,1255,1855,644,119,2013,360,1352,996,882,916,814,669,1680
971: 
972: 257,1687,1535,2006,1886,945,1828,1552,1039,466,58,2007,1035,1150,249,808,1698,73,1665
973: 
974: 
1933: 689,1324,1000
1950: 
977: 1905,1065
978: 1190,1464
979: 
980: 1459,1802,264,369
1846: 1285
982: 
983: 
984: 1328,1157
985: 538,454,1218,55,658,1040
986: 416,569
987: 403,625,1,835,2019,1326,168,1401,1508,546,1912,1171,64,1583,444,1938,848,870,1382,129
988: 
1905: 1065,977
990: 89
991: 
992: 311,114,523,240,1177,1426
993: 
994: 1612,614
995: 
996: 1451,810,2000,195,202,751,474,1096,1555,1772,1644,1255,644,119,2013,1526,360,1257,1352,882,1630,970,133,814,1935,1680
997: 
998: 1217
999: 
1000: 689,1933,1324
1571: 942,1421
1002: 631
1003: 1369
1686: 
1005: 538,454,1218,658,1040,585
1006: 
1007: 723,1390,1485,1572,638,492,532,2005,1934,1095,65,828,1852,1838,1379,522,1999,1878,1666,1633,1749,535
1008: 386,319,1748
1009: 1804,1654
1749: 1838,1379,1999,1878,1666,1633,535,1390,1485,1572,638,2005,465,1934,1095,1071,828,1852,1007
1011: 1687,2006,945,1828,1039,466,58,2007,1150,1758,249,808,73,1665
1636: 1731
1647: 697,1296,1145,1395,1625,1046,1638,2009,521,1487,1170,495,1995,1645,1943,1278
1014: 
1767: 
1740: 1573
1017: 337,40,2004,1987,1739,695,1076,450,1961,1283,1682,1700,1648,756,190,1760,456,1885,176,1292,617,1142,1699,1863,1994
1018: 
1793: 732,1958
1587: 
1987: 337,40,1017,2004,1739,1327,695,1076,450,1283,1700,190,1760,1292,617,1142,1699,1863,1994
1022: 1865,255,1380,1391,1173,1209,2015,297,1754,1175,779,1198,670,338,494
1023: 1632,1119,2017,261,1882,1303,544,291,2011,1718,609,109,511
1024: 744
1025: 
1026: 
1027: 1298,1488
1931: 
1029: 
1030: 1895,1087
1715: 263,1529,1465,286,226,1600,1910,1969,315,1580,1428,2008,99,907,305,154,661,1482,1131,1902,401,681,322,1705,1322,1621,1266,1271,1193,1229,1381
1604: 
1033: 901,1054,1068,706,1911
1034: 944,1081,1984
1035: 257,972,1687,1535,2006,1886,945,1828,1552,466,2007,808,1698,1665
1036: 1756
1037: 
1561: 81
1039: 972,1687,2006,945,1828,1552,466,58,2007,1011,1150,1758,249,808,73,1665
1040: 538,454,1218,55,658,1005,985
1041: 
1957: 1356,1378
1043: 
1044: 
1970: 
1046: 697,1296,1145,1395,1625,2009,1487,1647,1170,495,1995,1645,1943,1278,1976
1047: 
1048: 561,91,45,2016,66,1543,737,1050,1191,1261,1797,287,1222
1049: 
1050: 1250,561,91,45,2016,66,1543,737,1191,107,1584,1626,1261,1797,1048,1166,150,287,1222
1051: 
1052: 1451,1230,2000,1569,195,474,1096,173,197,844,1644,1483,1255,119,2013,360,1257,882,970,916,669,1680
1053: 1101,1509,156,615,2010,458,1945,1702,223,1717,350,1386,296,1476
1054: 901,1033,1068,706,1911
1055: 
1056: 914,793,1616
1582: 
1058: 850,100,654,1383,687,660,1099,385,1146,1888,707,860,1576,207,2014
1059: 531,639,135,790,1213,2018,1083
1060: 1631
1061: 1651,807,1320,1673,502,1818,390
1975: 1609
1063: 563,239
1925: 913,874,1824
1065: 1905,977
1066: 1316,509,1960
1067: 
1068: 901,1033,1054,706
1963: 41
1070: 870,1382,1074,625,835,2019,1401,1538,1912,1171,64,444,1938,848
1071: 1390,1485,1572,638,532,2005,465,1934,1095,828,1852,1749
1072: 
1725: 905,415,1962
1074: 1382,1070,915,625,835,2019,1326,1401,1538,1912,1171,64,444,1938
2018: 531,597,1753,1149,639,135,790,922,1213,958,1059,542,1431,187,1083,825
1076: 337,40,1017,2004,1987,1739,1327,695,450,1961,1283,1682,1700,1648,756,190,1760,456,176,1292,617,1142,1863
1077: 
1802: 1459,980,264,369
1079: 152,231,1876,895
1080: 1801,1867
1081: 1034,944,1984
1690: 378
1083: 531,597,1753,639,135,790,922,1213,2018,958,1059,542,187,825
1084: 1898,584,1840,1539,1921
1517: 
1528: 
1087: 1895,1030,1156
1521: 
1089: 1790,29
1090: 
1091: 1501
1092: 1241,507
1795: 1632,1119,2017,261,1303,544,291,2011,511,1620
1094: 1272,620,1893
1095: 723,1390,1485,1572,638,532,2005,465,1934,65,1071,828,1852,1007,1838,1379,1878,1749,535
1096: 1451,1230,810,56,2000,195,751,474,1052,173,197,844,1772,1644,1483,1821,1255,644,119,2013,360,1257,1352,996,882,970,916,133,814,669,1680
1097: 
1098: 1747
1099: 850,1058,1383,687,660,385,1146,707,1576,207,2014,1393,550
1961: 337,40,1017,2004,1076,450,1283,1682,1700,1648,756,190,1760,456,1885,176,617,1142
1101: 1509,615,2010,458,1702,1053,223,1717,856,934,1386
1514: 930,1949
1103: 
1104: 
1105: 
1106: 
1107: 1764,942,1421
1108: 
1109: 
1110: 1880
1111: 898,2003,884,600,694
1739: 337,40,1017,2004,1987,1327,695,1076,450,1283,1700,756,190,1760,456,176,1292,617,1142,1699,1863,1994
1113: 
1538: 915,625,835,2019,1326,1401,1508,1912,1171,64,444,1938,1070,1074
1115: 481,647,383
1876: 895,152,1079,231
1117: 122
1118: 
1119: 1632,2017,261,1882,1303,291,2011,609,1023,1795,109,511,1620
1120: 1780,2002,323,1436,747,830,1843,1887,1558,174,857
1121: 1155,763,888
1122: 
1123: 
1897: 
1125: 1579,1622
1126: 
1127: 1726,714,1407
1919: 
1951: 2008,907,305,1482,1131,401,681,1705,1618,1322,1621,1368,1529,1465,1580
1130: 636,1719
1131: 2008,907,661,1482,401,681,322,1705,1618,1322,1621,1368,1266,1951,1715,263,1529,1465,226,1910,315,1580
1607: 436
1133: 
1976: 697,1296,1145,1046,2009,1487,1995,1645
2015: 1865,255,1380,1391,1173,1209,297,1754,339,1175,779,1198,670,1022,547,338,494
1646: 488,659
1137: 
1729: 1469,437,2002,592,778,1564,1944,747,1771,387,752,519,1843
1139: 
1140: 
1141: 
1142: 337,40,1017,2004,1987,1739,1076,450,1961,1283,1682,1700,756,1760,1885,176,617,1699
1143: 
1780: 437,2002,592,778,1564,1944,323,1436,747,387,752,830,309,1843,1887,1763,1558,174,857,1120
1145: 697,1296,1395,729,1625,1046,1638,477,2009,521,1487,1281,1647,1170,495,1995,1645,1943,1278,1976,1287
1146: 850,1058,100,654,1383,687,660,1099,385,1888,707,860,342,478,97,1576,207,1294,1546,2014,1393,550
1147: 
1717: 1101,1509,615,2010,458,1702,1053,223,934,1386
1149: 531,597,1753,639,135,790,1213,2018,1431,187
1150: 972,1687,2006,945,1828,1552,1039,466,58,2007,1011,1758,249,808,1698,73,1665
1151: 
1844: 621,1992
1659: 92
1154: 
1155: 1121,763,888
1156: 1087
1157: 984
1158: 1794,143,1398,1489
1159: 
1160: 598,422,272,1513
1161: 
2005: 723,1390,1485,1572,638,492,532,465,1934,1095,65,1071,828,1852,1007,1838,1379,522,1999,1878,1666,1633,1749,535
1163: 1548,1887,1763,1558,174,461,310,2002,323,1436,752,830,519,309
1164: 
1165: 720
1166: 1250,561,45,2016,66,1050,117,1191,1584,1797,150,287
1167: 860,342,478,97,1576,1294,1546,2014,654
1168: 
1169: 156,615,2010,1332,792,1945,1702,1602,350,1386,727,296
1170: 1145,1395,729,1625,1046,1638,477,2009,521,1487,1647,495,1645,1943,1278,1287
1171: 915,403,625,987,835,2019,1326,1401,1538,1912,64,444,1938,848,870,1382,1070,1074
1698: 257,972,1687,1535,2006,1886,945,1828,1552,2007,1035,1150,1758,249,808,1665
1173: 1865,1380,1209,2015,297,1754,1175,779,1198,670,1022,338,494
1174: 
1175: 1865,1380,1391,1173,1209,2015,297,1754,339,779,1198,1022,547,338,494
1872: 
1177: 240,1426,992,311,114
1178: 1454
1943: 697,1296,1145,1395,1625,1046,1638,477,2009,521,1487,1281,1647,1170,495,1995,1645,1278,1287
1546: 860,342,478,97,1576,207,1294,1167,2014,1393,550,687,385,1146,707
1181: 
1182: 515
1183: 
1184: 
1185: 824
1719: 636,1130
1187: 491
1188: 1839
1727: 
1190: 1464,978
1191: 561,91,45,2016,66,1050,1261,1797,1048,1166,287
1192: 623
1193: 2008,99,907,305,154,661,1482,1902,447,401,681,322,1705,1322,1621,1271,1715,1465,1600,1969,1580,527,1229,1381
1194: 1952,921,557,142,172,404,629,39,2001,560,1238,674,312,701
1195: 1566,373
1196: 
1197: 794,1606
1198: 1865,255,1380,1391,1173,1209,2015,297,1754,339,1175,779,670,1022,547,494
1199: 
1200: 
1201: 
1202: 
1203: 
1204: 
1734: 
1842: 
1544: 
1208: 
1209: 255,1380,1391,1173,2015,297,1754,339,1175,779,1198,1022,547,494
1210: 
1794: 143,1158,1398
1769: 548
1213: 531,597,1753,1149,639,135,790,922,2018,958,1059,187,1083,825
1952: 1194,921,557,172,404,629,39,2001,560,1238,335,674,312,701
1804: 1009,1654
1216: 1643
1217: 998
1218: 538,454,55,658,1005,985,1040,585,414
1558: 1548,1887,1763,1163,174,1780,2002,323,1436,830,309,1120
1220: 501,1988,1311
1221: 1595,1703
1222: 1250,91,45,2016,66,1543,737,1050,117,107,1584,1626,1261,1797,1048,150,287
1516: 
1224: 
1225: 2012,1845,1854,284,317,1834,866,960,755,262,1239
1679: 880,1515
1227: 
2013: 1451,1230,810,56,2000,1569,195,202,751,474,1052,1096,173,197,844,1555,1772,1915,1644,1483,1821,1255,1855,644,119,1526,360,1257,1352,996,882,298,1630,970,916,1671,133,814,1935,669,1680
1229: 1381,2008,1902,1271,1193,1715,263,226,1600,1910,1969,1428
1230: 1451,810,56,2000,1569,195,751,474,1052,1096,173,197,844,1772,1915,1644,1483,1821,1255,1855,644,119,2013,1257,882,298,1630,970,916,1671,814,669,1680
1231: 
1232: 
1233: 776,1658
1234: 
1914: 1293
1868: 
1237: 354
1238: 629,1466,39,2001,560,335,674,557,142,172,0,900,404,316,312,701,1952,1194,921
1239: 2012,1845,1854,284,317,1834,866,960,755,262,205,1225
1936: 
1241: 507,1092,730
1242: 
1633: 1838,1379,1999,1878,1666,1749,2005,465,828,1852,1007
1244: 
1245: 
1246: 534
1608: 891,1866,137,1891
1248: 666,469,1290,5
1249: 551,1481,157
1250: 561,91,45,2016,66,1543,737,1050,117,107,1584,1626,1261,1797,1166,150,287,1222
1251: 203,1664
1252: 
1253: 596,1585,1323
1254: 1519
1255: 1451,1230,2000,195,474,1052,1096,173,844,1555,1644,1483,644,119,2013,1526,360,1257,996,882,970,916,133,814,669,1680
1256: 
1257: 1451,1230,810,56,2000,195,202,751,474,1052,1096,173,1555,1644,1483,1255,644,119,2013,1526,360,996,882,298,1630,916,1671,133,814,1935,669,1680
1666: 1838,1379,522,1999,1878,1633,1749,535,1572,492,2005,1934,1852,1007
1259: 
1533: 
1261: 1250,561,91,45,2016,66,737,1050,117,1191,1797,1048,287,1222
1890: 
1658: 776,1233
1960: 1316,1066,509
1797: 1250,561,91,45,2016,66,1543,737,1050,117,1191,107,1584,1626,1261,1048,1166,150,287,1222
1266: 2008,99,907,661,1482,1131,681,322,1705,1618,1322,1621,1368,1271,1715,263,1529,1465,1910,1969,315,1580
1267: 
1628: 
1269: 
1562: 
1271: 2008,99,907,154,661,1482,1902,447,322,1705,1322,1621,1266,1193,1715,263,286,1600,1910,1969,315,1580,1428,527,1229,1381
1272: 1094,620,1893
1684: 
1671: 1230,810,56,2000,195,202,751,474,173,1555,1644,1483,1821,644,119,2013,1526,1257,882,298,1630,133,814,1935,669,1680
1818: 807,1320,1673,502,1061,390,1460,151,222
1276: 
1277: 
1278: 697,1296,1145,1395,729,1625,1046,1638,477,2009,521,1487,1281,1647,1170,495,1995,1645,1943,1287
1279: 1881
1280: 277
1281: 697,1296,1145,1395,729,1625,1638,477,2009,521,495,1943,1278,1287
1506: 899
1283: 337,40,1017,2004,1987,1739,1327,695,1076,450,1961,1682,1700,1648,756,190,1760,456,1885,176,1292,617,1142,1699
1284: 1407
1285: 1846
1286: 
1287: 1145,1395,729,1625,1638,477,2009,1281,1170,495,1943,1278
1288: 344,1688
1289: 
1290: 5,666,1248,469
1291: 
1292: 40,1017,2004,1987,1739,1327,695,1076,450,1283,1700,756,190,1760,456,1885,176,617,1699
1293: 1914,1339,1904
1294: 860,342,478,97,1576,207,1167,1546,2014,1393,550,850,687,385,1146,707
1888: 850,1058,100,654,687,660,385,1146,860,342,1576,2014
1296: 697,1145,1395,729,1625,1046,1638,477,2009,521,1487,1281,1647,1995,1645,1943,1278,1976
1297: 1991
1298: 1027,1488
1299: 
1300: 
1881: 1279
1302: 
1303: 1632,1119,2017,261,1882,544,291,2011,609,1023,1795,109,511,1620
1304: 1349
1305: 
1306: 
1307: 93
1830: 
1309: 
1310: 1649
1311: 1220,1988
1312: 
1313: 
1569: 1230,56,2000,1052,173,197,844,1915,1644,1483,1821,119,2013,298,970,916,814,669,1680
1315: 
1316: 1066,509,1960
1317: 859,796
1651: 807,1320,1673,502,1061
1319: 
1320: 1651,1673,1818,1061,1460,151,1331,132
1808: 655
1322: 2008,99,907,305,154,661,1482,1131,1902,447,401,681,322,1705,1618,1621,1368,1266,1951,1271,1193,1715,1465,1969,1580,527
1323: 1585,596,1253
1324: 1933,1000
1539: 1084,584,1840
1326: 915,403,625,1,987,835,2019,1401,1508,546,1538,1912,1171,64,444,1938,1074
1327: 2004,1987,1739,695,1076,450,1283,1700,190,1760,456,176,1292,617,1863,1994
1328: 984
1329: 
1330: 876
1331: 1320,132
1332: 1169,156,615,2010,458,792,1945,1702,1602,350,727,296
1333: 
1334: 391,853
1335: 
1336: 
1337: 
1338: 221
1339: 1293,59,1904
1340: 
2003: 898,1111,299,884,610,600,694,1663,1735,1932
1576: 860,342,478,97,207,1294,1167,1546,2014,1393,550,850,1058,654,687,1099,385,1146,1888,707
1691: 
1344: 
1345: 506,533
1346: 
1909: 1423
1348: 
1349: 1304
1350: 
1351: 343
1352: 1451,810,56,2000,202,751,474,1096,197,1772,1821,1855,644,119,2013,360,996,882,970,916,133,814,1680
1353: 
1535: 257,972,1687,2006,1886,945,1828,466,58,2007,1035,249,1698,1665
1843: 1729,437,1780,2002,778,323,747,387,752,830,174,857,1120
1356: 1378,1957
1668: 
1513: 598,422,1160,272,382
1359: 
1648: 337,40,1017,2004,1076,450,1961,1283,1682,756,190,1760,456,176,617,1863
1361: 603
1706: 785,475,1977,1743
1645: 697,1296,1145,1395,1625,1046,1638,477,2009,521,1487,1647,1170,495,1995,1943,1278,1976
1364: 
1365: 969,1733
1366: 
1367: 
1368: 2008,99,907,154,661,1482,1131,447,401,681,322,1705,1618,1322,1621,1266,1951,1465,1580
1369: 1003
1774: 
1371: 
1372: 849,1639,131
1783: 
1575: 
1375: 1711
1773: 
1377: 341,1965
1378: 1356,1957
1379: 1838,522,1999,1878,1666,1633,1749,535,1390,1572,638,492,2005,465,1934,1095,65,1852,1007
1380: 1865,255,1391,1173,1209,2015,297,1754,339,1175,779,1198,670,1022,494
1381: 1229,2008,99,907,154,661,322,1271,1193,1715,1600,1910,1969,1428
1382: 870,1070,1074,129,403,625,987,835,2019,168,1401,546,1912,1171,64,1583,444,1938,848
1383: 1058,100,687,660,1099,385,1146,707,2014,1393
1384: 1479
1385: 
1386: 1169,1101,1509,156,615,2010,458,792,1945,1702,1053,223,1717,350,856,934
2008: 99,907,305,154,661,1482,1131,1902,447,401,681,322,1705,1618,1322,1621,1368,1266,1951,1271,1193,1715,263,1529,1465,286,226,1600,1910,1969,315,1580,1428,527,1229,1381
2014: 860,342,478,97,1576,207,1294,1167,1546,1393,550,850,1058,100,654,1383,687,660,1099,385,1146,1888,707
1785: 
1390: 723,1485,1572,638,492,532,2005,465,1934,1095,65,1071,828,1852,1007,1838,1379,1878,1749
1391: 255,1380,1209,2015,297,1754,339,1175,779,1198,670,1022,547,494
1392: 
1393: 860,342,478,97,1576,207,1294,1546,2014,550,1383,687,1099,385,1146,707
1731: 745,1636
1395: 697,1296,1145,729,1625,1046,1638,477,2009,521,1487,1281,1647,1170,495,1995,1645,1943,1278,1287
1922: 426,25
1916: 
1398: 1794,143,1158,1489
1399: 
1400: 
1401: 915,403,625,1,987,835,2019,1326,168,1508,546,1538,1912,1171,64,1583,444,1938,848,870,1382,1070,1074,129
1402: 
1781: 1496
1404: 
1405: 304
1889: 1511
1407: 1284,1127
1730: 
1409: 
1595: 1703,1221
1411: 
1412: 
1413: 
1903: 
1415: 90
1416: 
1594: 
1966: 
1626: 1250,45,2016,1543,737,1050,107,1584,1797,150,1222
1420: 
1421: 1571,942,1107
1855: 1230,810,56,2000,751,197,1772,1915,1821,644,119,2013,1352,1630,970,814,1680
1423: 1909
1564: 1729,1469,437,310,1780,2002,592,778,1944,323,1436,747,1771,387,752,830,519,309,1887,461
1520: 42
1426: 240,1177,992,311,114
1427: 44,1761
1428: 1715,263,286,226,1600,1910,1969,315,1580,2008,907,322,1271,1229,1381
1429: 
1736: 34
1431: 597,1753,1149,639,135,790,2018,542,187,825
1784: 
1509: 1101,615,2010,458,792,1945,1702,1053,223,1717,856,934,1386
1563: 
1682: 337,40,1017,2004,1076,450,1961,1283,1700,1648,756,1760,456,176,617,1142,1863
1436: 1469,437,310,1780,2002,592,1564,1944,323,747,387,752,830,519,309,1548,1887,1763,1163,1558,174,461,1120
1437: 1460,151,132
1438: 
1439: 1531,1883,855
1440: 96,872,854
1441: 
1884: 
1942: 
1444: 
1599: 
1721: 
1862: 
1448: 
1548: 1887,1763,1163,1558,174,461,310,2002,323,1436,830,309
1450: 
1451: 1230,810,56,2000,195,202,751,474,1052,1096,173,197,1772,1644,1483,1821,1255,644,119,2013,1526,360,1257,1352,996,882,970,916,133,814,669,1680
1452: 178,911
1453: 
1454: 1178
2016: 1250,561,91,45,66,1543,737,1050,117,1191,107,1584,1626,1261,1797,1048,1166,150,287,1222
1949: 930,1514
1681: 651,540
1798: 
1459: 1802,980,264,369
1460: 1320,1818,151,132,1437
1461: 
1462: 106,1527
2019: 915,403,625,1,987,835,1326,168,1401,1508,546,1538,1912,1171,64,1583,444,1938,848,870,1382,1070,1074,129
1464: 1190,978
1465: 1715,263,1529,226,1969,315,1580,2008,907,305,661,1482,1131,1902,401,681,1705,1618,1322,1621,1368,1266,1951,1193
1466: 629,39,2001,560,1238,335,674,142,900,316
2002: 1729,1469,437,310,1780,592,778,1564,1944,323,1436,747,1771,387,752,830,519,309,1843,1548,1887,1763,1163,1558,174,461,857,1120
1468: 
1469: 1729,437,310,2002,592,1564,1944,1436,1771,387,752,519,309,1887,1763,461
1685: 
1471: 937,112
1472: 
1473: 
1583: 403,625,1,987,835,2019,168,1401,1508,546,64,1938,848,870,1382,129
1527: 106,1462
1476: 156,615,2010,458,1945,1702,1053,1602,223,350,296
1477: 
1478: 806
1479: 1384
1935: 810,56,2000,195,202,751,474,1555,1772,1644,1483,644,2013,1526,1257,996,882,1630,1671,133,814,1680
1481: 551,157,1249
1482: 2008,99,907,305,154,661,1131,1902,447,401,681,322,1705,1618,1322,1621,1368,1266,1951,1271,1193,1715,263,1529,1465,226,1910,1969,315,1580
1483: 1451,1230,810,56,2000,1569,195,474,1052,1096,173,844,1644,1821,1255,644,119,2013,1526,1257,882,298,1630,916,1671,814,1935,669,1680
1856: 
1485: 723,1390,1572,638,532,2005,1934,1095,65,1071,828,1852,1007,1838,1878,1749,535
1578: 
1487: 697,1296,1145,1395,729,1625,1046,1638,477,2009,521,1647,1170,1995,1645,1943,1278,1976
1488: 1027,1298
1489: 143,1158,1398
1490: 148