0: 
1: 
1946: 
3: 122
4: 690
5: 1435
6: 
7: 1732,582
8: 
9: 1784,1954,1824,1862
10: 1398,626,1903
11: 
12: 898,1340,786
13: 
14: 
15: 1133,510,1959
16: 246,501,951,155,347
17: 1899
18: 591,780
19: 
20: 593,1432
21: 170,1334
22: 
23: 
1985: 1785,764,908,1594
25: 81
26: 
27: 1357,1519,773,643
28: 806,980
29: 
30: 1714,367,863
31: 
1994: 1885,456,1700,1017,176,2004,190,1974,1760,1699
33: 
34: 1782,1955
35: 746
36: 
37: 988
38: 1525,245
39: 722,701,2001,900,172,557,142,404,921,1238
40: 1163
41: 573,113,164
42: 86,1737,1346,395
43: 649,120,706
44: 
45: 2016,1261,66,117,561,1926,91,287,1797
1989: 
47: 
48: 1636,1911,936
49: 
50: 
51: 
52: 1900,924
53: 1870,349,1983,714,1343,551
54: 
55: 1087,454
56: 2000,1630,844,1257,882,1859,916,195,1935,408,197,1680,644
57: 
58: 
59: 1221,874,241
60: 432
61: 
62: 1308,373,209
63: 
64: 1495,889,296
65: 465,1390,2005,638,492,828,1666,535,1878,1633,1007,1095
66: 2016,1261,45,117,561,1926,1048,91,287
67: 1717,1476,1169,2010,1053,1702,1332
68: 982,1889,1956
69: 
70: 1093,824,1853,329,247
71: 
72: 1715,401,661,2008,1580,162,1266,1618,1322
73: 945
74: 1535,2006,1886,972,249,2007,1758,1698,1318
75: 
2010: 1347,1717,727,1476,1169,1386,67,1053,1702,1332
77: 1672
78: 
79: 986,1021
1986: 
81: 25
1981: 
83: 765,1539,1970
84: 
85: 426
86: 42,1737,1346,395
87: 
88: 
89: 179
90: 760,732
91: 1048,287,1797,2016,45,66,117,561,1926
92: 
93: 
94: 516,1567,935
95: 
96: 1774,203
97: 
98: 
99: 1705,353
100: 1167,1576,1393,2014,1016,1383,707,1103,1153
101: 1730
102: 667,1866
103: 1813,940,443,242
104: 1374,680,474
105: 1583,965
106: 1530,1919,1966,1452,285,1587
107: 
108: 1061,1800,1732,1063,582,1415,1764
109: 1718,1908,2011,544,609,1930,2017,748,1882,511,261,291
110: 663,716
111: 
112: 952,816,1676,1031
113: 41,376,164,1320
114: 
115: 1708
116: 447,1819
117: 2016,1261,45,66,561,1926,91,287,1797
118: 
119: 2000,1630,1915,844,1257,916
120: 649,706,43
121: 642,346
122: 3
123: 
124: 
125: 
126: 144
127: 
128: 
129: 
130: 264,973
131: 
132: 491
133: 
134: 
135: 926,1753,2018,1149,1431,187,1674,542,790
136: 
137: 331,795,1011
138: 886,1978,971,1608
139: 1495,993,1272,889,444
140: 
141: 1242,330,606,543
142: 404,1238,722,701,2001,900,172,1466,39,557
143: 757,1270,1369
144: 1588,126,1923,1289
145: 1054,583
146: 479
147: 614,1949
148: 196
149: 1333,1901,1755
150: 
151: 1574
152: 1234,1826,1906
153: 
154: 
155: 501,16,785,347
156: 
157: 
158: 
159: 1256,1224,574,441,1413
160: 175,852
161: 
162: 429,315,1715,72,401,1902,661,2008,1580,1266,1618,322,1322
163: 
164: 376,763,1320,41,113
165: 
166: 
167: 886,1978,971,1891,1608
168: 1833,966,1611,218
169: 
170: 21,1334
171: 1305
172: 722,701,2001,900,1466,39,557,142,404,1238
173: 1855,1569,281,751,1230,2013,1526,1671,1483,1052
174: 1771,437,270,1780,2002,857,1763,778,323,1843,1558,1887,309,592,1120
175: 160,1032,852
176: 1885,456,1994,1700,1863,1017,450,2004,190,1974
177: 
178: 
179: 89
180: 713,1186
181: 
182: 
183: 
184: 1662,237,957
1920: 
186: 1472
187: 926,135,1753,2018,1149,1431,1674,542,790
188: 563
189: 
190: 1885,456,1994,1700,1863,1017,176,2004,1974,337,1760,1739,1699
191: 298,1148
2000: 1630,1821,1915,844,1257,882,56,119,1859,916,195,1935,408,197,1680,644
193: 
194: 1839,1172,360
195: 2000,1630,1915,844,1257,882,56,1859,916,408,197,1680,644
196: 148
197: 408,1680,644,2000,844,1257,882,56,1859,916,195
198: 1375
199: 1352,1538
200: 681,1894,1205
201: 
202: 1855,2013,1526,1555
203: 96,1774
204: 1996
205: 1196
206: 269,1531,640
207: 1597,1546,1099,1576,385,1393,2014,1016,1383,707,1103,1146,1153
2001: 722,701,900,172,1466,39,557,142,404,921,1238
209: 1308,62,373
210: 
211: 1204,1279,1314
212: 455
213: 1793,1218
214: 
215: 1991,1693
216: 
1944: 2003,299,884
218: 168,1611,536
219: 
220: 
221: 
222: 1155
223: 
224: 498
225: 
226: 1191,1667
1984: 344,1096
228: 
229: 255
1980: 
231: 
232: 1735
233: 740
234: 
235: 735,436,605
236: 1477,1653,809
237: 1662,957,184
238: 1433
239: 
240: 
241: 1221,59
242: 443,1813,103,940
243: 1200,1445
244: 
245: 38,1525
246: 16,951,347
247: 1093,824,1853,329,70
1921: 
249: 2007,1758,1698,1318,1535,2006,74
250: 1610,1397,1268,1306
251: 
252: 
1938: 449,1074,1867
254: 1175,805
255: 229
256: 499,1460
257: 
1923: 1289,144,1588
259: 368,1507
260: 974,1084,692,890,1481
261: 1908,1119,2011,544,1930,109,2017,748,1882,1620,511,291
262: 1239,2012,284,1225,1834,1854,755
263: 
264: 130
265: 
266: 
267: 
268: 
269: 206,1531
270: 1771,437,174,2002,857,1887,592,1120
271: 
272: 
273: 1866,1812
274: 
275: 
276: 
277: 808
278: 
279: 
280: 
281: 1569,751,1230,173,2013,1526,1671,1483,1052
282: 1540,891,1978,971
283: 1335
284: 262,1239,2012,1834,755
285: 1452,1587,1530,1919,106,1966
286: 
287: 1048,91,1797,2016,1261,45,66,117,561,1926
288: 
289: 352,1300
290: 
291: 1908,2011,544,1930,109,2017,1882,511,261
292: 
293: 
294: 
295: 
296: 1734,64
297: 
298: 191,1148
299: 2003,884,1944
300: 
301: 1634
302: 
303: 1928,1550,1658
304: 932,839
305: 
306: 
307: 1590
308: 
309: 1771,437,519,387,174,2002,857,830,1763,778,323,1843,1558,1887,1729,592,1120
310: 478
311: 
312: 1436,608
1990: 
314: 
315: 429,401,1902,661,2008,1580,162,1266,1618,322,1322
316: 
317: 
318: 
319: 
320: 
321: 416,1141
322: 429,315,1715,401,1902,661,2008,1580,162,1266,1618,1322
323: 1771,1548,437,1780,519,174,2002,857,1763,778,1843,1558,1887,1729,309,592,1120
324: 1721,1037,1151
325: 
326: 
327: 1307
328: 1003,1740
329: 433,1093,824,1853,70,846,247
330: 141,1242,606,543
331: 137,795,1011
332: 
333: 
334: 911
335: 
336: 
337: 1760,1739,1885,1987,1700,1863,2004,190
338: 
339: 1173,1198,1549,1973,2015,1022,547,1380,1865
340: 
341: 1657,1434
342: 
343: 791,1975
344: 1984,1096
345: 571,1422,867
346: 121,1126
347: 246,501,16,951,155
348: 
349: 1870,53,1983,714,1343,551
350: 
351: 1174
352: 1300,289
353: 1705,1822,99
354: 
355: 
356: 1281,1952,1071
357: 
358: 
359: 
360: 194,1839,1172
361: 690
1974: 1885,456,1994,1700,1863,1017,450,176,2004,190,1760,1739,1699
363: 1309
364: 1256,1224,574,441
365: 
366: 1109
367: 863,30,1714
368: 259
369: 398
1926: 2016,1261,45,66,117,561,1048,91,287,1797
371: 438
372: 
373: 1308,62,209
374: 1127,406
375: 1222
376: 164,763,1320,113
377: 
378: 
379: 826,1280
380: 
1964: 783
382: 1528,1537,1377,1182,651
383: 
384: 1299
385: 1167,1576,1393,2014,1016,1383,707,1146,1099,207
386: 1180,1428
387: 437,747,519,2002,778,1887,1729,309,592,1120
388: 645
389: 622
390: 
391: 
392: 548
393: 1188
394: 452,715
395: 1346,1737,86,42
396: 
397: 742,1440
398: 369
399: 984
400: 1262
401: 429,315,1715,72,1902,661,2008,1580,162,1266,1618,322,1322
402: 
403: 1326,1508,2019,1401,1070,546,1171,987
404: 142,921,1238,722,701,2001,900,172,39,557
405: 1670
406: 374,1127
407: 
408: 197,1680,644,2000,1821,844,882,56,1859,916,195,1935
409: 1191
410: 
1969: 
412: 1624,1592,1073
1979: 
414: 
415: 1659,1516
416: 321,1141,468
417: 
418: 
419: 
420: 
421: 
422: 
1992: 
424: 635,1875,739
425: 
426: 85
427: 
428: 
429: 315,1715,401,1902,661,2008,1580,162,1266,1618,322,1322
430: 482,1562
431: 1656
432: 60
433: 1093,329,846
434: 
435: 
436: 235,735,605
437: 1771,270,1780,387,174,2002,857,323,1843,1887,1729,309,592,1120
438: 371
439: 653,991
440: 915,1668
441: 1256,364,159,1224,574,1413
442: 
443: 242,1813,103
444: 139,993,1272,889
445: 
446: 
447: 116,1819,1600
448: 1384
449: 1938,1074,1867
450: 1885,456,1987,1700,1863,1017,176,2004,1974
451: 
452: 394,715
453: 
454: 1087,55
455: 212
456: 1885,1994,1987,1700,1863,1017,450,176,2004,190,1974,1739
457: 
458: 
459: 
460: 
461: 1083
462: 
463: 
464: 
465: 522,1390,2005,638,492,828,1666,535,1749,1838,65,1379,723,1878,1633,1095,532,1934
466: 
467: 1108
468: 416,1141
469: 1035
470: 
471: 1788
472: 616,1846
1940: 1641,1831,1034
474: 104,680,1193
475: 
476: 
477: 586,1102,1046,1995,729,2009,1145,1943,697
478: 310
479: 1725,146
480: 506,1880
481: 
482: 430,1085,1562
483: 
484: 1890
485: 
486: 
487: 
488: 
489: 
490: 
491: 132
492: 465,522,1390,2005,638,828,1666,535,1749,1838,65,723,1878,1633
493: 
494: 
495: 
496: 
497: 
498: 1593,224
499: 1460,256
500: 
501: 16,951,155,347
502: 757,1270,1369
1948: 668
504: 
1999: 
506: 1880,480
507: 
508: 998,1736
509: 
510: 1133,15,1959
511: 1718,1908,1119,2011,544,609,1930,109,2017,748,1882,1620,261,291
512: 
513: 657
514: 
515: 
516: 1567,935,94
517: 
518: 
519: 1548,747,387,1469,2002,830,1763,778,323,1843,1558,1729,309,592
520: 854,872
521: 
522: 465,1390,2005,638,492,1666,535,1749,1838,1379,723,1878,1633,532,1934
523: 
524: 1533
525: 
526: 1084,1791,1848,692,974,1481
527: 
528: 
529: 1527
530: 
531: 1363,860,654
532: 1633,1007,1095,1934,465,522,1390,2005,638,1666,535,1838,1379,723,1878
533: 
534: 
535: 465,522,1390,2005,638,492,828,1666,1749,1838,65,1379,723,1878,1633,1095,532
536: 218
537: 
538: 959
539: 
540: 1541,1958
541: 1949,1359,614
542: 926,135,1753,2018,1149,1431,187,1674,790
543: 141,1242,330,606
544: 1718,1908,1119,2011,609,1930,109,2017,748,1882,1620,511,261,291
545: 
546: 403,1508,2019,1401,1070,1171,987
547: 1173,1198,1549,1973,2015,1022,339,1380,670,1865
548: 392
549: 
550: 850
551: 714,1343,1870,53,349
552: 
553: 
554: 1325,1344,1909,1711,1809
555: 
556: 
557: 722,701,2001,900,172,39,142,404,921,1238
1930: 1718,1908,1119,2011,544,609,109,2017,748,1882,1620,511,261,291
1991: 215,1693
560: 875,588,1638
561: 2016,1261,45,66,117,1926,1048,91,287,1797
562: 
563: 188
564: 
565: 913
1924: 
567: 
568: 
569: 1008
570: 
571: 345,1422,759,867
572: 
573: 41
574: 1256,364,159,1224,441,1413
575: 
576: 
577: 
578: 834,920,1726
579: 1604,1684,699
580: 1475
581: 
582: 108,1732,1063,7
583: 145,1054
584: 1001
585: 
586: 477,1102,1046,1278,1995,729,1296,2009,1145,1943,697
587: 
588: 875,560,1638
589: 
590: 
591: 18,780
592: 1771,437,270,519,387,174,2002,1763,778,323,1843,1887,1729,309,1120
593: 20,1432
1962: 879,1106,927,1499,1030,1817,888,1276
595: 
596: 1366
597: 1645,1059
598: 662,1378
599: 1403,1348
600: 
601: 
602: 
603: 
604: 
605: 235,735,436
606: 141,1242,330,543
607: 1640,1170,1404
608: 1436,312
609: 1718,1908,1119,2011,544,1930,109,2017,748,1882,1620,511
610: 
611: 
612: 
613: 810
614: 541,147
615: 
616: 472,1846
617: 
618: 1527,1493
619: 
620: 
621: 
622: 389
623: 
624: 1474
625: 
626: 1398,10,1903
627: 
628: 
629: 
630: 
631: 1719,831
632: 
633: 
634: 
635: 424,1875,739
636: 838,1511,1960,947,1192
637: 
638: 465,522,1390,2005,492,1666,535,1749,1838,65,1379,723,1878,1633,1095,532,1934
639: 1363,958,860
640: 206,1531,798
641: 
642: 121
643: 27,1357,1519,773
644: 408,197,1680,2000,844,882,56,1859,916,195,1935
645: 388
646: 
647: 1860,1547,1690
648: 
649: 120,706,43
650: 
651: 1528,1537,1377,1182,382
652: 728,841,1506,1259
653: 439,991,1884
654: 531
655: 899,1420
656: 
657: 513
658: 
659: 853
660: 1543
661: 429,315,1715,72,401,2008,1580,162,1266,1618,322,1322
662: 862,598
663: 110,716
664: 1233
665: 1345,1317,1394
666: 
667: 1866,102,1812
668: 1948
669: 
670: 1391,1865,1173,1198,1973,2015,547,1380
671: 1490
672: 
673: 
674: 
675: 
676: 1770
677: 
678: 
679: 1649
680: 1374,104,474,1193
681: 200,1894,1205
682: 1840,1914
683: 
1983: 1870,53,349,714
685: 
686: 1236
687: 1368
688: 
689: 
690: 4,361
1965: 
692: 1084,1791,526,1848,260,974,890,1481
1993: 
694: 
695: 
696: 
697: 729,2009,1145,1943,477,586,1102,1046
698: 
699: 1877,1604,1684,579
700: 
701: 722,2001,900,172,1466,39,557,142,404
702: 1529
703: 1184
704: 
1971: 
706: 649,120,43
707: 100,1167,1576,385,1393,2014,1016,1383,1103,1146,1546,1099,207
1982: 905
709: 
710: 
711: 944
712: 
713: 1186,180
714: 1343,1870,53,349,1983,551
715: 452,394
716: 110,663
717: 1709
718: 
719: 1328,1330,1847
720: 
721: 
722: 701,2001,900,172,1466,39,557,142,404,1238
723: 465,522,2005,638,492,1666,535,1749,1838,1379,1878,532
724: 
725: 
726: 1290
727: 1347,1717,1476,2010,1386,1053,1702,1332
728: 1210,841,1506,1259,652
729: 1278,1995,1976,1296,2009,1145,1647,1943,477,586,1102,1046,697
730: 1517,1407,939
731: 
732: 90,760
733: 
734: 1669
735: 235,436,605
736: 
737: 
1997: 
739: 1875,635,424
740: 233
741: 
742: 397,1440
743: 
744: 1425
745: 1710
746: 35
747: 1548,519,387,1469,2002,830,1763,778,1843,1729
748: 1718,1908,1119,2011,544,609,1930,109,2017,1882,1620,511,261
749: 
750: 1646,861
751: 1855,1569,281,1230,173,2013,1526,1555,1671,1483,1052
752: 
753: 
1928: 303,1160,1550,1658
755: 262,1239,2012,284,1225,1834,1854,1100
756: 
757: 502,143,1270,1369
758: 
759: 571,1422
760: 90,732
761: 
762: 
763: 376,164,1320
764: 1785,1985,908,1594
765: 1539,83
766: 
767: 776
768: 1006,1931
2004: 1885,456,1994,1987,1700,1863,1017,450,176,190,1974,337,1760,1739,1699
770: 1089,1056,1097
771: 856,1025
772: 
773: 27,1357,1519,643
774: 
775: 1823
776: 767
777: 
778: 1548,747,519,387,1469,174,2002,830,1763,323,1843,1558,1887,1729,309,592
779: 941,1844
780: 591,18
781: 1197,1581
782: 
783: 1964
784: 
785: 155
786: 898,1340,12
787: 
788: 
789: 
790: 926,135,1753,2018,1149,1431,187,1674,542
791: 343,1975
792: 
793: 1336
794: 
795: 331,137,1011
796: 
797: 1745
798: 640
799: 
800: 
801: 1219,1972
2012: 262,1239,284,1225,1834,1854,755,1100
803: 
804: 
805: 254,1175
806: 28,980
807: 
808: 277
809: 1653,236,1477
810: 613
811: 
812: 
813: 
814: 
815: 
816: 952,112,1676,1031
817: 1806,1552
818: 1216,1561
819: 1768
820: 
2011: 1718,1908,1119,544,609,1930,109,2017,748,1882,1620,511,261,291
822: 
823: 
824: 1853,329,70,247
825: 1932
826: 1280,379
827: 
828: 465,1390,2005,492,1666,535,1749,1838,65,1878,1633
829: 1303
830: 1548,747,519,1469,2002,1763,778,1843,1558,1729,309
831: 942,1719,631
832: 
833: 
834: 920,578,1726
835: 
836: 
837: 
838: 636,1511,1960,947,1192
839: 932,304
840: 
841: 728,1210,1506,1259,652
842: 
843: 
844: 2000,1630,1821,1915,1257,882,56,119,1859,916,195,1935,408,197,1680,644
845: 1057,1725
846: 433,1093,329
847: 1290
848: 
849: 
850: 550
851: 
852: 160,175,1032
853: 659
854: 520,872
855: 897,1799
856: 1029,1025,771
857: 1771,437,270,1780,174,2002,323,1887,309,1120
858: 
859: 
860: 531,639,1363,958
861: 750,1646
862: 662
863: 367,30,1714
864: 1199
1978: 138,886,971,282,167,1891,1608
866: 1648
867: 345,571
868: 
869: 
870: 
871: 
872: 520,854
2009: 1278,1995,729,1976,1296,1145,1647,1943,477,586,1102,1046,697
874: 1221,1199,59
875: 560,588,1638
876: 
877: 1522
878: 
879: 1962,1106,927,1499,1030,1817,888,1276
880: 
881: 
882: 2000,844,1257,56,1859,916,195,1935,408,197,1680,644
883: 
884: 2003,1564,299,1944
885: 
886: 138,1978,971,167,1891,1608
887: 
888: 1962,879,1106,927,1030,1817,1276
889: 1495,139,993,1272,64,444
890: 260,974,692,1481
891: 1540,282
892: 1335
893: 1628
894: 
895: 
1958: 1541,540
897: 855,1094
898: 786,12
899: 655,1420
900: 722,701,2001,172,1466,39,557,142,404,921,1238
901: 
902: 1692,999
903: 
904: 
905: 1982
906: 
907: 1286
908: 1785,1985,764,1594
909: 1858
910: 
911: 334
1972: 1219,801
913: 565
914: 1055,1471
915: 440
916: 2000,1630,1915,844,1257,882,56,119,1859,195,408,197,1680,644
917: 
918: 
919: 1195,1585
920: 834,578,1726
921: 404,1238,2001,900,39,557
922: 
1956: 68,982,1889
924: 1900,52
925: 
926: 135,1753,2018,1149,1431,187,1674,542,790
927: 1962,879,1106,888,1276
928: 
929: 
930: 
931: 1789,1663
932: 304,839
933: 
934: 
935: 516,1567,94
936: 1636,1911,48
937: 1868
938: 
939: 730,1517,1407
940: 1813,103,242
941: 1844,779
942: 1719,831
943: 1950
944: 711
945: 73
946: 
947: 1960,636,838,1511,1192
948: 
1959: 1133,510,15
950: 
951: 246,501,16,347
952: 816,112,1676,1031
953: 
1953: 
955: 
956: 
957: 1662,237,184
958: 639,1363,860
959: 538
960: 
961: 
1945: 1024
963: 
964: 1437
965: 1583,105
966: 1833,168,1611
967: 1703
968: 
969: 
970: 
971: 138,886,1978,282,167,1891,1608
972: 1535,2006,1886,74,2007,1698,1318
973: 130
974: 260,1084,526,692,890,1481
1933: 
1950: 1860,1547,943
977: 1596
978: 
979: 
980: 28,806
981: 
982: 68,1889,1956
983: 
984: 399
985: 
986: 1021,79
987: 1326,403,1508,2019,1401,1070,546,1171
988: 37
989: 
990: 
991: 1884,1002,653,439
992: 
993: 1495,139,1272,889,444
994: 
995: 1489
996: 
997: 
998: 508,1736
999: 902
1000: 
1001: 584,1759
1002: 991,1884
1003: 328,1740
1004: 1250
1005: 
1006: 768,1931
1007: 1633,1095,532,1934,2005,65,1878
1008: 569
1009: 
1010: 
1011: 331,137,795
1012: 
1013: 1536
1014: 1208
1015: 1808,1756
1016: 100,1167,1576,385,1393,2014,1383,707,1146,1099,207
1017: 1885,456,1994,1987,1700,1863,450,176,2004,190,1974,1760
1018: 
1019: 
1020: 
1021: 986,79
1022: 1173,1198,1549,1973,2015,547,339,1380
1023: 
1024: 1945
1025: 1029,856,771
1026: 
1027: 
1028: 
1029: 856,1025
1030: 1962,879,1106,1817,888,1276
1031: 952,816,112,1676
1032: 175,852
1033: 
1034: 1831,1940
1035: 469
1036: 
1037: 1061,1800,1415,1764,1151,1721,324
1038: 
1039: 
1040: 
1041: 
1957: 
1043: 
1044: 
1970: 83
1046: 477,586,1102,1995,729,1976,2009,1145,1943,697
1047: 1362
1048: 91,287,1797,2016,66,561,1926
1049: 
1050: 
1051: 
1052: 1569,281,751,1230,173,2013,1526,1671,1483
1053: 1347,1717,727,1476,1169,2010,1386,67,1702,1332
1054: 1544,145,583
1055: 914,1471
1056: 1089,770
1057: 845
1058: 
1059: 1645,597
1060: 
1061: 108,1800,1063,1037,1415,1764,1151
1975: 343,791
1063: 108,1061,582,1764
1925: 
1065: 
1066: 
1067: 1659
1068: 
1963: 
1070: 1326,403,1508,2019,1401,546,1171,987
1071: 1952,356,1281
1072: 
1073: 1624,412,1592
1074: 1938,449,1867
2018: 926,135,1753,1149,1431,187,1674,542,790
1076: 
1077: 1155,1331
1078: 1679,1271,1869,1132
1079: 1876
1080: 
1081: 1267
1082: 
1083: 461
1084: 1791,526,1848,692,260,974,1481
1085: 1562,482
1939: 1799
1087: 55,454
1088: 
1089: 770,1056,1097
1090: 1351
1091: 
1092: 
1093: 433,329,70,846,247
1094: 897
1095: 1633,1007,532,1934,465,1390,2005,638,1666,535,65,1379,1878
1096: 344,1984
1097: 1089,770
1098: 1686
1099: 1597,1546,207,1576,385,1393,2014,1016,1383,707,1103,1146
1100: 1239,2012,1225,1834,1854,755
1101: 
1102: 477,586,1046,1278,1995,729,1976,1296,2009,1145,1647,1943,697
1103: 100,1167,1393,2014,1383,707,1153,1546,1099,207
1104: 
1105: 
1106: 1962,879,927,1499,1030,1817,888,1276
1107: 
1108: 467
1109: 366
1110: 1447
1111: 1449
1112: 
1113: 1219,1629
1114: 
1115: 1577,1551,1798
1116: 
1117: 
1118: 1312,1689
1119: 1718,1908,2011,544,609,1930,2017,748,1882,1620,511,261
1120: 1771,437,270,387,174,2002,857,323,1887,1729,309,592
1121: 1685,1651
1122: 
1123: 
1124: 
1125: 
1126: 346
1127: 374,406
1919: 1530,106,1966,1452,285,1587
1951: 1688
1130: 
1131: 
1132: 1679,1271,1869,1078
1133: 510,15,1959
1976: 1278,1995,729,1296,2009,1145,1647,1943,1102,1046
2015: 1173,1198,1549,1973,1022,547,339,1380,1391,670,1865
1136: 1874
1137: 
1138: 
1139: 
1140: 
1141: 416,321,468
1142: 
1143: 
1144: 1637
1145: 1278,1995,729,1976,1296,2009,1647,1943,477,586,1102,1046,697
1146: 1167,1576,385,1393,2014,1016,1383,707,1597,1546,1099,207
1147: 
1148: 298,191
1149: 926,135,1753,2018,1431,187,1674,542,790
1150: 1399
1151: 1061,1800,1037,1415,1764,1721,324
1152: 
1153: 100,1393,2014,1383,1103,1597,1546,207
1154: 
1155: 1077,222
1156: 
1157: 
1158: 1895
1159: 
1160: 1928,1550,1658
1161: 
2005: 465,522,1390,638,492,828,1666,535,1749,1838,65,1379,723,1878,1633,1007,1095,532,1934
1163: 40
1164: 
1165: 1382,1773
1166: 
1167: 100,1576,385,1393,2014,1016,1383,707,1103,1146
1168: 1622
1169: 1717,1476,2010,67,1053,1702,1332
1170: 607,1640,1404
1171: 1326,403,1508,2019,1401,1070,546,987
1172: 194,1839,360
1173: 1198,1549,1973,2015,1022,547,339,1380,1391,670,1865
1174: 351
1175: 254,805
1941: 
1177: 
1178: 
1943: 1278,1995,729,1976,1296,2009,1145,1647,477,586,1102,1046,697
1180: 386,1428
1181: 
1182: 1528,1537,1377,382,651
1183: 
1184: 703
1185: 
1186: 713,180
1187: 1244
1188: 393
1189: 
1190: 1740
1191: 226,1667,409
1192: 947,636,838,1511
1193: 474,680
1194: 
1195: 919,1585
1196: 205
1197: 781,1581
1198: 1173,1549,1973,2015,1022,547,339,1380,670,1865
1199: 1221,874,864
1200: 243,1445
1201: 1873
1202: 
1203: 
1204: 1279,1314,211
1205: 1894,681,200
1206: 
1207: 1321,1292
1208: 1014
1209: 1837
1210: 728,841,1506,1259
1211: 
1212: 1402,1724
1213: 
1952: 356,1281,1071
1215: 
1216: 818,1561
1217: 
1218: 213,1793
1219: 801,1113,1972
1220: 
1221: 1199,59,874,241
1222: 375
1223: 
1224: 1256,364,159,574,441,1413
1225: 262,1239,2012,1834,1854,755,1100
1226: 
1227: 
2013: 1855,1569,281,751,1230,173,1526,1555,202,1671,1483,1052
1229: 
1230: 1855,1569,281,751,173,2013,1526,1555,1671,1483,1052
1231: 1339,1790,1696
1232: 1518
1233: 664
1234: 1826,152,1906
1235: 
1236: 686
1237: 
1238: 142,404,921,722,2001,900,172,39,557
1239: 262,2012,284,1225,1834,1854,755,1100
1936: 1639,1503
1241: 
1242: 141,330,606,543
1243: 
1244: 1187
1245: 
1246: 
1247: 1757
1248: 
1249: 
1250: 1004
1251: 
1252: 1895
1253: 
1254: 
1255: 
1256: 364,159,1224,574,441
1257: 2000,1630,1915,844,882,56,119,1859,916,195,197
1258: 
1259: 728,1210,841,1506,652
1260: 1323
1261: 2016,45,66,117,561,1926,287
1262: 400
1263: 
1960: 947,636,838
1265: 
1266: 429,315,1715,72,401,1902,661,2008,1580,162,1618,322,1322
1267: 1081
1268: 250,1871,1610,1397,1306
1269: 
1270: 757,502,143,1369
1271: 1679,1869,1078,1132
1272: 1495,139,993,889,444
1273: 
1274: 
1275: 
1276: 1962,879,1106,927,1030,888
1277: 
1278: 1995,729,1976,1296,2009,1145,1647,1943,586,1102
1279: 1204,1314,211
1280: 826,379
1281: 356,1952,1071
1282: 
1283: 
1284: 
1285: 
1286: 907
1287: 
1288: 
1289: 1923,144,1588
1290: 726,847
1291: 
1292: 1321,1207
1293: 
1294: 
1295: 
1296: 1278,1995,729,1976,2009,1145,1647,1943,586,1102
1297: 
1298: 
1299: 384
1300: 352,289
1301: 
1302: 1601
1303: 829
1304: 
1305: 171
1306: 250,1610,1397,1268
1307: 327,1619,1509
1308: 62,373,209
1309: 363
1310: 
1311: 
1312: 1118,1689
1313: 
1314: 1204,1279,211
1315: 
1316: 
1317: 1394,1345,665
1318: 249,2007,1758,1698,1535,2006,1886,972,74
1319: 
1320: 376,164,763,113
1321: 1207,1292
1322: 429,315,1715,72,401,1902,661,2008,1580,162,1266,1618,322
1323: 1260
1324: 
1325: 554,1344,1909,1711,1809
1326: 403,2019,1401,1070,1171,987
1327: 
1328: 719
1329: 
1330: 719,1847
1331: 1077
1332: 1717,727,1476,1169,2010,1386,67,1053,1702
1333: 149,1901,1755
1334: 170,21
1335: 892,283
1336: 793
1337: 
1338: 1708
1339: 1790,1696,1231
1340: 786,12
2003: 1564,299,884,1944
1342: 
1343: 714,1870,53,349,551
1344: 1325,554,1909,1711
1345: 665,1317,1394
1346: 395,1737,86,42
1347: 1717,727,1476,2010,1386,1053,1702
1348: 599
1349: 
1350: 
1351: 1090
1352: 199,1538
1353: 
1354: 
1355: 
1356: 
1357: 27,1519,773,643
1358: 
1359: 1949,541
1360: 
1361: 
1362: 1047
1363: 531,639,958,860
1364: 
1365: 
1366: 596
1367: 
1368: 687
1369: 757,502,143,1270
1370: 
1371: 
1372: 
1373: 1553
1374: 104,680
1375: 198
1376: 
1377: 1528,1537,1182,382,651
1378: 598
1379: 465,522,2005,638,1666,535,1749,1838,723,1878,1633,1095,532,1934
1380: 1173,1198,1549,1973,2015,1022,547,339,1391,670,1865
1381: 1482
1382: 1773,1165
1383: 100,1167,1576,385,1393,2014,1016,707,1103,1146,1153,1597,1546,1099,207
1384: 448
1385: 
1386: 1347,1717,727,1476,2010,1053,1702,1332
2008: 429,315,1715,72,401,1902,661,1580,162,1266,1618,322,1322
1388: 1421
1389: 
1390: 465,522,2005,638,492,828,1666,535,1749,1838,65,1878,1633,1095,532,1934
1391: 670,1865,1173,1973,2015,1380
1392: 
1393: 100,1167,1576,385,2014,1016,1383,707,1103,1146,1153,1546,1099,207
1394: 1317,1345,665
1395: 
1922: 1761
1397: 250,1610,1268,1306
1398: 10,626,1903
1399: 1150
1400: 
1401: 1326,403,1508,2019,1070,546,1171,987
1402: 1724,1212
1403: 599
1404: 607,1640,1170
1405: 
1406: 
1407: 730,1517,939
1408: 
1409: 
1410: 
1411: 
1412: 
1413: 159,1224,574,441
1414: 
1415: 108,1061,1800,1037,1764,1151,1721
1416: 
1417: 
1966: 1530,1919,106,1452,285,1587
1419: 
1420: 655,899
1421: 1388
1422: 345,571,759
1423: 1430
1424: 
1425: 744
1426: 
1427: 
1428: 386,1180
1429: 
1430: 1423
1431: 926,135,1753,2018,1149,187,1674,542,790
1432: 20,593
1433: 238
1434: 341,1657
1435: 5
1436: 608,312
1437: 964
1438: 1741
1439: 
1440: 742,397
1441: 
1442: 
1443: 1795
1444: 1779
1445: 243,1200
1446: 
1447: 1110,1599
1448: 1730
1449: 1111
1450: 
1451: 
1452: 285,1587,1530,1919,106,1966
1453: 
1454: 
2016: 1261,45,66,117,561,1926,1048,91,287,1797
1949: 541,1359,147
1457: 
1458: 
1459: 1709
1460: 499,256
1461: 
1462: 
2019: 1326,403,1508,1401,1070,546,1171,987
1464: 
1465: 
1466: 722,701,2001,900,172,142
2002: 1771,1548,437,270,1780,747,519,387,1469,174,857,830,1763,778,323,1843,1558,1887,1729,309,592,1120
1468: 
1469: 1548,747,519,2002,830,1763,778,1843
1470: 
1471: 914,1055
1472: 186
1473: 
1474: 624
1475: 580
1476: 1347,1717,727,1169,2010,1386,67,1053,1702,1332
1477: 236,1653,809
1478: 
1479: 
1935: 2000,1821,844,882,56,1859,408,1680,644
1481: 260,974,1084,1791,526,1848,692,890
1482: 1381
1483: 1569,281,751,1230,173,2013,1671,1052
1484: 
1485: 
1486: 
1487: 
1488: 
1489: 995
1490: 671,1551,1798
1961: 1559,1682
1492: 
1493: 618,1527
1494: 
1495: 139,993,1272,64,889
1496: 
1497: 1825
1498: 
1499: 1962,879,1106,1817
2014: 100,1167,1576,385,1393,1016,1383,707,1103,1146,1153,1597,1546,1099,207
1501: 
1502: 
1503: 1936,1639
1504: 
1505: 
1506: 728,1210,841,1259,652
1507: 259
1508: 403,2019,1401,1070,546,1171,987
1509: 1307,1619
1510: 
1511: 636,838,947,1192
1512: 
1513: 
1514: 1830
1515: 
1516: 415,1659
1517: 730,1407,939
1518: 1232
1519: 27,1357,773,643
1520: 
1521: 1707
1522: 877
1523: 
1524: 
1525: 38,245
1526: 1855,1569,281,751,1230,173,2013,1555,202,1671,1052
1527: 529,618,1493
1528: 1537,1377,1182,382,651,1750
1529: 702
1530: 1919,106,1966,1452,285,1587
1531: 269,206,640
1532: 
1533: 524
1987: 1885,456,1700,1863,1017,450,2004,337,1760,1739
1535: 2006,1886,972,74,249,2007,1758,1698,1318
1536: 1013
1537: 1528,1377,1182,382,651
1538: 199,1352
1539: 765,83
1540: 282,891
1541: 1958,540
1542: 
1543: 660
1544: 1054
1545: 
1546: 1597,1099,207,1393,2014,1383,707,1103,1146,1153
1547: 1860,647,1950,1690
1548: 747,519,1469,2002,830,1763,778,323,1843,1558
1549: 1173,1198,1973,2015,1022,547,339,1380
1550: 303,1928,1160,1658
1551: 1490,1798,1577,1115
1552: 1806,817
1553: 1373
1554: 
1555: 1855,751,1230,2013,1526,202,1671
1996: 204
1557: 
1558: 1771,1548,1780,519,174,2002,830,1763,778,323,1843,309
1559: 1682,1961
2006: 1535,1886,972,74,249,2007,1758,1698,1318
1561: 818,1216
1562: 1085,430,482
1563: 
1564: 2003,884
1934: 1633,1007,1095,532,465,522,1390,2005,638,1666,1838,1379,1878
1566: 1642
1567: 516,935,94
1568: 
1569: 1855,281,751,1230,173,2013,1526,1671,1483,1052
1570: 
1571: 
1572: 
1573: 
1574: 151
1575: 
1576: 100,1167,385,1393,2014,1016,1383,707,1146,1099,207
1577: 1115,1551,1798
1578: 
1579: 
1580: 429,315,1715,72,401,1902,661,2008,162,1266,1618,322,1322
1581: 1197,781
1582: 
1583: 965,105
1584: 
1585: 919,1195
1586: 
1587: 1452,285,1530,1919,106,1966
1588: 144,1923,1289
1589: 
1590: 307
1591: 
1592: 1624,412,1073
1593: 498
1594: 1785,1985,764,908
1595: 
1596: 1731,977
1597: 1546,1099,207,2014,1383,1146,1153
1598: 
1599: 1447
1600: 447,1819
1601: 1302
1602: 1893
1603: 
1604: 1877,1684,579,699
1605: 
1606: 
1607: 
1608: 1891,138,886,1978,971,167
1609: 
1610: 250,1397,1268,1306
1611: 1833,168,966,218
1612: 
1613: 
1614: 
1988: 
1616: 
1617: 
1618: 429,315,1715,72,401,1902,661,2008,1580,162,1266,322,1322
1619: 1307,1509
1620: 1718,1908,1119,2011,544,609,1930,2017,748,1882,511,261
1621: 
1622: 1168,1815
1623: 
1624: 412,1592,1073
1625: 
1626: 
2007: 249,1758,1698,1318,1535,2006,1886,972,74
1628: 893
1629: 1113
1630: 2000,1915,844,1257,56,119,1859,916,195
1631: 
1632: 
1633: 1007,1095,532,1934,465,522,1390,2005,638,492,828,1666,535,1838,65,1379,1878
1634: 301
1635: 
1636: 1911,936,48
1637: 1144
1638: 875,560,588
1639: 1936,1503
1640: 607,1170,1404
1641: 1831,1940
1642: 1898,1566
1643: 
1644: 1770
1645: 1059,597
1646: 750,861
1647: 1278,1995,729,1976,1296,2009,1145,1943,1102
1648: 866
1649: 679
1650: 
1651: 1121,1685
1652: 
1653: 809,236,1477
1654: 
1973: 1173,1198,1549,2015,1022,547,339,1380,1391,670,1865
1656: 431
1657: 341,1434
1658: 303,1928,1160,1550
1659: 1067,415,1516
1942: 
1661: 
1662: 237,957,184
1663: 931,1789
1664: 
1665: 
1666: 465,522,1390,2005,638,492,828,535,1749,1838,65,1379,723,1878,1633,1095,532,1934
1667: 1191,226
1668: 440
1669: 734
1670: 405
1671: 1855,1569,281,751,1230,173,2013,1526,1555,1483,1052
1672: 77
1673: 
1674: 926,135,1753,2018,1149,1431,187,542,790
1675: 
1676: 952,816,112,1031
1677: 
1678: 
1679: 1271,1869,1078,1132
1680: 408,197,644,2000,844,882,56,1859,916,195,1935
1681: 
1682: 1559,1961
1683: 
1684: 1877,1604,579,699
1685: 1121,1651
1686: 1098
1687: 
1688: 1951
1689: 1118,1312
1690: 647,1547
1691: 1802
1692: 902
1693: 215,1991
1694: 
1695: 
1696: 1339,1790,1231
1697: 
1698: 249,2007,1758,1318,1535,2006,1886,972,74
1699: 1760,1739,1885,1994,1700,1863,2004,190,1974
1700: 1885,456,1994,1987,1863,1017,450,176,2004,190,1974,337,1760,1739,1699
1701: 
1702: 1347,1717,727,1476,1169,2010,1386,67,1053,1332
1703: 967
1704: 
1705: 1822,99,353
1706: 
1707: 1521
1708: 1338,115
1709: 717,1459
1710: 745
1711: 1325,554,1344,1909,1809
1712: 
1713: 
1714: 30,367,863
1715: 429,72,401,661,2008,1580,162,1266,1618,322,1322
1716: 
1717: 1347,727,1476,1169,2010,1386,67,1053,1702,1332
1718: 1908,1119,2011,544,609,1930,109,2017,748,1620,511
1719: 942,831,631
1968: 
1721: 324,1037,1415,1151
1722: 
1723: 
1724: 1402,1212
1725: 845,479
1726: 834,920,578
1727: 
1728: 
1729: 437,747,519,387,2002,830,1763,778,323,1843,309,592,1120
1730: 101,1448
1731: 1596
1732: 108,582,7
1733: 
1734: 296
1735: 232
1736: 508,998
1737: 1346,395,86,42
1738: 
1739: 337,1760,1699,1885,456,1987,1700,1863,2004,190,1974
1740: 1190,328,1003
1741: 1438
1742: 
1743: 
1744: 
1745: 797
1746: 
1747: 
1748: 
1749: 465,522,1390,2005,638,492,828,1666,535,1838,1379,723,1878
1750: 1528
1751: 
1752: 
1753: 926,135,2018,1149,1431,187,1674,542,790
1754: 
1755: 1333,149,1901
1756: 1808,1015
1757: 1247
1758: 249,2007,1698,1318,1535,2006,1886,74
1759: 1001
1760: 337,1739,1699,1885,1994,1987,1700,1863,1017,2004,190,1974
1761: 1922
1762: 
1763: 1771,1548,747,519,1469,174,2002,830,778,323,1843,1558,1729,309,592
1764: 108,1061,1800,1063,1037,1415,1151
2017: 1718,1908,1119,2011,544,609,1930,109,748,1882,1620,511,261,291
1766: 
1767: 
1768: 819
1769: 
1770: 676,1644
1771: 437,270,1780,174,2002,857,1763,323,1843,1558,1887,309,592,1120
1772: 
1773: 1382,1165
1774: 96,203
1775: 
1776: 1812
1777: 
1778: 
1779: 1444
1780: 1771,437,174,2002,857,323,1558
1781: 
1782: 34
1783: 
1784: 1954,9,1824,1862
1785: 1985,764,908,1594
1786: 
1787: 
1788: 471
1789: 931,1663
1790: 1339,1696,1231
1791: 1084,526,1848,692,1481
1792: 
1793: 213,1218
1794: 
1795: 1443
1796: 
1797: 1048,91,287,2016,45,117,561,1926
1798: 1490,1551,1577,1115
1799: 1939,855
1800: 108,1061,1037,1415,1764,1151
1801: 
1802: 1691
1931: 1006,768
1804: 
1805: 
1806: 1552,817
1807: 
1808: 1015,1756
1809: 1325,554,1909,1711
1810: 
1927: 
1812: 667,1866,273,1776
1813: 103,940,443,242
1814: 
1815: 1622
1954: 1784,9,1824,1862
1817: 1962,879,1106,1499,1030,888
1818: 
1819: 447,116,1600
1932: 825
1821: 2000,1915,844,1935,408
1822: 1705,353
1823: 775
1824: 1784,1954,9,1862
1825: 1497
1826: 1234,152,1906
1827: 
1828: 
1955: 34
1830: 1514
1831: 1641,1940,1034
1832: 
1833: 168,966,1611
1834: 262,1239,2012,284,1225,1854,755,1100
1835: 
1836: 
1837: 1209
1838: 465,522,1390,2005,638,492,828,1666,535,1749,1379,723,1878,1633,532,1934
1839: 194,1172,360
1840: 682,1914
1841: 
1842: 
1843: 1771,1548,437,747,519,1469,174,2002,830,1763,778,323,1558,1729,309,592
1844: 941,779
1845: 
1846: 616,472
1847: 719,1330
1848: 1084,1791,526,692,1481
1849: 
1850: 
1851: 
1852: 
1853: 824,329,70,247
1854: 262,1239,2012,1225,1834,755,1100
1855: 1569,751,1230,173,2013,1526,1555,202,1671
1856: 
1857: 
1858: 909
1859: 2000,1630,844,1257,882,56,916,195,1935,408,197,1680,644
1860: 647,1950,1547
1995: 1278,729,1976,1296,2009,1145,1647,1943,477,586,1102,1046
1862: 1784,1954,9,1824
1863: 1885,456,1987,1700,1017,450,176,2004,190,1974,337,1760,1739,1699
1864: 
1865: 1391,670,1173,1198,1973,2015,547,339,1380
1866: 667,102,273,1812
1867: 1938,449,1074
1868: 937
1869: 1679,1271,1078,1132
1870: 53,349,1983,714,1343,551
1871: 1268
1872: 
1873: 1201
1874: 1136
1875: 739,635,424
1876: 1079
1877: 1604,1684,699
1878: 465,522,1390,2005,638,492,828,1666,535,1749,1838,65,1379,723,1633,1007,1095,532,1934
1879: 
1880: 506,480
1881: 
1882: 1908,1119,2011,544,609,1930,109,2017,748,1620,511,261,291
1883: 
1884: 991,1002,653
1885: 456,1994,1987,1700,1863,1017,450,176,2004,190,1974,337,1760,1739,1699
1886: 1535,2006,972,74,2007,1758,1698,1318
1887: 1771,437,270,387,174,2002,857,778,323,309,592,1120
1888: 
1889: 68,982,1956
1890: 484
1891: 1608,886,1978,971,167
1892: 
1893: 1602
1894: 1205,681,200
1895: 1158,1252
1896: 
1897: 
1898: 1642
1899: 17
1900: 52,924
1901: 1333,149,1755
1902: 429,315,401,2008,1580,162,1266,1618,322,1322
1903: 1398,10,626
1904: 1977
1905: 
1906: 1234,1826,152
1907: 
1908: 1718,1119,2011,544,609,1930,109,2017,748,1882,1620,511,261,291
1909: 1325,554,1344,1711,1809
1910: 
1911: 1636,936,48
1912: 
1913: 
1914: 1840,682
1915: 2000,1630,1821,844,1257,119,916,195
1916: 
1977: 1904
1918: 