0: 
1: 
2: 
1842: 444
4: 1715,279,1481
5: 431
6: 1226,1680,218,1094
7: 12,1863,1570,1541,1225,582,314,514,1745,1331,2013,567,1857,1265,1455,1409,1019,141,663,808,86
8: 364,1625
9: 942,2001,390,1769,1276,482,713,1799,657,1434,1056,1902
10: 1821,771,791,1425
1781: 196,1903,1540
12: 1810,1863,1570,1541,1225,227,1610,842,582,314,514,1745,1331,2013,567,1338,1857,1221,58,1265,1455,1409,1019,7,663,808,86
13: 267,2015,1138,130,1957,769,862,718,121,1401,201,1562,1360,122,1926
14: 
15: 1662,297,396
16: 1639,1197
17: 1731,754,1839
18: 701,1330,1228,1295,1725,1924,1724,2016,1714,206,1713
19: 757
20: 
21: 
22: 1124,662,1077,798,2004,112,833,62,1383,1677,1579,1858,1972,1997,361,1964
23: 
24: 
25: 794,683
26: 
27: 1722,1292,401
28: 
29: 
30: 462,1971,779,1534,1166,2009,331,225,1049,1528,727,317,1614
1994: 1532,529
32: 
33: 932
34: 1893,1502,938
1852: 1622,267,2015,1762,971,469,1957,416,769,862,718,1401,98,1360,797,72,1926,904
36: 1970
37: 627
38: 
39: 
40: 1325,1735
41: 
42: 997,65
43: 
1934: 2014,448,1938,1611,1901,650,1825,756,1587,1118,1879,1300,555,247
45: 1040,152,1866,1431
46: 
47: 692,156,856,2017,949,1740,1710,1394,1690,1181,83
48: 1465,595,560
49: 1060,1896,655,1736,333,1216,850,1043,929,100,1257,1042,2008,1992,1923,1029,1275,1167,1521,1783,208
50: 
51: 1296,113,750,277,1145,1291
52: 1316,1875
53: 
54: 1052,1684,2007,222,990,1013,1267,1823,785,1186,1377,365,1318,463,965,408,495,1837
55: 834
56: 1268,961,1538
57: 
58: 1810,1764,12,1863,1496,1570,1541,1225,227,1610,582,314,1745,1331,2013,777,1338,1221,1265,1455,1409,1224,141,663,193,808,86
59: 
60: 
61: 
62: 882,1383,1677,1579,1972,1997,22,2004,112,361,1964
63: 601,1681
1794: 1509,694
65: 42,997
66: 
1864: 
68: 1642,367
69: 
70: 1921
71: 
72: 122,1883,797,532,1926,1622,267,2015,1138,1762,971,1852,469,1957,416,862,718,121,1401,98,1360
73: 
74: 1284,1795,1435,1708,874,528,1838,2011,313,1080,475,1853,1523,270
75: 
76: 
77: 339,1244,229,574,1015,2000,629,1432,1800,1499,1728,409
78: 261,942,1062,114,1345,1005,939,933,1705,2001,390,1769,1276,1787,482,713,1799
79: 
80: 
81: 1052,1945,1684,2007,990,1823,687,785,1377,669,1408,1988,134
82: 
83: 692,2017,949,1740,1710,47,1394,1181,1429
84: 
85: 
86: 1810,12,1863,1496,1570,1541,1225,227,1610,842,582,314,1745,1331,2013,777,567,1338,1857,1221,58,1265,1455,1409,7,663,808
87: 387,296,499,1376,2002
88: 
89: 445,1352
90: 538,1414,1761,1785
91: 
92: 
93: 1309
1817: 
95: 
96: 
97: 1507
98: 1622,2015,1762,971,1852,469,1957,416,121,1401,1965,1360,797,72,532,1926,904
1750: 1324
100: 1598,1091,850,1043,929,1257,249,1042,2008,879,1992,1923,1029,1275,1167,1521,1783,208,1061,1060,1896,655,49,1736
1978: 
2006: 935,1095,478,1697,358,362,653,564,1000,1555,1824,1350,1529,1303,377,573,487,732,836,176,1237,594,494
103: 466
1925: 
105: 875,722
106: 
107: 
108: 
109: 1244,237,685,132,2000,870,1993,1602,394,1712,1204,903,1819,217,1432,916,458,1800
1833: 1984
111: 1620,1975
112: 22,662,1077,798,2004,833,62,1383,1677,1972,1997,361,1964
113: 51
114: 1062,78,933,1705,2001,1787
115: 1808,453,1542,167,1987,1427
116: 
117: 
118: 568,481
119: 
120: 1552,253,1653,1969,426,1179,1591,1804,807,1141,2003,1575,1260,236,760,220,1355,928,200,876,638
121: 1622,267,2015,1138,130,1762,971,469,13,1957,416,769,862,1401,201,1562,98,1965,1360,72,1926
122: 72,532,1926,267,2015,1138,13,1957,1360
123: 1177,1210,692,156,856,1280,2017,1752,949,1740,1710,1263,1774,945,1560,1588,1690,1181,163
124: 1589
125: 1720,1887
126: 976
1775: 1626
128: 1182
129: 146,1046,2002,1719,378,1308,1240,562,1339,666
130: 1622,267,2015,1138,1762,971,469,13,1957,769,862,718,121,1401,201,1562,1360,1926
131: 2014,1938,1611,1901,650,1825,756,1300,1475
132: 339,1244,229,1015,237,685,2000,870,1993,1602,109,818,394,1712,1204,903,1819,217,1432,916,458,1800
133: 1036,588,1231
134: 1052,1945,1684,2007,81,222,990,1202,1013,1823,687,785,1377,365,669,1408,408,1988
135: 
136: 
137: 
138: 969,1277
139: 1321,232
140: 
141: 1810,1764,1863,1496,1570,1541,1225,582,314,514,1745,1331,1073,2013,58,1224,1019,7,663,193
1963: 749,686
143: 
144: 
145: 462,1371,178,1971,1534,2009,331,1288,1049,727,1892,317,1614
146: 1046,2002,1719,273,378,1308,1240,129,562,1339,666,1816,1659,499,1376,1865
1916: 
148: 1657
149: 
150: 1460
151: 
152: 1040,45,1866
1892: 462,145,1371,178,1971,403,2009,331,1288,1049,727,1614
154: 
155: 
156: 1177,1210,692,856,1280,2017,949,1710,123,1263,47,1774,1394,945,1560,1588,1690,1181,1429,163
157: 1615,1222
158: 501,337,268
159: 1941,411,1344,1379
1957: 1622,267,2015,1138,130,1762,971,1852,469,13,416,769,862,718,121,1401,201,1562,98,1360,122,1883,797,72,532,1926
161: 539
162: 336
163: 1177,1210,692,863,156,856,1280,2017,1752,949,1710,123,1263,1774,945,1560,1690,1181,1429
1810: 1764,12,1863,1496,1570,1225,227,1610,582,514,1745,1331,1073,2013,777,58,1409,1224,141,663,193,808,86
165: 1082
166: 
167: 1987,1427,453,115
168: 
169: 
170: 1024,811,1650,319,985,1214,1120,697,1933,936,1494,298,2010,1116,1641,1123,1554,816,1848,590,335,599,473,1760
171: 1337
172: 
173: 1136,1048,1012
174: 986,1919
175: 1410
176: 935,1095,478,1697,358,362,564,1000,1555,1824,1350,2006,1529,1303,377,573,487,732,836,1237
177: 
178: 462,145,1371,1971,779,403,2009,331,1288,1049,1528,727,1892,317,1614
179: 1968,477,180,251,786,958,698,855,2019,1045,1595,1798,956,1484,940,1520,1419,1961,1568,1128,1578
180: 1968,670,477,251,435,1342,786,958,698,179,855,2019,1045,1595,1798,956,1484,1362,1249,1479,940,1520,1419,1961,1568,1128,1578,1977
181: 
182: 
183: 1983,493,625,901,1189,1027,2018,1356,831,1322,506,541,1159,1737,699,804
184: 1284,1435,1708,874,528,1838,2011,1469
185: 1553
186: 1282,1985
1975: 1620,111
188: 1195,363
2001: 261,942,1062,114,1345,1005,1160,1772,939,78,933,1705,390,1769,1276,1787,482,713,1799,657,1434,9,1056,1902
190: 1791
191: 1458,642
192: 1533,238,1564,1256,2012,1859,293,414,1471
193: 1810,1764,1496,1570,1225,227,582,514,1745,1331,1073,2013,777,58,1409,1224,141,663
194: 1340
195: 1526
196: 1781,1903,1540
197: 
1995: 1701
199: 
200: 1552,120,253,1653,1969,558,426,1179,1591,1804,807,2003,1575,1260,236,760,220,928,1023,876,638,578
201: 1622,2015,1138,130,1762,971,469,13,1957,769,862,718,121,1401,1562,1974,1965,1360,904
202: 
203: 1577,1514,618,1983,682,1027,2018,1558,1356,831,1840,1150,1322,1159
204: 
205: 
206: 1725,597,1924,1381,1724,2016,1714,1953,1713,18,701,1228
207: 
208: 1598,1091,850,100,1257,1042,2008,879,1992,1167,1521,1783,1061,1896,655,49,1736,333,1216
209: 943,1369,1556,1638,1162
1826: 1143
211: 
1753: 
213: 490
1803: 1361,860,1421,386
1854: 
216: 1106
217: 685,132,2000,870,1993,1602,109,394,1712,903,1770,1819,1432,458
218: 1226,1680,6,1094
219: 
220: 1552,120,253,1653,1969,1179,1591,2003,1575,236,1355,928,200
221: 1250,319,985,697,1933,1738,1004,936,1494,2010,1116,1641,1190,1554,430,335,233,473,1760,963,948
222: 1052,1945,1684,54,2007,990,1202,1013,1267,1823,687,785,1377,365,1318,463,669,965,1408,408,495,1988,1837,134
223: 
224: 1495,1789
225: 462,1371,1971,779,1534,403,1166,1483,2009,1288,1528,30,317
226: 805,476,1203,740
227: 1810,12,1863,1496,1570,1541,1610,842,582,314,1745,2013,777,567,1338,1221,58,1265,1409,663,193,808,86
228: 
229: 339,1244,574,77,1015,685,132,2000,1993,818,394,1712,629,1770,1432,916,458,1800,1499,1728
230: 1525
231: 1830,680
232: 1321,139
233: 1250,319,1933,780,1004,936,221,2010,1190,430,1476,473,963,948
234: 1717,632
1906: 973
236: 1552,120,253,1653,1969,558,426,1179,1591,1804,807,1141,2003,1260,1440,760,220,1417,928,200,1023,876,638,1633,578,491
237: 1015,685,132,2000,870,1993,1602,109,818,1712,1204,903,1819,916,458,1800
238: 1533,1482,1564,1256,821,351,192,417,2012,1859,293,414,1599,1471,1763
239: 303,1563,1243,1020,1407,2005,1032,370,1315,1676,1172
240: 1147
1766: 
242: 1096,1313,1384
1865: 1659,387,296,499,1376,146,1046,2002,1719,273,1240,562,1339,666,1816
244: 
245: 
246: 1436,725,289
247: 1118,1879,1300,1475,555,1934,2014,448,1938,1611,1901,1825,1587
248: 1537,1223,911,510
249: 1598,1091,850,1043,929,100,1257,1042,2008,879,1923,1029,1167,1521,1783,1896
250: 1197,1639
251: 1968,670,477,180,1342,786,958,698,179,855,2019,1045,1798,956,1484,1362,1249,1479,940,1520,1419,1961,1568,1128,1578,1977
252: 
253: 1552,120,1653,1969,558,426,1179,1591,1804,807,1141,2003,1260,236,760,220,928,200,1023,638,1633,578,491
254: 345,1449,1846
255: 
256: 
257: 
258: 
259: 
1862: 
261: 942,1345,1005,1160,1772,939,78,1705,2001,390,1276,1787,713,1799,657,1434
262: 376,1302,379
263: 882,1383,1677,1579,1858,1972,1124,662,2004,833
264: 
1884: 303,1563,1243,1020,1407,1033,1233,2005,1032,370,1315,286,1676,1940
266: 
267: 1622,2015,1138,130,1762,1852,13,1957,862,718,121,1401,1562,1360,122,72,532,1926
268: 501,158
269: 799,959,1359
270: 313,1080,475,914,981,1103,1853,1523,1284,1795,1435,74,874,528,1838,2011,1469
1774: 1177,156,856,2017,949,1710,1487,123,1560,1588,1690,163
272: 
273: 146,1046,2002,378,1240,562,1339,666,1816,1659,499,1865
274: 
275: 1368,282,1180
276: 
277: 1296,750,51,1145,1291
278: 301
279: 1715,4,1481
1804: 1552,120,253,1653,1969,558,426,1179,1591,807,2003,1260,236,760,928,200,1023,638,1633,578,491
281: 383,1748
282: 275,1368,1180
1866: 1431,1040,152,45
284: 450,1127
285: 1661,1557
286: 1563,1020,1233,1884,2005,1032,1676,1940
287: 
288: 
289: 725,1436,246
290: 979,1132
291: 
292: 347,1605,917
293: 1533,238,1482,730,1564,1256,821,192,417,2012,1859,1895,414,1599,1471,1948,1332,1763
294: 670,477,435,1342,786,958,698,855,2019,1798,1943,956,1249
295: 
296: 1659,387,87,499,1376,1865,2002,1240
297: 396,1662,15
298: 170,811,1650,1214,1120,697,1933,2010,1123,1554,1848,590,335
299: 1449,1846,922
300: 
301: 278
302: 
303: 1563,1243,1020,1407,1033,1233,239,1884,2005,1032,370,1315,1676,1172,947
304: 
305: 
306: 1098
307: 
1938: 131,1934,2014,448,1611,1901,650,1825,756,1587,1118,1879,1300,555,247
1869: 
310: 
311: 
312: 
313: 1080,475,914,981,1103,1853,1523,270,1795,1435,74,528,1838,2011
314: 12,1863,1496,1570,1541,227,1610,842,582,514,1745,2013,567,1338,1857,1221,58,1265,1409,141,7,663,86
315: 1122,822
1993: 1244,229,1015,237,685,132,2000,870,1602,109,818,394,1712,1204,903,1770,1819,217,1432,916,458,1800
317: 462,145,1371,178,1971,779,1534,1166,1483,2009,331,1288,225,1049,1528,727,30,1614
318: 
319: 1024,170,1250,1650,985,1120,697,1933,1738,1004,936,1494,221,2010,1116,1641,1190,1123,1554,816,430,590,335,599,233,473,1760,963,948
320: 
321: 
322: 1915
323: 
1902: 1056,1062,933,2001,390,1769,1787,482,713,657,1434,9
325: 577
326: 
1953: 1725,597,479,1924,1381,1724,2016,1714,206,1713
1851: 
329: 
330: 
331: 462,145,1371,178,1971,779,1534,1166,1483,2009,1288,1049,1528,727,1892,30,317,1614
332: 
333: 1060,1896,655,49,1736,1216,850,1043,2008,1992,1275,1521,1783,208
334: 1505,352
335: 1024,170,811,1650,319,985,1214,1120,697,1933,1738,1004,936,1494,221,298,2010,1116,1641,1190,1123,1554,816,1848,430,590,599,473,1760,963,948
336: 162
337: 501,158
338: 
339: 1244,229,574,77,1015,685,132,2000,818,1712,1204,629,1432,916,458,1800,1499,1728,409
340: 716
341: 1922,1733,906
1976: 
343: 1270
344: 
345: 254,1846
1933: 170,1250,1650,319,985,697,1738,780,1004,936,1494,221,298,2010,1116,1190,1123,1554,816,1848,430,1476,590,335,233,473,963,948
347: 292,1605,917
1911: 
349: 
350: 
351: 1533,238,1482,730,1256,821,2012,1859,1895,1424,1948,1332
352: 334,1505
1970: 36
354: 
355: 
356: 
357: 1845,969
358: 935,1095,478,362,653,564,1000,1555,1824,2006,1529,377,487,732,836,176,594
1796: 1547,960
360: 1093
361: 1964,62,1677,1579,1972,1997,22,662,798,2004,112,833
362: 935,1095,478,1697,358,1000,1555,1824,1350,2006,1529,1303,377,573,732,836,176,1237,594,494
363: 188,1195
364: 1625,8
365: 1052,1945,54,2007,222,990,1202,1013,1267,687,1001,1318,463,669,965,495,1988,1837,134
366: 1754
367: 603,1642,68
368: 
369: 1899
370: 303,1563,1243,1020,1407,1033,1233,239,1884,2005,1032,1315,1676,1172,947,1940
1838: 1284,1795,1435,1708,74,874,528,2011,184,313,475,1523,270
372: 1392,764
1893: 34,1502,938
374: 
1913: 
376: 262,1302,379
377: 935,1095,1697,358,362,653,1000,1555,1824,1350,2006,1529,1303,573,836,176,1237,594,494
378: 146,1046,2002,1719,273,1240,129,562,1339,666,1816
379: 1302,262,376
1901: 131,1934,2014,448,1938,1611,650,1825,1587,1118,1879,1300,1475,555,247
381: 
382: 
383: 281,1748
384: 1299,605,1072
1974: 1622,2015,971,469,416,769,862,201,1965,904
386: 860,1421,1361,1803
387: 1659,296,87,499,1376,1865,2002,1240
388: 1066
389: 
390: 261,942,1062,1005,1160,1772,939,78,933,2001,1769,1276,1787,482,713,1799,657,1434,9,1056,1902
391: 
392: 
393: 1930,404
394: 229,1015,685,132,2000,1993,1602,109,818,1712,903,1770,1819,217,1432,458,1800
395: 1428
396: 1654,297,1662,15
1782: 
398: 
399: 
400: 992,1876,1468,619,854,1706,796,881,656
401: 1722,1292,27,987
402: 1307
403: 462,1371,178,1971,779,1534,1166,1483,2009,1288,225,1049,1528,1892
404: 393,1930
405: 
406: 
1958: 
408: 1052,1945,1684,54,2007,222,990,1202,1013,1267,1823,785,1377,1318,463,1408,495,1988,1837,134
409: 1728,339,574,77,1015,2000,629,1499
410: 747
411: 1941,159,1344,1379
412: 
413: 738,511
414: 1533,238,1482,1564,1256,192,417,2012,1859,293,1599,1471,1763
415: 
416: 1622,2015,1762,971,1852,469,1957,769,862,718,121,1401,1974,98,1965,1360,797,72,1926,904
417: 238,1482,1564,821,2012,1859,293,414,1599,1332,1763
418: 
419: 509,1543
420: 
1930: 393,404
1894: 630
423: 
1937: 
425: 627
426: 1552,120,253,1653,1969,558,1179,1591,1804,807,2003,1575,1260,236,760,1417,200,1023,876
427: 1174
428: 
1956: 1319
430: 1250,1650,319,985,697,1933,1738,1004,936,1494,221,2010,1116,1190,1123,1554,590,335,233,473,963,948
431: 5
432: 
433: 
1939: 617,461
435: 1968,670,477,180,1342,786,294,958,698,855,2019,1595,1798,1943,956,1484
436: 1695,884
437: 
438: 
439: 
440: 
441: 530
442: 
443: 593
444: 1842
445: 1758,89
446: 820
447: 616,1087
448: 1934,2014,1938,1611,1901,650,1825,756,1587,1118,1879,1300,1475,555,247
449: 1759,1951
450: 284,1127
451: 
452: 772
453: 1660,1808,1542,115,167,1987,1427
454: 
455: 968,765
456: 
457: 1404,472,1608
458: 339,1244,229,1015,237,685,132,2000,870,1993,1602,109,818,394,1712,1204,903,1770,1819,217,1432,916,1800
459: 1822,480
460: 866
461: 617,1939
462: 145,1371,178,1971,779,1534,403,1166,1483,2009,331,1288,225,1049,1528,727,1892,30,317,1614
463: 1052,1945,1684,54,2007,222,990,1202,1013,1267,785,365,1318,965,408,495,1988,1837
464: 
465: 
466: 103
1945: 1052,1684,2007,81,222,990,1202,1013,1267,687,1001,785,1186,1377,365,1318,463,669,965,1408,408,495,1988,134
468: 
469: 1622,2015,1138,130,1762,971,1852,1957,416,769,862,718,121,1401,201,1974,98,1965,1360,797,72,904
470: 607,1430,1451
471: 
472: 1404,457,1767
473: 1024,170,1250,1650,319,985,1120,697,1933,1738,1004,936,1494,221,2010,1116,1641,1190,1123,1554,816,1848,430,1476,590,335,599,233,1760,963,948
474: 
475: 313,1080,914,981,1103,1853,1523,270,1795,1435,74,874,528,1838,2011
476: 805,226,1203,740
477: 1968,670,180,251,435,786,294,958,698,179,855,2019,1045,1595,1798,956,1484,1419,1128
478: 935,1095,358,362,564,1000,1555,1824,2006,1529,487,732,836,176
479: 597,1924,1381,1724,2016,1953
480: 459,1822
481: 568,118
482: 942,1062,78,933,2001,390,1769,1276,1787,657,9,1056,1902
1871: 
1980: 1285,1078
485: 
486: 
487: 935,1095,478,1697,358,653,564,1000,1555,1824,2006,1529,573,732,836,176,594
1879: 1118,1300,1475,555,247,1934,2014,448,1938,1611,1901,1825,756,1587
1787: 261,942,1062,114,1160,939,78,933,1705,2001,390,1769,1276,482,713,1799,657,1056,1902
490: 213
491: 1552,253,1969,558,1804,1141,2003,236,928,1023,638,1633,578
492: 
493: 1514,618,1983,682,625,901,1189,1027,2018,1558,1356,831,1150,506,541,183,1159
494: 1697,362,653,1555,1824,2006,1303,377,1237,594
495: 1945,54,2007,222,990,1202,1013,1267,785,365,1318,463,965,408,1988,1837
496: 
497: 
1968: 670,477,180,251,435,1342,786,958,698,179,855,2019,1045,1595,1798,956,1484,1362,1249,1479,940,1520,1419,1961,1568,1128,1578,1977
499: 1659,387,296,87,1376,1865,146,1046,2002,1719,273,1240,562,1339,666
500: 1698
501: 337,158,268
502: 
503: 
504: 
2010: 1024,170,811,1250,1650,319,985,1214,1120,697,1933,1738,780,1004,936,1494,221,298,1116,1641,1190,1123,1554,816,1848,430,1476,1446,590,335,599,233,473,1760,963,948
506: 1577,1514,618,1983,682,493,625,901,1189,1027,2018,1558,1356,831,1840,1322,183,1159,1737,699,804
1759: 449,1951
1770: 229,574,1015,685,2000,1993,1602,818,394,1712,629,217,1432,458,1800
509: 419,1543
510: 1537,1223,911,248
511: 413,738
512: 
513: 
514: 1810,12,1863,1570,1541,1225,582,314,1745,1331,1073,2013,567,1224,1019,141,7,663,193
515: 
516: 
517: 
518: 
519: 1492
520: 1462
1849: 
1977: 1479,940,1520,1419,1568,1578,1249,1968,180,251,1342,855,2019,1045,1798,956,1362
523: 1478,620
524: 712
525: 
526: 1742,1213,1199
527: 
528: 1284,1795,1435,1708,74,874,1838,2011,184,1469,313,475,981,1103,1853,270
529: 1532,1994
530: 441
531: 983
532: 122,1883,797,72,1926,267,2015,1138,1762,1957,98,1360
533: 
534: 1513,1497
535: 
536: 
2003: 1552,120,253,1653,1969,558,426,1179,1591,1804,807,1141,1575,1260,1440,236,760,220,1355,1417,928,200,1023,876,638,1633,578,491
538: 90,1414,1761,1785
539: 161
540: 966
541: 1514,1983,682,493,625,901,1027,2018,1356,1150,183
1789: 1495,224
543: 
544: 
1768: 
546: 
547: 
548: 1414
549: 1919
1997: 882,62,1383,1677,1972,22,662,2004,112,833,361,1964
551: 
552: 
553: 1208
554: 
555: 1118,1879,1300,1475,247,1934,2014,448,1938,1611,1901,1825,1587
556: 
557: 1071,1756,1634
558: 1552,253,1653,1969,426,1179,1591,1804,807,2003,1260,236,928,200,1023,638,1633,578,491
559: 695,1399
560: 1465,595,48
561: 
562: 146,1046,2002,1719,273,378,1308,1240,129,1339,666,1816,1659,499,1865
563: 
564: 935,1095,478,358,1000,1555,2006,1529,573,487,732,836,176
565: 1193,1573
566: 1289,1396
567: 12,1863,1541,227,842,582,314,514,1745,2013,1338,1857,1221,1265,1455,1019,7,663,808,86
568: 118,481
2013: 1810,1764,12,1863,1496,1570,1541,1225,227,1610,842,582,314,514,1745,1331,1073,777,567,1338,1857,1221,58,1265,1455,1409,1224,1019,141,7,663,193,808,86
570: 1682
571: 
572: 1367,707
573: 1095,1697,362,653,564,1000,1555,1824,1350,2006,1529,1303,377,487,732,176,1237,594
574: 339,1244,229,77,1015,685,2000,818,1712,629,1770,1432,916,1800,1499,1728,409
575: 
576: 
577: 325
578: 1552,253,1969,558,1804,807,1141,2003,1260,1440,236,928,200,1023,638,1633,491
579: 
580: 
1830: 231
582: 1810,12,1863,1496,1570,1541,1225,227,1610,842,314,514,1745,1331,2013,567,1338,1857,1221,58,1265,1455,1409,1019,141,7,663,193,808,86
1910: 813
584: 1692
585: 
586: 
587: 1301,980
588: 1036,1231,133
1829: 
590: 1024,170,811,1250,1650,319,985,1214,1120,697,1933,780,936,1494,298,2010,1116,1190,1123,1554,816,1848,430,1476,1446,335,599,473,963
591: 
592: 1365
593: 443
594: 935,1697,358,362,653,1000,1555,1824,2006,1529,1303,377,573,487,732,836,1237,494
595: 1465,48,560
596: 1253
597: 479,1924,1381,1724,2016,1714,206,1953,1713,1228,1295
598: 1919,1099,986
599: 1024,170,811,319,985,1214,1120,697,1738,1004,936,1494,2010,1116,1641,1190,1554,816,1848,590,335,473,1760,963,948
600: 909,1616
601: 63,1681
2012: 1533,238,1482,730,1564,1256,821,351,192,417,1859,1895,293,414,1424,1599,1471,1948,1332,1763
603: 1642,367
604: 
605: 1072,384
606: 
607: 470,1430
608: 1776,954
1929: 
610: 
611: 
612: 
613: 
614: 
615: 
616: 447,1087
617: 1939,461
618: 1577,1514,1983,682,493,1189,1027,2018,1558,1356,831,1840,1322,506,1159,203,699
619: 992,1876,1468,854,1706,400,796,881,656
620: 523,1478
621: 
622: 
1859: 1533,238,1482,730,1564,1256,821,351,192,417,2012,1895,293,414,1424,1599,1471,1948,1332,1763
624: 703,982
625: 1577,1514,1983,682,493,901,1189,1027,2018,1558,1356,831,1840,1150,506,541,183,1159,804
626: 793,1220
627: 425,1776,37
628: 
629: 339,229,574,77,1015,685,2000,818,1712,1770,1432,916,1800,1499,1728,409
630: 1894
631: 
632: 234,1717
633: 1730
634: 
635: 
636: 964,887
637: 
638: 1552,120,253,1969,558,1591,1804,807,1141,2003,1260,1440,236,760,1417,928,200,1023,1633,578,491
1855: 
1844: 1437,1057
641: 706
642: 1656,1458,191
643: 
1776: 627,954,608
645: 1274
1920: 
1828: 
1943: 670,435,1342,786,294,698,855,2019,1798
649: 
650: 131,1934,2014,448,1938,1611,1901,1825,756,1587,1118,1300,1475
651: 
1922: 1733,906,341
653: 935,1697,358,1000,1555,1824,2006,1529,1303,377,573,487,732,1237,594,494
654: 
655: 1060,1896,49,1736,333,1216,1091,850,1043,929,100,1257,2008,1992,1029,1275,1167,1521,1783,208
656: 992,1876,619,854,1706,400,796,881
657: 261,942,1062,1160,2001,390,1769,1276,1787,482,713,1799,1434,9,1056,1902
1795: 1435,1708,74,874,528,1838,2011,313,1080,475,1853,1523,270
659: 
660: 
661: 
662: 1124,22,1077,798,2004,112,833,1383,1677,1579,1858,263,1972,1997,361,1964
663: 1810,1764,12,1863,1496,1570,1541,1225,227,582,314,514,1745,1331,1073,2013,567,1857,58,1265,1455,1409,1224,1019,141,7,193,808,86
664: 
1921: 70
666: 146,1046,2002,1719,273,378,1308,1240,129,562,1339,1816,1659,499,1376,1865
1748: 383,281
668: 
669: 1052,1945,1684,2007,81,222,990,1202,1013,1823,687,1001,785,1377,365,1318,1408,1988,134
670: 1968,477,180,251,435,1342,786,294,958,698,855,2019,1045,1798,1943,956,1362,1249
671: 
672: 
673: 1008
1806: 1637
675: 893,1385
676: 
677: 
678: 889
679: 1674,1648,832
680: 231
681: 
682: 1577,1514,618,1983,493,625,901,1027,2018,1558,1356,831,1840,1150,506,541,1159,203,699
683: 25,794
684: 1905,1889
685: 339,1244,229,574,1015,237,132,2000,1993,1602,109,818,394,1712,629,903,1770,1819,217,1432,916,458,1800
686: 749,1963
687: 1052,1945,1684,2007,81,222,990,1202,1013,1267,1823,1001,785,1186,1377,365,1318,669,1408,1988,134
688: 1096,1508,1097,1384
689: 1410
690: 783,1629
691: 1574,1727
692: 1177,1210,863,156,856,1280,2017,1752,949,1740,1710,123,1263,47,1394,945,1079,1690,1181,1429,163,83
693: 
694: 1794,1509
695: 1399,559
696: 
697: 170,811,1250,1650,319,985,1214,1120,1933,1738,1004,936,1494,221,298,2010,1116,1123,1554,816,1848,430,590,335,599,473,1760,963
698: 1968,670,477,180,251,435,1342,786,294,958,179,855,2019,1595,1798,1943,956,1484,1362,1249
699: 1737,804,1577,618,682,901,1189,2018,1558,831,1840,1322,506,183,1159
700: 826
701: 18,1330,1228,1295,1924,2016,1714,206,1713
2009: 462,145,1371,178,1971,779,1534,403,1166,1483,331,1288,225,1049,1528,727,1892,30,317,1614
703: 982,624
704: 
705: 737
706: 641
707: 572,1367
708: 1715
709: 1232
710: 1014
711: 
712: 524,968
713: 261,942,1062,1005,1160,1772,939,78,2001,390,1769,1276,1787,1799,657,1434,9,1056,1902
2011: 1284,1795,1435,1708,74,874,528,1838,184,1469,313,1080,475,914,981,1103,1853,1523,270
715: 
716: 340
717: 1647
718: 1622,267,2015,1138,130,1762,971,1852,469,13,1957,416,769,862,1401,201,1562,1360,797,72,1926
719: 1297
720: 
1941: 159,411,1344,1379
722: 105,875
723: 
1773: 
725: 289,1436,246
1887: 1720,125
727: 462,145,1371,178,1971,2009,331,1288,1049,1892,30,317,1614
728: 
729: 
730: 1533,1482,1564,1256,821,351,2012,1859,1895,293,1424,1471,1948,1332
731: 
732: 935,478,1697,358,362,653,564,1000,1555,1824,2006,1529,573,487,836,176,594
733: 
734: 
735: 
1983: 1577,1514,618,682,493,625,901,1027,2018,1558,1356,831,1840,1150,506,541,183,1159,203
737: 705,1682
738: 413,511
739: 1246,1687
740: 805,476,226,1203
741: 
1848: 1024,170,811,1250,1650,1214,1120,697,1933,780,936,298,2010,1190,1123,1554,816,1476,1446,590,335,599,473,963
743: 
744: 1343
745: 
746: 1967,1110
747: 410
748: 1654
749: 1963,686
750: 1296,51,277,1291
751: 1447
752: 
753: 
754: 1731,17,1839
755: 
756: 131,1934,2014,448,1938,1611,650,1825,1118,1879,1300,1475
757: 19
758: 
759: 
760: 120,253,1653,1969,426,1179,1591,1804,807,1141,2003,1575,1260,1440,236,1417,928,200,1023,876,638,1633
761: 
762: 987
763: 1537
764: 1365,372
765: 455,968
766: 
1870: 
768: 
769: 1622,2015,130,1762,971,1852,469,13,1957,416,862,718,121,1401,201,1562,1974,1965,1360,904
770: 
771: 1821,791,10,1425
772: 452
773: 792
774: 
775: 1041
776: 
777: 1810,1764,1496,1570,1225,227,1610,1745,1331,1073,2013,58,1409,1224,193,86
2015: 1622,267,1138,130,1762,971,1852,469,13,1957,416,769,862,718,121,1401,201,1562,1974,98,1965,1360,122,1883,797,72,532,1926,904
779: 462,1371,178,1971,1534,403,1166,1483,2009,331,1288,225,1049,1528,30,317
780: 1250,1650,1933,936,2010,1190,1123,1554,816,1848,1476,1446,590,233,963
781: 
1769: 942,1062,78,933,2001,390,1276,1787,482,713,1799,657,1434,9,1056,1902
783: 1629,690
784: 1089
785: 1052,1945,1684,54,2007,81,222,990,1202,1013,1823,687,1377,463,669,1408,408,495,1988,1837,134
786: 1968,670,477,180,251,435,1342,294,958,698,179,855,2019,1595,1798,1943,1484,1568
787: 
1891: 
789: 
790: 
791: 1821,771,10,1425
792: 773
793: 626,1220
794: 25,683
795: 1328
796: 992,1876,1468,619,854,1706,400,881,656
797: 1883,72,532,1926,1622,2015,1762,971,1852,469,1957,416,718,1401,98,1965,1360,904
798: 1124,22,662,1077,2004,112,833,1677,1858,361,1964
799: 959,1359,269
800: 
1761: 538,90,1414,1785
802: 
803: 
804: 1737,699,625,901,1189,2018,1558,1356,831,1322,506,183,1159
805: 476,226,1203,740
806: 
807: 1552,120,253,1653,1969,558,426,1179,1591,1804,1141,2003,1575,1260,1440,236,760,1417,928,200,1023,876,638,1633,578
808: 1810,12,1863,1570,1541,1225,227,1610,842,582,1331,2013,567,1338,1857,58,1265,1455,1409,1019,7,663,86
809: 
810: 974
811: 170,1650,1214,1120,697,298,2010,1123,1554,816,1848,590,335,599
812: 
813: 1910
814: 
815: 
816: 1024,170,811,1250,1650,319,1214,1120,697,1933,780,1004,936,2010,1641,1190,1123,1554,1848,1476,1446,590,335,599,473,963
817: 
818: 339,229,574,1015,237,685,132,2000,1993,1602,394,1712,629,903,1770,1819,1432,916,458,1800
819: 
820: 446
821: 1533,238,1482,730,1564,1256,351,417,2012,1859,1895,293,1424,1599,1471,1948,1332,1763
822: 1122,315
823: 1310,1807
824: 852,984,896,857
2017: 1177,1210,692,863,156,856,1280,1752,949,1740,1710,1487,123,1263,47,1774,1394,945,1560,1079,1588,1690,1181,1429,163,83
826: 700
827: 1490
1757: 
829: 
830: 
831: 1577,1514,618,1983,682,493,625,901,1189,1027,2018,1558,1356,1840,1322,506,183,1159,203,1737,699,804
832: 679,1648
833: 1124,22,662,1077,798,2004,112,1677,1579,1858,263,1972,1997,361,1964
834: 55
835: 
836: 935,1095,478,358,362,564,1000,1555,1824,2006,1529,1303,377,487,732,176,594
837: 
1985: 1282,186
839: 
1984: 1833,1758
841: 902
842: 12,1863,227,1610,582,314,2013,567,1338,1857,1221,1265,1455,808,86
843: 
844: 
1955: 
1758: 1984,445
847: 1607
2004: 1124,22,662,1077,798,112,833,882,62,1383,1677,1579,1858,263,1972,1997,361,1964
1816: 146,1046,2002,273,378,562,1339,666,1865
850: 1598,1091,1043,929,100,1257,249,1042,2008,879,1992,1923,1029,1275,1167,1521,1783,208,1061,1060,1896,655,49,1736,333,1216
851: 
852: 824,984,896,857
853: 1148,1317
854: 992,1876,1468,619,1706,400,796,656
855: 1968,670,477,180,251,435,1342,786,294,958,698,179,2019,1595,1798,1943,1484,1362,940,1520,1419,1568,1977
856: 1177,692,156,1280,2017,1752,949,1740,1710,123,1263,47,1774,1394,1560,1079,1588,1690,1181,163
857: 896,824,852,984
858: 
1821: 771,791,10,1425
860: 1421,386,1361,1803
861: 
862: 1622,267,2015,1138,130,1762,971,1852,469,13,1957,416,769,718,121,1401,201,1562,1974,1360,72,1926
863: 1210,692,1280,2017,1752,1263,945,1079,1181,1429,163
864: 1566
865: 
866: 460
867: 1058
868: 
1950: 
870: 237,132,2000,1993,1602,109,1712,1204,903,1819,217,458
871: 894,1264
1793: 
873: 
874: 1284,1795,1435,1708,74,528,1838,2011,184,1469,475,270
875: 105,722
876: 120,1653,1969,426,1179,1591,807,2003,1575,1260,236,760,1417,200
877: 
1785: 538,90,1414,1761
879: 1598,1091,850,929,100,1257,249,1042,2008,1923,1167,1521,1783,208,1061
880: 
881: 992,1876,1468,619,1706,400,796,656
882: 62,1383,1677,1579,1858,263,1972,1997,2004
1972: 882,62,1383,1677,1579,1858,263,1997,22,662,1077,2004,112,833,361,1964
884: 436,1695
885: 
886: 1245
887: 964,636
1895: 1533,1482,730,1564,1256,821,351,2012,1859,293,1424,1471,1948,1332,1763
889: 678
890: 
891: 1732
892: 
893: 675,1385
894: 1264,871
895: 
896: 857,824,852
897: 1028,1104
898: 1663
899: 
1960: 
901: 1577,1514,1983,682,493,625,1189,2018,1558,1356,831,506,541,183,1159,1737,699,804
902: 841,1158
903: 1244,1015,237,685,132,2000,870,1993,1602,109,818,394,1712,1204,1819,217,1432,916,458,1800
904: 797,1622,2015,1762,971,1852,469,416,769,1401,201,1974,98,1965
905: 
906: 1922,1733,341,1448
2007: 1052,1945,1684,54,81,222,990,1202,1013,1267,1823,687,1001,785,1186,1377,365,1318,463,669,965,1408,408,495,1988,1837,134
1853: 313,1080,475,914,981,1103,270,1795,1435,74,528,2011,1469
909: 600,1616
1832: 1982
911: 1537,1223,510,248
912: 
913: 
914: 313,1080,475,981,1103,1853,270,2011
1764: 1810,1496,1570,1225,1331,1073,2013,777,58,1409,1224,141,663,193
916: 339,1244,229,574,1015,237,685,132,2000,1993,1602,109,818,1712,1204,629,903,1819,1432,458,1800,1499
917: 347,292,1605
918: 
1959: 
920: 
1986: 
922: 1449,1846,299
923: 
924: 
925: 
926: 
927: 1527
928: 1552,120,253,1653,1969,558,1179,1591,1804,807,1141,2003,1260,236,760,220,1355,200,1023,638,1633,578,491
929: 1598,1091,850,1043,100,1257,249,1042,2008,879,1992,1923,1029,1275,1167,1521,1783,1060,1896,655,49
930: 
1856: 
932: 33
933: 942,1062,114,78,2001,390,1769,1276,1787,482,1902
934: 
935: 1095,478,1697,358,362,653,564,1000,1555,1824,2006,1529,1303,377,487,732,836,176,1237,594
936: 1024,170,1250,1650,319,985,1120,697,1933,1738,780,1004,1494,221,2010,1116,1641,1190,1123,1554,816,1848,430,1476,1446,590,335,599,233,473,1760,963,948
937: 1047
938: 1893,34,1502
939: 261,942,1345,1005,1160,1772,78,1705,2001,390,1276,1787,713,1799
940: 1479,1520,1419,1961,1568,1128,1578,1977,1249,1968,180,251,958,179,855,2019,1045,1798,956,1484,1362
941: 
942: 261,1062,1345,1005,1160,1772,939,78,933,1705,2001,390,1769,1276,1787,482,713,1799,657,1434,9,1056
943: 1369,209,1638,1162,1290
944: 
945: 1177,1210,692,863,156,1280,2017,1752,949,123,1263,1394,1181,1429,163
946: 
947: 303,1563,1243,1407,1033,2005,370,1315
948: 1024,1250,319,985,1933,1738,1004,936,1494,221,2010,1116,1641,1190,1554,430,335,599,233,473,1760,963
949: 1177,692,156,856,1280,2017,1752,1740,1710,123,1263,47,1774,1394,945,1079,1588,1690,1181,1429,163,83
950: 
951: 
952: 
1807: 823
954: 1776,608
1850: 1003
956: 1968,670,477,180,251,435,1342,294,958,698,179,2019,1045,1798,1362,1249,940,1419,1578,1977
957: 1298,1025,1176
958: 1968,670,477,180,251,435,1342,786,294,698,179,855,2019,1045,1595,1798,956,1484,1362,1249,940,1419,1128,1578
959: 799,1359,269
960: 1796,1547
961: 1538,1268,56
962: 
963: 1024,1250,1650,319,985,1120,697,1933,780,1004,936,221,2010,1641,1190,1123,1554,816,1848,430,1476,1446,590,335,599,233,473,948
964: 636,887
965: 1945,54,2007,222,1202,1013,1267,365,1318,463,495,1837
966: 540
967: 
968: 455,765,712
969: 1845,138,357,1277
970: 
971: 1622,2015,130,1762,1852,469,1957,416,769,862,718,121,1401,201,1974,98,1965,1360,797,72,1926,904
1965: 1622,2015,1762,971,469,416,769,121,1401,201,1974,98,1360,797,904
973: 1906
974: 810
975: 
976: 126
977: 1388,1593
978: 1627
979: 290,1132
980: 587,1301
981: 313,1080,475,914,1103,1853,270,528,2011
982: 703,624
983: 531
984: 824,852,857
985: 170,1250,1650,319,697,1933,1738,1004,936,1494,221,2010,1116,1123,1554,430,590,335,599,473,1760,963,948
986: 174,1919,598,1099
987: 1722,1292,401,762
988: 
1889: 684
990: 1052,1945,1684,54,2007,81,222,1202,1013,1267,1823,687,1001,785,1186,1377,365,1318,463,669,1408,408,495,1988,1837,134
991: 
992: 1876,1468,619,854,1706,400,796,881,656
1999: 
994: 
995: 
1797: 
997: 42,65
1874: 
999: 
1000: 935,1095,478,1697,358,362,653,564,1555,1824,1350,2006,1529,1303,377,573,487,732,836,176,1237,594
1001: 1052,1945,1684,2007,990,1202,1013,1267,687,1186,1377,365,1318,669
1904: 
1003: 1850
1004: 1024,1250,1650,319,985,697,1933,1738,936,1494,221,2010,1116,1641,1190,1554,816,430,1476,335,599,233,473,1760,963,948
1005: 261,942,1345,1160,1772,939,78,1705,2001,390,1276,713,1799,1434
1006: 1153
1952: 
1008: 673
1009: 
1010: 
1011: 
1012: 173,1136,1048
1013: 1052,1945,1684,54,2007,222,990,1202,1267,1823,687,1001,785,1186,1377,365,1318,463,669,965,1408,408,495,1988,1837,134
1014: 710
1015: 339,1244,229,574,77,237,685,132,2000,1993,1602,818,394,1712,1204,629,903,1770,1819,1432,916,458,1800,1499,1728,409
1016: 
1017: 
1763: 238,1482,1564,1256,821,417,2012,1859,1895,293,414,1599,1471,1948,1332
1019: 12,1863,1570,1541,1225,582,514,1745,1331,1073,2013,567,1857,1409,1224,141,7,663,808
1020: 303,1563,1243,1407,1033,1233,239,1884,2005,1032,370,1315,286,1676,1172,1940
1021: 
1022: 
1023: 1552,253,1653,1969,558,426,1591,1804,807,1141,2003,1260,1440,236,760,1417,928,200,638,1633,578,491
1024: 170,1650,319,1120,1004,936,2010,1116,1641,1190,1554,816,1848,1476,590,335,599,473,1760,963,948
1025: 1176,957,1298
1026: 1403,1255
1027: 1577,1514,618,1983,682,493,625,1189,2018,1558,1356,831,1840,1150,1322,506,541,183,1159,203
1028: 897,1104
1029: 1091,850,1043,929,100,1257,249,1042,2008,1992,1923,1275,1167,1521,1060,1896,655,49,1216
1030: 1927
1903: 1781,196,1540,1083
1032: 303,1563,1243,1020,1033,1233,239,1884,2005,370,286,1676,1172,1940
1033: 303,1563,1243,1020,1407,1233,1884,2005,1032,370,1315,1676,947,1940
1034: 1126
1035: 
1036: 588,1231,133
1037: 
1038: 
1863: 1810,12,1570,1541,1225,227,842,582,314,514,1745,1331,2013,567,1338,1857,58,1265,1455,1409,1019,141,7,663,808,86
1040: 152,45,1866,1431
1041: 775
1042: 1598,1091,850,1043,929,100,1257,249,2008,879,1992,1923,1029,1275,1167,1521,1783,208,1061,49,1216
1043: 1091,850,929,100,1257,249,1042,2008,1992,1923,1029,1275,1167,1521,1783,1060,1896,655,49,1736,333,1216
1044: 1451,1430
1045: 1968,670,477,180,251,1342,958,179,2019,1798,956,1362,1249,1479,940,1419,1578,1977
1046: 146,2002,1719,273,378,1240,129,562,1339,666,1816,1659,499,1376,1865
1047: 937
1048: 173,1136,1012
1049: 462,145,1371,178,1971,779,1534,403,1166,1483,2009,331,1288,1528,727,1892,30,317,1614
1050: 
1051: 
1052: 1945,1684,54,2007,81,222,990,1202,1013,1267,1823,687,1001,785,1186,1377,365,1318,463,669,1408,408,1988,134
1053: 
1054: 
1055: 
1056: 1902,942,1062,2001,390,1769,1787,482,713,1799,657,1434,9
1057: 1437,1844
1058: 867
1059: 1661,1557
1060: 1896,655,49,1736,333,1216,1091,850,1043,929,100,2008,1029,1275,1167,1521,1783
1061: 1598,1091,850,100,1257,1042,2008,879,1167,1521,1783,208
1062: 942,114,78,933,2001,390,1769,1787,482,713,657,1056,1902
1875: 1316,52
1064: 
1936: 
1066: 388
1067: 1503
1899: 369
1069: 1135,1142
1070: 
1071: 557,1756,1634
1072: 605,1299,384
1073: 1810,1764,1496,1570,1225,514,1745,1331,2013,777,1224,1019,141,663,193
1074: 1311
1075: 
1979: 
1077: 1124,22,662,798,2004,112,833,1383,1677,1579,1858,1972,1964
1078: 1285,1980
1079: 692,863,856,1280,2017,1752,949,1740,1263,1394,1181,1429
1080: 313,475,914,981,1103,1853,1523,270,1795,74,2011
1081: 
1082: 165
1083: 1903
1792: 
1973: 
2002: 146,1046,1719,273,378,1308,1240,129,562,1339,666,1816,1659,387,296,87,499,1376,1865
1087: 616,447
1088: 
1089: 784
1948: 1533,1482,730,1564,1256,821,351,2012,1859,1895,293,1424,1471,1332,1763
1091: 1598,850,1043,929,100,1257,249,1042,2008,879,1029,1167,1521,1783,208,1061,1060,1896,655,1736
1092: 
1093: 360
1094: 1680,218,6
1095: 935,478,1697,358,362,564,1000,1555,1350,2006,1529,1303,377,573,487,836,176,1237
1096: 242,1508,1097,1384,688
1097: 1096,1508,1384,688
1098: 306
1099: 1919,598,986
1100: 
1988: 1052,1945,1684,2007,81,222,990,1202,1013,1267,1823,687,785,1377,365,1318,463,669,1408,408,495,1837,134
1102: 
1103: 313,1080,475,914,981,1853,270,1284,1435,528,2011,1469
1104: 897,1028
1105: 
1106: 216
1107: 
1108: 1592
1837: 1684,54,2007,222,990,1202,1013,1267,785,365,1318,463,965,408,495,1988
1110: 746,1967
1111: 
1112: 
1944: 
1752: 692,863,856,1280,2017,949,1740,123,1263,1394,945,1079,1690,1181,1429,163
1115: 1990,1289
1116: 1024,170,319,985,1120,697,1933,1738,1004,936,1494,221,2010,1641,1554,430,590,335,599,473,1760,948
1117: 
1118: 1879,1300,1475,555,247,1934,2014,448,1938,1611,1901,650,1825,756,1587
1883: 797,72,532,1926,2015,1762,1957
1120: 1024,170,811,1650,319,1214,697,936,1494,298,2010,1116,1641,1190,1123,1554,816,1848,590,335,599,473,1760,963
1121: 
1122: 822,315
1123: 170,811,1250,1650,319,985,1214,1120,697,1933,780,936,298,2010,1190,1554,816,1848,430,1476,1446,590,335,473,963
1124: 22,662,1077,798,2004,833,1383,1677,1579,1858,263
1125: 
1126: 1034
1127: 450,284
1128: 940,1520,1419,1961,1568,1578,1968,477,180,251,958,179,2019,1595,1484
1905: 684
1130: 
1131: 
1132: 290,979
1133: 
1134: 
1135: 1069,1142
1136: 173,1048,1012
1991: 
1138: 267,2015,130,1762,469,13,1957,862,718,121,1401,201,1562,1360,122,72,532,1926
1139: 1472
1809: 
1141: 120,253,1969,1591,807,2003,1260,1440,236,760,1417,928,1023,638,1633,578,491
1142: 1135,1069
1143: 1826
1784: 
1145: 1291,1296,51,277
1146: 
1147: 240
1148: 1317,853
2018: 1577,1514,618,1983,682,493,625,901,1189,1027,1558,1356,831,1840,1150,1322,506,541,183,1159,203,1737,699,804
1150: 1514,1983,682,493,625,1027,2018,1356,541,203
1151: 
1152: 
1153: 1006
1857: 12,1863,1541,842,582,314,2013,567,1338,1265,1455,1019,7,663,808,86
1155: 
2019: 1968,670,477,180,251,435,1342,786,294,958,698,179,855,1045,1595,1798,1943,956,1484,1362,1249,1479,940,1520,1419,1961,1568,1128,1578,1977
1157: 1447
1158: 902
1159: 1577,1514,618,1983,682,493,625,901,1189,1027,2018,1558,1356,831,1840,1322,506,183,203,1737,699,804
1160: 261,942,1005,1772,939,2001,390,1276,1787,713,1799,657,1434
1161: 
1162: 943,209,1638,1290
1840: 1577,1514,618,1983,682,625,1027,2018,1558,1356,831,1322,506,1159,203,699
1164: 
1923: 1598,850,1043,929,100,1257,249,1042,2008,879,1992,1029,1275,1167,1521,49,1216
1166: 462,1371,1971,779,1534,403,1483,2009,331,1288,225,1049,1528,30,317
1167: 1598,1091,850,1043,929,100,1257,249,1042,2008,879,1992,1923,1029,1275,1521,1783,208,1061,1060,1896,655,49,1736,1216
1168: 
1967: 746,1110
1786: 
1171: 1211
1172: 303,1243,1020,239,2005,1032,370,1676
1173: 
1174: 427
1175: 
1176: 1025,957,1298
1177: 1210,692,156,856,1280,2017,949,1710,1487,123,1774,945,1560,1588,1690,1181,163
1940: 1563,1020,1033,1233,1884,2005,1032,370,286,1676
1179: 1552,120,253,1653,1969,558,426,1591,1804,807,2003,1575,236,760,220,1355,928,200,876
1180: 275,1368,282
1181: 1177,692,863,156,856,1280,2017,1752,949,1740,1710,123,1263,47,1394,945,1079,1690,1429,163,83
1182: 128
1183: 
1184: 
1185: 
1186: 1052,1945,1684,54,2007,990,1013,1267,1823,687,1001,1377,1318
1187: 1621
1188: 
1189: 1514,618,493,625,901,1027,2018,1558,1356,831,1322,506,183,1159,1737,699,804
1190: 1024,1250,1650,319,1120,1933,780,1004,936,221,2010,1641,1123,1554,816,1848,430,1476,1446,590,335,599,233,473,963,948
1191: 
1192: 
1193: 565,1573
1194: 
1195: 188,363
1196: 
1197: 250,1639,16
1772: 261,942,1345,1005,1160,939,2001,390,1276,713,1799,1434
1199: 1742,1213,526
1755: 
1201: 
1202: 1052,1945,2007,222,990,1013,1267,687,1001,785,365,1318,463,669,965,1408,408,495,1988,1837,134
1203: 805,476,226,740
1204: 339,1244,1015,237,132,2000,870,1993,109,1712,903,1819,916,458,1800
1205: 
1987: 167,1427,1808,453,1542,115
1822: 459,480
1208: 553
1209: 
1210: 1177,692,863,156,1280,2017,123,945,1560,1690,163
1211: 1171
1212: 
1213: 1742,526,1199
1214: 170,811,1650,1120,697,298,2010,1123,1554,816,1848,1446,590,335,599
1215: 
1216: 1060,1896,655,49,1736,333,1598,850,1043,1257,1042,2008,1992,1923,1029,1275,1167,1521,1783,208
1217: 
1218: 
1885: 
1220: 793,626
1221: 12,1496,1541,227,1610,842,582,314,1745,2013,567,1338,58,1265,1455,86
1222: 1615,157
1223: 1537,911,510,248
1224: 1810,1764,1570,1225,514,1745,1331,1073,2013,777,58,1409,1019,141,663,193
1225: 1810,1764,12,1863,1496,1570,1541,582,514,1745,1331,1073,2013,777,58,1409,1224,1019,141,7,663,193,808,86
1226: 1680,218,6
1227: 
1228: 18,701,1330,1295,1725,597,1924,2016,1714,206,1713
1760: 1024,170,319,985,1120,697,1738,1004,936,1494,221,2010,1116,1641,1554,335,599,473,948
1230: 
1231: 1036,588,133
1232: 709
1233: 303,1563,1020,1033,1884,2005,1032,370,1315,286,1676,1940
1234: 
1896: 1060,655,49,1736,333,1216,1091,850,1043,929,100,1257,249,2008,1029,1275,1167,1521,1783,208
1236: 
1237: 935,1095,1697,362,653,1000,1555,1824,1350,2006,1529,1303,377,573,176,594,494
1876: 992,1468,619,854,1706,400,796,881,656
1239: 
1240: 146,1046,2002,1719,273,378,1308,129,562,1339,666,1659,387,296,499,1376,1865
1241: 
1914: 
1243: 303,1563,1020,1407,1033,239,1884,2005,1032,370,1315,1676,1172,947
1244: 339,229,574,77,1015,685,132,2000,1993,109,1712,1204,903,1432,916,458,1800,1499
1245: 886
1246: 1464,739
1247: 
1248: 
1249: 1968,670,180,251,1342,294,958,698,2019,1045,1798,956,1362,940,1977
1250: 1650,319,985,697,1933,780,1004,936,221,2010,1190,1123,1554,816,1848,430,1476,590,233,473,963,948
1251: 
1252: 1373
1253: 596
1800: 339,1244,229,574,77,1015,237,685,132,2000,1993,1602,109,818,394,1712,1204,629,903,1770,1819,1432,916,458,1499
1255: 1026,1403
1256: 1533,238,1482,730,1564,821,351,192,2012,1859,1895,293,414,1424,1471,1948,1332,1763
1257: 1598,1091,850,1043,929,100,249,1042,2008,879,1992,1923,1029,1275,1167,1521,1783,208,1061,1896,655,49,1736,1216
1258: 
1259: 
1260: 1552,120,253,1969,558,426,1591,1804,807,1141,2003,1440,236,760,1417,928,200,1023,876,638,1633,578
1261: 
1262: 
1263: 692,863,156,856,1280,2017,1752,949,1740,1710,123,1394,945,1079,1690,1181,1429,163
1264: 894,871
1265: 12,1863,1541,227,1610,842,582,314,1745,2013,567,1338,1857,1221,58,1455,1409,7,663,808,86
1266: 
1267: 1052,1945,1684,54,2007,222,990,1202,1013,1823,687,1001,1186,1377,365,1318,463,965,408,495,1988,1837
1268: 56,961,1538
1912: 
1270: 343
1868: 
1272: 
1273: 
1274: 645
1275: 1598,850,1043,929,100,1257,1042,2008,1992,1923,1029,1167,1521,1060,1896,655,49,1736,333,1216
1276: 261,942,1345,1005,1160,1772,939,78,933,2001,390,1769,1787,482,713,1799,657,1434,9
1277: 138,969,1702
1278: 
1279: 
1280: 1177,1210,692,863,156,856,2017,1752,949,123,1263,1394,945,1079,1690,1181,1429,163
1281: 
1282: 186,1985
1283: 
1284: 1435,1708,74,874,528,1838,2011,184,1469,1103,270
1285: 1078,1980
1961: 1479,940,1520,1419,1568,1128,1578,1968,180,251,179,2019,1484
1287: 1747
1288: 462,145,1371,178,1971,779,1534,403,1166,1483,2009,331,225,1049,727,1892,317
1289: 1115,1990,566
1290: 943,1162
1291: 1145,1296,750,51,277
1292: 1722,401,27,987
1293: 
1294: 
1295: 18,701,1330,1228,597,1924,2016,1714,1713
1296: 750,51,277,1145,1291
1297: 719
1298: 957,1025,1176
1299: 384,1072
1300: 1118,1879,1475,555,247,131,1934,2014,448,1938,1611,1901,650,1825,756,1587
1301: 587,980
1302: 379,262,376
1303: 935,1095,1697,362,653,1000,1555,1824,1350,2006,1529,377,573,836,176,1237,594,494
1954: 
1767: 472
1306: 
1307: 402
1308: 146,2002,1719,1240,129,562,1339,666,1376
1309: 93
1310: 823
1311: 1074
1932: 
1313: 242
1981: 1632
1315: 303,1563,1243,1020,1407,1033,1233,239,1884,2005,370,1676,947
1316: 1875,52
1317: 1148,853
1318: 1052,1945,1684,54,2007,222,990,1202,1013,1267,687,1001,1186,1377,365,463,669,965,408,495,1988,1837
1319: 1956
2014: 131,1934,448,1938,1611,1901,650,1825,756,1587,1118,1879,1300,1475,555,247
1321: 232,139
1322: 1577,1514,618,1189,1027,2018,1558,1356,831,1840,506,183,1159,203,1737,699,804
1918: 
1324: 1750
1325: 40,1735
1326: 
1327: 
1328: 795
1329: 
1330: 18,701,1228,1295,2016,1714,1713
1331: 1810,1764,12,1863,1570,1225,582,514,1745,1073,2013,777,58,1409,1224,1019,141,7,663,193,808,86
1332: 1482,730,1564,1256,821,351,417,2012,1859,1895,293,1424,1948,1763
1798: 1968,670,477,180,251,435,1342,786,294,958,698,179,855,2019,1045,1943,956,1484,1362,1249,940,1419,1568,1578,1977
1846: 345,1449,254,922,299
1335: 1726
1336: 
1337: 171,1535
1338: 12,1863,227,1610,842,582,314,2013,567,1857,1221,58,1265,1455,1409,808,86
1339: 146,1046,2002,1719,273,378,1308,1240,129,562,666,1816,499,1865
1340: 194
1341: 1351
1342: 1968,670,180,251,435,786,294,958,698,855,2019,1045,1798,1943,956,1362,1249,1977
1343: 744
1344: 1941,159,411,1379
1345: 261,942,1005,1772,939,78,1705,2001,1276,1799
1346: 
1347: 
1348: 
1825: 131,1934,2014,448,1938,1611,1901,650,756,1587,1118,1879,1300,1475,555,247
1350: 1095,1697,362,1000,1555,2006,1529,1303,377,573,176,1237
1351: 1341
1352: 89
1353: 
1354: 
1355: 1552,120,1653,1179,2003,1575,220,928
1356: 1577,1514,618,1983,682,493,625,901,1189,1027,2018,1558,831,1840,1150,1322,506,541,183,1159,203,1737,804
1951: 1759,449
1358: 
1359: 799,959,269
1360: 1622,267,2015,1138,130,1762,971,1852,469,13,1957,416,769,862,718,121,1401,201,98,1965,122,797,72,532,1926
1361: 1803,860,1421,386
1362: 1968,670,180,251,1342,958,698,855,2019,1045,1798,956,1249,1479,940,1419,1578,1977
1363: 
1835: 
1365: 764,592
1366: 
1367: 572,707
1368: 275,282,1180
1369: 943,209,1556,1638
1370: 
1371: 462,145,178,1971,779,1534,403,1166,1483,2009,331,1288,225,1049,1528,727,1892,317
1372: 
1373: 1252
1996: 
1375: 
1376: 1659,387,296,87,499,1865,146,1046,2002,1719,1308,1240,666
1377: 1052,1945,1684,54,2007,81,222,990,1013,1267,1823,687,1001,785,1186,1318,669,1408,408,1988,134
1378: 
1379: 1941,159,411,1344
1878: 
1381: 1725,597,479,1924,1724,2016,206,1953,1713
1382: 
1383: 882,62,1677,1579,1858,263,1972,1997,1124,22,662,1077,2004,112
1384: 1096,242,1508,1097,688
1385: 893,675
1386: 
1387: 
1388: 977
1389: 
1971: 462,145,1371,178,779,1534,403,1166,1483,2009,331,1288,225,1049,1528,727,1892,30,317,1614
1391: 
1392: 372
1393: 
1394: 692,156,856,1280,2017,1752,949,1740,1710,1263,47,945,1079,1690,1181,1429,83
1395: 
1396: 566
1397: 
1398: 
1399: 695,559
1791: 190
1401: 1622,267,2015,1138,130,1762,971,1852,469,13,1957,416,769,862,718,121,201,1562,98,1965,1360,797,72,1926,904
1908: 
1403: 1026,1255
1404: 457,472,1608
1405: 
1406: 1463
1407: 303,1563,1243,1020,1033,239,1884,2005,370,1315,1676,947
1408: 1052,1945,1684,2007,81,222,990,1202,1013,1823,687,785,1377,669,408,1988,134
1409: 1810,1764,12,1863,1496,1570,1541,1225,227,1610,582,314,1745,1331,2013,777,1338,58,1265,1455,1224,1019,7,663,193,808,86
1410: 175,689
1411: 
1412: 
1805: 
1414: 538,90,1761,548,1785
1926: 122,1883,797,72,532,1622,267,2015,1138,130,1762,971,1852,13,1957,416,862,718,121,1401,98,1360
1845: 969,357
1417: 1969,426,1591,807,1141,2003,1260,1440,236,760,1023,876,638,1633
1808: 1660,453,1542,115,1987,1427
1419: 1479,940,1520,1961,1568,1128,1578,1977,1968,477,180,251,958,179,855,2019,1045,1798,956,1484,1362
1420: 
1421: 860,386,1361,1803
1422: 
1992: 1598,850,1043,929,100,1257,1042,2008,1923,1029,1275,1167,1521,208,655,49,333,1216
1424: 1533,1482,730,1256,821,351,2012,1859,1895,1948,1332
1425: 1821,771,791,10
1426: 
1427: 167,1987,1660,1808,453,1542,115
1428: 395
1429: 692,863,156,1280,2017,1752,949,1263,1394,945,1079,1181,163,83
1430: 607,470,1044,1451
1431: 1866,1040,45
1432: 339,1244,229,574,77,1015,685,132,2000,1993,1602,109,818,394,1712,629,903,1770,217,916,458,1800
1433: 
1434: 261,942,1005,1160,1772,2001,390,1769,1276,713,1799,657,9,1056,1902
1435: 1284,1795,1708,74,874,528,1838,2011,184,1469,313,475,1103,1853,270
1436: 246,725,289
1437: 1057,1844
1819: 1015,237,685,132,2000,870,1993,1602,109,818,394,1712,1204,903,217,916,458,1800
1439: 
1440: 1969,1591,807,1141,2003,1260,236,760,1417,1023,638,1633,578
1441: 
1815: 
1443: 
1444: 
1445: 
1446: 1650,1214,780,936,2010,1190,1123,1554,816,1848,1476,590,963
1447: 1157,751
1448: 906
1449: 254,1846,922,299
1450: 
1451: 1044,470,1430
1452: 
1453: 
1454: 
1455: 12,1863,1610,842,582,2013,567,1338,1857,1221,58,1265,1409,7,663,808,86
1917: 
1457: 
1458: 191,642
1459: 
1460: 150
2005: 303,1563,1243,1020,1407,1033,1233,239,1884,1032,370,1315,286,1676,1172,947,1940
1462: 520
1463: 1406
1464: 1246
1465: 595,48,560
1466: 
1754: 366
1468: 992,1876,619,854,1706,400,796,881
1469: 1284,1435,1708,874,528,2011,184,1103,1853,270
1470: 
1471: 1533,238,1482,730,1564,1256,821,192,2012,1859,1895,293,414,1948,1763
1472: 1139
1473: 
1474: 
1475: 1118,1879,1300,555,247,131,2014,448,1611,1901,650,1825,756
1476: 1024,1250,1650,1933,780,1004,936,2010,1190,1123,1554,816,1848,1446,590,233,473,963
1477: 
1478: 523,620
1479: 940,1520,1419,1961,1568,1578,1977,1968,180,251,2019,1045,1362
1947: 
1481: 1715,4,279
1482: 1533,238,730,1564,1256,821,351,417,2012,1859,1895,293,414,1424,1599,1471,1948,1332,1763
1483: 462,1371,1971,779,1534,403,1166,2009,331,1288,225,1049,317
1484: 1968,477,180,251,435,786,958,698,179,855,2019,1595,1798,940,1520,1419,1961,1568,1128,1578
1915: 322
1858: 882,1383,1677,1579,263,1972,1124,22,662,1077,798,2004,833
1487: 1177,2017,1774,1560,1588,1690
1488: 
1489: 1672
1490: 827
1491: 1644
1492: 519,1646
1493: 
1494: 170,319,985,1120,697,1933,1738,1004,936,221,2010,1116,1554,430,590,335,599,473,1760,948
1495: 1789,224
1496: 1810,1764,1570,1225,227,1610,582,314,1745,1073,2013,777,1221,58,1409,141,663,193,86
1497: 534
1498: 
1499: 339,1244,229,574,77,1015,2000,629,916,1800,1728,409
1500: 
1501: 
1502: 1893,34,938
1503: 1067
1504: 
1505: 334,352
1839: 1731,17,754
1507: 97
1508: 1096,1097,1384,688
1509: 1794,694
1510: 1631
1888: 
1512: 
1513: 534
1514: 1577,618,1983,682,493,625,901,1189,1027,2018,1558,1356,831,1840,1150,1322,506,541,1159,203
1515: 1694
1516: 
1517: 
1518: 
1783: 1598,1091,850,1043,929,100,1257,249,1042,2008,879,1167,1521,208,1061,1060,1896,655,49,1736,333,1216
1520: 1479,940,1419,1961,1568,1128,1578,1977,1968,180,251,179,855,2019,1484
1521: 1598,1091,850,1043,929,100,1257,249,1042,2008,879,1992,1923,1029,1275,1167,1783,208,1061,1060,1896,655,49,1736,333,1216
2008: 1598,1091,850,1043,929,100,1257,249,1042,879,1992,1923,1029,1275,1167,1521,1783,208,1061,1060,1896,655,49,1736,333,1216
1523: 313,1080,475,270,1795,74,1838,2011
1524: 
1525: 230
1526: 195
1527: 927
1528: 462,1371,178,1971,779,1534,403,1166,2009,331,225,1049,30,317,1614
1529: 935,1095,478,1697,358,362,653,564,1000,1555,1824,1350,2006,1303,377,573,487,732,836,176,1237,594
1530: 
1531: 
1532: 1994,529
1533: 238,1482,730,1564,1256,821,351,192,2012,1859,1895,293,414,1424,1471,1948
1534: 462,145,1371,1971,779,403,1166,1483,2009,331,1288,225,1049,1528,30,317
1535: 1337
1536: 
1537: 1223,763,911,510,248
1538: 961,1268,56
1823: 1052,1684,54,2007,81,222,990,1013,1267,687,785,1186,1377,669,1408,408,1988,134
1540: 1781,196,1903
1541: 12,1863,1570,1225,227,582,314,514,1745,2013,567,1857,1221,58,1265,1409,1019,141,7,663,808,86
1542: 1660,1808,453,115,1987,1427
1543: 419,509
1544: 
1545: 
1546: 
1547: 1796,960
1548: 1673
1818: 
1550: 
1551: 
1552: 120,253,1653,1969,558,426,1179,1591,1804,807,2003,1575,1260,236,220,1355,928,200,1023,638,1633,578,491
1553: 185
1554: 1024,170,811,1250,1650,319,985,1214,1120,697,1933,1738,780,1004,936,1494,221,298,2010,1116,1641,1190,1123,816,1848,430,1476,1446,590,335,599,473,1760,963,948
1555: 935,1095,478,1697,358,362,653,564,1000,1824,1350,2006,1529,1303,377,573,487,732,836,176,1237,594,494
1556: 1369,209,1638
1557: 285,1059,1661
1558: 1577,1514,618,1983,682,493,625,901,1189,1027,2018,1356,831,1840,1322,506,1159,203,1737,699,804
1559: 
1560: 1177,1210,156,856,2017,1487,123,1774,1588,1690,163
1561: 
1562: 1622,267,2015,1138,130,13,1957,769,862,718,121,1401,201
1563: 303,1243,1020,1407,1033,1233,239,1884,2005,1032,370,1315,286,1676,947,1940
1564: 1533,238,1482,730,1256,821,192,417,2012,1859,1895,293,414,1599,1471,1948,1332,1763
1836: 
1566: 864
1567: 
1568: 1479,940,1520,1419,1961,1128,1578,1977,1968,180,251,786,179,855,2019,1595,1798,1484
1964: 361,62,1677,1972,1997,22,662,1077,798,2004,112,833
1570: 1810,1764,12,1863,1496,1541,1225,227,1610,582,314,514,1745,1331,1073,2013,777,58,1409,1224,1019,141,7,663,193,808,86
1990: 1115,1289
1873: 
1573: 565,1193
1574: 691,1727
1575: 1552,120,1653,1969,426,1179,1591,807,2003,760,220,1355,200,876
1576: 
1577: 1514,618,1983,682,625,901,1027,2018,1558,1356,831,1840,1322,506,1159,203,699
1578: 1479,940,1520,1419,1961,1568,1128,1977,1968,180,251,958,179,2019,1045,1798,956,1484,1362
1579: 882,62,1383,1677,1858,263,1972,1124,22,662,1077,2004,833,361
1580: 
1581: 
1582: 
2016: 1725,597,479,1924,1381,1724,1714,206,1953,1713,18,701,1330,1228,1295
1584: 
1824: 935,478,1697,358,362,653,1000,1555,2006,1529,1303,377,573,487,732,836,176,1237,594,494
1811: 
1587: 1934,2014,448,1938,1611,1901,650,1825,1118,1879,1300,555,247
1588: 1177,156,856,2017,949,1740,1710,1487,123,1774,1560,1690
1589: 124
1590: 1709,1743
1591: 1552,120,253,1653,1969,558,426,1179,1804,807,1141,2003,1575,1260,1440,236,760,220,1417,928,200,1023,876,638
1592: 1108
1593: 977
1762: 1622,267,2015,1138,130,971,1852,469,1957,416,769,862,718,121,1401,201,98,1965,1360,1883,797,72,532,1926,904
1595: 1968,477,180,435,786,958,698,179,855,2019,1484,1568,1128
1812: 
1597: 
1598: 1091,850,929,100,1257,249,1042,2008,879,1992,1923,1275,1167,1521,1783,208,1061,1216
1599: 238,1482,1564,821,417,2012,1859,293,414,1763
1600: 
1756: 1634,557,1071
1602: 1015,237,685,132,2000,870,1993,109,818,394,1712,903,1770,1819,217,1432,916,458,1800
1867: 
1604: 
1605: 347,292,917
1606: 
1607: 847
1608: 1404,457
1927: 1030
1610: 1810,12,1496,1570,227,842,582,314,2013,777,1338,1221,58,1265,1455,1409,808,86
1611: 131,1934,2014,448,1938,1901,650,1825,756,1587,1118,1879,1300,1475,555,247
1799: 261,942,1345,1005,1160,1772,939,78,2001,390,1769,1276,1787,713,657,1434,9,1056
1613: 
1614: 462,145,178,1971,2009,331,1049,1528,727,1892,30,317
1615: 157,1222
1616: 909,600
1982: 1832
1618: 
1919: 549,598,1099,174,986
1620: 1975,111
1621: 1187
1622: 267,2015,130,1762,971,1852,469,1957,416,769,862,718,121,1401,201,1562,1974,98,1965,1360,797,72,1926,904
1623: 1729
1872: 
1625: 364,8
1626: 1775
1627: 978
1628: 
1629: 783,690
1831: 
1631: 1510
1632: 1981
1633: 1552,253,1969,558,1804,807,1141,2003,1260,1440,236,760,1417,928,1023,638,578,491
1634: 1756,557,1071
1635: 
1636: 
1637: 1806
1638: 943,1369,209,1556,1162
1639: 16,1197,250
1640: 
1641: 1024,170,319,1120,1738,1004,936,221,2010,1116,1190,1554,816,335,599,473,1760,963,948
1642: 603,367,68
1643: 
1644: 1491
1645: 
1646: 1492
1647: 717
1648: 679,1674,832
1924: 1725,597,479,1381,1724,2016,1714,206,1953,1713,18,701,1228,1295
1650: 1024,170,811,1250,319,985,1214,1120,697,1933,780,1004,936,298,2010,1190,1123,1554,816,1848,430,1476,1446,590,335,473,963
1780: 
1652: 1655
1653: 1552,120,253,1969,558,426,1179,1591,1804,807,2003,1575,236,760,220,1355,928,200,1023,876
1654: 396,1662,748
1655: 1652
1656: 642
1657: 148
1658: 
1659: 387,296,499,1376,1865,146,1046,2002,273,1240,562,666
1660: 1808,453,1542,1427
1661: 1059,285,1557
1662: 15,1654,297,396
1663: 898
1664: 
1665: 
1860: 
2000: 339,1244,229,574,77,1015,237,685,132,870,1993,1602,109,818,394,1712,1204,629,903,1770,1819,217,1432,916,458,1800,1499,1728,409
1668: 
1669: 
1670: 
1827: 
1672: 1489
1673: 1548
1674: 679,1648
1675: 
1676: 303,1563,1243,1020,1407,1033,1233,239,1884,2005,1032,370,1315,286,1172,1940
1677: 882,62,1383,1579,1858,263,1972,1997,1124,22,662,1077,798,2004,112,833,361,1964
1678: 
1679: 
1680: 1226,218,6,1094
1681: 601,63
1682: 737,570
1683: 
1684: 1052,1945,54,2007,81,222,990,1013,1267,1823,687,1001,785,1186,1377,1318,463,669,1408,408,1988,1837,134
1685: 
1686: 
1687: 739
1688: 
1942: 
1690: 1177,1210,692,156,856,1280,2017,1752,949,1740,1710,1487,123,1263,47,1774,1394,1560,1588,1181,163
1966: 
1692: 584
1969: 1552,120,253,1653,558,426,1179,1591,1804,807,1141,2003,1575,1260,1440,236,760,220,1417,928,200,1023,876,638,1633,578,491
1694: 1515
1695: 436,884
1696: 
1697: 935,1095,362,653,1000,1555,1824,1350,2006,1529,1303,377,573,487,732,176,1237,594,494
1698: 500
1699: 
1700: 
1701: 1995
1702: 1277
1703: 
1704: 
1705: 261,942,114,1345,1005,939,78,2001,1787
1706: 992,1876,1468,619,854,400,796,881,656
1707: 
1708: 1284,1795,1435,74,874,528,1838,2011,184,1469
1709: 1590,1743
1710: 1177,692,156,856,2017,949,1740,123,1263,47,1774,1394,1588,1690,1181,163,83
1882: 
1712: 339,1244,229,574,1015,237,685,132,2000,870,1993,1602,109,818,394,1204,629,903,1770,1819,217,1432,916,458,1800
1713: 1725,597,1924,1381,1724,2016,1714,206,1953,18,701,1330,1228,1295
1714: 1725,597,1924,1724,2016,206,1953,1713,18,701,1330,1228,1295
1715: 4,279,708,1481
1716: 
1717: 234,632
1718: 
1719: 146,1046,2002,378,1308,1240,129,562,1339,666,499,1376,1865
1720: 125,1887
1721: 
1722: 1292,401,27,987
1765: 
1724: 1725,597,479,1924,1381,2016,1714,206,1953,1713,18
1725: 1924,1381,1724,2016,1714,206,1953,1713,18,1228
1726: 1335
1727: 691,1574
1728: 409,339,229,574,77,1015,2000,629,1499
1729: 1623
1730: 633
1731: 17,754,1839
1732: 891
1733: 1922,906,341
1734: 
1735: 1325,40
1736: 1060,1896,655,49,333,1216,1091,850,1043,100,1257,2008,1275,1167,1521,1783,208
1737: 699,804,901,1189,2018,1558,1356,831,1322,506,183,1159
1738: 319,985,697,1933,1004,936,1494,221,2010,1116,1641,1554,430,335,599,473,1760,948
1739: 
1740: 692,856,2017,1752,949,1710,123,1263,47,1394,1079,1588,1690,1181,83
1741: 
1742: 1213,526,1199
1743: 1590,1709
1744: 
1745: 1810,12,1863,1496,1570,1541,1225,227,582,314,514,1331,1073,2013,777,567,1221,58,1265,1409,1224,1019,141,7,663,193,86
1746: 
1747: 1287