0: 
1: 1531
2: 
1842: 
4: 1481
5: 197
6: 
7: 141,1857,1225,2013,1409,582,663,842,1338,314,193,26,1745,86,58,227,1764,1810,1331,808,777,514,567
8: 1669,1392,906
9: 482,1276,1705,114,2001,1799,1902,942,1787,657,1434
10: 
11: 1507
12: 1496,86,1541,1073,1224,193,26,1863,1745,1570,2013,1409,582,663,1338,227,1764,1810,1331,808,777,514,567
13: 121,532,769,130,2015,1622,416,1883,1138,862,1360,1957,122,469
14: 
15: 1396,284,1337,628
16: 1715,1826
17: 
18: 1724,479,597,2016,1381,1725,1953,1714,1330,1713,701,1924,1295
19: 117,1976,420
20: 
21: 913,1958
22: 1383,1964,1579,1124,361,833,1858,1677,662,2004,1972,263,1997,62,882,112,1077
23: 832,896
24: 
25: 741
26: 1224,193,1863,1745,1570,86,12,1541,1073,1225,2013,1409,582,663,842,7,1338,314,1764,777,514,567
27: 1544
28: 1180
29: 
30: 1288,779,225,178,1614,2009,331,1971,1483,403,1528,1892,462,727,145,317
1994: 
32: 257,1117
33: 626
34: 
35: 
36: 
37: 
38: 805,765
39: 
40: 
41: 
42: 
43: 
1934: 247,1118,448,2014,650,1587,756,555,1879,1611,1300
45: 
46: 
47: 1429,1079,1263,1752,863,1487,83,2017,1181,1210,856,1280,949,1560,1774,123
48: 
49: 1042,1783,1091,1598,1167,1992,100,1923,1061,1029,1216,249,333,1275,1060,1521,1896,850,2008,1736,208,929,879
50: 
51: 1291
52: 
53: 
54: 1001,463,495,1945,1837,2007,687,1823,1186,990,1408,1267,785,408,365,1684,1318
55: 533,264,1014
56: 664,1195,188
57: 
58: 227,1764,1810,1331,808,777,514,567,86,141,1857,1225,2013,1409,663,842,7,1338
59: 1311,1635,781,290,1621
60: 834,76
61: 
62: 1383,1964,1579,1124,361,1858,1677,662,22,2004,1972,1997,882
63: 
64: 
65: 
66: 1739,1828,1626,790
1864: 
68: 
69: 
70: 
71: 1344
72: 121,1401,130,1852,2015,1622,416,1883,1138,862,1926,1360,267,718,98,201,1762,1974,122,469
73: 
74: 1080,981,1523,1469,475,1795,528,2011,270,1435,313,874,184,1853,914,1708
75: 
76: 834,60
77: 1160
78: 895
79: 
80: 
81: 1001,463,495,669,1945,222,1837,2007,134,1823,1377,1408,1267,1052,1988
82: 234
83: 1429,1079,156,1263,863,1487,1690,2017,1181,47,1710,856,1280,949,1560
84: 318
85: 1182,1731
86: 1496,12,1541,1073,1224,193,26,1863,1745,1570,1225,2013,1409,582,663,842,7,1338,314,58,227,1764,1331,808,777,514,567
87: 1719,2002,1046,1339,378,1659,1865,146,666,1376,562
88: 824,1829
89: 843,735
90: 
91: 
92: 1130
93: 
1817: 
95: 1716
96: 579,524
97: 
98: 267,718,201,1762,1974,122,469,1401,72,2015,1622,1926
99: 168,1874
100: 1042,1783,1091,1598,1167,1992,1923,1061,1029,49,333,1060,1896,850,2008,208,879
1978: 904,774,1965,1821
102: 1372
103: 
1925: 1382
105: 
106: 678,254
107: 
108: 1912
109: 1728,1499,217,1712,229,2000,1770,870,1015,574,339,629,237,1602,1993,916,458
1833: 
111: 1441
112: 1383,1964,1124,361,833,1858,1677,22,2004,263,1997,882,1077
113: 1889
114: 933,1005,2001,1799,1902,942,9
115: 177,171,1038,1808,1542,305,1427,167
116: 1930,1230
117: 1976,420,1643,1230,19
118: 568,791
119: 461,513
120: 1575,1141,1591,236,2003,876,1023,807,1633,578,1804,426,220,1324,200,1260,558,760,1355,1179
121: 532,1401,769,130,72,13,2015,1622,416,1883,1138,862,1360,1957,267,1762,1974,122,469
122: 267,718,98,201,1762,1974,469,121,532,1401,769,130,72,13,1852,2015,1622,416,1883,1138,862,1926,1360,1957
123: 1394,1429,1752,863,2017,1181,47,1210,856,1280,1560,1774
124: 405
125: 158
126: 
127: 
128: 1966,1220,1272
129: 1719,2002,1816,1046,1339,1240,1659,387,1308,499,296,273,1865,666,1376,562
130: 121,532,1401,769,72,13,1852,2015,1622,416,1883,1138,862,1926,1360,267,1762,1974,122,469
131: 1901,1118,448,2014,1587,756,1825,1879,1300,1475
132: 1499,217,818,1800,1819,2000,409,1432,1770,629,237,1244
133: 1231,338,926
134: 1001,463,495,669,1945,222,2007,687,81,1823,1377,1186,990,1267
135: 1302,844
136: 
137: 
138: 
139: 1208,500
140: 1576
141: 1857,1225,2013,1409,582,663,842,7,1338,58,1764,1810,1331,808,514
1963: 
143: 860,1477,1665
144: 
145: 1534,317,1288,779,225,178,2009,1483,1166,30,1528,1892,727,1371
146: 1719,2002,1046,1339,378,1308,87,1865,666,1376,562
1916: 
148: 1462,966
149: 
150: 278,817,975
151: 291,337
152: 610,1592,310
1892: 225,178,2009,1483,403,30,1528,462,727,145,1534,317
154: 
155: 
156: 1429,1079,692,1263,1487,83,1588,1690,2017,1181,1210,1710,856,1280,949,1560,1177,1774
157: 983
158: 125
159: 917
1957: 121,532,769,13,2015,1622,1762,1974,122,469
161: 
162: 
163: 
1810: 58,227,1764,1331,808,777,514,567,12,141,1857,2013,1409,663,7,1338
165: 444
166: 
167: 177,1038,115,1542,305,1427
168: 99,1874
169: 
170: 1933,335,963,811,473,697,1123,1250,1116,948,430,319,1446,221,2010,233,590,816,1641,1004,1760,1214,936,1476,1024,1120
171: 177,115,1808,1542,1427
172: 
173: 
174: 1200,294,1535
175: 608,954,1226
176: 
177: 171,115,1808,1542,305,1427,167
178: 1288,779,225,1614,2009,331,1483,403,1166,30,1528,1892,462,727,1371,145,1534,317
179: 956,1977,477,1595,2019,251,1798,1362,1479,1520,1568,940,1128,435,1249,1045,1968,1961,1578
180: 956,2019,1798,1362,940,1249,1484,670
181: 
182: 516,1097,325
183: 493,1558,2018,1577,682,625,1159,1027,1840,901,1150,376,618
184: 1080,981,1469,475,1795,528,2011,270,1435,313,874,74,1853,914,1708
185: 1991
186: 1493,1450
1975: 
188: 56,664,1195
2001: 261,482,933,1276,1705,1056,1005,114,1345,1799,939,1902,942,1062,1787,657,713,9,1434
190: 
191: 1862,1524,1927,1030,1640
192: 1948,1763,1482,1895,1859,417,2012,1564,1471,238,821,1533,730,1256,1424,1599,293,351,414,1332
193: 1224,26,1863,1745,1570,86,12,1541,2013,1409,582,842,7,1338,314,777,514,567
194: 
195: 620,291,1478
196: 671,1155
197: 5
1995: 857
199: 
200: 1575,1141,236,2003,876,491,1023,807,1633,578,1804,426,120,1324,1260,558,1355,1179
201: 267,718,98,1762,1974,122,469,1401,769,72,2015,1622,416,1926
202: 
203: 1983,493,1558,2018,1356,682,625,1159,1027,804,831,699,1150,1322,376,541,1189,618
204: 1809,1057
205: 
206: 1228,1724,597,2016,1953,701,1924
207: 1251,332,1700
208: 1043,1216,249,333,1275,1060,1521,1896,1257,850,2008,1736,929,879,1042,1783,1091,1598,1167,1992,100,1923,1061,1029,49
209: 601
1826: 1715,16
211: 
212: 893,1385,1313
213: 
1803: 1070,1463,651
1854: 
216: 1352
217: 1499,1819,2000,409,1432,1770,1015,574,339,629,237,132,1602,109,916
218: 
219: 
220: 1591,236,2003,876,491,1023,807,1633,578,928,1417,426,120,1440,1260,558,760,1355,1179
221: 1933,963,811,473,170,697,1123,1250,1116,948,430,319,1446,2010,233,1190,590,816,1554,1641,1004,1760,1214,936,1476,1024,1120
222: 1001,463,495,669,1945,1837,2007,687,81,134,1823,1377,1267,1052
223: 1353,304,1835,1866
224: 1789,744
225: 1288,779,178,1614,2009,1971,1483,403,1166,30,1528,1892,462,727,145,1534,317
226: 
227: 58,1764,1810,1331,808,777,514,567,1745,1496,86,12,1541,1073,2013,1409,663,7,1338
228: 381,453,1987
229: 1728,1499,1712,2000,1770,870,1015,574,339,629,1602,109,916,458
230: 1247,1287
231: 349,1488
232: 
233: 2010,1190,985,590,816,1554,1641,1004,1760,1214,936,1476,1024,1120,1933,335,963,811,170,697,1123,1250,948,430,1446,221
234: 82
1906: 606,642,973
236: 1141,1591,2003,876,491,1023,807,1633,253,426,120,220,1324,200,1260,558,760,1355,1179
237: 1728,1499,217,818,1800,1819,2000,409,1432,1770,574,339,629,132,1602,1993,109,1244,916,685
238: 1948,1763,1482,1895,192,1859,417,2012,1564,1471,821,1533,730,1256,1599,351,414,1332
239: 1884,2005,1020,370,286
240: 1937,382
241: 
242: 1096,719
1865: 1719,2002,1046,1339,1240,378,1659,387,296,87,273,146,666,1376,562,129
244: 1443,676
245: 
246: 
247: 1901,1118,448,2014,1934,650,1587,756,1825,555,1879
248: 
249: 1216,333,1275,1521,1896,2008,1736,208,929,879,49
250: 413
251: 956,1977,477,1595,179,2019,1798,1362,1520,940,1128,435,1968,670,1961,1578
252: 
253: 1575,1141,1591,236,2003,491,1023,807,1633,928,1804,1417,1324,1260,1355,1969
254: 678,106
255: 
256: 587,1646
257: 32,1117
258: 
259: 
1862: 912,191,1524,1927
261: 482,1705,1056,2001,1345,939,942,1787,657,713
262: 
263: 1383,1964,1579,833,1858,1677,22,2004,1997,882,112,1077
264: 533,519,1014,55,1293
1884: 2005,1233,1020,1676,1407,303,370,1315,286,239
266: 
267: 718,98,201,1762,1974,122,121,532,1401,130,72,1852,2015,1622,1883,862,1926,1360
268: 1753,829
269: 
270: 1080,981,1523,1469,475,528,2011,1435,313,874,74,1103,184,1838,1708
271: 
272: 1184,459
273: 2002,1816,1046,1339,1240,1659,387,296,1865,666,1376,562,129
274: 1464,1347
275: 
276: 1526,1887,1248
277: 766,510
278: 817,150,975
279: 
1804: 1575,1141,2003,491,1023,807,1633,253,928,120,1324,200,1260,1355,1969
281: 441
282: 1510,1147
1866: 304,1835,1353,223
284: 1396,15,1337,628
285: 1058
286: 1884,2005,1233,1020,1676,1032,1407,303,1243,370,1315,239
287: 
288: 1297
289: 1151,388,1111
290: 1311,1635,59,1621
291: 151,337,620,195,1478
292: 1908,347,1632,866
293: 1482,1895,192,2012,1471,730,1424,1599,351,414
294: 1200,174,1535
295: 1199,526
296: 1719,2002,1816,1046,1339,1240,1659,387,1308,499,273,1865,562,129
297: 
298: 587,1646
299: 
300: 
301: 1891,1472,1492,1581,1791,1245,1536
302: 925,1110
303: 1884,2005,1233,1020,1032,1407,1243,1315,286
304: 1835,1866,1353,223
305: 177,1038,115,1542,1427,167
306: 
307: 
1938: 
1869: 
310: 1592,152,610
311: 
312: 1294
313: 1080,981,1523,1469,475,1795,528,2011,270,874,74,184,1853,914,1708
314: 1225,2013,1409,582,663,842,7,1338,1224,193,26,1863,1745,86,777
315: 
1993: 1728,1499,818,1819,2000,1770,574,339,629,237,1602,109,1244,916,458,685
317: 145,1534,1288,225,178,2009,1483,30,1528,1892,462,727
318: 84
319: 963,170,697,1123,1250,1116,948,430,1446,221,2010,590,1760,1024,1120
320: 
321: 
322: 1420,551,677,705
323: 
1902: 1276,114,2001,1799,1062,9,1434
325: 516,182,1097
326: 
1953: 1228,1724,597,206,2016,1381,1725,701,1924,18
328: 
329: 518,436
330: 
331: 1288,779,178,1614,2009,1483,403,1166,30,1371
332: 207,1251,1700
333: 1216,249,1275,1521,1896,2008,208,929,879,1783,1091,1598,1167,100,1061,1029,49
334: 902,881
335: 1933,963,811,473,170,1250,948,430,2010,233,590,816,1476
336: 792,470
337: 291,151,1478
338: 1231,133
339: 1728,1499,217,818,1712,1819,229,2000,1770,574,629,237,1602,1993,109,916,458,685
340: 1309
341: 
342: 
343: 427,1215
344: 
345: 
1933: 335,963,811,473,170,697,1123,1250,1116,948,430,1446,221,2010,233,590,816,1641,1214
347: 1405,1632,866,292,1605
1911: 1573,1161
349: 231
350: 
351: 1482,1895,192,417,2012,1564,1471,238,730,1424,1599,293,414,1332
352: 
1970: 950,391,1733
354: 1175,1527
355: 
356: 
357: 
358: 1303,573,1000,732,1697,1237,1350,1529,836,594,935,1095,494,1555,2006
359: 
360: 
361: 1124,1858,1677,22,2004,62,882,112,1077
362: 800,1811
363: 
364: 1036,1748,1346
365: 785,1202,408,1684,1318,1001,463,2007,54,1186,990,1408,1267
366: 
367: 1556,1954
368: 
369: 
370: 1884,2005,1233,1020,1676,1407,1315,286,239
1838: 475,528,2011,270,1435,1103
372: 
1893: 
374: 
1913: 
376: 493,1558,2018,1577,1356,682,625,1159,1027,804,183,831,901,699,1150,1322,541,1189,203,618
377: 
378: 1719,2002,1816,1046,1339,1659,387,1308,87,1865,146,666,1376,562
379: 
1901: 247,1118,448,2014,650,756,131,1825,555,1879
381: 228,453,1987
382: 1937,240
383: 
384: 1657
1974: 267,718,98,201,1762,122,469,121,532,1401,769,130,72,2015,1622,1926,1360,1957
386: 1936,1145
387: 1719,2002,1816,1046,1339,1240,378,1659,499,296,273,1865,666,1376,562,129
388: 1151,289,1111
389: 
390: 
391: 950,1970,1733
392: 1075
393: 
394: 
395: 
396: 
397: 
398: 1644,423
399: 
400: 992,656,1876,1468,739
401: 
402: 
403: 1288,779,225,178,1614,2009,331,1971,1483,1166,30,1528,1892,462,727
404: 837
405: 1196,124
406: 
1958: 21
408: 785,1202,365,1684,1318,1001,463,495,1945,1837,2007,1823,1377,54,1186,990,1408,1267
409: 217,2000,1432,1770,629,237,132,1602
410: 
411: 
412: 415,1815
413: 250
414: 1482,1895,192,1859,2012,238,730,1256,1599,293,351,1332
415: 412,1815
416: 121,1401,769,130,72,13,1852,2015,1622,1883,1138,862,1926,1360,201,122
417: 1948,1763,1895,192,2012,1564,1471,238,821,730,1256,1424,1599,351,1332
418: 
419: 1805,1681
420: 117,1976,19
1930: 643,1643,1230,116
1894: 
423: 1644,398
1937: 240,382
425: 
426: 236,2003,876,807,1633,578,120,220,200,1260,558,760,1355,1179
427: 343
428: 740,1888
1956: 
430: 1933,335,963,811,473,170,697,1250,1116,948,319,1446,221,2010,233,590,816,1641,1760,1476,1024
431: 979
432: 1380
433: 1325,1567,1094
1939: 
435: 1977,477,1595,179,2019,251,1479,1520,1128,1045,1968,1961
436: 518,329
437: 
438: 632,686,1818
439: 
440: 
441: 281
442: 755
443: 1827,1359
444: 165
445: 
446: 1562
447: 823,466
448: 247,1901,1118,2014,1934,650,1587,756,131,1825,555,1879,1300,1475
449: 
450: 
451: 539
452: 1613
453: 381,228,1987
454: 540,634
455: 1973,764
456: 1100,1289
457: 918,1404
458: 1728,1499,1712,229,2000,1015,574,339,629,1602,1993,109,916
459: 1184,272
460: 
461: 119
462: 225,178,1614,2009,1971,1483,403,30,1892,727,317
463: 1001,495,669,1945,222,1837,2007,687,81,134,1823,1377,54,1186,990,1408,1267,785,1202,408,365,1318
464: 547
465: 
466: 823,447
1945: 1001,463,495,669,222,1837,2007,687,81,134,1823,1377,54,1186,990,1408,1267,408
468: 
469: 718,98,201,1762,1974,122,121,532,1401,769,130,72,13,2015,1622,1138,1926,1360,1957
470: 792,336,1590
471: 
472: 1855
473: 1933,335,963,811,170,697,1123,1250,1116,948,430,1446,221,2010,590
474: 1445,1875
475: 1080,981,1523,1469,1795,528,2011,270,1435,313,874,74,1103,184,1838,1853,914,1708
476: 
477: 956,1977,1595,179,2019,251,1362,1479,1419,1568,940,1128,435,1249,1484,1045,1968,1578
478: 935,1095,653,1555,2006,1303,573
479: 1228,1724,2016,1381,1714,1330,1713,701,1924,18
480: 
481: 
482: 261,1276,1705,1056,2001,1799,939,942,1787,657,713,9,1434
1871: 1831,1794,1509
1980: 
485: 
486: 1222
487: 935,1095,494,653,564,1555,2006,1303,573,1000,732,1697,1237,1529,836,594
1879: 247,1901,1118,448,2014,1934,650,1587,756,131,1825,555,1300,1475
489: 
490: 
491: 1575,1141,1591,236,2003,876,1023,807,1633,253,928,1804,1417,220,1324,200,1260,558,1355,1969
492: 1335,1358
493: 1558,2018,1577,682,625,1159,1027,804,183,831,901,699,1150,1322,376,541,1189,203,618
494: 935,1095,653,564,487,1555,2006,1303,573,1000,732,1697,1237,358,836,594
495: 1001,463,669,1945,222,1837,2007,81,134,1823,1377,54,1186,990,1408,1267,1052,785,1202,408,1684,1988
496: 
497: 1054,1768
1968: 1977,477,1595,179,2019,251,1798,1362,1479,1520,940,1128,435,1249,1045,1961,1578
499: 1719,2002,1816,1240,387,1308,296,562,129
500: 1208,139
501: 523
502: 
503: 1258,504,1227,1270,803
504: 1258,1227,503,1270
2010: 233,1190,985,590,816,780,1554,1641,1004,1760,1214,936,1476,1024,1120,1933,335,963,811,473,170,697,1123,1250,1116,948,430,319,1446,221
506: 1983,2018,1577,1356,682,1159,1027,804,1840,901,699,1150,1322,618
507: 
508: 
509: 1631,810,603
510: 766,277
511: 1747
512: 
513: 119
514: 58,227,1764,1810,1331,808,777,567,193,26,1745,1570,1496,86,12,1541,1073,141,1857,1225,2013,1409,582,663,842,7,1338
515: 
516: 182,1097,325
517: 
518: 436,329
519: 533,264,1014,1293
520: 
1849: 
1977: 956,477,1595,179,2019,251,1798,1362,1479,1419,1568,1128,435,1249,1045,1968,1961,1578
523: 501
524: 579,96
525: 
526: 295,796,1706
527: 
528: 1080,981,1523,1469,475,1795,2011,270,1435,313,874,74,1103,184,1838,1853,914,1708
529: 
530: 
531: 
532: 121,1401,769,130,13,2015,1622,1138,862,1360,1957,267,1762,1974,122,469
533: 264,519,1014,55,1293
534: 1513,1011
535: 1757,1699
536: 1462,966
2003: 1575,1141,1591,236,876,491,1023,807,1633,253,578,928,1804,1417,426,120,220,1440,1324,200,1260,558,760,1355,1969,1179
538: 
539: 451
540: 454,634
541: 493,1558,2018,625,1159,1027,804,831,699,1150,1322,376,1189,203,618
542: 
543: 
544: 
545: 
546: 
547: 464
548: 1625,1072
549: 704,1654,1155,1781
1997: 1383,1964,1579,833,1858,1677,662,22,2004,1972,263,62,882,112,1077
551: 1420,322,677,705
552: 
553: 924,1070,1463,651
554: 
555: 247,1901,1118,448,2014,1934,650,1587,756,1825,1879,1611,1300,1475
556: 1729,1582,1297
557: 
558: 1591,236,2003,876,491,1023,807,1633,578,426,120,220,1324,200,1260,760,1355,1179
559: 1730
560: 1343,1283
561: 1672
562: 1719,2002,1816,1046,1339,1240,378,1659,387,1308,499,296,87,273,1865,146,666,1376,129
563: 
564: 935,494,653,487,1555,2006,732,1237,594
565: 1444
566: 
567: 58,227,1764,1810,1331,808,777,514,193,26,1745,1496,86,12,1541,1073,2013,1409,663,842,7,1338
568: 118,791
2013: 141,1857,1225,1409,582,663,842,7,1338,314,1224,193,26,1863,1745,1570,1496,86,12,1541,1073,58,227,1764,1810,1331,808,777,514,567
570: 
571: 951,1604
572: 
573: 1303,1000,732,1697,1237,1350,358,1529,836,594,935,1095,494,653,478,487,1555,2006
574: 1499,217,1712,229,2000,870,1015,339,629,237,1602,1993,109,916,458
575: 
576: 
577: 1729,1582,1727,691,1297
578: 1575,1591,2003,876,1023,807,426,120,220,200,1260,558,760,1355,1179
579: 524,96
580: 1378
1830: 1732,1176,1593
582: 141,1857,1225,2013,1409,663,842,7,1338,314,1224,193,26,1863,1745,1570,86,12,1764,808,777,514
1910: 695
584: 738,1755
585: 
586: 
587: 256,1646,298
588: 1285,1277,1806,1845
1829: 824,88
590: 2010,233,1190,985,816,1554,1641,1004,1760,1214,936,1476,1024,1120,1933,335,963,811,473,170,697,1123,1250,1116,948,430,319,1446,221
591: 
592: 1922
593: 
594: 1303,573,1000,732,1697,1237,1350,358,1529,836,935,1095,494,653,564,487,1555,2006
595: 
596: 1600,1171
597: 1228,1724,206,2016,1381,1725,1953,1330,701,1924,18
598: 
599: 
600: 1507,1662
601: 209
2012: 1948,1763,1482,1895,192,1859,417,1564,1471,238,821,1533,730,1256,1424,1599,293,351,414,1332
603: 1631,810,509
604: 
605: 1261
606: 1906,642,973
607: 
608: 175,954,1226
1929: 
610: 152,1592,310
611: 
612: 1087
613: 1252,1082,709
614: 
615: 
616: 
617: 
618: 1983,493,1558,2018,1577,1356,682,625,1159,1027,804,183,1840,831,901,699,1150,1322,376,541,506,1189,203
619: 1213,865
620: 195,291,1478
621: 708,689,1410,1846
622: 
1859: 1948,1763,1482,192,2012,238,821,1533,730,1256,414,1332
624: 1317
625: 1983,493,1558,2018,1577,1356,682,1159,1027,804,183,831,901,699,1150,1322,376,541,1189,203,618
626: 33,1108
627: 723,1776
628: 1396,15,284,1337
629: 1499,217,818,1819,229,2000,409,1770,870,1015,574,339,237,132,1602,1993,109,916,458
630: 
631: 
632: 438,686,1818
633: 
634: 540,454
635: 
636: 
637: 
638: 
1855: 472
1844: 1336,1298
641: 1914,1718
642: 606,1906,973
643: 1930,1643,1230
644: 
645: 
1920: 
1828: 1739,66,1626,790
1943: 1940
649: 
650: 247,1901,1118,448,2014,1934,1587,756,1825,555,1879,1611
651: 1070,1803,924,553
1922: 592
653: 935,1095,494,564,478,487,1555,2006,1303,573,1000,732,1237,594
654: 880
655: 
656: 992,1876,400,1468,739
657: 261,482,1705,1056,2001,1345,1799,939,942,1787,713,9
658: 
659: 
660: 
661: 1047
662: 1383,1964,1579,1124,1858,22,2004,1972,1997,62,882
663: 141,1857,1225,2013,1409,582,842,7,1338,314,26,1863,1745,1570,86,12,1073,58,227,1764,1810,808,777,514,567
664: 56,1195,188
1921: 1245,1891,1581,1791
666: 1719,2002,1046,1339,378,1659,387,87,273,1865,146,1376,562,129
667: 
668: 
669: 1001,463,495,1945,222,1837,2007,81,134,1823,1377,1186,1267,1052,1988
670: 2019,251,1798,1362,940,180
671: 196
672: 1722,776
673: 
1806: 1285,1277,969,1845,588
675: 
676: 1443,244
677: 1420,322,551,705,847
678: 254,106
679: 
680: 
681: 1990
682: 1983,493,2018,1577,1356,625,1159,1027,804,183,1840,831,901,699,1150,1322,376,506,1189,203,618
683: 1078,1870,1044,1059
684: 
685: 1728,1499,818,1800,1819,2000,1432,339,237,1993,1244,916
686: 438,632,1818
687: 1001,463,1945,222,1837,2007,134,1823,54,990
688: 1508
689: 708,621,1410,1846
690: 1629
691: 1729,1582,1727,577
692: 1079,156,1263,1588,1690,2017,1181,1710,856,1280,949,1560,1177,1774
693: 
694: 
695: 1910
696: 716
697: 1933,963,811,473,170,1123,1250,1116,948,430,319,1446,221,2010,233,590,1554,1641,1760,1214,1024,1120
698: 
699: 1983,493,1558,2018,1577,1356,682,625,1159,1027,804,1840,831,1150,1322,376,541,506,1189,203,618
700: 
701: 1228,1724,479,597,206,2016,1381,1725,1953,1714,1330,1713,1924,18
2009: 1288,779,225,178,1614,331,1971,1483,403,1166,30,1528,1892,462,727,1371,145,1534,317
703: 
704: 549,1654,1155,1781
705: 847,1420,322,551,677
706: 
707: 1489
708: 689,621,1410,1846
709: 1252,613,1082
710: 
711: 
712: 1218
713: 261,482,1705,1056,2001,1345,939,942,1787,657
2011: 1080,981,1523,1469,475,1795,528,270,1435,313,874,74,1103,184,1838,1853,914,1708
715: 1328
716: 696
717: 
718: 267,98,201,1762,1974,122,469,1401,72,1852,2015,1622,1883,862,1926,1360
719: 242,1096
720: 
1941: 
722: 
723: 627,1776
724: 
725: 
1887: 1248,276,1526
727: 225,178,2009,1971,1483,403,30,1528,1892,462,145,1534,317
728: 
729: 
730: 1948,1763,1482,1895,192,1859,417,2012,1564,1471,238,821,1533,1256,1599,293,351,414,1332
731: 1885
732: 573,1000,1697,1237,358,1529,836,594,935,494,653,564,487,2006
733: 
734: 
735: 843,89
1983: 2018,1577,1356,682,625,1159,1027,804,1840,831,901,699,1150,1322,506,1189,203,618
737: 1707
738: 584,1755
739: 656,400,1468
740: 1888,428
741: 25
1848: 
743: 1660
744: 224,1789
745: 1012,995
746: 
747: 
748: 1553
749: 
750: 
751: 1664,1136,1106
752: 
753: 1673,1648
754: 
755: 442
756: 247,1901,1118,448,2014,1934,650,1587,131,1825,555,1879,1611,1300,1475
757: 1193,1444
758: 
759: 
760: 1591,236,2003,876,1023,807,1633,578,426,120,220,1440,1260,558,1355,1179
761: 
762: 
763: 1223
764: 455,1973
765: 805,38
766: 277,510
1870: 683,1078,1661,1363,1044,867,1059
768: 
769: 121,532,1401,130,13,2015,1622,416,1138,1360,1957,201,1762,1974,122,469
770: 
771: 
772: 
773: 
774: 1978,904,1965,1821,1425
775: 1794
776: 1722,672
777: 58,227,1764,1810,1331,808,514,567,193,26,1745,1496,86,12,1541,1073,1225,2013,1409,582,663,842,7,1338,314
2015: 121,532,1401,769,130,72,13,1852,1622,416,1883,1138,862,1926,1360,1957,267,718,98,201,1762,1974,122,469
779: 1288,225,178,1614,2009,331,1483,403,1166,30,1528,1371,145
780: 2010,1190,985,1554,1641,1004,936
781: 1311,1635,59,1621
782: 
783: 1824,890
784: 
785: 1202,408,365,1684,1318,1001,463,495,2007,54,1186,990,1408,1267
786: 
787: 1437,997
1891: 1472,1492,1581,301,1791,1245,1921,1536
789: 
790: 1739,66,1828,1626
791: 118,568
792: 470,336,1590
793: 982,932
794: 1557
795: 
796: 526,1706
797: 
798: 
799: 
800: 362,1811
801: 
802: 
803: 503
804: 1983,493,2018,1577,1356,682,625,1159,1027,831,901,699,1150,1322,376,541,506,1189,203,618
805: 765,38
806: 
807: 1575,1141,1591,236,2003,876,491,1023,1633,253,578,1804,426,120,220,1324,200,1260,558,760,1355,1179
808: 58,227,1764,1810,1331,777,514,567,1745,86,12,1073,141,1857,2013,1409,582,663,7,1338
809: 
810: 1631,603,509
811: 1933,335,963,473,170,697,1123,1250,1116,948,430,1446,221,2010,233,985,590,816,1641,1004,1760,1214,936,1476,1024,1120
812: 
813: 
814: 
815: 
816: 2010,233,1190,985,590,1554,1641,1004,1760,1214,936,1476,1024,1120,1933,335,963,811,170,1250,948,430,1446,221
817: 278,150
818: 1728,1499,1800,1819,2000,1432,1770,339,629,237,132,1993,1244,916,685
819: 
820: 
821: 1948,1763,1895,192,1859,417,2012,1564,238,1533,730,1256,1332
822: 
823: 447,466
824: 88,1829
2017: 1429,1079,156,692,1263,1752,863,1487,83,1588,1690,1181,47,1210,1710,856,1280,949,1560,1177,1774,123,1394
826: 
827: 
828: 
829: 1753,268
830: 
831: 1983,493,1558,2018,682,625,1159,1027,804,699,1150,1322,376,541,1189,203,618
832: 23,896
833: 1383,1964,1858,1677,22,2004,263,1997,882,112,1077
834: 60,76,1734
835: 
836: 1303,573,1000,732,1697,1237,1350,358,1529,594,935,494,487,2006
837: 404
1985: 
839: 
1984: 
841: 1158
842: 141,1225,2013,1409,582,663,7,1338,314,193,26,1745,86,58,1764,1331,777,514,567
843: 89,735
844: 135,1302
1955: 
846: 
847: 705,677
2004: 1383,1964,1579,1124,361,833,1858,1677,662,22,1972,263,1997,62,882,112,1077
1816: 1719,2002,1046,1240,378,1659,387,499,296,273,562,129
850: 1043,1216,1275,1060,1521,1896,1257,2008,1736,208,879,1042,1992,100,1923,1061,1029,49
851: 
852: 
853: 1296
854: 
855: 958,1083
856: 1429,1079,156,692,1263,1752,863,1487,83,1588,1690,2017,1181,47,1210,1710,1280,949,1560,1177,1774,123,1394
857: 1995
858: 
1821: 1978,904,774,1965
860: 143,1477,1665
861: 
862: 121,532,1401,130,72,13,1852,2015,1622,416,1883,1138,1926,1360,267,718,1762,122
863: 1429,1263,1752,83,2017,1181,47,1210,856,1280,949,1560,1774,123,1394
864: 1504
865: 619,1213
866: 347,1632,292
867: 897,1363,1044,1059,1661,1078,1870
868: 
1950: 1121,1125
870: 1712,229,2000,1015,574,629,1602,109
871: 
872: 
873: 978
874: 1080,981,1523,1469,475,1795,528,2011,270,1435,313,74,184,1853,914,1708
875: 
876: 1575,1591,236,2003,491,1023,807,1633,578,426,120,220,1440,1324,200,1260,558,760,1355,1179
877: 
878: 
879: 1043,1216,249,333,1275,1060,1521,1896,850,2008,1736,208,929,1042,1783,1091,1598,1167,1992,100,1923,1061,1029,49
880: 654
881: 334,902,971
882: 1383,1964,1124,361,833,1858,1677,662,22,2004,263,1997,62,112,1077
883: 
884: 1003,1850
885: 941,1543
886: 1107,938
887: 
1895: 1948,1763,1482,192,417,2012,1564,1471,238,821,730,1424,1599,293,351,414,1332
889: 1932
890: 1824,783
891: 1192
892: 
893: 212,1313
894: 
895: 78
896: 832,23
897: 1363,1044,867,1059
898: 1157,1470
899: 
1960: 
901: 1983,493,2018,1577,1356,682,625,1159,1027,804,183,1840,1150,376,506,1189,618
902: 334,881,971
903: 
904: 1978,774,1965,1821,1425
905: 
906: 1669,8,1392,1292
2007: 1001,463,495,669,1945,222,1837,687,81,134,1823,1377,54,1186,990,1408,1267,1052,785,1202,408,365,1684,1318,1988
1853: 1080,981,1523,1469,475,1795,528,2011,313,874,74,184,914,1708
909: 1616
1832: 
911: 1187,1537
912: 1862,1524,1927
913: 21
914: 1080,981,1523,1469,475,1795,528,2011,313,874,74,184,1853,1708
915: 
916: 1728,1499,217,818,1712,1819,229,2000,1432,1770,574,339,629,237,1602,1993,109,1244,458,685
917: 159
918: 457,1404
1959: 1642
920: 
1986: 
922: 
923: 
924: 553,1070,1463,651
925: 1110,302
926: 133
927: 
928: 1575,1141,1591,2003,491,1023,253,1804,1417,220,1440,1324,1260,1355,1969
929: 1216,249,333,1275,1060,1521,1896,1257,2008,1736,208,879,1783,1091,1029,49
930: 
1856: 
932: 982,793
933: 1005,114,2001
934: 1204
935: 1095,494,653,564,478,487,1555,2006,1303,573,1000,732,1697,1237,1350,358,1529,836,594
936: 2010,233,1190,985,590,816,780,1554,1641,1004,1760,1214,1476,1024,1120,811,170,948,1446,221
937: 
938: 1107,886
939: 261,482,1705,1056,2001,1345,942,1787,657,713
940: 956,477,1595,179,2019,251,1798,1362,1520,1128,1249,1484,1968,670,1961,180,1578
941: 885,1543
942: 261,482,1705,114,2001,1799,939,1787,657,713,9
943: 1694
944: 
945: 
946: 1306
947: 
948: 1933,335,963,811,473,170,697,1123,1250,1116,430,319,1446,221,2010,233,985,590,816,1641,1004,1760,1214,936,1476,1024,1120
949: 1429,1079,156,692,1263,863,1487,83,1690,2017,1181,47,856,1280,1560,1177,1774
950: 391,1970,1733
951: 571,1604
952: 
1807: 
954: 1226,175,608
1850: 1003,884
956: 1977,477,1595,179,2019,251,1798,1362,1419,1568,940,1128,1249,1484,180,1578
957: 
958: 855,1083
959: 
960: 
961: 967,1268
962: 1566
963: 1933,335,811,473,170,697,1123,1250,1116,948,430,319,1446,221,2010,233,590,816,1641,1760,1214,1024
964: 1016
965: 
966: 1462,536,148
967: 961,1268
968: 
969: 1285,1277,1806,1845
970: 
971: 902,881
1965: 1978,904,774,1821,1425
973: 606,1906,642
974: 
975: 278,150
976: 
977: 
978: 873
979: 431
980: 
981: 1080,1523,1469,475,1795,528,2011,270,1435,313,874,74,1103,184,1853,914,1708
982: 932,793
983: 157
984: 
985: 2010,233,1190,590,816,780,1554,1641,1004,1214,936,1476,1024,811,948
986: 
987: 
988: 
1889: 113
990: 1001,463,495,1945,1837,2007,687,134,1823,1377,54,1186,1408,1267,785,1202,408,365,1684,1318
991: 
992: 656,1876,400
1999: 1310
994: 
995: 1012,745
996: 
997: 1437,787
1874: 99,168
999: 
1000: 1303,573,732,1697,1237,1350,358,1529,836,594,935,1095,494,653,487,1555,2006
1001: 463,495,669,1945,222,1837,2007,687,81,134,1823,1377,54,1186,990,1408,1267,785,1202,408,365,1684
1904: 
1003: 884,1850
1004: 2010,233,1190,985,590,816,780,1554,1641,1760,1214,936,1476,1024,1120,811,170,1250,948,1446,221
1005: 933,114,2001
1006: 1268
1952: 
1008: 
1009: 
1010: 
1011: 1513,534
1012: 995,745
1013: 
1014: 533,264,519,55,1293
1015: 217,1712,229,2000,870,574,629,1602,109,458
1016: 964
1017: 
1018: 
1019: 
1020: 1884,2005,1233,1676,1032,1407,303,1033,370,1315,286,239
1021: 
1022: 
1023: 1575,1141,1591,236,2003,876,491,807,1633,253,578,928,1804,1417,120,220,1440,1324,200,1260,558,760,1355,1969,1179
1024: 2010,233,1190,985,590,816,1554,1641,1004,1760,1214,936,1476,1120,963,811,170,697,1116,948,430,319,1446,221
1025: 1947
1026: 
1027: 1983,493,1558,2018,1577,1356,682,625,1159,804,183,1840,831,901,699,1150,1322,376,541,506,1189,203,618
1028: 1428
1029: 1042,1783,1091,1598,1167,1992,100,1923,1061,49,1043,333,1060,1521,1896,850,2008,1736,208,929,879
1030: 1640,191,1927
1903: 1561
1032: 2005,1233,1020,1676,1407,303,1243,1033,1315,286
1033: 2005,1233,1020,1676,1032,1407,1243,1315
1034: 
1035: 
1036: 364,1721,1645
1037: 
1038: 115,1808,1542,305,1427,167
1863: 1224,193,26,1745,1570,86,12,1541,1073,2013,1409,582,663,1338,314
1040: 1361,1421
1041: 
1042: 1783,1091,1598,1992,100,1923,1061,1029,49,1043,1060,1896,850,2008,208,879
1043: 1060,1521,1896,1257,850,2008,1736,208,879,1042,1992,1923,1029
1044: 897,1363,867,1059,1661,683,1078,1870
1045: 1977,477,1595,179,2019,1479,1419,1128,435,1968,1961
1046: 1719,2002,1816,1339,1240,378,1659,387,1308,296,87,273,1865,146,666,1376,562,129
1047: 661
1048: 
1049: 
1050: 
1051: 
1052: 495,669,222,2007,81,1377,1267,1988
1053: 
1054: 497,1768
1055: 
1056: 261,482,1276,1705,2001,939,1787,657,713,1434
1057: 204
1058: 285
1059: 897,1363,1044,867,683,1078,1870
1060: 1043,1275,1521,1896,1257,850,2008,1736,208,929,879,1042,1783,1091,1598,1992,100,1923,1061,1029,49
1061: 1042,1783,1091,1598,1167,1992,100,1923,1029,49,1216,333,1275,1060,1521,1896,850,2008,208,879
1062: 1276,2001,1799,1902,1434
1875: 1445,474
1064: 
1936: 386,1145
1066: 
1067: 
1899: 
1069: 1908
1070: 1463,1803,651,924,553
1071: 
1072: 548,1625
1073: 1496,86,12,1541,26,1863,1745,1570,2013,1409,663,1338,227,1764,808,777,514,567
1074: 1597
1075: 392
1979: 
1077: 361,833,1858,1677,22,2004,263,1997,882,112
1078: 683,1870,1044,867,1059
1079: 1429,156,692,1263,1487,83,1588,1690,2017,1181,47,1210,1710,856,1280,949,1560,1177,1774
1080: 981,1523,1469,475,1795,528,2011,270,1435,313,874,74,1103,184,1853,914,1708
1081: 
1082: 1252,613,709
1083: 958,855
1084: 
1973: 455,764
2002: 1719,1816,1046,1339,1240,378,1659,387,1308,499,296,87,273,1865,146,666,1376,562,129
1087: 612
1088: 
1089: 
1948: 1763,1895,192,1859,417,2012,1564,238,821,1533,730,1256,1332
1091: 1042,1783,1598,1167,1992,100,1923,1061,1029,49,1216,333,1060,1521,1896,2008,208,929,879
1092: 1299
1093: 
1094: 1325,433,1567
1095: 935,494,653,478,487,1555,2006,1303,573,1000,1237,358,594
1096: 242,719
1097: 516,182,325
1098: 1281,1232
1099: 
1100: 456,1289
1988: 1202,1684,1052,495,669,1837,2007,81,1377,1408,1267
1102: 
1103: 1080,981,1469,475,528,2011,270,1435,1838
1104: 
1105: 
1106: 751,1136
1107: 938,886
1108: 626
1837: 1001,463,495,669,1945,222,2007,687,81,1823,1377,54,990,1408,1267,408,1684,1988
1110: 925,302
1111: 1151,388,289
1112: 
1944: 
1114: 
1115: 
1116: 1933,963,811,473,170,697,1123,1250,948,430,319,1446,221,2010,590,1641,1760,1024,1120
1117: 257,32
1118: 247,1901,448,2014,1934,650,1587,756,131,1825,555,1879,1611,1300,1475
1883: 121,1401,130,72,13,1852,2015,1622,416,1138,862,1926,1360,267,718,1762,122
1120: 2010,233,1190,590,816,1554,1641,1004,1760,1214,936,1476,1024,811,170,697,1123,1250,1116,948,319,1446,221
1121: 1125,1950
1122: 
1123: 1933,963,811,473,170,697,1250,1116,948,319,1446,221,2010,233,590,1641,1760,1214,1120
1124: 1383,361,1858,1677,662,22,2004,62,882,112
1125: 1121,1950
1126: 
1127: 
1128: 956,1977,477,1595,179,2019,251,1362,1479,1419,1520,1568,940,435,1249,1045,1968,1961,1578
1905: 
1130: 92
1131: 
1132: 
1133: 
1134: 
1135: 
1136: 751,1106
1991: 185
1138: 121,532,1401,769,130,72,13,2015,1622,416,1883,862,1360,122,469
1139: 
1809: 204
1141: 1575,1591,236,2003,491,1023,807,1633,253,928,1804,1417,120,1324,200,1260,1355,1969
1142: 
1143: 1329
1144: 
1145: 1936,386
1146: 
1147: 282,1510
1148: 
2018: 1983,493,1558,1577,1356,682,625,1159,1027,804,183,1840,831,901,699,1150,1322,376,541,506,1189,203,618
1150: 1983,493,1558,2018,1577,1356,682,625,1159,1027,804,183,1840,831,901,699,1322,376,541,506,1189,203,618
1151: 388,289,1111
1152: 
1153: 
1857: 141,1225,2013,1409,582,663,7,1338,1745,58,1764,1810,1331,808,514
1155: 1654,196,1781,704,549
2019: 956,1977,477,1595,179,251,1798,1362,1479,1419,1520,1568,940,1128,435,1249,1484,1045,1968,670,1961,180,1578
1157: 898,1470
1158: 841
1159: 1983,493,1558,2018,1577,1356,682,625,1027,804,183,1840,831,901,699,1150,1322,376,541,506,1189,203,618
1160: 77
1161: 1573,1911
1162: 
1840: 1983,2018,1577,1356,682,1159,1027,183,901,699,1150,506,618
1164: 
1923: 1042,1091,1598,1167,1992,100,1061,1029,49,1043,1060,1521,1896,850,2008,208,879
1166: 1288,779,225,178,2009,331,1483,403,1528,1371,145
1167: 1783,1091,1598,100,1923,1061,1029,49,1216,333,2008,208,879
1168: 
1967: 
1170: 
1171: 1600,596
1172: 
1173: 
1174: 
1175: 354
1176: 1593,1830
1177: 1429,1079,156,692,1263,1588,1690,2017,1181,1210,1710,856,1280,949,1774
1940: 1943
1179: 236,2003,876,1023,807,1633,578,426,120,220,200,1260,558,760,1355
1180: 28
1181: 1429,1079,156,692,1263,1752,863,1487,83,2017,47,1210,1710,856,1280,949,1560,1177,1774,123
1182: 1279,1731,85
1183: 
1184: 272,459
1185: 1497
1186: 1001,463,495,669,1945,2007,134,1823,1377,54,990,1408,1267,785,1202,408,365,1684,1318
1187: 1537,911
1188: 
1189: 1983,493,1558,2018,1356,682,625,1159,1027,804,831,901,699,1150,1322,376,541,203,618
1190: 2010,233,985,590,816,780,1554,1641,1004,1214,936,1024,1120,221
1191: 
1192: 891
1193: 757,1444
1194: 
1195: 56,664,188
1196: 405
1197: 1793,1439
1198: 
1199: 295
1200: 174,294,1535
1201: 
1202: 785,408,365,1684,1318,1988,1001,463,495,2007,1823,1377,1186,990,1408,1267
1203: 
1204: 934
1205: 
1987: 381,228,453
1822: 1750
1208: 139,500
1209: 1836,1466
1210: 1429,1079,156,1263,1752,863,1487,1588,2017,1181,47,1710,856,1280,1177,1774,123,1394
1211: 
1212: 
1213: 619,865
1214: 2010,233,1190,985,590,816,1554,1641,1004,1760,936,1024,1120,1933,963,811,170,697,1123,1250,948,1446,221
1215: 343
1216: 249,333,1275,1521,1896,850,2008,208,929,879,1091,1167,1061,49
1217: 
1218: 712
1885: 731
1220: 1966,128
1221: 
1222: 486
1223: 763
1224: 193,26,1863,1745,1570,86,12,1541,2013,1409,582,1338,314
1225: 141,1857,2013,1409,582,663,842,7,1338,314,26,86,58,1764,777,514
1226: 954,175,608
1227: 1258,504,503,1270
1228: 1724,479,597,206,2016,1381,1953,701,1924
1229: 
1230: 117,643,1930,1643,116
1231: 133,338
1232: 1281,1098
1233: 1884,2005,1020,1676,1032,1407,303,1243,1033,370,1315,286
1234: 1627
1896: 1043,1216,249,333,1275,1060,1521,1257,850,2008,1736,208,929,879,1042,1091,1598,1992,100,1923,1061,1029,49
1236: 
1237: 1303,573,1000,732,1697,1350,358,1529,836,594,935,1095,494,653,564,487,1555,2006
1876: 992,656,400
1239: 1743
1240: 2002,1816,1046,1659,387,499,296,273,1865,562,129
1241: 
1914: 641,1718
1243: 2005,1233,1676,1032,1407,303,1033,1315,286
1244: 1728,1499,818,1800,1819,2000,1432,1770,237,132,1602,1993,916,685
1245: 1921,1536,1891,1472,1492,1581,301,1791
1246: 
1247: 230,1287
1248: 1887,276,1526
1249: 956,1977,477,1595,179,2019,1798,1362,1419,1568,940,1128,1484,1968,180,1578
1250: 1933,335,963,811,473,170,697,1123,1116,948,430,319,1446,221,2010,233,590,816,1641,1004,1760,1214,1120
1251: 207,332,1700
1252: 613,1082,709
1253: 
1254: 
1255: 
1256: 1948,1763,192,1859,417,2012,238,821,1533,730,414,1332
1257: 1043,1275,1060,1521,1896,850,2008,1736,208,929
1258: 504,1227,503,1270
1259: 
1260: 1575,1141,1591,236,2003,876,491,1023,807,1633,253,578,928,1804,1417,426,120,220,1440,1324,200,558,760,1355,1179
1261: 605
1262: 
1263: 1429,1079,156,692,863,1487,83,1588,1690,2017,1181,47,1210,1710,856,1280,949,1560,1177,1774
1264: 
1265: 
1266: 
1267: 1001,463,495,669,1945,222,1837,2007,81,134,1823,1377,54,1186,990,1408,1052,785,1202,408,365,1684,1318,1988
1268: 1006,961,967
1912: 108
1270: 1258,504,1227,503
1868: 
1272: 1966,128
1273: 1656
1274: 
1275: 1216,249,333,1060,1521,1896,1257,850,2008,1736,208,929,879,1061,49
1276: 482,1056,2001,1799,1902,1062,9,1434
1277: 1285,969,1806,1845,588
1278: 
1279: 1182,1731
1280: 1429,1079,156,692,1263,1752,863,83,1588,2017,1181,47,1210,856,949,1560,1177,1774,123,1394
1281: 1232,1098
1282: 
1283: 1343,560
1284: 
1285: 1277,969,1806,1845,588
1961: 1977,1595,179,2019,251,1798,1520,940,1128,435,1045,1968,1578
1287: 1247,230
1288: 779,225,178,1614,2009,331,1483,403,1166,30,1528,1371,145,317
1289: 456,1100
1290: 
1291: 51
1292: 1669,906
1293: 533,264,519,1014
1294: 312
1295: 2016,1381,1725,1714,1330,1713,18
1296: 853
1297: 1729,556,1582,1727,577,288
1298: 1336,1844
1299: 1092
1300: 1475,1118,448,2014,1934,1587,756,131,555,1879,1611
1301: 
1302: 135,844
1303: 573,1000,1697,1237,1350,358,1529,836,594,935,1095,494,653,478,487,1555,2006
1954: 367,1556
1305: 
1306: 946
1307: 
1308: 1719,2002,1046,1339,378,499,296,146,1376,562,129
1309: 340
1310: 1999,1403,1741
1311: 1635,59,781,290,1621
1932: 889
1313: 212,893,1385
1314: 
1315: 1884,2005,1233,1020,1676,1032,1407,303,1243,1033,370,286
1316: 
1317: 624
1318: 785,1202,408,365,1684,463,2007,54,1186,990,1408,1267
1319: 
2014: 247,1901,1118,448,1934,650,1587,756,131,1825,555,1879,1611,1300,1475
1321: 
1322: 1983,493,2018,1577,1356,682,625,1159,1027,804,831,699,1150,376,541,506,1189,203,618
1918: 
1324: 1575,1141,1591,236,2003,876,491,1023,807,1633,253,928,1804,120,200,1260,558,1355
1325: 433,1567,1094
1326: 
1327: 
1328: 715
1329: 1143
1330: 1724,479,597,2016,1381,1725,1714,1713,701,1924,18,1295
1331: 58,227,1764,1810,808,777,514,567,86,12,141,1857,2013,1409,842,7,1338
1332: 1948,1763,1482,1895,192,1859,417,2012,1564,1471,238,821,1533,730,1256,1599,351,414
1333: 
1846: 708,689,621,1410
1335: 492,1358
1336: 1298,1844
1337: 1396,15,284,628
1338: 141,1857,1225,2013,1409,582,663,842,7,314,1224,193,26,1863,1745,1570,1496,86,12,1541,1073,58,227,1764,1810,1331,808,777,514,567
1339: 1719,2002,1046,378,1659,387,1308,296,87,273,1865,146,666,1376,562,129
1340: 
1341: 
1342: 
1343: 1283,560
1344: 71
1345: 261,1705,2001,939,657,713
1346: 1748,364
1347: 274,1464
1348: 
1825: 247,1901,1118,448,2014,650,1587,756,131,555,1879,1475
1350: 1303,573,1000,1697,1237,358,1529,836,594,935,2006
1351: 
1352: 216
1353: 223,304,1835,1866
1354: 1498
1355: 1575,1141,1591,236,2003,876,491,1023,807,1633,253,578,928,1804,1417,426,120,220,1440,1324,200,1260,558,760,1969,1179
1356: 1983,2018,1577,682,625,1159,1027,804,1840,901,699,1150,1322,376,506,1189,203,618
1951: 
1358: 492,1335
1359: 443,1827
1360: 121,532,1401,769,130,72,13,1852,2015,1622,416,1883,1138,862,1926,267,718,1762,1974,122,469
1361: 1040,1421
1362: 956,1977,477,1595,179,2019,251,1798,1419,1520,1568,940,1128,1249,1484,1968,670,180,1578
1363: 897,1044,867,1059,1661,1870
1835: 304,1866,1353,223
1365: 
1366: 
1367: 
1368: 1525
1369: 
1370: 
1371: 1288,779,178,2009,331,1483,1166,1528,145
1372: 102
1373: 
1996: 
1375: 
1376: 1719,2002,1046,1339,378,1659,387,1308,87,273,1865,146,666,562,129
1377: 1001,463,495,669,1945,222,1837,2007,81,134,1823,1186,990,1408,1267,1052,1202,408,1684,1988
1378: 580
1379: 1873
1380: 432
1381: 1228,1724,479,597,2016,1725,1953,1714,1330,1713,701,1924,18,1295
1382: 1925
1383: 1964,1579,1124,833,1858,1677,662,22,2004,1972,263,1997,62,882,112
1384: 
1385: 212,1313
1386: 
1387: 
1388: 
1389: 
1971: 225,1614,2009,1483,403,30,462,727
1391: 1551
1392: 1669,8,906
1393: 
1394: 123,863,2017,1210,856,1280,1774
1395: 
1396: 15,284,1337,628
1397: 
1398: 
1399: 
1400: 
1401: 121,532,769,130,72,1852,2015,1622,416,1883,1138,862,1926,1360,267,718,98,201,1762,1974,122,469
1908: 292,1069
1403: 1310,1741
1404: 457,918
1405: 1517,347,1605
1406: 
1407: 1884,2005,1233,1020,1676,1032,303,1243,1033,370,1315,286
1408: 1001,463,495,1945,1837,2007,81,1823,1377,54,1186,990,1267,785,1202,408,365,1684,1318,1988
1409: 141,1857,1225,2013,582,663,842,7,1338,314,1224,193,26,1863,1745,1570,86,12,1541,1073,58,227,1764,1810,1331,808,777,514,567
1410: 708,689,621,1846
1411: 
1412: 
1805: 419
1414: 
1926: 1401,130,72,1852,2015,1622,416,1883,862,1360,267,718,98,201,1762,1974,122,469
1845: 1285,1277,969,1806,588
1417: 1575,1141,1591,2003,491,1023,253,928,220,1440,1260,1355,1969
1808: 177,171,1038,115,1542,1427
1419: 956,1977,477,1595,2019,1362,1479,1568,1128,1249,1484,1045
1420: 322,551,677,705
1421: 1040,1361
1422: 
1992: 1042,1783,1091,1598,100,1923,1061,1029,49,1043,1060,1521,1896,850,2008,1736,208,879
1424: 1895,192,417,2012,1564,1471,1599,293,351
1425: 904,774,1965
1426: 
1427: 177,171,1038,115,1808,1542,305,167
1428: 1028
1429: 1079,156,1263,1752,863,1487,83,2017,1181,47,1210,1710,856,1280,949,1560,1177,1774,123
1430: 1642,1661
1431: 
1432: 1728,1499,217,818,1800,1819,2000,409,1770,237,132,1602,1244,916,685
1433: 
1434: 482,1276,1056,2001,1799,1902,1062,1787,9
1435: 1080,981,1469,475,1795,528,2011,270,874,74,1103,184,1838,1708
1436: 
1437: 997,787
1819: 1728,1499,217,818,1800,2000,1432,1770,339,629,237,132,1602,1993,1244,916,685
1439: 1793,1197
1440: 1591,2003,876,1023,928,1417,220,1260,760,1355
1441: 111
1815: 412,415
1443: 244,676
1444: 757,1193,565
1445: 1875,474
1446: 1933,963,811,473,170,697,1123,1250,1116,948,430,319,221,2010,233,590,816,1554,1641,1004,1760,1214,936,1024,1120
1447: 
1448: 
1449: 
1450: 186,1493
1451: 
1452: 
1453: 1607
1454: 
1455: 
1917: 
1457: 
1458: 
1459: 
1460: 
2005: 1884,1233,1020,1676,1032,1407,303,1243,1033,370,1315,286,239
1462: 966,536,148
1463: 1070,1803,924,553
1464: 274,1347
1465: 
1466: 1836,1209
1928: 
1468: 656,400,739
1469: 1080,981,1523,475,1795,528,2011,270,1435,313,874,74,1103,184,1853,914,1708
1470: 898,1157
1471: 1482,1895,192,417,2012,1564,238,730,1424,1599,293,351,1332
1472: 1891,1492,1581,301,1245,1536
1473: 
1474: 
1475: 1300,1118,448,2014,1587,756,131,1825,555,1879,1611
1476: 2010,233,985,590,816,1554,1641,1004,1760,936,1024,1120,335,811,170,948,430,221
1477: 860,143,1665
1478: 291,337,620,195
1479: 1977,477,1595,179,2019,1419,1568,1128,435,1045,1968,1578
1947: 1025
1481: 4
1482: 1895,192,1859,2012,1471,238,730,1599,293,351,414,1332
1483: 1288,779,225,178,1614,2009,331,1971,403,1166,30,1528,1892,462,727,1371,145,317
1484: 956,477,1595,2019,1798,1362,1419,1568,940,1249,180,1578
1915: 
1858: 1383,1964,1124,361,833,1677,662,22,2004,1972,263,1997,62,882,112,1077
1487: 1429,1079,156,1263,83,1588,1690,2017,1181,47,1210,1710,856,949,1560
1488: 231
1489: 707
1490: 
1491: 
1492: 1891,1472,1581,301,1245,1536
1493: 186,1450
1494: 
1495: 
1496: 86,12,1541,1073,1745,1570,2013,1338,227,777,514,567
1497: 1185
1498: 1354
1499: 1728,217,818,1800,1819,229,2000,1432,1770,574,339,629,237,132,1602,1993,109,1244,916,458,685
1500: 
1501: 
1502: 
1503: 
1504: 864
1505: 
1839: 
1507: 600,11,1662
1508: 688
1509: 1871,1831
1510: 282,1147
1888: 740,428
1512: 
1513: 1011,534
1514: 
1515: 
1516: 
1517: 1405,1605
1518: 
1519: 
1520: 1595,179,2019,251,1798,1362,940,1128,435,1968,1961,1578
1521: 1043,1216,249,333,1275,1060,1896,1257,850,2008,1736,208,929,879,1783,1091,1598,1992,1923,1061,1029,49
2008: 1043,1216,249,333,1275,1060,1521,1896,1257,850,1736,208,929,879,1042,1783,1091,1598,1167,1992,100,1923,1061,1029,49
1523: 1080,981,1469,475,1795,528,2011,270,313,874,74,1853,914,1708
1524: 912,1862,191,1927,1640
1525: 1368
1526: 276,1887,1248
1527: 354
1528: 1288,779,225,178,2009,1483,403,1166,30,1892,727,1371,145,1534,317
1529: 1303,573,1000,732,1697,1237,1350,358,836,594,935,487,2006
1530: 1691
1531: 1
1532: 
1533: 1948,1763,192,1859,2012,238,821,730,1256,1332
1534: 145,317,225,178,2009,1528,1892,727
1535: 1200,174,294
1536: 1245,1891,1472,1492,1581,301
1537: 1187,911
1538: 
1823: 1001,463,495,669,1945,222,1837,2007,687,81,134,1377,54,1186,990,1408,1267,1202,408
1540: 
1541: 1496,86,12,1073,1224,193,26,1863,1745,1570,2013,1409,1338,227,777,514,567
1542: 177,171,1038,115,1808,305,1427,167
1543: 885,941
1544: 27
1545: 
1546: 
1547: 
1548: 
1818: 438,632,686
1550: 
1551: 1391
1552: 
1553: 748
1554: 2010,233,1190,985,590,816,780,1641,1004,1760,1214,936,1476,1024,1120,697,1446,221
1555: 935,1095,494,653,564,478,487,2006,1303,573,1000,1237,358,594
1556: 367,1954
1557: 794
1558: 493,2018,625,1159,1027,183,831,699,1150,376,541,1189,203,618
1559: 
1560: 1429,1079,156,692,1263,1752,863,1487,83,2017,1181,47,856,1280,949,1774,123
1561: 1903,1919
1562: 446
1563: 
1564: 1948,1763,1895,192,417,2012,1471,238,821,730,1424,1599,351,1332
1836: 1466,1209
1566: 962
1567: 1325,433,1094
1568: 956,1977,477,1595,179,2019,1362,1479,1419,1128,1249,1484,1578
1964: 1383,1579,833,1858,1677,662,22,2004,1972,263,1997,62,882,112
1570: 1224,193,26,1863,1745,1496,86,12,1541,1073,2013,1409,582,663,1338,514
1990: 681
1873: 1379
1573: 1911,1161
1574: 
1575: 1141,1591,2003,876,491,1023,807,1633,253,578,928,1804,1417,120,1324,200,1260,1355,1969
1576: 140
1577: 1983,493,2018,1356,682,625,1159,1027,804,183,1840,901,699,1150,1322,376,506,618
1578: 956,1977,477,1595,179,2019,251,1798,1362,1479,1520,1568,940,1128,1249,1484,1968,1961
1579: 1383,1964,1677,662,22,2004,1972,263,1997,62
1580: 
1581: 1891,1472,1492,301,1791,1245,1921,1536
1582: 1729,556,1727,577,691,1297
2016: 1228,1724,479,597,206,1381,1725,1953,1714,1330,1713,701,1924,18,1295
1584: 
1824: 783,890
1811: 800,362
1587: 247,1118,448,2014,1934,650,756,131,1825,555,1879,1611,1300,1475
1588: 1079,156,692,1263,1487,1690,2017,1210,1710,856,1280,1177
1589: 
1590: 792,470
1591: 1575,1141,236,2003,876,491,1023,807,1633,253,578,928,1417,120,220,1440,1324,1260,558,760,1355
1592: 310,152,610
1593: 1732,1176,1830
1594: 
1595: 956,1977,477,179,2019,251,1798,1362,1479,1419,1520,1568,940,1128,435,1249,1484,1045,1968,1961,1578
1812: 
1597: 1074
1598: 1042,1783,1091,1167,1992,100,1923,1061,1029,49,333,1060,1521,1896,2008,1736,208,879
1599: 1482,1895,192,417,2012,1564,1471,238,730,1424,293,351,414,1332
1600: 596,1171
1601: 
1602: 1728,1499,217,1712,1819,229,2000,409,1432,1770,870,1015,574,339,629,237,1993,109,1244,916,458
1867: 
1604: 571,951
1605: 1405,1517,347
1606: 
1607: 1453
1608: 1767
1927: 912,1862,191,1524,1030,1640
1610: 
1611: 1118,2014,1934,650,1587,756,555,1300,1475
1909: 
1613: 452
1614: 1288,779,225,178,2009,331,1971,1483,403,30,462
1615: 1758
1616: 909
1982: 
1618: 
1919: 1561
1620: 
1621: 1311,1635,59,781,290
1622: 121,532,1401,769,130,72,13,2015,416,1883,1138,862,1926,1360,1957,267,718,98,201,1762,1974,122,469
1623: 
1872: 
1625: 548,1072
1626: 1739,66,1828,790
1627: 1234
1628: 
1629: 690
1831: 1871,1794,1509
1631: 810,603,509
1632: 347,866,292
1633: 1575,1141,1591,236,2003,876,491,1023,807,253,1804,426,120,220,1324,200,1260,558,760,1355,1179
1634: 
1635: 1311,59,781,290,1621
1636: 
1637: 
1638: 
1639: 
1640: 1030,191,1524,1927
1641: 2010,233,1190,985,590,816,780,1554,1004,1760,1214,936,1476,1024,1120,1933,963,811,170,697,1123,1250,1116,948,430,1446,221
1642: 1959,1430,1661
1643: 117,643,1930,1230
1644: 423,398
1645: 1036,1721
1646: 587,256,298
1647: 
1648: 1673,753
1924: 1228,1724,479,597,206,2016,1381,1725,1953,1714,1330,701,18
1650: 
1651: 
1652: 
1653: 
1654: 1155,1781,704,549
1655: 
1656: 1273
1657: 384
1658: 
1659: 1719,2002,1816,1046,1339,1240,378,387,296,87,273,1865,666,1376,562,129
1660: 743
1661: 1642,1430,1363,1044,867,1870
1662: 600,1507
1663: 
1664: 751
1665: 860,143,1477
1860: 
2000: 1728,1499,217,818,1800,1712,1819,229,409,1432,1770,870,1015,574,339,629,237,132,1602,1993,109,1244,916,458,685
1668: 
1669: 8,1392,906,1292
1670: 1775
1827: 443,1359
1672: 561
1673: 1648,753
1674: 
1675: 
1676: 1884,2005,1233,1020,1032,1407,1243,1033,370,1315,286
1677: 1383,1964,1579,1124,361,833,1858,22,2004,263,1997,62,882,112,1077
1678: 
1679: 
1680: 
1681: 419
1682: 
1683: 
1684: 785,1202,408,365,1318,1988,1001,495,1837,2007,1377,54,1186,990,1408,1267
1685: 
1686: 
1687: 
1688: 
1942: 
1690: 1079,156,692,1263,1487,83,1588,2017,1710,856,949,1177
1691: 1530
1692: 
1969: 1575,1141,2003,491,1023,253,928,1804,1417,1355
1694: 943
1695: 
1696: 
1697: 1303,573,1000,732,1237,1350,358,1529,836,594,935,494,487,2006
1698: 
1699: 1757,535
1700: 207,1251,332
1701: 
1702: 
1703: 
1704: 
1705: 261,482,1056,2001,1345,939,942,1787,657,713,9
1706: 526,796
1707: 737
1708: 1080,981,1523,1469,475,1795,528,2011,270,1435,313,874,74,184,1853,914
1709: 
1710: 1429,1079,156,692,1263,1487,83,1588,1690,2017,1181,1210,856,1177,1774
1882: 
1712: 229,2000,870,1015,574,339,1602,109,916,458
1713: 1724,479,2016,1381,1725,1714,1330,701,18,1295
1714: 1724,479,2016,1381,1725,1330,1713,701,1924,18,1295
1715: 16,1826
1716: 95
1717: 1735
1718: 1914,641
1719: 2002,1816,1046,1339,378,1659,387,1308,499,296,87,1865,146,666,1376,562,129
1720: 
1721: 1036,1645
1722: 776,672
1723: 
1724: 1228,479,597,206,2016,1381,1725,1953,1714,1330,1713,701,1924,18
1725: 1724,597,2016,1381,1953,1714,1330,1713,701,1924,18,1295
1726: 
1727: 1729,1582,577,691,1297
1728: 1499,818,1819,229,2000,1432,1770,339,237,1602,1993,109,1244,916,458,685
1729: 556,1582,1727,577,691,1297
1730: 559
1731: 1279,1182,85
1732: 1593,1830
1733: 950,391,1970
1734: 834
1735: 1717
1736: 1043,249,1275,1060,1521,1896,1257,850,2008,208,929,879,1783,1598,1992,1029,49
1737: 
1738: 
1739: 66,1828,1626,790
1740: 
1741: 1403,1310
1742: 
1743: 1239
1744: 
1745: 1224,193,26,1863,1570,1496,86,12,1541,1073,1857,2013,1409,582,663,842,7,1338,314,227,1764,808,777,514,567
1746: 
1747: 511
1748: 1346,364
2006: 935,1095,494,653,564,478,487,1555,1303,573,1000,732,1697,1237,1350,358,1529,836,594
1750: 1822
1852: 1401,130,72,2015,416,1883,862,1926,1360,267,718,1762,122
1752: 1429,863,2017,1181,47,1210,856,1280,1560,1774,123
1753: 829,268
1754: 
1755: 738,584
1756: 
1757: 535,1699
1758: 1615
1759: 
1760: 2010,233,590,816,1554,1641,1004,1214,936,1476,1024,1120,963,811,170,697,1123,1250,1116,948,430,319,1446,221
1761: 
1762: 267,718,98,201,1974,122,469,121,532,1401,769,130,72,1852,2015,1622,1883,862,1926,1360,1957
1763: 1948,1895,192,1859,417,2012,1564,238,821,1533,730,1256,1332
1764: 58,227,1810,1331,808,777,514,567,26,1745,86,12,1073,141,1857,1225,2013,1409,582,663,842,7,1338
1765: 
1766: 
1767: 1608
1768: 1054,497
1769: 
1770: 1728,1499,217,818,1800,1819,229,2000,409,1432,339,629,237,132,1602,1993,109,1244,916
1972: 1383,1964,1579,1858,662,22,2004,1997,62
1772: 
1773: 
1774: 1429,1079,156,692,1263,1752,863,2017,1181,47,1210,1710,856,1280,949,1560,1177,123,1394
1775: 1670
1776: 723,627
1851: 
1778: 
1976: 117,420,19
1780: 
1781: 1654,1155,704,549
1782: 
1783: 1042,1091,1598,1167,1992,100,1061,1029,49,333,1060,1521,2008,1736,208,929,879
1784: 
1785: 
1786: 
1787: 261,482,1705,1056,2001,939,942,657,713,9,1434
1981: 
1789: 224,744
1878: 
1791: 1891,1581,301,1245,1921
1792: 
1793: 1197,1439
1794: 1871,1831,775
1795: 1080,981,1523,1469,475,528,2011,1435,313,874,74,184,1853,914,1708
1796: 
1797: 
1798: 956,1977,1595,179,2019,251,1362,1520,940,1249,1484,1968,670,1961,180,1578
1799: 482,1276,114,2001,1902,942,1062,657,9,1434
1800: 1499,818,1819,2000,1432,1770,237,132,1244,685
1801: 
1966: 128,1220,1272