0: 
1: 
2: 
3: 
4: 
5: 1732,197
6: 433,1639,1680,1325,175
7: 2013,227,1810,1409,26,1331,1745,808,1857,1764,1224,514,141,58,193,314,663,1225,777,582,1570,12,567,1338
8: 649
9: 933,942,657,1434,1062,1005,1902,2001,1705,1787,1345,261,939,713,1799,114,1678,482,1276,77
10: 
11: 1952,1034
12: 1073,86,1496,582,1570,1541,567,1338,2013,227,1810,1409,26,7,1331,1764,1224,141,314,1225,777
13: 201,1926,532,1360,121,2015,1401,98,718,1974,1622,416,769,122,1852,862,1762,1957
14: 465,174
15: 1662
16: 
17: 
18: 1725,2016,206,1330,1381,1724,1295,701,1714,1228,479,597
19: 1605,116
20: 1290
21: 
22: 
23: 
24: 
25: 1036
26: 2013,227,1810,1409,7,1331,1745,808,1857,1764,1224,514,141,58,193,314,663,1225,777,1073,1496,582,1570,1541,12,567,1338
27: 
28: 
29: 
30: 1892,779,462,1528,727,1288,2009,145,225,1971,1614,1166,178,1483,403,331
1994: 
32: 
33: 1839
34: 1425,72
35: 868
36: 
37: 
38: 1870,1078,336,683,1959,285,1637
39: 843,1792
40: 1410,1715,259
41: 747,655
42: 1247
43: 
1934: 1901,1475,448,2014,131,1587,1118,247,555,756,650
45: 
46: 441
47: 692,1774,856,156,1588,1280,949,1487,2017,1429,1263,1079,1690,163,1177,83,1394,1560
48: 1359
49: 1029,1060,1257,1736,1061,850,1091,1521,1923,1992,1598,1043,2008,1783,1216,1042,1275,1896,1167,249
50: 
51: 
52: 877
53: 1931,887,386
54: 1001,1052,1267,1202,2007,495,1823,687,1318,1408,463
55: 710
56: 941
57: 
58: 2013,227,1810,1409,26,7,1331,1745,808,1857,514,193,314,663,1225,777,1863
59: 1441,1597,111,766
60: 
61: 
62: 2004,882,1858,1677,361,1964,1972,662,1383,1997,635,833
63: 
64: 
65: 
66: 300,1828,790,890,1626
1864: 
68: 1151,289,315,1428
69: 
70: 334,1505,1928,905
71: 1981,1491,866,1976,1069
72: 34,1425
73: 
74: 1469,1080,313,1435,1853,1523,874,2011,184,1708,270
75: 
76: 
77: 1434,1902,2001,1705,1787,939,1799,1678,9
78: 
79: 1573,964
80: 1915,770,743,185,452,1613
81: 
82: 
83: 692,856,156,1588,1280,1487,2017,47,163,1177
84: 1359
85: 
86: 1073,1496,582,1541,12,567,1338,2013
87: 2002,1816,1659,499,562,1308,1339,1719,1865,1240,296,387,129,146
88: 722
89: 95
90: 
91: 1186
92: 
93: 720,1878
94: 
95: 89
96: 765,1430
97: 
98: 1926,2015,13,1974,1622,416,769,122,1852,130,862
99: 
100: 333,929,879,1923,1598,2008,1783,1216,1042,1275,208,1896,249
1978: 1950
102: 
103: 1807,1026
1925: 1198
105: 1217
106: 
107: 705
108: 1912
109: 1499,1130,1770,574,870,458,1432,629,2000,1728,1819,229,1800,161,1015,1602,916,237
110: 
111: 1441,59,1597,766
112: 2004,882,1858,1677,1964,1124,662,1383,263,1579,635,833
113: 
114: 1005,1902,2001,1705,1787,1799,9,482,1276
115: 1781
116: 1605,19
117: 
118: 1121
119: 
120: 807,1969,1633,2003,200,578,876,928,1804,1141,1591,1324
121: 201,1926,532,1360,2015,1401,13,718,1974,1622,416,122,862,1762,1957,1883
122: 201,1926,1360,121,2015,1401,13,98,718,1974,1622,416,769,1852,862,1762
123: 1774,856,156,1588,1280,1487,2017,1429,1752,1263,1079,1690,163,1177,1394,1560
124: 
125: 829
126: 
127: 
128: 
129: 296,387,2002,1816,1659,562,1308,1719,1865,1240,87,146
130: 98,416,769,1852
131: 448,2014,1934,1825,1587,1611,555,756
132: 1499,1770,458,1432,2000,229,161,1015,1602,916
133: 1845,592,969
134: 1001,1945,408,669,1267,1202,2007,495,222,365,1823,687,1318,463,1684,965
135: 
136: 354,851
137: 
138: 1985,1294
139: 
140: 954,627,1207
141: 2013,227,1810,26,7,1331,1857,1224,514,193,314,663,1863,842,1073,1496,582,1541,12,567,1338
1963: 438,686
143: 793,304
144: 392
145: 1892,30,462,1528,1534,727,1288,317,2009,1971,1166,178,403
146: 2002,499,562,1308,666,1719,1865,1240,87,296,129
1916: 
148: 
149: 
150: 1646,256,1460,1760
151: 195,1744
152: 
1892: 30,779,462,1528,1534,727,1288,317,2009,145,225,1971,1166,178,403,331
154: 1709,188
155: 636
156: 692,856,1588,1280,1487,2017,47,1752,123,163,1177,83,1560
157: 1868,1869,1982,1106,983
158: 
159: 1875
1957: 201,1926,532,121,2015,1401,13,718,1974,1622,1762,1883,267
161: 1499,1770,458,685,1432,2000,1728,1819,109,229,132,1602,916,217,1712
162: 1801
163: 692,1774,856,156,1588,1280,949,1487,2017,1429,47,1752,1263,1079,123,1690,1177,83,1394,1560
1998: 
165: 1656,1232
166: 404
167: 1987,453,1337,1808,628,1540
168: 
169: 
170: 1554,985,430,2010,590,697,963,1641,1214,1004,233,473,1116,1933,1190,1123,599
171: 284,1396,1427,1542
172: 
173: 1388,626
174: 14,465
175: 433,1680,1325,6
176: 362,1739
177: 305
178: 1892,30,462,1528,1534,727,1288,317,2009,145,1971,1166,403
179: 1128,1595,2019,1479,1249,180,251,956,1977,1484,670,435,1568,1520,1578,1961,1419
180: 1128,1595,2019,1479,251,956,1977,1484,179,670,435,1568,1520,1961,1419
181: 1010
182: 
183: 1356,1159,1983,541,804,1840,831,1577,493,2018,1558,1322,618,682,901,699,1189
184: 74,1469,1080,1795,1435,1853,1523,874,2011,1708,270,914,981,475
185: 1915,770,743,80,452
186: 1721,1702,776
1975: 1936,290
188: 1709,154
2001: 933,942,657,1434,1062,1005,1902,1705,1787,1345,261,939,713,1799,114,1678,9,482,1276,77
190: 619
191: 1862
192: 1424,238,2012,730,1482,1599,1564,1895,293,1948,1859,1533,1256
193: 2013,227,1810,1409,26,7,1331,1745,808,1857,1764,514,141,58,314,663,777,582,1570,1338
194: 1146,971,980,1158
195: 151
196: 
197: 1732,5
1995: 1201
199: 
200: 1969,1633,2003,1023,578,876,1260,928,1804,558,236,1324,120,220
201: 1926,532,1360,121,2015,1401,13,718,1974,1622,416,122,862,1762,1957,1883,267
202: 926,496
203: 1017
204: 
205: 
206: 18,1725,2016,1330,1381,1724,1295,701,1714,1228,479,1924,597,1953
207: 1700
208: 1029,1060,1061,1091,1923,1992,1598,2008,1783,1216,1042,1275,1896,1167,249,333,100,929,879
209: 
210: 
211: 1675
212: 
213: 
214: 
1854: 
216: 
217: 685,1432,2000,229,161,1602,916,1712
218: 
219: 
220: 807,1633,2003,1023,426,200,578,876,1260,1179,253,1355,491,1417,1804,558,1141,1591,1324,1440,760
221: 1120,430,2010,1446,1214,1250,1004,233,1024,1116,936,816,948
222: 1945,669,1267,1202,2007,365,687,1318,134,463,1684,965
223: 818
224: 
225: 1892,30,779,1528,727,1288,317,2009,1166,1483,331
226: 1786,1365,1980,794
227: 2013,1810,1409,26,7,1331,1745,808,1857,1764,1224,514,141,58,193,314,663,1225,777,1863,842,12,567,1338
228: 
229: 1499,1770,458,685,1432,2000,1728,109,132,161,1015,1602,916,217
230: 723
231: 349,1830,604,873
232: 1512,279,252
233: 1554,985,1120,430,2010,811,319,590,697,963,1446,1641,1214,1250,1004,170,473,1024,1116,1933,936,1190,1123,780,599,816,221,948
234: 1580,610
1906: 1253,606
236: 1633,2003,200,876,928,1804,558,1141
237: 1499,1770,574,870,458,629,2000,109,409,1800,1015
238: 1424,2012,730,1482,1599,1564,1895,293,192,1948,1859,417,1533,1763,1471,1256,821,1332,351
239: 303,1676,1233,1315,1033,2005,286,1020,1032
240: 1694,738,1954
241: 
242: 1370
243: 
244: 1443,526,881
245: 
246: 1239
247: 1901,1475,448,2014,1934,1825,1118,1611
248: 
249: 1029,1060,49,1257,1736,1061,1091,1521,1923,1992,1598,1043,2008,1783,1216,1042,1275,208,1896,1167,333,100,929,879
250: 835,413,1147
251: 1128,1595,2019,1479,1249,180,956,1977,1484,179,1798,1045,940,1568,1520,1578,1961,1419
252: 1512,279,232
253: 2003,1023,426,1260,1179,1355,491,1417,558,1141,1324,1440,220,760
254: 
255: 1944
256: 1646,150,1460,1760
257: 903
258: 339
259: 1410,1715,40
1862: 191
261: 933,942,657,1062,2001,1345,713,1678,9,482,1276
262: 
263: 2004,882,1858,1964,1124,662,112,1579,833
264: 
1884: 
266: 696
267: 1883,201,532,2015,1401,718,1974,1762,1957
268: 
269: 661,937,593
270: 74,1469,1080,528,313,1795,1435,1853,1523,874,2011,184,1708,914,981,475
271: 516
272: 
273: 
274: 
275: 608,884,1747,1226
276: 1248,1064
277: 
278: 1014,975
279: 1512,252,232
280: 
281: 1299
282: 
1866: 1108,1220
284: 171,1396,1427,1542
285: 1078,336,683,1959,1637,363,1870,38
286: 303,1676,1233,1315,1033,2005,239,1020,1032,1243,1407
287: 431
288: 675
289: 1151,68,315
290: 1975,1936
291: 
292: 1632
293: 1424,238,2012,730,1482,1599,1564,1895,192,1948,1859,417,1763,1471,1256,1332,351
294: 
295: 1706
296: 387,129,2002,1816,1659,499,562,1308,666,1719,1865,1240,87,146
297: 450,1991,1055
298: 
299: 1348
300: 66,1828,790,890,1626
301: 
302: 1404,1110,457
303: 1676,1233,1315,1033,2005,239,286,1020,1032,1407
304: 793,143
305: 177
306: 1488
307: 
1938: 986
1869: 1868,157,1982,1106,983
310: 1717
311: 
312: 350
313: 74,1469,1080,528,1435,1853,874,2011,1708,270
314: 2013,227,1810,1409,26,7,1331,1745,1857,1224,514,141,58,193,663,1225,777,1863,842,12,567,1338
315: 1151,68,289,1428
1993: 1966
317: 1892,1528,727,1288,2009,145,225,1166,178,403,331
318: 586
319: 985,2010,811,697,963,1446,1214,233,473,936,1476,780,816,948
320: 
321: 966
322: 
323: 
1902: 1434,1005,2001,1705,1787,939,1799,114,1678,9,482,77
325: 1582,1464
326: 
1953: 1924,1725,2016,206,1713,1381,1724,1295,1714,479
328: 
329: 
330: 1797
331: 1892,30,779,727,1288,317,2009,225,1166,1483
332: 
333: 100,929,879,1061,1923,1598,1043,2008,1783,1216,1042,208,1896,1167,249
334: 70,1505,1928,905
335: 
336: 1078,683,285,1637,38
337: 1607
338: 476
339: 258
340: 527
341: 
342: 
343: 
344: 
345: 1486,1143,1329,1817
1933: 1554,985,2010,590,697,963,1641,1004,170,233,473,1116,1123,1476,780,599
347: 1585
1911: 964
349: 1830,604,873,231
350: 312
351: 1471,1256,821,1332,238,2012,730,1599,1564,293,1859
352: 739,865,992,1213
1970: 711,1674
354: 136,851
355: 1525
356: 
357: 
358: 732,1000,2006,494,1529,1555,1399,1303,573,1697
359: 
360: 
361: 2004,882,1858,1677,1964,62,1972,1124,662,1383,1997,635,833
362: 176
363: 1959,805,285,1870
364: 
365: 1001,1052,1945,408,669,1267,1202,2007,495,222,1823,687,1318,134,1408,463,1684,965
366: 1754
367: 382
368: 978
369: 
370: 
371: 
372: 
1893: 
374: 
1913: 709
376: 1189,625,804,1150,493,2018,618,699
377: 
378: 2002,1816,1659,499,1308,1339,666,1719,1865,1240
379: 
1901: 1475,448,2014,1934,1825,1118,1611,247,650
381: 
382: 367
383: 1058,579,591,1044,740
384: 1259,570,1707,815,966
1974: 201,1926,532,1360,121,2015,1401,13,98,718,1622,416,122,862,1762,1957,267
386: 53,1931,887
387: 296,129,2002,1816,1659,562,1308,1719,1865,1240,87
388: 
389: 1600
390: 
391: 1261,548
392: 144
393: 
394: 
395: 
396: 
397: 
398: 
399: 758,1833,1448
400: 1468
401: 1009,1544
402: 
403: 1892,30,462,1528,1534,727,1288,317,2009,145,1971,1166,178
404: 166
405: 
406: 1927,1041
1958: 
408: 1001,1052,1945,2007,495,365,1823,1318,134,463
409: 1499,1130,574,870,458,629,2000,1800,1015,237
410: 
411: 460
412: 1815
413: 835,250,1147,673,1164,700
414: 
415: 
416: 201,1926,1360,121,2015,13,98,718,1974,1622,769,122,1852,130,862
417: 1424,238,2012,730,1482,1599,293,1948,1763,1471,1332
418: 
419: 885
420: 
1930: 
422: 
423: 
1937: 943,584
425: 
426: 1633,2003,1023,578,876,1260,253,1355,491,1417,1591,1324,1440,220
427: 
428: 1058,1044,740,1703,867
1956: 
430: 1554,1120,2010,1446,1214,1250,1004,170,233,1024,1116,1190,599,221,948
431: 287
432: 1380,1050
433: 1639,1680,1325,6,175
1939: 784,654,513,1089,1513
435: 670,1568,1520,1578,1961,1419,1128,2019,180,956,1977,1484,179
436: 1576,1776
437: 1082
438: 1963,686
439: 
440: 
441: 46
442: 1489
443: 
444: 
445: 
446: 
447: 
448: 1901,1475,2014,131,1934,1825,1587,1118,1611,247,555,756,650
449: 
450: 1991,297,1055,748
451: 
452: 1915,770,743,80,185,1613
453: 1987,1337,167,1808,628,1540
454: 
455: 
456: 1720
457: 1404,1110,302
458: 1499,1770,574,870,685,1432,629,2000,1728,1819,109,229,409,1800,132,161,1015,1602,916,1712,237
459: 
460: 411
461: 1942,1778
462: 1892,30,779,1528,1534,727,1288,2009,145,1971,1614,1166,178,1483,403
463: 1001,1052,1945,408,669,1267,1202,2007,495,222,365,1823,687,1318,134,54,1408,1684,965
464: 1716,680,1051
465: 14,174
466: 
1945: 1001,1052,408,1267,1202,2007,495,222,365,1823,687,1318,134,463,1684
468: 
469: 904,1699,631
470: 
471: 1018
472: 1855,633
473: 1554,985,1120,2010,811,319,590,697,963,1446,1214,1250,1004,170,233,1116,1933,936,1190,1123,780,599,816,948
474: 
475: 1469,1080,528,1795,1435,1853,1523,874,2011,184,1708,270,1103,914,981
476: 338
477: 728
478: 935,732,1237,2006,494,487,1399,836
479: 18,1725,2016,206,1713,1381,1724,1295,1714,1228,1924,597,1953
480: 1545,1822
481: 
482: 942,657,1434,1062,1005,1902,2001,1705,1787,1345,261,1799,114,1678,9,1276
1871: 1509
1980: 1365,226,794
485: 773
486: 
487: 935,478,732,1000,1237,2006,494,1529,653,564,1555,1399,836
1898: 
489: 
490: 
491: 807,2003,1023,426,578,876,1260,1179,253,1355,1417,1141,1591,1324,1440,220,760
492: 
493: 1356,1159,1983,804,1840,1150,2018,1558,183,1322,1027,618,682,901,699,376,1189,625
494: 935,478,732,1000,1237,2006,1529,487,653,564,1555,1399,1303,358,573,1697
495: 1001,1052,1945,408,1267,2007,365,1823,687,1318,134,54,463,1684
496: 1285,926,202
497: 
1968: 1943
499: 2002,1816,1659,378,562,1308,1339,666,1719,1865,1240,87,296,146
500: 1735
501: 
502: 906
503: 
504: 
2010: 1554,985,1120,430,811,319,590,697,963,1446,1641,1214,1250,1004,170,233,473,1024,1116,1933,936,1190,1123,1476,780,599,816,221,948
506: 1514,1746
507: 1616
508: 
509: 603,1628
510: 
511: 
512: 1195
513: 654,1089,1513,1939,784
514: 2013,227,1810,26,7,1331,1857,1224,141,58,193,314,663,1863,842,1496,582,1541,567,1338
515: 1669,1856,1346
516: 271
517: 
518: 
519: 
520: 
1849: 1437
1977: 2019,1479,180,251,956,1484,179,435,1568,1578,1961
523: 641,894
524: 
525: 
526: 1443,881,244
527: 340
528: 1469,1080,313,1795,1435,1853,874,2011,1708,270,1103,475
529: 1681
530: 
531: 868
532: 201,1926,1360,121,2015,1401,13,718,1974,1762,1957,1883,267
533: 
534: 1185
535: 676
536: 
2003: 807,1969,1633,1023,426,200,578,876,1260,1179,253,1355,928,491,1417,1804,558,236,1141,1591,1324,1440,120,220,760
538: 
539: 
540: 
541: 1356,1159,1983,804,1840,831,1577,2018,1558,183,1322,682,901
542: 830,1761
543: 
544: 
545: 1918
546: 
547: 
548: 1261,391
549: 698
1997: 2004,1858,1677,361,62,1972,1124,662,1383
551: 
552: 1941,799
553: 
554: 
555: 448,2014,131,1934,1587,756,650
556: 1297,1385
557: 
558: 2003,1023,200,876,1260,253,928,1804,236,1141,1324,1440,220,760
559: 
560: 1873
561: 690,1629
562: 2002,1816,1659,499,1308,1339,666,1719,1865,1240,87,296,387,129,146
563: 
564: 732,1000,1237,2006,494,1529,487,653,1399,573,1697
565: 1445
566: 
567: 1073,86,1496,582,1570,1541,12,1338,1863,2013,227,1810,1409,26,7,1331,1224,514,141,314,1225,842
568: 
2013: 227,1810,1409,26,7,1331,1745,808,1857,1764,1224,514,141,58,193,314,663,1225,777,1863,842,1073,86,1496,582,1570,1541,12,567,1338
570: 384,1259,1707,815
571: 
572: 
573: 732,1000,1237,2006,494,1529,653,564,1303,358,1697
574: 1499,1130,870,458,1432,629,2000,1819,109,409,1800,1015,916,237
575: 1717
576: 775,1509,694
577: 
578: 807,1969,1633,2003,1023,426,200,876,1260,928,491,1417,1804,1141,1591,1324,120,220
579: 1058,591,383,1044,740,1703
580: 1756
581: 
582: 1073,86,1496,1570,1541,12,567,1338,2013,1810,1409,26,7,1331,1764,1224,514,141,193,1225,842
1910: 
584: 1937,943
585: 1686,1422
586: 318
587: 817,1301
588: 
589: 
590: 1554,985,2010,811,697,963,1446,1641,1214,1004,170,233,473,1116,1933,1190,1123,1476,780,599
591: 579,383
592: 1845,133,969
593: 661,937,269
594: 
595: 
596: 1171
597: 1924,18,2016,206,1381,1724,1295,701,1714,1228,479
598: 855,671
599: 1554,985,1120,430,2010,590,697,963,1446,1214,1250,1004,170,233,473,1024,1116,1933,1190,1123
600: 
601: 967
2012: 1424,238,730,1482,1599,1564,1895,293,192,1948,1859,417,1533,1763,1471,1256,821,1332,351
603: 509,1628
604: 349,1830,873,231
605: 999
606: 1906,1253
607: 1833,1448
608: 884,1747,1226,275
1929: 
610: 234,1580
611: 
612: 
613: 1252
614: 
615: 1391
616: 
617: 
618: 1356,1983,804,1840,1150,493,2018,1558,183,1027,699,376,625
619: 190
620: 
621: 
622: 
1859: 1424,238,2012,730,1482,1599,1564,1895,293,192,1948,1533,1763,1471,1256,821,351
624: 
625: 376,1189,1983,804,1840,1150,493,2018,1322,1027,618,699
626: 1388,173
627: 954,140,1567
628: 1808,1540,1987,453,1337,167
629: 1130,574,870,458,2000,109,409,1800,1015,237
630: 
631: 904,1699,469
632: 1818,1531
633: 1855,472
634: 
635: 2004,882,1858,1677,361,1964,62,1972,1124,662,112,1383,833
636: 155
637: 
638: 
1855: 472,633
1844: 
641: 523,894
642: 1794,806,1273
643: 
644: 
645: 1071
1920: 1552,724
647: 
1943: 1968
649: 8
650: 1901,1475,448,2014,1934,1587,1118,555,756
651: 
1922: 764
653: 732,1000,1237,2006,494,1529,487,564,573,1697
654: 513,1089,1513,1939,784
655: 1904,747,41
656: 865,841
657: 933,942,1062,2001,1345,261,713,1678,9,482,1276
658: 
659: 
660: 
661: 937,269,593
662: 2004,882,1858,1677,361,1964,62,1972,1124,112,1383,1997,263,1579,635,833
663: 2013,227,1810,26,7,1331,1745,1857,514,141,58,193,314,1863,1338
664: 1111,1538
1921: 
666: 2002,1816,1659,378,499,562,1308,1339,1719,1865,1240,296,146
667: 
668: 1230,837,799,1941
669: 1001,1267,1202,2007,222,365,687,1318,134,1408,463,1684,965
670: 435,1568,1520,1578,1961,1419,1128,1595,2019,180,956,1484,179
671: 598,855
672: 
673: 1164,700,413,1147,738
1931: 53,887,386
675: 288
676: 535
677: 
678: 689,1658
679: 
680: 464,1716,1051
681: 
682: 1356,1159,1983,541,804,1840,1150,831,493,2018,1558,183,1322,1027,901
683: 1078,336,1959,285,1637,1870,38
684: 
685: 458,1432,2000,1728,1819,229,161,1602,916,217,1712
686: 1963,438
687: 1001,1052,1945,669,1267,1202,2007,495,222,365,1823,1318,134,54,1408,463,1684,965
688: 691
689: 678,1658
690: 1629,561
691: 688
692: 856,156,1588,1280,949,1487,2017,1429,47,1752,1263,1079,163,1177,83,1394,1560
693: 
694: 1509,576,775
695: 
696: 266
697: 1554,985,2010,811,319,590,963,1446,1641,1214,1250,1004,170,233,473,1024,1116,1933,936,1190,1123,1476,780,599,816
698: 549
699: 1356,1983,804,1840,1150,493,2018,1558,183,1322,618,376,1189,625
700: 673,1164,1954,413,1147,1694,738
701: 18,2016,206,1330,1724,1295,1714,1228,597
2009: 1892,30,779,462,1528,1534,727,1288,317,145,225,1971,1614,1166,178,1483,403,331
703: 
704: 
705: 107
706: 1500,1526
707: 
708: 889
709: 1913
710: 55
711: 1970,1674
712: 892,1451
713: 942,657,1062,2001,1345,261,9,1276
2011: 74,1469,1080,528,313,1795,1435,1853,1523,874,184,1708,270,1103,914,981,475
715: 
716: 746
717: 
718: 201,1926,532,1360,121,2015,1401,13,1974,1622,416,122,862,1762,1957,1883,267
719: 
720: 93,1245,1878
1941: 552,668,837,799
722: 88
723: 230
724: 1552,1920
725: 
1887: 
727: 1892,30,779,462,1528,1288,317,2009,145,225,1166,178,1483,403,331
728: 477
729: 1885,852,832
730: 1424,238,2012,1482,1599,1564,1895,293,192,1948,1859,417,1533,1471,1256,351
731: 
732: 935,478,1000,1237,2006,494,1529,487,653,564,1555,1399,1303,358,573,836,1697
733: 
734: 
735: 
1983: 1356,1159,541,804,1840,1150,831,493,2018,1558,183,1322,1027,618,682,901,699,625
737: 
738: 1694,240,673,1164,1954,700
739: 865,841,352,992,1213
740: 1058,579,383,1044,428,1703
741: 1590,1436
1848: 
743: 770,80,185,452,1613
744: 
745: 
746: 716
747: 41,655
748: 450,1991,1055
749: 
750: 1495,970,911
751: 1012
752: 
753: 
754: 
755: 
756: 1475,448,2014,131,1934,1587,555,650
757: 
758: 1833,399,1448
759: 762,1314
760: 2003,1023,876,1179,253,1355,491,558,1141,1324,1440,220
761: 
762: 759,1133,1548
763: 979,1361
764: 1922
765: 96,1430
766: 1441,59,1597,111
1870: 38,1078,683,1959,285,363
768: 
769: 1926,1360,2015,13,98,1622,416,122,1852,130,862
770: 1915,743,80,185,452,1613
771: 1284
772: 
773: 485
774: 1121
775: 576,1509,694
776: 1721,1702,186
777: 2013,227,1810,1409,26,7,1331,1745,808,1857,1764,1224,58,193,314,1225,1570,12
2015: 201,1926,532,1360,121,1401,13,98,718,1974,1622,416,769,122,1852,862,1762,1957,1883,267
779: 1892,30,462,1528,727,1288,2009,225,1614,1483,331
780: 1554,985,2010,811,319,590,697,963,1641,1004,233,473,1933,936,1123,1476
781: 
782: 
783: 1824
784: 880,1939,654,513,1089,1513
785: 
786: 1860
787: 997
1891: 
789: 1327
790: 890,1626,300,66,1828
791: 1727
792: 
793: 304,143
794: 1365,226,1980
795: 
796: 1668
797: 
798: 1088
799: 668,837,1941,552
800: 1768
801: 
802: 883
803: 
804: 1356,1159,1983,541,1840,1150,831,1577,493,2018,1558,183,1322,1027,618,682,901,699,376,1189,625
805: 363
806: 1794,642,1273
807: 1969,1633,2003,578,876,1355,928,491,1417,1804,1141,1591,1324,120,220
808: 2013,227,1409,26,7,1331,1745,1857,1764,58,193,777,1570
809: 1378
810: 
811: 1554,985,2010,319,590,697,963,1446,1641,1214,1004,233,473,1024,1116,936,1476,780,816
812: 
813: 
814: 
815: 384,1259,570,966
816: 1120,2010,811,319,697,963,1446,1214,1250,233,473,1024,1116,936,221,948
817: 587,1301
818: 223
819: 
820: 
821: 1471,1256,1332,351,238,2012,1599,1859,1763
822: 
823: 
824: 
2017: 692,1774,856,156,1588,1280,949,1487,1429,47,1752,1263,1079,123,1690,163,1177,83,1394,1560
826: 1180,1162
827: 
828: 
829: 125
830: 542,1761
831: 1356,1159,1983,541,804,1840,1577,2018,1558,183,1322,1027,682,901
832: 852,729,1885
833: 2004,882,1858,1677,361,1964,62,1972,1124,662,112,1383,263,1579,635
834: 
835: 413,250,1147
836: 935,478,732,1237,2006,487
837: 668,799,1941
1985: 1294,138
839: 
1984: 891
841: 739,865,1213,656
842: 1863,2013,227,1810,1331,1224,514,141,314,1073,1496,582,1541,567,1338
843: 39,1792
844: 
1955: 
846: 
847: 
2004: 882,1858,1677,361,1964,62,1972,1124,662,112,1383,1997,263,1579,635,833
849: 
850: 1029,49,1257,1736,1061,1521,1992,1043,2008
851: 136,354
852: 832,729,1885
853: 
854: 
855: 598,671
856: 692,156,1588,1280,949,1487,2017,47,1752,1079,123,163,1177,83,1394,1560
857: 
858: 1510
859: 
860: 
861: 1455
862: 201,1926,1360,121,2015,13,98,718,1974,1622,416,769,122,1852,1762
863: 
864: 
865: 739,841,352,992,1213,656
866: 1981,1491,71,1976,1069
867: 1703,1058,428
868: 531,35
1950: 1978
870: 1499,1130,1770,574,458,1432,629,2000,1728,1819,109,409,1800,1015,916,237
871: 984,1753
872: 
873: 349,1830,604,231
874: 74,1469,1080,528,313,1795,1853,1523,2011,184,1708,270,914,981,475
875: 
876: 807,1969,1633,2003,1023,426,200,578,1260,928,491,1417,1804,558,236,1141,1591,1324,1440,120,220,760
877: 52
878: 
879: 333,100,929,1061,1923,1598,2008,1783,1216,1042,1275,208,1896,1167,249
880: 784,1089
881: 1443,526,244
882: 2004,1858,1677,361,1964,62,1972,1124,662,112,1383,263,1579,635,833
883: 802
884: 608,1747,1226,275
885: 419
886: 
887: 53,1931,386
1895: 1424,238,2012,730,1482,1599,1564,293,192,1948,1859,1533,1763,1471,1256
889: 708
890: 790,1626,300,66,1828
891: 1984
892: 1451,712
893: 
894: 523,641
895: 
896: 
897: 1368,1363
898: 
899: 
1960: 
901: 1356,1159,1983,541,804,1840,831,1577,493,2018,1558,183,1322,1027,682
902: 
903: 257
904: 1699,469,631
905: 1928,334,70,1505
906: 502
2007: 1001,1052,1945,408,669,1267,1202,495,222,365,1823,687,1318,134,54,1408,463,1684,965
1853: 74,1469,1080,528,313,1795,1435,874,2011,184,1708,270,1103,914,981,475
909: 1498,1038
910: 
911: 1495,970,750
912: 
913: 
914: 1469,1080,1795,1435,1853,1523,874,2011,184,1708,270,1103,981,475
915: 
916: 1499,1770,574,870,458,685,1432,2000,1728,1819,109,229,1800,132,161,1015,1602,217,1712
917: 1344
918: 
1959: 1078,683,285,363,1870,38
920: 
1986: 
922: 
923: 1413
924: 
925: 
926: 202,496,1285
927: 
928: 807,1969,1633,2003,200,578,876,1804,558,236,1141,1591,1324,120
929: 333,100,879,1091,1923,1598,2008,1783,1216,1042,208,1896,1167,249
930: 
1856: 1669,1392,1112,1346,515
932: 
933: 942,657,2001,261,1678,9
934: 
935: 478,732,1000,1237,2006,494,1529,487,1555,1399,836
936: 985,1120,2010,811,319,697,963,1446,1214,1250,1004,233,473,1024,1116,1476,780,816,221,948
937: 661,269,593
938: 
939: 1434,1902,2001,1705,1799,1678,9,77
940: 1128,1595,2019,1479,1249,251,956,1484,1798,1961
941: 56
942: 933,657,1062,1005,2001,1787,1345,261,713,1799,1678,9,482,1276
943: 1937,584
944: 
945: 
946: 1420
947: 
948: 1120,430,2010,319,1446,1214,1250,233,473,1024,936,816,221
949: 692,1774,856,1588,1487,2017,1429,47,1079,1690,163,1177,1394
950: 
951: 
952: 1379
953: 
954: 627,140,1207
1850: 
956: 1128,1595,2019,1479,180,251,1977,1484,179,1798,1045,940,670,435,1568,1520,1578,1961,1419
957: 1287
958: 1610,1083,1155,1919
959: 
960: 
961: 
962: 
963: 1554,985,2010,811,319,590,697,1446,1641,1214,1250,1004,170,233,473,1024,1116,1933,936,1190,1123,1476,780,599,816
964: 79,1911,1573
965: 669,1267,2007,222,365,687,134,463,1684
966: 321,815,384
967: 601
968: 
969: 592,133
970: 1495,911,750
971: 980,1158,194,1146
1965: 
973: 
974: 
975: 1014,278
976: 
977: 1663,1889,1366
978: 368
979: 763,1361
980: 971,1158,194,1146
981: 1469,1080,1795,1435,1853,1523,874,2011,184,1708,270,1103,914,475
982: 1056,1477
983: 1868,1869,157,1106
984: 1753,871
985: 1554,2010,811,319,590,697,963,1446,1641,1214,1004,170,233,473,1024,1116,1933,936,1123,1476,780,599
986: 1938
987: 
988: 
1889: 1663,977
990: 
991: 
992: 739,865,352,1213
993: 1801
994: 
995: 
996: 
997: 787
1874: 
999: 605
1000: 935,732,1237,2006,494,1529,487,653,564,1555,1399,1303,358,573,1697
1001: 1052,1945,408,669,1267,1202,2007,495,365,1823,687,1318,134,54,1408,463
1904: 655
1003: 
1004: 1554,985,430,2010,811,590,697,963,1446,1641,1214,170,233,473,1024,1116,1933,936,1190,1123,780,599,221
1005: 942,1062,1902,2001,1705,1787,1345,1799,114,1678,9,482,1276
1006: 
1952: 11,1034
1008: 
1009: 1544,401
1010: 181
1011: 
1012: 751
1013: 
1014: 975,278
1015: 1499,1130,1770,574,870,458,629,2000,109,229,409,1800,132,916,237
1016: 
1017: 203
1018: 471
1019: 
1020: 303,1676,1233,1033,2005,239,286,1032,1243,1407
1021: 
1022: 1827
1023: 2003,426,200,578,876,1260,253,491,558,1324,1440,220,760
1024: 1554,985,1120,430,2010,811,697,963,1446,1214,1250,1004,233,1116,936,1190,599,816,221,948
1025: 
1026: 1807,103
1027: 1356,1159,1983,804,1840,1150,831,493,2018,1558,1322,618,682,901,625
1028: 1066
1029: 1060,49,1257,1736,1061,850,1091,1521,1923,1992,1598,1043,2008,1783,1216,1042,1275,208,1896,1167,249
1030: 
1903: 
1032: 303,1676,1233,1315,1033,2005,239,286,1020,1243,1407
1033: 303,1676,1233,1315,2005,239,286,1020,1032,1243,1407
1034: 11,1952
1035: 
1036: 25
1037: 
1038: 909
1863: 2013,227,1810,1331,1857,1224,514,141,58,314,663,842,1496,1541,567,1338
1040: 1620,1665,1353,1477
1041: 406,1927
1042: 1029,1060,49,1736,1061,1091,1521,1923,1992,1598,1043,2008,1783,1216,1275,208,1896,1167,249,333,100,929,879
1043: 1029,49,1257,1736,1061,850,1091,1923,1992,1598,2008,1783,1216,1042,1896,1167,249,333
1044: 1058,579,383,428,740,1703
1045: 1128,1595,2019,251,956,1798,1520,1961,1419
1046: 1687,1775
1047: 
1048: 1532
1049: 
1050: 1380,432
1051: 464,1716,680
1052: 1001,1945,408,1267,1202,2007,495,365,1823,687,1318,54,1408,463
1053: 
1054: 1608,1168
1055: 450,1991,297,748
1056: 1665,982,1477
1057: 
1058: 579,383,1044,428,740,1703,867
1059: 
1060: 1029,49,1736,1061,1091,1521,1992,2008,1783,1216,1042,1275,208,1167,249
1061: 1029,1060,49,1257,1736,850,1521,1992,1598,1043,2008,1783,1216,1042,1275,208,1896,1167,249,333,879
1062: 942,657,1005,2001,1787,1345,261,713,1799,9,482,1276
1875: 159
1064: 1248,276
1936: 1975,290
1066: 1028
1067: 
1899: 
1069: 1976,1981,71,866
1070: 
1071: 645
1072: 
1073: 86,1496,582,1570,1541,12,567,1338,2013,1810,1409,26,1331,1224,141,1225,842
1074: 1688
1075: 
1979: 
1077: 
1078: 336,683,1959,285,1637,1870,38
1079: 692,1774,856,1588,1280,949,1487,2017,1429,47,1263,123,1690,163,1177,1394,1560
1080: 74,1469,528,313,1795,1435,1853,1523,874,2011,184,1708,270,1103,914,981,475
1081: 
1082: 437
1083: 958,1610,1155,1919
1084: 
1973: 
2002: 1816,1659,378,499,562,1308,1339,666,1719,1865,1240,87,296,387,129,146
1087: 
1088: 798
1089: 654,513,1513,880,1939,784
1948: 1424,238,2012,730,1482,1599,1564,1895,293,192,1859,417,1533
1091: 1029,1060,49,1736,1923,1992,1598,1043,2008,1783,1216,1042,1275,208,1896,1167,249,929
1092: 
1093: 
1094: 
1095: 
1096: 1125,1574
1097: 1384,1729,1508
1098: 
1099: 
1100: 
1988: 
1102: 
1103: 1469,1080,528,1795,1435,1853,2011,1708,914,981,475
1104: 
1105: 
1106: 1868,1869,157,1982,983
1107: 
1108: 1220,1866
1109: 
1110: 1404,457,302
1111: 1538,664
1112: 1856,1392,1346
1944: 255
1114: 
1115: 
1116: 1554,985,1120,430,2010,811,590,697,963,1446,1641,1214,1250,1004,170,233,473,1024,1933,936,1190,1123,599,816,221
1117: 1457
1118: 1901,1475,448,2014,1934,1825,247,650
1883: 267,201,532,121,2015,1401,718,1762,1957
1120: 430,2010,1446,1214,1250,233,473,1024,1116,936,1190,599,816,221,948
1121: 118,774
1122: 
1123: 1554,985,2010,590,697,963,1641,1214,1250,1004,170,233,473,1116,1933,1190,780,599
1124: 2004,882,1858,1677,361,1964,1972,662,112,1383,1997,263,1579,635,833
1125: 1574,1096
1126: 
1127: 
1128: 1595,2019,1479,1249,180,251,956,1484,179,1798,1045,940,670,435,1568,1520,1578,1961,1419
1905: 
1130: 574,870,629,2000,1819,109,409,1800,1015
1131: 
1132: 1223,1296,1145
1133: 762
1134: 
1135: 
1136: 1758
1991: 450,297,1055,748
1138: 
1139: 1562,1757,1351
1140: 
1141: 807,1633,2003,578,876,1179,253,1355,928,491,1417,1804,558,236,1591,1324,1440,120,220,760
1142: 
1143: 1486,345,1329
1144: 
1145: 1223,1296,1132,1291
1146: 194,971,980,1158
1147: 835,413,250,673,1164,700
1148: 
2018: 1356,1159,1983,541,804,1840,1150,831,1577,493,1558,183,1322,1027,618,682,901,699,376,1189,625
1150: 1356,1983,804,1840,493,2018,1558,1322,1027,618,682,699,376,625
1151: 68,289,315
1152: 
1153: 
1857: 2013,227,1810,1409,26,7,1331,1745,808,1764,1224,514,141,58,193,314,663,1225,777,1863,1338
1155: 958,1610,1083,1919
2019: 1128,1595,1479,1249,180,251,956,1977,1484,179,1798,1045,940,670,435,1568,1520,1578,1961,1419
1157: 1627,1470,1947
1158: 971,980,194,1146
1159: 1356,1983,541,804,1840,831,1577,493,2018,1558,183,1322,1027,682,901
1160: 
1161: 
1162: 826,1180
1861: 
1164: 673,1954,700,413,1147,738
1923: 1029,49,1736,1091,1992,1598,1043,2008,1783,1216,1042,208,1896,1167,249,333,100,929,879
1166: 1892,30,462,1528,727,1288,317,2009,145,225,178,1483,403,331
1167: 1029,1060,49,1257,1736,1061,1091,1521,1923,1992,1598,1043,2008,1783,1216,1042,1275,208,1896,249,333,929,879
1168: 1608,1054
1967: 
1170: 
1171: 596
1172: 1740
1173: 
1174: 
1175: 
1176: 
1177: 692,856,156,1588,1280,949,1487,2017,1429,47,1752,1263,1079,123,1690,163,83,1394,1560
1940: 
1179: 2003,253,1355,491,1417,1141,1324,1440,220,760
1180: 826,1162
1181: 
1182: 
1183: 1782
1184: 
1185: 534
1186: 91
1187: 
1188: 
1189: 376,625,804,1840,493,2018,183,1322,699
1190: 1554,1120,430,2010,590,697,963,1214,1250,1004,170,233,473,1024,1116,1123,599
1191: 
1192: 
1193: 
1194: 
1195: 512
1196: 
1197: 1793
1198: 1925
1199: 
1200: 
1201: 1995
1202: 1001,1052,1945,669,1267,2007,222,365,1823,687,1318,134,54,1408,463,1684
1203: 
1204: 
1205: 
1987: 453,1337,167,1808,628,1540
1207: 954,140
1208: 
1209: 1255
1210: 
1211: 1373,1352
1212: 
1213: 739,865,841,352,992
1214: 1554,985,1120,430,2010,811,319,590,697,963,1446,1250,1004,170,233,473,1024,1116,936,1190,1123,599,816,221,948
1215: 
1216: 1029,1060,49,1257,1736,1061,1091,1521,1923,1992,1598,1043,2008,1783,1042,1275,208,1896,1167,249,333,100,929,879
1217: 105
1218: 
1885: 729,852,832
1220: 1108,1866
1221: 
1222: 
1223: 1296,1132,1145,1291
1224: 2013,227,1810,1409,26,7,1331,1745,1857,514,141,314,1225,777,1863,842,1073,582,1541,12,567,1338
1225: 2013,227,1810,1409,26,7,1331,1745,1857,1764,1224,58,314,777,1073,582,1570,12,567,1338
1226: 608,884,1747,275
1227: 
1228: 18,2016,206,1330,1381,1724,1295,701,1714,479,1924,597
1229: 
1230: 668
1231: 1450
1232: 1656,165
1233: 303,1676,1315,1033,2005,239,286,1020,1032,1243,1407
1234: 
1896: 1029,49,1257,1736,1061,1091,1521,1923,1992,1598,1043,2008,1783,1216,1042,1275,208,1167,249,333,100,929,879
1236: 
1237: 935,478,732,1000,2006,494,1529,487,653,564,1555,1399,573,836,1697
1876: 
1239: 246
1240: 2002,1816,1659,378,499,562,1308,1339,666,1719,1865,87,296,387,129,146
1241: 
1914: 
1243: 1676,1233,1033,2005,286,1020,1032,1407
1244: 
1245: 720
1246: 
1247: 42
1248: 1064,276
1249: 1128,2019,1479,251,179,1798,940
1250: 1554,1120,430,2010,697,963,1446,1214,233,473,1024,1116,936,1190,1123,599,816,221,948
1251: 1700
1252: 1559,613
1253: 1906,606
1254: 
1255: 1209
1256: 1471,821,1332,351,1424,238,2012,730,1482,1599,1564,1895,293,192,1859,1763
1257: 1029,49,1736,1061,850,1521,1992,1598,1043,2008,1216,1275,1896,1167,249
1258: 1474
1259: 384,570,1707,815
1260: 1969,1633,2003,1023,426,200,578,876,253,491,1417,1804,558,1591,1324,1440,220
1261: 391,548
1262: 
1263: 692,1588,1280,2017,1429,47,1752,1079,123,163,1177,1394,1560
1264: 
1265: 
1266: 
1267: 1001,1052,1945,669,1202,2007,495,222,365,1823,687,1318,134,54,1408,463,1684,965
1268: 1638
1912: 108
1270: 1474
1868: 1869,157,1982,1106,983
1272: 
1273: 1794,806,642
1274: 
1275: 1029,1060,49,1257,1736,1061,1091,1521,1992,1598,2008,1783,1216,1042,208,1896,1167,249,100,879
1276: 942,657,1062,1005,2001,1705,1787,1345,261,713,114,1678,9,482
1277: 
1278: 1765,1738
1279: 
1280: 692,856,156,1588,1487,2017,1429,47,1752,1263,1079,123,1690,163,1177,83,1394,1560
1281: 1488
1282: 
1283: 
1284: 771
1285: 496,926
1961: 670,435,1568,1520,1578,1419,1128,1595,2019,1479,180,251,956,1977,1484,179,1798,1045,940
1287: 957
1288: 1892,30,779,462,1528,727,317,2009,145,225,1971,1614,1166,178,1483,403,331
1289: 
1290: 20
1291: 1223,1145
1292: 
1293: 
1294: 1985,138
1295: 18,1725,2016,206,1381,1724,701,1714,1228,479,1924,597,1953
1296: 1223,1132,1145
1297: 556,1385
1298: 
1299: 281
1300: 
1301: 817,587
1302: 
1303: 732,1000,2006,494,1529,1555,1399,358,573,1697
1954: 1164,700,1694,240,738
1305: 
1306: 
1307: 1803
1308: 2002,1816,1659,378,499,562,666,1719,1865,1240,87,296,387,129,146
1309: 
1310: 1546
1311: 
1932: 
1313: 
1314: 759
1315: 303,1676,1233,1033,2005,239,286,1032
1316: 
1317: 
1318: 1001,1052,1945,408,669,1267,1202,2007,495,222,365,1823,687,134,54,1408,463,1684
1319: 
2014: 1901,1475,448,131,1934,1825,1587,1118,1611,247,555,756,650
1321: 
1322: 1356,1159,1983,541,804,1840,1150,831,493,2018,1558,183,1027,682,901,699,1189,625
1918: 545
1324: 807,1969,1633,2003,1023,426,200,578,876,1260,1179,253,1355,928,491,1417,1804,558,1141,1591,1440,120,220,760
1325: 433,1639,6,175
1326: 1532
1327: 789
1328: 
1329: 1486,1143,345,1817
1330: 18,1725,2016,206,1381,1724,701,1714,1228
1331: 2013,227,1810,1409,26,7,1745,808,1857,1764,1224,514,141,58,193,314,663,1225,777,1863,842,1073,1496,582,1570,1541,12,567,1338
1332: 1471,1256,821,351,238,2012,1599,293,417,1763
1333: 
1846: 
1335: 
1336: 
1337: 1987,453,167,1808,628,1540
1338: 1073,86,1496,582,1570,1541,12,567,1863,2013,227,1810,1409,26,7,1331,1857,1224,514,141,193,314,663,1225,842
1339: 2002,1816,1659,378,499,562,666,1719,1865,1240,87
1340: 
1341: 
1342: 
1343: 
1344: 917
1345: 942,657,1062,1005,2001,1787,261,713,9,482,1276
1346: 1669,1856,1392,1112,515
1347: 1742
1348: 299
1349: 
1350: 
1351: 1562,1757,1139
1352: 1211,1373
1353: 1665,1477,1620,1040
1354: 
1355: 807,2003,426,1179,253,491,1417,1804,1141,1591,1324,1440,220,760
1356: 1159,1983,541,804,1840,1150,831,1577,493,2018,1558,183,1322,1027,618,682,901,699
1951: 1551,1759
1358: 
1359: 48,84
1360: 201,1926,532,121,2015,1401,13,718,1974,1622,416,769,122,1852,862,1762
1361: 763,979
1362: 
1363: 897,1368
1364: 
1365: 1786,226,1980,794
1366: 1663,977
1367: 
1368: 897,1363
1369: 
1370: 242
1371: 
1372: 
1373: 1211,1352
1996: 
1375: 
1376: 
1377: 
1378: 809
1379: 952
1380: 1050,432
1381: 18,1725,2016,206,1330,1713,1724,1295,1714,1228,479,1924,597,1953
1382: 
1383: 2004,882,1858,1677,361,1964,62,1972,1124,662,112,1997,635,833
1384: 1582,1097,1729
1385: 1297,556
1386: 
1387: 
1388: 173,626
1389: 
1971: 1892,30,462,1528,1534,1288,2009,145,1614,178,403
1391: 615
1392: 1856,1112,1346
1393: 1466
1394: 692,1774,856,1588,1280,949,1487,2017,1429,47,1752,1263,1079,123,1690,163,1177,1560
1395: 
1396: 171,284,1427,1542
1397: 
1398: 
1399: 935,478,732,1000,1237,2006,494,1529,487,564,1555,1303,358,1697
1400: 
1401: 201,532,1360,121,2015,13,718,1974,122,1762,1957,1883,267
1908: 1517
1403: 
1404: 1110,457,302
1405: 
1406: 
1407: 303,1676,1233,1033,2005,286,1020,1032,1243
1408: 1001,1052,669,1267,1202,2007,365,1823,687,1318,54,463
1409: 2013,227,1810,26,7,1331,1745,808,1857,1764,1224,58,193,314,1225,777,1073,582,1570,12,567,1338
1410: 1715,259,40
1411: 
1412: 
1413: 923
1414: 
1926: 201,532,1360,121,2015,13,98,718,1974,1622,416,769,122,862,1762,1957
1845: 592,133
1417: 807,1633,2003,426,578,876,1260,1179,253,1355,491,1804,1141,1591,1324,1440,220
1418: 
1419: 670,435,1568,1520,1578,1961,1128,1595,2019,180,251,956,1484,179,1798,1045
1420: 946
1421: 
1422: 585
1992: 1029,1060,49,1257,1736,1061,850,1091,1521,1923,1598,1043,2008,1783,1216,1042,1275,208,1896,1167,249
1424: 238,2012,730,1482,1599,1895,293,192,1948,1859,417,1533,1763,1471,1256
1425: 34,72
1426: 
1427: 1542,171,284,1396
1428: 68,315
1429: 692,1774,1588,1280,949,1487,2017,47,1263,1079,123,1690,163,1177,1394
1430: 765,96
1431: 
1432: 1499,1770,574,870,458,685,2000,1728,1819,109,229,1800,132,161,1602,916,217,1712
1433: 
1434: 1902,2001,1705,939,1799,1678,9,482,77
1435: 74,1469,1080,528,313,1795,1853,2011,184,1708,270,1103,914,981,475
1436: 1590,741
1437: 1849
1438: 
1439: 
1440: 2003,1023,426,876,1260,1179,253,1355,491,1417,1804,558,1141,1324,220,760
1441: 59,1597,111,766
1949: 
1443: 526,881,244
1444: 
1445: 565
1446: 1554,985,1120,430,2010,811,319,590,697,963,1641,1214,1250,1004,233,473,1024,1116,936,599,816,221,948
1447: 
1448: 758,1833,399,607
1449: 
1450: 1231
1451: 892,712
1452: 
1453: 
1454: 
1455: 861
1917: 
1457: 1117
1458: 
1459: 
1460: 1646,150,256,1760
2005: 303,1676,1233,1315,1033,239,286,1020,1032,1243,1407
1462: 
1463: 1966,1839
1464: 1582,325
1465: 
1466: 1393
1928: 905,334,70,1505
1468: 400
1469: 74,1080,528,313,1795,1435,1853,1523,874,2011,184,1708,270,1103,914,981,475
1470: 1157,1947
1471: 1256,821,1332,351,1424,238,2012,730,1599,1895,293,1859,417,1763
1472: 1791,1606
1473: 
1474: 1258,1270
1475: 1901,448,2014,1934,1825,1118,247,756,650
1476: 985,2010,811,319,590,697,963,1641,1933,936,780
1477: 1665,982,1056,1353,1040
1478: 
1479: 1128,1595,2019,1249,180,251,956,1977,1484,179,1798,940,1961
1947: 1157,1470
1481: 
1482: 1424,238,2012,730,1599,1564,1895,293,192,1948,1859,417,1533,1763,1256
1483: 30,779,462,727,1288,2009,225,1614,1166,331
1484: 1128,1595,2019,1479,180,251,956,1977,179,940,670,435,1568,1520,1578,1961,1419
1915: 770,80,185,452,1613
1486: 1143,345,1329,1817
1487: 692,1774,856,156,1588,1280,949,2017,1429,47,1079,123,1690,163,1177,83,1394
1488: 1281,306
1489: 442
1490: 
1491: 1981,71,866,1976
1492: 1687,1775
1493: 
1494: 
1495: 970,911,750
1496: 1073,86,582,1541,12,567,1338,1863,2013,1810,26,1331,514,141,842
1497: 
1498: 909
1499: 1770,574,870,458,1432,2000,109,229,409,1800,132,161,1015,1602,916,237
1500: 706,1526
1501: 
1502: 
1503: 
1504: 
1505: 334,70,1928,905
1506: 
1507: 
1508: 1729,1097
1509: 694,1871,576,775
1510: 858
1888: 1557
1512: 279,252,232
1513: 654,513,1089,1939,784
1514: 506,1746
1515: 1695,1793
1516: 
1517: 1908
1518: 
1519: 
1520: 670,435,1568,1578,1961,1419,1128,1595,2019,180,251,956,1484,179,1798,1045
1521: 1029,1060,49,1257,1736,1061,850,1992,2008,1216,1042,1275,1896,1167,249
2008: 1029,1060,49,1257,1736,1061,850,1091,1521,1923,1992,1598,1043,1783,1216,1042,1275,208,1896,1167,249,333,100,929,879
1523: 74,1469,1080,1795,874,2011,184,1708,270,914,981,475
1524: 
1525: 355
1526: 1500,706
1527: 
1528: 1892,30,779,462,727,1288,317,2009,145,225,1971,1166,178,403
1529: 935,732,1000,1237,2006,494,487,653,564,1555,1399,1303,358,573,1697
1530: 
1531: 1818,632
1532: 1048,1326
1533: 1424,238,2012,730,1482,1599,1564,1895,192,1948,1859
1534: 1892,462,2009,145,1971,178,403
1535: 1566
1536: 1581
1537: 
1538: 1111,664
1539: 
1540: 1808,628,1987,453,1337,167
1541: 1073,86,1496,582,12,567,1338,1863,2013,1810,26,1331,1224,514,141,842
1542: 1427,171,284,1396
1543: 
1544: 1009,401
1545: 1822,480
1546: 1310
1547: 
1548: 762
1897: 
1550: 
1551: 1951,1759
1552: 724,1920
1553: 
1554: 985,430,2010,811,590,697,963,1446,1641,1214,1250,1004,170,233,473,1024,1116,1933,1190,1123,780,599
1555: 935,732,1000,1237,2006,494,1529,487,1399,1303,358,1697
1556: 
1557: 1888
1558: 1356,1159,1983,541,804,1840,1150,831,1577,493,2018,183,1322,1027,618,682,901,699
1559: 1252
1560: 692,856,156,1588,1280,2017,47,1752,1263,1079,123,163,1177,1394
1561: 
1562: 1757,1139,1351
1563: 
1564: 238,2012,730,1482,1599,1895,293,192,1948,1859,1533,1256,351
1565: 
1566: 1535
1567: 627
1568: 670,435,1520,1578,1961,1419,1128,1595,2019,180,251,956,1977,1484,179
1964: 2004,882,1858,1677,361,62,1124,662,112,1383,263,1579,635,833
1570: 1073,582,12,567,1338,2013,1409,26,7,1331,808,1764,193,1225,777
1990: 
1873: 560,1647
1573: 79,964
1574: 1125,1096
1575: 
1576: 436
1577: 1356,1159,541,804,1840,831,2018,1558,183,901
1578: 670,435,1568,1520,1961,1419,1128,1595,2019,251,956,1977,1484,179
1579: 2004,882,1964,1124,662,112,263,833
1580: 234,610
1581: 1536
1582: 325,1464,1384
2016: 18,1725,206,1330,1713,1381,1724,1295,701,1714,1228,479,1924,597,1953
1584: 
1585: 347
1586: 
1587: 448,2014,131,1934,555,756,650
1588: 692,1774,856,156,1280,949,1487,2017,1429,47,1752,1263,1079,123,1690,163,1177,83,1394,1560
1589: 
1590: 741,1436
1591: 807,1969,1633,2003,426,578,876,1260,1355,928,491,1417,1804,1141,1324,120,220
1592: 1803
1593: 
1594: 
1595: 1128,2019,1479,180,251,956,1484,179,1798,1045,940,670,1568,1520,1578,1961,1419
1596: 
1597: 1441,59,111,766
1598: 1029,49,1257,1736,1061,1091,1923,1992,1043,2008,1783,1216,1042,1275,208,1896,1167,249,333,100,929,879
1599: 1424,238,2012,730,1482,1564,1895,293,192,1948,1859,417,1533,1763,1471,1256,821,1332,351
1600: 389
1601: 
1602: 1499,1770,458,685,1432,2000,1728,109,229,132,161,916,217,1712
1867: 
1604: 
1605: 19,116
1606: 1791,1472
1607: 337
1608: 1054,1168
1927: 406,1041
1610: 958,1083,1155,1919
1611: 1901,448,2014,131,1825,247
1909: 
1613: 1915,770,743,80,452
1614: 30,779,462,1288,2009,1971,1483
1615: 
1616: 507
1982: 1868,1869,157,1106
1618: 
1919: 958,1610,1083,1155
1620: 1040,1353
1621: 
1622: 201,1926,1360,121,2015,13,98,718,1974,416,769,122,1852,862,1762,1957
1623: 
1872: 
1625: 
1626: 790,890,300,66,1828
1627: 1157
1628: 509,603
1629: 690,561
1630: 
1631: 
1632: 292
1633: 807,1969,2003,426,200,578,876,1260,928,1417,1804,236,1141,1591,1324,120,220
1634: 
1635: 
1636: 
1637: 1078,336,683,285,38
1638: 1268
1639: 433,1325,6
1640: 
1641: 1554,985,2010,811,590,697,963,1446,1004,170,233,1116,1933,1123,1476,780
1642: 
1643: 
1644: 
1645: 
1646: 150,256,1460,1760
1647: 1873
1648: 1673
1924: 597,2016,206,1713,1381,1724,1295,1714,1228,479,1953
1650: 
1651: 
1652: 
1653: 
1654: 
1655: 
1656: 165,1232
1657: 
1658: 689,678
1659: 2002,1816,378,499,562,1308,1339,666,1719,1865,1240,87,296,387,129
1660: 
1661: 
1662: 15
1663: 1889,977,1366
1664: 
1665: 1056,1353,1477,1040
1860: 786
2000: 1499,1130,1770,574,870,458,685,1432,629,1728,1819,109,229,409,1800,132,161,1015,1602,916,217,1712,237
1668: 796
1669: 1856,1346,515
1670: 
1671: 
1672: 
1673: 1648
1674: 1970,711
1675: 211
1676: 303,1233,1315,1033,2005,239,286,1020,1032,1243,1407
1677: 2004,882,1858,361,1964,62,1972,1124,662,112,1383,1997,635,833
1678: 933,942,657,1434,1005,1902,2001,1705,1787,261,939,1799,9,482,1276,77
1679: 
1680: 433,6,175
1681: 529
1682: 
1683: 
1684: 1945,669,1267,1202,2007,495,222,365,1823,687,1318,134,463,965
1685: 
1686: 585
1687: 1492,1046,1775
1688: 1074
1942: 461,1778
1690: 1774,1588,1280,949,1487,2017,1429,47,1079,123,163,1177,1394
1691: 
1692: 
1969: 807,1633,2003,200,578,876,1260,928,1804,1591,1324,120
1694: 240,738,1954,700
1695: 1515
1696: 
1697: 732,1000,1237,2006,494,1529,653,564,1555,1399,1303,358,573
1698: 
1699: 904,469,631
1700: 1251,207
1701: 
1702: 1721,776,186
1703: 867,1058,579,1044,428,740
1704: 
1705: 1434,1005,1902,2001,1787,939,1799,114,1678,9,482,1276,77
1706: 295
1707: 384,1259,570
1708: 74,1469,1080,528,313,1795,1435,1853,1523,874,2011,184,270,1103,914,981,475
1709: 188,154
1710: 
1882: 
1712: 458,685,1432,2000,1728,1819,161,1602,916,217
1713: 1725,2016,1381,1724,1714,479,1924,1953
1714: 18,1725,2016,206,1330,1713,1381,1724,1295,701,1228,479,1924,597,1953
1715: 1410,259,40
1716: 464,680,1051
1717: 310,575
1718: 
1719: 2002,1816,1659,378,499,562,1308,1339,666,1865,1240,87,296,387,129,146
1720: 456
1721: 1702,776,186
1722: 
1723: 
1724: 18,1725,2016,206,1330,1713,1381,1295,701,1714,1228,479,1924,597,1953
1725: 18,2016,206,1330,1713,1381,1724,1295,1714,479,1953
1726: 
1727: 791
1728: 870,458,685,1432,2000,1819,109,229,161,1602,916,1712
1729: 1508,1097,1384
1730: 
1731: 
1732: 197,5
1733: 
1734: 
1735: 500
1736: 1029,1060,49,1257,1061,850,1091,1521,1923,1992,1598,1043,2008,1216,1042,1275,1896,1167,249
1737: 
1738: 1278,1765
1739: 176
1740: 1172
1741: 
1742: 1347
1743: 
1744: 151
1745: 2013,227,1810,1409,26,7,1331,808,1857,1764,1224,58,193,314,663,1225,777
1746: 1514,506
1747: 608,884,1226,275
1748: 
2006: 935,478,732,1000,1237,494,1529,487,653,564,1555,1399,1303,358,573,836,1697
1750: 
1852: 1360,2015,13,98,1622,416,769,122,130,862
1752: 692,856,156,1588,1280,2017,1263,123,163,1177,1394,1560
1753: 984,871
1754: 366
1755: 
1756: 580
1757: 1562,1139,1351
1758: 1136
1759: 1951,1551
1760: 1646,150,256,1460
1761: 830,542
1762: 201,1926,532,1360,121,2015,1401,13,718,1974,1622,122,862,1957,1883,267
1763: 1424,238,2012,1482,1599,1895,293,1859,417,1471,1256,821,1332
1764: 2013,227,1409,26,7,1331,1745,808,1857,193,1225,777,582,1570,12
1765: 1278,1738
1766: 
1767: 
1768: 800
1769: 
1770: 1499,870,458,1432,2000,109,229,1800,132,161,1015,1602,916,237
1972: 2004,882,1858,1677,361,62,1124,662,1383,1997,635,833
1772: 
1773: 
1774: 1588,949,1487,2017,1429,47,1079,123,1690,163,1394
1775: 1492,1687,1046
1776: 436
1851: 
1778: 1942,461
1976: 1069,1981,1491,71,866
1780: 
1781: 115
1782: 1183
1783: 1029,1060,49,1061,1091,1923,1992,1598,1043,2008,1216,1042,1275,208,1896,1167,249,333,100,929,879
1784: 
1785: 
1786: 1365,226
1787: 942,1062,1005,1902,2001,1705,1345,1799,114,1678,9,482,1276,77
1981: 1491,71,866,1976,1069
1789: 
1878: 93,720
1791: 1472,1606
1792: 39,843
1793: 1197,1515
1794: 806,642,1273
1795: 1469,1080,528,1435,1853,1523,874,2011,184,1708,270,1103,914,981,475
1796: 
1797: 330
1798: 1128,1595,2019,1479,1249,251,956,1045,940,1520,1961,1419
1799: 942,1434,1062,1005,1902,2001,1705,1787,939,114,1678,9,482,77
1800: 1499,1130,1770,574,870,458,1432,629,2000,109,409,1015,916,237
1801: 162,993
1966: 1993,1463
1803: 1592,1307
1804: 807,1969,1633,2003,200,578,876,1260,1355,928,1417,558,236,1141,1591,1324,1440,120,220
1805: 
1806: 
1807: 1026,103
1808: 628,1540,1987,453,1337,167
1809: 
1810: 2013,227,1409,26,7,1331,1745,1857,1224,514,141,58,193,314,663,1225,777,1863,842,1073,1496,582,1541,12,567,1338
1811: 
1812: 
1879: 
1858: 2004,882,1677,361,1964,62,1972,1124,662,112,1383,1997,263,635,833
1815: 412
1816: 2002,1659,378,499,562,1308,1339,666,1719,1865,1240,87,296,387,129
1817: 1486,345,1329
1818: 632,1531
1819: 1130,574,870,458,685,1432,2000,1728,109,161,916,1712
1999: 
1821: 
1822: 1545,480
1823: 1001,1052,1945,408,1267,1202,2007,495,365,687,1318,134,54,1408,463,1684
1824: 783
1825: 1901,1475,448,2014,131,1118,1611,247
1826: 
1827: 1022
1828: 300,66,790,890,1626
1829: 
1830: 349,604,873,231
1831: 
1832: 
1833: 758,399,1448,607
1865: 2002,1816,1659,378,499,562,1308,1339,666,1719,1240,87,296,387,129,146
1835: 
1836: 
1837: 
1838: 
1839: 1463,33
1840: 1356,1159,1983,541,804,1150,831,1577,493,2018,1558,183,1322,1027,618,682,901,699,1189,625
1894: 
1842: 