0: 392,1668,400
1: 1325
2: 432,1050,603
1842: 
1687: 796,499,1351,146,2002,1046,296,535,1339,666,1308,278,1719,1921,1240,172,1472,1706,1791,273,1659
5: 1117,651,33
6: 69,1463
7: 1561,582,1610,1863,1225,663,1221,514,808,1496,1338,1745,1455,26,2013,1570,783,1331,777,1764,1224,58,1584,567,1265,1810
8: 1231,795,157,1812,1722,1960
9: 1185
10: 1385,691
1781: 1034,1088,2019,1798,1083,1903,1484,1354,670,1128,435,1943,1362,1540,418,1961,1507,1479,940,179,251,1578,958,1634,1568,698,1595,1498,1342,41,962
12: 1610,663,514,808,1496,1241,2013,193,1857,783
13: 469,122,2015,971,1622,1297,526,769,1606,1502,34,98,1360,201,660,70,820,1974,72,1138,121,130
14: 
15: 986
16: 
17: 
18: 2016,1228,1924,1724,1725,236,206,1713,1381,1330,479,1714
1824: 377,358,494,1350,1494,1303,561,633,478,264,362,1697,2006,335,1237,1035,1529,934
1718: 
1579: 1964,263,361,690,1677,946,662,2004,1077,112,1858,882
22: 1964,263,690,946,662,2004,1077,112,882,1972,1124,62,1278,833,1383,1997
1560: 1487,1079,1774,123,83,1429,1589,1181,1319,1263,1210,1710,1740,2017,1690,47,163,156,856,1860,1280,1752
24: 979,959,1298,793
25: 
26: 1561,582,1610,86,1225,663,1221,514,808,7,1496,1745,1455,2013,193,1857,783,1331,777,1764,314,227,141,1224,1073,58,1584,567,1810
27: 350
28: 1543,689,1792,1576,433,1789
1694: 
30: 462,503,1166,1288,317,403,1049,1892,2009,1534,727,1971,178,1614,1483,427
1703: 926,1709,1430,419,1051
32: 1070,1353
33: 1117,651,5,1272
34: 1926,469,122,2015,1944,719,971,1622,1297,526,769,1606,98,13,1360,201,660,1957,130
1852: 469,122,2015,1944,1883,719,1199,267,769,1606,1502,98,201,660,532,902,718,70,797,416,1246,862,244,1158
36: 
37: 106
38: 
39: 
40: 
41: 1099,1578,958,1249,1045,1634,1568,698,1595,1342,294,962,786,1088,2019,1798,180,1083,1484,670,1128,1943,1362,1540,418,1961,1507,1479,940,251,1781
42: 
43: 
1934: 
45: 78,1787,1056,933,2001,853,942
46: 
47: 1210,1710,692,1740,2017,1690,1177,156,856,1860,1079,123,83,1560,1181,1319,1752
48: 
49: 1091,1275,208,1257,1042,800,2008,1896,850,1992,1216,249,1736,1167,655,1060,1923
1606: 1926,469,122,2015,1944,719,971,1622,1852,1199,267,526,769,1502,34,98,13,1360,201,660,532,902,718,70,797,820,416,72,1957,130,1158
51: 1182
52: 1106,606
53: 
54: 81,1267,2007,1945,785,1837,408,463,222,1013,129,965,365,1784,1762
55: 1468
56: 810,372
57: 592,399,588,1845,406
58: 1561,582,1610,1225,663,1221,808,7,1496,1455,26,2013,783,1331,777,1409,1764,314,1224,1073,1584,567,1810
59: 1223
60: 1505,761,881,352,1727
61: 520
62: 1972,798,1124,1278,833,1383,1997,747,1964,263,662,2004,1077,22,1858,882
63: 
1794: 
1589: 1487,1079,1774,123,1429,1560,1181,945,1263,1210,692,1394,863,2017,1690,163,1588,1860,1280
66: 
1864: 1980
68: 
69: 6,1463
70: 469,122,2015,719,971,1622,1852,1199,267,526,769,1606,1502,13,1360,201,660,532,902,718,797,820,416,1246,1974,904,851,1464,72,862,244,1957,1138,121,130,1158,1452
71: 552,393
72: 1246,1974,904,851,1464,862,244,1957,1138,121,130,469,122,2015,719,971,1622,1297,1199,267,526,769,1606,13,1360,660,532,902,70,797,820,416,1452
1735: 
74: 1080,136,270,1978,2011,1347,893,1469,1284,1435,1103,184,274,1523,313,981,528
75: 
76: 
77: 635,1800,818,409,903,1499,1712,339,196,685,1728,2000,307,1993,1168,1204,1367,916,458,109,302,1244,574
78: 45,1787,1056,933,2001,853,1769,942,1421
1744: 
1746: 699,2018,541,618,1577,804,1322,831,901,625,844,1545,1184,1737,183,506,1027,1558,1750
81: 1267,2007,1945,785,1837,408,463,134,222,1013,129,1377,965,1408,365,1784,1762,54,1823
82: 860
83: 1487,1079,1774,123,1429,1560,1181,1319,1210,1710,1740,2017,47,156,856,1860,1280,1752
84: 
85: 
86: 582,1610,1863,1225,663,842,1221,514,1338,1241,1745,26,2013,193,1570,1857,783,1541,1764,227,141,1019,1073,1584,1828,567,1265
87: 796,499,2002,1046,378,1339,666,1308,278,1719,562,1921,1240,387,1472,1706,1791,273,1659,374
88: 731,829
89: 
90: 1104,794
1966: 500,1208,1999
92: 1658
93: 
1737: 183,506,405,1027,1558,1750,203,699,2018,541,618,1577,804,1322,831,901,625,493,844,1189,1822,1159,1184,1746
95: 
96: 
97: 566,1662,1064,549
98: 1926,469,122,2015,1944,719,971,1622,1852,526,769,1606,1502,34,13,1360,201,660,902,130
1750: 1737,183,506,405,1027,1558,699,2018,541,618,804,1322,831,901,625,844,1545,1822,1184,1746
100: 1091,208,1042,800,2008,1029,266,850,879,333,249,1521,1060,1923,1598
1978: 1080,136,270,1795,1853,2011,1347,893,1469,874,1435,1103,74,611,184,274,1838,313,1708,981,528
2006: 478,264,1152,1811,1000,362,1697,176,732,487,836,335,1555,1237,1035,653,1095,935,594,1518,1529,934,573,377,358,494,1824,1350,1494,1303,561,633
103: 
1925: 750,248
1662: 566,97,1064,415,549
106: 37
107: 
108: 1807,754
109: 635,1800,1770,132,818,629,409,1432,903,217,1712,339,196,685,1728,1819,2000,1993,1168,716,916,458,77,237,302,1244,394,574,229
1833: 987
111: 1102
112: 1964,263,361,690,1677,946,1579,662,2004,1077,22,1858,882,833,1997,747
113: 
114: 617,2001,1772,468,1005,920,887,277,1276,1434,261,1866,713,1160,1062,323
115: 
116: 
117: 
118: 
1725: 2016,1953,701,1228,1924,1724,1295,236,206,1381,18,1330,479,1714
120: 1969,1183,1804,220,2003,181,578,558,928,1174,807,1575,1591,1440,638,1417,1552,1141
121: 1246,1974,904,851,1464,72,1957,1138,130,2015,719,971,1622,1297,267,526,769,13,1360,660,70,820
122: 1926,469,2015,1944,719,971,1622,1852,1199,267,526,769,1606,1502,34,98,13,1360,201,660,532,902,718,70,797,820,416,1246,1974,72,862,1957,130,1158
123: 1487,1079,1774,83,1429,1589,1560,1181,945,1319,1210,1710,692,1740,1394,2017,1690,47,163,1177,156,856,1860,1280,1752
1673: 
125: 540,852
126: 
1775: 
128: 
129: 81,1267,2007,1945,785,1052,1837,408,463,134,990,222,1013,1377,965,1202,1408,365,495,1341,1784,1762,54,1823,687,1684,669,1988
130: 1246,1974,904,851,1464,72,1957,1138,121,469,122,2015,1944,719,971,1622,1297,1199,267,526,769,1606,1502,34,98,13,1360,660,532,902,70,797,820
131: 1258,1901,1215,1825,2014,650,225,1475,803
132: 1800,1770,818,629,409,1432,903,217,339,685,1819,2000,916,1053,458,109,237,302,394,574,229
133: 
134: 81,2007,1945,785,1052,1837,463,990,222,1013,129,1377,965,1202,1408,1318,365,495,1341,1784,1762,1823,687,1684,669,1988
135: 
136: 1080,270,1795,1978,2011,914,1347,893,1469,874,1284,1435,1103,74,611,184,274,1838,1523,313,981,528
1553: 
138: 969
139: 1717
140: 
141: 1863,86,1225,663,842,1221,1496,1241,1745,26,2013,193,1857,783,1541,314,227,1019,1224,1073,1584,1828,567
1963: 
143: 
144: 811,1476,1120,1004,963,170,948,233,1855,319,1554,1309,1024,590,1760,599,1190,2010,985
145: 343,1371,756,427,1166,1205,779,1288,403,1892,2009,1534,727,1971,1614,1528,1483
146: 499,1351,2002,1046,296,1687,535,378,1339,666,1308,278,1719,562,1921,1816,1240,387,172,1472,1791
1591: 1969,1183,1804,1653,220,876,2003,181,578,558,928,1174,262,807,1575,120,426,1440,638,1552,1260,253,1141,200
148: 1326,765
149: 
150: 
151: 
152: 632,812
1892: 462,503,1166,1205,779,1288,317,403,30,2009,1534,727,1971,331,178,1614,1528,145,756
154: 601
155: 
156: 1263,1210,1710,692,1740,1394,2017,1690,47,163,1177,856,1860,1280,1079,123,83,1429,1560,1181,1319,1752
157: 546,1231,613,795,1812,383,8,762,1722,312,1960
158: 
159: 1902
1957: 1246,1974,904,851,72,244,1138,121,130,469,122,2015,1944,1883,719,1622,1297,1199,267,526,769,1606,34,660,532,902,70,416
161: 438
162: 
163: 1263,1210,1710,692,1740,1394,863,2017,1690,1177,156,856,1588,1860,1280,1487,123,1429,1589,1560,1181,945
1810: 1561,582,1610,1225,663,514,808,7,1496,1455,26,2013,1570,1857,783,1331,777,1764,58,567
165: 
166: 
167: 177,1504,171,770,452
168: 282
169: 
170: 144,811,1476,1120,1004,963,948,233,319,1554,1309,1024,590,1760,599,1190,2010,985
171: 177,1504,770,167
172: 1351,146,2002,296,1687,535,666,1308,278,1719,1816,1240,1472,1791
173: 1576,433,668
174: 
1638: 511,1162,1532
176: 478,264,1152,1811,1000,362,1697,2006,732,487,836,335,1555,1237,1035,653,1095,935,594,1518,1529,934,377,1350,1494,1303
177: 1504,171,770,167
178: 462,503,1166,1205,779,1288,317,403,1892,30,2009,1534,727,1971,331,1528,1483,756,427
179: 855,1034,1088,2019,1798,1756,1903,1038,477,1484,1354,670,1128,435,1362,1540,1780,1507,1479,940,1419,1781,1578,958,1045,1568,1968,698,1595,1498,1342,962
180: 855,786,1034,1088,2019,1756,1903,1038,477,1484,1128,1540,1520,1780,1977,1961,1479,940,1419,1535,958,1249,1045,1568,1968,41,294,962
181: 1969,1804,876,2003,578,558,928,262,807,1575,120,426,1591,1440,638,760,1417,1552,1260
1558: 1737,183,506,405,1027,1750,699,2018,804,1322,901,844,1184,1746
183: 1737,506,405,1027,1558,1750,203,699,2018,541,618,1840,1577,804,1322,831,901,625,493,844,1189,1822,1159,1184,1746
184: 1080,136,270,1795,1853,1978,2011,914,893,1469,874,1435,1103,74,611,274,1838,313,1708,981,528
185: 549
1615: 725,1702,395,1645,1628
1975: 
188: 1236
2001: 933,617,1772,468,1005,924,853,920,887,1769,277,114,593,1276,1434,261,1866,713,942,1160,939,1062,304,323,1421,45,78,1787,1056
190: 1742
191: 642,1458,806,1862
192: 417,1895,293,238,1948,1533,2012,1482,1256,1599,1956
193: 1610,86,1225,663,1221,514,1496,1241,26,2013,1857,783,227,141,12,1073
194: 
195: 1704
196: 635,1800,818,409,1499,339,685,2000,307,1993,1168,1367,916,458,109,77,302
1688: 
1995: 
199: 
200: 253,1141,1969,1183,1804,1653,220,876,2003,558,1174,807,1591,1440,1552
201: 1926,469,122,2015,1944,719,971,1852,526,769,1606,1502,34,98,13,1360,660,902,718,70,797,820
1626: 
203: 699,2018,618,1983,1840,1577,804,831,901,625,493,844,1189,1822,1159,1150,1737,183,506,405,1027,814
204: 
205: 
206: 2016,701,1228,1924,1724,1295,1725,236,1713,1381,18
207: 1942,763,1359
208: 1091,1275,1257,1042,800,2008,1029,1896,266,850,100,879,1992,333,249,1736,1167,655,1061,1521,1060,49,1923,1598
209: 1683,826,1008,1515,1147
1826: 
211: 
1561: 582,1610,1863,1225,663,1221,808,7,1496,1338,1745,1455,26,2013,1857,783,1331,777,1409,1541,1764,314,227,1224,1073,58,1584,1828,567,1265,1810
213: 748
1803: 
1854: 
216: 957
217: 1800,1770,132,818,629,1432,903,1712,339,1728,1819,2000,716,916,1053,458,109,237,302,394,574,229
218: 
1675: 
220: 1969,1183,1804,1653,876,2003,558,928,1174,807,1575,120,1591,1440,638,1552,1260,253,1141,200
221: 319,1670,1123,1399,936,1760,1116,430,1650,1190,1250,2010,1214,298,559,780,816,985,1120,1933,963,1641,233,527,1855
222: 81,1267,2007,1945,785,1837,408,463,134,1013,129,965,365,1341,1784,1762,54
1575: 1969,1804,220,876,2003,181,578,558,928,1174,262,807,120,426,1591,1440,638,1552,1260,253,1141
224: 
225: 1258,1118,1901,247,1215,1825,2014,650,131,555,1475,803
226: 515,683,773
227: 1561,582,1863,86,1225,663,842,1221,1338,1241,1745,26,2013,193,1857,783,1409,1541,1764,314,141,1019,1224,1073,1584,1828,567,1265
228: 
229: 1770,132,1432,903,217,1819,2000,1053,458,109,237,394
230: 1543
231: 292
232: 1021,615,553
233: 144,811,1476,1120,1004,1933,963,1641,170,948,1855,319,1024,590,221,1760,1650,599,1190,2010,298,816,985
234: 
1906: 
236: 2016,701,1228,1924,1724,1295,1725,206,1713,1381,18,1330,479,1714
237: 1800,1770,132,818,629,1432,903,217,1712,685,1728,1819,2000,1993,916,1053,458,109,302,394,574,229
238: 417,351,1895,1471,192,293,1948,1533,730,2012,1482,1783,1256,1424,821,994,1599,1564
239: 1884,1243,1676,286,370,1233,1033,1407,2005,1191,1032,1020,1172,303,1270,947,1315
240: 1755
1766: 
242: 
1865: 
244: 1246,1974,904,851,1464,72,938,862,1957,2015,1883,719,1852,1199,267,532,902,70,416,1158,1452
245: 
246: 
247: 1258,1118,1215,1825,2014,650,555,225,1475,1127,1879,1587,1300,448,1938
248: 1925,750
249: 1091,1275,208,1257,1042,800,2008,850,100,879,1992,333,1736,1167,1060,49,1923,1598
250: 723
251: 786,1088,2019,1798,1083,1484,670,1943,1362,1540,418,1961,1507,1479,1781,958,1249,1634,1568,698,41,962
2016: 1953,701,597,1228,1924,1724,1295,1725,236,206,1713,1381,18,1330,479,1714
253: 1260,1023,1141,200,220,876,2003,928,1174,262,807,1575,1355,426,1591,1440
254: 
255: 
256: 
257: 
258: 
259: 
1862: 642,1458,806,191
261: 2001,468,1005,114,1434,713
262: 876,2003,181,578,558,928,1174,807,1575,1355,426,1591,1440,760,1552,1260,1023,253,1141
263: 1964,361,690,1677,946,1579,662,2004,1077,22,112,1858,882,62,1278,833,1383,1997,747
264: 478,1152,1811,1000,362,1697,176,2006,732,487,836,335,1237,1035,653,1095,935,594,1518,1529,934,573,377,358,494,1824,1350,1494,1303,561,633
1884: 1243,1676,286,1940,370,1233,1563,239,1033,1407,2005,1191,1032,1020,949,1172,303,1270,947,1315
266: 208,1257,800,2008,1029,1896,850,100,879,333,1736,1167,1061,1521,1060
267: 469,122,2015,1944,1883,719,1622,1852,1297,1199,526,769,1606,1502,1360,660,532,902,718,70,797,820,416,1246,1974,904,851,1464,72,862,244,1957,1138,121,130,1158,1452
268: 
269: 
270: 1080,136,1795,1853,1978,2011,914,1347,893,1469,874,1284,1435,1103,74,184,274,1838,475,1523,313,981,1433
1774: 1487,1079,123,83,1429,1589,1560,1181,2017,1860,1280
1811: 478,264,1152,1697,176,2006,732,487,836,335,1555,1237,1035,1095,935,594,1518,1529,934
273: 499,1351,2002,296,1687,378,666,1308,1719,87,1816,387,1472,1706,1791,374
274: 1080,136,270,1978,2011,893,1469,874,1435,1103,74,184,1838,313,981,528
1924: 2016,1953,701,597,1228,1724,1295,1725,236,206,1713,1381,18,1330,479,1714
276: 
277: 933,617,2001,1772,924,853,920,887,1769,114,593,1276,1866,713,942,1160,939,1062,323,1787,1056
278: 796,146,2002,1046,1687,535,1339,666,1308,562,87,1921,1240,172,1472
279: 1639,1372,678
1804: 1969,1183,1653,220,876,2003,181,578,558,928,1174,1575,120,1591,1440,638,1417,1552,200
281: 
282: 168
1866: 617,2001,1772,468,924,853,887,1769,277,114,1276,1434,942,1160,939,304,323,1421
284: 297
1882: 456,634
286: 1884,1243,1676,1940,370,1233,1563,239,1033,1407,2005,1191,1032,1020,949,1172,303,1270,947,1315
1657: 
288: 
289: 
290: 
1736: 1091,1275,208,1257,800,2008,266,850,1992,333,1216,249,1167,1061,1060,49,1923
292: 231
293: 417,351,1895,1471,192,238,1948,1533,730,2012,1482,1783,1256,821,994,1763,1599,1564,1859
294: 1099,958,1249,1045,1568,1968,1342,41,962,855,786,1088,2019,1756,180,1484,1128,1540,940,1535
1650: 319,1554,1123,1399,590,221,936,1760,1116,430,1848,1446,1738,599,2010,1214,298,559,816,985,1120,1933,963,1641,233
296: 499,1351,146,2002,1687,378,666,1308,1719,1816,1240,387,172,1472,1791,273
297: 284
298: 319,1554,1309,1024,1670,1123,1399,590,221,936,1760,1116,430,1848,1446,1738,1650,599,1190,1250,2010,1214,473,559,780,816,985,811,1120,1933,963,1641,948,233,1855
299: 1531
300: 1768,457
301: 
302: 635,1800,132,818,409,1432,903,217,339,196,685,2000,1993,916,458,109,77,237,574
303: 1884,1243,286,1233,239,1033,2005,1191,1032,949,1270
304: 617,2001,468,1005,853,1769,1276,1434,1866,713,1160,1062,323,1421,1787
305: 
306: 
307: 635,1800,818,409,903,1499,1712,339,196,685,1728,2000,1993,1168,1204,1367,916,458,77,870,1244,574
1938: 1587,1300,448,1258,247,1215,2014,1475,803,1127
1869: 1412,758,1516,983,973
310: 1143
1593: 
312: 546,1231,157,383,762,1722,1960
313: 1080,136,270,1853,1978,2011,893,1469,874,1435,1103,74,611,184,274,1838,1708,981,528
314: 1561,582,1225,663,842,1221,1338,1745,26,2013,1409,1541,227,141,1224,1073,58,1584,1828,567
1714: 479,2016,1953,701,1924,1724,1725,236,1381,18,1330
1993: 635,1800,1770,818,629,409,903,1499,1712,339,196,685,1728,2000,307,1168,716,1204,1367,916,458,109,77,237,870,302,1244,574
317: 462,503,1166,1205,779,1288,403,1049,1892,30,2009,1534,727,1971,331,178,1614,1528,1483
318: 1918,866
319: 1554,1309,1024,1123,590,221,936,1760,1116,1446,1650,599,1190,2010,1214,473,298,559,985,144,811,1476,1120,1004,963,1641,170,948,233,1855
320: 443
321: 1911,873
322: 
323: 933,617,2001,1772,853,920,887,1769,277,114,593,1276,1434,1866,713,942,1160,939,1062,304,1421,1787
1902: 159
1733: 604
326: 
1953: 2016,701,597,1228,1924,1724,1295,1725,1381,1330,1714
1851: 1644
1664: 
330: 
331: 462,503,1205,779,1288,317,403,1892,2009,727,178,1528,756
332: 
333: 1091,208,1257,1042,800,2008,1029,1896,266,850,100,879,1992,249,1736,1167,1061,1521,1060,1923,1598
1578: 958,1045,1634,1568,1968,698,1595,1498,1342,41,962,855,1034,1088,2019,1798,1903,477,1484,1354,670,1128,435,1362,1540,1507,1479,940,1419,179,1781
335: 478,264,1811,362,1697,176,2006,732,487,836,1237,1035,1095,935,594,1518,1529,934,377,358,494,1824,561,633
1708: 1080,1853,1978,2011,1469,874,1103,611,184,1838,313,981,528
337: 
338: 
339: 635,1800,132,629,409,903,217,1712,196,685,1819,2000,307,1993,1168,716,1204,1367,916,458,109,77,870,302,1244
340: 
341: 
1976: 
343: 145,1371,427,1166,1049,2009,1534,1971,1614,1483
344: 
1719: 499,1351,146,2002,1046,296,1687,535,378,666,1308,562,87,1816,1240,387,172,1472,1706,1791,273,374
1933: 1120,1004,963,1641,233,527,1855,1670,1123,1399,221,1116,1650,1190,1250,2010,1214,298,780,816,985
347: 444
1911: 1453,873,321
349: 
350: 27
351: 417,1895,1471,293,238,1948,1533,730,2012,1482,1783,1256,1424,821,994,1763,1599,1564,1859
352: 1505,761,881,60,1727
1970: 
354: 
355: 
356: 
1631: 
358: 377,494,1824,561,633,478,264,1697,2006,487,335,1529,934
1796: 
360: 449
361: 1964,263,690,1677,946,1579,662,2004,1077,112,1858
362: 478,264,1152,1000,1697,176,2006,836,335,1237,1035,653,1095,935,594,1518,1529,377,494,1824,1350,1303,561
363: 1973
364: 1627
365: 81,1267,2007,1945,785,1052,1837,408,463,134,990,222,1013,129,1377,965,1202,1408,495,1341,1784,1762,54,1823,687
366: 439,843
367: 
1676: 1884,1243,286,1940,370,1233,1563,239,1407,2005,1191,1032,1020,1172,1270,947,1315
369: 1209
370: 1884,1243,1676,286,1940,1233,239,1033,1407,2005,1191,1032,1020,1172,1270,947,1315
1838: 1080,136,270,1795,1853,1978,2011,914,893,1469,874,1435,1103,611,184,274,313,1708,528
372: 810,56
1893: 1213
374: 796,499,1351,2002,1046,378,1308,1719,562,87,387,1706,1791,273,1659
1913: 1754
376: 
377: 573,358,494,1824,1350,1494,1303,561,633,478,264,1000,362,1697,176,2006,732,487,836,335,1237,1035,653,1518,1529,934
378: 796,499,1351,146,2002,1046,296,666,1308,1719,562,87,1816,387,1472,1706,1791,273,374
1812: 546,613,795,157,8,1722,1960
1901: 1258,1215,1825,2014,650,131,225,1475,803
381: 
382: 
383: 546,1231,157,762,1722,312
384: 
1974: 1246,904,851,1464,72,862,244,1957,1138,121,130,122,2015,1622,1297,1199,267,526,769,13,1360,660,902,70,820
1715: 
387: 796,499,1351,146,2002,1046,296,378,1339,666,1308,1719,562,87,1816,1240,1472,1706,1791,273,374
1713: 2016,701,1228,1924,1724,1295,236,206,1381,18
389: 
390: 
391: 523
392: 0,1668,400
393: 552,71
394: 1770,132,1432,217,2000,458,109,237,574,229
395: 725,1615,1702,1645,1628
1595: 1099,1578,958,1249,1045,1634,1568,1968,698,1498,1342,41,962,2019,1484,1354,1128,1540,1507,1479,940,179,1781
1592: 1272,1117
1730: 
399: 592,579,57,401,588,1845,406
400: 392,0,1668
401: 592,579,399,906,1845
402: 
403: 462,503,1166,1205,779,1288,317,1892,30,2009,1534,727,331,178,1614,1528,145,756
404: 560,717
405: 1737,183,506,1558,1750,203,699,2018,1322,901,844,1822,1159,1184
406: 399,906,57,1845
1958: 
408: 81,1267,2007,1945,785,1837,463,222,1013,129,1408,365,1784,1762,54
409: 635,1800,132,818,1432,903,339,196,685,1819,2000,307,1993,1168,716,1367,916,458,109,77,302,1244
410: 
411: 
412: 
413: 
414: 821,994,1763,1599,1564,1332,1859,1956,417,1471,1948,2012,1482,1256
415: 566,1662,1064,549
416: 122,2015,1883,719,1852,1199,267,1606,1502,660,532,902,718,70,797,1246,851,72,862,244,1957,1158,1452
417: 351,1895,1471,192,293,238,1948,1533,730,2012,1482,1256,821,994,1599,1564,414,1859,1956
418: 1088,2019,1798,1083,1484,670,1943,1362,1540,1961,1507,1479,251,1781,1568,698,41,962
419: 926,1709,1430,1703
420: 1517
1930: 
1894: 
423: 
1937: 976
425: 
426: 1653,876,2003,181,578,558,928,1174,262,807,1575,1355,1591,1440,760,1552,1260,1023,253
427: 343,145,1371,756,503,1166,779,1288,1049,30,2009,1534,727,1971,178,1614,1483
428: 
1956: 821,1599,414,1332,1859,417,192,1948,1533,2012,1482,1256
430: 1670,1123,1399,221,936,1116,1848,1446,1738,1650,1250,2010,1214,473,298,559,780,816
431: 1335,982,964
432: 2,1050,603
433: 1543,689,1792,28,1576,1789,173
1939: 
435: 855,1034,1088,2019,1798,1756,1083,1903,1038,477,1484,1354,670,1128,1943,1362,1540,1520,1780,1977,1961,1507,1479,940,179,1781,1578,1498
436: 
1654: 
438: 161
439: 366,843
440: 
441: 
1716: 
443: 320
444: 347
445: 1850,548
446: 
447: 466
448: 1879,1587,1300,1611,1938,247,2014
449: 360
450: 
451: 1329,539,1130
452: 1504,770,167
453: 1126,1660,864,1289,517
454: 
455: 741
456: 1882,634
457: 300,1768
458: 635,1800,1770,132,818,629,409,1432,903,217,1712,339,196,685,1728,1819,2000,307,1993,1168,716,1204,916,109,77,237,302,1244,394,574,229
459: 
460: 1831
461: 
462: 503,1166,1205,779,1288,317,403,1892,30,2009,1534,727,1971,331,178,1528,756
463: 81,1267,2007,1945,785,1052,1837,408,134,990,222,1013,129,1377,965,1202,1408,1318,365,495,1341,1784,1762,54,1823,687,669,1988
464: 1222,787,591,1327,1669
465: 
466: 447
1945: 81,1267,2007,785,1052,408,463,134,990,222,129,965,1202,365,495,1341,1784,1762,54,687
468: 617,2001,1005,1769,114,1276,1434,261,1866,713,1160,1062,304,1421
469: 1926,122,2015,1944,719,971,1622,1852,1297,267,526,769,1606,1502,34,98,13,1360,201,660,532,902,718,70,72,1957,130
470: 
1927: 
472: 
473: 319,1554,1309,1024,1670,1123,1399,590,936,1760,1116,430,1848,1446,1738,1190,1250,2010,1214,298,816,985,948,1855
1610: 1561,1863,86,1225,663,1221,514,808,7,1496,1241,1455,26,2013,193,1570,1857,783,1331,777,1764,12,1073,58,567,1265,1810
475: 270,1795,2011,914,1284,1523,1433
476: 1239,1959,1151,485,1218,897
477: 855,786,1034,1088,2019,1756,180,1903,1038,1484,1354,670,1128,435,1362,1540,1520,1780,1977,1479,940,1419,179,1578,958,1045,1968,1498,962
478: 264,1152,1811,1000,362,1697,176,2006,732,487,836,335,1237,1035,653,1095,935,594,1518,1529,934,377,358,494,1824,1350,1303,561,633
479: 1714,2016,1924,1724,1725,236,1381,18,1330
480: 
481: 1096,1574
1668: 392,0,400
1710: 1263,1210,692,1740,1394,863,2017,1690,47,163,1177,156,856,1860,1280,123,83,1560,1181,1752
1980: 1864
485: 1277,1239,1959,1151,476,1218,897
486: 805,1917,524
487: 478,264,1811,1697,176,2006,732,335,1237,1095,594,1518,1529,934,377,358,494,633
1879: 1587,1300,448,1611,247,2014
1787: 45,78,1056,933,2001,853,920,1769,277,1276,713,942,1062,304,323,1421
490: 
491: 
1629: 
493: 203,699,2018,541,618,1356,1983,1840,1577,804,1322,831,901,625,844,1545,1189,1822,1159,1150,1737,183
494: 573,377,358,1824,1350,1494,1303,561,633,478,264,362,1697,2006,732,487,335,1237,1035,1518,1529,934
495: 2007,1945,1052,463,134,990,129,1377,965,1202,365,1341,1784,1762,1823,687,1684,669,1988
496: 
497: 1376
1968: 1099,1578,958,1249,1045,1634,1568,1595,1498,1342,294,962,855,1034,2019,180,477,1484,1128,1540,940,1419,1535,179
499: 796,1351,146,2002,1046,296,1687,378,1339,666,1308,1719,562,87,1816,1240,387,1472,1706,1791,273,1659,374
500: 1208,1966,1999
501: 
502: 753
503: 462,1166,1205,779,1288,317,403,1892,30,2009,1534,727,1971,331,178,1614,1528,1483,756,427
504: 
2010: 319,1554,1309,1024,1670,1123,1399,590,221,936,1760,1116,430,1848,1446,1738,1650,599,1190,1250,1214,473,298,559,780,816,985,144,811,1476,1120,1004,1933,963,1641,170,948,233,527,1855
506: 1737,183,405,1027,1558,1750,203,699,2018,618,804,831,844,1159,1746
1759: 
1770: 1800,132,818,629,1432,903,217,1712,685,1728,1819,2000,1993,716,916,1053,458,109,237,394,574,229
509: 1849,621
510: 
511: 1162,1638,1532
1697: 478,264,1152,1811,1000,362,176,2006,732,487,836,335,1555,1237,1035,1095,935,594,1518,1529,934,377,358,494,1824,1494,1303,561,633
513: 552,586
514: 1610,1863,86,1225,663,808,7,1496,1241,1455,26,2013,193,1570,1857,783,1331,777,1764,12,567,1265,1810
515: 226,683,773
516: 
517: 1126,453,1660,864,1289
518: 
519: 1536
520: 61
1849: 509,621
1977: 855,1034,1088,2019,1756,180,1083,1903,1038,477,670,435,1540,1520,1780,1479
523: 391
524: 805,486,1917
1599: 821,994,1763,1564,414,1332,1859,1956,417,351,1895,1471,192,293,238,1948,1533,2012,1482,1256
526: 1926,469,122,2015,1944,719,971,1622,1297,267,769,1606,1502,34,98,13,1360,201,660,532,902,70,797,820,1246,1974,72,1957,1138,121,130
527: 1933,1641,1670,221,2010,780,816
528: 1080,136,1853,1978,2011,893,1469,874,1103,74,611,184,274,1838,313,1708,981
529: 997,1048
530: 
531: 1868,1253
532: 469,122,2015,1944,1883,719,1852,1297,1199,267,526,769,1606,660,902,718,70,416,1246,904,72,244,1957,1138,130
533: 
534: 
535: 1351,146,2002,1046,1687,1339,666,1308,278,1719,562,1921,1240,172,1472
1682: 
2003: 1969,1183,1804,1653,220,876,181,578,558,928,1174,262,807,1575,120,1355,426,1591,1440,638,760,1417,1552,1260,1023,253,1141,200
538: 1889,1299
539: 1329,451,1130
540: 125,852
541: 699,2018,618,1356,1983,1840,1577,804,1322,901,625,493,844,1545,1822,1159,1184,1746,1737,183,1750
1789: 689,1792,28,1576,433
543: 
1573: 1905,1830
1768: 300,457
546: 1231,795,157,1812,383,762,1722,312,1960
547: 627,680
548: 1850,445
549: 566,97,1662,1064,185,415
1997: 798,1124,62,1278,833,1383,747,263,1677,946,2004,1077,22,112,1858,882
551: 
552: 513,71,393
553: 1021,615,232
1643: 
555: 1258,1118,247,1215,1825,2014,650,225,1475
556: 
557: 
558: 1969,1183,1804,1653,220,876,2003,181,578,928,1174,262,807,1575,120,1355,426,1591,1440,638,760,1417,1552,200
559: 319,1554,1309,1123,590,221,936,1760,1116,430,1848,1446,1738,1650,599,2010,1214,298,985,1120,963
560: 404,717
561: 377,358,494,1824,1350,1303,633,478,264,362,1697,2006,836,335,1237,1035,653,935,1518,1529,934
562: 796,499,1351,146,2002,1046,535,378,1339,666,1308,278,1719,87,1921,1240,387,1472,1706,1791,1659,374
1727: 1505,761,881,352,60,1401
564: 
565: 
566: 97,1662,1064,415,549
567: 1561,582,1610,1863,86,1225,663,1221,514,808,7,1496,1338,1241,1745,1455,26,2013,1570,1857,783,1331,777,1409,1764,314,227,141,1019,1224,1073,58,1584,1828,1265,1810
568: 
2013: 1561,582,1610,1863,86,1225,663,842,1221,514,808,7,1496,1338,1241,1745,1455,26,193,1570,1857,783,1331,777,1409,1541,1764,314,227,141,12,1019,1224,1073,58,1584,1828,567,1265,1810
570: 951,677
571: 580
572: 746
573: 377,494,1350,1494,1303,264,1000,2006,1035,1518,934
574: 1800,1770,132,818,1432,903,217,1712,685,1728,2000,307,1993,916,458,109,77,237,302,394
575: 1187,1057
576: 
1690: 1263,1210,1710,692,1740,1394,863,2017,47,163,1177,156,1588,1860,1280,1487,123,1429,1589,1560,1181,945
578: 1804,1653,876,2003,181,558,928,262,1575,120,426,1591,638,760,1417,1552
579: 592,399,906,401,588,1845
580: 571
1830: 1573,1905
582: 1561,1863,86,1225,663,1221,808,7,1338,1745,1455,26,2013,783,1331,777,1409,1541,1764,314,227,1019,1224,58,1584,1828,567,1265,1810
1910: 
584: 
585: 
586: 513
587: 
588: 592,579,399,57,1845
1829: 
590: 319,1554,1309,1024,1123,1399,936,1760,1116,1848,1446,1738,1650,599,1190,1250,2010,1214,473,298,559,816,985,144,811,1120,963,1641,170,948,233,1855
591: 1222,464,787,1327
592: 579,399,906,57,401,588,1845
593: 933,2001,1772,924,853,920,887,277,942,1160,939,323,1056
594: 478,264,1152,1811,1000,362,1697,176,2006,732,487,836,335,1555,1237,1035,653,1095,935,1518,1529,934
595: 
596: 
597: 2016,1953,701,1228,1924,1724,1295,1330
1642: 
599: 319,1554,1309,1024,590,936,1760,1446,1650,2010,298,559,985,144,811,1120,963,170,233
1556: 
601: 154
2012: 417,351,1895,1471,192,293,238,1948,1533,730,1482,1783,1256,1424,821,994,1763,1599,1564,414,1332,1859,1956
603: 2,432,1050
604: 1733
605: 1373,950,1173,781,1379
606: 1106,52
607: 941
608: 
1929: 
610: 1296,1503
611: 1080,136,1853,1978,2011,1469,874,1103,184,1838,313,1708,528
612: 
613: 157,1812,709
1652: 
615: 1021,232,553
616: 
617: 2001,468,1005,853,887,1769,277,114,1276,1434,1866,713,1160,939,1062,304,323,1421
618: 203,699,2018,541,1356,1983,1840,1577,804,1322,831,901,625,493,844,1189,1822,1159,1746,1150,1737,183,506,1027,1750,814
619: 1646
620: 
621: 509,1849
622: 1904
1859: 821,994,1763,1599,1564,414,1332,1956,417,351,293,1948,2012,1482,1256
624: 
625: 203,699,2018,541,618,1356,1983,1840,1577,804,1322,831,901,493,844,1545,1189,1822,1159,1746,1150,1737,183,1027,1750
626: 
627: 547
628: 1126,1987,1660,1289
629: 1800,1770,132,903,217,1712,339,685,1728,1819,2000,1993,1168,716,1204,916,1053,458,109,237,870,1244
630: 1875
631: 
632: 812,152
633: 377,358,494,1824,1494,1303,561,478,264,1697,2006,732,487,335,1237,1518,1529,934
634: 1882,456
635: 1800,409,903,1499,339,196,685,2000,307,1993,1168,716,1204,1367,916,458,109,77,302,1244
636: 
637: 712,1450,1428,1806
638: 1969,1183,1804,1653,220,2003,181,578,558,928,1575,120,1591,1440,1417,1552
1855: 144,811,1476,1120,1004,1933,963,1641,948,233,319,1024,1123,1399,590,221,1760,1190,1250,2010,473,298,780,816,985
1844: 708
641: 
642: 1458,806,191,1862
643: 
1712: 1800,1770,629,903,217,339,685,1728,1819,2000,307,1993,1168,716,1204,916,1053,458,109,77,237,870,1244,574
645: 1613
1742: 190,1213
1828: 1561,582,1863,86,1225,663,842,1221,1338,1745,2013,1857,783,1409,1541,1764,314,227,141,1019,1224,1073,1584,567,1265
1943: 1088,2019,1798,1083,1484,1354,670,435,1362,1540,1520,418,1961,1507,1479,251,1781,1568,698,41
649: 
650: 1258,1118,1901,247,1215,1825,2014,131,555,225,1475
651: 1117,33,5,1272
1922: 
653: 478,264,1152,1000,362,176,2006,836,1555,1237,1035,1095,935,594,1529,377,1350,1303,561
1659: 796,499,1351,2002,1046,1687,1339,1308,562,87,1921,1240,1472,1706,1791,374
655: 1091,1275,208,800,2008,1029,1896,850,1992,1216,1167,1061,1043,49
656: 
1570: 1610,1863,86,1225,663,514,7,1338,1241,1455,2013,1857,783,1331,777,1764,1019,567,1265,1810
1795: 1080,136,270,1853,1978,2011,914,1347,893,1469,1284,1435,184,1838,475,1523,1433
659: 
660: 1926,469,122,2015,1944,719,971,1622,1852,1297,1199,267,526,769,1606,1502,34,98,13,1360,201,532,902,718,70,797,820,416,1246,1974,851,1464,72,1957,1138,121,130
1706: 796,499,1351,2002,1046,1687,378,1339,1308,1719,562,87,1921,1240,387,1472,1791,273,1659,374
662: 1964,263,361,690,1677,946,1579,2004,1077,22,112,1858,882,62
663: 1561,582,1610,1863,86,1225,1221,514,808,7,1496,1338,1241,1745,1455,26,2013,193,1570,1857,783,1331,777,1764,314,227,141,12,1019,1224,1073,58,1584,1828,567,1265,1810
664: 
1921: 796,1351,146,2002,1046,1687,535,1339,1308,278,562,87,1240,1472,1706,1791,1659
666: 499,1351,146,2002,296,1687,535,378,1339,1308,278,1719,562,87,1816,1240,387,172,1472,1791,273
1748: 
668: 173
669: 1684,1988,2007,1052,463,134,990,129,1377,965,1202,1408,1318,495,1341,1762,1823,687
670: 855,786,1034,1088,2019,1798,1083,1903,477,1484,1354,1128,435,1943,1362,1540,1520,1977,418,1961,1507,1479,940,179,251,1781,1578,958,1568,698,1498,41,962
1635: 
2000: 635,1800,1770,132,818,629,409,1432,903,217,1499,1712,339,196,685,1728,1819,307,1993,1168,716,1204,1367,916,1053,458,109,77,237,870,302,1244,394,574,229
673: 
1806: 1450,1428,637,712
675: 1623
676: 1891
677: 570,951
678: 1639,279
679: 
680: 547
681: 
682: 814,2018,1840,1577,1189,1150
683: 515,226,773
684: 1448,1870
685: 635,1800,1770,132,818,629,409,903,1499,1712,339,196,1728,1819,2000,307,1993,1168,716,1204,1367,916,458,109,77,237,870,302,1244,574
686: 922
687: 2007,1945,1052,463,134,990,129,1377,1202,1408,365,495,1341,1762,1823,1684,669,1988
688: 1370
689: 1543,1792,28,1576,433,1789
690: 1964,263,361,1677,946,1579,662,2004,1077,22,112,882
691: 1385,10
692: 1263,1210,1710,1740,1394,863,2017,1690,47,163,1177,156,1588,1860,1487,123,1589,1181,945
693: 
694: 
695: 
696: 
697: 
698: 1099,1578,958,1249,1634,1568,1595,1498,1342,41,962,786,1088,2019,1798,1484,1354,670,1128,1943,1362,1540,418,1961,1507,1479,940,179,251,1781
699: 203,2018,541,618,1356,1983,1840,1577,804,1322,831,901,625,493,844,1545,1189,1822,1159,1184,1746,1737,183,506,405,1027,1558,1750
700: 1437
701: 2016,1953,597,1228,1924,1724,1295,1725,236,206,1713,1381,1330,1714
2009: 462,503,1166,1205,779,1288,317,403,1049,1892,30,1534,727,1971,331,178,1614,1528,1483,343,145,1371,756,427
703: 
704: 1100,743
705: 824
1620: 1386,799
1655: 1252,843
708: 1844
709: 613
710: 
711: 1914
712: 637,1450,1428,1806
713: 617,2001,468,1005,853,887,1769,277,114,1276,1434,261,1160,1062,304,323,1421,1787
2011: 1080,136,270,1795,1853,1978,914,1347,893,1469,874,1284,1435,1103,74,611,184,274,1838,475,1523,313,1708,981,1433,528
1780: 855,1034,2019,1756,180,1903,1038,477,1128,435,1977,940,1419,179,1498
716: 635,1800,1770,629,409,903,217,1712,339,685,1728,1819,2000,1993,1168,1204,1367,916,1053,458,109,870,1244
717: 404,560
718: 469,122,2015,1883,719,1852,1199,267,1606,1502,201,660,532,902,70,797,416,862,1158
719: 1926,469,122,2015,1944,1883,971,1622,1852,1297,1199,267,526,769,1606,34,98,1360,201,660,532,902,718,70,416,1246,72,244,1957,1138,121,130
720: 
1941: 
722: 
723: 250
1636: 
725: 1615,1702,395,1645,1628
1887: 
727: 462,503,1166,1205,779,1288,317,403,1892,30,2009,1534,1971,331,178,1614,1528,1483,145,1371,756,427
728: 
729: 1346
730: 417,351,1895,1471,293,238,1948,1533,2012,1482,1783,1256,1424,821,994,1564
731: 88,829
732: 478,264,1152,1811,1000,1697,176,2006,487,836,335,1555,1237,1035,1095,594,1518,1529,934,377,494,1494,1303,633
1867: 
1717: 139
735: 
1983: 203,699,2018,541,618,1356,1840,901,625,493,844,1545,1822,1159
737: 
738: 
739: 
740: 
741: 1973,455
1848: 1554,1670,1123,1399,590,936,1116,430,1446,1738,1650,1250,2010,1214,473,298,559
743: 1100,704
744: 1251,1067
745: 
746: 572
747: 798,1124,62,833,1383,1997,263,1677,2004,112,1858,882
748: 213
749: 1449
750: 1925,248
1613: 645
752: 1582
753: 502
754: 108
755: 986
756: 145,1371,427,462,503,1166,1205,779,1288,403,1892,2009,1534,727,1971,331,178,1614,1528,1483
1639: 279,1372,678
758: 1412,1516,983,1869,973
1660: 1126,1990,453,1987,864,1289,517,628
760: 1653,876,2003,181,578,558,928,1174,262,807,1355,426,1552,1023
761: 352,60,1727
762: 546,1231,795,157,383,1722,312,1960
763: 1942,207,1359
764: 
765: 1326,148
1548: 1888
1870: 684
1700: 
769: 1926,469,122,2015,1944,719,971,1622,1852,1297,1199,267,526,1606,34,98,13,1360,201,660,532,902,70,820,1246,1974,72,1957,1138,121,130
770: 177,1504,171,452,167
771: 
772: 
773: 515,226,683
774: 
775: 
776: 
777: 1561,582,1610,1863,1225,663,1221,514,808,7,1496,1338,1455,26,2013,1570,1857,783,1331,1764,1224,58,1584,567,1265,1810
2015: 1926,469,122,1944,1883,719,971,1622,1852,1297,1199,267,526,769,1606,1502,34,98,13,1360,201,660,532,902,718,70,797,820,416,1246,1974,904,851,1464,72,938,862,244,1957,1138,121,130,1158,1452
779: 462,503,1166,1205,1288,317,403,1049,1892,2009,1534,727,1971,331,178,1614,1528,1483,145,1371,756,427
780: 1670,1123,1399,221,1116,430,1190,1250,2010,1214,298,816,985,1120,1933,1641,527,1855
781: 1173,1379,605,950
1769: 933,617,2001,468,853,277,1276,1866,713,942,1160,939,1062,304,323,1421,78,1787,1056
783: 1561,582,1610,1863,86,1225,663,1221,514,808,7,1496,1338,1241,1745,1455,26,2013,193,1570,1857,1331,777,1764,227,141,12,1019,1224,1073,58,1584,1828,567,1265,1810
1684: 669,1988,2007,1052,134,990,129,1202,495,1341,687
785: 81,1267,2007,1945,1837,408,463,134,990,222,1013,129,965,1202,365,1341,1784,1762,54
786: 855,1088,2019,1756,180,1083,1903,477,1484,670,1128,1362,1540,1520,1961,1507,1479,940,1535,251,958,1249,1045,1568,698,1342,41,294,962
787: 1222,464,591,1327,1669
1891: 676
789: 
790: 
791: 
792: 
793: 979,24
794: 1104,90
795: 546,1231,157,1812,8,762,1722,1960
796: 499,1351,2002,1046,1687,378,1339,1308,278,562,87,1921,1240,387,1472,1706,1791,1659,374
797: 122,2015,1852,1199,267,526,1606,1502,1360,201,660,902,718,70,820,416,1246,851,1464,72,862,130,1158
798: 1124,62,1278,1383,1997,747,2004,1858,882
799: 1386,1620
800: 1091,1275,208,1257,1042,2008,1029,1896,266,850,100,879,1992,333,1216,249,1736,1167,655,1061,1060,49,1923
1761: 
1738: 1554,1024,1670,1123,1399,590,936,1116,430,1848,1446,1650,1190,1250,2010,1214,473,298,559,816,985
803: 1258,1901,1215,1825,2014,131,225,1475,1127,1938
804: 203,699,2018,541,618,1840,1577,1322,831,901,625,493,844,1189,1822,1159,1746,1150,1737,183,506,1027,1558,1750,814
805: 486,1917,524
806: 642,1458,191,1862
807: 1969,1183,1653,220,876,2003,181,558,928,1174,262,1575,120,1355,426,1591,1440,760,1552,1260,1023,253,1141,200
808: 1561,582,1610,1225,663,1221,514,7,1496,1455,26,2013,1857,783,1331,777,1764,12,1224,1073,58,567,1810
1699: 
810: 372,56
811: 144,1476,1120,1004,963,1641,170,948,233,1855,319,1309,1024,590,1760,599,1190,2010,298,816,985
812: 632,152
1762: 81,1267,2007,1945,785,1052,1837,408,463,134,990,222,1013,129,1377,965,1408,365,495,1341,1784,54,1823,687,669
814: 1027,682,203,2018,618,1840,1577,804,1189,1159,1150
815: 
816: 1024,1670,1123,1399,590,221,1760,1116,430,1738,1650,1190,1250,2010,1214,473,298,780,985,811,1120,1004,1933,1641,948,233,527,1855
1637: 
818: 1800,1770,132,409,1432,903,217,196,685,1728,2000,307,1993,916,458,109,77,237,302,574
1633: 
820: 122,2015,971,1622,1199,267,526,769,1606,1502,13,1360,201,660,902,70,797,1246,1974,851,1464,72,121,130
821: 994,1763,1599,1564,414,1332,1859,1956,417,351,1895,1471,293,238,1948,1533,730,2012,1482,1783,1256,1424
822: 
1607: 
824: 705
2017: 1263,1210,1710,692,1740,1394,863,1690,47,163,1177,156,856,1588,1860,1280,1487,1079,1774,123,83,1429,1589,1560,1181,945,1319,1752
826: 1008,1515,1147,209,1683
827: 
1757: 
829: 88,731
830: 
831: 203,699,2018,618,1840,1577,804,1322,901,625,493,1189,1159,1746,1150,1737,183,506,1027,1750
832: 
833: 1972,1124,62,1278,1383,1997,747,1964,263,946,2004,1077,22,112,882
834: 
1729: 1950,1527
836: 478,264,1152,1811,1000,362,1697,176,2006,732,335,1555,1237,1035,653,1095,935,594,1518,1529,377,1350,1303,561
837: 
1582: 752
839: 
1984: 995
1669: 1222,464,787,1327
842: 86,1225,1221,1338,1745,2013,1409,1541,314,227,141,1019,1584,1828
843: 366,439,1655
844: 203,699,2018,541,618,1983,804,1322,901,625,493,1545,1822,1159,1184,1746,1737,183,506,405,1027,1558,1750
1670: 1123,1399,221,1116,430,1848,1738,1250,2010,1214,473,298,780,816,1933,527
1758: 1732
1702: 725,1615,395,1645,1628
2004: 1964,263,361,690,1677,946,1579,662,1077,22,112,1858,882,1972,798,1124,62,1278,833,1383,1997,747
1816: 499,1351,146,2002,296,378,666,1308,1719,387,172,1472,1791,273
850: 1091,1275,208,1257,1042,800,2008,1029,1896,266,100,879,1992,333,1216,249,1736,1167,655,1061,1521,1060,49,1923
851: 1246,1974,904,1464,72,938,862,244,1957,1138,121,1965,130,2015,1199,267,660,902,70,797,820,416,1452
852: 125,540
853: 933,617,2001,1772,920,887,1769,277,593,1276,1866,713,942,1160,939,1062,304,323,1421,45,78,1787,1056
854: 
855: 786,1034,1088,2019,1756,180,1903,1038,477,1484,1354,670,1128,435,1540,1520,1780,1977,1479,940,1419,1535,179,1578,958,1045,1568,1968,1498,1342,294,962
856: 1263,1210,1710,1740,2017,47,163,156,1860,1280,123,83,1429,1560,1181,1319,1752
1602: 
858: 
1821: 
860: 82
861: 
862: 1246,1974,904,851,1464,72,244,122,2015,1883,1852,1199,267,902,718,70,797,416,1158,1452
863: 1263,1210,1710,692,1740,1394,2017,1690,163,1177,1588,1280,1589,1181,945
864: 1126,1990,453,1660,1289,517
1827: 
866: 1918,318
867: 
868: 
1950: 1527,1729
870: 629,903,1499,1712,339,685,1728,2000,307,1993,1168,716,1204,1367,1244
1623: 675
1740: 1263,1210,1710,692,1394,863,2017,1690,47,163,1177,156,856,1860,1280,123,83,1429,1560,1181,1752
873: 1911,321
874: 1080,136,270,1853,1978,2011,1469,1435,1103,611,184,274,1838,313,1708,981,528
1622: 469,122,2015,1944,719,971,1297,267,526,769,1606,34,98,13,1360,660,902,70,820,1246,1974,72,1957,1138,121,130
876: 1183,1804,1653,220,2003,181,578,558,928,1174,262,807,1575,1355,426,1591,1440,760,1552,1260,1023,253,1141,200
877: 
1785: 
879: 208,1257,1042,800,2008,1029,266,850,100,333,249,1521,1060,1923,1598
880: 
881: 1505,352,60,1727
882: 1964,263,690,1677,946,1579,662,2004,1077,22,112,1858,1972,798,1124,62,1278,833,1383,1997,747
1972: 1124,62,1278,833,1383,1964,2004,1077,22,882
1964: 263,361,690,1677,946,1579,662,2004,1077,22,112,882,1972,62,833
885: 
886: 
887: 933,617,2001,1772,924,853,920,277,114,593,1276,1434,1866,713,1160,939,1062,323
1895: 417,351,1471,192,293,238,1948,1533,730,2012,1482,1783,1256,821,994,1599
1658: 92
890: 
1709: 926,1430,1703,419,1051
892: 
893: 1080,136,270,1795,1978,2011,914,1347,1469,1284,1435,1103,74,184,274,1838,1523,313,981,1433,528
894: 
1728: 1800,1770,818,629,1432,903,217,1712,685,1819,2000,307,1993,1168,716,1204,916,458,109,77,237,870,1244,574
896: 
897: 1195,1277,1239,1959,485,476
898: 
899: 1217
1960: 546,1231,795,157,1812,8,762,1722,312
901: 203,699,2018,541,618,1356,1983,1840,1577,804,1322,831,625,493,844,1545,1822,1159,1184,1746,1737,183,405,1027,1558,1750
902: 469,122,2015,1944,1883,719,971,1622,1852,1199,267,526,769,1606,1502,98,1360,201,660,532,718,70,797,820,416,1246,1974,851,1464,72,862,244,1957,130,1158
903: 635,1800,1770,132,818,629,409,1432,217,1712,339,685,1728,1819,2000,307,1993,1168,716,1204,1367,916,1053,458,109,77,237,870,302,1244,574,229
904: 1246,1974,851,1464,72,938,862,244,1957,1138,121,1965,130,2015,1883,1199,267,532,70,1452
905: 
906: 592,579,401,1845,406
2007: 81,1267,1945,785,1052,1837,408,463,134,990,222,1013,129,1377,965,1202,1408,1318,365,495,1341,1784,1762,54,1823,687,1684,669,1988
1853: 1080,270,1795,1978,2011,1469,874,1103,611,184,1838,313,1708,528
909: 1274,1872,1616
1832: 
911: 
912: 
913: 
914: 136,270,1795,2011,1347,893,1469,1284,1435,184,1838,475,1523,1433
1764: 1561,582,1610,1863,86,1225,663,1221,514,808,7,1338,1241,1745,1455,26,2013,1570,1857,783,1331,777,227,1019,58,1584,1828,567,1265,1810
916: 635,1800,1770,132,818,629,409,1432,903,217,1712,339,196,685,1728,2000,307,1993,1168,716,1204,458,109,77,237,302,1244,574
917: 
918: 
1959: 1195,1277,1239,485,476,897
920: 933,2001,1772,924,853,887,277,114,593,1276,942,1160,939,1062,323,1787
1986: 
922: 686
923: 1194
924: 2001,1772,920,887,277,593,1276,1866,1160,939
1590: 
926: 1709,1430,1703,419
927: 
928: 1969,1183,1804,1653,220,876,2003,181,578,558,1174,262,807,1575,120,1355,426,1591,1440,638,760,1552,1260,1023,253,1141
929: 
930: 
1856: 
932: 
933: 2001,1772,853,920,887,1769,277,593,1276,942,939,1062,323,1421,45,78,1787,1056
934: 478,264,1811,1000,1697,176,2006,732,487,335,1237,1035,594,1518,1529,573,377,358,494,1824,1494,1303,561,633
935: 478,264,1152,1811,1000,362,1697,176,2006,836,335,1555,1237,1035,653,1095,594,1529,561
936: 319,1554,1123,1399,590,221,1116,430,1848,1446,1738,1650,599,2010,1214,473,298,559,1120
937: 1335,982
938: 1246,904,851,244,1965,2015,1452,1562
939: 933,617,2001,1772,924,853,920,887,1769,277,593,1276,1866,942,1160,323,1056
940: 855,786,1034,1088,2019,1756,180,1903,1038,477,1484,1354,670,1128,435,1362,1540,1520,1780,1961,1507,1479,1419,1535,179,1781,1099,1578,958,1249,1045,1634,1568,1968,698,1595,1498,1342,41,294,962
941: 607
942: 933,2001,1772,853,920,1769,277,593,1276,1866,939,323,45,78,1787,1056
943: 
944: 984
945: 1487,123,1429,1589,1181,1263,1210,692,1394,863,2017,1690,163,1177,1588,1860,1280
946: 1964,263,361,690,1677,1579,662,2004,1077,22,112,882,833,1997
947: 1884,1243,1676,286,370,239,1407,2005,1020,1172,1270,1315
948: 144,811,1476,1120,1004,963,1641,170,233,1855,319,1554,1309,1024,590,1760,1190,1250,2010,473,298,816,985
949: 1884,1243,286,1940,1233,1563,1033,2005,1191,1032,1020,1172,303
950: 605,1373,1173,781,1379
951: 570,677
1555: 1152,1811,1000,1697,176,2006,732,836,1237,1035,653,1095,935,594
1807: 108
954: 
1850: 548,445
1628: 725,1615,1702,395,1645
957: 216
958: 1099,1578,1249,1045,1634,1568,1968,698,1595,1498,1342,41,294,962,855,786,1034,1088,2019,1798,180,1903,477,1484,1354,670,1128,1362,1540,1507,1479,940,1419,179,251,1781
959: 979,1298,24
1701: 
961: 
962: 1099,1578,958,1249,1045,1634,1568,1968,698,1595,1498,1342,41,294,855,786,1034,1088,2019,180,1903,477,1484,1354,670,1128,1362,1540,418,1961,1507,1479,940,1535,179,251,1781
963: 144,811,1476,1120,1004,1933,1641,170,948,233,1855,319,1554,590,221,1760,1650,599,1190,2010,298,559,985
964: 1335,982,431
965: 81,2007,1945,785,1052,1837,463,134,222,1013,129,1377,1202,1408,1318,365,495,1341,1784,1762,54,1823,669,1988
966: 
967: 
968: 
969: 138
1756: 855,786,1034,1088,2019,180,1903,1038,477,1128,435,1540,1520,1780,1977,940,1419,1535,179,1045,294
971: 1926,469,122,2015,1944,719,1622,1297,526,769,1606,1502,34,98,13,1360,201,660,902,70,820,72,121,130
1965: 904,851,938,1562
973: 1412,758,1516,983,1869
974: 
1647: 
976: 1937,1164,1439
977: 
978: 
979: 959,1298,24,793
1598: 208,1042,2008,100,879,333,249,1521,1060,1923
981: 1080,136,270,1978,2011,893,1469,874,1435,1103,74,184,274,313,1708,528
982: 1335,431,964,937
983: 1412,758,1516,1869,973
984: 944
985: 319,1554,1309,1024,1123,1399,590,221,1760,1116,1446,1738,1650,599,1190,1250,2010,1214,473,298,559,780,816,144,811,1476,1120,1004,1933,963,1641,170,948,233,1855
986: 15,755
987: 1833
988: 
1889: 1299,538
990: 1267,2007,1945,785,1052,463,134,129,1202,365,495,1341,1784,1762,1823,687,1684,669,1988
991: 
992: 1107
1999: 500,1208,1966
994: 821,1763,1599,1564,414,1332,1859,417,351,1895,1471,293,238,1948,730,2012,1482,1256,1424
995: 1984
1797: 
997: 529,1048
1942: 763,207,1359
999: 
1000: 478,264,1152,362,1697,176,2006,732,836,1555,1237,1035,653,935,594,1518,1529,934,573,377,1350,1494,1303
1001: 
1904: 622
1681: 
1004: 144,811,1476,1120,1933,963,1641,170,948,233,1855,319,1024,1760,1190,2010,816,985
1005: 617,2001,468,114,1276,1434,261,713,1062,304,1421
1006: 
1952: 
1008: 826,1515,1147,209,1683
1009: 1122
1677: 1964,263,361,690,946,1579,662,2004,1077,112,1858,882,1997,747
1011: 1873,1358,1022
1012: 1070,1353
1013: 81,1267,2007,785,1837,408,463,134,222,129,1377,965,1408,1318,365,1762,54,1823
1014: 
1015: 
1990: 1126,1987,1660,864
1641: 811,1476,1120,1004,1933,963,948,233,527,1855,319,1123,1399,590,221,1760,1116,1650,1190,1250,2010,298,780,816,985
1763: 821,994,1599,1564,414,1332,1859,351,293,1948,2012,1256
1019: 582,1863,86,1225,663,842,1221,1338,1241,1745,1455,2013,1570,1857,783,1409,1541,1764,227,141,1584,1828,567,1265
1020: 1884,1676,286,1940,370,1563,239,1407,2005,1191,1032,949,1172,947,1315
1021: 615,232,553
1022: 1358,1011,1873
1023: 1260,253,1141,876,2003,928,1174,262,807,1355,426,760
1024: 319,1554,1309,1123,590,1760,1446,1738,599,1190,1250,2010,473,298,816,985,144,811,1476,1120,1004,170,948,233,1855
1025: 
1026: 
1027: 1737,183,506,1558,1750,814,203,699,2018,618,1840,1577,804,831,901,625,844,1189,1159,1746
1028: 
1029: 1091,208,1257,1042,800,2008,1896,266,850,100,879,1992,333,1167,655,1061,1521,1060,1923
1030: 
1903: 855,786,1034,1088,2019,1756,180,1083,1038,477,1484,1354,670,1128,435,1362,1540,1520,1780,1977,1961,1507,1479,940,179,1781,1578,958,1568,1498,962
1032: 1884,1243,1676,286,1940,370,1233,1563,239,1033,1407,2005,1191,1020,949,1172,303,1270
1033: 1884,1243,286,1940,370,1233,1563,239,2005,1191,1032,949,1172,303,1270
1034: 855,1088,2019,1756,180,1903,1038,477,1484,1354,670,1128,435,1362,1540,1780,1977,1479,940,1419,179,1781,1578,958,1045,1568,1968,1498,962
1035: 478,264,1152,1811,1000,362,1697,176,2006,732,836,335,1555,1237,653,935,594,1518,1529,934,573,377,494,1824,1350,1494,1303,561
1036: 
1741: 
1038: 855,1034,1088,2019,1756,180,1903,477,1128,435,1540,1520,1780,1977,1479,940,1419,179
1863: 1561,582,1610,86,1225,663,1221,514,7,1338,1241,1745,1455,2013,1570,1857,783,1331,777,1764,227,141,1019,1584,1828,567,1265
1040: 
1634: 1099,1578,958,1249,1045,1568,1968,698,1595,1498,1342,41,962,2019,1484,1128,1540,1507,1479,940,251,1781
1042: 1091,1275,208,800,2008,1029,1896,850,100,879,1992,333,249,1060,49,1923,1598
1043: 1091,2008,1896,1992,1216,1167,655,1061
1044: 
1045: 1099,1578,958,1249,1634,1568,1968,1595,1498,1342,41,294,962,855,786,1034,1088,2019,1756,180,477,1484,1128,1540,1479,940,1419,1535,179
1046: 796,499,1351,146,2002,1687,535,378,1339,1308,278,1719,562,87,1921,1240,387,1472,1706,1791,1659,374
1646: 619
1048: 997,529
1049: 1166,779,317,30,2009,1534,1971,1614,1483,343,1371,427
1050: 2,432,603
1051: 1709,1430,1703,1104
1052: 2007,1945,463,134,990,129,1377,965,1202,1408,1318,365,495,1341,1762,1823,687,1684,669,1988
1053: 1770,132,629,903,217,1712,1819,2000,716,237,229
1054: 
1055: 
1056: 45,78,1787,933,2001,853,1769,277,593,942,939,1421
1057: 575
1058: 
1059: 
1060: 1091,208,1257,1042,800,2008,1029,266,850,100,879,1992,333,249,1736,1167,1061,1521,49,1923,1598
1061: 1091,208,1257,800,2008,1029,1896,266,850,1992,333,1216,1736,1167,655,1043,1521,1060
1062: 933,617,2001,468,1005,853,920,887,1769,277,114,1276,1434,713,1160,304,323,1421,1787
1875: 630
1064: 566,97,1662,415,549
1936: 
1568: 1099,1578,958,1249,1045,1634,1968,698,1595,1498,1342,41,294,962,855,786,1034,1088,2019,1798,180,1083,1903,1484,1354,670,1128,1943,1362,1540,418,1961,1507,1479,940,179,251,1781
1067: 744,1251
1739: 
1069: 
1070: 1012,32,1353
1071: 
1072: 
1073: 1561,1610,86,1225,663,1221,808,1496,1241,1745,26,2013,193,1857,783,1541,314,227,141,1224,58,1584,1828,567
1074: 
1075: 
1979: 
1077: 1964,263,361,690,1677,946,1579,662,2004,22,112,1858,882,1972,62,1278,833,1997
1078: 
1079: 1487,1774,123,83,1429,1589,1560,1181,1319,2017,47,156,1860
1080: 136,270,1795,1853,1978,2011,1347,893,1469,874,1435,1103,74,611,184,274,1838,1523,313,1708,981,1433,528
1081: 
1576: 689,1792,28,433,1789,173
1083: 786,1088,2019,1798,1903,1484,1354,670,435,1943,1362,1540,1520,1977,418,1961,1507,1479,251,1781,1568,41
1792: 1543,689,28,1576,433,1789
1973: 741,363
2002: 796,499,1351,146,1046,296,1687,535,378,1339,666,1308,278,1719,562,87,1921,1816,1240,387,172,1472,1706,1791,273,1659,374
1087: 1696
1088: 855,786,1034,2019,1798,1756,180,1083,1903,1038,477,1484,1354,670,1128,435,1943,1362,1540,1520,1977,418,1961,1507,1479,940,179,251,1781,1578,958,1045,1568,698,41,294,962
1627: 364
1948: 417,351,1895,1471,192,293,238,1533,730,2012,1482,1783,1256,1424,821,994,1763,1599,1564,414,1859,1956
1091: 1275,208,1257,1042,800,2008,1029,1896,850,100,1992,333,1216,249,1736,1167,655,1061,1043,1060,49,1923
1092: 
1683: 209,826,1008,1515
1831: 460
1095: 478,264,1152,1811,362,1697,176,2006,732,487,836,335,1555,1237,653,935,594,1529
1096: 1508,1574,481
1097: 1105
1098: 
1099: 958,1249,1045,1634,1568,1968,698,1595,1498,1342,41,294,962,2019,1484,1128,940
1100: 743,704
1988: 1684,669,2007,1052,463,134,990,129,1377,965,1202,1318,495,1341,1823,687
1102: 111
1103: 1080,136,270,1853,1978,2011,1347,893,1469,874,1435,74,611,184,274,1838,313,1708,981,528
1104: 90,794,1051
1105: 1097
1106: 606,52
1107: 992
1108: 
1837: 81,2007,785,408,463,134,222,1013,129,1377,965,1408,1318,365,1341,1784,1762,54,1823
1110: 
1111: 
1112: 
1944: 1926,469,122,2015,719,971,1622,1852,1297,267,526,769,1606,34,98,201,660,532,902,1957,130
1752: 123,83,1560,1319,1210,1710,1740,2017,47,156,856,1860
1115: 
1116: 319,1554,1670,1123,1399,590,221,936,430,1848,1446,1738,1650,1250,2010,1214,473,298,559,780,816,985,1120,1933,1641
1117: 651,33,5,1272,1592
1118: 1258,247,1215,1825,2014,650,555,225,1475,1127
1883: 2015,719,1852,1199,267,532,902,718,416,1246,904,862,244,1957,1158,1452
1120: 144,811,1476,1004,1933,963,1641,170,948,233,1855,319,1554,1309,1024,1123,1399,590,221,936,1760,1116,1446,1650,599,1190,1250,2010,1214,298,559,780,816,985
1121: 
1122: 1009
1123: 319,1554,1024,1670,1399,590,221,936,1760,1116,430,1848,1446,1738,1650,1190,1250,2010,1214,473,298,559,780,816,985,1120,1933,1641,1855
1124: 1972,798,62,1278,833,1383,1997,747,2004,22,1858,882
1125: 
1126: 1990,453,1660,864,1289,517,628
1127: 1258,1118,247,1215,1825,2014,1475,803,1587,1300,1938
1128: 855,786,1034,1088,2019,1756,180,1903,1038,477,1484,1354,670,435,1362,1540,1780,1507,1479,940,1419,1535,179,1781,1099,1578,958,1249,1045,1634,1568,1968,698,1595,1498,1342,41,294,962
1905: 1573,1830
1130: 1329,539,451
1605: 
1132: 
1133: 1336,1197,1835
1134: 
1135: 
1584: 1561,582,1863,86,1225,663,842,1221,7,1338,1745,1455,26,2013,783,777,1409,1541,1764,314,227,141,1019,1224,1073,58,1828,567,1265
1991: 
1138: 1246,1974,904,851,72,1957,121,130,2015,719,1622,1297,267,526,769,13,660,532,70
1139: 1425
1653: 1969,1183,1804,220,876,2003,578,558,928,1174,807,1355,426,1591,1440,638,760,1552,200
1141: 1260,1023,253,200,220,876,2003,928,1174,262,807,1575,120,1591,1440
1142: 
1143: 310
1784: 81,1267,2007,1945,785,1837,408,463,134,990,222,129,965,1202,365,495,1341,1762,54
1696: 1087
1146: 
1147: 826,1008,1515,209
1148: 1445
2018: 203,699,541,618,1356,1983,1840,1577,804,1322,831,901,625,493,844,1545,1189,1822,1159,1184,1746,1150,1737,183,506,405,1027,1558,1750,814,682
1150: 203,2018,618,1356,1840,1577,804,831,625,493,1189,1159,814,682
1151: 485,476,1218
1152: 478,264,1811,1000,362,1697,176,2006,732,836,1555,1237,1035,653,1095,935,594,1518,1303
1552: 1969,1183,1804,1653,220,876,2003,181,578,558,928,1174,262,807,1575,120,1355,426,1591,1440,638,760,1260,200
1857: 1561,1610,1863,86,1225,663,1221,514,808,1496,1241,1745,26,2013,193,1570,783,1331,777,1764,227,141,12,1019,1073,1828,567,1265,1810
1625: 
2019: 855,786,1034,1088,1798,1756,180,1083,1903,1038,477,1484,1354,670,1128,435,1943,1362,1540,1520,1780,1977,418,1961,1507,1479,940,1419,1535,179,251,1781,1099,1578,958,1249,1045,1634,1568,1968,698,1595,1498,1342,41,294,962
1157: 
1158: 122,2015,1883,1852,1199,267,1606,1502,902,718,70,797,416,1246,862,244
1159: 203,699,2018,541,618,1356,1983,1840,1577,804,831,901,625,493,844,1189,1822,1150,1737,183,506,405,1027,814
1160: 617,2001,1772,468,924,853,920,887,1769,277,114,593,1276,1434,1866,713,939,1062,304,323
1161: 
1162: 511,1638,1532
1840: 203,699,2018,541,618,1356,1983,1577,804,831,901,625,493,1189,1822,1159,1150,183,1027,814,682
1164: 1439,976
1923: 1091,1275,208,1257,1042,800,2008,1029,850,100,879,333,249,1736,1521,1060,49,1598
1166: 462,503,1205,779,1288,317,403,1049,1892,30,2009,1534,727,1971,178,1614,1528,1483,343,145,1371,756,427
1167: 1091,208,1257,800,2008,1029,1896,266,850,1992,333,1216,249,1736,655,1061,1043,1060,49
1168: 635,1800,629,409,903,1499,1712,339,196,685,1728,1819,2000,307,1993,716,1204,1367,916,458,109,77,870,1244
1587: 1879,1300,448,1938,247,1215,2014,1127
1645: 725,1615,1702,395,1628
1171: 
1172: 1884,1243,1676,286,1940,370,1233,1563,239,1033,1407,2005,1191,1032,1020,949,1270,947,1315
1173: 781,1379,605,950
1174: 1969,1183,1804,1653,220,876,2003,558,928,262,807,1575,120,1355,426,1591,1440,760,1552,1260,1023,253,1141,200
1175: 
1176: 
1177: 1263,1210,1710,692,1740,1394,863,2017,1690,47,163,156,1860,123,1181,945
1940: 1884,1676,286,370,1233,1563,1033,2005,1191,1032,1020,949,1172,1270
1179: 
1180: 
1181: 1487,1079,1774,123,83,1429,1589,1560,945,1263,1210,1710,692,1740,1394,863,2017,1690,47,163,1177,156,856,1588,1860,1280
1182: 51
1183: 1969,1804,1653,220,876,2003,558,928,1174,807,120,1591,1440,638,1552,200
1184: 699,2018,541,1322,901,844,1545,1822,1746,1737,183,405,1558,1750
1185: 9
1186: 
1187: 575
1188: 
1189: 203,699,2018,618,1840,1577,804,831,625,493,1159,1150,1737,183,1027,814,682
1190: 319,1554,1309,1024,1123,1399,590,221,1760,1446,1738,1250,2010,473,298,780,816,985,144,811,1476,1120,1004,1933,963,1641,170,948,233,1855
1191: 1884,1243,1676,286,1940,370,1233,1563,239,1033,1407,2005,1032,1020,949,1172,303,1270
1192: 
1193: 
1194: 923
1195: 1277,1239,1959,897
1196: 
1197: 1336,1133,1835
1772: 933,2001,924,853,920,887,277,114,593,1276,1866,942,1160,939,323
1199: 122,2015,1883,719,1852,267,769,1606,1502,1360,660,532,902,718,70,797,820,416,1246,1974,904,851,1464,72,862,244,1957,130,1158,1452
1755: 240
1201: 
1202: 2007,1945,785,1052,463,134,990,129,965,365,495,1341,1784,687,1684,669,1988
1203: 
1204: 635,1800,629,903,1499,1712,339,685,1728,2000,307,1993,1168,716,1367,916,458,77,870,1244
1205: 462,503,1166,779,1288,317,403,1892,2009,1534,727,1971,331,178,1528,145,756
1987: 1990,1660,628
1822: 203,699,2018,541,618,1356,1983,1840,804,1322,901,625,493,844,1545,1159,1184,1737,183,405,1750
1208: 500,1966,1999
1209: 369
1210: 1263,1710,692,1740,1394,863,2017,1690,47,163,1177,156,856,1588,1860,1280,123,83,1429,1589,1560,1181,945,1752
1211: 
1679: 1996
1213: 1742,1893
1214: 319,1554,1670,1123,1399,590,221,936,1116,430,1848,1446,1738,1650,1250,2010,473,298,559,780,816,985,1120,1933
1215: 1258,1118,1901,247,1825,2014,650,131,555,225,1475,803,1127,1587,1938
1216: 1091,1257,800,2008,1896,850,1992,1736,1167,655,1061,1043,49
1217: 899
1218: 1151,485,476
1885: 
1220: 
1221: 1561,582,1610,1863,86,1225,663,842,808,7,1496,1338,1745,1455,26,2013,193,1857,783,777,1409,1541,1764,314,227,141,1019,1224,1073,58,1584,1828,567,1265
1222: 464,787,591,1327,1669
1223: 59
1224: 1561,582,1225,663,1221,808,7,1338,1745,1455,26,2013,783,777,1409,1541,314,227,141,1073,58,1584,1828,567
1225: 1561,582,1610,1863,86,663,842,1221,514,808,7,1496,1338,1241,1745,1455,26,2013,193,1570,1857,783,1331,777,1409,1541,1764,314,227,141,1019,1224,1073,58,1584,1828,567,1265,1810
1226: 
1577: 203,699,2018,541,618,1356,1840,804,831,901,625,493,1189,1159,1746,1150,1737,183,1027,814,682
1228: 2016,1953,701,597,1924,1724,1295,1725,236,206,1713,1381,18,1330
1760: 319,1554,1309,1024,1123,590,221,1446,1650,599,1190,1250,2010,473,298,559,816,985,144,811,1476,1120,1004,963,1641,170,948,233,1855
1230: 
1231: 546,795,157,383,8,762,1722,312,1960
1232: 
1233: 1884,1243,1676,286,1940,370,239,1033,1407,2005,1191,1032,949,1172,303,1270
1564: 821,994,1763,1599,414,1332,1859,417,351,1471,293,238,1948,730,2012,1482,1256,1424
1896: 1091,1275,208,1257,1042,800,2008,1029,266,850,1992,333,1216,1167,655,1061,1043,49
1236: 188
1237: 478,264,1152,1811,1000,362,1697,176,2006,732,487,836,335,1555,1035,653,1095,935,594,1518,1529,934,377,494,1824,1350,1494,1303,561,633
1873: 1011,1358,1022
1239: 1195,1277,1959,485,476,897
1240: 796,499,1351,146,2002,1046,296,1687,535,1339,666,1308,278,1719,562,87,1921,387,172,1472,1706,1791,1659
1241: 1610,1863,86,1225,663,514,1496,2013,193,1570,1857,783,1331,1764,227,141,12,1019,1073,567,1265
1914: 711
1243: 1884,1676,286,370,1233,239,1033,1407,2005,1191,1032,949,1172,303,1270,947,1315
1244: 635,1800,629,409,903,1499,1712,339,685,1728,1819,2000,307,1993,1168,716,1204,1367,916,458,109,77,870
1245: 
1246: 1974,904,851,1464,72,938,862,244,1957,1138,121,130,122,2015,1883,719,1622,1852,1297,1199,267,526,769,1360,660,532,902,70,797,820,416,1158,1452
1247: 
1248: 
1249: 1099,958,1045,1634,1568,1968,698,1595,1342,41,294,962,786,2019,180,1484,1128,1540,1507,1479,940,251
1250: 1554,1024,1670,1123,1399,590,221,1760,1116,430,1848,1446,1738,1190,2010,1214,473,298,780,816,985,1120,1933,1641,948,1855
1251: 744,1067
1252: 1655
1253: 1868,531
1800: 635,1770,132,818,629,409,1432,903,217,1712,339,196,685,1728,1819,2000,307,1993,1168,716,1204,1367,916,458,109,77,237,302,1244,574
1644: 1851
1256: 417,351,1895,1471,192,293,238,1948,1533,730,2012,1482,1783,1424,821,994,1763,1599,1564,414,1332,1859,1956
1257: 1091,208,800,2008,1029,1896,266,850,879,1992,333,1216,249,1736,1167,1061,1060,49,1923
1258: 1118,1901,247,1215,1825,2014,650,131,555,225,1475,803,1127,1938
1563: 1884,1676,286,1940,1033,2005,1191,1032,1020,949,1172
1260: 1023,253,1141,220,876,2003,181,928,1174,262,807,1575,1355,426,1591,1440,1552
1261: 
1262: 
1263: 1210,1710,692,1740,1394,863,2017,1690,163,1177,156,856,1588,1860,1280,1429,1589,1560,1181,945
1680: 
1265: 1561,582,1610,1863,86,1225,663,1221,514,7,1338,1241,1745,1455,2013,1570,1857,783,1331,777,1409,1764,227,1019,1584,1828,567
1266: 1368
1267: 81,2007,1945,785,408,463,990,222,1013,129,365,1341,1784,1762,54
1268: 
1912: 
1270: 1884,1243,1676,286,1940,370,1233,239,1033,1407,2005,1191,1032,1172,303,947
1868: 531,1253
1272: 1592,1117,651,33
1273: 
1274: 1872,1616,909
1275: 1091,208,1042,800,2008,1896,850,1992,249,1736,655,49,1923
1276: 933,617,2001,1772,468,1005,924,853,920,887,1769,277,114,1434,1866,713,942,1160,939,1062,304,323,1421,1787
1277: 1195,1239,1959,485,897
1278: 1972,798,1124,62,833,1383,1997,263,2004,1077,22,882
1279: 
1280: 1263,1210,1710,1740,1394,863,2017,1690,163,156,856,1588,1860,1487,1774,123,83,1429,1589,1560,1181,945
1281: 
1282: 
1283: 
1284: 136,270,1795,2011,914,1347,893,1435,74,475,1523,1433
1285: 
1961: 786,1088,2019,1798,180,1083,1903,1484,670,435,1943,1362,1540,1520,418,1507,1479,940,251,1781,1568,698,41,962
1287: 
1288: 462,503,1166,1205,779,317,403,1892,30,2009,1534,727,1971,331,178,1614,1528,1483,145,1371,756,427
1289: 1126,453,1660,864,517,628
1290: 
1291: 1317
1292: 
1293: 
1294: 
1295: 2016,1953,701,597,1228,1924,1724,1725,236,206,1713,1381,1330
1296: 1503,610
1297: 469,2015,1944,719,971,1622,267,526,769,34,13,660,532,1246,1974,72,1957,1138,121,130
1298: 979,959,24
1299: 1889,538
1300: 1879,1587,448,1611,1938,247,2014,1475,1127
1301: 
1872: 1274,1616,909
1303: 573,377,494,1824,1350,1494,561,633,478,264,1152,1000,362,1697,176,2006,732,836,1237,1035,653,1518,1529,934
1954: 
1767: 
1306: 
1588: 1263,1210,692,1394,863,2017,1690,163,1280,1487,1429,1589,1181,945
1308: 796,499,1351,146,2002,1046,296,1687,535,378,1339,666,278,1719,562,87,1921,1816,1240,387,172,1472,1706,1791,273,1659,374
1309: 319,1554,1024,590,1760,1446,599,1190,2010,473,298,559,985,144,811,1120,170,948
1546: 
1311: 1441
1932: 
1562: 938,1965
1981: 
1315: 1884,1243,1676,286,370,239,1407,2005,1020,1172,947
1316: 
1317: 1291
1318: 2007,1052,1837,463,134,1013,1377,965,1408,1823,669,1988
1319: 1079,123,83,1560,2017,47,156,856,1860,1752
2014: 1258,1118,1901,247,1215,1825,650,131,555,225,1475,803,1127,1879,1587,1300,448,1938
1321: 
1322: 699,2018,541,618,804,831,901,625,493,844,1545,1822,1184,1746,1737,183,405,1558,1750
1918: 866,318
1324: 
1325: 1
1326: 765,148
1327: 1222,464,787,591,1669
1328: 
1329: 539,451,1130
1330: 2016,1953,701,597,1228,1924,1724,1295,1725,236,1381,18,479,1714
1331: 1561,582,1610,1863,1225,663,514,808,7,1496,1338,1241,1455,26,2013,1570,1857,783,777,1764,58,567,1265,1810
1332: 821,994,1763,1599,1564,414,1859,1956,2012,1482,1256
1798: 1088,2019,1083,1484,1354,670,435,1943,1362,1540,418,1961,1507,1479,179,251,1781,1578,958,1568,698,41
1818: 
1335: 982,431,964,937
1336: 1133,1197,1835
1337: 
1338: 1561,582,1863,86,1225,663,842,1221,7,1745,1455,2013,1570,783,1331,777,1409,1541,1764,314,227,1019,1224,1584,1828,567,1265
1339: 796,499,1351,146,2002,1046,1687,535,666,1308,278,562,87,1921,1240,387,1472,1706,1791,1659
1340: 
1341: 1267,2007,1945,785,1052,1837,463,134,990,222,129,1377,965,1202,365,495,1784,1762,1823,687,1684,669,1988
1342: 1099,1578,958,1249,1045,1634,1568,1968,698,1595,1498,41,294,962,855,786,2019,1484,1128,1540,1479,940,1419,179,1781
1343: 
1344: 
1982: 
1346: 729
1347: 1080,136,270,1795,1978,2011,914,893,1469,1284,1435,1103,74,1523,1433
1348: 
1825: 1258,1118,1901,247,1215,2014,650,131,555,225,1475,803,1127
1350: 573,377,494,1824,1494,1303,561,478,264,1000,362,176,2006,836,1237,1035,653,1518,1529
1351: 796,499,146,2002,1046,296,1687,535,378,1339,666,1308,1719,562,1921,1816,1240,387,172,1472,1706,1791,273,1659,374
1352: 
1353: 1012,1070,32
1354: 855,1034,1088,2019,1798,1083,1903,477,1484,670,1128,435,1943,1362,1540,1507,1479,940,179,1781,1578,958,1568,698,1595,1498,962
1355: 1653,876,2003,558,928,1174,262,807,426,760,1552,1260,1023,253
1356: 699,2018,541,618,1983,1840,1577,901,625,493,1545,1822,1159,1150
1554: 319,1309,1024,1123,1399,590,936,1760,1116,1848,1446,1738,1650,599,1190,1250,2010,1214,473,298,559,985,144,1120,963,170,948
1358: 1022,1011,1873
1359: 1942,763,207
1360: 469,122,2015,719,971,1622,1199,267,526,769,1606,1502,34,98,13,201,660,902,70,797,820,1246,1974,1464,72,121,130
1361: 
1362: 786,1034,1088,2019,1798,1083,1903,477,1484,1354,670,1128,435,1943,1540,1520,418,1961,1507,1479,940,179,251,1781,1578,958,1568,698,41,962
1707: 
1835: 1336,1133,1197
1731: 
1366: 1692
1367: 635,1800,409,903,1499,339,196,685,2000,307,1993,1168,716,1204,77,870,1244
1368: 1266
1369: 
1370: 688
1371: 343,145,756,427,1166,779,1288,1049,2009,1534,727,1971,1614,1483
1372: 1639,279
1373: 605,950,1379
1996: 1679
1743: 
1376: 497
1377: 81,2007,1052,1837,463,134,1013,129,965,1408,1318,365,495,1341,1762,1823,687,669,1988
1747: 
1379: 1173,781,605,1373,950
1724: 2016,1953,701,597,1228,1924,1295,1725,236,206,1713,1381,18,1330,479,1714
1381: 2016,1953,701,1228,1924,1724,1295,1725,236,206,1713,18,1330,479,1714
1382: 1512
1383: 1972,798,1124,62,1278,833,1997,747,263,2004,22,1858,882
1384: 
1385: 10,691
1386: 799,1620
1705: 
1388: 
1389: 
1971: 462,503,1166,1205,779,1288,317,1049,1892,30,2009,1534,727,178,1614,1528,1483,343,145,1371,756,427
1734: 
1392: 
1799: 
1394: 1263,1210,1710,692,1740,863,2017,1690,163,1177,156,1588,1860,1280,123,1589,1181,945
1395: 
1550: 
1722: 546,1231,795,157,1812,383,8,762,312,1960
1640: 
1399: 1554,1670,1123,590,221,936,1116,430,1848,1446,1738,1650,1190,1250,2010,1214,473,298,780,816,985,1120,1933,1641,1855
1791: 796,499,1351,146,2002,1046,296,1687,378,1339,666,1308,1719,562,87,1921,1816,1240,387,172,1472,1706,273,1659,374
1401: 1505,1727
1611: 1879,1300,448
1403: 
1404: 
1632: 
1860: 1263,1210,1710,692,1740,1394,2017,1690,47,163,1177,156,856,1280,1487,1079,1774,123,83,1429,1589,1560,1181,945,1319,1752
1407: 1884,1243,1676,286,370,1233,239,2005,1191,1032,1020,1172,1270,947,1315
1408: 81,2007,1052,1837,408,463,134,1013,129,1377,965,1318,365,1762,1823,687,669
1409: 1561,582,1225,842,1221,1338,1745,1455,2013,1541,314,227,1019,1224,58,1584,1828,567,1265
1410: 1488
1411: 
1412: 758,1516,983,1869,973
1805: 
1414: 
1926: 469,122,2015,1944,719,971,526,769,1606,1502,34,98,201,660
1845: 592,579,399,906,57,401,588,406
1417: 1969,1804,2003,181,578,558,120,638
1808: 
1419: 855,1034,2019,1756,180,1038,477,1484,1128,1780,940,1535,179,1578,958,1045,1968,1498,1342
1420: 
1421: 933,617,2001,468,1005,853,1769,1276,1434,1866,713,1062,304,323,78,1787,1056
1422: 
1992: 1091,1275,208,1257,1042,800,2008,1029,1896,850,333,1216,249,1736,1167,655,1061,1043,1060,49
1424: 351,1471,238,1948,730,2012,1783,1256,821,994,1564
1425: 1139
1426: 
1427: 
1428: 1450,1806,637,712
1429: 1487,1079,1774,123,83,1589,1560,1181,945,1263,1210,1740,2017,1690,163,156,856,1588,1860,1280
1430: 926,1709,1703,419,1051
1431: 
1432: 1800,1770,132,818,409,903,217,1728,1819,2000,916,458,109,237,302,394,574,229
1433: 1080,270,1795,2011,914,1347,893,1284,475,1523
1434: 617,2001,468,1005,887,114,1276,261,1866,713,1160,1062,304,323,1421
1435: 1080,136,270,1795,1978,2011,914,1347,893,1469,874,1284,1103,74,184,274,1838,1523,313,981
1566: 
1437: 700
1819: 1800,1770,132,629,409,1432,903,217,1712,339,685,1728,2000,1168,716,1053,458,109,237,1244,229
1439: 1164,976
1440: 1969,1183,1804,1653,220,876,2003,181,558,928,1174,262,807,1575,120,426,1591,638,1552,1260,253,1141,200
1441: 1311
1600: 
1443: 
1444: 
1445: 1148
1446: 319,1554,1309,1024,1123,1399,590,936,1760,1116,430,1848,1738,1650,599,1190,1250,2010,1214,473,298,559,985,1120
1574: 1508,1096,481
1448: 684
1449: 749
1450: 1428,1806,637,712
1451: 
1452: 2015,1883,1199,267,70,416,1246,904,851,1464,72,938,862,244
1453: 1911
1698: 
1455: 1561,582,1610,1863,1225,663,1221,514,808,7,1338,1745,26,2013,1570,783,1331,777,1409,1764,1019,1224,58,1584,567,1265,1810
1917: 805,486,524
1704: 195
1458: 642,806,191,1862
1692: 1366,1532
1460: 
2005: 1884,1243,1676,286,1940,370,1233,1563,239,1033,1407,1191,1032,1020,949,1172,303,1270,947,1315
1462: 
1463: 6,69
1464: 1246,1974,904,851,72,862,244,121,130,2015,1199,267,1360,660,902,70,797,820,1452
1465: 
1726: 
1754: 1913
1468: 55
1469: 1080,136,270,1795,1853,1978,2011,914,1347,893,874,1435,1103,74,611,184,274,1838,1523,313,1708,981,528
1470: 
1471: 417,351,1895,293,238,1948,1533,730,2012,1482,1783,1256,1424,821,994,1599,1564,414
1472: 796,499,1351,146,2002,1046,296,1687,535,378,1339,666,1308,278,1719,562,87,1921,1816,1240,387,172,1706,1791,273,1659
1473: 
1745: 1561,582,1863,86,1225,663,842,1221,7,1338,1455,26,2013,1857,783,1409,1541,1764,314,227,141,1019,1224,1073,1584,1828,567,1265
1475: 1258,1118,1901,247,1215,1825,2014,650,131,555,225,803,1127,1300,1938
1476: 144,811,1120,1004,963,1641,170,948,233,1855,319,1024,1760,1190,2010,985
1477: 
1478: 
1479: 855,786,1034,1088,2019,1798,180,1083,1903,1038,477,1484,1354,670,1128,435,1943,1362,1540,1520,1977,418,1961,1507,940,179,251,1781,1578,958,1249,1045,1634,1568,698,1595,1498,1342,41,962
1947: 
1481: 
1482: 417,351,1895,1471,192,293,238,1948,1533,730,2012,1256,821,994,1599,1564,414,1332,1859,1956
1483: 503,1166,779,1288,317,1049,30,2009,1534,727,1971,178,1614,343,145,1371,756,427
1484: 855,786,1034,1088,2019,1798,180,1083,1903,477,1354,670,1128,435,1943,1362,1540,418,1961,1507,1479,940,1419,179,251,1781,1099,1578,958,1249,1045,1634,1568,1968,698,1595,1498,1342,41,294,962
1915: 
1858: 263,361,1677,1579,662,2004,1077,112,882,798,1124,62,1383,1997,747
1487: 1079,1774,123,83,1429,1589,1560,1181,945,692,2017,1690,163,1588,1860,1280
1488: 1410
1489: 
1490: 
1491: 
1492: 
1493: 1526
1494: 573,377,494,1824,1350,1303,633,264,1000,1697,176,2006,732,1237,1035,1518,1529,934
1616: 1274,1872,909
1496: 1561,1610,1225,663,1221,514,808,7,1241,26,2013,193,1857,783,1331,777,141,12,1073,58,567,1810
1497: 
1498: 1099,1578,958,1045,1634,1568,1968,698,1595,1342,962,855,1034,2019,1903,477,1484,1354,670,1128,435,1540,1780,1507,1479,940,1419,179,1781
1499: 635,196,685,2000,307,1993,1168,1204,1367,77,870,1244
1500: 
1501: 
1502: 1926,469,122,2015,971,1852,1199,267,526,1606,98,13,1360,201,660,902,718,70,797,820,416,130,1158
1503: 1296,610
1504: 177,171,770,452,167
1505: 881,352,60,1401,1727
1839: 
1507: 786,1088,2019,1798,1083,1903,1484,1354,670,1128,435,1943,1362,1540,1520,418,1961,1479,940,179,251,1781,1578,958,1249,1634,1568,698,1595,1498,41,962
1508: 1096,1574
1509: 
1510: 
1888: 1548
1512: 1382
1969: 1183,1804,1653,220,2003,181,558,928,1174,807,1575,120,1591,1440,638,1417,1552,200
1514: 
1515: 826,1008,1147,209,1683
1516: 1412,758,983,1869,973
1517: 420
1518: 478,264,1152,1811,1000,362,1697,176,2006,732,487,836,335,1237,1035,594,1529,934,573,377,494,1350,1494,1303,561,633
1783: 351,1895,1471,293,238,1948,730,2012,1256,1424,821
1520: 855,786,1088,2019,1756,180,1083,1903,1038,477,670,435,1943,1362,1540,1977,1961,1507,1479,940
1521: 208,2008,1029,266,850,100,879,333,1061,1060,1923,1598
2008: 1091,1275,208,1257,1042,800,1029,1896,266,850,100,879,1992,333,1216,249,1736,1167,655,1061,1043,1521,1060,49,1923,1598
1523: 1080,136,270,1795,2011,914,1347,893,1469,1284,1435,74,475,1433
1524: 
1525: 
1526: 1493
1527: 1950,1729
1528: 462,503,1166,1205,779,1288,317,403,1892,2009,1534,727,1971,331,178,1614,145,756
1529: 478,264,1811,1000,362,1697,176,2006,732,487,836,335,1237,1035,653,1095,935,594,1518,934,377,358,494,1824,1350,1494,1303,561,633
1530: 
1531: 299
1532: 511,1162,1638,1692
1533: 417,351,1895,1471,192,293,238,1948,730,2012,1482,1256,821,1599,1956
1534: 462,503,1166,1205,779,1288,317,403,1049,1892,30,2009,727,1971,178,1614,1528,1483,343,145,1371,756,427
1535: 855,786,2019,1756,180,1128,940,1419,1045,1968,294,962
1536: 519
1537: 
1614: 503,1166,779,1288,317,403,1049,1892,30,2009,1534,727,1971,1528,1483,343,145,1371,756,427
1823: 81,2007,1052,1837,463,134,990,1013,129,1377,965,1408,1318,365,495,1341,1762,687,669,1988
1540: 855,786,1034,1088,2019,1798,1756,180,1083,1903,1038,477,1484,1354,670,1128,435,1943,1362,1520,1977,418,1961,1507,1479,940,179,251,1781,1578,958,1249,1045,1634,1568,1968,698,1595,1498,1342,41,294,962
1541: 1561,582,86,1225,842,1221,1338,1745,2013,1409,314,227,141,1019,1224,1073,1584,1828
1542: 
1543: 689,1792,28,230,433
1732: 1758
1545: 699,2018,541,1356,1983,1322,901,625,493,844,1822,1184,1746,1750