0: 392,1668,93
1: 1188
2: 1236
1842: 
1687: 499,378,1719,1472,2002,535,1351,1659,278,1339,296,1706,666,1816,146,387,172,374,1921,1791,87,796,1240
5: 1592,128
6: 
7: 141,1541,514,1225,783,227,842,1265,12,1810,2013,58,1338,808,1561,663,1221,1610,314,1241,26,193,1331,1764,1455,1745,1409,567,1224,1073,1019
8: 709
9: 1276,45,2001,924,1769,1434,323,942,1062,1421,920,304,261,1772,939,1160,1787,593,114,1185
10: 1574,1096,791
1781: 1634,1540,855,1099,1362,435,1128,1038,1977,477,1943,1798,2019,698,1568,1083,1249
12: 1857,141,582,7,514,1225,783,227,842,1265,1810,2013,58,1338,808,1561,663,1221,1828,1584,314,26,1331,1764,1745,1409,567,1224,86,1570,777,1073,1019
13: 526,1464,718,1852,938,769,1138,98,2015,130,121,1562,469,904,532,1606,122,719,244,1974,201,1246,1965,1926,971,267,1622,1158
14: 
15: 1660,743,453,1990
16: 1266
17: 632
18: 1725,701,1381,2016,1724,597,206,1713,1228,1924,1295,1953,1714
1824: 732,1095,478,1350,573,264,653,2006,494,1152,335,1529,1303,1237,487,934,594
1718: 213
1579: 1972,263,1077,690,112,798,1124,1997,361,62,2004,1964,747,1858,833,22,1677
22: 62,2004,1278,1964,882,747,1858,946,833,1677,361,263,1077,690,1579,798,1124,1997
1560: 1752,945,1177,1690,1429,47,863,1280,1394,83,1588,1210,2017,1487,1181,1740,1263,856,123,1860,1710,1079,1774,1319,1589,156,163
24: 982
25: 1889
26: 1863,1496,1610,314,1241,193,1331,1764,1455,1745,1409,567,1224,1073,7,1541,514,842,1265,12,1810,2013,1338,808,1561,663,1221
27: 
28: 1543,1057,230,1576,1789
1694: 
30: 145,1528,178,1971,2009,1166,756,427,403,462,343,1483,317,1534,779,727,331,1288
1703: 
32: 1336
33: 
34: 862,1957,416,1297,797,1199,1974,201,1502,820,660,718,769,98,2015,130,1883,902,244,1158
1852: 526,660,718,938,1138,13,2015,121,1562,469,904,1121,532,1606,122,902,244
36: 
37: 954,686,106
38: 
39: 
40: 
41: 1484,670,1354,2019,958,698,940,1419,1479,1568,1249,294,1520,1634,855,1362
42: 957,382,282
43: 
1934: 322
45: 2001,924,1769,1434,323,713,1005,1062,1421,1056,468,617,261,9,1772,939
46: 
47: 1752,945,1177,1690,1429,863,1280,1394,83,1588,1210,1560,2017,1181,1740,856,1860,1774,1589
48: 1283,1067,332
49: 850,1923,1060,2008,1061,1598,1029,1216,1896,1167,249,1091,879,208,1257,800,1043,1521,1992,1042,100,1275,655,333,1736
1606: 526,1464,660,718,1852,769,1138,13,98,2015,130,121,1562,469,904,532,122,719,1974,1926,971,267,1622
51: 
52: 224,1173
53: 1918,866,1929
54: 1784,1318,408,2007,222,687,1052,1267,1013,1945,1377,1202,1408,134,129,463,669,81,1988,1823
55: 
56: 
57: 805,148
58: 1857,141,582,7,1541,1225,783,842,1265,12,1810,2013,1338,808,1561,663,1221,1828,1584
59: 
60: 
61: 
62: 2004,1278,1964,882,747,1858,946,833,22,1677,690,1579,1124,1997
63: 
1794: 1754
1589: 1774,1319,156,163,692,1752,945,1177,1429,47,863,1280,1394,1588,1210,1560,2017,1487,1263,123,1860,1710,1079
66: 
1864: 
68: 700
69: 
70: 1865
71: 
72: 1944,1452,1158,2015,1297,1974,201,1246,1965,1926,851,1360
1735: 299
74: 1853,2011,475,874,981,313,914,1080,136,1838,528,893,1284,1469,1103,611,1433
75: 
76: 587
77: 229,302,109,629,196,1499,1819,2000,409,635,916,132,903
78: 114,1185,2001,1160
1744: 158,88
1746: 901,1840,1027,1822,1184,1577,618,1558,2018,682,844,405,625,1356,1983,1322,804,1737,1159,831,493
81: 495,1341,463,990,669,1988,1784,408,2007,965,1052,1945,1202,785,54,129
82: 
83: 1752,1690,47,1280,1588,1210,1560,2017,1487,1740,856,1860,1710,1079,1774
84: 
85: 
86: 1570,777,1073,1019,567,1224,1857,141,514,1225,783,227,842,12,2013,1338,1561,1584
87: 499,378,1719,1472,2002,1659,278,1339,296,1687,1816,172,1921,1791,1240
88: 1744,158,829
89: 382
90: 455,765,439,419,1655,794,363
1966: 1986
92: 988
93: 0,392,1668
1737: 1322,1545,1189,1150,506,814,1750,1159,183,831,203,699,493,901,1027,1822,1577,618,1558,2018,1746,682,405,625,1356,1983
95: 1488
96: 1410,139,344,626
97: 
98: 526,1464,660,718,938,769,1138,13,2015,130,121,1562,469,904,532,1606,122,719,244,862,1957,416,34,797,1974,201,1246,1965,1926,971,267,1622,1360,1944,1452,1158
1750: 1322,541,1545,1189,1150,506,814,1737,1159,183,831,203,699,493,901,1822,1558,2018,682,405,1356,1983
100: 1042,2008,1061,1598,49,1216,249,1091,1257,800,1043,1521
1978: 2011,475,874,981,1523,1795,1080,270,136,528,893,1469,1103,184,1433,1708,1435
2006: 732,358,1000,1095,1555,377,478,836,1350,573,264,653,362,1494,494,1152,335,1529,1697,935,1303,1237,1518,633,561,487,1035,934,176,1811,1824,594
103: 
1925: 
1662: 185,566
106: 686,37
107: 570
108: 1807,1999,310,1021
109: 302,1993,629,1432,196,1499,339,685,1819,2000,635,916,1168,394,1728,77
1833: 
111: 1358,269,624
112: 1972,263,1077,690,1579,798,1124,1383,1997,2004,1964,882,747,1677
113: 
114: 933,1787,593,1185,78,1276,2001,9,939,1160
115: 
116: 
117: 552,1069
118: 1623
1725: 701,479,1381,18,2016,1724,597,1330,206,1713,1228,1295,1953,1714
120: 1260,1969,2003,1141,1591,558,1575,1440,928,1633,638,876,760,1417,253,1355,1804,200
121: 526,1464,718,1852,938,1138,13,98,2015,130,1562,1606,122,244,1957,797,1974,201,1246,1926,971,1622,1944,1452,1158
122: 526,1464,718,1852,938,769,1138,13,98,2015,130,121,1562,469,904,1606,719,244,1974,201,1246,1965,1926,971,267,1622,1360,1452,1158
123: 1752,945,1177,1429,863,1280,1394,1588,1210,1560,2017,1487,1181,1740,1263,856,1860,1710,1079,1589,156,163,692
1673: 
125: 
126: 1481,140
1775: 
128: 1592,5
129: 1784,1318,1837,408,2007,965,687,1052,1267,1013,1945,1377,1202,1408,785,54,134,495,1341,463,990,669,81,1988,1823
130: 526,1464,660,718,938,769,1138,13,98,2015,121,1562,469,904,1883,1121,1606,122,719,902,244,862,1957,416,1297,34,797,1199,1974,201,1502,820,1158
131: 1300,1215,2014,1611,448,1587,225,1475,1938
132: 229,302,1770,1993,629,1204,1432,196,1499,818,574,1819,2000,409,635,458,1800,237,1015,903,1053,217,1244,870,77
133: 906
134: 1784,1318,2007,687,1052,1013,1945,1377,1202,1408,54,129,1341,463,669,1988,1823
135: 
136: 1853,2011,475,874,981,313,1523,914,1795,1080,1838,528,893,1978,74,1284,1469,1103,611,184,1433,1708
137: 
138: 281,1548,384
139: 96,1796
140: 1481,126
141: 1857,582,7,1541,514,1225,783,227,842,12,1810,2013,58,1338,1561,1828,1584,1241,1331,1409,567,1224,86,1570,777,1073,1019
1963: 
143: 1705
144: 1399,1476,1650,1554,1004,816,1855,1024,527,2010,985,473,1760,1190,1446,963,1309,559
145: 1528,178,1971,2009,1166,427,1614,343,1483,1534,30,779,727
146: 499,1719,1472,2002,1351,1659,278,1339,296,1687,666,387,172,374,1921,796,1308
1591: 1260,120,1969,2003,1141,558,1575,220,262,1440,928,1633,1552,876,760,491,1417,253,1355,1804,181
148: 805,57
149: 
150: 
151: 1682
152: 
1892: 178,2009,756,1049,1371,1614,503,403,462,343,317,1205,331
154: 
155: 320,443
156: 1774,1319,1589,163,692,1752,945,1177,863,1280,1394,1588,1560,2017,1487,1263,123,1860,1710,1079
157: 546,383,312,762,1748,1231
158: 1744,88
159: 
1957: 862,416,1297,34,797,1199,1974,201,1502,820,526,1464,769,1138,98,2015,130,121,719,902,244,1944,1452,1158
161: 1143
162: 
163: 1774,1319,1589,156,692,1752,1177,863,1280,1588,1210,1560,2017,1487,1263,123,1860,1710,1079
1810: 1857,141,582,7,1541,514,1225,783,227,842,1265,12,2013,58,1338,808,1561,663,1221,1828,1584,314,26,567,777
165: 
166: 
167: 297
168: 
169: 
170: 1399,319,1250,1650,1554,1004,1738,816,1933,948,599,1024,1848,780,1123,2010,985,1641,1760,1190,298,1446,963
171: 1504,452
172: 499,378,1719,1472,2002,535,273,1351,1659,278,1339,296,1706,1687,666,1816,146,562,387,374,1921,1791,87,796,1240,1308,1046
173: 1048
174: 
1638: 1692,204,1532
176: 732,358,1000,1555,377,478,836,1350,573,264,653,362,2006,1494,1152,1529,1697,935,1303,1237,1518,633,561,1035,1811,594
177: 
178: 145,1528,1971,2009,1166,756,1049,427,1614,503,403,462,343,1483,1892,317,1534,30,727,331,1288
179: 962,1045,1088,1484,1578,1968,1943,251,1354,1798,1780,1342,1535,2019,1498,418,958,1595,940,1756,1903,1568,1083
180: 962,477,1045,1088,1968,1943,670,251,2019,1498,958,698,1595,1961,1756,786,1568,1083,1249,1634,1540,1099,435,1128,1977
181: 760,491,1417,253,1355,1804,200,1183,426,220,262,1440,928,1633,1260,1969,2003,1141,1591,1575,578,1023,807,1552,638,876
182: 
183: 1322,541,804,1545,1189,1150,506,814,1737,1750,1159,831,203,493,1027,1184,1577,1558,2018,1356
184: 1853,2011,475,874,981,1795,1080,136,1838,528,893,1978,1469,1103,611,1433,1708,1435
185: 566,1662
1615: 1451,395
1975: 744,1647
188: 432,1050,603
2001: 1276,45,924,1769,1434,323,713,942,1005,1062,1421,920,1056,468,304,617,261,9,1772,939,1160,78,933,1787,593,114,1866,1185
190: 
191: 389,1281
192: 821,1763,1895,1859,2012,238,1948,1783,1482,1471,730,293,1599,994,417,1424,414,1956,1256,1533
193: 1863,1496,1610,314,1241,26,1331,1764,1455,1409,567,7,842,2013
194: 
195: 1526,1493
196: 229,302,1770,1993,109,629,1204,1432,1499,685,1819,2000,409,635,458,916,1168,237,1015,394,132,1728,77
1688: 977
1995: 
199: 
200: 760,491,1417,253,1355,1804,181,1183,426,1440,120,2003,1575,578,1023,807,638,876
201: 862,1957,1297,34,797,1199,1974,526,1464,938,1138,13,98,2015,130,121,122,244,1246,1622,1944,1452,72,1158
1626: 
203: 541,804,1545,1189,1150,506,814,1737,1750,1159,183,831,699,493,901,1027,1577,2018,682,405,1356
204: 1290,1692,1638,1532,943
205: 546,1231,1960,1812
206: 1725,701,479,18,2016,1724,597,1713,1228,1295,1953,1714
207: 
208: 850,1923,1060,2008,266,1029,49,1896,1167,249,879,1043,1992,1275,1736
209: 1290,1692,664,1532,1954
1826: 1329,254,1130
211: 
1561: 141,7,1541,514,1225,783,227,842,12,1810,2013,58,1338,808,1221,1584,1610,314,1241,26,1331,1409,567,1224,86,1073,1019
213: 1718
1803: 
1854: 575
216: 
217: 1053,1244,1204,574,2000,409,1800,237,1015,132,903,870
218: 943,1290,1954,1437
1675: 885,1326,1722,1850
220: 262,1440,928,1633,2003,1141,1591,1575,578,1653,1552,638,876,1417,1355,181
221: 1004,811,599,780,2010
222: 1784,1318,408,2007,687,1052,1684,1267,1945,1202,365,1408,54
1575: 1260,120,2003,1141,1591,558,220,262,1440,928,1633,578,1653,1552,638,876,760,491,1417,253,1355,1804,200,181
224: 1644,1173,52
225: 1300,1215,1879,2014,1611,448,650,1587,1825,1475,131,1938,1258,1127,247,555,803
226: 372,810,773
227: 1857,141,582,7,514,1225,783,842,1265,12,1810,2013,1338,808,1561,1828,1584,314,1331,1745,1409,567,1224,86,1570,777,1073,1019
228: 1478,737
229: 302,1770,1993,629,1204,1432,196,307,1499,339,685,818,574,1819,2000,409,635,458,1800,916,1168,237,1015,394,132,903,1053,1244,870,77
230: 1543,1057,28,1576,1789
231: 
232: 402,451
233: 1120,1554,590,1933,527,1123,2010,985,473,1641,1760,1214,936,1446,963
234: 
1906: 
236: 
237: 229,302,1770,1993,629,1204,1432,196,307,1499,1712,339,685,818,574,1819,2000,409,635,458,716,1800,916,1168,1015,394,132,903,1053,217,1244,870
238: 821,192,1763,1895,1332,2012,1948,1783,1471,730,293,994,1424,414,1956,1256,1533
239: 286,1940,1233,303,2005,1270,1191,1315,1032,1676,1407,947,1563,1172,1243,1033,370,1884,1020
240: 
1766: 
242: 675
1865: 70
244: 526,1464,660,718,1852,938,769,1138,13,98,2015,130,121,1562,469,904,1883,1121,122,902,862,1957,416,34,797,1199,1974,201,1502,820,1158
245: 
246: 712,1428,1218,1805,637,1959,897
247: 1879,2014,1611,448,650,1587,1825,225,1938,1258,1127,1118,1901,803
248: 
249: 850,1923,1060,2008,1061,1598,1029,49,1216,1896,1167,1091,879,208,1257,800,1043,1521,1992,1042,100,1275,655,333,1736
250: 
251: 179,962,477,1045,1088,1578,1968,1943,1780,180,1342,1535,2019,1498,958,1595,1961,940,1756,1903,1083
2016: 1725,701,479,1381,18,1724,597,1330,206,1713,1228,1924,1295,1953,1714
253: 760,491,1417,1355,1804,200,181,426,1440,1633,1260,120,1969,2003,1141,1591,558,1575,578,1023,807,1552,638,876
254: 1329,1826,1130
255: 1105,1384
256: 
257: 
258: 
259: 
1862: 
261: 45,2001,924,1769,1434,323,713,942,1005,1421,920,304,617,9,1772
262: 220,1440,928,1633,1260,2003,1141,1591,1575,578,1653,1552,876,760,1417,1355,181
263: 1972,1077,690,1579,112,798,1124,1383,361,2004,882,747,1858,946,833,22,1677
264: 732,1095,1555,377,478,1350,573,653,2006,1494,494,1152,335,1529,935,1303,1237,487,934,176,1824,594
1884: 2005,1191,239,947,1243,370,1020
266: 850,1923,2008,1029,1896,1167,879,208,1992,1736
267: 1246,1965,1926,971,1622,851,1360,526,1464,1138,13,98,2015,1562,904,1606,122,719,1974,1158
268: 1201,711,852
269: 111,1358,624
270: 2011,874,981,1523,914,1795,893,1978,1284,1469,1708,1435
1774: 1319,1589,156,163,1752,1177,47,863,1280,1394,83,1588,1210,1560,2017,1487,1263,1860,1710,1079
1811: 732,358,1000,1095,1555,377,836,1350,573,653,362,2006,1494,1152,1529,935,1237,633,561,176,594
273: 499,1472,2002,535,1351,296,1706,666,1816,387,172,1791,1240,1046
274: 1582
1924: 1228,1295,1953,18,2016,1724,1713
276: 
277: 933,1866
278: 499,378,1719,2002,535,1339,296,1687,666,146,562,387,172,374,1921,87,796,1308
279: 1818
1804: 760,491,1417,253,1355,200,181,426,1633,1260,120,1969,2003,1141,1591,558,1575,578,638,876
281: 1887,1548,384,138
282: 42,957
1866: 933,277,2001
284: 1289
1882: 
286: 1940,1233,303,2005,1270,1315,1032,239,1676,1407,947,1563,1172,370
1657: 501
288: 
289: 1637,1239,1151
290: 
1736: 1275,655,333,850,1923,1060,2008,266,1029,49,1896,1167,249,1091,879,208,800,1043,1992
292: 
293: 192,1763,1895,2012,238,1471,730,1599,417,1424,414,1956,1256,1533
294: 1520,1045,1484,670,2019,958,698,1419,786,1479,1568,1249,1634,855,1362,41
1650: 1399,1476,319,1554,1004,1738,144,816,1933,948,599,1024,1848,1123,2010,985,473,170,1641,1760,1190,1446,963,1309,559
296: 499,378,1719,1472,2002,535,273,1351,1659,278,1339,1706,1687,666,1816,146,562,387,172,374,1921,1791,87,796,1240,1308,1046
297: 167
298: 1120,319,1250,430,1004,1738,811,1933,948,1855,1848,780,1123,2010,170,1670,1446,963
299: 1735
300: 
301: 
302: 229,1770,1993,109,629,196,307,1499,339,685,818,574,1819,2000,409,635,1800,916,1168,237,394,132,903,77
303: 286,1940,1233,2005,1270,1315,1032,239,1676,1407,1563,1172,1033
304: 1276,2001,924,1769,1434,323,713,942,1005,1062,1421,920,261,9,1160
305: 1500,456
306: 
307: 229,302,1770,1993,1432,1712,339,685,818,2000,635,458,716,1168,237,1015,394
1938: 1300,1215,1879,2014,1611,448,650,1587,1825,225,1475,131,1258,247,1118,555
1869: 973
310: 1208,1807,1999,108
1593: 978,1445
312: 546,383,762,157,1748,1231
313: 1853,2011,475,874,1080,136,1838,528,74,1469,1103,611,1433
314: 1863,1496,1610,1241,26,193,1331,1764,1455,1745,1409,567,1224,1570,1073,7,514,1225,227,842,1265,12,1810,2013,1338,808,1561,663,1221
1714: 1725,701,18,2016,1724,597,206,1713,1295,1953
1993: 229,302,1770,109,629,1204,1432,196,307,1499,1712,339,685,818,574,1819,2000,409,635,458,716,1800,916,1168,237,1015,394,132,1728,903,1244
317: 1528,178,1971,2009,1166,756,1049,1371,427,1614,503,403,462,343,1483,1892,1534,30,727,1205,331,1288
318: 
319: 1399,1120,1476,1250,430,1650,1554,1004,1738,590,816,811,1933,948,1855,1024,1848,780,527,1123,2010,985,170,1641,1760,1670,298,936,1446,963
320: 155
321: 364,873,1453
322: 412,1934
323: 1276,45,2001,924,1769,1434,713,942,1005,1062,1421,920,304,261,9,1772,939,1160
1902: 1441
1733: 548,445
326: 
1953: 1228,1924,1295,1725,479,18,2016,1724,597,206,1713,1714
1851: 
329: 
330: 
331: 727,1205,1288,1528,178,1971,2009,756,1371,427,1614,503,403,462,343,1483,1892,317,30
332: 48
333: 1275,655,1736,1042,1923,1060,2008,1598,1029,49,1896,249,800,1043,1521,1992
1578: 179,962,477,1088,1968,1943,251,1798,1780,1342,2019,958,1961,1756,1903,1568,1083,1540,1128,1038,1977
335: 732,1095,478,573,264,2006,494,1152,1529,1303,1035,934,1824
1708: 2011,475,874,981,1523,914,1795,1080,270,136,893,1978,1284,1469,1103,184,1435
337: 
338: 1917
339: 229,302,1770,1993,109,629,307,1499,1712,685,818,574,2000,635,716,1800,916,1168,237,1015,394,1728
340: 
341: 
1976: 
343: 145,1528,178,1971,2009,1166,756,1049,1371,427,1614,503,403,462,1483,1892,317,1534,30,727,1205,331
344: 1410,96,626
1719: 499,378,1472,2002,1351,1659,278,1339,296,1687,666,1816,146,387,172,374,1921,1791,87,796
1933: 1120,319,1250,430,1650,1004,1738,590,948,1855,1848,1123,2010,985,170,1641,233,1670,298,936,1446,963
347: 
1911: 1222
349: 
350: 
351: 821,1332,1859,2012,1783,1482,1564,994,417,414
352: 1505,1727
1970: 
354: 
355: 1683,1147
356: 
1631: 
358: 1000,1555,478,836,573,653,2006,1494,1152,1529,1697,1303,1518,633,561,1035,176,1811
1796: 626,139
360: 
361: 263,1077,690,1579,1124,1997,2004,747,1858,833,22
362: 732,1000,1555,377,836,1350,653,2006,1494,1529,935,1237,633,487,176,1811,594
363: 794,1104,90,455,765,439,419,1655
364: 321,873,1453
365: 1318,2007,222,687,1052,1684,1267,1408
366: 741,1709,1628,725,1973
367: 
1676: 286,1940,1233,303,2005,1270,1191,1315,1032,239,1563,1172,1033,370,1020
369: 
370: 286,1940,1233,2005,1191,1315,239,1676,1407,947,1563,1172,1243,1033,1884,1020
1838: 1853,2011,475,313,1080,136,528,893,74,1469,1103,611,184,1433
372: 226,773
1893: 
374: 1719,2002,278,1339,296,1687,666,146,387,172,796,1308
1913: 630,1927,917
376: 1196
377: 732,1000,1350,264,653,362,2006,1494,1152,1529,935,1237,487,176,1811,594
378: 499,1719,1472,2002,535,1351,278,1339,296,1706,1687,666,1816,172,1921,1791,87,1240
1812: 1960,546,205
1901: 1118,555,803,1879,2014,448,650,1825,1258,1127,247
381: 
382: 42,957,89
383: 546,312,762,157,1748,1231
384: 1887,281,138
1974: 862,1957,416,1297,34,797,1199,201,526,1464,718,938,769,1138,13,98,2015,130,121,904,1606,122,719,244,1246,1965,1926,971,267,1622,1360,1944,1452,72,1158
1715: 1844,1439,976,708
387: 499,1719,1472,2002,535,273,1351,1659,278,1339,296,1706,1687,666,1816,146,562,172,374,796,1308,1046
1713: 1725,701,479,1381,18,2016,1724,597,1330,206,1228,1924,1295,1953,1714
389: 191,1281
390: 799
391: 
392: 1668,0,93
393: 
394: 229,302,1770,1993,109,629,1432,196,307,1499,1712,339,685,818,1819,2000,409,635,458,916,1168,237,1015,1728
395: 1451,1615
1595: 179,962,1045,1088,1968,1943,251,1780,180,1342,1535,2019,1498,418,958,1756
1592: 5,128
1730: 1768,695,1054
399: 
400: 
401: 
402: 232,451
403: 1528,178,1971,2009,1166,756,1049,1371,1614,503,462,343,1483,1892,317,1534,30,727,1205,331,1288
404: 
405: 901,1027,1822,618,2018,1746,682,625,1356,1983,506,1737,1750,1159,831,203,699,493
406: 
1958: 1203,515
408: 1784,1318,1837,2007,965,222,1052,1684,1267,1013,1945,1202,1408,785,54,129,495,1341,990,669,81,1988
409: 229,302,1770,1993,629,1204,1432,196,1499,1712,818,1819,2000,635,458,716,1800,1168,237,1015,394,132,1728,903,217,1244,77
410: 
411: 
412: 322
413: 1680
414: 821,192,1763,1895,1332,1859,2012,238,1948,1783,1482,1471,351,1564,730,293,1599,994,417,1424,1956,1256,1533
415: 
416: 862,1957,1297,34,797,1199,1974,1502,820,526,1464,660,718,769,98,2015,130,469,904,1883,719,244,1360,1944,1158
417: 821,192,1895,1332,1859,2012,1948,1783,1482,351,1564,730,293,1599,994,1424,414,1256,1533
418: 179,962,1045,1484,670,1535,2019,1498,958,1595,940,1756,1419,1479,1520
419: 765,439,1655,90,455,794,1104,363
420: 
1930: 1827,1981
1894: 1664,1832
423: 
1937: 
425: 547,1525,680
426: 760,491,1417,253,1355,1804,200,181,1183,1260,1969,2003,578,1023,807,1552,876
427: 145,1528,178,1971,2009,1166,756,1614,462,343,1483,317,1534,30,779,727,331,1288
428: 
1956: 1256,1533,192,1763,1895,2012,238,1471,730,293,414
430: 1120,319,1250,590,1933,948,1848,1123,2010,1641,1670,298,936,1446
431: 793
432: 1050,188,603
433: 735,518
1939: 
435: 1634,1540,1781,855,1099,1128,1038,1977,477,1943,180,2019,698,1568,1083,1249
436: 1006,511,1008
1654: 1872,1616
438: 1546,1279
439: 765,419,1655,90,794,1104,363
440: 
441: 
1716: 
443: 1251,155
444: 
445: 548,1733
446: 
447: 1797
448: 1300,1215,1879,2014,1611,650,1587,1825,225,1475,131,1938,1258,1127,247,1118,1901,555,803
449: 
450: 645,1553
451: 232,402
452: 1504,171
453: 1660,743,1990,15
454: 
455: 90,419,1655,794,363
456: 1500,305
457: 
458: 229,1770,1993,1204,1432,196,307,1712,685,818,1819,2000,409,635,716,1800,1168,237,1015,394,132,1728,1244
459: 
460: 
461: 
462: 1528,178,1971,2009,1166,756,1049,427,503,403,343,1483,1892,317,1534,30,1205,331,1288
463: 1341,669,81,1988,1823,1784,2007,1013,1377,1202,1408,54,134,129
464: 
465: 
466: 
1945: 1784,1318,1837,408,2007,965,222,687,1052,1684,1267,1013,1377,1202,1408,785,54,134,129,1341,990,669,81,1988,1823
468: 1276,45,2001,924,1769,1434,713,942,1005,1062,1421,1056,617,1772,939,1787
469: 526,1464,660,718,1852,938,769,1138,13,98,2015,130,1562,904,1883,1121,532,1606,122,719,902,244,416,820
470: 
1927: 917,630,1913
472: 1768,695,1054,572,1404
473: 1476,1650,1554,590,144,1855,1024,527,1123,2010,985,1641,1760,233,1214,1446,963,1309
1610: 1863,1496,314,1241,26,193,1331,1764,1455,1409,567,1224,7,1541,842,2013,808,1561,1221
475: 2011,874,981,313,1080,136,1838,528,893,1978,74,1469,1103,611,184,1433,1708,1435
476: 1277,1195
477: 962,1045,1088,1578,1968,1943,670,251,1798,1780,180,1342,2019,958,698,1961,1756,786,1903,1568,1083,1249,1634,1540,1781,855,1099,435,1128,1038,1977
478: 732,358,1095,1555,1350,573,264,653,2006,1494,494,1152,335,1529,1303,1237,561,1035,934,176,1824,594
479: 1725,1381,2016,1724,597,1330,206,1713,1228,1295,1953
480: 
481: 
1668: 392,0,93
1710: 1752,945,1177,1429,863,1280,1394,83,1588,1210,1560,2017,1487,1181,1740,1263,856,123,1860,1079,1774,1319,1589,156,163,692
1980: 
485: 1277,764
486: 843
487: 732,377,1350,264,653,362,2006,1494,494,1152,1529,935,1237,934,1824,594
1879: 1300,1215,2014,1611,448,650,1587,1825,225,1475,1938,1258,1127,247,1118,1901,555,803
1787: 933,593,114,1185,1276,2001,1769,1434,942,1062,1421,468,9,1772,939,1160
490: 
491: 760,1417,253,1355,1804,200,181,426,1260,1969,2003,1591,558,1575
492: 
493: 1322,541,804,1545,1189,1150,506,814,1737,1750,1159,183,831,203,699,901,1840,1027,1822,1184,1577,618,1558,2018,1746,682,844,405,625,1356,1983
494: 732,1095,478,1350,264,653,2006,335,1529,1303,1237,487,934,1824,594
495: 1341,990,669,81,1988,1837,408,2007,965,1013,785,129
496: 
497: 
1968: 179,962,477,1045,1088,1578,1943,251,1780,180,1342,2019,1498,958,1595,1961,1756,786,1083,1249,1540,1128
499: 378,1719,1472,2002,535,273,1351,1659,278,1339,296,1706,1687,666,1816,146,387,172,1921,1791,87,1240
500: 1021,1382,1807,1999
501: 1657
502: 
503: 1528,178,1971,2009,756,1049,1371,403,462,343,1483,1892,317,1205,331,1288
504: 
2010: 1399,1120,1476,319,1250,430,1650,1554,1004,1738,590,144,816,811,1933,948,599,1855,1024,1848,780,527,1123,985,473,170,1641,1760,233,1190,1670,221,1214,298,936,1446,963,1309,559
506: 1322,1545,1189,1150,814,1737,1750,1159,183,831,203,699,493,901,1027,1822,2018,682,405,625,1356,1983
1759: 
1770: 229,302,1993,629,1432,196,307,1499,1712,339,685,818,574,1819,2000,409,635,458,716,1800,916,1168,237,1015,394,132,1728,1244
509: 
510: 1947,1497,860
511: 436,1006,1008
1697: 358,1000,1555,836,573,2006,1494,1303,1518,633,561,1035,176
513: 1069
514: 1857,141,7,1541,1225,783,227,842,12,1810,2013,1338,808,1561,1221,1828,1584,314,1241,26,1331,1745,1409,567,1224,86,1570,777,1073,1019
515: 1203,1958
516: 556
517: 986
518: 735,433
519: 1245,1293
520: 
1849: 
1977: 1634,1540,1781,855,1099,1362,435,1128,1038,962,477,1088,1578,1943,1798,180,2019,958,698,1961,1756,786,1903,1568,1083,1249
523: 896
524: 
1599: 821,192,1895,2012,1783,1482,1471,730,293,994,417,1424,414,1256,1533
526: 1464,660,718,1852,938,769,1138,13,98,2015,130,121,1562,469,904,1883,1121,532,1606,122,719,902,244,1957,416,1974,201,1926,971,267,1622,1158
527: 1399,1120,1476,319,1554,590,144,1855,1024,1123,2010,985,473,1641,1760,233,1670,1446,963
528: 1853,2011,475,313,1080,136,1838,893,1978,74,1103,611,184,1433
529: 1488
530: 
531: 585,868,1868
532: 526,660,718,1852,938,769,1138,13,98,2015,1562,469,904,1883,1121,1606
533: 
534: 
535: 499,378,2002,273,1351,278,1339,296,1706,1687,666,1816,562,387,172,1921,796,1240,1308,1046
1682: 151
2003: 1260,120,1969,1141,1591,558,1575,220,262,1440,928,1633,578,1023,1653,807,1552,638,876,760,491,1417,253,1355,1804,200,181,1183,426
538: 
539: 1321
540: 
541: 1322,804,1545,1150,814,1750,1159,183,831,203,699,493,1027,1184,1577,1558,2018,1356
1789: 1057,28,230,1576,689
543: 
1573: 1627,1732
1768: 1730,695,472,1054,1404
546: 383,312,762,157,1748,205,1231,1812
547: 425,1525,680
548: 1733,445
549: 1064
1997: 1077,690,1579,112,1124,361,62,2004,1964,747,1858,833,22,1677
551: 1248,641
552: 117
553: 
1643: 1537,1605
555: 1118,1901,803,1300,1215,1879,2014,448,1587,1825,225,1475,1938,1258,1127
556: 516
557: 
558: 1260,120,1969,2003,1141,1591,1575,928,1633,760,491,1417,253,1804
559: 1309,1399,1476,1650,1554,1004,144,816,1024,2010,1760,1190,963
560: 
561: 732,358,1000,1095,1555,478,836,573,653,2006,1494,1152,1529,1697,1303,1237,1518,633,1035,176,1811,594
562: 2002,535,1351,278,1339,296,1706,666,1816,387,172,796,1308,1046
1727: 352,1505
564: 
565: 1335,964,959
566: 185,1662
567: 1863,1496,1610,314,1241,26,193,1331,1764,1455,1745,1409,1224,86,1570,777,1073,1019,141,7,1541,514,1225,783,227,842,1265,12,1810,2013,1338,808,1561,1221,1828
568: 
2013: 1857,141,582,7,1541,514,1225,783,227,842,1265,12,1810,58,1338,808,1561,663,1221,1828,1584,1863,1496,1610,314,1241,26,193,1331,1764,1455,1745,1409,567,1224,86,1570,777,1073,1019
570: 107
571: 
572: 695,472,1054
573: 732,358,1000,1095,1555,478,836,1350,264,653,2006,1494,1152,335,1529,1697,1303,1237,1518,633,561,1035,934,176,1811,1824,594
574: 229,302,1770,1993,1204,1499,339,818,2000,716,1800,237,1015,132,903,1053,217,1244,870
575: 1854
576: 806
1690: 1752,1429,47,1280,83,1588,1210,1560,2017,1487,1181,1740,856,1860
578: 1023,1653,807,1552,638,876,220,262,1440,2003,1141,1575,760,1417,253,1355,1804,200,181,1183,426
579: 592,1252
580: 
1830: 1707
582: 1857,141,1541,1225,783,227,1265,12,1810,2013,58,1338,663,1828,1584,777
1910: 
584: 
585: 868,531,1868
586: 
587: 76
588: 1009
1829: 
590: 1120,319,430,1554,1933,948,1855,527,1123,2010,985,473,1641,1760,233,1670,1214,936,1446,963
591: 1369
592: 579,792,1252
593: 933,1787,114,1185,1276,2001,1062,1421,9,939,1160
594: 732,1000,1555,377,478,836,1350,573,264,653,362,2006,1494,494,1152,1529,935,1303,1237,633,561,487,176,1811,1824
595: 
596: 
597: 1725,701,479,18,2016,1724,1330,206,1713,1295,1953,1714
1642: 
599: 1399,1250,1650,1004,1738,816,811,1024,1848,780,2010,170,1190,221,963
600: 
601: 
2012: 821,192,1763,1895,1332,1859,238,1948,1783,1482,1471,351,1564,730,293,1599,994,417,1424,414,1956,1256,1533
603: 432,1050,188
604: 
605: 1373
606: 
607: 
608: 
1929: 1918,866,53
610: 
611: 1853,2011,475,874,313,1080,136,1838,528,74,1103,184,1433
612: 
613: 
1652: 1009
615: 
616: 
617: 45,2001,924,1769,1434,713,1005,1056,468,261,1772
618: 901,1840,1027,1822,1184,1577,1558,2018,1746,682,844,405,625,1356,1983,1322,804,1737,1159,831,493
619: 1536
620: 
621: 1164
622: 
1859: 821,192,1332,2012,1783,1482,351,1564,417,1424,414
624: 111,1358,269
625: 901,1840,1027,1822,618,2018,1746,682,844,405,1356,1983,506,1737,1159,493
626: 1796,344,1410,96
627: 
628: 755,1289
629: 229,302,1770,1993,109,1432,196,1499,339,685,1819,2000,409,635,916,1168,237,394,132,1728,903,77
630: 1913,1927,917,1632
631: 
632: 17
633: 358,1000,1555,836,573,362,2006,1494,1697,1303,1518,561,1035,176,1811,594
634: 
635: 229,302,1770,1993,109,629,1432,196,307,1499,1712,339,685,818,1819,2000,409,458,1800,916,1168,237,1015,394,132,1728,903,77
636: 1726,1011
637: 712,1218,246,1959,897
638: 578,1023,1653,807,1552,876,220,1440,1633,120,2003,1141,1575,1417,253,1355,1804,200,181
1855: 1399,1120,1476,319,1250,1554,1004,1738,590,144,816,811,1933,948,1024,1848,527,1123,2010,985,473,1760,1670,298,1446,963
1844: 1439,976,708,1715
641: 1248,551
642: 
643: 
1712: 1770,1993,1432,307,339,685,818,2000,409,635,458,716,1168,237,1015,394,1728
645: 1553,450
1742: 1492,1213
1828: 1857,141,582,1541,514,1225,783,227,842,1265,12,1810,2013,58,1338,808,663,1584,567,1570,777
1943: 179,962,477,1045,1088,1578,1968,251,1354,1798,1780,180,1342,2019,958,698,1595,1961,940,1756,786,1903,1568,1083,1249,1634,1540,1781,855,1099,435,1128,1038,1977
649: 
650: 1879,2014,1611,448,1587,1825,225,1938,1258,1127,247,1901
651: 1272
1922: 
653: 732,358,1000,1095,1555,377,478,836,1350,573,264,362,2006,1494,494,1152,1529,935,1303,1237,561,487,1035,934,176,1811,1824,594
1659: 499,1719,1472,2002,1351,1339,296,1687,1816,146,387,172,1791,87,1240
655: 1275,333,1736,1042,1923,1060,2008,1598,1029,49,1896,1167,249,1257,800,1043,1521,1992
656: 1139
1570: 86,777,1073,1019,314,1745,1409,567,1857,141,514,1225,227,842,12,2013,1338,1828,1584
1795: 1853,2011,874,981,1523,914,1080,270,136,893,1978,1284,1469,1103,184,1433,1708
659: 
660: 526,718,1852,938,769,1138,98,2015,130,1562,469,904,1883,1121,532,1606,902,244,416,34,820
1706: 499,378,1472,2002,535,273,1351,1339,296,1687,666,1816,562,387,172,796,1240,1308,1046
662: 2004,1278,1964,882,1677,1972,1383
663: 582,7,1541,1225,783,842,1265,12,1810,2013,58,1338,808,1221,1828,314,26
664: 209,1954,1437
1921: 499,378,1719,2002,535,278,1339,296,1687,666,1816,146,172,1791,87,796
666: 499,378,1719,1472,2002,535,273,1351,278,1339,296,1706,1687,1816,146,562,387,172,374,1921,796,1308,1046
1748: 546,383,312,762,157,1231
668: 
669: 495,1341,463,990,81,1988,1823,1784,408,2007,1052,1013,1945,1377,1202,1408,785,54,134,129
670: 962,477,1045,1484,1354,180,1535,2019,1498,418,958,698,940,1756,1419,786,1479,1568,1083,1249,294,1520,1634,855,1099,1362,41
1635: 
2000: 229,302,1770,1993,109,629,1204,1432,196,307,1499,1712,339,685,818,574,1819,409,635,458,716,1800,916,1168,237,1015,394,132,1728,903,1053,217,1244,870,77
673: 1180
1806: 867
675: 242
676: 
677: 
678: 1639,1658
679: 
680: 547,425,1525
681: 722,824
682: 901,1840,1027,1822,1184,1577,618,1558,2018,1746,844,405,625,1356,1983,804,506,814,1737,1750,1159,831,203,699,493
683: 822
684: 
685: 229,302,1770,1993,109,629,1432,196,307,1712,339,818,2000,635,458,716,916,1168,237,1015,394,1728
686: 922,954,37,106
687: 1784,1318,1837,2007,222,1052,1684,1267,1013,1945,1377,1202,365,1408,785,54,134,129,1823
688: 1734,1340,1646
689: 1576,1789
690: 1972,263,1077,1579,112,798,1124,1383,1997,361,62,2004,1278,1964,882,747,1858,946,833,22,1677
691: 
692: 1319,1589,156,163,1752,945,1177,863,1588,1210,2017,1487,1263,856,123,1860,1710,1079
693: 
694: 1640
695: 1730,1768,472,1054,572
696: 
697: 
698: 962,477,1045,1088,1484,1943,670,1354,1798,180,1535,2019,958,940,1756,1419,786,1479,1903,1568,1083,1249,294,1520,1634,1781,855,1099,1362,435,1038,1977,41
699: 541,1545,1189,1150,506,814,1737,1750,1159,831,203,493,901,1027,1822,1577,2018,682,405,1356,1983
700: 68
701: 1725,1381,18,2016,1724,597,1330,206,1713,1295,1714
2009: 145,1528,178,1971,1166,756,1049,1371,427,1614,503,403,462,343,1483,1892,317,1534,30,779,727,1205,331,1288
703: 1187
704: 
705: 
1620: 
1655: 765,439,419,90,455,794,1104,363
708: 1844,1439,976,1715
709: 8
710: 
711: 268,1201,852
712: 1428,1218,1805,637,246,1959,897
713: 1276,45,2001,924,1769,1434,323,942,1005,1062,1421,1056,468,304,617,261,1772
2011: 1853,475,874,981,313,1523,914,1795,1080,270,136,1838,528,893,1978,74,1284,1469,1103,611,184,1433,1708,1435
1780: 179,962,477,1045,1088,1578,1968,1943,251,1354,1798,1342,1535,2019,1498,958,1595,1961,940,1756,1903,1568,1083,1540,1038
716: 1770,1993,1432,307,1712,339,685,818,574,2000,409,458,1168,237,1015,1244
717: 
718: 526,1464,660,1852,938,769,1138,13,98,2015,130,121,1562,469,904,1883,1121,532,1606,122,719,902,244,416,34,1974,820
719: 526,1464,718,769,1138,13,98,2015,130,1562,469,904,1606,122,1957,416,1974,1246,1965,1926,971,267,1622,1360,1158
720: 
1941: 1524
722: 681,824
723: 
1636: 
725: 741,1709,1628,1973,366
1887: 281,1548,384
727: 1205,331,1288,145,1528,178,2009,756,1371,427,1614,403,343,1483,317,1534,30
728: 
729: 
730: 821,192,1763,1895,2012,238,1783,1482,1471,293,1599,994,417,1424,414,1956,1256,1533
731: 
732: 1000,1095,377,478,1350,573,264,653,362,2006,1494,494,1152,335,1529,935,1303,1237,561,487,934,176,1811,1824,594
1867: 
1717: 
735: 433,518
1983: 901,1027,1822,618,1558,2018,1746,682,844,405,625,1356,1322,1150,506,814,1737,1750,1159,831,699,493
737: 1478,228
738: 
739: 
740: 
741: 1709,725,1973,366
1848: 1399,1120,319,1250,430,1650,1004,1738,816,811,1933,948,599,1855,780,1123,2010,170,1641,1670,298,936,1446,963
743: 1660,453,1990,15
744: 1975,1647
745: 
746: 
747: 62,2004,1278,1964,882,1858,946,833,22,1677,361,1972,263,1077,690,1579,112,798,1124,1997
748: 
749: 
750: 
1613: 
752: 1729,1527
753: 
754: 
755: 628,1289
756: 1528,178,1971,2009,1166,1049,1371,427,1614,503,403,462,343,1483,1892,317,1534,30,727,1205,331,1288
1639: 678,1372
758: 839
1660: 743,453,1990,15
760: 491,1417,253,1355,1804,200,181,426,262,928,1260,120,1969,2003,1141,1591,558,1575,578,1552,876
761: 
762: 546,383,312,157,1748,1231
763: 
764: 1277,485
765: 439,419,1655,90,794,1104,363
766: 
1870: 
1700: 
769: 526,1464,660,718,1138,13,98,2015,130,1562,469,904,1883,1121,532,1606,122,719,902,244,862,1957,416,34,1974,820,1158
770: 
771: 774
772: 1808
773: 226,372
774: 771
775: 
776: 
777: 86,1570,1073,1019,567,1857,141,582,514,1225,783,227,12,1810,2013,1338,1828,1584
2015: 526,1464,660,718,1852,938,769,1138,13,98,130,121,1562,469,904,1883,1121,532,1606,122,719,902,244,862,1957,416,1297,34,797,1199,1974,201,1502,820,1246,1965,1926,971,267,1622,851,1360,1944,1452,72,1158
779: 145,1528,1971,2009,1166,427,1483,1534,30,1288
780: 1399,319,1250,1004,1738,816,811,948,599,1848,2010,170,1670,221,298,963
781: 1664,1832,950
1769: 1276,45,2001,924,1434,323,713,942,1005,1062,1421,920,1056,468,304,617,261,9,1772,939,1160,1787
783: 1857,141,582,7,1541,514,1225,227,842,12,1810,2013,58,1338,808,1561,663,1221,1828,1584,567,1224,86,777
1684: 1784,1837,408,2007,965,222,687,1052,1267,1945,365,785
785: 1784,1837,408,2007,965,687,1052,1684,1267,1013,1945,1377,1202,129,495,1341,990,669,81,1988
786: 962,477,1045,1088,1484,1968,1943,670,180,1535,2019,1498,958,698,1756,1419,1479,1568,1083,1249,294,1634,1099,1362,1977
787: 1669,1176
1891: 
789: 
790: 890
791: 1385,1574,1096,10
792: 592
793: 431
794: 1104,363,90,455,765,439,419,1655
795: 
796: 1719,2002,535,1351,278,1339,296,1706,1687,666,146,562,387,172,374,1921,1308,1046
797: 862,1957,416,1297,34,1199,1974,201,1502,820,1464,938,1138,98,2015,130,121,902,244,1944,1158
798: 1972,263,1077,690,1579,112,1124,1383,2004,1278,1964,882,747,946,833,22,1677
799: 390
800: 850,1923,1060,2008,1061,1598,1029,49,1216,1896,1167,249,1091,879,1257,1043,1521,1992,1042,100,1275,655,333,1736
1761: 
1738: 1399,1476,319,1250,1650,1554,1004,816,811,1933,948,599,1855,1024,1848,780,1123,2010,170,1641,1760,1190,1670,298,1446,963
803: 1118,1901,555,1215,1879,2014,448,1825,225,1475,1258,1127,247
804: 1322,541,1545,1150,814,1159,183,831,203,493,1840,1027,1184,1577,618,1558,2018,1746,682,844,1356
805: 57,148
806: 576
807: 578,1023,1552,638,876,2003,1417,253,1355,200,181,1183,426
808: 7,1541,514,1225,783,227,842,1265,12,1810,2013,58,1338,1561,663,1221,1828,1863,1610,314,26,1331,1764,1745,567,1224,1073
1699: 
810: 226,1681
811: 1399,1476,319,1250,1004,1738,816,948,599,1855,1848,780,2010,1670,221,298,963
812: 
1762: 
814: 1322,541,804,1545,1189,1150,506,1737,1750,1159,183,831,203,699,493,1027,1184,1577,1558,2018,682,1356,1983
815: 
816: 1399,1476,319,1250,1650,1554,1004,1738,144,811,599,1855,1024,1848,780,1123,2010,170,1760,1190,1446,963,559
1637: 289,1239,1151
818: 229,302,1770,1993,307,1499,1712,339,685,574,2000,409,635,458,716,1800,1168,237,1015,394,132,1053,1244
1633: 220,262,1440,928,1260,120,2003,1141,1591,558,1575,1653,1552,638,876,1417,253,1355,1804,181
820: 862,1957,416,34,797,1502,660,718,769,2015,130,469,1883,902,244
821: 192,1763,1895,1332,1859,2012,238,1948,1783,1482,351,1564,730,1599,994,417,1424,414,1533
822: 683
1607: 
824: 681,722
2017: 1752,945,1177,1690,1429,47,863,1280,1394,83,1588,1210,1560,1487,1181,1740,1263,856,123,1860,1710,1079,1774,1319,1589,156,163,692
826: 1162
827: 
1757: 
829: 88
830: 
831: 1322,541,804,1545,1189,1150,506,814,1737,1750,1159,183,203,699,493,901,1840,1027,1184,1577,618,1558,2018,1746,682,405,1356,1983
832: 
833: 62,2004,1278,1964,882,747,1858,946,22,1677,361,263,690,1579,798,1124,1997
834: 
1729: 1527,752
836: 358,1000,1555,573,653,362,2006,1494,1152,1697,1518,633,561,1035,176,1811,594
837: 1517
1582: 274
839: 758
1984: 995
1669: 787,1176
842: 141,7,1541,514,1225,783,227,1265,12,1810,2013,58,1338,808,1561,663,1221,1828,1863,1496,1610,314,1241,26,193,1331,1764,1455,1745,1409,567,1224,86,1570,1073,1019
843: 486
844: 1840,1027,1184,1577,618,1558,2018,1746,682,625,1356,1983,1322,804,1159,493
1670: 1399,1120,1476,319,1250,430,1554,1004,1738,590,811,1933,948,1855,1848,780,527,1123,2010,985,298,1446,963
1758: 
1702: 1645,1327
2004: 62,1278,1964,882,747,662,1858,946,833,22,1677,361,1972,263,1077,690,1579,112,798,1124,1383,1997
1816: 499,378,1719,1472,2002,535,273,1351,1659,1339,296,1706,1687,666,562,387,172,1921,1791,87,1240,1046
850: 1923,1060,2008,1061,266,1598,1029,49,1896,1167,249,1091,879,208,1257,800,1043,1992,1275,1736
851: 1246,1965,1926,971,267,1622,1360,2015,1452,72,1158
852: 268,1201,711
853: 
854: 1301
855: 1634,1540,1781,1099,1362,435,1038,1977,477,1484,1943,670,1354,1798,2019,958,698,940,1756,1419,1479,1903,1568,1083,1249,294,1520,41
856: 1752,945,1177,1690,1429,47,863,1280,83,1588,1210,1560,2017,1487,1181,1740,1263,123,1860,1710,1079,692
1602: 
858: 
1821: 1347
860: 1497,510,1947
861: 
862: 1957,416,1297,34,797,1199,1974,201,1502,820,769,98,2015,130,244,1944,1158
863: 1752,945,1177,1429,47,1280,1394,1588,1210,1560,2017,1487,1181,1740,1263,856,123,1860,1710,1079,1774,1589,156,163,692
864: 
1827: 1981,1930
866: 1918,1929,53
867: 1806
868: 585,531,1868
1950: 1527
870: 1053,217,1244,229,1204,1499,574,2000,1800,237,132,903
1623: 118
1740: 1752,945,1177,1690,1429,47,863,1280,1394,83,1588,1210,1560,2017,1181,856,123,1860,1710
873: 1453,364,321
874: 2011,475,981,313,1523,914,1795,1080,270,136,893,1978,74,1284,1469,1103,611,184,1433,1708,1435
1622: 1246,1965,1926,971,267,851,1360,526,1464,1138,13,98,2015,121,1562,1606,122,719,1974,201,1452,1158
876: 578,1023,1653,807,1552,638,220,262,1440,928,1633,1260,120,2003,1141,1591,1575,760,1417,253,1355,1804,200,181,426
877: 1193
1785: 
879: 850,1923,1060,2008,1061,266,1598,1029,49,1216,1896,1167,249,1091,208,1257,800,1043,1992,1275,1736
880: 
881: 
882: 62,2004,1278,1964,747,662,946,833,22,1677,1972,263,690,112,798,1383
1972: 263,690,1579,112,798,1383,2004,1278,1964,882,747,662,946,1677
884: 
885: 1675,1326,1850
886: 1014,992
887: 
1895: 821,192,1763,1332,2012,238,1948,1783,1471,730,293,1599,994,417,1424,414,1956,1256,1533
1658: 678
890: 790
1709: 741,1628,725,1973,366
892: 
893: 1853,2011,475,874,981,1523,914,1795,1080,270,136,1838,528,1978,74,1284,1469,1103,184,1433,1708,1435
894: 
1728: 1770,1993,109,629,1432,196,1712,339,685,1819,2000,409,635,458,916,1168,394
896: 523
897: 712,1428,1218,1805,637,246,1959
898: 
899: 
1960: 1812,205
901: 1840,1027,1822,1577,618,2018,1746,682,405,625,1356,1983,506,1737,1750,1159,831,203,699,493
902: 526,660,718,1852,938,769,1138,2015,130,469,1883,1121,244,1957,34,797,1502,820
903: 229,302,1993,629,1204,1499,574,1819,2000,409,635,1800,237,132,1053,217,1244,870,77
904: 526,1464,660,718,1852,938,769,1138,13,98,2015,130,1562,469,1883,1121,532,1606,122,719,244,416,1974,267
905: 
906: 133
2007: 1784,1318,1837,408,965,222,687,1052,1684,1267,1013,1945,1377,1202,365,1408,785,54,134,129,495,1341,463,990,669,81,1988,1823
1853: 2011,313,1523,914,1795,1080,136,1838,528,893,74,1284,1469,1103,611,184,1433
909: 
1832: 1664,781,950,1894
911: 1463,1132
912: 983
913: 
914: 1853,2011,874,981,1523,1795,270,136,893,74,1284,1469,1708
1764: 1863,1496,1610,314,1241,26,193,1331,1455,1745,1409,567,1073,7,842,1265,12,2013,808,1221
916: 229,302,1770,1993,109,629,196,1499,339,685,1819,2000,635,1168,237,394,1728,77
917: 1927,630,1913
918: 
1959: 712,1428,1218,1805,637,246,897
920: 1276,2001,1769,1434,323,942,1062,1421,304,261,9,939,1160,1185
1986: 1966
922: 954,686
923: 
924: 45,2001,1769,1434,323,713,942,1005,1062,1421,1056,468,304,617,261,9,1772
1590: 
926: 
927: 
928: 220,262,1440,1633,1260,120,2003,1141,1591,558,1575,1552,876,760,1417,181
929: 
930: 
1856: 
932: 
933: 1787,277,593,114,1866,2001
934: 732,1095,478,1350,573,264,653,2006,494,335,1529,1303,487,1035,1824
935: 732,1000,377,1350,264,653,362,2006,1494,1529,1237,487,176,1811,594
936: 1120,319,430,590,1933,948,1848,1123,2010,985,1641,233,1214,1446,963
937: 
938: 526,1464,660,718,1852,1138,13,98,2015,130,121,1562,469,904,1883,1121,532,122,902,244,797,1974,201
939: 1276,45,2001,1769,1434,323,942,1062,1421,920,468,9,1772,1160,1787,593,114,1185
940: 179,962,1045,1088,1484,1943,670,251,1354,1798,1780,1535,2019,1498,418,958,698,1756,1419,1479,1903,1568,1083,1249,1520,855,1362,1038,41
941: 
942: 1276,2001,924,1769,1434,323,713,1005,1062,1421,920,468,304,261,9,1772,939,1160,1787,1185
943: 218,1290,1692,204,1532,1954,1437
944: 
945: 1752,1177,1429,47,863,1280,1394,1588,1560,2017,1181,1740,856,123,1860,1710,1589,156,692
946: 62,2004,1278,1964,882,747,1858,833,22,1677,1972,263,690,798,1124,1383
947: 286,1940,1233,2005,1191,1315,1032,239,1407,1563,1243,1033,370,1884,1020
948: 1120,319,1250,430,1650,1004,1738,590,811,1933,1855,1848,780,1123,2010,985,170,1641,1670,298,936,1446,963
949: 
950: 781,1832
951: 
1672: 
1807: 1999,310,108,500,1021,1382
954: 922,686,37
1850: 1675,885,1326,1722
1628: 1709,725,1973,366
957: 42,382,282
958: 179,962,477,1045,1088,1484,1578,1968,1943,670,251,1354,1798,1780,180,1535,2019,1498,418,698,1595,940,1756,1419,786,1479,1903,1568,1083,1249,294,1520,1634,1540,855,1099,1362,1038,1977,41
959: 565
1701: 
961: 974
962: 179,477,1045,1088,1484,1578,1968,1943,670,251,1798,1780,180,1342,1535,2019,1498,418,958,698,1595,1961,940,1756,786,1903,1568,1083,1249,1099,1128,1977
963: 1399,1120,1476,319,1250,1650,1554,1004,1738,590,144,816,811,1933,948,599,1855,1024,1848,780,527,1123,2010,985,473,170,1641,1760,233,1190,1670,298,936,1446,559
964: 565,1335,1298
965: 1784,1837,408,2007,1052,1684,1267,1013,1945,785,129,495,1341,990,81
966: 
967: 
968: 
969: 
1756: 179,962,477,1045,1088,1484,1578,1968,1943,670,251,1354,1798,1780,180,1535,2019,1498,418,958,698,1595,940,1419,786,1479,1903,1568,1083,1249,1520,1634,1540,855,1362,1038,1977
971: 1246,1965,1926,267,1622,851,1360,526,1464,1138,13,98,2015,121,1562,1606,122,719,1974,1452,1158
1965: 1246,1926,971,267,1622,851,1360,1464,13,98,2015,122,719,1974,1452,72,1158
973: 1869
974: 1111,961
1647: 744,1975
976: 1844,1439,708,1715
977: 1688
978: 1445,1593
979: 
1598: 850,1923,1060,2008,1061,1029,49,1216,1896,1167,249,1091,879,1257,800,1043,1521,1992,1042,100,1275,655,333
981: 2011,475,874,1523,914,1795,1080,270,136,893,1978,74,1284,1469,184,1433,1708,1435
982: 24
983: 912
984: 
985: 1399,1120,1476,319,1650,1554,1004,590,144,1933,948,1855,1024,527,1123,2010,473,170,1641,1760,233,1670,1214,936,1446,963,1309
986: 517
987: 
988: 92
1889: 25
990: 495,1341,669,81,1988,1823,1784,1837,408,2007,965,1052,1013,1945,1202,785,129
991: 
992: 886,1014
1999: 1807,310,108,500,1021,1382
994: 821,192,1763,1895,1332,2012,238,1948,1783,1482,1471,351,1564,730,1599,417,1424,414,1256
995: 1984
1797: 447
997: 
1942: 
999: 
1000: 732,358,1555,377,836,1350,573,653,362,2006,1494,1152,1529,1697,935,1303,1237,1518,633,561,1035,176,1811,594
1001: 
1904: 
1681: 810
1004: 1399,1476,319,1250,1650,1554,1738,144,816,811,1933,948,599,1855,1024,1848,780,1123,2010,985,170,1760,1190,1670,221,298,1446,963,559
1005: 45,2001,924,1769,1434,323,713,942,1062,1421,1056,468,304,617,261,1772
1006: 436,511,1008
1952: 
1008: 436,1006,511
1009: 588,1652
1677: 62,2004,1278,1964,882,747,662,1858,946,833,22,1972,263,1077,690,1579,112,798,1124,1383,1997
1011: 1726,636
1012: 1336,1431
1013: 1784,1837,408,2007,965,687,1052,1267,1945,1377,1408,785,54,134,129,495,1341,463,990,669,1988,1823
1014: 886,992
1015: 229,1770,1993,1204,1432,196,307,1499,1712,339,685,818,574,1819,2000,409,635,458,716,1800,1168,237,394,132,217,1244
1990: 1660,743,453,15
1641: 1120,319,430,1650,1554,1738,590,1933,948,1848,527,1123,2010,985,473,170,1760,233,1214,936,1446,963
1763: 821,192,1895,1332,2012,238,1948,1783,1471,1564,730,293,994,1424,414,1956,1256,1533
1019: 86,1570,777,1073,1241,1331,1745,1409,567,1224,141,7,514,1225,227,842,12,2013,1338,1561
1020: 1940,1233,2005,1270,1191,1315,239,1676,947,1563,1172,1243,1033,370,1884
1021: 500,1382,1807,1999,108
1022: 
1023: 578,807,638,876,2003,1417,253,1355,200,181,1183,426
1024: 1399,1476,319,1650,1554,1004,1738,144,816,599,1855,527,1123,2010,985,473,170,1760,1190,1446,963,1309,559
1025: 1792
1026: 
1027: 901,1840,1184,1577,618,1558,2018,1746,682,844,405,625,1356,1983,1322,541,804,506,814,1737,1159,183,831,203,699,493
1028: 
1029: 850,1923,1060,2008,1061,266,1598,49,1896,1167,249,879,208,800,1043,1992,1275,655,333,1736
1030: 
1903: 179,962,477,1045,1088,1484,1578,1943,251,1354,1798,1780,1342,2019,958,698,1961,940,1756,1479,1568,1083,1249,1634,1540,855,1128,1038,1977
1032: 286,1940,1233,303,2005,1270,1315,239,1676,1407,947,1563
1033: 1940,1233,303,2005,1270,1191,239,1676,1407,947,1563,1172,1243,370,1020
1034: 
1035: 358,1000,1095,1555,478,836,573,653,2006,1494,1152,335,1529,1697,1303,1518,633,561,934,176
1036: 
1741: 
1038: 1634,1540,1781,855,1099,1362,435,1128,1977,477,1088,1578,1943,1354,1798,1780,2019,958,698,1961,940,1756,1479,1903,1568,1083,1249
1863: 1496,1610,314,26,193,1331,1764,1455,1409,567,842,2013,808
1040: 1353,1431
1634: 1540,1781,855,1099,1362,435,1128,1038,1977,477,1088,1943,670,1354,1798,180,2019,958,698,1756,1419,786,1479,1903,1568,1083,1249,294,41
1042: 100,1923,1060,2008,1061,1598,49,1216,249,1091,1257,800,1043,1521,655,333
1043: 850,1923,1060,2008,1061,1598,1029,49,1216,1896,249,1091,879,208,800,1521,1992,1042,100,1275,655,333,1736
1044: 
1045: 179,962,477,1088,1484,1968,1943,670,251,1354,1798,1780,180,1535,2019,1498,418,958,698,1595,940,1756,1419,786,1479,1903,1568,1083,1249,294,1362
1046: 2002,535,273,1351,296,1706,666,1816,562,387,172,796,1308
1646: 1734,1340,688
1048: 173
1049: 1528,178,1971,2009,1166,756,1371,1614,503,403,462,343,1483,1892,317,1534,1205
1050: 432,188,603
1051: 
1052: 1784,1318,1837,408,2007,965,222,687,1684,1267,1013,1945,1377,1202,365,1408,785,54,134,129,1341,990,669,81,1988,1823
1053: 217,1244,229,1204,818,574,2000,1800,237,132,903,870
1054: 1730,1768,695,472,572
1055: 
1056: 45,2001,924,1769,713,1005,1062,1421,468,617,1772
1057: 1543,28,230,1576,1789
1058: 
1059: 
1060: 850,1923,2008,1061,1598,1029,49,1216,1896,1167,249,1091,879,208,1257,800,1043,1521,1992,1042,1275,655,333,1736
1061: 850,1923,1060,2008,1598,1029,49,1216,1896,1167,249,1091,879,1257,800,1043,1521,1042,100
1062: 1276,45,2001,924,1769,1434,323,713,942,1005,1421,920,1056,468,304,9,1772,939,1160,1787,593,1185
1875: 
1064: 549
1936: 
1568: 179,962,477,1045,1088,1484,1578,1943,670,1354,1798,1780,180,1535,2019,958,698,940,1756,1419,786,1479,1903,1083,1249,294,1520,1634,1540,1781,855,1099,1362,435,1038,1977,41
1067: 1283,48
1739: 
1069: 513,117
1070: 1117
1071: 1396
1072: 1888
1073: 86,1570,777,1019,1496,314,1241,26,1331,1764,1745,1409,567,1224,1857,141,7,514,1225,227,842,12,2013,1338,808,1561
1074: 
1075: 
1979: 
1077: 263,690,1579,112,798,1124,1997,361,2004,747,1858,22,1677
1078: 
1079: 1752,1177,863,1280,83,1588,1210,1560,2017,1487,1263,856,123,1860,1710,1774,1319,1589,156,163,692
1080: 1853,2011,475,874,981,313,1795,136,1838,528,893,1978,74,1469,1103,611,184,1433,1708,1435
1081: 
1576: 1057,28,230,1789,689
1083: 179,962,477,1045,1088,1578,1968,1943,670,251,1354,1798,1780,180,2019,958,698,1961,940,1756,786,1479,1903,1568,1249,1634,1540,1781,855,1099,1362,435,1128,1038,1977
1792: 1025
1973: 741,1709,1628,725,366
2002: 499,378,1719,1472,535,273,1351,1659,278,1339,296,1706,1687,666,1816,146,562,387,172,374,1921,1791,87,796,1240,1308,1046
1087: 
1088: 179,962,477,1045,1578,1968,1943,251,1798,1780,180,1342,1535,2019,1498,958,698,1595,1961,940,1756,786,1903,1568,1083,1249,1634,1540,1099,1128,1038,1977
1627: 1573,1732
1948: 821,192,1763,1895,1332,2012,238,1783,1471,1564,994,417,1424,414,1533
1091: 850,1923,1060,2008,1061,1598,49,1216,249,879,1257,800,1043,1521,1042,100,1736
1092: 
1683: 1147,355
1831: 
1095: 732,478,573,264,653,2006,494,1152,335,1529,1237,561,1035,934,1811,1824
1096: 1574,10,791
1097: 
1098: 
1099: 1634,1540,1781,855,1362,435,1128,1038,1977,962,477,1088,1943,670,180,2019,958,698,786,1568,1083,1249
1100: 1550
1988: 495,1341,463,990,669,81,1823,1784,408,2007,1052,1013,1945,1377,1202,785,54,134,129
1102: 
1103: 1853,2011,475,874,313,1795,1080,136,1838,528,893,1978,74,1284,1469,611,184,1433,1708
1104: 794,363,765,439,419,1655
1105: 255,1384
1106: 
1107: 
1108: 
1837: 1784,1318,408,2007,965,687,1052,1684,1267,1013,1945,1377,1408,785,129,495,1341,990
1110: 
1111: 974
1112: 
1944: 1452,72,1158,1464,98,2015,121,862,1957,416,1297,797,1199,1974,201,1246,1926,1360
1752: 945,1177,1690,1429,47,863,1280,1394,83,1588,1210,1560,2017,1487,1181,1740,1263,856,123,1860,1710,1079,1774,1589,156,163,692
1115: 
1116: 
1117: 1070
1118: 1901,555,803,1215,1879,2014,448,1587,1825,1475,1938,1258,1127,247
1883: 526,660,718,938,769,2015,130,469,904,1121,532,902,244,416,34,1502,820
1120: 1476,319,1250,430,1554,590,1933,948,1855,1848,527,1123,2010,985,1641,233,1670,298,936,1446,963
1121: 526,660,718,1852,938,769,1138,2015,130,1562,469,904,1883,532,902,244
1122: 
1123: 1399,1120,1476,319,1250,430,1650,1554,1004,1738,590,816,1933,948,1855,1024,1848,527,2010,985,473,170,1641,1760,233,1190,1670,298,936,1446,963
1124: 263,1077,690,1579,112,798,1997,361,62,2004,1964,747,1858,946,833,22,1677
1125: 
1126: 
1127: 1879,2014,1611,448,650,1587,1825,225,1475,1258,247,1118,1901,555,803
1128: 1634,1540,1781,1099,435,1038,1977,962,477,1088,1578,1968,1943,180,2019,1961,1903,1083,1249
1905: 
1130: 1329,254,1826
1605: 1643,1537
1132: 1463,911
1133: 
1134: 
1135: 
1584: 1857,141,582,1541,514,1225,783,227,12,1810,2013,58,1338,1561,1828,86,1570,777
1991: 
1138: 526,1464,660,718,1852,938,769,13,98,2015,130,121,1562,469,904,1121,532,1606,122,719,902,244,1957,797,1974,201,1246,971,267,1622
1139: 656
1653: 578,1552,638,876,220,262,1440,1633,2003,1575,1417,1355
1141: 1260,120,1969,2003,1591,558,1575,220,262,1440,928,1633,578,1552,638,876,760,1417,253,1355,1804,181
1142: 
1143: 161
1784: 1318,1837,408,2007,965,222,687,1052,1684,1267,1013,1945,1377,1202,1408,785,54,134,129,1341,463,990,669,81,1988,1823
1696: 
1146: 
1147: 1683,355
1148: 
2018: 901,1840,1027,1822,1184,1577,618,1558,1746,682,844,405,625,1356,1983,1322,541,804,1545,1189,1150,506,814,1737,1750,1159,183,831,203,699,493
1150: 1322,541,804,1545,1189,506,814,1737,1750,1159,183,831,203,699,493,1558,2018,1356,1983
1151: 1637,289,1239
1152: 732,358,1000,1095,1555,377,478,836,1350,573,264,653,2006,335,1529,1237,561,487,1035,176,1811,1824,594
1153: 
1857: 141,582,514,1225,783,227,1265,12,1810,2013,58,1338,1828,1584,86,1570,777,1073
1625: 
2019: 179,962,477,1045,1088,1484,1578,1968,1943,670,251,1354,1798,1780,180,1342,1535,1498,418,958,698,1595,1961,940,1756,1419,786,1479,1903,1568,1083,1249,294,1520,1634,1540,1781,855,1099,1362,435,1128,1038,1977,41
1157: 
1158: 1944,1452,72,526,1464,769,13,98,2015,130,121,122,719,244,862,1957,416,1297,34,797,1199,1974,201,1246,1965,1926,971,267,1622,851,1360
1159: 1322,541,804,1545,1189,1150,506,814,1737,1750,183,831,203,699,493,901,1027,1822,1184,1577,618,1558,2018,1746,682,844,405,625,1356,1983
1160: 1276,2001,1769,323,942,1062,1421,920,304,9,939,78,1787,593,114,1185
1161: 
1162: 826
1840: 901,1027,1184,1577,618,1558,2018,1746,682,844,625,1356,804,831,493
1164: 621
1923: 850,1060,2008,1061,266,1598,1029,49,1896,1167,249,1091,879,208,1257,800,1043,1521,1992,1042,1275,655,333,1736
1166: 145,1528,178,1971,2009,756,1049,427,1614,403,462,343,1483,317,1534,30,779
1167: 850,1923,1060,2008,1061,266,1598,1029,49,1896,249,879,208,1257,800,1992,1275,655,1736
1168: 229,302,1770,1993,109,629,1432,196,307,1712,339,685,818,1819,2000,409,635,458,716,916,237,1015,394,1728
1587: 1300,1215,1879,2014,1611,448,650,1825,225,1475,131,1938,1258,1127,247,1118,555
1645: 1702,1327
1171: 
1172: 286,1940,1233,303,2005,1270,1191,239,1676,1563,1033,370,1020
1173: 1644,224,52
1174: 
1175: 
1176: 787,1669
1177: 1752,945,1429,47,863,1280,1394,1588,1210,1560,2017,1487,1740,1263,856,123,1860,1710,1079,1774,1319,1589,156,163,692
1940: 286,1233,303,2005,1270,1191,1315,1032,239,1676,1407,947,1563,1172,1243,1033,370,1020
1179: 
1180: 673
1181: 1752,945,1690,1429,47,863,1588,1210,1560,2017,1740,1263,856,123,1710
1182: 
1183: 1355,200,181,426,2003,578,1023,807
1184: 1840,1027,1577,618,1558,2018,1746,682,844,1356,1322,541,804,814,1159,183,831,493
1185: 1787,593,114,78,1276,2001,942,1062,920,9,939,1160
1186: 
1187: 703
1188: 1
1189: 1545,1150,506,814,1737,1750,1159,183,831,203,699,493,2018
1190: 1399,1476,1650,1554,1004,1738,144,816,599,1024,1123,2010,170,1760,963,1309,559
1191: 1940,1233,2005,1315,239,1676,947,1172,1243,1033,370,1884,1020
1192: 
1193: 877
1194: 
1195: 476
1196: 376
1197: 1348
1772: 1276,45,2001,924,1769,1434,323,713,942,1005,1062,1421,1056,468,617,261,9,939,1787
1199: 862,1957,416,1297,34,797,1974,201,1502,2015,130,244,1944,1158
1755: 1510
1201: 268,711,852
1202: 1784,1318,408,2007,222,687,1052,1267,1945,1377,1408,785,54,134,129,463,990,669,81,1988,1823
1203: 515,1958
1204: 229,1993,1432,196,1499,574,1819,2000,409,458,1800,237,1015,132,903,1053,217,1244,870
1205: 727,331,1288,1528,2009,756,1049,1371,1614,503,403,462,343,1892,317
1987: 
1822: 901,618,2018,1746,682,405,625,1356,1983,1322,506,1737,1750,1159,699,493
1208: 310
1209: 
1210: 1752,1177,1690,1429,47,863,1280,83,1588,1560,2017,1487,1181,1740,1263,856,123,1860,1710,1079,1774,1319,1589,163,692
1211: 
1679: 
1213: 1492,1742
1214: 590,2010,985,473,1641,233,936
1215: 1300,1879,2014,448,1587,1825,225,1475,131,1938,1258,1118,555,803
1216: 1060,2008,1061,1598,49,249,1091,879,1257,800,1043,1521,1042,100
1217: 
1218: 712,1428,1805,637,246,1959,897
1885: 
1220: 
1221: 7,1541,514,1225,783,842,1265,12,1810,2013,58,1338,808,1561,663,1610,314,26,1331,1764,567,1224
1222: 1911
1223: 
1224: 1610,314,1241,26,1331,1455,1745,1409,567,86,1073,1019,141,7,1541,514,1225,783,227,842,12,2013,1338,808,1561,1221
1225: 1857,141,582,7,1541,514,783,227,842,1265,12,1810,2013,58,1338,808,1561,663,1221,1828,1584,314,567,1224,86,1570,777,1073,1019
1226: 
1577: 901,1840,1027,1184,618,1558,2018,1746,682,844,1356,1322,541,804,1545,814,1737,1159,183,831,203,699,493
1228: 1924,1295,1953,1725,479,1381,18,2016,1724,206,1713
1760: 1399,1476,319,1650,1554,1004,1738,590,144,816,1855,1024,527,1123,2010,985,473,170,1641,233,1190,1446,963,1309,559
1230: 
1231: 546,383,312,762,157,1748,205
1232: 
1233: 286,1940,303,2005,1270,1191,1315,1032,239,1676,1407,947,1563,1172,1243,1033,370,1020
1564: 821,1763,1332,1859,2012,1948,1783,1482,351,994,417,1424,414
1896: 850,1923,1060,2008,1061,266,1598,1029,49,1167,249,879,208,1257,800,1043,1521,1992,1275,655,333,1736
1236: 2
1237: 732,1000,1095,377,478,1350,573,264,653,362,2006,1494,494,1152,1529,935,561,487,176,1811,1824,594
1873: 
1239: 1637,289,1151
1240: 499,378,1472,2002,535,273,1351,1659,296,1706,1687,1816,172,1791,87
1241: 1496,1610,314,26,193,1331,1764,1455,1745,1409,567,1224,1073,1019,141,7,514,842,2013,1561
1914: 
1243: 1940,1233,2005,1191,1315,239,1407,947,1563,1033,370,1884,1020
1244: 1053,217,229,1770,1993,1204,818,574,2000,409,458,716,1800,237,1015,132,903,870
1245: 1293,519
1246: 1965,1926,971,267,1622,851,1360,1464,1138,13,98,2015,121,122,719,1974,201,1944,1452,72,1158
1247: 
1248: 551,641
1249: 962,477,1045,1088,1968,1943,670,1798,180,1535,2019,1498,958,698,940,1756,1419,786,1479,1903,1568,1083,294,1634,1540,1781,855,1099,1362,435,1128,1038,1977,41
1250: 1399,1120,1476,319,430,1554,1004,1738,816,811,1933,948,599,1855,1848,780,1123,2010,170,1670,298,1446,963
1251: 443
1252: 579,592
1253: 
1800: 229,302,1770,1993,1204,1499,339,818,574,1819,2000,409,635,458,237,1015,132,903,1053,217,1244,870
1644: 224,1173
1256: 1956,1533,192,1763,1895,2012,238,1783,1471,730,293,1599,994,417,1424,414
1257: 850,1923,1060,2008,1061,1598,49,1216,1896,1167,249,1091,879,800,1521,1042,100,655
1258: 1215,1879,2014,1611,448,650,1587,1825,225,1475,1938,1127,247,1118,1901,555,803
1563: 286,1940,1233,303,2005,1270,1315,1032,239,1676,1407,947,1172,1243,1033,370,1020
1260: 120,1969,2003,1141,1591,558,1575,262,928,1633,1552,876,760,491,1417,253,1355,1804,181,426
1261: 
1262: 
1263: 1752,1177,863,1280,1588,1210,1560,2017,1487,1181,856,123,1860,1710,1079,1774,1319,1589,156,163,692
1680: 413
1265: 1857,582,7,1541,1225,227,842,12,1810,2013,58,1338,808,663,1221,1828,314,26,1764,1745,567
1266: 16
1267: 1784,1318,1837,408,2007,965,222,687,1052,1684,1013,1945,1377,1202,365,1408,785,54,129
1268: 1556
1912: 
1270: 286,1940,1233,303,2005,1032,239,1676,1563,1172,1033,1020
1868: 585,868,531
1272: 651
1273: 
1274: 
1275: 655,333,1736,850,1923,1060,2008,1598,1029,49,1896,1167,249,879,208,800,1043,1521,1992
1276: 2001,1769,1434,323,713,942,1062,1421,920,468,304,9,1772,939,1160,1787,593,114,1185
1277: 485,476,764
1278: 62,2004,1964,882,747,662,946,833,22,1677,1972,690,798,1383
1279: 438,1546
1280: 1752,945,1177,1690,1429,47,863,1394,83,1588,1210,1560,2017,1487,1740,1263,856,123,1860,1710,1079,1774,1319,1589,156,163
1281: 389,191
1282: 
1283: 1067,48
1284: 1853,2011,874,981,1523,914,1795,270,136,893,74,1469,1103,1433,1708
1285: 
1961: 962,477,1088,1578,1968,1943,251,1780,180,1342,2019,1903,1083,1540,1128,1038,1977
1287: 
1288: 727,1205,331,1528,178,1971,2009,756,427,503,403,462,1483,317,30,779
1289: 284,755,628
1290: 209,1692,204,1532,1954,1437,218,943
1291: 1317,1799
1292: 
1293: 1245,519
1294: 
1295: 1228,1924,1953,1725,701,479,1381,18,2016,1724,597,1330,206,1713,1714
1296: 
1297: 862,1957,416,34,797,1199,1974,201,2015,130,1944,1452,72,1158
1298: 1335,964
1299: 
1300: 1215,1879,2014,1611,448,1587,225,1475,131,1938,555
1301: 854
1872: 1616,1654
1303: 732,358,1000,1555,478,1350,573,264,653,2006,1494,494,335,1529,1697,1518,633,561,1035,934,176,1824,594
1954: 209,1290,1692,664,1532,1437,218,943
1767: 
1306: 
1588: 1752,945,1177,1690,1429,47,863,1280,1394,83,1210,1560,2017,1487,1181,1740,1263,856,123,1860,1710,1079,1774,1589,156,163,692
1308: 2002,535,1351,278,1339,296,1706,666,146,562,387,172,374,796,1046
1309: 559,1650,1554,144,1024,2010,985,473,1760,1190
1674: 
1311: 
1932: 
1562: 526,1464,660,718,1852,938,769,1138,13,98,2015,130,121,469,904,1121,532,1606,122,719,244,971,267,1622
1981: 1827,1930
1315: 286,1940,1233,303,2005,1191,1032,239,1676,1407,947,1563,1243,370,1020
1316: 
1317: 1291,1799
1318: 1784,1837,408,2007,222,687,1052,1267,1945,1377,1202,365,1408,54,134,129
1319: 1774,1589,156,163,692,1177,1280,1210,1560,2017,1487,1263,1860,1710,1079
2014: 1300,1215,1879,1611,448,650,1587,1825,225,1475,131,1938,1258,1127,247,1118,1901,555,803
1321: 539
1322: 541,804,1545,1150,506,814,1737,1750,1159,183,831,493,1027,1822,1184,1577,618,1558,2018,1746,844,1356,1983
1918: 866,1929,53
1324: 
1325: 
1326: 1675,885,1722,1850
1327: 1702,1645
1328: 
1329: 254,1826,1130
1330: 1725,701,479,1381,2016,1724,597,1713,1295
1331: 1863,1496,1610,314,1241,26,193,1764,1455,1745,1409,567,1224,1073,1019,141,7,1541,514,227,842,12,2013,1338,808,1561,1221
1332: 821,1763,1895,1859,2012,238,1948,1783,1482,1471,351,1564,994,417,1424,414
1798: 179,962,477,1045,1088,1484,1578,1943,1354,1780,2019,958,698,940,1756,1419,1479,1903,1568,1083,1249,1634,1540,1781,855,1362,1038,1977
1846: 
1335: 565,964,1298
1336: 32,1431,1353,1012
1337: 
1338: 1857,141,582,7,1541,514,1225,783,227,842,1265,12,1810,2013,58,808,1561,663,1221,1828,1584,314,26,1331,1745,1409,567,1224,86,1570,777,1073,1019
1339: 499,378,1719,1472,2002,535,1351,1659,278,296,1706,1687,666,1816,146,562,387,172,374,1921,87,796,1308
1340: 688,1646
1341: 495,463,990,669,81,1988,1823,1784,1837,408,2007,965,1052,1013,1945,1377,785,134,129
1342: 179,962,477,1088,1578,1968,1943,251,1780,2019,1595,1961,1903
1343: 
1344: 
1982: 
1346: 
1347: 1821
1348: 1197
1825: 1215,1879,2014,1611,448,650,1587,225,1475,1938,1258,1127,247,1118,1901,555,803
1350: 732,1000,1555,377,478,573,264,653,362,2006,1494,494,1152,1529,935,1303,1237,487,934,176,1811,1824,594
1351: 499,378,1719,1472,2002,535,273,1659,1339,296,1706,1687,666,1816,146,562,387,172,1791,796,1240,1308,1046
1352: 
1353: 1040,1336,1431
1354: 179,1045,1484,1943,670,1798,1780,1535,2019,958,698,940,1756,1419,1479,1903,1568,1083,1520,1634,1540,855,1362,1038,41
1355: 760,491,1417,253,1804,200,181,1183,426,220,262,1440,1633,1260,120,1969,2003,1141,1591,1575,578,1023,1653,807,1552,638,876
1356: 901,1840,1027,1822,1184,1577,618,1558,2018,1746,682,844,405,625,1983,1322,541,804,1150,506,814,1737,1750,1159,183,831,203,699,493
1951: 
1358: 111,269,624
1359: 
1360: 1246,1965,1926,971,267,1622,851,1464,98,2015,122,719,416,1974,1944,1452,72,1158
1361: 
1362: 1634,1781,855,1099,1038,1977,1045,1484,670,1354,1798,2019,958,698,940,1756,1419,786,1479,1568,1083,1249,294,1520,41
1707: 1830
1835: 
1731: 
1366: 
1367: 
1368: 
1369: 591
1370: 
1371: 1528,2009,756,1049,1614,503,403,343,1483,1892,317,1534,727,1205,331
1372: 1639
1373: 605
1996: 
1743: 
1376: 
1377: 1784,1318,1837,2007,687,1052,1267,1013,1945,1202,1408,785,54,134,129,1341,463,669,1988,1823
1747: 
1379: 
1724: 1725,701,479,1381,18,2016,597,1330,206,1713,1228,1924,1295,1953,1714
1381: 1725,701,479,18,2016,1724,1330,1713,1228,1295
1382: 500,1021,1807,1999
1383: 1972,263,690,112,798,2004,1278,1964,882,662,946,1677
1384: 255,1105
1385: 791
1386: 
1705: 143
1388: 
1389: 
1971: 145,1528,178,2009,1166,756,1049,427,503,403,462,343,1483,317,1534,30,779,331,1288
1734: 688,1646
1392: 
1799: 1291,1317
1394: 1752,945,1177,1429,47,863,1280,1588,1560,2017,1740,123,1860,1710,1774,1589,156
1395: 
1396: 1071
1722: 1675,1326,1850
1640: 694
1399: 1476,319,1250,1650,1554,1004,1738,144,816,811,599,1855,1024,1848,780,527,1123,2010,985,170,1760,1190,1670,1446,963,559
1791: 499,378,1719,1472,2002,273,1351,1659,296,1687,1816,172,1921,87,1240
1401: 
1611: 1300,1879,2014,448,650,1587,1825,225,1475,131,1938,1258,1127,247
1403: 
1404: 1768,472
1632: 630
1860: 1752,945,1177,1690,1429,47,863,1280,1394,83,1588,1210,1560,2017,1487,1740,1263,856,123,1710,1079,1774,1319,1589,156,163,692
1407: 286,1940,1233,303,2005,1315,1032,239,947,1563,1243,1033,370
1408: 1784,1318,1837,408,2007,222,687,1052,1267,1013,1945,1377,1202,365,54,134,129,463,669,1823
1409: 1863,1496,1610,314,1241,26,193,1331,1764,1455,1745,567,1224,1570,1073,1019,141,7,514,227,842,12,2013,1338,1561
1410: 96,344,626
1411: 
1412: 
1805: 712,1428,1218,246,1959,897
1414: 
1926: 1246,1965,971,267,1622,851,1360,526,1464,13,98,2015,121,1606,122,719,1974,1944,1452,72,1158
1845: 
1417: 760,491,253,1355,1804,200,181,426,220,262,1440,928,1633,1260,120,1969,2003,1141,1591,558,1575,578,1023,1653,807,1552,638,876
1808: 772
1419: 1045,1484,670,1354,1798,1535,2019,418,958,698,940,1756,786,1479,1568,1249,294,1520,1634,855,1362,41
1420: 
1421: 1276,45,2001,924,1769,1434,323,713,942,1005,1062,920,1056,468,304,261,9,1772,939,1160,1787,593
1422: 
1992: 850,1923,1060,2008,266,1598,1029,49,1896,1167,249,879,208,800,1043,1275,655,333,1736
1424: 821,192,1763,1895,1332,1859,2012,238,1948,1783,1564,730,293,1599,994,417,414,1256,1533
1425: 
1426: 
1427: 
1428: 712,1218,1805,246,1959,897
1429: 1752,945,1177,1690,47,863,1280,1394,1588,1210,1560,2017,1181,1740,856,123,1860,1710,1589
1430: 
1431: 1336,1040,1353,1012
1432: 229,1770,1993,109,629,1204,196,307,1499,1712,685,1819,2000,409,635,458,716,1168,237,1015,394,132,1728
1433: 1853,2011,475,874,981,313,1795,1080,136,1838,528,893,1978,74,1284,1469,1103,611,184
1434: 1276,45,2001,924,1769,323,713,942,1005,1062,1421,920,468,304,617,261,9,1772,939,1787
1435: 2011,475,874,981,1080,270,893,1978,1469,184,1708
1566: 
1437: 1290,664,1954,218,943
1819: 229,302,1770,1993,109,629,1204,1432,196,1499,2000,409,635,458,1800,916,1168,237,1015,394,132,1728,903,77
1439: 1844,976,708,1715
1440: 220,262,928,1633,120,2003,1141,1591,1575,578,1653,1552,638,876,1417,253,1355,200,181
1441: 1902
1600: 
1443: 
1444: 
1445: 978,1593
1446: 1399,1120,1476,319,1250,430,1650,1554,1004,1738,590,144,816,1933,948,1855,1024,1848,527,1123,2010,985,473,170,1641,1760,233,1670,298,936,963
1574: 1096,10,791
1448: 
1449: 
1450: 
1451: 395,1615
1452: 1944,72,1158,1464,98,2015,121,122,1957,1297,1974,201,1246,1965,1926,971,1622,851,1360
1453: 873,364,321
1698: 
1455: 1863,1496,1610,314,1241,26,193,1331,1764,1745,1409,567,1224,7,842,2013
1917: 338
1704: 
1458: 
1692: 209,1290,1638,204,1532,1954,943
1460: 
2005: 286,1940,1233,303,1270,1191,1315,1032,239,1676,1407,947,1563,1172,1243,1033,370,1884,1020
1462: 
1463: 911,1132
1464: 526,718,938,769,1138,13,98,2015,130,121,1562,469,904,1606,122,719,244,1957,416,797,1974,201,1246,1965,1926,971,267,1622,1360,1944,1452,1158
1465: 
1726: 636,1011
1754: 1794
1468: 
1469: 1853,2011,475,874,981,313,1523,914,1795,1080,270,136,1838,893,1978,74,1284,1103,184,1433,1708,1435
1470: 
1471: 192,1763,1895,1332,2012,238,1948,1783,730,293,1599,994,414,1956,1256,1533
1472: 499,378,1719,2002,273,1351,1659,1339,296,1706,1687,666,1816,146,387,172,1791,87,1240
1473: 
1745: 1496,314,1241,26,1331,1764,1455,1409,567,1224,1570,1073,1019,7,514,227,842,1265,12,2013,1338,808
1475: 1300,1215,1879,2014,1611,448,1587,1825,225,131,1938,1258,1127,1118,555,803
1476: 1399,1120,319,1250,1650,1554,1004,1738,144,816,811,1855,1024,527,1123,2010,985,473,1760,1190,1670,1446,963,559
1477: 
1478: 228,737
1479: 1045,1484,670,1354,1798,1535,2019,418,958,698,940,1756,1419,786,1903,1568,1083,1249,294,1520,1634,855,1362,1038,41
1947: 510,1497,860
1481: 140,126
1482: 821,192,1332,1859,2012,1783,351,1564,730,1599,994,417,414
1483: 145,1528,178,1971,2009,1166,756,1049,1371,427,1614,503,403,462,343,317,1534,30,779,727,331,1288
1484: 179,962,1045,670,1354,1798,1535,2019,1498,418,958,698,940,1756,1419,786,1479,1903,1568,294,1520,855,1362,41
1915: 
1858: 62,2004,1964,747,946,833,22,1677,361,263,1077,690,1579,1124,1997
1487: 1752,1177,1690,863,1280,83,1588,1210,1560,2017,1263,856,123,1860,1710,1079,1774,1319,1589,156,163,692
1488: 95,529
1489: 
1490: 
1491: 
1492: 1213,1742
1493: 1526,195
1494: 732,358,1000,1555,377,478,836,1350,573,264,653,362,2006,1529,1697,935,1303,1237,633,561,487,1035,176,1811,594
1616: 1872,1654
1496: 1863,1610,314,1241,26,193,1331,1764,1455,1745,1409,567,1073,842,2013
1497: 860,510,1947
1498: 179,962,1045,1088,1484,1968,670,251,1780,180,1535,2019,418,958,1595,940,1756,786,1249
1499: 229,302,1770,1993,109,629,1204,1432,196,339,818,574,1819,2000,409,635,1800,916,237,1015,394,132,903,870,77
1500: 456,305
1501: 
1502: 862,1957,416,34,797,1199,820,2015,130,1883,902,244
1503: 
1504: 171,452
1505: 352,1727
1839: 
1507: 
1508: 
1509: 
1510: 1755
1888: 1072
1512: 
1969: 1260,120,2003,1141,1591,558,760,491,1417,253,1355,1804,181,426
1514: 
1515: 
1516: 
1517: 837
1518: 358,1000,1555,836,573,2006,1697,1303,633,561,1035,176
1783: 821,192,1763,1895,1332,1859,2012,238,1948,1482,1471,351,1564,730,1599,994,417,1424,414,1256
1520: 294,1484,670,1354,1535,2019,418,958,698,940,1756,1419,1479,1568,855,1362,41
1521: 1923,1060,2008,1061,1598,49,1216,1896,249,1091,1257,800,1043,1042,100,1275,655,333
2008: 850,1923,1060,1061,266,1598,1029,49,1216,1896,1167,249,1091,879,208,1257,800,1043,1521,1992,1042,100,1275,655,333,1736
1523: 1853,2011,874,981,914,1795,270,136,893,1978,1284,1469,1708
1524: 1941
1525: 547,425,680
1526: 195,1493
1527: 1950,1729,752
1528: 145,178,1971,2009,1166,756,1049,1371,427,1614,503,403,462,343,1483,317,1534,30,779,727,1205,331,1288
1529: 732,358,1000,1095,1555,377,478,1350,573,264,653,362,2006,1494,494,1152,335,935,1303,1237,561,487,1035,934,176,1811,1824,594
1530: 
1531: 
1532: 209,1290,1692,1638,204,1954,943
1533: 1956,1256,821,192,1763,1895,2012,238,1948,1471,730,293,1599,417,1424,414
1534: 145,1528,178,1971,2009,1166,756,1049,1371,427,1614,403,462,343,1483,317,30,779,727
1535: 179,962,1045,1088,1484,670,251,1354,1780,2019,1498,418,958,698,1595,940,1756,1419,786,1479,1568,1249,1520
1536: 619
1537: 1643,1605
1614: 145,1528,178,2009,1166,756,1049,1371,427,403,343,1483,1892,317,1534,727,1205,331
1823: 1341,463,990,669,1988,1784,2007,687,1052,1013,1945,1377,1202,1408,54,134,129
1540: 1634,1781,855,1099,435,1128,1038,1977,477,1088,1578,1968,1943,1354,1798,1780,180,2019,958,1961,1756,1903,1568,1083,1249
1541: 141,582,7,514,1225,783,842,1265,1810,2013,58,1338,808,1561,663,1221,1828,1584,1610,26,1331,567,1224
1542: 
1543: 1057,28,230
1732: 1573,1627
1545: 1322,541,804,1189,1150,506,814,1737,1750,1159,183,831,203,699,493,1577,2018
1546: 438,1279
1664: 781,1832,1894
1548: 1887,281,138
1818: 279
1550: 1100
1964: 62,2004,1278,882,747,662,1858,946,833,22,1677,1972,690,1579,112,798,1124,1383,1997
1552: 578,1653,807,638,876,220,262,1440,928,1633,1260,2003,1141,1591,1575,760,1417,253,1355,181,426
1553: 645,450
1554: 1399,1120,1476,319,1250,1650,1004,1738,590,144,816,1855,1024,527,1123,2010,985,473,170,1641,1760,233,1190,1670,1446,963,1309,559
1555: 358,1000,478,836,1350,573,264,653,362,2006,1494,1152,1529,1697,1303,1518,633,561,1035,176,1811,594
1556: 1268
1629: 
1558: 1840,1027,1184,1577,618,2018,1746,682,844,1356,1983,1322,541,804,1150,814,1737,1750,1159,183,831,493