0: 1245
1: 
2: 1515,1162
1842: 
1687: 244,194,1679,352
5: 
6: 1925
7: 567,1224,58,1221,26,514,193,1863,314,86,1338,2013,1409,141,12,582,1455,1073,227,1225,1764,1570,1541,777,1810,1496,1331,1857
8: 795,1625,1970,384,341,1748
9: 1185,261,2001,390,920,78,1769
10: 
1781: 1342,1479,1128,1484,1756,1249,786,1943,1419,1045,670,477,1968,2019,1977,958,1099,41
12: 567,1224,1019,1221,26,193,1863,314,7,1338,2013,1409,141,582,1455,1073,227,1764,1570,1541,1265,777,1810,1496,1331,1857
13: 862,122,1965,1974,130,1138,1401,1622,1452,2015,34,121,769,718
14: 
15: 
16: 1439,1963,708,126,1683
17: 1411,451
18: 1330,1724,1714,701,2016,1381,1725,1295,597
19: 1373
1718: 1306,501,1248,1744,268
21: 
22: 1858,882,263,662,1124,2004,1579,1383,361
23: 312,679
24: 
25: 188,810,1743,367
26: 567,58,193,1863,314,7,2013,1409,12,582,1073,842,227,663,1764,1570,1541,1265,777,1810,1496,1331
27: 
28: 
1694: 
30: 178,1371,331,1288,1971,2009,1528,1614,779,1534,225,1892,503,462,403,317
1703: 
32: 1773,232
33: 
34: 1360,971,72,1562,797,1452,1852,1883,2015,469,121,769,1121,1606,718,862,122,1974,13,1138,1401,1622
1852: 98,1360,971,72,1562,797,1452,1883,2015,34,469,121,1957,769,416,1121,267,1606,1926,718,862,122,1974,130,1138,1401,1622
36: 
37: 
38: 
39: 
40: 1372,1818
41: 1578,2019,1362,1083,179,1977,1568,1520,1540,958,294,962,435,1961,251,1099,180,1798,1088,855,1781,1342,1479,1128,1484,940,1756,1249,786,1943,1419,670,477,1968
42: 
43: 
1934: 
45: 1705,939,2001,713,390,1056,78,1276
46: 
47: 1210,1181,1589,1774,1079,2017,1319,1752,692,1394,1177,163,1280,1710
48: 53,1283,1251,1929
49: 1783,249,1216,850,1521,1029,1992,1736,1043,1923,208,655,1598,1257,1091,929,879,1060,2008,333
50: 
51: 1835
52: 917,1644
53: 48,1283,1251,1929
54: 1267,1186,222,1408,1052,669,134,1784,408,1837,785,2007,1001
55: 
56: 
57: 399
58: 567,1828,1019,26,514,193,1863,314,7,2013,141,842,1610,663,1225,1541,1265,777,1496,1331,1857
59: 793
60: 1443
61: 
62: 1997,263,662,1124,1077,2004,1972,112,1964,946,798,833
63: 
1794: 
65: 
66: 
1864: 
68: 1050,601
69: 
70: 
71: 1465
72: 98,1360,971,1562,797,1452,1852,1883,2015,34,469,121,1957,416,1121,532,1926
1735: 1826,279
74: 2011,313,136,1838,270,914,611,1433,184,1435,874,1103,528
75: 
76: 
77: 1800,2000,458,229,1204,870,307,394,217,409
78: 1160,1185,261,1705,939,2001,1799,713,390,942,1345,920,1056,924,9,1005,1276,45,1769
1744: 1306,501,1718,268
1746: 
81: 669,134,365,495,1784,1988,408,1837,785,1823,2007,1377,990,1318,1013,1186,1945,1408,1202,463,1052,1684
82: 
83: 863,1690,1210,1181,1589,1774,1860,1560,945,949,1079,156,1588,856,2017,1319
84: 1620,636,1503
85: 1182,1130,1698,152,754
86: 567,1828,1224,1019,514,7,1338,2013,141,1455,808,663,1225,1570,1541,777,1496,1857
87: 1339,1816,1921,1240,666,2002,387,129,535,1351,562,146,1308,499,172,1865,1046,1719,296
88: 
89: 1911,1716,1157,751
90: 
1966: 
92: 1040,128
93: 
1737: 1159,901,699,493,2018,203,541,682,1189,804,1150,183,506,1356,1577,618,1322,1027,1558
95: 1947,1057
96: 
97: 1872,1952,1535
98: 1360,971,72,1562,797,1852,1883,2015,1957,416,1121,267,1606,532,1926,718,1622
1750: 
100: 1598,1167,1257,1091,1275,929,1060,1896,2008,333,1042,1783,249,1216,1043,1923,208,655
1978: 
2006: 1529,478,487,1095,362,1237,264,573,1697,176,653,594,732,1555,1000,494,836,377,358,1518,934,1303,564,1350,1824,935
103: 
1925: 6,175
105: 
106: 1410
107: 
108: 
109: 818,1800,574,1770,2000,458,629,1602,1432,1204,1244,870,307,916,1819,394,635,1499,1993,1712,1728,217,339,237,903,1015,302,685
1833: 1292,1785,1761,321
111: 
112: 1997,662,1124,1077,2004,1972,1964,946,62,798,833
113: 
114: 
115: 171,1566
116: 
117: 1379,1941
118: 556,927,288
1725: 1330,18,1724,1714,701,2016,1228,1381,1295,597
120: 876,1417,1552,236,1141,253,1023,1355,558,1653,578,2003,928,1969,638,491,1591,426,200,1260,760
121: 971,72,1562,797,1452,1852,1883,2015,34,1957,416,1121,267,1606,532,1926,718,201,862,122,1965,1974,130,13,904,1401,1622
122: 201,862,1965,1974,130,13,1138,904,1401,1622,971,1562,797,1452,1852,1883,2015,34,121,1957,769,1121,267,1606,718
123: 1740,692,1394,1487,1177,163,1429,1280,1263,1710,1181,856,2017,1319
1673: 
125: 1064,634
126: 1963,708,16,1683
1775: 
128: 92,1040
129: 1339,1921,1240,666,2002,387,535,1351,562,146,87,1308,499,1659,1046,1719,296
130: 201,862,122,1965,1974,13,904,1401,1622,971,1452,1852,1883,2015,121,1957,267,1606,1926,718
131: 1587,1901,2014,1475,1118,650,555,1215,1300,1879,1611,1825,448,247,1938
132: 635,1499,1712,1728,217,339,237,903,1015,302,409,685,2000,458,870,394
133: 1721,1812,792
134: 669,495,1784,1988,408,1837,785,2007,1377,81,1318,1001,54,1186,1408,463,1052
135: 
136: 2011,313,1469,914,611,1435,874,1284,74,1103,1853,1708,528
137: 
138: 
139: 678
140: 
141: 567,1828,58,514,193,314,86,7,1338,2013,12,582,1455,842,227,1610,663,1225,1570,1541,777,1496,1331,1857
1963: 1439,708,126,16,1683
143: 
144: 1848,1250,1120,1933,1309,780,1123,936,1650,559,963,816,2010,170,985,948
145: 178,1371,1288,1971,2009,1528,1614,1049,779,727,1534,225,1892,343,462,403,1166,317
146: 1816,1240,666,2002,129,1351,562,378,87,499,172,1659,1719,296,273
1916: 
148: 
149: 
150: 
151: 456,415
152: 1182,1130,85,1698,754
1892: 343,462,403,1166,317,178,1371,331,30,145,2009,1614,1049,727,1534
154: 
155: 
156: 863,1589,1860,1560,945,949,856,2017,83,1319,1487,1429,1263
157: 1012,950,684
158: 1815
159: 
1957: 98,971,72,1562,797,1452,1852,1883,2015,121,416,1121,267,1606,532,1926,718,201,862,122,1965,1974,130,904,1401,1622
161: 
162: 
163: 1740,692,1394,1487,1177,123,1429,1280,1263,1710,1752,863,1210,1181,1589,1774,1860,945,949,1079,856,2017,1319,47
1810: 26,193,1863,314,7,2013,1409,12,582,1073,227,1764,1541,1496,1331
165: 1524,709,630
166: 1142,1135
167: 1542,1566
168: 
169: 
170: 1760,811,590,1399,319,1004,816,2010,527,221,1024,1554,1116,1190,1494,780,1123,936,1476,1650,599,963,1848,1250,1120,144,1309,473,985,948,1446,1738
171: 115,1566,1504,1542
172: 1816,1240,666,2002,1351,562,378,146,87,499,1865,1046,296,273
173: 
174: 
175: 1925
176: 1529,478,2006,487,1095,362,264,573,1697,594,732,1555,1000,494,836,377,1518,934,1350
177: 1055,453
178: 1371,331,1288,30,145,1971,2009,1528,1614,1049,779,1534,225,1892,343,503,462,403,1166,317
179: 1578,2019,1362,1083,1977,1568,1520,1540,958,294,962,698,435,1961,251,1099,1798,1088,41,1479,1419,477
180: 1578,2019,1362,1520,1540,958,294,962,435,1961,251,1798,855,41,1479,1943,1968
181: 1227
182: 
183: 1159,901,699,493,2018,625,1840,1737,203,541,1983,682,1189,804,831,1150,506,1356,1577,1322,1027,844,1558
184: 2011,313,1838,270,914,611,1433,1435,874,475,74
185: 628,1660,284
186: 
1975: 
188: 355,25,810,1743,367
2001: 1160,1185,261,1705,939,1799,713,1434,390,942,1345,920,933,1056,924,78,9,1787,1005,1276,1062,45,1769
190: 
191: 
192: 1859,730,1564,1533,414,351,1482,1956,2012,1948,1424,1763,821,293
193: 567,58,26,1863,314,7,2013,1409,141,12,582,1073,842,227,663,1225,1541,1265,1810,1496,1331
194: 1679,352,1687,244
195: 
196: 
1688: 
1995: 
199: 
200: 876,1552,236,120,1141,1355,1653,2003,1804,1575,1179,1591,426,760,220,807,1633
201: 862,122,1965,1974,130,904,1401,1622,971,1452,1883,2015,121,1957,267,1926
202: 
203: 1159,699,2018,625,1840,1737,1983,682,1189,804,831,1150,183,506,1356,1577
204: 627,433
205: 1516
206: 701,479,1953,2016,1228,1924,1713
207: 1918
208: 1783,49,249,1216,850,1521,1029,1736,1043,1923,655,1257,879,100,1060,2008,333
209: 723,1510,1631,584
1826: 1735,279
211: 347
1753: 944
213: 711
1803: 
1854: 860,1223,608,1593
216: 
217: 635,1499,1712,1728,339,237,903,302,409,132,685,818,1800,2000,458,109,629,77,229,1204,870,394
218: 
1675: 
220: 876,1552,236,1653,2003,1804,1575,638,1179,1591,426,200,807,1633
221: 1760,811,590,1399,319,1004,816,2010,527,1024,170,1554,430,1116,1190,1494,936,473,985,1446,1738
222: 1267,54,1013,687,1186,1408,463,1052,1684,1784,785,2007,1318,1001
223: 1307
224: 
225: 343,503,462,403,1166,317,178,1371,1288,30,145,1971,2009,1528,1614,1049,779,1534
226: 1709,1959,764
227: 1221,26,193,314,7,2013,1409,141,12,582,1455,1073,1764,1541,1810,1496,1331
228: 
229: 818,1800,574,2000,458,77,1204,870,307,394,1712,1728,217,339,302,409
230: 
231: 680
232: 1773,32
233: 780,298,1214,1123,936,1641,1476,1650,599,559,1670,963,1250,1309,1760,811,1399,816,2010,430,1190,1494
234: 1731
1906: 
236: 876,1417,1552,120,1141,253,1023,1355,558,1653,578,2003,928,1804,1575,1440,638,1179,491,1591,426,200,1260,760,220,807,1633
237: 635,1499,1993,1712,1728,217,339,903,1015,302,409,132,685,818,1800,574,1770,2000,458,109,629,1602,1204,1244,870,307,916,1819,394
238: 1533,1895,414,2012,1948,1424,1332,1471,1256
239: 1172,1315,1563,2005,1191,1032,1407,1676,1233,286,1033,947
240: 1368
1766: 
242: 1385
1865: 1816,2002,87,172,1046,296
244: 1687,194,1679,352
245: 
246: 
247: 1611,1825,448,1938,1587,1901,2014,1475,650,555,1215,1300,131,1879
248: 703
249: 1783,49,1216,850,1521,1029,1992,1736,1043,1923,208,655,1598,1257,100,1060,2008,333
250: 
251: 1578,2019,1362,1083,179,1568,1520,1540,958,294,962,435,1961,1099,180,1798,855,41,1479,1128,786,1943,1968
252: 
253: 1552,236,120,1023,1355,558,578,2003,928,1804,1969,1440,638,491
254: 1321,1839,1279
255: 1996,1097,1370,568
256: 1626
257: 468,1546,1117,1696
258: 
259: 1639
1862: 1253
261: 1160,1185,2001,920,933,924,78,9,1005,1769
262: 
263: 882,1997,662,1124,1077,2004,1972,1579,1383,1964,946,62,361,798,1677,1858,22
264: 1529,478,2006,487,1095,362,1697,176,594,732,1555,1000,494,836,377,1518,1350
1884: 370,1940,1172,303,1315,2005,1032,1407,1676,1243,286,1033,947
266: 1904,800
267: 98,971,797,1852,1883,2015,121,1957,416,1606,1926,718,201,862,122,1974,130,904,1622
268: 1306,501,1718,1248,1744
269: 
270: 2011,1795,313,1469,914,611,1433,184,1435,874,1284,74,1103,1523,528
1774: 863,1690,1210,1181,1589,1860,1560,945,949,1079,1588,856,2017,83,1319,47,692,1394,1487,1177,163,1280,1263,1710
272: 
273: 1240,666,2002,562,378,146,499,172,1659,1719,296
274: 631
275: 
276: 1500,1501
277: 
278: 1460,1262
279: 1826,1735
1804: 876,1552,236,1141,253,1355,558,1653,578,2003,928,1575,1440,638,1179,491,1591,426,200,220,807,1633
281: 1985,987
282: 1287,787,673
1866: 
284: 185,1660,772
1882: 523,540,706
286: 370,1884,1940,1172,303,1315,239,1563,2005,1191,1032,1407,1676,1233,1243,1020,1033,947
287: 837
288: 556,927,118
289: 1436,1203
290: 
1736: 49,249,1216,850,1521,1029,1992,1043,1923,208,655,1257,2008
292: 1161,444,1517,1930
293: 1533,1895,351,1482,1956,2012,1424,821,1859,730,192
294: 1578,2019,1362,1083,179,1977,1568,1520,1540,958,962,698,435,1961,251,1099,180,1798,1088,855,41,1342,1479,1128,940,1756,786,1943,1419,477,1968
295: 
296: 1339,1816,1921,1240,666,2002,387,129,535,1351,562,378,146,87,1308,499,172,1659,1865,1046,1719,273
297: 
298: 233,780,1214,1123,1641,1476,1650,599,559,1670,963,1250,1309,1399,816,2010,430,1190
299: 
300: 918,633
301: 
302: 635,1712,1728,217,339,237,903,1015,409,132,685,818,1800,574,2000,458,109,229,1204,870,307,916,394
303: 370,1884,1940,1172,1315,2005,1191,1032,1407,286,1033
304: 
305: 
306: 1030,1458
307: 818,1800,574,2000,458,109,77,229,1432,1204,1244,870,916,394,635,1728,339,237,302
1938: 1611,1825,448,247,1587,2014,650,1215,1300,131,1879
1869: 1422
310: 500,1272
311: 
312: 679,23
313: 2011,1795,136,1469,1838,270,914,611,1433,184,1435,874,475,1284,74,1103,1523,1708
314: 567,58,26,193,1863,7,2013,1409,141,12,582,1455,1073,842,227,663,1225,1764,1570,1541,1265,777,1810,1496,1331,1857
1714: 1330,18,1724,701,2016,1381,1725,1295,597
1993: 635,1499,1728,237,903,1015,685,1770,2000,109,916,1819
317: 225,1892,343,503,462,403,1166,178,1371,1288,30,145,2009,1614,1049,779,1534
318: 
319: 1760,811,590,1399,1004,816,2010,527,221,170,1554,430,1116,1190,1494,1476,1670
320: 970
321: 1761,1655,1292,1785,1833
322: 
323: 
1902: 937
1733: 1888
326: 
1953: 1330,701,479,206,2016,1228,1924,1381,1295,597,1713
1851: 
329: 509,1844
330: 1797,369
331: 178,1371,30,1971,2009,1528,1614,1049,779,727,1534,1892,343
332: 
333: 1598,1167,1257,1091,1275,929,879,100,1060,1896,2008,1061,1042,1783,49,249,1216,850,1043,1923,208,655
334: 1301,1340
335: 
1708: 981,1523,1853,2011,1795,313,136,1469,914,611,874,1284,1103
337: 
338: 
339: 635,1499,1712,1728,217,237,903,1015,302,409,132,685,818,574,2000,458,109,229,870,307,916,394
340: 1672
341: 795,8,1625,1970,384,1748
1976: 
343: 225,1892,462,403,1166,317,178,1371,331,145,1971,2009,1614,1049,779,727,1534
344: 
1719: 1339,1816,1921,1240,666,2002,387,129,535,1351,562,146,87,1308,499,1659,296,273
1933: 1848,1250,1120,144,1309,780,936,1641,1476,599,559,963,811,1004,2010,1024,1494,985,948
347: 211
1911: 89,1716,1157
349: 366
350: 
351: 1564,1895,414,1482,1956,2012,1948,1424,1763,1471,821,1256,1599,293,1859,730,192
352: 194,1679,1687,244
1970: 795,8,1625,384,341,1748
354: 
355: 188,810,1743,367
356: 
357: 
358: 2006,1237,653,934,1303,564,1824,935
1796: 
360: 1194,1403,1026
361: 882,1997,263,662,1124,2004,1972,1579,1383,946,798,1677,1858,22
362: 1529,478,2006,487,1095,264,573,1697,176,594,732,1555,1000,494,836,377,1518,934,1303,564,1350,1824,935
363: 
364: 
365: 669,495,1988,408,1837,785,1823,2007,1377,81,990,1318,1013,687,1186,1945,1202,463,1052,1684
366: 445,349
367: 188,355,25,810,1743
1676: 370,1884,1940,1172,1315,239,1563,2005,1191,1032,1407,1233,1243,1020,286,1033,947
369: 1797,330
370: 1884,1940,1172,303,1315,2005,1032,1407,1676,1233,1243,286,1033,947
1838: 2011,313,611,1433,184,1435,874,475,74
372: 428,395
1893: 1293,1139
374: 
1913: 576,1927,1232
376: 1822
377: 1529,2006,487,1095,362,264,573,1697,176,594,732,1555,1000,494,1518,564,1350
378: 1240,2002,562,146,172,1659,296,273
379: 
1901: 1587,2014,1475,1118,650,555,1215,1300,131,1879,1611,247
381: 566,1127
382: 1180,1844
383: 1888
384: 795,8,1625,1970,341,1748
1974: 201,862,122,1965,130,13,1138,904,1401,1622,971,1452,1852,2015,34,121,1957,267,1606,718
1715: 621,976
387: 1339,1921,1240,666,2002,129,535,1351,87,1308,499,1719,296
1713: 597,701,479,1953,206,2016,1228,1924,1381,1295
389: 
390: 1185,1705,939,2001,713,920,1056,78,9,1005,1276,45,1769
391: 
392: 
393: 1605
394: 818,1800,574,1770,2000,458,109,629,77,229,1204,1244,870,307,916,1819,635,1499,1712,1728,217,339,237,903,1015,302,409,132,685
395: 372,968
396: 450,1427
1782: 
1730: 1054
399: 57
400: 
401: 
402: 
403: 225,1892,343,503,462,1166,317,178,1371,1288,30,145,2009,1614,1049,779,1534
404: 
405: 
406: 
1958: 822
408: 669,134,365,495,1784,1988,1837,785,1823,2007,1377,81,1318,1001,1267,54,1013,1186,1945,1408,1202,463,1052,1684
409: 1712,1728,217,339,237,903,302,132,685,818,2000,458,77,229,1204,870,394
410: 747,1075,890
411: 
412: 
413: 
414: 1564,1895,351,1482,1956,2012,238,1948,1424,1763,1332,1471,821,1256,1599,1859,192
415: 456,151
416: 98,1360,971,72,1562,797,1852,1883,2015,121,1957,1121,267,1606,532,1926
417: 
418: 
419: 
420: 
1930: 1161,444,292,1517
1894: 613,596
423: 1873,1343
1937: 
425: 
426: 876,1417,1552,236,120,1141,1355,558,1653,578,2003,1804,638,1179,491,1591,200,1260,760,220,807,1633
427: 1258
428: 372
1956: 1564,1533,1895,414,351,1482,2012,1948,1424,1763,1332,1471,821,1256,1599,293,1859,730,192
430: 1760,811,590,1399,319,1004,816,2010,221,1190,1494,233,298,1123,1476,1670
431: 1223,1593,759
432: 
433: 627,204
1939: 1772,461,1497
435: 1578,2019,1362,179,1568,1520,1540,958,294,962,1961,251,180,1798,855,41,1968
436: 
437: 
438: 
439: 
440: 1395,1406
441: 530
1716: 89,1911,1157
443: 
444: 1161,292,1517,1930
445: 366,1664
446: 1821,1527,719,851,1425
447: 
448: 1611,1825,247,1938,1587,2014,650,555,1215,1300,131
449: 
450: 396,1427
451: 17,1411
452: 
453: 1055,177
454: 1201
455: 983,1761,1785
456: 415,151
457: 
458: 818,1800,574,1770,2000,109,629,77,229,1432,1204,1244,870,307,916,394,635,1712,1728,217,339,237,903,302,409,132,685
459: 
460: 1171
461: 1772,1497,1939
462: 225,1892,343,503,403,1166,317,178,1371,1288,30,145,2009,1614,1534
463: 1267,1013,687,1186,222,1945,1408,1202,1052,1684,669,134,365,495,1784,1988,408,1837,785,1823,2007,1377,81,990,1318,1001
464: 1905,1664
465: 1354
466: 612
1945: 1267,1013,687,1186,1408,1202,463,1052,1684,669,365,495,408,785,1823,2007,81,990,1318
468: 257,1546,1117,1696
469: 1360,72,1562,797,1452,1852,2015,34,769,1121,718
470: 1637
471: 
472: 
473: 985,948,1446,1738,811,590,816,2010,527,221,170,1554,1116
474: 
475: 2011,313,1838,1433,184,1435,874
476: 607
477: 1781,1342,1479,1128,940,1756,786,1903,1419,1045,670,2019,1083,179,1977,1520,958,294,698,1099,1088,41
478: 1529,2006,487,1095,362,1237,264,573,176,653,594,732,1555,1000,494,836,1518,934,1303,564,1824,935
479: 701,1953,206,2016,1228,1924,1381,1295,597,1713
480: 
481: 
482: 
1710: 1740,692,1394,1487,1177,123,163,1429,1280,1263,863,1690,1210,1181,1589,1774,1860,1560,945,949,1079,856,2017,1319,47
1980: 
485: 
486: 
487: 1529,478,2006,1095,362,264,573,1697,176,594,732,1555,1000,494,836,377,1518,1350,1824,935
1879: 1587,1901,2014,1475,1118,650,555,1215,1300,131,1611,1825,247,1938
1787: 1705,939,2001,1799,713,1434,942,1345,933,1056,924,1005,1276,1062
490: 
491: 876,1417,1552,236,120,253,1023,1355,558,1653,578,2003,928,1804,1969,1440,638,1179,1591,426,1260,760
492: 
493: 1159,901,699,2018,1737,541,682,1189,804,1150,1514,183,1577,618,1322,1027,844,1558
494: 1529,478,2006,487,1095,362,1237,264,573,1697,176,594,732,1555,1000,836,377,1518,934,1303,564,1350,1824,935
495: 669,134,365,1784,1988,408,1837,785,1823,2007,1377,81,990,1318,1945,463,1684
496: 
497: 572
1968: 1781,1342,1479,1128,1484,940,1756,1249,786,1943,1419,1578,2019,1362,1083,1977,1520,958,294,435,1961,251,1099,180,1798,855,41
499: 1816,1921,1240,666,2002,387,129,535,1351,562,146,87,1308,172,1659,1046,1719,296,273
500: 310
501: 1306,1718,1248,1744,268
502: 
503: 225,462,403,317,178,1371,1288,30,2009,1528,1534
504: 
2010: 1760,811,590,1399,319,1004,816,527,221,1024,170,1554,430,1116,1190,1494,233,780,298,1214,1123,936,1641,1476,1650,599,559,1670,963,1848,1250,1120,144,1933,1309,473,985,948,1446,1738
506: 1356,1577,1159,901,699,2018,625,1737,203,541,682,1189,804,831,1150,183,1558
1759: 
1770: 1800,574,2000,458,109,629,1602,1432,1204,1244,916,1819,394,635,1499,1993,1728,237,685
509: 329
510: 
511: 787,673
1697: 2006,487,1095,362,264,176,594,1555,1000,494,836,377,1518,1350
513: 937
514: 567,1828,1019,58,86,7,1338,2013,141,1455,1610,808,663,1225,1570,1541,777,1496,1857
515: 765,712
516: 1729,688,771,1384,675,1508,1950
517: 728
518: 
519: 1301,1340,1734,1146
520: 
1849: 943
1977: 2019,1083,179,1568,1520,1540,958,294,698,1961,1099,1088,41,1781,1479,1128,940,1756,786,1903,1419,670,477,1968
523: 540,1882,706
524: 1874,765,1365
525: 
526: 656
527: 1760,811,590,1399,319,1004,816,2010,221,170,1554,1116,1190,936,473,985,948,1446,1738
528: 981,1523,1853,2011,136,1469,270,914,611,1435,74,1103
529: 
530: 441
531: 
532: 98,1360,971,72,797,1883,2015,121,1957,416,1121,1926
533: 1107
534: 
535: 1339,1816,1921,1240,2002,387,129,1351,87,1308,499,1046,1719,296
1682: 570
2003: 876,1417,1552,236,120,1141,253,1023,1355,558,1653,578,928,1804,1575,1969,1440,638,1179,491,1591,426,200,1260,760,220,807,1633
538: 
539: 
540: 523,1882,706
541: 1159,901,699,493,2018,625,1737,682,1189,804,1150,1514,183,506,1356,1577,618,1322,1027,844,1558
1789: 
543: 
544: 
1768: 
546: 
547: 552,1707,892
548: 
549: 1780,909
1997: 882,263,662,1124,1077,2004,1972,112,1579,1964,946,62,361,798,1677,1858,833
551: 999,737
552: 547,1707,892,781
553: 
554: 
555: 1587,1901,2014,1475,1118,650,1215,1300,131,1879,1611,448,247
556: 927,288,118
557: 
558: 876,1552,236,120,1141,253,1023,1355,1653,578,2003,928,1804,1575,1969,1440,638,1179,491,1591,426,1260,807
559: 233,780,298,1214,1123,936,1641,1476,1650,599,1670,963,1848,1250,144,1933,1309,2010,1190
560: 1283,1251,1929
561: 1855
562: 1339,1816,1240,666,2002,129,1351,378,146,87,1308,499,172,1659,1046,1719,296,273
1727: 1097,1370
564: 1529,478,2006,362,573,653,594,732,494,377,358,1303,1350,935
565: 
566: 1127,381
567: 1828,1224,1019,58,26,514,193,1863,314,86,7,1338,2013,141,12,582,842,1610,808,663,1225,1764,1570,1541,1265,777,1496,1857
568: 1996,255
2013: 567,1828,1224,1019,58,1221,26,514,193,1863,314,86,7,1338,1409,141,12,582,1455,1073,842,227,1610,808,663,1225,1764,1570,1541,1265,777,1810,1496,1331,1857
570: 1682
571: 
572: 497
573: 1529,478,2006,487,1095,362,176,594,732,1555,494,377,1303,564,1350,935
574: 818,1800,1770,2000,458,109,629,229,1602,1432,1204,1244,870,307,916,1819,394,635,1712,1728,339,237,302
575: 1025
576: 1913,1927,1232
1690: 1210,1181,1589,1774,1860,1560,945,949,1079,1588,2017,83,1319,1710
578: 876,1417,1552,236,120,1141,253,1023,1355,558,1653,2003,928,1804,1969,638,1179,491,1591,426,1260,760
579: 1187,1982
580: 614
1830: 
582: 567,1224,1221,26,193,1863,314,7,2013,1409,141,12,1455,1073,227,1764,1570,1541,777,1810,1496,1331
1910: 697
584: 1631,209
585: 1640
586: 1047
587: 
588: 1806
1829: 
590: 1760,811,1399,319,1004,816,2010,527,221,1024,170,1554,430,1116,1190,1494,1123,936,1476,1650,1670,963,473,1446
591: 1437,1532,1525
592: 
593: 1358
594: 1529,478,2006,487,1095,362,264,573,1697,176,732,1555,1000,494,377,1518,564,1350,935
595: 
596: 613,1894
597: 1713,18,1714,701,479,1953,2016,1381,1725,1295
598: 
599: 233,780,298,1214,1123,936,1641,1476,1650,559,1670,963,1848,1250,1933,1309,1760,811,1004,816,2010,1024,170,1190,1494,985
600: 1991
601: 1050,68
2012: 1564,1533,1895,414,351,1482,1956,238,1948,1424,1763,1332,1471,821,1256,1599,293,1859,730,192
603: 1954,1164
604: 751,1352
605: 1573
606: 
607: 476,1428,805
608: 860,1223,1593,1854
1929: 48,53,1283,1251,560
610: 1317,932
611: 2011,313,136,1469,1838,270,914,1433,184,1435,874,1284,74,1103,1523,1853,1708,528
612: 466
613: 1894,596
614: 580
615: 
616: 
617: 
618: 1322,1027,844,1159,901,493,2018,1737,541,804,1514,1577,1558
619: 
620: 896,857,1914,731,875
621: 1715,976
622: 
1859: 730,192,1564,1533,414,351,1482,1956,2012,1424,1763,821,293
624: 1067,1421
625: 1159,901,699,2018,1840,203,541,1983,682,1189,831,1150,183,506,1356
626: 1477
627: 433,204
628: 185,1660
629: 1800,574,1770,2000,458,109,1602,1432,1204,1244,870,916,1819,394,635,1499,1728,217,237,685
630: 1524,709,165
631: 274
632: 
633: 918,300
634: 1064,125
635: 1499,1993,1712,1728,217,339,237,903,1015,302,132,685,818,574,1770,2000,458,109,629,1602,1204,1244,870,307,916,1819,394
636: 1620,84,1503
637: 1721,1812,792
638: 1552,236,120,253,1023,1355,558,1653,578,2003,928,1804,1575,1969,1440,1179,491,1591,426,220,807
1855: 561
1844: 329,1180,382
641: 
642: 775
643: 
1712: 635,1499,1728,217,339,237,903,1015,302,409,132,685,818,574,2000,458,109,229,870,394
645: 728
1920: 
1828: 567,1019,58,514,86,1338,2013,141,1610,808,663,1225,1570,1541,1265,777,1496,1857
1943: 1781,1342,1479,1128,1484,1756,1249,786,1419,1968,1578,2019,958,294,962,1961,251,1099,180,1798,855,41
649: 
650: 1587,1901,2014,1475,555,1215,131,1879,1611,448,247,1938
651: 657
1922: 
653: 478,2006,1237,732,358,934,1303,564,1824,935
654: 661
655: 1783,49,249,1216,850,1521,1029,1992,1736,1043,1923,208,1598,1257,1091,929,879,100,1060,1896,2008,333,1042
656: 526
657: 651
1795: 2011,313,270,914,1433,1284,1103,1523,1708
659: 
660: 
661: 654
662: 882,1997,263,1124,1077,2004,1972,112,1579,1383,1964,946,62,361,798,1858,833,22
663: 567,1828,1019,58,26,514,193,1863,314,86,2013,141,842,1610,808,1225,1541,1265,777,1496,1857
664: 
1921: 1339,1816,2002,387,129,535,1351,87,1308,499,1046,1719,296
666: 1339,1240,2002,387,129,1351,562,146,87,1308,499,172,1659,1719,296,273
1748: 795,8,1625,1970,384,341
668: 957
669: 134,365,495,1784,1988,408,1837,785,1823,2007,1377,81,990,1318,1001,54,1186,1945,1408,1202,463,1052,1684
670: 1781,1342,1479,1128,1484,940,1756,1249,786,1903,1419,1045,477,2019,1083,1977,1099,1088,41
671: 
672: 
673: 282,511,787
1806: 588
675: 1623,1508,1950,1729,688,516,771,1384
676: 
677: 
678: 139
679: 312,23
680: 231
681: 
682: 1159,901,699,493,2018,625,1840,1737,203,541,1983,1189,804,831,1150,1514,183,506,1356,1322,1027,844
683: 1247,1066
684: 157,1012,950
685: 635,1499,1993,1712,1728,217,339,237,903,1015,302,409,132,1770,2000,458,109,629,1204,870,1819,394
686: 
687: 1267,1013,1186,222,1945,1408,1202,463,1052,1684,365,785,2007,990,1318
688: 1729,516,1384,675,1508,1950
689: 
690: 
691: 
692: 1394,1177,123,163,1280,1710,1752,1210,1181,1774,1079,2017,47
693: 1420
694: 
695: 918,1811,1404
696: 1904,800
697: 1910
698: 2019,1083,179,1977,1568,1520,1540,294,1961,1099,1088,940,477
699: 1159,493,2018,625,1840,1737,203,541,1983,682,1189,804,831,1150,1514,183,506,1356,1577,1027
700: 
701: 1330,18,1724,1714,479,1953,206,2016,1228,1924,1381,1725,1295,597,1713
2009: 178,1371,331,1288,30,145,1971,1528,1614,1049,779,727,1534,225,1892,343,503,462,403,1166,317
703: 248
704: 
705: 
706: 523,540,1882
707: 
708: 1963,126,16,1683
709: 1524,630,165
710: 
711: 213,1657
712: 765,515,1365,1702
713: 1185,1705,939,2001,1799,1434,390,942,1345,1056,924,78,1787,1005,1276,45
2011: 1795,313,136,1469,1838,270,914,611,1433,184,1435,874,475,1284,74,1103,981,1523,1853,1708,528
715: 
716: 
717: 
718: 98,1360,971,1562,797,1452,1852,1883,2015,34,469,121,1957,769,1121,267,1606,1926,862,122,1974,130,13,1138,904,1401,1622
719: 1821,1527,851,1425,446
720: 881,1891
1941: 1379,117
722: 
723: 1510,209,1747
1773: 232,32
725: 1247,1066
1887: 1674
727: 1371,331,145,1971,2009,1614,1049,779,1534,1892,343,1166
728: 645,517
729: 
730: 1859,192,1533,351,1482,1956,2012,821,293
731: 1914,875,896,620,857
732: 1529,478,2006,487,1095,362,264,573,176,653,594,1000,494,836,377,934,1303,564,1824,935
733: 
1717: 
735: 
1983: 699,2018,625,1840,203,682,1189,831,1150,183
737: 551,999
738: 
739: 
740: 1111
741: 
1848: 1250,1120,144,1933,1309,780,936,1650,599,559,963,811,2010,1024,170,985,948,1446
743: 
744: 
745: 1281
746: 
747: 410,1075,890
748: 1396
749: 1481
750: 887,1192,1936
751: 1157,604,1352,89
752: 
753: 1282
754: 1182,1130,85,1698,152
755: 
756: 
757: 
758: 
759: 431
760: 876,1417,1552,236,120,1141,1023,1355,1653,578,2003,1969,491,1591,426,200,1260
761: 796,886
762: 
763: 1220
764: 1959,226
765: 515,712,1365,1702,524,1874
766: 
1870: 
1700: 
769: 1452,1852,2015,34,469,1121,718,122,13,1138,1401
770: 1616,1498
771: 1729,516,1384,675,1950,1096
772: 284
773: 
774: 
775: 642
776: 
777: 567,1828,1224,1019,58,26,514,1863,314,86,7,1338,2013,141,12,582,1455,1073,842,1610,808,663,1225,1764,1570,1541,1265,1496,1857
2015: 98,1360,971,72,1562,797,1452,1852,1883,34,469,121,1957,769,416,1121,267,1606,532,1926,718,201,862,122,1965,1974,130,13,1138,904,1401,1622
779: 178,1371,331,1288,30,145,1971,2009,1528,1614,1049,727,1534,225,343,403,317
780: 233,298,1214,1123,936,1641,1476,1650,599,559,963,1848,1250,1120,144,1933,1309,811,2010,1024,170,1190,1494,985,948
781: 552,1707,892
1769: 1160,1185,261,2001,390,920,924,78,9,1005
783: 
1684: 1267,1013,687,1186,222,1945,1408,463,1052,669,365,495,1784,1988,408,785,2007,81,990,1318,1001
785: 669,134,365,495,1784,1988,408,1837,1823,2007,1377,81,990,1318,1001,1267,54,1013,687,1186,222,1945,1408,1202,463,1052,1684
786: 1781,1342,1479,1128,1484,940,1756,1249,1943,1903,670,477,1968,2019,1083,1977,1520,294,1961,251,1099,1798,1088,41
787: 282,1287,511,673
1891: 881,720
789: 967
790: 
791: 
792: 133,1721,1812,637
793: 59
794: 1451
795: 8,1625,1970,384,341,1748
796: 761,886
797: 98,1360,971,72,1562,1452,1852,1883,2015,34,469,121,1957,416,1121,267,1606,532,1926,718,862,122,1401,1622
798: 1677,1858,833,882,1997,263,662,1124,2004,112,1579,1964,946,62,361
799: 
800: 1904,266,696
1761: 455,1655,321,1292,1785,1833
1738: 473,985,948,1446,2010,527,221,170,1554,1116
803: 
804: 1159,901,699,493,2018,1737,203,541,682,1189,1150,1514,183,506,1356,1577,618,1322,1027,844,1558
805: 1428,607
806: 
807: 876,1552,236,1141,1355,558,1653,2003,1804,1575,1440,638,1179,1591,426,200,220,1633
808: 567,1828,1019,514,86,2013,1610,663,1225,777,1857
1699: 
810: 188,355,25,1743,367
811: 1760,590,1399,319,1004,816,2010,527,221,1024,170,1554,430,1116,1190,1494,233,780,1123,936,1476,1650,599,1670,963,1848,1250,1120,1933,1309,473,985,948,1446
812: 
813: 
814: 
815: 
816: 1760,811,590,1399,319,1004,2010,527,221,1024,170,1554,430,1116,1190,1494,233,298,1123,936,1476,1650,599,1670,963,1250,144,1309,473,985,948,1446
817: 
818: 1800,574,2000,458,109,229,1204,1244,870,307,916,394,635,1712,1728,217,339,237,302,409
819: 
820: 
821: 1564,1533,1895,414,351,1482,1956,2012,1948,1424,1763,1471,1256,1599,293,1859,730,192
822: 1958
823: 
824: 
2017: 863,1690,1210,1181,1589,1774,1860,1560,945,949,1079,156,1588,856,83,1319,47,1752,1740,692,1394,1487,1177,123,163,1429,1280,1263,1710
826: 1153
827: 
1757: 
829: 
830: 
831: 1159,699,2018,625,1840,203,1983,682,1189,1150,183,506,1356
832: 
833: 798,1677,882,1997,662,1124,2004,112,1579,1964,946,62
834: 
1729: 688,516,771,1384,675,1508,1950
836: 478,2006,487,1095,362,1237,264,1697,176,732,1555,1000,494,1518,934,1824,935
837: 287
1985: 281,987
839: 
1984: 
841: 
842: 567,1019,58,26,193,1863,314,2013,141,1610,663,1225,1541,1265,777,1496,1331
843: 
844: 618,1322,1027,1159,901,493,2018,541,682,1189,804,1150,1514,183,1558
1955: 
1758: 997
1702: 765,712,1365
2004: 882,1997,263,662,1124,1077,1972,112,1579,1383,1964,946,62,361,798,1677,1858,833,22
1816: 1921,2002,535,1351,562,146,87,1308,499,172,1865,1046,1719,296
850: 1783,49,249,1216,1521,1992,1736,1043,1923,208,655,1598,1257,1091,929,879,1060,2008,333
851: 1821,1527,719,1425,446
852: 
853: 
854: 
855: 1578,2019,958,294,962,435,251,180,1798,41,1342,1479,1943,1419,1968
856: 863,1181,1589,1774,1860,1560,945,949,156,2017,83,1319,1740,1394,1487,1177,123,163,1429,1280,1263,1710
857: 896,620,1914,731,875
858: 1325,1431
1821: 1527,719,851,1425,446
860: 608,1593,1854
861: 1071
862: 201,122,1965,1974,130,13,1138,904,1401,1622,971,797,1452,1852,1883,2015,34,121,1957,1121,267,1926,718
863: 1181,1589,1774,1860,1560,945,949,156,856,2017,83,1319,1740,1394,1487,1177,163,1429,1263,1710
864: 1507,1553
865: 
866: 
867: 1122,1028
868: 
1950: 675,1508,1729,688,516,771,1384
870: 818,1800,574,2000,458,109,629,77,229,1204,1244,307,394,635,1712,1728,217,339,237,903,302,409,132,685
871: 
1740: 1394,1487,1177,123,163,1429,1280,1263,1710,863,945,949,856,2017,1319
873: 
874: 2011,313,136,1469,1838,270,914,611,1433,184,1435,475,1284,74,1708
875: 1914,731,896,620,857
876: 1417,1552,236,120,1141,1355,558,1653,578,2003,1804,1179,491,1591,426,200,1260,760,220,807,1633
877: 
1785: 1292,1833,1761,455,321
879: 1598,1167,1257,1091,1275,929,1896,2008,1061,333,1042,1783,49,850,1043,1923,208,655
880: 
881: 1891,720
882: 1997,263,662,1124,2004,1972,1579,1383,946,361,798,1677,1858,833,22
1972: 882,1997,263,662,1124,1077,2004,112,1383,1964,946,62,361
884: 
885: 
886: 761,796
887: 750,1192,1936
1895: 1533,414,351,1482,1956,2012,238,1948,1424,1763,1332,1471,821,1256,1599,293
889: 
890: 410,747,1075
1709: 226
892: 552,547,1707,781
893: 1944
894: 
1728: 635,1499,1993,1712,217,339,237,903,1015,302,409,132,685,818,1800,574,1770,2000,458,109,629,229,1204,1244,870,307,916,1819,394
896: 620,857,1914,731,875
897: 
898: 1850
899: 1100
1960: 
901: 493,2018,625,1737,541,682,1189,804,1150,183,506,1356,1577,618,1322,1027,844,1558
902: 
903: 635,1499,1993,1712,1728,217,339,237,1015,302,409,132,685,2000,458,109,870,1819,394
904: 201,862,122,1965,1974,130,1401,1622,971,2015,121,1957,267,1606,1926,718
905: 
906: 1104
2007: 669,134,365,495,1784,1988,408,1837,785,1823,1377,81,990,1318,1001,1267,54,1013,687,1186,222,1945,1408,1202,463,1052,1684
1853: 981,1523,1708,528,2011,136,1469,914,611,1284,1103
909: 549
1832: 
911: 
912: 
913: 
914: 2011,1795,313,136,1469,270,611,1433,184,1435,874,1284,74,1103,1523,1853,1708,528
1764: 567,1224,1221,26,1863,314,7,1338,2013,1409,12,582,1455,1073,227,1570,1541,777,1810
916: 818,574,1770,2000,458,109,629,1602,1204,1244,307,1819,394,635,1499,1993,1728,339,237,1015,302
917: 52,1644,1444
918: 695,1404,633,300
1959: 764,226
920: 1160,1185,261,939,2001,1799,390,1345,933,1056,924,78,9,1005,1276,1769
1986: 
922: 
923: 
924: 1160,1185,261,2001,1799,713,942,1345,920,933,1056,78,1787,1005,1276,1062,1769
925: 
926: 1078,1856
927: 556,288,118
928: 1552,236,120,253,1023,1355,558,1653,578,2003,1804,1575,1969,1440,638,491
929: 1598,1167,1257,1091,879,100,1060,1896,2008,1061,333,1042,1783,49,1216,850,1043,1923,655
930: 
1856: 1845,1078,926
932: 1317,610
933: 1160,261,2001,1799,942,1345,920,1056,924,1787,1005,1276,1062
934: 1529,478,2006,1095,362,1237,176,653,732,1555,1000,494,836,358,1518,1303,1350,1824,935
935: 1529,478,2006,487,1095,362,1237,573,653,594,732,1000,494,836,358,934,1303,564,1824
936: 233,780,1123,1641,1476,1650,599,559,963,1848,1250,1120,144,1933,1309,1760,811,590,1399,1004,816,2010,527,221,1024,170,1554,1116,1190,1494,985,948,1446
937: 513,1902
938: 
939: 1705,2001,713,1434,390,1345,920,1056,78,1787,1276,1062,45
940: 1479,1128,1756,1249,786,1903,670,477,1968,2019,1083,1977,1568,1520,294,698,1961,1099,1088,41
941: 
942: 1160,1185,2001,1799,713,1345,933,1056,924,78,1787,1005
943: 1849
944: 1753
945: 863,1690,1210,1181,1589,1774,1860,1560,949,1079,156,856,2017,83,1319,1740,1487,1177,163,1280,1263,1710
946: 882,1997,263,662,1124,1077,2004,1972,112,1579,1383,1964,62,361,798,1677,833
947: 370,1884,1940,1172,1315,239,1563,2005,1032,1407,1676,1233,1243,1020,286,1033
948: 473,985,1446,1738,780,1123,936,1650,963,1848,1250,1120,144,1933,1309,811,816,2010,527,1024,170,1116,1190
949: 863,1690,1210,1181,1589,1774,1860,1560,945,1079,156,1588,856,2017,83,1319,1740,1394,1487,1177,163,1429,1263,1710
950: 157,1012,684
951: 
952: 
1807: 
954: 
1850: 898
956: 
957: 668
958: 1578,2019,1362,1083,179,1977,1568,1520,1540,294,962,435,1961,251,1099,180,1798,855,41,1781,1342,1479,1128,1943,1419,477,1968
959: 
1701: 
961: 
962: 1578,2019,179,1540,958,294,435,251,180,1798,855,41,1943
963: 233,780,298,1214,1123,936,1641,1476,1650,599,559,1670,1848,1250,1120,144,1933,1309,1760,811,590,1399,1004,816,2010,1024,170,1116,1190,1494,985,948,1446
964: 
965: 
966: 
967: 789
968: 395
969: 
970: 320
971: 98,1360,72,1562,797,1452,1852,1883,2015,34,121,1957,416,1121,267,1606,532,1926,718,201,862,122,1974,130,904,1401,1622
1965: 201,862,122,1974,130,13,1138,904,1401,1622,1452,2015,121,1957
973: 
974: 
975: 
976: 1715,621
977: 
978: 
979: 
980: 
981: 1523,1853,1708,528,2011,1469,1103
982: 
983: 455
984: 
985: 473,948,1446,1738,780,1123,936,1476,1650,599,963,1848,1250,1120,144,1933,1309,1760,811,1004,816,2010,527,221,1024,170,1554,1116,1190,1494
986: 
987: 1985,281
988: 
1889: 
990: 669,365,495,1784,1988,785,1823,2007,1377,81,1318,1013,687,1945,1202,463,1052,1684
991: 
992: 
1999: 
994: 1196
995: 
1797: 369,330
997: 1758
1874: 524,765,1365
999: 551,737
1000: 1529,478,2006,487,1095,362,264,1697,176,594,732,1555,494,836,377,1518,934,1824,935
1001: 669,134,1784,1988,408,1837,785,2007,1318,1267,54,1186,222,1408,463,1052,1684
1904: 266,800,696
1681: 1954
1004: 1760,811,590,319,816,2010,527,221,1024,170,1554,430,1116,1190,1494,936,1476,599,963,1933,1309,985,1446
1005: 1160,1185,261,1705,2001,1799,713,1434,390,942,1345,920,933,1056,924,78,1787,1276,1769
1006: 1268,1590,1239
1952: 1872,97
1008: 
1009: 
1677: 798,1858,833,882,1997,263,1124,2004,1579,946,361
1011: 
1012: 157,950,684
1013: 1267,687,1186,222,1945,1408,1202,463,1052,1684,365,408,1837,785,2007,81,990,1318
1014: 1668
1015: 635,1499,1993,1712,1728,339,237,903,302,132,685,2000,109,916,1819,394
1016: 1441
1017: 
1763: 1564,1895,414,351,1482,1956,2012,1948,1424,1332,1471,821,1256,1599,1859,192
1019: 567,1828,1224,58,514,1863,86,2013,12,842,1610,808,663,1225,1570,1541,1265,777,1496,1857
1020: 1940,1563,2005,1032,1676,1233,1243,286,947
1021: 
1022: 
1023: 1417,1552,236,120,253,1355,558,1653,578,2003,928,1575,1969,1440,638,491,1591,760
1024: 1760,811,590,1004,816,2010,221,170,1554,1116,1190,1494,780,1123,936,1476,599,963,1848,1250,1120,1933,1309,985,948,1446
1025: 1048,575
1026: 360,1194,1403
1027: 618,1322,844,1159,901,699,493,2018,1737,541,682,1189,804,1514,183,1577,1558
1028: 867,1122
1029: 49,249,1216,1521,1736,208,655,2008
1030: 306,1458
1903: 1128,940,1756,1249,786,1045,670,477,2019,1083,1977,1099,1088
1032: 370,1884,1940,1172,303,1315,239,1563,2005,1407,1676,1233,1243,1020,286,1033,947
1033: 370,1884,1940,1172,303,1315,239,1563,2005,1191,1032,1407,1676,1233,286,947
1034: 
1035: 
1036: 
1741: 
1038: 
1863: 567,1224,1019,58,26,193,314,7,2013,1409,12,582,1073,842,663,1764,1570,1541,1265,777,1810,1496,1857
1040: 92,128
1041: 
1042: 1598,1167,1257,1091,1275,929,879,100,1060,1896,2008,1061,333,1783,1043,1923,655
1043: 1783,49,249,1216,850,1521,1736,1923,208,655,1598,1167,1257,1091,1275,929,879,100,1060,1896,2008,333,1042
1044: 
1045: 1781,1342,1479,1128,1484,1756,1249,1903,1419,670,477,2019
1046: 1339,1816,1921,2002,129,535,1351,562,87,1308,499,172,1865,296
1047: 586
1048: 1663,1298,1025
1049: 178,1371,331,145,1971,2009,1528,1614,779,727,1534,225,1892,343,403,1166,317
1050: 68,601
1051: 
1052: 1267,54,1013,687,1186,222,1945,1408,1202,463,1684,669,134,365,1784,408,1837,785,2007,81,990,1318,1001
1053: 1967
1054: 1730
1055: 453,177
1056: 1160,1185,1705,939,2001,1799,713,1434,390,942,1345,920,933,924,78,1787,1005,1276,1062,45
1057: 95,1947
1058: 
1059: 
1060: 1598,1257,1091,929,100,1896,2008,333,1042,1783,49,249,1216,850,1521,1992,1043,1923,208,655
1061: 1167,1091,1275,929,879,1896,2008,333,1042,1923
1062: 939,2001,1799,1434,1345,933,1056,924,1787,1276
1875: 
1064: 125,634
1936: 750,887,1192
1066: 1247,683,725
1067: 1421,624,1335
1739: 
1069: 
1070: 
1071: 861
1072: 
1073: 1224,1221,26,193,1863,314,7,2013,1409,12,582,1455,227,1764,1570,1541,777,1810,1496,1331
1074: 
1075: 410,747,890
1979: 
1077: 1997,263,662,1124,2004,1972,112,1383,1964,946,62
1078: 1845,1856,926
1079: 1690,1210,1181,1589,1774,1860,1560,945,949,1588,2017,83,1319,47,692,1177,163,1280,1710
1080: 
1081: 
1082: 
1083: 2019,1362,179,1977,1568,1520,1540,958,294,698,1961,251,1099,1088,41,1479,1128,940,1756,786,1903,1419,670,477,1968
1792: 
1973: 
2002: 1339,1816,1921,1240,666,387,129,535,1351,562,378,146,87,1308,499,172,1659,1865,1046,1719,296,273
1087: 
1088: 2019,1083,179,1977,1568,1520,294,698,1961,1099,41,1479,1128,940,1756,786,1903,1419,670,477
1089: 
1948: 1564,1533,1895,414,351,1482,1956,2012,238,1424,1763,1332,1471,821,1256,1599,192
1091: 1598,1167,1257,929,879,100,1060,1896,2008,1061,333,1042,1783,49,850,1992,1043,1923,655
1092: 
1683: 1439,1963,708,126,16
1094: 
1095: 1529,478,2006,487,362,1237,264,573,1697,176,594,732,1555,1000,494,836,377,1518,934,1303,1350,1824,935
1096: 771
1097: 1727,1370,255
1098: 1640
1099: 2019,1362,1083,179,1977,1568,1520,1540,958,294,698,1961,251,1088,41,1781,1479,1128,1484,940,1756,1249,786,1943,1903,1419,670,477,1968
1100: 899
1988: 669,134,365,495,1784,408,1837,785,1823,2007,1377,81,990,1318,1001,463,1684
1102: 
1103: 2011,1795,313,136,1469,270,914,611,1433,1435,1284,74,981,1523,1853,1708,528
1104: 906
1105: 
1106: 1281
1107: 533
1108: 1353
1837: 669,134,365,495,1784,1988,408,785,1823,2007,1377,81,1318,1001,54,1013,1186,1408,1202,463,1052
1110: 
1111: 740
1112: 
1944: 1502,893
1752: 1210,1181,2017,47,692,1394,1177,163
1115: 
1116: 1760,811,590,1399,319,1004,816,2010,527,221,1024,170,1554,1190,1494,1123,936,1476,1650,963,1120,1309,473,985,948,1446,1738
1117: 468,257,1546,1696
1118: 1587,1901,2014,1475,555,1215,1300,131,1879
1883: 98,1360,971,72,1562,797,1452,1852,2015,34,121,1957,416,1121,267,1606,532,1926,718,201,862,122,130,1401,1622
1120: 1848,1250,144,1933,1309,780,936,1650,963,811,2010,1024,170,1116,985,948,1446
1121: 98,1360,971,72,1562,797,1452,1852,1883,2015,34,469,121,1957,769,416,1606,532,1926,718,862,122,1401,1622
1122: 867,1028
1123: 233,780,298,1214,936,1641,1476,1650,599,559,1670,963,1250,144,1309,1760,811,590,1399,816,2010,1024,170,430,1116,1190,1494,985,948
1124: 882,1997,263,662,1077,2004,1972,112,1579,1383,1964,946,62,361,798,1677,1858,833,22
1125: 
1126: 
1127: 566,381
1128: 1781,1342,1479,1484,940,1756,1249,786,1943,1903,1419,1045,670,477,1968,2019,1083,1977,1520,958,294,1961,251,1099,1798,1088,41
1905: 464,1664
1130: 1182,85,1698,152,754
1131: 
1132: 
1133: 
1134: 
1135: 1142,166
1136: 
1991: 600
1138: 862,122,1965,1974,13,1401,1622,1452,1852,2015,34,769,718
1139: 1893
1809: 
1141: 876,1417,1552,236,120,1355,558,1653,578,2003,1804,1179,1591,426,200,1260,760,807,1633
1142: 1135,166
1143: 1912,1846,1639
1784: 669,134,495,1988,408,1837,785,2007,1377,81,990,1318,1001,54,222,1408,463,1052,1684
1696: 468,257,1117
1146: 1734,1301,1340,519
1147: 
1148: 
2018: 1159,901,699,493,625,1840,1737,203,541,1983,682,1189,804,831,1150,1514,183,506,1356,1577,618,1322,1027,844,1558
1150: 1159,901,699,493,2018,625,1840,1737,203,541,1983,682,1189,804,831,183,506,1356,1322,844,1558
1151: 
1152: 
1153: 826
1857: 567,1828,1224,1019,58,514,1863,314,86,7,1338,2013,141,12,1455,1610,808,663,1225,1570,1541,1265,777,1496
1155: 1987
2019: 1578,1362,1083,179,1977,1568,1520,1540,958,294,962,698,435,1961,251,1099,180,1798,1088,855,41,1781,1342,1479,1128,1484,940,1756,1249,786,1943,1903,1419,1045,670,477,1968
1157: 751,89,1911,1716
1158: 
1159: 699,493,2018,625,1840,1737,203,541,682,1189,804,831,1150,1514,183,506,1356,1577,618,1322,1027,844,1558
1160: 1185,261,2001,1799,942,1345,920,933,1056,924,78,1005,1769
1161: 444,292,1517,1930
1162: 1515,2
1840: 1159,699,2018,625,203,1983,682,1189,831,1150,183
1164: 1954,603
1923: 1783,49,249,1216,850,1992,1736,1043,208,655,1598,1167,1257,1091,1275,929,879,100,1060,1896,2008,1061,333,1042
1166: 225,1892,343,462,403,317,178,1371,145,2009,1614,1049,727,1534
1167: 1598,1257,1091,1275,929,879,100,1896,2008,1061,333,1042,1043,1923
1168: 
1967: 1053
1786: 
1171: 460
1172: 370,1884,1940,303,1315,239,2005,1191,1032,1407,1676,1233,286,1033,947
1173: 
1174: 
1175: 
1176: 1488
1177: 1740,692,1394,1487,123,163,1280,1263,1710,1752,863,1210,1181,1589,1774,945,949,1079,856,2017,1319,47
1940: 370,1884,1172,303,1315,1563,2005,1032,1407,1676,1233,1243,1020,286,1033,947
1179: 876,1552,236,1141,1355,558,1653,578,2003,1804,1575,1440,638,491,1591,426,200,1260,220,807,1633
1180: 382,1844
1181: 863,1690,1210,1589,1774,1560,945,949,1079,856,2017,83,1319,47,1752,692,1394,1487,1177,123,163,1280,1263,1710
1182: 1130,85,1698,152,754
1183: 
1184: 
1185: 1160,261,2001,1799,713,390,942,920,1056,924,78,9,1005,1769
1186: 1267,54,1013,687,222,1945,1408,1202,463,1052,1684,669,134,365,408,1837,785,2007,1377,81,1318,1001
1187: 579,1982
1188: 
1189: 1159,901,699,493,2018,625,1840,1737,203,541,1983,682,804,831,1150,1514,183,506,1356,1027,844
1190: 1760,811,590,1399,319,1004,816,2010,527,221,1024,170,1554,430,1116,1494,233,780,298,1123,936,1641,1476,1650,599,559,1670,963,1250,1309,985,948,1446
1191: 1172,303,1315,239,2005,1407,1676,1233,286,1033
1192: 750,887,1936
1193: 
1194: 360,1026
1195: 
1196: 994
1197: 
1772: 461,1497,1939
1199: 
1755: 1366
1201: 454
1202: 1267,1013,687,1186,1945,1408,463,1052,669,365,408,1837,785,1823,2007,1377,81,990,1318
1203: 1436,289
1204: 818,1800,574,1770,2000,458,109,629,77,229,1602,1432,1244,870,307,916,1819,394,635,1728,217,237,302,409,685
1205: 
1987: 1155
1822: 376
1208: 
1209: 
1210: 1690,1181,1589,1774,1560,945,949,1079,1588,2017,83,1319,47,1752,692,1394,1177,163,1710
1211: 
1679: 194,352,1687,244
1213: 
1214: 233,780,298,1123,1641,1476,1650,599,559,1670,963,1250,2010
1215: 1587,1901,2014,1475,1118,650,555,1300,131,1879,1611,1825,448,247,1938
1216: 1783,49,249,850,1521,1029,1992,1736,1043,1923,208,655,1598,1257,929,100,1060,2008,333
1217: 
1218: 
1885: 
1220: 763
1221: 1224,7,1338,2013,12,582,1455,1073,227,1764,1570,1541
1222: 
1223: 431,608,1593,1854
1224: 567,1019,1221,1863,86,7,1338,2013,1409,12,582,1455,1073,1764,1570,1541,777,1496,1857
1225: 567,1828,1019,58,514,193,314,86,7,1338,2013,141,1455,842,1610,808,663,1570,1541,1265,777,1496,1857
1226: 1658
1227: 181
1228: 1330,1724,701,479,1953,206,2016,1924,1381,1725,1295,1713
1760: 811,590,1399,319,1004,816,2010,527,221,1024,170,1554,430,1116,1190,1494,233,1123,936,1476,599,1670,963,1309,985,1446
1230: 
1231: 1917
1232: 1913,576,1927
1233: 370,1940,1172,1315,239,1563,2005,1191,1032,1407,1676,1243,1020,286,1033,947
1234: 
1896: 1598,1167,1257,1091,1275,929,879,100,1060,2008,1061,333,1042,1783,1043,1923,655
1236: 
1237: 478,2006,1095,653,494,836,358,934,1303,1824,935
1876: 
1239: 1006,1268,1590
1240: 666,2002,387,129,535,1351,562,378,146,87,1308,499,172,1659,1719,296,273
1241: 
1914: 731,875,896,620,857
1243: 370,1884,1940,1315,1563,2005,1032,1676,1233,1020,286,947
1244: 818,1800,574,1770,2000,458,109,629,1602,1432,1204,870,307,916,1819,394,635,1728,237
1245: 0
1246: 
1247: 683,1066,725
1248: 1306,501,1718,268
1249: 1781,1342,1479,1128,1484,940,1756,786,1943,1903,1045,670,1968,2019,1099,41
1250: 1848,1120,144,1933,1309,233,780,298,1214,1123,936,1641,1476,1650,599,559,963,811,816,2010,1024,170,1190,985,948
1251: 48,53,1283,1929,560
1252: 
1253: 1862
1800: 818,574,1770,2000,458,109,629,77,229,1432,1204,1244,870,307,394,1728,217,237,302
1255: 
1256: 1564,1895,414,351,1956,2012,238,1948,1424,1763,1332,1471,821,1599
1257: 1598,1167,1091,1275,929,879,100,1060,1896,2008,333,1042,1783,49,249,1216,850,1736,1043,1923,208,655
1258: 427
1259: 
1260: 876,1417,1552,236,120,1141,1355,558,578,2003,1969,1179,491,1591,426,760
1261: 
1262: 1460,278
1263: 1740,1394,1487,1177,123,163,1429,1280,1710,863,1181,1589,1774,1860,945,949,156,856,2017,1319
1680: 
1265: 567,1828,1019,58,26,193,1863,314,2013,12,842,1610,663,1225,1541,777,1496,1857
1266: 
1267: 54,1013,687,1186,222,1945,1408,1202,463,1052,1684,408,785,2007,1001
1268: 1006,1590,1239
1912: 1143,1846,1639
1270: 
1868: 
1272: 310
1273: 
1274: 
1275: 1167,1257,879,100,1896,2008,1061,333,1042,1043,1923
1276: 1705,939,2001,1799,713,1434,390,1345,920,933,1056,924,78,1787,1005,1062,45
1277: 
1278: 
1279: 254,1321,1839,1382
1280: 1740,692,1394,1487,1177,123,163,1263,1710,1181,1774,945,1079,856,2017,1319,47
1281: 745,1106
1282: 753
1283: 48,53,1251,1929,560
1284: 2011,1795,313,136,1469,270,914,611,1433,1435,874,1103,1523,1853,1708
1285: 
1961: 1578,2019,1362,1083,179,1977,1568,1520,1540,958,294,698,435,251,1099,180,1798,1088,41,1479,1128,940,786,1943,1968
1287: 282,787
1288: 178,1371,30,145,1971,2009,1528,1614,779,1534,225,503,462,403,317
1289: 
1290: 
1291: 
1292: 1785,1833,1761,1655,321
1293: 1893
1294: 
1295: 1330,18,1724,1714,701,479,1953,2016,1228,1381,1725,597,1713
1296: 
1297: 
1298: 1663,1048
1299: 
1300: 1587,1901,2014,1475,1118,555,1215,131,1879,1611,1825,448,247,1938
1301: 334,1340,519,1734,1146
1302: 
1303: 1529,478,2006,1095,362,1237,573,653,732,494,358,934,564,1824,935
1954: 1164,603,1681
1767: 
1306: 501,1718,1248,1744,268
1307: 223
1308: 1339,1816,1921,1240,666,2002,387,129,535,1351,562,87,499,1046,1719,296
1309: 1848,1250,1120,144,1933,233,780,298,1123,936,1641,1476,1650,599,559,963,1760,811,1399,1004,816,2010,1024,170,1116,1190,1494,985,948,1446
1310: 
1311: 1635
1932: 
1313: 
1981: 
1315: 370,1884,1940,1172,303,239,1563,2005,1191,1032,1407,1676,1233,1243,286,1033,947
1316: 
1317: 932,610
1318: 669,134,365,495,1784,1988,408,1837,785,1823,2007,1377,81,990,1001,1013,687,1186,222,1945,1408,1202,463,1052,1684
1319: 863,1690,1210,1181,1589,1774,1860,1560,945,949,1079,156,856,2017,83,47,1740,1394,1487,1177,123,163,1429,1280,1263,1710
2014: 1587,1901,1475,1118,650,555,1215,1300,131,1879,1611,1825,448,247,1938
1321: 254,1839,1279
1322: 618,1027,844,1159,901,493,2018,1737,541,682,804,1150,1514,183,1356,1577,1558
1918: 207
1324: 
1325: 1431,858
1326: 
1327: 
1328: 
1329: 
1330: 18,1724,1714,701,1953,2016,1228,1381,1725,1295
1331: 58,26,193,314,7,2013,1409,141,12,582,1073,842,227,1541,1810,1496
1332: 1564,1895,414,1956,2012,238,1948,1424,1763,1471,1256,1599
1798: 1578,2019,1362,179,1520,1540,958,294,962,435,1961,251,180,855,41,1342,1479,1128,1484,786,1943,1419,1968
1846: 1143,1912,1639
1335: 1067,1421
1336: 
1337: 
1338: 567,1828,1224,1221,514,86,7,2013,141,12,1455,1225,1764,1570,1541,777,1857
1339: 1921,666,2002,387,129,535,1351,562,87,1308,1046,1719,296
1340: 1301,334,519,1734,1146
1341: 
1342: 1781,1479,1128,1484,1756,1249,786,1943,1419,1045,670,477,1968,2019,958,294,1798,855,41
1343: 423,1873
1344: 1908,1632
1345: 1160,1705,939,2001,1799,713,1434,942,920,933,1056,924,78,1787,1005,1276,1062
1346: 
1347: 
1348: 
1825: 1611,448,247,1938,1587,2014,1215,1300,131,1879
1350: 1529,2006,487,1095,362,264,573,1697,176,594,1555,494,377,1518,934,564
1351: 1339,1816,1921,1240,666,2002,387,129,535,562,146,87,1308,499,172,1659,1046,1719,296
1352: 751,604
1353: 1108
1354: 465
1355: 876,1417,1552,236,120,1141,253,1023,558,1653,578,2003,928,1804,1575,1969,1440,638,1179,491,1591,426,200,1260,760,807
1356: 506,1577,1159,901,699,2018,625,1737,203,541,682,1189,804,831,1150,183,1322,1558
1951: 
1358: 593
1359: 
1360: 98,971,72,1562,797,1852,1883,2015,34,469,416,1121,1606,532,1926,718
1361: 
1362: 1578,2019,1083,179,1568,1520,1540,958,294,435,1961,251,1099,180,1798,41,1968
1707: 552,547,892,781
1835: 51
1365: 765,712,1702,524,1874
1366: 1755
1367: 
1368: 240
1369: 1538
1370: 1097,1727,255
1371: 178,331,1288,30,145,1971,2009,1614,1049,779,727,1534,225,1892,343,503,462,403,1166,317
1372: 40,1818
1373: 1509,19
1996: 255,568
1743: 188,355,25,810,367
1376: 
1377: 669,134,365,495,1784,1988,408,1837,785,1823,2007,81,990,1318,1186,1202,463
1747: 723,1510
1379: 1941,117
1724: 1330,18,1714,701,2016,1228,1381,1725,1295
1381: 1330,18,1724,1714,701,479,1953,2016,1228,1725,1295,597,1713
1382: 1279
1383: 882,263,662,1124,1077,2004,1972,1579,946,361,1858,22
1384: 1729,688,516,771,675,1508,1950
1385: 242
1386: 1495
1705: 939,2001,1799,713,1434,390,1345,1056,78,1787,1005,1276,45
1388: 
1389: 
1971: 178,1371,331,1288,30,145,2009,1528,1614,1049,779,727,1534,225,343
1734: 1146,1301,1340,519
1392: 
1393: 
1394: 1740,692,1487,1177,123,163,1429,1280,1263,1710,1752,863,1210,1181,1589,1774,949,856,2017,1319,47
1395: 1406,440
1396: 748
1722: 
1398: 
1399: 1760,811,590,319,816,2010,527,221,170,430,1116,1190,1494,233,298,1123,936,1476,1650,1670,963,1309
1791: 
1401: 201,862,122,1965,1974,130,13,1138,904,1622,971,1562,797,1452,1852,1883,2015,34,121,1957,769,1121,1606,718
1908: 1344,1632
1403: 360,1026
1404: 695,918,1811
1405: 
1406: 1395,440
1407: 370,1884,1940,1172,303,1315,239,1563,2005,1191,1032,1676,1233,286,1033,947
1408: 1267,54,1013,687,1186,222,1945,1202,463,1052,1684,669,134,1784,408,1837,785,2007,81,1318,1001
1409: 1224,26,193,1863,314,7,2013,12,582,1073,227,1764,1810,1331
1410: 106
1411: 17,451
1412: 
1805: 
1414: 
1926: 98,1360,971,72,1562,797,1452,1852,1883,2015,121,1957,416,1121,267,1606,532,718,201,862,130,904,1622
1845: 1078,1856
1417: 876,1552,236,120,1141,1023,1355,578,2003,1969,491,1591,426,1260,760
1808: 
1419: 1781,1342,1479,1128,1484,1756,1943,1045,670,477,1968,1578,2019,1083,179,1977,1520,958,294,1099,1798,1088,855,41
1420: 693
1421: 1067,624,1335
1422: 1869
1992: 1783,49,249,1216,850,1521,1736,1923,655,1598,1091,1060,2008
1424: 1564,1533,1895,414,351,1482,1956,2012,238,1948,1763,1332,1471,821,1256,1599,293,1859,192
1425: 1821,1527,719,851,446
1426: 
1427: 450,396
1428: 805,607
1429: 1740,1394,1487,123,163,1263,1710,863,1860,949,156,856,2017,1319
1430: 
1431: 1325,858
1432: 1800,574,1770,2000,458,109,629,1602,1204,1244,307,1819
1433: 2011,1795,313,1838,270,914,611,184,1435,874,475,1284,74,1103
1434: 1705,939,2001,1799,713,1345,1056,1787,1005,1276,1062
1435: 2011,313,136,1469,1838,270,914,611,1433,184,874,475,1284,74,1103,528
1436: 289,1203
1437: 591,1532,1525
1819: 574,1770,2000,109,629,1602,1432,1204,1244,916,394,635,1499,1993,1728,237,903,1015,685
1439: 1963,16,1683
1440: 1552,236,253,1023,1355,558,1653,2003,928,1804,1575,638,1179,491,807
1441: 1016
1815: 158
1443: 60
1444: 917
1445: 1537,1643
1446: 473,985,948,1738,936,1650,963,1848,1120,1309,1760,811,590,1004,816,2010,527,221,1024,170,1554,1116,1190
1447: 
1448: 
1449: 
1450: 
1451: 794
1452: 971,72,1562,797,1852,1883,2015,34,469,121,1957,769,1121,1926,718,201,862,122,1965,1974,130,13,1138,1401,1622
1453: 
1698: 1182,1130,85,152,754
1455: 1224,1221,514,314,86,7,1338,2013,141,12,582,1073,227,1225,1764,1570,1541,777,1496,1857
1917: 1231
1704: 
1458: 306,1030
1692: 
1460: 1262,278
2005: 370,1884,1940,1172,303,1315,239,1563,1191,1032,1407,1676,1233,1243,1020,286,1033,947
1462: 
1463: 
1464: 
1465: 71
1726: 
1754: 
1468: 
1469: 2011,313,136,270,914,611,1435,874,1284,1103,981,1523,1853,1708,528
1470: 
1471: 1564,1895,414,351,1956,2012,238,1948,1424,1763,1332,821,1256,1599
1472: 
1473: 
1745: 
1475: 1587,1901,2014,1118,650,555,1215,1300,131,1879,1611,247
1476: 233,780,298,1214,1123,936,1641,1650,599,559,1670,963,1250,1933,1309,1760,811,590,1399,319,1004,816,2010,1024,170,430,1116,1190,1494,985
1477: 626
1478: 
1479: 1781,1342,1128,1484,940,1756,1249,786,1943,1419,1045,670,477,1968,1578,2019,1083,179,1977,1520,958,294,1961,251,1099,180,1798,1088,855,41
1947: 95,1057
1481: 749
1482: 1564,1533,1895,414,351,1956,2012,1948,1424,1763,821,293,1859,730,192
1483: 
1484: 1781,1342,1479,1128,1756,1249,786,1943,1419,1045,670,1968,2019,1099,1798,41
1915: 
1858: 798,1677,22,882,1997,263,662,1124,2004,1579,1383,361
1487: 1740,1394,1177,123,163,1429,1280,1263,1710,863,1181,1589,1774,1860,945,949,156,856,2017,1319
1488: 1176
1489: 
1490: 
1491: 
1492: 
1493: 
1494: 1760,811,590,1399,319,1004,816,2010,221,1024,170,1554,430,1116,1190,233,780,1123,936,1641,1476,599,1670,963,1933,1309,985
1495: 1386
1496: 567,1828,1224,1019,58,26,514,193,1863,314,86,7,2013,141,12,582,1455,1073,842,227,1610,663,1225,1570,1541,1265,777,1810,1331,1857
1497: 1772,461,1939
1498: 1616,770
1499: 635,1993,1712,1728,217,339,237,903,1015,132,685,1770,2000,109,629,916,1819,394
1500: 1501,276
1501: 1500,276
1502: 1944
1503: 1620,84,636
1504: 171,1566,1542
1505: 
1839: 254,1321,1279
1507: 864,1553
1508: 1623,675,1950,1729,688,516,1384
1509: 1373
1510: 723,209,1747
1888: 383,1733
1512: 
1969: 1417,1552,120,253,1023,1355,558,578,2003,928,638,491,1260,760
1514: 1159,699,493,2018,541,682,1189,804,618,1322,1027,844
1515: 2,1162
1516: 205
1517: 1161,444,292,1930
1518: 1529,478,2006,487,1095,362,264,1697,176,594,1555,1000,494,836,377,934,1350
1783: 49,249,1216,850,1521,1992,1043,1923,208,655,1598,1257,1091,929,879,100,1060,1896,2008,333,1042
1520: 1578,2019,1362,1083,179,1977,1568,1540,958,294,698,435,1961,251,1099,180,1798,1088,41,1479,1128,940,786,1419,477,1968
1521: 1783,49,249,1216,850,1029,1992,1736,1043,208,655,1060,2008
2008: 1598,1167,1257,1091,1275,929,879,100,1060,1896,1061,333,1042,1783,49,249,1216,850,1521,1029,1992,1736,1043,1923,208,655
1523: 981,1853,1708,528,2011,1795,313,1469,270,914,611,1284,1103
1524: 709,630,165
1525: 1437,591,1532
1526: 
1527: 1821,719,851,1425,446
1528: 178,331,1288,30,145,1971,2009,1614,1049,779,1534,225,503
1529: 478,2006,487,1095,362,264,573,176,594,732,1555,1000,494,377,1518,934,1303,564,1350,1824,935
1530: 
1531: 
1532: 1437,591,1525
1533: 1895,1482,1956,2012,238,1948,1424,821,293,1859,730,192
1534: 178,1371,331,1288,30,145,1971,2009,1528,1614,1049,779,727,225,1892,343,503,462,403,1166,317
1535: 1872,97
1536: 
1537: 1643,1445
1538: 1369
1823: 669,365,495,1988,408,1837,785,2007,1377,81,990,1318,1945,1202,463
1540: 1578,2019,1362,1083,179,1977,1568,1520,958,294,962,698,435,1961,251,1099,180,1798,41
1541: 567,1828,1224,1019,58,1221,26,514,193,1863,314,86,7,1338,2013,141,12,582,1455,1073,842,227,1610,663,1225,1764,1570,1265,777,1810,1496,1331,1857
1542: 167,171,1566,1504
1543: 
1732: 
1545: 
1546: 468,257,1117
1547: 
1548: 
1818: 40,1372
1550: 
1551: 
1552: 876,1417,236,120,1141,253,1023,1355,558,1653,578,2003,928,1804,1575,1969,1440,638,1179,491,1591,426,200,1260,760,220,807
1553: 1613,864,1507
1554: 1760,811,590,319,1004,816,2010,527,221,1024,170,1116,1190,1494,936,473,985,1446,1738
1555: 1529,478,2006,487,1095,362,264,573,1697,176,594,1000,494,836,377,1518,934,1350
1556: 1638
1557: 
1558: 1159,901,493,2018,1737,541,804,1150,183,506,1356,1577,618,1322,1027,844
1559: 
1560: 863,1690,1210,1181,1589,1774,1860,945,949,1079,156,1588,856,2017,83,1319,1710
1561: 
1562: 98,1360,971,72,797,1452,1852,1883,2015,34,469,121,1957,416,1121,1606,1926,718,122,1401,1622
1563: 1940,1315,239,2005,1032,1407,1676,1233,1243,1020,286,1033,947
1564: 414,351,1482,1956,2012,1948,1424,1763,1332,1471,821,1256,1599,1859,192
1836: 
1566: 115,171,1504,1542,167
1721: 133,1812,792,637
1568: 2019,1362,1083,179,1977,1520,1540,958,294,698,435,1961,251,1099,1088,41,940
1964: 1997,263,662,1124,1077,2004,1972,112,1579,946,62,798,833
1570: 567,1828,1224,1019,1221,26,514,1863,314,86,7,1338,2013,141,12,582,1455,1073,1225,1764,1541,777,1496,1857
1990: 
1873: 423,1343
1573: 605
1574: 
1575: 1552,236,1023,1355,558,1653,2003,928,1804,1440,638,1179,1591,200,220,807
1576: 
1577: 506,1356,1159,901,699,493,2018,1737,203,541,804,183,618,1322,1027,1558
1578: 2019,1362,179,1520,1540,958,294,962,435,1961,251,180,1798,855,41,1479,1943,1419,1968
1579: 882,1997,263,662,1124,2004,1383,1964,946,361,798,1677,1858,833,22
1731: 234
1581: 
1582: 
2016: 1330,18,1724,1714,701,479,1953,206,1228,1924,1381,1725,1295,597,1713
1584: 
1824: 1529,478,2006,487,1095,362,1237,653,732,1000,494,836,358,934,1303,935
1811: 695,1404
1587: 1901,2014,1475,1118,650,555,1215,1300,131,1879,1611,1825,448,247,1938
1588: 1690,1210,1589,1774,1860,1560,949,1079,2017,83
1589: 863,1690,1210,1181,1774,1860,1560,945,949,1079,156,1588,856,2017,83,1319,47,1394,1487,1177,163,1263,1710
1590: 1006,1268,1239
1591: 876,1417,1552,236,120,1141,1023,1355,558,1653,578,2003,1804,1575,638,1179,491,426,200,1260,760,220,807,1633
1592: 
1593: 860,1223,431,608,1854
1762: 
1595: 
1812: 133,1721,792,637
1942: 
1598: 1167,1257,1091,929,879,100,1060,1896,2008,333,1042,1783,49,249,1216,850,1992,1043,1923,655
1599: 1564,1895,414,351,1956,2012,1948,1424,1763,1332,1471,821,1256
1600: 
1756: 1781,1342,1479,1128,1484,940,1249,786,1943,1903,1419,1045,670,477,1968,2019,1083,1977,294,1099,1088,41
1602: 574,1770,2000,109,629,1432,1204,1244,916,1819,635,237
1867: 
1604: 
1605: 393
1606: 98,1360,971,1562,797,1852,1883,2015,34,121,1957,416,1121,267,1926,718,122,1974,130,904,1401,1622
1607: 
1608: 
1927: 1913,576,1232
1610: 567,1828,1019,58,514,2013,141,842,808,663,1225,1541,1265,777,1496,1857
1611: 1825,448,247,1938,1587,1901,2014,1475,650,555,1215,1300,131,1879
1799: 1160,1185,1705,2001,713,1434,942,1345,920,933,1056,924,78,1787,1005,1276,1062
1613: 1553
1614: 178,1371,331,1288,30,145,1971,2009,1528,1049,779,727,1534,225,1892,343,462,403,1166,317
1615: 
1616: 1498,770
1982: 1187,579
1720: 
1919: 
1620: 84,636,1503
1621: 
1622: 201,862,122,1965,1974,130,13,1138,904,1401,98,971,1562,797,1452,1852,1883,2015,34,121,1957,1121,267,1606,1926,718
1623: 675,1508
1872: 1952,1535,97
1625: 795,8,1970,384,341,1748
1626: 256
1627: 
1628: 
1629: 
1831: 
1631: 584,209
1632: 1908,1344
1633: 876,236,1141,1653,2003,1804,1179,1591,426,200,220,807
1634: 
1635: 1311
1636: 
1637: 470
1638: 1556
1639: 259,1143,1912,1846
1640: 1098,585
1641: 233,780,298,1214,1123,936,1476,1650,599,559,1670,963,1250,1933,1309,2010,1190,1494
1642: 
1643: 1537,1445
1644: 52,917
1645: 
1646: 1742
1647: 
1648: 
1924: 701,479,1953,206,2016,1228,1713
1650: 233,780,298,1214,1123,936,1641,1476,599,559,1670,963,1848,1250,1120,144,1309,811,590,1399,816,2010,170,1116,1190,985,948,1446
1780: 549
1652: 
1653: 876,1552,236,120,1141,1023,1355,558,578,2003,928,1804,1575,1440,638,1179,491,1591,426,200,760,220,807,1633
1654: 
1655: 1761,321,1292
1706: 
1657: 711
1658: 1226
1659: 1240,666,2002,129,1351,562,378,146,499,1719,296,273
1660: 628,185,284
1674: 1887
1662: 
1663: 1048,1298
1664: 1905,464,445
1742: 1646
1860: 863,1690,1589,1774,1560,945,949,1079,156,1588,856,2017,83,1319,1487,163,1429,1263,1710
2000: 818,1800,574,1770,458,109,629,77,229,1602,1432,1204,1244,870,307,916,1819,394,635,1499,1993,1712,1728,217,339,237,903,1015,302,409,132,685
1668: 1014
1669: 
1670: 233,298,1214,1123,1641,1476,1650,599,559,963,1760,811,590,1399,319,816,2010,430,1190,1494
1827: 
1672: 340