0: 
1: 
2: 584
1842: 745
4: 
5: 106,689,175
6: 1325
7: 86,1455,193,1338,582,1857,12,1863,663,1409,842,1810,2013,314,1019,1745,58,1225,1610,1221,514,1331,1073,777,1764,1541,227,26
8: 441
9: 1005,942,924,933
10: 446
1781: 1479,940,1961,2019,1354,958,1520,435,1484,1045,251,1249,1977,1128,41,1083,670,1342,1540,1568,1798,855,1419,1903,477,1968,1578,1362,179,786
12: 7,86,1455,193,567,1338,582,1857,1863,1409,842,1810,2013,314,1019,1224,1225,1610,1265,1828,777,1541
13: 797,2015,971,1965,1926,201,1401,1974,1883,72,904,267,469,1957,1622,1852,532,34,122,98,121,1121
14: 1782
15: 1055,297,1566,1155
16: 738
17: 
18: 1713,1295,479,1381,1714,2016,701,1724,1924,597,1953
19: 643,117,1281
1718: 
21: 
22: 1383,62,2004,1677,1964,662,1972,946,1124,1858,1997
23: 
24: 1593,95
25: 1709
26: 1570,1331,1073,1496,777,1764,1541,808,227,7,86,1455,193,1338,663,1409,1810,2013,314,1019,1224,1745,58,1225,1610,1265,1221,514,1828
27: 
28: 1576,382
29: 
30: 403,462,1892,2009,779,225,178,1534,1049,1971,343,1483,727,317,1528,145,1288
1994: 173
32: 1773,1021,1130
33: 1477
34: 769,797,2015,1965,1452,201,1401,1974,13,72,718,267,1957,1852,532,122,1360,1562,121,862,1121
1852: 769,797,2015,971,1965,1926,1452,1138,201,1401,1974,1883,13,72,718,904,267,416,1957,1622,130,532,34,122,98,1360,121,862,1121
36: 1112
37: 
38: 
39: 1722,1856
40: 1094
41: 1961,2019,1484,1045,251,1977,1128,670,1781,1342,1568,1798,855,1419,1903,477,1968,179
42: 1176,173
43: 
1934: 1938,1475,1611,2014,1879,1300,650,1118,1901,448,1825,1587
45: 1769,1276,1056,114,1434,1062,390,261,1705,2001,1787,1799
46: 
47: 2017,83,1774,1177,1752,1690,1588,1560,123,1181,692,1860,1487,949,1394,856,1319
48: 
49: 100,1923,879,2008,1060,655,1042,1275,1598,333,249,1992,1167,1091,929,1216
50: 
51: 
52: 1444,411
53: 
54: 495,1001,1823,1318,1013,1837,222,1377,463,669,1186,965,134,1341,687,2007,1684,1988,1267,81,1202,1052,408,1945,990,1408
55: 975
56: 
57: 202
58: 7,86,193,1338,1863,663,1409,842,1810,2013,314,1745,1225,1610,1221,514,1331,1073,777,1764,26
59: 
60: 902,841
61: 
62: 1383,2004,361,798,1077,22,1677,1964,662,112,1972,882,1124,1858,1997,1579
63: 
1794: 
65: 
66: 1075
1864: 
68: 1743,363
69: 1057,1025
70: 
71: 
72: 769,797,2015,971,1965,1926,1452,201,1401,1974,1883,13,718,904,267,469,1957,1622,1852,532,34,122,98,121,1121
1735: 299,1680
74: 1080,2011,981,1469,1795,874,475,184,1433,1838,1284,1708,914,313,1435,1853,1523
75: 593,1503
76: 1893,1679
77: 307,1602,302,2000,870,685,1204,1770,818,1244,1993,394,458,635,339,132,1728,229,1819,574,1712,217,903,1015
78: 1062,390,261,1345,939,1772,1160,1705,2001,1799
1744: 705,1462
1746: 
81: 1341,2007,1684,1988,1267,365,1052,408,785,1945,990,1013,1377,463,54,669,1186,134
82: 1431
83: 2017,163,1774,1177,1752,1690,1588,1560,123,1181,1860,47,856
84: 964,1635
85: 
86: 7,1455,193,567,1338,582,1857,12,1863,663,1409,842,1810,2013,314,1019,1224,1745,58,1225,1610,1221,514,1331,777,1764,1541,26
87: 499,1865,2002,666,1339,1816,1719,296,146,1240,273,1659
88: 456,158
89: 445,892,464,751
90: 
91: 
92: 451,1208,1999
93: 1891
1737: 1322,682,493,901,1356,183,625,1189,1027,541,699,804,618,2018,203,1983,1159,1150,1840,831
95: 1223,24,1593
96: 329
97: 
98: 2015,971,1926,1452,1138,201,1401,1883,13,72,267,469,416,1957,1622,130,1852,122
1750: 
100: 850,1923,879,49,2008,1257,655,1042,1896,1275,1598,333,249,1992,1167,929,1216
1978: 1125,1623,274
2006: 487,362,478,377,1000,1529,594,1237,494,732,653,358,1697,564,1095,1303,1350,836,935,176,1518,1555,1824,573
103: 
1925: 
105: 
106: 689,175,5
107: 1657
108: 1382
109: 574,629,409,1712,1432,1499,903,916,307,302,2000,870,1244,1993,237,229,1819
1833: 1327,1051
111: 1296
112: 1383,62,2004,361,798,1077,1677,1964,662,882,263,1124,833,1858,1997,1579
113: 750,887
114: 1769,45,1276,1056,1434,713,1705,2001,1799
115: 450
116: 
117: 643,19,1281
118: 
1725: 206,1228,1330,479,1381,2016,1924
120: 578,200,558,760,1355,1575,253,1969,638,928,2003,426,491,1591,1633,1440,807,1179,1552
121: 769,797,2015,1965,1974,13,72,718,904,267,1957,1852,532,34,1360,1562,1121
122: 797,2015,971,1965,1926,1452,1138,201,1401,1883,13,72,904,267,469,416,1957,1622,1852,34,98,1121
123: 2017,83,163,1774,1177,1752,1690,1588,1560,1181,1860,1710,863,47,1487,856
124: 
125: 1887,523,1092
126: 621,708
1775: 
128: 1966
129: 499,387,378,1376,1865,2002,666,1308,1339,1046,1816,1719,562,146
130: 769,797,2015,971,1926,1452,1138,201,1401,1974,718,267,416,1957,1622,1852,532,98,1360,862,1121
131: 1475,555,1611,2014,1879,247,1300,756,650,1901
132: 307,2000,870,685,1204,1244,1993,77,458,635,339,1728,574,1712,217,903,1015
133: 1231,1845,1702,1078
134: 495,1001,1823,1318,1013,1837,222,1377,463,54,669,1186,965,1341,687,2007,1684,1267,81,365,1202,1052,408,785,1945,990,1408
135: 
136: 
137: 
138: 
139: 1321,1839,1766
140: 
141: 1073,1764,663,2013,1745,514
1963: 686,812
143: 
144: 599,1554,1446,1024,473,1848,319,1933,590,527,1738,697,1641,1190,780,1123,963,2010,170
145: 1371,343,331,1483,727,503,317,1528,403,462,1892,30,2009,225,178,1534,1049,1971,1288,1166,1614
146: 499,378,1865,2002,666,1308,1339,1816,1719,562,129,1240,87,1659
1916: 
148: 
149: 1854
150: 
151: 
152: 
1892: 403,462,30,2009,779,225,178,1534,1049,1971,343,331,1483,727,503,317,1528,145,1288,1166
154: 974
155: 323,492
156: 2017,1079,1429,163,1177,1752,1588,1181,692,1860,1710,863,1487,949,856,1280,1263,1740
157: 1732,486,735,349,547
158: 88,456
159: 866
1957: 769,797,2015,971,1965,1926,1452,201,1401,1974,1883,13,72,718,904,267,416,1622,130,1852,532,34,122,98,1360,1562,121,862,1121
161: 632,1348
162: 
163: 2017,1079,1429,83,1774,1752,156,1588,1560,123,1181,692,1860,1710,863,1487,856,1319,1263
1810: 7,86,1455,193,567,1338,582,1857,12,1863,1409,842,2013,314,1019,1224,1745,58,1225,1610,1265,1221,1828,1331,777,1764,1541,26
165: 
166: 
167: 1055
168: 
169: 
170: 1476,1214,985,1004,1650,233,811,816,780,1123,963,2010,430,599,144,1554,1446,473,1848,319,1933,527,697,1641
171: 
172: 1679,190,1893
173: 1994,1488,1176,42
174: 1613
175: 106,689,5
176: 1518,1555,1824,573,594,494,2006,358,564,1303,935
177: 1535
178: 403,462,1892,30,2009,779,225,1534,1049,1971,343,331,1483,503,317,1528,1371,145,1288,1166,1614
179: 940,1961,2019,1520,1045,251,1977,1128,41,1781,1342,1568,855,1419,1903,477,1968
180: 698,940,2019,1354,958,435,1943,294,251,1249,1083,1342,1540,1798,1578,1362,786
181: 
182: 691,1574,1729
183: 1737,1322,682,493,901,1356,625,1027,541,699,2018,203,1514,1840
184: 1080,2011,1103,981,528,1795,874,475,1433,1838,1284,1708,74,914,313,1435,1853
185: 1127,228,381
186: 
1975: 1495,1620,1358,1067
188: 1195,1164,601,1681
2001: 1062,390,261,78,1345,939,1772,1160,1705,1787,1799,1769,45,1276,1056,114,1434,713
190: 172,1679,1893
191: 
192: 1763,293,1599,1332,1471,2012,414,1895,417,1564,1256,1482,1533,730,1948,238,1424,351,1859
193: 7,86,1455,567,1338,582,1857,12,1863,663,1409,842,1810,2013,314,1019,1224,1745,58,1225,1610,1265,1221,514,1828,1331,1073,1496,777,1764,1541,808,227,26
194: 1340,295,400,1146,1742
195: 
196: 
197: 
1995: 1493
199: 
200: 578,120,558,760,1355,1575,253,1969,2003,491,1179,1552
201: 769,2015,971,1965,1926,1452,1401,1974,13,72,718,267,1957,1622,130,1852,34,122,98,1360,862,1121
202: 57
203: 1737,1322,682,493,901,183,625,1189,1027,541,699,618,2018,1514,1983,1558,1159,1150,506,1840,831
204: 627
205: 729,1516
206: 1228,1330,479,1381,1714,2016,1924,1725
207: 
208: 1043,1029,1783,1216,850,2008,1521,1060,655,1896,1598,1061,1736
209: 943,1369
1826: 
211: 
1753: 
213: 
1803: 
1854: 149
216: 604,978
217: 1800,574,409,1712,1432,903,1015,1602,302,2000,870,685,1204,1770,818,1244,1993,77,394,458,635,339,132,1728,1819
218: 1818
219: 
220: 578,558,1355,253,928,2003,1804,1179
221: 1760,1004,233,1494,1250,298,2010,948,430
222: 495,1001,1823,1318,1837,1377,463,54,1186,965,134,1341,687,2007,1202,1052,408,1945,1408
223: 1789,932
224: 1220
225: 403,462,1892,30,2009,779,178,1534,1049,1971,343,1483,317,1528,145,1288,1166,1614
226: 607,1203,470
227: 1570,1331,1073,1496,777,1764,1541,808,26,7,1455,193,1338,663,1409,2013,1019,1745,1610,1265,514,1828
228: 1127,185
229: 307,1602,302,2000,870,818,1244,1993,237,77,1819,574,1712,109,916
230: 
231: 
232: 
233: 1760,1476,936,1214,985,1004,1650,1494,811,1116,1250,298,816,780,1123,963,2010,948,221,170,430,599,1848,527,1641
234: 
1906: 
236: 1417,638,928,2003,1653,426,1260,491,1804,1141,1023,876,1633,807,1179,1355
237: 307,302,2000,818,1244,1993,229,574,629,1712,1432,1499,903,109,916
238: 1763,293,1332,2012,1895,192,1564,1482,730,351,821,1859
239: 1676,1191,1315,2005,947,1884,1563,1033,1172,1032,286,1407,303,1940
240: 511,1147,723,787,1287
1766: 1321,1839,139
242: 688,1313
1865: 499,387,378,1376,2002,666,1308,1339,1046,1816,1719,562,146,129,1240,87,1659
244: 334
245: 
246: 1111,725
247: 1475,555,131,2014,1879,1300,756,1901,448
248: 
249: 850,100,1923,879,49,2008,1521,1257,655,1042,1896,1275,1598,333,1061,1992,1167,929,1029,1783,1216
250: 738
251: 1479,940,2019,1354,958,1520,1943,1484,1045,1249,1977,1128,41,1083,1781,180,1342,1568,1798,855,1419,1903,477,1968,1578,1362,179,786
252: 
253: 220,578,200,120,558,760,1355,1969,638,928,2003,1653,491,1804,1023,807,1179,1552
254: 
255: 556
256: 
257: 1698,1070,1696,1272,1117
258: 1726
259: 1912
1862: 
261: 1062,390,78,1345,939,1772,1160,1705,2001,1787,1799,45,1276,1056,1434
262: 1545,1302
263: 882,946,1124,833,1858,1997,1579,2004,798,1677,662,112
264: 
1884: 239,1676,1191,1315,2005,947,1563,1033,1172,1032,286,1243,1407,1020,1940
266: 
267: 769,797,2015,971,1965,1926,1452,1138,201,1401,1974,1883,13,72,718,904,469,416,1957,1622,130,1852,532,34,122,98,1360,121,1121
268: 
269: 
270: 
1774: 2017,1429,83,163,1177,1752,1690,1588,1560,123,1181,692,1860,863,47,1487,949,1394,856,1319,1210,1263
272: 
273: 499,387,2002,666,1339,1816,1719,296,562,87,1659
274: 1623,1978,1125
275: 
276: 1115,415
277: 1192
278: 886,1460
279: 
1804: 1969,1417,928,2003,1653,426,491,1023,236,1633,807,1179,220,578,558,1355,253
281: 
282: 673
1866: 651,624
284: 
1882: 944
286: 239,1676,1315,2005,947,1884,1563,1172,1032,1407,1020,1940
287: 1445
288: 1527
289: 1436,822
290: 1074
1736: 850,879,2008,1521,1060,655,1042,1896,1275,1598,333,1061,1992,1167,1091,929,1029,1783,1216,208,1043
292: 917,1379
293: 1763,1599,1332,2012,414,1895,192,417,1564,1256,1482,730,1948,238,351,821,1859
294: 1479,698,940,2019,1354,958,435,1484,1249,1083,670,180,1540,1798,477,1578,1362,786
295: 1340,400,194,1146,1742
296: 499,2002,666,1339,273,87,1659
297: 1055,15,1566,1155
298: 936,1214,1004,1650,233,1494,811,1116,1250,816,780,1123,2010,948,221,430
299: 1680,1735
300: 561
301: 
302: 307,1602,2000,870,1770,818,1244,1993,237,77,394,635,229,1819,1800,574,629,409,1712,1432,217,1499,903,109,1015,916
303: 1233,1940,239,2005,1032,1243,1407
304: 
305: 770
306: 
307: 1602,302,2000,870,818,1244,1993,237,77,458,635,132,1728,229,574,629,1712,903,109,1015,916
1938: 1934,1475,1611,2014,1879,1300,650,1118,1901,448,1825,1587
1869: 
310: 
311: 
312: 530
313: 1080,2011,1103,981,1469,1795,874,475,184,1838,1284,1708,74,914,1435,1853,1523
314: 7,86,193,1338,582,1857,12,1863,842,1810,2013,1745,58,1225,1610,1221,26
1714: 206,1713,1228,1330,1295,18,479,1381,2016,701,1724,1924,597,1953
1993: 307,1602,302,2000,870,685,1770,818,1244,237,77,394,458,635,339,132,1728,229,1819,1800,574,629,1712,1432,217,903,109,1015,916
317: 343,331,1483,727,503,1528,403,1892,30,2009,779,225,178,1049,1371,145,1288
318: 
319: 599,144,1554,1446,1024,1848,590,527,1738,1641,1214,811,1120,780,1123,963,2010,170
320: 
321: 
322: 693,1990,337
323: 492,155
1902: 
1733: 762,672,1625
326: 
1953: 1713,1295,18,1714,2016,1724,597
1851: 
329: 96
330: 
331: 343,1483,727,503,317,1528,403,462,1892,2009,779,178,1049,1371,145,1166
332: 
333: 850,100,1923,879,49,2008,1521,1257,1060,655,1042,1896,1275,1598,1061,249,1736,1992,1167,1091,929,1029,1783,1216
334: 244
335: 
336: 1628,1247
337: 1990,322
338: 1277,758
339: 2000,870,685,1204,1770,1993,77,394,458,635,132,1728,1800,574,217,1015
340: 
341: 
1976: 
343: 331,1483,727,503,317,1528,403,462,1892,30,2009,779,225,178,1049,145
344: 
1719: 499,387,378,1376,1865,2002,666,1308,1339,1046,1816,562,146,129,1240,273,87,1659
1933: 599,144,1554,1446,473,527,697,1641,1190,1476,985,1004,816,963,2010,170,430
347: 444
1911: 
349: 1732,1664,486,735,547,995,157
350: 
351: 1763,293,1332,1471,2012,414,1895,192,417,1564,1256,1482,1533,730,1948,238,1956,1424,821,1859
352: 881,854,656,619
1970: 
354: 
355: 
356: 
357: 
358: 362,478,377,1000,1529,594,1237,494,2006,564,1095,1303,1350,836,935,176,1824,573
1796: 
360: 
361: 1383,62,2004,798,1077,1677,1964,662,112,882,833,1858,1997,1579
362: 487,478,377,1529,1237,494,732,653,2006,358,1697,564,1095,1350,935
363: 1743,68
364: 383
365: 1341,687,2007,1684,1988,1267,81,1052,408,785,1945,990,1408,1013,134
366: 
367: 
368: 
369: 
370: 2005,947,1172,1020
1838: 1080,2011,1103,981,528,1469,1795,874,475,184,1433,1284,1708,74,914,313,1523
372: 1874,764,428,592,906
1893: 76,172,1679,190
374: 720,1293
1913: 1927
376: 
377: 487,362,478,1000,1529,594,1237,494,732,2006,358,1697,564,1095,1303,1350,836,573
378: 499,1376,1865,2002,1308,1046,1816,1719,562,146,129,1240
379: 
1901: 1475,555,131,1611,2014,1879,247,1300,756,650,1118,448,1938,1934,1825,1587
381: 1127,185
382: 28,1576
383: 364
384: 
1974: 769,797,2015,971,1965,1926,1452,1138,201,1401,1883,13,72,718,904,267,416,1957,1622,130,1852,532,34,1360,121,1121
386: 
387: 499,1865,2002,666,1339,1046,1816,1719,562,129,273,1659
1713: 1330,1295,18,479,1714,2016,1724,1924,597,1953
389: 1831
390: 1062,261,78,1345,939,1772,1160,1705,2001,1787,1799,1769,45,1276,1056,1434
391: 
392: 
393: 
394: 1602,302,2000,870,685,1204,1770,818,1993,77,458,635,339,1728,1819,1800,574,1712,217,903,1015
395: 
396: 743,772,1427,1808,1987
1782: 14
1730: 
399: 531
400: 1340,295,194,1146,1742
401: 
402: 1835
403: 462,1892,30,2009,779,225,178,1534,1049,1971,343,331,1483,727,317,1528,145,1288,1166
404: 1517,1135
405: 
406: 775
1958: 
408: 1341,687,2007,1684,1988,1267,81,365,1202,1052,785,1945,990,1408,495,1823,1318,1013,1837,222,1377,463,54,669,1186,965,134
409: 1800,574,629,1712,1432,217,903,109,1015,302,2000,870,1819
410: 696,716
411: 1444,52,1161
412: 
413: 
414: 1763,293,1599,1332,1471,2012,192,417,1564,1256,730,1948,1956,1424,351,821,1859
415: 1115,693,276
416: 769,797,2015,971,1926,1452,1138,1401,1974,1883,718,267,1957,1622,130,1852,122,98
417: 1763,293,1332,1471,2012,414,1895,192,1256,1482,1533,730,1948,1956,1424,351,821,1859
418: 819
419: 794
420: 1605
1930: 
1894: 1252,1173,630
423: 
1937: 1692,1162
425: 608
426: 1969,1417,638,928,2003,1653,1260,491,1804,1141,1591,236,876,1633,1440,807,1179,1552,578,120,760
427: 
428: 1874,764,372,906
1956: 1763,1599,1471,2012,414,417,1564,1256,730,1948,351,821,1859
430: 1760,1476,1214,985,1004,1650,233,1494,811,1250,298,816,780,1123,963,2010,948,221,170,599,1446,1933,527,697,1641
431: 977,860
432: 961,1050
433: 1850,1695
1939: 617,461
435: 1479,698,2019,1354,958,294,1484,1249,1781,180,1540,1568,1798,1903,477,1578,1362,786
436: 
437: 
438: 749,1658
439: 
440: 1145,911,703,1395
441: 8
1716: 
443: 
444: 347
445: 892,464,89
446: 10
447: 
448: 1475,555,2014,1879,247,1300,650,1118,1901,1938,1934,1825,1587
449: 
450: 115
451: 92,1208,1999,1411
452: 
453: 
454: 
455: 
456: 88,158
457: 572,746
458: 307,1602,2000,870,685,1204,1770,818,1244,1993,77,394,635,339,132,1728,574,1712,217,1015
459: 
460: 
461: 1939,617
462: 403,1892,30,2009,779,225,178,1534,1049,1971,343,331,1483,727,503,1528,145,1166
463: 495,1001,1823,1318,1013,1837,222,1377,54,669,1186,965,134,1341,687,2007,1684,1267,81,1202,1052,408,1945,990,1408
464: 445,89,751
465: 909
466: 
1945: 1341,687,2007,1684,1988,1267,81,365,1202,1052,408,785,990,1408,495,1823,1318,1013,1837,222,1377,463,54,669,1186,965,134
468: 
469: 797,2015,971,1965,1926,1883,13,72,904,267,122,98
470: 226,607,1203
471: 
472: 1404,813,1608
473: 599,144,1554,1446,1024,1848,1933,590,527,1738,697,1641,1190,1760,1476,985,1004,816,780,963,2010,170
474: 1283
475: 1080,2011,1103,981,528,1469,1795,874,184,1433,1838,1708,74,914,313,1523
476: 
477: 1479,698,940,1961,2019,1354,958,435,294,1484,1045,251,1249,1977,1128,41,670,1781,1342,1540,1568,1798,855,1903,1968,1578,1362,179,786
478: 487,362,377,1000,1529,594,1237,494,732,2006,358,1697,564,1095,1303,1350,836,935,1555,1824,573
479: 206,1713,1228,1330,1295,18,1381,1714,2016,701,1924,1725,597
480: 
481: 
482: 651
1710: 2017,1079,1429,163,1752,156,1588,123,1181,692,1860,863,1487,1263,1740
1980: 897
485: 
486: 1732,1664,735,349,547,157
487: 362,478,377,1529,1237,494,732,653,2006,1697,564,1095,1303,1350
1879: 1475,555,131,1611,2014,247,1300,756,650,1118,1901,448,1938,1934,1825,1587
1787: 1062,390,261,939,1705,2001,1799,1769,45,1056
490: 
491: 1969,1417,638,928,2003,1653,426,1804,1141,1023,236,876,1633,1440,807,1179,1552,578,200,120,558,760,1355,253
492: 323,155
493: 1737,1322,682,901,1356,183,625,1189,1027,541,699,618,2018,203,1514,1983,1558,1159,1150,506,1840,831
494: 487,362,478,377,1529,594,1237,732,2006,358,1697,564,1095,1303,1350,935,176,1518,1555,1824,573
495: 1001,1823,1318,1013,1837,222,1377,463,54,669,1186,965,134,1341,2007,1267,408,1945,1408
496: 
497: 
1968: 1479,2019,1354,958,1520,1045,251,1977,41,1781,1342,1568,855,1419,1903,477,1578,179
499: 387,378,1865,2002,666,1339,1816,1719,296,562,146,129,273,87,1659
500: 
501: 
502: 
503: 343,331,1483,727,317,1528,462,1892,2009,779,178,1534,1049,1371,145,1166
504: 
2010: 1760,1476,936,1214,985,1004,1650,233,1494,811,1116,1250,1120,298,816,780,1123,963,948,221,170,430,599,144,1554,1446,1024,473,1848,319,1933,590,527,1738,697,1641,1190
506: 1983,1577,1558,1159,1150,1840,831,682,493,1027,541,2018,203,1514
1759: 
1770: 1602,302,2000,870,685,1204,818,1244,1993,77,394,458,635,339,1728,1819,1800,574,217,903,1015
509: 
510: 
511: 1147,240,723,787
512: 
513: 
514: 7,86,1455,193,1338,1863,663,1409,2013,1745,58,1610,1221,1570,141,1331,1073,777,1764,808,227,26
515: 1231,637,1845
516: 1097,1096
517: 
518: 1108,1388
519: 1734
520: 706,540
1849: 
1977: 1479,940,1961,2019,1354,958,1520,1943,1484,1045,251,1249,1128,41,1083,670,1781,1342,1540,1568,1798,855,1419,1903,477,1968,1578,1362,179,786
523: 1887,125,1092
524: 
525: 
526: 1646,1199
527: 599,144,1554,1446,1024,473,1848,319,1933,590,1738,697,1641,1190,1760,1476,1214,985,1004,1650,233,811,1116,1120,816,780,1123,963,2010,170,430
528: 1080,2011,1103,981,1469,1795,874,475,184,1433,1838,1708,914,1523
529: 
530: 776,312
531: 399
532: 769,797,2015,971,1965,1974,1883,13,72,718,904,267,1957,1622,130,1852,34,1360,121,1121
533: 1309
534: 
535: 1139,1606
536: 
2003: 1969,1417,638,928,1653,426,1260,491,1804,1141,1591,1023,236,876,1633,1440,807,1179,1552,220,578,200,120,558,760,1355,1575,253
538: 
539: 1321
540: 520,706
541: 1737,1322,682,493,901,1356,183,625,1189,1027,699,618,2018,203,1514,1983,1558,1159,1150,506,1840,831
1789: 223,932
543: 
544: 
1768: 633,1152
546: 
547: 1732,486,349,157
548: 
549: 
1997: 882,946,263,1124,833,1858,1579,1383,62,2004,361,798,1077,22,1677,662,112,1972
551: 
552: 
553: 1731,678,1279
554: 
555: 1475,131,2014,1879,247,1300,756,1118,1901,448,1825,1587
556: 255
557: 
558: 220,578,200,120,760,1355,1575,253,1969,928,2003,491,1804,807,1179,1552
559: 
560: 
561: 1967,300
562: 499,387,378,1376,1865,2002,666,1308,1339,1046,1816,1719,146,129,273,1659
1727: 1385
564: 487,362,478,377,594,1237,494,732,2006,358,1697,1095,1303,1350,935,176,1518,1555,1824,573
565: 1573,766
566: 
567: 86,1455,193,1338,582,1857,12,842,1810,2013,1019,1610,1265,1828,1541
568: 1385
2013: 7,86,1455,193,567,1338,582,1857,12,1863,663,1409,842,1810,314,1019,1224,1745,58,1225,1610,1265,1221,514,1828,1570,141,1331,1073,1496,777,1764,1541,808,227,26
570: 
571: 
572: 457
573: 176,1518,1555,1824,478,377,594,1237,494,732,2006,358,564,1095,1303,1350,836,935
574: 1800,629,409,1712,1432,217,1499,903,109,1015,916,307,1602,302,2000,870,1770,818,1244,1993,237,77,394,458,635,339,132,1728,229,1819
575: 
576: 
577: 
578: 220,200,120,558,760,1355,1575,253,1969,1417,638,928,2003,1653,426,491,1804,1023,1633,807,1179,1552
579: 596,613
580: 
1830: 759
582: 7,86,193,567,1338,1857,12,842,1810,2013,314,1019,1224,1225,1610,1265,1331,1541
1910: 
584: 2
585: 
586: 952
587: 
588: 1104
1829: 
590: 599,144,1446,1024,473,1848,319,527,1738,1641,1190,1214,811,1116,1120,780,1123,2010
591: 
592: 906,372
593: 1503,75
594: 478,377,1000,1237,494,2006,358,564,1095,1303,1350,836,935,176,1824,573
595: 
596: 613,579
597: 1713,1228,1330,1295,18,479,1381,1714,2016,1724,1924,1953
598: 
599: 144,1554,1446,1024,473,1848,319,1933,590,527,1738,697,1641,1190,1760,1476,1214,985,1004,1650,233,811,1116,1120,816,780,1123,963,2010,170,430
600: 
601: 1164,188,1195,1681
2012: 1763,293,1599,1332,1471,414,1895,192,417,1564,1256,1482,1533,730,1948,238,1956,1424,351,821,1859
603: 1954,1642
604: 216,978
605: 1132
606: 
607: 226,1203,470
608: 425
1929: 1251
610: 853
611: 1757
612: 
613: 596,579
614: 
615: 
616: 
617: 1939,461
618: 1737,1322,682,493,901,1356,625,1189,1027,541,699,804,2018,203,1983,1159,1150,1840,831
619: 1213,352,881,854
620: 
621: 126,708
622: 
1859: 1763,293,1599,1332,1471,2012,414,1895,192,417,1564,1256,1482,730,1948,238,1956,351,821
624: 651,1866
625: 1737,1322,682,493,901,1356,183,1189,1027,541,699,804,618,2018,203
626: 1353
627: 204,1437
628: 
629: 1800,574,409,1712,1432,1499,903,109,916,307,302,2000,1244,1993,237,1819
630: 1894,1252,1173
631: 
632: 1348,161
633: 1768,1152
634: 1064
635: 307,1602,302,2000,870,685,1204,1770,818,1244,1993,77,394,458,339,132,1728,1819,1800,574,1712,217,903,1015
636: 1311
637: 515,1845
638: 1969,1417,928,2003,1653,426,1260,491,1141,1591,1023,236,876,1633,1440,807,1179,1552,578,120,253
1855: 
1844: 
641: 
642: 1041,1458
643: 117,19,1281
1712: 1800,574,629,409,1432,217,903,109,1015,916,307,302,2000,870,818,1244,1993,237,77,394,458,635,132,1728,229,1819
645: 
1920: 
1828: 1455,193,567,1338,12,1409,1810,2013,1019,1224,1610,1265,1331,1496,777,1541,808,227,26
1943: 698,940,1961,2019,958,1484,251,1249,1977,1128,1083,670,180,1342,1540,1568,1798,855,1419,1362,786
649: 
650: 1475,131,1611,2014,1879,1300,756,1118,1901,448,1938,1934,1825,1587
651: 624,1866,482
1922: 765,1812,1285,1448,1036
653: 487,362,1237,732,2006,1697
654: 
655: 850,100,1923,879,49,2008,1521,1257,1060,1042,1896,1275,1598,333,1061,249,1736,1992,1167,1091,929,1029,1783,1216,208,1043
656: 352,881,854
657: 1421
1795: 1080,2011,1103,981,528,1469,874,475,184,1433,1838,1284,1708,74,914,313,1435,1523
659: 
660: 1158
661: 
662: 1383,62,2004,361,798,1077,22,1677,1964,112,1972,882,946,263,1124,1858,1997
663: 7,86,193,1338,1863,1409,2013,1745,58,1225,1221,514,141,1073,777,1764,227,26
664: 1368
1921: 
666: 499,387,1865,2002,1339,1816,1719,296,562,146,129,273,87,1659
1748: 762,672,1625
668: 680
669: 495,1823,1318,1013,1837,1377,463,54,1186,134,2007,1267,81,1052,408,785,1945,1408
670: 698,940,1961,2019,1354,958,1943,294,1484,1249,1977,1128,41,1083,1781,1342,1540,1568,1798,855,1903,477,1362,786
671: 
672: 1733,762,1748,1625
673: 282,1694
1806: 
675: 
676: 
677: 
678: 1731,553,1279
679: 
680: 668
681: 
682: 1737,1322,493,901,1356,183,625,1189,1027,541,699,618,2018,203,1983,1558,1159,1150,506,1840,831
683: 
684: 1470
685: 1602,2000,870,1204,1770,1993,77,394,458,635,339,132,1728,217
686: 812,1963
687: 1341,2007,1684,1988,1267,365,1202,1052,408,785,1945,990,1408,1823,1318,222,463,54,965,134
688: 242,1313
689: 106,175,5
690: 890,1035
691: 1574,1729,182,1508
692: 2017,1079,1429,163,1774,1177,1752,1690,156,1588,1560,1181,1860,1710,863,47,1487,949,1394,856,1319,1210,945,1280,1263,1740
693: 1990,322,415
694: 1098,709,1509
695: 
696: 716,410
697: 599,144,1554,1446,473,1933,527,1738,1641,1190,1760,1476,985,1004,1494,816,780,963,2010,170,430
698: 940,2019,1354,958,435,1943,294,1484,1249,1083,670,180,1342,1540,1798,477,1362,786
699: 1737,1322,682,493,901,1356,183,625,1189,1027,541,804,618,2018,203,1514,1983,1159,1150,1840,831
700: 
701: 1295,18,479,1381,1714,2016,1724,1924
2009: 403,462,1892,30,779,225,178,1534,1049,1971,343,331,1483,727,503,317,1528,1371,145,1288,1166,1614
703: 1145,911,440,1395
704: 1498,1654
705: 1462,1744
706: 520,540
707: 
708: 621,126
709: 694,1098,1509
710: 
711: 
712: 1451,1805,1959,968,741,1151
713: 1276,1056,114,1434,2001
2011: 1080,1103,981,528,1469,1795,874,475,184,1433,1838,1284,1708,74,914,313,1435,1853,1523
715: 
716: 696,410
717: 
718: 769,797,2015,971,1965,1452,201,1401,1974,72,267,416,1957,1622,130,1852,532,34,1360,1562,121,862,1121
719: 1699
720: 374,1293
1941: 
722: 
723: 511,1147,240,787
1773: 32,1130
725: 1111,246
1887: 125,523,1092
727: 343,331,1483,503,317,1528,403,462,1892,30,2009,779,1049,145
728: 1550
729: 205,1516
730: 1763,293,1332,1471,2012,414,1895,192,417,1564,1256,1482,1533,1948,238,1956,351,821,1859
731: 753,832,852
732: 487,362,478,377,1529,1237,494,653,2006,1697,564,1095,1303,935,1555,1824,573
733: 
1717: 
735: 1732,1664,486,349,157
1983: 1577,1558,1159,1150,506,1840,831,1737,682,493,1027,541,699,618,2018,203,1514
737: 871,966,1815
738: 16,250
739: 
740: 805,1122,1637
741: 1451,1959,712,1151
1848: 599,144,1554,1446,1024,473,319,590,527,1738,1641,1190,1214,1004,1650,233,811,1116,1120,816,780,1123,963,2010,170
743: 396,772,1427,1808,1987
744: 
745: 1842
746: 457
747: 
748: 1553,864
749: 438,1658
750: 113,887
751: 464,89
752: 851
753: 832,852,731
754: 
755: 
756: 1475,555,131,1611,2014,1879,247,1300,650,1118,1901
757: 
758: 1277,338
759: 1830
760: 578,200,120,558,1355,1575,253,1969,2003,426,491,807,1179,1552
761: 
762: 1733,1748,672,1625
763: 
764: 1874,428,372,906
765: 792,1922,1812,1448,1036
766: 565,1573
1870: 1066
768: 
769: 797,2015,971,1965,1452,201,1401,1974,72,718,267,416,1957,1622,130,1852,532,34,1360,1562,121,862,1121
770: 305
771: 
772: 743,396,1427,1808
773: 
774: 
775: 406
776: 530
777: 1570,1331,1073,1496,1764,1541,808,227,26,7,86,1455,193,1338,1857,12,663,1409,1810,2013,1019,1224,1745,58,1225,1610,1265,1221,514,1828
2015: 769,797,971,1965,1926,1452,1138,201,1401,1974,1883,13,72,718,904,267,469,416,1957,1622,130,1852,532,34,122,98,1360,1562,121,862,1121
779: 403,462,1892,30,2009,225,178,1534,1049,1971,343,331,1483,727,503,317,1528
780: 1760,1476,936,1214,985,1004,1650,233,1494,811,1116,1250,1120,298,816,1123,963,2010,948,170,430,599,144,1554,1446,1024,473,1848,319,590,527,1738,697,1641,1190
781: 1905,1707,950
1769: 45,1276,1056,114,1434,390,1705,2001,1787,1799
783: 
784: 970,1011
785: 687,2007,1684,1267,81,365,1052,408,1945,990,1408,1013,669,134
786: 698,940,1961,2019,1354,958,435,1943,294,1484,251,1249,1977,1128,1083,670,1781,180,1342,1540,1568,1798,855,477,1362
787: 511,1147,240,723
1891: 93
789: 1180,1366
790: 
791: 
792: 765,1812,1448,1036
793: 1947,977
794: 419
795: 1453
796: 
797: 769,2015,971,1965,1926,1138,1974,1883,13,72,718,904,267,469,416,1957,1622,130,1852,532,34,122,1360,121
798: 1383,62,2004,361,1077,1677,1964,662,112,1972,882,263,1124,833,1997,1579
799: 
800: 
1761: 
1738: 599,144,1024,473,1848,319,590,527,697,1641,1190,1760,1214,1004,1650,811,1116,1120,816,780,1123,963,2010
803: 
804: 1737,1322,901,1356,625,1189,699,618,2018
805: 740,1122,1637
806: 
807: 1969,1417,638,928,2003,1653,426,1260,491,1804,1141,1591,1023,236,876,1633,1440,1179,1552,578,120,558,760,1355,253
808: 1570,1331,1073,1496,777,1764,1541,227,26,1455,193,1338,1409,2013,1019,1224,1265,514,1828
809: 
810: 
811: 936,1214,985,1004,1650,233,1116,1250,1120,298,816,780,1123,963,2010,948,170,430,599,1446,1848,319,590,527,1738,1641,1190
812: 686,1963
813: 1404,472,1608
814: 
815: 1292,1645
816: 1760,1476,936,1214,985,1004,1650,233,1494,811,1116,1250,1120,298,780,1123,963,2010,948,170,430,599,1554,1446,473,1848,1933,527,1738,697,1641,1190
817: 
818: 307,1602,302,2000,870,1770,1244,1993,237,77,394,458,635,229,1819,574,1712,1432,217,903,916
819: 418
820: 
821: 1763,293,1599,1471,2012,414,417,1564,1256,1482,730,238,1956,351,1859
822: 289,1436
823: 
824: 1674,829
2017: 1079,1429,83,163,1774,1177,1752,1690,156,1588,1560,123,1181,692,1860,1710,863,47,1487,949,1394,856,1319,1210,945,1280,1263,1740
826: 
827: 
1757: 611
829: 1674,824
830: 1530
831: 1983,1577,1558,1159,1150,506,1840,1737,682,493,901,1189,1027,541,699,618,2018,203,1514
832: 753,852,731
833: 882,946,263,1124,1858,1997,1579,1383,2004,361,798,1677,112
834: 1107,1014,975
1729: 691,1574,182
836: 478,377,1000,1529,594,2006,358,1095,1303,1350,935,573
837: 1827,1047
1985: 
839: 
1984: 
841: 902,60
842: 7,86,193,567,1338,582,1857,12,1863,1810,2013,314,1019,58,1225,1610
843: 
844: 
1955: 
1758: 
847: 1396,1500
2004: 1383,62,361,798,1077,22,1677,1964,662,112,1972,882,946,263,1124,833,1858,1997,1579
1816: 499,387,378,1376,1865,2002,666,1339,1046,1719,562,146,129,1240,273,87,1659
850: 100,879,2008,1521,1257,1060,655,1042,1896,1275,1598,333,1061,249,1736,1992,1167,1091,929,1029,1783,1216,208,1043
851: 752
852: 753,832,731
853: 610
854: 1213,352,881,656,619
855: 940,1961,2019,958,1520,1943,1484,1045,251,1249,1977,1128,41,1083,670,1781,1342,1568,1798,1419,1903,477,1968,1578,1362,179,786
856: 2017,1079,1429,83,163,1774,1177,1752,1690,156,1588,1560,123,1181,692,1860,863,47,1487,949,1394,1319,1210,945,1280,1263,1740
857: 
858: 
1821: 1175
860: 1947,977,431
861: 
862: 769,2015,1452,201,1401,718,1957,1622,130,1852,34,1360,1562,1121
863: 2017,1079,1429,163,1774,1177,1752,1690,156,1588,1560,123,1181,692,1860,1710,1487,949,856,1319,1210,1280,1263,1740
864: 1553,748
865: 1536
866: 159
867: 
868: 
1950: 
870: 307,1602,302,2000,685,1204,1770,818,1244,1993,77,394,458,635,339,132,1728,229,1819,1800,574,409,1712,217,903,109,1015
871: 737,966
1740: 1319,945,1280,1263,2017,1079,1429,1177,1752,156,692,1860,1710,863,1487,949,856
873: 1754,1316
874: 1080,2011,1103,981,528,1469,1795,475,184,1433,1838,74,914,313,1853,1523
875: 
876: 1417,638,928,2003,1653,426,1260,491,1141,1023,236,1633,1440,807
877: 1688
1785: 1973,1392
879: 850,100,1923,49,2008,1521,1257,1060,655,1042,1275,1598,333,249,1736,1992,1167,1091,929
880: 1185,1497,920
881: 1213,352,854,656,619
882: 946,263,1124,833,1858,1997,1579,1383,62,2004,361,798,1077,1677,662,112
1972: 1383,62,2004,798,22,1677,1964,662,946,1124,1858,1997,1579
884: 1755
885: 
886: 1460,278
887: 113,750
1895: 1763,293,1332,1471,2012,192,417,1482,1533,730,1948,238,1424,351,1859
889: 
890: 1035,690
1709: 25
892: 445,89
893: 
894: 
1728: 307,1602,2000,870,685,1204,1770,1244,1993,77,394,458,635,339,132,1819,574,1712,217,903,1015
896: 
897: 1980
898: 
899: 
1960: 
901: 1737,1322,682,493,1356,183,625,1189,1027,541,699,804,618,2018,203,831
902: 60,841
903: 1800,574,629,409,1712,1432,217,1499,109,1015,916,307,302,2000,870,1770,818,1244,1993,237,77,394,635,132,1728,1819
904: 797,2015,971,1965,1926,1974,1883,13,72,267,469,1957,1852,532,122,121
905: 
906: 592,1874,764,428,372
2007: 1341,687,1684,1988,1267,81,365,1202,1052,408,785,1945,990,1408,495,1001,1823,1318,1013,1837,222,1377,463,54,669,1186,965,134
1853: 1435,1080,2011,1103,981,874,184,1284,1708,74,914,313
909: 465
1832: 
911: 1145,703,440,1395
912: 
913: 
914: 1080,2011,1103,981,528,1469,1795,874,475,184,1433,1838,1284,1708,74,313,1435,1853,1523
1764: 1570,141,1331,1073,1496,777,1541,808,227,26,7,86,1455,193,1338,663,1409,1810,2013,1224,1745,58,1225,1610,1221,514
916: 574,629,1712,1432,1499,903,109,307,302,2000,818,1244,1993,237,229,1819
917: 1908,1379,292
918: 
1959: 1451,712,741,1151
920: 1185,880,1497
1986: 
922: 1846
923: 
924: 1005,942,933,9
925: 
926: 
927: 
928: 1969,1417,638,2003,1653,426,1260,491,1804,1023,236,876,1633,807,1179,220,578,120,558,1355,253
929: 1091,1029,1216,850,100,1923,879,49,2008,1060,655,1042,1275,1598,333,249,1736,1992,1167
930: 
1856: 1722,39
932: 223,1789
933: 1005,942,924,9
934: 
935: 362,478,594,1237,494,732,2006,358,564,1095,1303,1350,836,176,1518,1555,1824,573
936: 1214,1004,1650,233,811,1116,1250,1120,298,816,780,2010,948
937: 1827
938: 
939: 1062,390,261,78,1345,1772,1160,1705,2001,1787,1799
940: 698,1961,2019,1354,958,1520,1943,294,1484,251,1249,1977,1128,1083,670,1781,180,1342,1540,1568,1798,855,1419,477,1578,1362,179,786
941: 
942: 1005,924,933,9
943: 209,1369
944: 1882
945: 1319,1210,1280,1263,1740,2017,1177,1690,692,949,1394,856
946: 882,263,1124,833,1858,1997,1579,2004,22,1677,662,1972
947: 239,1676,1315,2005,1884,370,1172,1032,286,1243,1407,1233,1020,1940
948: 1760,936,1214,985,1004,1650,233,1494,811,1116,1250,298,816,780,2010,221,430,1190
949: 2017,1079,1429,1774,1177,1752,1690,156,1560,1181,692,1860,863,47,1487,1394,856,1319,1210,945,1280,1263,1740
950: 1905,781,1707
951: 
952: 586
1807: 
954: 
1850: 1695,433
956: 
957: 
958: 1479,698,940,2019,1354,1520,435,1943,294,1484,1045,251,1249,1977,1083,670,1781,180,1342,1540,1568,1798,855,1419,1903,477,1968,1578,1362,786
959: 
960: 
961: 432,1050
962: 1099
963: 1760,1476,1214,985,1004,1650,233,1494,811,1116,1250,816,780,1123,2010,170,430,599,144,1554,1446,473,1848,319,1933,527,1738,697,1641,1190
964: 84,1635
965: 495,1001,1823,1318,222,463,54,134,1341,687,2007,1202,1052,408,1945,1408
966: 1815,737,871
967: 1510,1638,1556
968: 1805,712
969: 
970: 784,1011
971: 769,797,2015,1965,1926,1452,1138,201,1401,1974,1883,13,72,718,904,267,469,416,1957,1622,130,1852,532,122,98
1965: 769,797,2015,971,201,1974,1883,13,72,718,904,267,469,1957,1852,532,34,122,1360,121,1121
973: 
974: 154
975: 55,1014,834
976: 1439
977: 431,860,1947,793
978: 604,216
979: 
980: 
981: 1080,2011,1103,528,1469,1795,874,475,184,1433,1838,1284,1708,74,914,313,1435,1853,1523
982: 
983: 1222
984: 
985: 1760,1476,1004,1650,233,1494,811,1116,1250,816,780,963,2010,948,170,430,599,1554,1446,473,1933,527,697,1641,1190
986: 
987: 
988: 
1889: 
990: 1341,687,2007,1684,1988,1267,81,365,408,785,1945,1408,1013,1377,463,54,1186,134
991: 
992: 1876
1999: 92,451,1208
994: 1270,1589
995: 349
1797: 
997: 
1874: 764,428,372,906
999: 
1000: 478,377,1529,594,2006,358,1697,1095,1350,836
1001: 495,1823,1318,1837,222,1377,463,54,965,134,2007,1408
1904: 
1003: 
1004: 1760,1476,936,1214,985,1650,233,1494,811,1116,1250,1120,298,816,780,1123,963,2010,948,221,170,430,599,1554,1446,473,1848,1933,527,1738,697,1641,1190
1005: 942,924,933,9
1006: 
1952: 
1008: 
1009: 
1010: 
1011: 970,784
1012: 
1013: 495,1823,1837,1377,463,54,669,1186,134,1341,2007,1684,1267,81,365,1052,408,785,1945,990,1408
1014: 1107,834,975
1015: 1800,574,409,1712,217,903,307,302,2000,870,1204,1770,1244,1993,77,394,458,635,339,132,1728,1819
1016: 
1017: 
1763: 293,1599,1332,1471,2012,414,1895,192,417,1564,1256,1482,1533,730,1948,238,1956,1424,351,821,1859
1019: 7,86,1455,193,567,1338,582,1857,12,1409,842,1810,2013,1224,1225,1610,1265,1828,1331,1496,777,1541,808,227,26
1020: 1233,1940,2005,947,1884,370,1172,286,1243,1407
1021: 1130,32
1022: 
1023: 1417,638,928,2003,1653,1260,491,1804,236,876,1633,807,1179,578,1355,253
1024: 599,144,1554,1446,473,1848,319,590,527,1738,1641,1190,1120,780,1123,2010
1025: 1057,69
1026: 
1027: 1737,1322,682,493,901,1356,183,625,541,699,618,2018,203,1514,1983,1159,1150,506,1840,831
1028: 
1029: 1091,929,1783,1216,850,2008,1521,1060,655,1042,1896,1275,1598,333,1061,249,1736,1992,1167,208
1030: 1412
1903: 1479,1961,2019,1354,958,1520,435,1484,1045,251,1249,1977,1128,41,670,1781,1342,1540,1568,1798,855,1419,477,1968,1362,179
1032: 239,1676,1191,1315,2005,947,1884,1563,1033,1172,286,1243,1407,303,1940
1033: 239,1676,1191,1315,2005,1884,1563,1032
1034: 
1035: 890,690
1036: 1448,792,1922,765,1812,1285
1741: 
1038: 
1863: 7,86,193,1338,1857,12,663,1409,842,1810,2013,314,1745,58,1610,1221,514
1040: 
1041: 642
1042: 850,100,1923,879,49,2008,1521,1257,1060,655,1896,1275,1598,333,1061,249,1736,1992,1167,1091,929,1029,1783,1216,1043
1043: 208,1783,850,2008,1521,1257,1060,655,1042,1896,1598,1061,1736
1044: 
1045: 1479,1961,2019,1354,958,1520,1484,251,1977,41,1781,1342,1568,1798,855,1419,1903,477,1968,1578,179
1046: 387,378,1376,1865,2002,1308,1816,1719,562,129
1047: 837
1048: 1663
1049: 403,462,1892,30,2009,779,225,178,1534,1971,343,331,1483,727,503,317,1528,1371,145,1288,1166,1614
1050: 432,961
1051: 1327,1833
1052: 1341,687,2007,1684,1988,1267,81,365,1202,408,785,1945,1408,1823,1318,1013,222,1377,463,54,669,965,134
1053: 
1054: 
1055: 15,297,167,1566
1056: 1769,45,1276,114,1434,713,390,261,1705,2001,1787,1799
1057: 69,1025
1058: 1218
1059: 
1060: 850,1923,879,49,2008,1521,1257,655,1042,1275,1598,333,1061,1736,1992,1091,929,1029,1216,208,1043
1061: 850,2008,1521,1257,1060,655,1042,1896,1598,333,249,1736,1167,1091,1029,1783,1216,208,1043
1062: 390,261,78,1345,939,1772,1160,1705,2001,1787,1799,45,1434
1875: 
1064: 634
1936: 
1066: 1870
1067: 1358,1975
1899: 
1069: 
1070: 1698,1696,1272,257,1117
1071: 1274
1072: 1261
1073: 1570,141,1331,777,1764,808,227,26,7,193,1338,663,1409,2013,1745,58,1225,1221,514
1074: 290
1075: 66
1979: 
1077: 1383,62,2004,361,798,1677,1964,662,112,882,1997
1078: 133,1702
1079: 2017,1429,163,156,1588,1181,692,1860,1710,863,1487,949,856,1319,1263,1740
1080: 2011,1103,981,528,1469,1795,874,475,184,1433,1838,1284,1708,74,914,313,1435,1853
1081: 
1082: 
1083: 698,940,2019,958,1943,294,1484,251,1249,1977,670,1781,180,1342,1540,1798,855,1419,1578,1362,786
1792: 1352,1447
1973: 1785
2002: 499,387,378,1376,1865,666,1308,1339,1046,1816,1719,296,562,146,129,1240,273,87,1659
1087: 
1088: 
1089: 
1948: 1763,293,1332,1471,2012,414,1895,192,417,1256,1482,1533,730,1956,1424,351,1859
1091: 929,1029,1783,1216,850,879,49,2008,1521,1060,655,1042,1275,1598,333,1061,1736,1992,1167
1092: 1887,125,523
1093: 
1094: 40
1095: 487,362,478,377,1000,1529,594,1237,494,732,2006,358,1697,564,1303,1350,836,935,1824,573
1096: 1097,1313,516
1097: 1096,1105,516
1098: 694,709,1509
1099: 962
1100: 
1988: 1341,687,2007,1684,1267,81,365,1202,1052,408,1945,990,1408,54,1186
1102: 
1103: 1080,2011,981,528,1469,1795,874,475,184,1433,1838,1284,1708,914,313,1435,1853
1104: 588
1105: 1097
1106: 
1107: 1014,834
1108: 518
1837: 495,1001,1823,1318,1013,222,1377,463,54,669,1186,134,2007,1267,408,1945,1408
1110: 1867
1111: 246,725
1112: 36
1944: 
1752: 2017,83,163,1774,1177,1690,156,1588,1560,123,1181,692,1860,1710,863,47,1487,949,1394,856,1319,1263,1740
1115: 276,415
1116: 1760,936,1214,985,1004,1650,233,811,1250,1120,298,816,780,963,2010,948,599,1848,590,527,1738,1641,1190
1117: 1698,1070,1696,1272,257
1118: 1475,555,1611,2014,1879,1300,756,650,1901,448,1938,1934,1825,1587
1883: 797,2015,971,1965,1926,1138,1974,13,72,904,267,469,416,1957,1622,1852,532,122,98
1120: 936,1214,1004,1650,811,1116,816,780,1123,2010,599,1024,1848,319,590,527,1738,1641,1190
1121: 769,2015,1965,1452,201,1401,1974,13,72,718,267,1957,1622,130,1852,532,34,122,1360,1562,121,862
1122: 1637,805,740
1123: 1214,1004,1650,233,811,1120,298,816,780,963,2010,170,430,599,144,1554,1446,1024,1848,319,590,527,1738,1641
1124: 882,946,263,833,1858,1997,1579,1383,62,2004,798,22,1677,1964,662,112,1972
1125: 1978,1623,274
1126: 
1127: 185,228,381
1128: 940,1961,2019,1943,1484,251,1249,1977,41,670,1781,1342,1568,1798,855,1419,1903,477,179,786
1905: 781,1707,950
1130: 1021,32,1773
1131: 
1132: 605
1133: 
1134: 
1135: 404
1136: 
1991: 
1138: 797,2015,971,1926,1452,1401,1974,1883,267,416,1622,130,1852,122,98
1139: 535,1606
1809: 
1141: 1969,1417,638,2003,1653,426,1260,491,1591,236,876,1633,1440,807,1552
1142: 
1143: 
1784: 
1145: 911,703,440,1395
1146: 1742,1340,295,400,194
1147: 511,240,723,787,1287
1148: 
2018: 1737,1322,682,493,901,1356,183,625,1189,1027,541,699,804,618,203,1514,1983,1577,1558,1159,1150,506,1840,831
1150: 1983,1558,1159,506,1840,831,1737,1322,682,493,1189,1027,541,699,618,2018,203
1151: 1451,1959,712,741
1152: 1768,633
1153: 
1857: 7,86,1455,193,567,1338,582,12,1863,1409,842,1810,2013,314,1019,1610,777
1155: 15,297,1566
2019: 1479,698,940,1961,1354,958,1520,435,1943,294,1484,1045,251,1249,1977,1128,41,1083,670,1781,180,1342,1540,1568,1798,855,1419,1903,477,1968,1578,1362,179,786
1157: 
1158: 660
1159: 1983,1577,1558,1150,506,1840,831,1737,1322,682,493,1189,1027,541,699,618,2018,203
1160: 1062,390,261,78,1345,939,1772,1705,2001,1799,1276,1434
1161: 411
1162: 1692,1937
1840: 1983,1577,1558,1159,1150,506,831,1737,1322,682,493,183,1189,1027,541,699,618,2018,203,1514
1164: 601,188,1195,1681
1923: 100,879,49,2008,1257,1060,655,1042,1275,1598,333,249,1992,1167,929
1166: 1288,1614,331,1483,503,1528,403,462,1892,2009,225,178,1534,1049,1971,1371,145
1167: 850,100,1923,879,49,2008,1521,1257,655,1042,1896,1275,1598,333,1061,249,1736,1992,1091,929,1029,1783,1216
1168: 
1967: 561
1786: 
1171: 
1172: 239,1676,1315,2005,947,1884,370,1032,286,1243,1407,1233,1020,1940
1173: 1894,1252,630
1174: 
1175: 1821
1176: 1488,42,173
1177: 2017,1429,83,1774,1752,1690,156,1588,1560,123,1181,692,1860,863,47,1487,949,1394,856,1319,1210,945,1280,1263,1740
1940: 1233,303,1020,239,1676,1315,2005,947,1884,1172,1032,286,1243,1407
1179: 1969,1417,638,928,2003,1653,426,1260,491,1804,1591,1023,236,1633,807,1552,220,578,200,120,558,760,1355,253
1180: 789,1366
1181: 2017,1079,1429,83,163,1774,1177,1752,1690,156,1588,1560,123,692,1860,1710,863,47,1487,949,856,1319,1280,1263
1182: 
1183: 
1184: 
1185: 880,1497,920
1186: 495,1823,1013,1837,222,1377,463,54,669,134,1341,2007,1684,1988,1267,81,408,1945,990,1408
1187: 
1188: 
1189: 1737,1322,682,493,901,1356,625,541,699,804,618,2018,203,1159,1150,1840,831
1190: 599,144,1554,1446,1024,473,1848,1933,590,527,1738,697,1641,1760,1476,1214,985,1004,1650,811,1116,1250,1120,816,780,963,2010,948
1191: 239,1676,1315,2005,1884,1563,1033,1032
1192: 277
1193: 
1194: 
1195: 188,1164,601,1681
1196: 
1197: 
1772: 1062,390,261,78,1345,939,1160,1705,2001,1799,1276
1199: 526,1646
1755: 884
1201: 
1202: 1341,687,2007,1684,1988,1267,1052,408,1945,1408,1823,1318,222,463,54,965,134
1203: 226,607,470
1204: 1602,2000,870,685,1770,77,394,458,635,339,132,1728,217,1015
1205: 1258
1987: 1427,743,396
1822: 
1208: 92,451,1999,1411
1209: 
1210: 1319,945,1280,1263,2017,1429,1774,1177,1690,692,863,949,1394,856
1211: 
1212: 
1213: 881,854,619
1214: 936,1004,1650,233,811,1116,1250,1120,298,816,780,1123,963,2010,948,170,430,599,1848,319,590,527,1738,1641,1190
1215: 
1216: 1091,929,1029,1783,850,100,49,2008,1521,1060,655,1042,1896,1275,1598,333,1061,249,1736,1992,1167,208
1217: 
1218: 1058
1885: 
1220: 224
1221: 7,86,193,1338,1863,663,1810,2013,314,1224,1745,58,1225,1610,514,1331,1073,777,1764,1541,26
1222: 983
1223: 95
1224: 86,193,1338,582,12,1810,2013,1019,1225,1610,1265,1221,1828,1331,1496,777,1764,1541,808,26
1225: 7,86,193,1338,582,12,663,842,1810,2013,314,1019,1224,1745,58,1610,1221,1331,1073,777,1764,1541,26
1226: 
1227: 
1228: 206,1330,479,1381,1714,2016,1924,1725,597
1760: 1476,985,1004,1650,233,1494,1116,1250,816,780,963,2010,948,221,430,599,473,527,1738,697,1190
1230: 
1231: 515,133,1845,1702
1232: 
1233: 303,1020,1940,2005,947,1172,1243,1407
1234: 1259
1896: 850,100,2008,1521,1257,655,1042,1598,333,1061,249,1736,1167,1029,1783,1216,208,1043
1236: 
1237: 487,362,478,377,1529,594,494,732,653,2006,358,1697,564,1095,1303,1350,935,1518,1555,1824,573
1876: 992
1239: 1628,1247
1240: 378,1376,1865,2002,1308,1339,1816,1719,146,87,1659
1241: 1561
1914: 
1243: 1676,2005,947,1884,1172,1032,1407,1233,303,1020,1940
1244: 307,1602,302,2000,870,1770,818,1993,237,77,458,635,132,1728,229,1819,574,629,1712,1432,217,1499,903,109,1015,916
1245: 
1246: 
1247: 1628,1239,336
1248: 1306
1249: 1479,698,940,1961,2019,1354,958,435,1943,294,1484,251,1977,1128,1083,670,1781,180,1342,1540,1568,1798,855,1419,1903,477,1578,1362,786
1250: 1760,1476,936,1214,985,1004,1650,233,1494,811,1116,298,816,780,963,2010,948,221,430,1190
1251: 1929
1252: 1894,1173,630
1253: 
1800: 574,629,409,1712,1432,217,903,1015,302,2000,870,1770,1993,394,635,339,1819
1255: 
1256: 1763,293,1599,1471,2012,414,192,417,1564,730,1948,1956,351,821,1859
1257: 850,100,1923,879,2008,1521,1060,655,1042,1896,1275,1598,333,1061,249,1167,1043
1258: 1205
1259: 1299,1234
1260: 1969,1417,638,928,2003,1653,426,1141,1591,1023,236,876,1633,1440,807,1179
1261: 1072
1262: 
1263: 1319,1210,945,1280,1740,2017,1079,1429,163,1774,1177,1752,1690,156,1181,692,1860,1710,863,1487,949,856
1264: 
1265: 1455,193,567,1338,582,12,1810,2013,1019,1224,1610,1828,1331,1496,777,1541,808,227,26
1266: 1387
1267: 1341,687,2007,1684,1988,81,365,1202,1052,408,785,1945,990,1408,495,1823,1318,1013,1837,1377,463,54,669,1186,134
1268: 1590,1538
1912: 259
1270: 994,1589
1868: 1454
1272: 1698,1070,1696,257,1117
1273: 
1274: 1071
1275: 850,100,1923,879,49,2008,1521,1257,1060,655,1042,1598,333,249,1736,1992,1167,1091,929,1029,1216
1276: 1769,45,1056,114,1434,713,390,261,1345,1772,1160,1705,2001,1799
1277: 338,758
1278: 
1279: 1731,678,553
1280: 1319,1210,945,1263,1740,2017,1429,1177,1690,156,1181,692,1860,863,1487,949,1394,856
1281: 643,117,19
1282: 
1283: 474
1284: 1080,2011,1103,981,1469,1795,184,1838,1708,74,914,313,1435,1853,1523
1285: 1922,1448,1036
1961: 940,2019,1943,1484,1045,1249,1977,1128,41,670,1781,1342,1540,1568,1798,855,1419,1903,477,179,786
1287: 1147,240
1288: 1166,1614,1483,317,1528,403,1892,30,2009,225,178,1534,1049,1971,1371,145
1289: 
1290: 1747
1291: 
1292: 815,1645
1293: 374,720
1294: 1701
1295: 1713,1330,18,479,1381,1714,2016,701,1724,1924,597,1953
1296: 111
1297: 1384
1298: 
1299: 1259
1300: 1475,555,131,1611,2014,1879,247,756,650,1118,1901,448,1938,1934,1825,1587
1301: 
1302: 262,1545
1303: 487,478,377,594,1237,494,732,2006,358,1697,564,1095,1350,836,935,176,1555,1824,573
1954: 1642,603
1767: 1608
1306: 1248
1307: 
1308: 378,1376,1865,2002,1046,1719,562,146,129,1240
1309: 533
1310: 
1311: 636
1932: 1361
1313: 242,688,1096
1981: 1344
1315: 239,1676,1191,2005,947,1884,1563,1033,1172,1032,286,1407,1940
1316: 1754,873
1317: 
1318: 495,1001,1823,1837,222,1377,463,54,669,965,134,1341,687,2007,1684,1267,1202,1052,408,1945,1408
1319: 1210,945,1280,1263,1740,2017,1079,1429,163,1774,1177,1752,1690,1560,1181,692,1860,863,47,1487,949,1394,856
2014: 1475,555,131,1611,1879,247,1300,756,650,1118,1901,448,1938,1934,1825,1587
1321: 1839,1766,139,539
1322: 1737,682,493,901,1356,183,625,1189,1027,541,699,804,618,2018,203,1159,1150,1840
1918: 
1324: 
1325: 6
1326: 
1327: 1051,1833
1328: 
1329: 
1330: 206,1713,1228,1295,479,1381,1714,2016,1924,1725,597
1331: 1570,1073,1496,777,1764,1541,808,227,26,7,86,1455,193,1338,582,1409,1810,2013,1019,1224,1745,58,1225,1610,1265,1221,514,1828
1332: 1763,293,1471,2012,414,1895,192,417,1482,1533,730,1948,238,1424,351,1859
1798: 1479,698,940,1961,2019,1354,958,435,1943,294,1484,1045,251,1249,1977,1128,41,1083,670,1781,180,1342,1540,1568,855,1419,1903,477,1578,1362,786
1846: 922
1335: 
1336: 
1337: 
1338: 7,86,1455,193,567,582,1857,12,1863,663,1409,842,1810,2013,314,1019,1224,1745,58,1225,1610,1265,1221,514,1828,1331,1073,1496,777,1764,1541,808,227,26
1339: 499,387,1865,2002,666,1816,1719,296,562,146,129,1240,273,87,1659
1340: 295,400,194,1146,1742
1341: 687,2007,1684,1988,1267,81,365,1202,1052,408,1945,990,1408,495,1823,1318,1013,222,1377,463,54,1186,965,134
1342: 1479,698,940,1961,2019,1354,958,1520,1943,1484,1045,251,1249,1977,1128,41,1083,670,1781,180,1540,1568,1798,855,1419,1903,477,1968,1578,1362,179,786
1343: 
1344: 1981
1345: 1062,390,261,78,939,1772,1160,2001,1276
1346: 
1347: 
1348: 632,161
1825: 1587,1938,1934,1475,555,2014,1879,1300,650,1118,1901,448
1350: 487,362,478,377,1000,1529,594,1237,494,2006,358,1697,564,1095,1303,836,935,573
1351: 
1352: 1792,1447
1353: 626
1354: 1479,698,940,2019,958,1520,435,294,1484,1045,251,1249,1977,670,1781,180,1342,1540,1568,1798,1903,477,1968,1578,1362,786
1355: 220,578,200,120,558,760,253,1969,1417,928,2003,491,1804,1023,236,807,1179
1356: 1737,1322,682,493,901,183,625,1189,1027,541,699,804,618,2018
1951: 
1358: 1495,1620,1975,1067
1359: 
1360: 769,797,2015,1965,201,1974,718,267,1957,130,1852,532,34,1562,121,862,1121
1361: 1932
1362: 1479,698,940,2019,1354,958,1520,435,1943,294,1484,251,1249,1977,1083,670,1781,180,1342,1540,1568,1798,855,1419,1903,477,1578,786
1363: 
1835: 402
1365: 
1366: 789,1180
1367: 
1368: 664
1369: 943,209
1370: 
1371: 145,331,1483,503,317,1528,2009,178,1049,1288,1166
1372: 
1373: 
1996: 1384
1375: 
1376: 378,1865,2002,1308,1046,1816,1719,562,129,1240
1377: 495,1001,1823,1318,1013,1837,222,463,54,669,1186,134,1341,2007,1684,1267,81,1052,408,1945,990,1408
1747: 1290
1379: 1908,1632,917,292
1724: 1713,1295,18,1714,2016,701,1924,597,1953
1381: 206,1228,1330,1295,18,479,1714,2016,701,1924,1725,597
1382: 108
1383: 62,2004,361,798,1077,22,1677,1964,662,112,1972,882,1124,833,1858,1997,1579
1384: 1297,1996
1385: 568,1727
1386: 
1387: 1266
1388: 518
1389: 
1971: 403,462,1892,30,2009,779,225,178,1534,1049,1483,1528,145,1288,1166,1614
1734: 519
1392: 1785
1393: 
1394: 2017,1774,1177,1752,1690,1560,692,1860,47,949,856,1319,1210,945,1280
1395: 1145,911,703,440
1396: 1500,1501,847
1722: 1856,39
1398: 
1399: 
1791: 
1401: 769,2015,971,1926,1452,1138,201,1974,13,72,718,267,416,1957,1622,130,1852,34,122,98,862,1121
1908: 1632,917,1379
1403: 
1404: 472,813,1608
1405: 
1406: 
1407: 239,1676,1315,2005,947,1884,1172,1032,286,1243,1233,303,1020,1940
1408: 1341,687,2007,1684,1988,1267,365,1202,1052,408,785,1945,990,495,1001,1823,1318,1013,1837,222,1377,463,54,669,1186,965,134
1409: 7,86,1455,193,1338,1857,12,1863,663,1810,2013,1019,1745,58,1610,514,1828,1331,1073,1496,777,1764,1541,808,227,26
1410: 
1411: 451,1208
1412: 1030
1805: 712,968
1414: 
1926: 797,2015,971,1452,1138,201,1401,1974,1883,13,72,904,267,469,416,1957,1622,130,1852,122,98
1845: 1231,515,637,133
1417: 1969,638,928,2003,1653,426,1260,491,1804,1141,1023,236,876,1633,1440,807,1179,1552,578,1355
1808: 1427,743,396,772
1419: 1479,940,1961,2019,958,1520,1943,1045,251,1249,1977,1128,41,1083,1781,1342,1568,1798,855,1903,1968,1578,1362,179
1420: 
1421: 657
1422: 
1992: 850,100,1923,879,49,2008,1521,1060,655,1042,1275,1598,333,249,1736,1167,1091,929,1029,1216
1424: 1763,1332,1471,2012,414,1895,192,417,1533,1948,351
1425: 
1426: 
1427: 1808,1987,743,396,772
1428: 
1429: 2017,1079,163,1774,1177,1690,156,1181,692,1860,1710,863,1487,949,856,1319,1210,1280,1263,1740
1430: 
1431: 82
1432: 1800,574,629,409,1712,217,1499,903,109,916,302,2000,818,1244,1993,237,1819
1433: 1080,2011,1103,981,528,1469,1795,874,475,184,1838,1708,74,914,1523
1434: 1769,45,1276,1056,114,713,1062,390,261,1160,2001,1799
1435: 1853,1080,2011,1103,981,1795,184,1284,1708,74,914,313
1436: 289,822
1437: 627
1819: 1602,302,2000,870,1770,818,1244,1993,77,394,635,1728,229,1800,574,629,409,1712,1432,217,903,109,1015,916
1439: 976,1449
1440: 1969,1417,638,2003,1653,426,1260,491,1141,1591,876,1633,807,1552,120
1441: 
1815: 966,737
1443: 1502,1464
1444: 411,52
1445: 287
1446: 599,144,1554,1024,473,1848,319,1933,590,527,697,1641,1190,1476,985,1004,811,816,780,1123,963,2010,170,430
1447: 1352,1792
1448: 1036,792,1922,765,1812,1285
1449: 1439
1450: 
1451: 1959,712,741,1151
1452: 769,2015,971,1926,1138,201,1401,1974,72,718,267,416,1957,1622,130,1852,34,122,98,862,1121
1453: 795
1454: 1868
1455: 7,86,193,567,1338,1857,12,1409,1810,2013,1019,1610,1265,514,1828,1331,1496,777,1764,1541,808,227,26
1917: 
1457: 
1458: 642
1459: 
1460: 886,278
2005: 239,1676,1191,1315,947,1884,1563,370,1033,1172,1032,286,1243,1407,1233,303,1020,1940
1462: 705,1744
1463: 
1464: 1502,1443
1465: 
1726: 258
1754: 873,1316
1468: 1706
1469: 1080,2011,1103,981,528,1795,874,475,1433,1838,1284,74,914,313,1523
1470: 684
1471: 1763,1332,2012,414,1895,192,417,1256,1482,1533,730,1948,1956,1424,351,821,1859
1472: 
1473: 
1745: 7,86,193,1338,1863,663,1409,1810,2013,314,58,1225,1610,1221,514,1570,141,1331,1073,777,1764,1541,227,26
1475: 555,131,1611,2014,1879,247,1300,756,650,1118,1901,448,1938,1934,1825,1587
1476: 1760,985,1004,233,1494,1250,816,780,963,2010,170,430,599,1554,1446,473,1933,527,697,1641,1190
1477: 33
1478: 
1479: 2019,1354,958,1520,435,294,1045,251,1249,1977,1781,1342,1540,1568,1798,1419,1903,477,1968,1578,1362
1947: 860,793,977
1481: 
1482: 1763,293,1332,1471,2012,1895,192,417,1533,730,1948,238,351,821,1859
1483: 343,331,727,503,317,1528,403,462,1892,30,2009,779,225,178,1534,1049,1971,1371,145,1288,1166
1484: 698,940,1961,2019,1354,958,435,1943,294,1045,251,1249,1977,1128,41,1083,670,1781,1342,1540,1568,1798,855,1903,477,1362,786
1915: 
1858: 882,946,263,1124,833,1997,1579,1383,62,2004,361,22,1677,1964,662,112,1972
1487: 2017,1079,1429,163,1774,1177,1752,1690,156,1588,1560,123,1181,692,1860,1710,863,47,949,856,1319,1280,1263,1740
1488: 1176,173
1489: 
1490: 
1491: 
1492: 
1493: 1995
1494: 1760,1476,985,1004,1650,233,1250,298,816,780,963,2010,948,221,430,697
1495: 1620,1358,1975
1496: 1570,1331,777,1764,1541,808,227,26,1455,193,1338,1409,2013,1019,1224,1610,1265,1828
1497: 1185,880,920
1498: 704,1654
1499: 574,629,1432,903,109,916,302,2000,1244,237
1500: 1396,847
1501: 1396
1502: 1443,1464
1503: 593,75
1504: 
1505: 
1839: 1321,1766,139
1507: 
1508: 691,1574
1509: 694,1098,709
1510: 967,1638,1556
1888: 
1512: 
1513: 
1514: 493,183,1027,541,699,2018,203,1983,1577,1558,506,1840,831
1515: 
1516: 729,205
1517: 404
1518: 176,1555,1824,573,1237,494,2006,564,935
1783: 1091,1029,1216,850,2008,1521,655,1042,1896,333,1061,249,1736,1167,208,1043
1520: 1479,940,2019,1354,958,1045,251,1977,1781,1342,1568,855,1419,1903,1968,1578,1362,179
1521: 850,879,2008,1257,1060,655,1042,1896,1275,1598,333,1061,249,1736,1992,1167,1091,1029,1783,1216,208,1043
2008: 850,100,1923,879,49,1521,1257,1060,655,1042,1896,1275,1598,333,1061,249,1736,1992,1167,1091,929,1029,1783,1216,208,1043
1523: 2011,981,528,1469,1795,874,475,1433,1838,1284,74,914,313
1524: 
1525: 
1526: 
1527: 288
1528: 343,331,1483,727,503,317,403,462,1892,30,2009,779,225,178,1534,1049,1971,1371,145,1288,1166
1529: 487,362,478,377,1000,1237,494,732,2006,358,1697,1095,1350,836
1530: 830
1531: 
1532: 
1533: 1763,1332,1471,2012,1895,192,417,1482,730,1948,1424,351
1534: 403,462,1892,30,2009,779,225,178,1049,1971,1483,503,1528,145,1288,1166,1614
1535: 177
1536: 865
1537: 
1538: 1590,1268
1823: 495,1001,1318,1013,1837,222,1377,463,54,669,1186,965,134,1341,687,2007,1684,1267,1202,1052,408,1945,1408
1540: 1479,698,940,1961,2019,1354,958,435,1943,294,1484,1249,1977,1083,670,1781,180,1342,1568,1798,1903,477,1362,786
1541: 1570,1331,1496,777,1764,808,227,26,7,86,1455,193,567,1338,582,12,1409,1810,2013,1019,1224,1745,1225,1610,1265,1221,1828
1542: 
1543: 
1732: 1664,486,735,349,547,157
1545: 262,1302
1546: 
1547: 
1548: 
1818: 218
1550: 728
1551: 
1552: 1969,1417,638,2003,426,491,1141,1633,1440,807,1179,578,200,120,558,760,1575,253
1553: 748,864
1554: 599,144,1446,1024,473,1848,319,1933,527,697,1641,1190,1476,985,1004,816,780,1123,963,2010,170
1555: 176,1518,1824,573,478,1237,494,732,2006,564,1303,935
1556: 967,1510,1638
1557: 
1558: 1983,1577,1159,1150,506,1840,831,682,493,541,2018,203,1514
1559: 
1560: 2017,83,163,1774,1177,1752,1690,1588,123,1181,692,1860,863,47,1487,949,1394,856,1319
1561: 1241
1562: 769,2015,718,1957,34,1360,121,862,1121
1563: 239,1676,1191,1315,2005,1884,1033,1032,286
1564: 1763,293,1599,2012,414,192,1256,730,238,1956,351,821,1859
1836: 
1566: 1055,15,297,1155
1721: 
1568: 1479,940,1961,2019,1354,958,1520,435,1943,1484,1045,251,1249,1977,1128,41,670,1781,1342,1540,1798,855,1419,1903,477,1968,1578,1362,179,786
1964: 1383,62,2004,361,798,1077,22,1677,662,112,1972,1124,1858
1570: 1331,1073,1496,777,1764,1541,808,227,26,2013,1745,514
1990: 693,322,337
1873: 
1573: 565,766
1574: 691,1729,182,1508
1575: 578,200,120,558,760,1969,2003,1552
1576: 28,382
1577: 1983,1558,1159,506,1840,831,2018,1514
1578: 1479,940,2019,1354,958,1520,435,294,1045,251,1249,1977,1083,1781,180,1342,1568,1798,855,1419,477,1968,1362
1579: 882,946,263,1124,833,1858,1997,1383,62,2004,361,798,1677,112,1972
1731: 678,553,1279
1581: 
1582: 
2016: 206,1713,1228,1330,1295,18,479,1381,1714,701,1724,1924,1725,597,1953
1584: 
1824: 176,1518,1555,573,478,594,1237,494,732,2006,358,564,1095,1303,935
1811: 
1587: 1825,1938,1934,1475,555,2014,1879,1300,650,1118,1901,448
1588: 2017,1079,83,163,1774,1177,1752,156,1560,123,1181,692,1860,1710,863,47,1487,856
1589: 1270,994
1590: 1268,1538
1591: 1969,638,2003,1653,426,1260,1141,1633,1440,807,1179,120
1592: 
1593: 24,95
1762: 
1595: 
1812: 792,1922,765,1448,1036
1765: 
1598: 850,100,1923,879,49,2008,1521,1257,1060,655,1042,1896,1275,333,1061,249,1736,1992,1167,1091,929,1029,1216,208,1043
1599: 1763,293,2012,414,192,1564,1256,1956,821,1859
1600: 
1756: 
1602: 307,302,2000,870,685,1204,1770,818,1244,1993,77,394,458,635,1728,229,1819,574,217
1867: 1110
1604: 
1605: 420
1606: 1139,535
1607: 
1608: 1767,1404,472,813
1927: 1913
1610: 7,86,1455,193,567,1338,582,1857,12,1863,1409,842,1810,2013,314,1019,1224,1745,58,1225,1265,1221,514,1828,1331,1496,777,1764,1541,227,26
1611: 1475,131,2014,1879,1300,756,650,1118,1901,1938,1934
1799: 1062,390,261,78,939,1772,1160,1705,2001,1787,1769,45,1276,1056,114,1434
1613: 174
1614: 1288,1166,2009,225,178,1534,1049,1971,145
1615: 
1616: 
1982: 
1720: 
1919: 
1620: 1495,1358,1975
1621: 
1622: 769,797,2015,971,1926,1452,1138,201,1401,1974,1883,13,72,718,267,416,1957,130,1852,532,122,98,862,1121
1623: 274,1978,1125
1872: 
1625: 1733,762,1748,672
1626: 
1627: 
1628: 1239,1247,336
1629: 
1831: 389
1631: 
1632: 1908,1379
1633: 1969,1417,638,928,2003,1653,426,1260,491,1804,1141,1591,1023,236,876,1440,807,1179,1552,578,120
1634: 
1635: 84,964
1636: 
1637: 1122,805,740
1638: 967,1510,1556
1639: 
1640: 
1641: 599,144,1554,1446,1024,473,1848,319,1933,590,527,1738,697,1190,1476,1214,985,1004,1650,233,811,1116,1120,816,780,1123,963,2010,170,430
1642: 1954,603
1643: 
1644: 
1645: 815,1292
1646: 526,1199
1647: 
1648: 
1924: 206,1713,1228,1330,1295,18,479,1381,1714,2016,701,1724,1725,597
1650: 1760,936,1214,985,1004,233,1494,811,1116,1250,1120,298,816,780,1123,963,2010,948,170,430,599,1848,527,1738,1641,1190
1780: 
1652: 
1653: 1969,1417,638,928,2003,426,1260,491,1804,1141,1591,1023,236,876,1633,1440,807,1179,578,253
1654: 1498,704
1655: 
1656: 
1657: 107
1658: 438,749
1659: 499,387,1865,2002,666,1339,1816,1719,296,562,146,1240,273,87
1660: 
1661: 
1662: 
1663: 1048
1664: 1732,486,735,349
1742: 1146,1340,295,400,194
1860: 2017,1079,1429,83,163,1774,1177,1752,1690,156,1588,1560,123,1181,692,1710,863,47,1487,949,1394,856,1319,1280,1263,1740
2000: 307,1602,302,870,685,1204,1770,818,1244,1993,237,77,394,458,635,339,132,1728,229,1819,1800,574,629,409,1712,1432,217,1499,903,109,1015,916
1668: 
1669: 
1670: 
1827: 837,937
1672: 
1673: 
1674: 829,824
1675: 
1676: 239,1191,1315,2005,947,1884,1563,1033,1172,1032,286,1243,1407,1940
1677: 1383,62,2004,361,798,1077,22,1964,662,112,1972,882,946,263,1124,833,1858,1997,1579
1715: 
1679: 172,190,76,1893
1680: 299,1735
1681: 188,1195,1164,601
1682: 
1683: 
1684: 1341,687,2007,1988,1267,81,365,1202,1052,408,785,1945,990,1408,1823,1318,1013,1377,463,54,1186,134
1739: 
1743: 68,363
1687: 
1688: 877
1942: 
1690: 2017,1429,83,1774,1177,1752,1560,123,1181,692,1860,863,47,1487,949,1394,856,1319,1210,945,1280,1263
1966: 128
1692: 1162,1937
1969: 1417,638,928,2003,1653,426,1260,491,1804,1141,1591,1633,1440,807,1179,1552,578,200,120,558,760,1355,1575,253
1694: 673
1695: 1850,433
1696: 1698,1070,1272,257,1117
1697: 487,362,478,377,1000,1529,1237,494,732,653,2006,564,1095,1303,1350
1698: 1070,1696,1272,257,1117
1699: 719
1700: 
1701: 1294
1702: 1231,133,1078
1703: 
1704: 
1705: 1062,390,261,78,939,1772,1160,2001,1787,1799,1769,45,1276,1056,114
1706: 1468
1707: 1905,781,950
1708: 1080,2011,1103,981,528,1795,475,184,1433,1838,1284,74,914,313,1435,1853