0: 
1: 
2: 
1842: 
1687: 1679
5: 82
6: 69,425
7: 1331,582,1265,1561,86,1541,842,1409,1764,2013,1828,1073,1863,12,314,26,1570,1857,193
8: 
9: 924,920,1787,1434,1062,2001,261,933,713
10: 
1781: 2019,1634,1903,251,1034,1128,786,1943,1342,1419,1088,1362,1249,958,1083,1756,1045,180,1484,670,41,1595,698,179,940,1977,1540
12: 582,1265,1561,86,1541,842,7,1409,1764,2013,514,1073,1863,663,567,1224,314,1610,26,1810,1570,1019,1857,193
13: 532,1121,971,1944,98,1965,201,469,769,1622,904,1452,1974,1360,797,1158,862,2015,34,130,1606,1138,122,1852,1246
14: 
15: 465
16: 
17: 
18: 479,1295,1724,2016,1713,1330,1228,1924,1714,1953,1381,701
19: 1640,630
1718: 
21: 
22: 833,361,882,798,1997,946,1124,112,1383,1579,662,1964,2004,1077,1677,263,1972,62,1858
23: 
24: 
25: 700,355,787,603,1590,1239,1642,1743
26: 1610,1810,1570,1019,1857,193,1221,1561,86,842,7,1409,1764,2013,1863,663,12,567,1224,314
27: 1326
28: 1755
1694: 789
30: 462,1528,2009,1614,225,1288,331,1971,727,1049,779,503
1703: 1327,65,794,1645,1973,395,515
32: 1321,1361
33: 
34: 1158,862,1957,1926,2015,416,938,130,1606,1138,1464,1852,1246,1883,1452,971,1944,769,13,1622
1852: 1158,862,1957,1926,72,2015,416,34,1606,1464,1246,1121,267,971,1944,98,1965,121,201,769,13,1622,904
36: 
37: 922
38: 
39: 455,401
40: 
41: 2019,855,251,786,1943,435,1342,1968,1088,1781,1249,1756,1045,1484,670,1595,698,179,1540
42: 543,627,997,1012
43: 
1934: 
45: 1185,1056,2001,1005,78,617,1160,942,261,939,933,713,1276,114,1787
46: 1526
47: 1280,163,1860,1487,1690,1560,1740,1394,945,156,863,2017,1319,83,1181,123,856,1429,1588
48: 744
49: 208,1598,1257,1923,1992,1060,1029,850,879,1896,100,1521,1275,2008,1091,1043,1216,929,1061,655,333,249,1042,1736
50: 
51: 1477,1291,626,402
52: 1106,1193
53: 
54: 463,1318,1052,1202,1945,2007,1408,365,687,1823,1013,495,990,669,134
55: 76,1472
56: 
57: 
58: 1331,1221,582,1338,141,808,1561,86,1496,842,1745,227,1409,1764,2013,514,1828,1455,777,1073,1225,1863,663,567,1224,314,1810
59: 231,431,149,793
60: 881,905,1742,526,1293,1536
61: 711,501
62: 1858,361,22,798,1997,1124,1579,662,1964,2004,1077,1677,263,1972
63: 961,913
1794: 
65: 1327,1703,1702,794,1222,1645,1973,395,515
66: 410
1864: 1277,1637,1036
68: 
69: 6,425
70: 1502,1727
71: 
72: 1158,718,862,1957,1926,2015,416,938,1562,130,1606,1464,122,1852,1246,1452,1974,532,1121,267,971,98,1965,121,201,469,1622,904
1735: 
74: 611,914,1523,1708,1080,874,2011,528,1795,136,1103,1435,1284,184
75: 513,964,1635
76: 55,1472
77: 1770,1993,1204,1499,229,629,307,916,109,409,237,2000,1168,870,1602,217,1432,1712,1015,339,1728,635,302,394
78: 1062,45,1185,2001,942,261,939,933,713,1276,924,1787,1434
1744: 391,1887,454
1746: 
81: 1377,785,1052,1784,2007,1988,1837,1408,222,408,1013,1341
82: 5
83: 1319,1710,1263,1210,1177,1752,1181,123,1774,949,856,1429,1588,1280,163,1487,47,1690,1560,1740,1589,863,2017
84: 
85: 152,108
86: 1331,1221,582,1338,1265,141,1561,58,1541,842,7,227,1409,1764,2013,514,1828,1455,777,1073,1225,1863,663,12,567,1224,314,26,1810,1019,1857,193
87: 1339,1816,378,296,535,1659,1351,1865,2002,172,666,1719,499,146
88: 
89: 
90: 1259,1051
1966: 
92: 500,1348
93: 
1737: 831,1840,2018,1322,1577,541,804,506,1027,844,1159,1514,1356,901,1545,682,1150,493,1558
95: 1947,1298
96: 
97: 1654,453
98: 532,1121,267,971,1944,1965,121,201,469,769,13,1622,904,862,72,2015,416,130,1606,1464,1852,1246
1750: 814
100: 208,1598,1257,1923,1992,1060,1029,850,879,1896,49,2008,1061,1736
1978: 
2006: 836,1303,362,377,1000,1237,494,1350,1152,1697,1824,1518,935,1095,478,1529,358,573,264,934,1555,176,561,487,335,732,653,594
103: 
1925: 1336,689,1663
1662: 
106: 
107: 
108: 1546,539,152,85
109: 307,916,409,237,2000,217,1432,1015,1728,635,302,77,1204,1499,229,629,394,458,196,818,574,1244
1833: 546,815,321,496
111: 
112: 1124,1383,1579,662,1964,2004,1077,1677,263,833,882,22,1997,946,1858
113: 1445,211,411
114: 45,1185,1056,2001,1005,617,1160,1276,1799
115: 1566,177
116: 
117: 393,166
118: 1950,1574,1096,242,774,1729,1384,688,1385,1313,516
1725: 597,1295,2016,1713,1330,1228,1924,1714,1953,1381,701
120: 1260,1023,558,807,253,1633,1804,220,1969,2003,1591,1417,1575,200,262,638,1653,181,491,1141,1552,1179
121: 532,1121,267,971,98,1965,201,469,769,1622,904,1974,718,72,2015,1464,122,1852,1246
122: 1158,718,1957,72,2015,938,1562,130,1606,1138,1464,1246,1883,1452,1974,1360,797,532,1121,971,121,201,469,13,1622,904
123: 1319,83,1710,1263,1177,1752,1181,1774,949,856,1429,1588,1280,1860,1487,47,1560,1740,2017
1673: 
125: 
126: 
1775: 890
128: 
129: 1046,1240,1816,1791,378,535,1865,2002,1921,666,1719,273,499,387
130: 1158,718,862,1957,1926,72,2015,34,938,1562,1606,1138,1464,122,1246,1883,1452,1974,1360,797,532,1121,971,98,201,469,769,13,1622,904
131: 1118,2014,1587,1901,555,803,650
132: 307,409,1800,237,1819,2000,1168,1602,217,685,1015,339,1728,302,1053
133: 592
134: 463,1202,1945,2007,687,1823,1013,495,54,990,669
135: 1183
136: 1699,1433,914,1708,1080,981,2011,528,1795,74,1103,1435,1469,270,184,1838,475,1853,313
137: 
138: 
139: 
140: 1717
141: 582,1338,808,58,86,1496,1745,227,2013,514,1455,777,1225,663,1224
1963: 
143: 
144: 963,816,2010,1933,221,1190,1738,233,473,1760,599,559,1250,1554,1024,319,1848,1641,430,1476,527,170,1120
145: 1166,317,403,2009,1614,1892,1371,178,1534,756,1205,343
146: 1339,1046,296,535,1308,1659,87,1351,2002,172,562,499
1916: 162
148: 
149: 431,793,59
150: 1811,695
151: 
152: 85,108
1892: 145,462,1528,403,2009,1614,225,1371,331,1971,178,1534,1205,779,343,503
154: 1369,367
155: 1343,318
156: 1280,163,47,1690,1560,1740,1394,945,1589,863,692,2017,1181
157: 1732
158: 
159: 
1957: 1158,718,862,1926,72,2015,416,34,938,1562,130,1606,1138,1464,122,1852,1246,1883,1452,1121,267,201,469,1622,904
161: 1279
162: 1916
163: 1280,1487,47,1690,1560,1740,1394,945,1589,156,863,692,2017,83,1710,1210,1177,1752,1181,856,1429,1588
1810: 1610,26,1019,193,1221,582,1338,58,86,1409,1764,2013,1455,777,1863,663,12,567,1224,314
165: 1171
166: 393,117
167: 177
168: 1732,978,604
169: 827
170: 1446,1309,811,298,1670,1214,1120,144,963,816,1004,2010,1933,221,1190,1738,1760,599,559,1250,319,1848,430,1476,527
171: 1566
172: 1339,1046,1816,378,296,535,1308,1659,87,1351,1865,2002,1921,666,1719,273,562,499,146
173: 
174: 1274,418
175: 
176: 2006,1237,494,1350,1518,935,1095,478,1529,573,934,487,335
177: 115,1566,167
178: 1166,145,462,317,1528,403,2009,1614,1892,225,1371,331,1971,1534,756,1205,343,503
179: 698,1961,940,1977,1540,2019,251,786,1943,1342,1968,1088,1362,1781,1249,1756,1045,180,670,41,1595
180: 2019,251,786,1943,1419,1088,1362,1781,1249,958,1756,670,179,1961,940,1977,1540
181: 236,2003,1591,200,262,638,1653,578,1355,491,1141,1552,1179,1023,558,120,807,1633
182: 
183: 831,2018,1322,541,506,1027,844,1514,1356,901,618,699,682,625,405,1150,1189,493,1558,203
184: 1699,611,914,1708,1080,981,2011,528,1795,136,74,1103,1469,475,1853
185: 
186: 1112
1975: 
188: 1050,601,810
2001: 1062,45,1185,1056,1005,1769,78,617,1160,942,261,939,933,713,1276,114,1799,924,9,920,1787,1434
190: 881,1742
191: 
192: 1256,238,414,351,1533,1564,1332,1424,1599,730,2012,1859,1895,1471,1763
193: 1610,26,1810,1570,1019,1857,1265,1561,86,842,7,1409,1764,2013,1073,1863,12,567,1224,314
194: 1468,352
195: 
196: 1053,394,458,818,574,1244,629,307,916,109,409,2000,1015,1728
1688: 763
1995: 1701
199: 
200: 236,2003,1591,1417,928,1575,262,638,1653,426,578,181,1355,491,1141,1552,1179,120,807
201: 532,1121,267,971,98,1965,121,469,769,13,1622,904,1452,1974,1360,797,1158,718,862,1957,72,2015,938,1562,130,1606,1138,1464,122,1852,1246
202: 
203: 1983,682,625,405,1150,1189,493,1558,831,1840,2018,1322,1577,541,804,1027,1356,901,1545,183
204: 1532
205: 
206: 
207: 
208: 1598,1257,1923,1992,1060,1029,850,879,1896,100,49,2008,1736
209: 511,1556,1510,673,436
1826: 232,1040,1999
211: 1445,113,411
1753: 1092
213: 
1803: 
1854: 
216: 591
217: 307,916,132,109,409,1800,237,1819,2000,1168,870,903,1602,685,1432,1712,1015,339,1728,635,302,1993,77,1204,1499,229,394,458,574
218: 
1675: 1722,1470
220: 760,1804,876,1969,2003,1417,928,1575,638,1653,426,1355,491,1141,1552,1179,1260,120,1633
221: 144,963,816,1004,2010,1933,590,1190,1738,233,473,1760,599,1250,948,1554,1123,1024,1650,1116,319,1399,936,1848,1641,430,780,1476,1309,811,298,170,1120
222: 463,1377,1318,785,1052,1784,2007,1988,1837,1408,408,81,365,1823,1013,495,990,1341
223: 440,1102
224: 
225: 462,1528,2009,1614,1892,1288,331,1971,178,30,1534,727,1049,779,503
226: 941,1151
227: 1331,1221,582,141,1561,58,86,1496,1541,842,1745,1409,1764,2013,514,1828,1455,777,1073,1225,1863,663
228: 566
229: 1770,1993,77,1204,1499,629,307,916,109,1800,237,2000,1168,870,1602,217,685,1432,1712,1015,339,1728,635,302,394
230: 382
231: 59,431
232: 1696,1826,1040,1999
233: 144,816,2010,1933,221,590,1190,1738,473,1760,599,948,1554,1123,1024,1650,319,1399,936,1641,430,780,1476
234: 1698
1906: 
236: 2003,1591,200,262,1653,578,181,1355,1141,1552,807
237: 307,916,132,109,409,1800,2000,1168,870,1602,217,685,1432,1712,1015,339,1728,635,302,1993,77,1204,1499,229,629,394,458,574,1244
238: 1256,192,414,351,1533,1564,1332,1424,2012,1859,1763
239: 1032,1884,2005,1033,1233,947,303,1270,1407,370,1243,1191,1563,286,1315,1172,1940
240: 
1766: 1117
242: 1950,1574,118,1096,774,1385
1865: 1339,1046,1240,1816,1791,378,296,535,1308,1659,87,2002,1921,172,666,1719,273,129,499,387
244: 980
245: 616
246: 476,1028,1218,1078,1805,906,867,897,1980
247: 1879,448,1611,1300,1475,2014,1587,803,1825,1938,1215
248: 
249: 1521,1275,2008,1091,1043,1216,929,1167,1061,655,333,1042,1736,1598,1257,1923,1992,850,49
250: 
251: 1520,2019,855,1634,1034,786,1943,435,1342,1419,1968,1088,1362,1099,1781,1249,958,1083,1756,1045,180,1484,670,41,1595,698,179,940,1540
252: 
253: 1260,1023,558,120,807,1633,1804,1969,2003,1417,491,1552,1179
254: 
255: 
256: 1075,790
257: 
258: 651,1388,1789,954
259: 
1862: 
261: 1062,45,2001,78,942,939,933,713,1276,924,9,1787,1434
262: 236,2003,1591,1417,928,200,1653,426,578,181,1355,491,1141,1552,1179,120,807
263: 1124,112,1383,1579,662,1964,2004,1077,1677,833,361,882,22,798,1997,946,1972,62,1858
264: 836,1303,2006,362,1000,1237,1152,1824,935,1529,573,561,487
1884: 1032,2005,1233,947,239,303,1270,1407,370,1243,1563,286,1315,1676,1020
266: 
267: 1121,971,1944,98,1965,121,201,1622,904,718,862,1957,1926,72,2015,416,1606,1464,1852,1246
268: 454,391,1887
269: 1358
270: 1699,1433,914,1080,981,874,2011,528,1795,136,1103,1435,1284,1469,1838,475,1853,313
1774: 1319,83,1710,1263,1177,1752,1181,123,949,1429,1588,1280,1487,1740,2017
272: 
273: 1339,1046,1240,1816,1791,378,535,1308,1351,1865,2002,1921,172,666,1719,129,562,499,387
274: 631
1924: 479,597,1725,1295,1724,2016,18,1713,1330,1228,1714,1953,1381,701
276: 381
277: 
278: 
279: 
1804: 760,876,220,1969,2003,1417,1575,638,1653,426,1355,491,1552,1179,1260,120,253,1633
281: 792,1625,987,1985
282: 
1866: 880
284: 1808,743
1882: 634
286: 1032,1884,2005,1033,947,239,303,1270,1407,1191,1315
1657: 
288: 691
289: 
290: 
1736: 2008,1091,929,1061,249,1042,208,1923,1992,1060,1029,850,100,49
292: 
293: 1948,1599,730,1956,2012,1482,821,1859,1895,1424,1256,1471,1763
294: 962,1520,2019,1578,1634,1034,1128,1568,1083,1798,1038,1484,1479
1650: 816,2010,221,590,1738,233,473,1760,599,948,1554,1123,1024,1399,936,780
296: 1339,1046,1816,378,535,1308,1659,87,1351,1865,2002,172,666,1719,499,146
297: 1289,1660
298: 1446,1309,811,1670,1214,170,1120,816,1004,2010,221,1190,1760,599,559,1123,319,1399,1848,780,1476,527
299: 
300: 1404
301: 
302: 307,916,132,109,409,1800,237,1819,2000,1168,1602,217,685,1432,1712,1015,339,1728,635,77,229,1053,394,458,818,574
303: 1032,1884,2005,1033,1233,947,239,1270,1407,370,1243,1191,1563,286,1315,1676,1020,1172
304: 
305: 
306: 
307: 916,132,109,409,1800,237,2000,1168,1602,217,1432,1712,1015,339,1728,635,302,1993,77,1204,1499,229,629,1053,394,458,196,818,574,1244
1938: 1879,448,1611,1300,1475,1118,2014,1587,1901,555,803,1825,1215,247,650
1869: 1253
310: 
311: 
312: 
313: 475,1853,1433,981,2011,528,136,1469,270,1838
314: 1221,582,1265,1561,58,86,842,7,1409,1764,2013,514,1828,1073,1863,663,12,567,1224,1610,26,1810,1570,1019,1857,193
1714: 479,597,1725,1295,1724,2016,18,1713,1330,1228,1924,1953,1381,701
1993: 1770,77,1204,1499,229,307,916,237,2000,1168,870,903,1602,217,1432,1712,339,635
317: 1166,145,403,2009,1371,178,1534,756,1205
318: 155,1343
319: 144,963,816,1004,2010,1933,221,590,1190,1738,233,473,1760,599,559,1250,1554,1123,1024,1399,936,1848,430,780,1476,527,1446,1309,811,298,1214,170,1120
320: 
321: 546,815,496,1833
322: 
323: 
1902: 
1733: 1072
326: 
1953: 479,597,1725,1295,2016,18,1713,1330,1228,1924,1714,1381,701
1851: 837,1161
329: 
330: 
331: 462,1528,403,2009,1614,1892,225,1371,1288,1971,178,30,1534,727,1049,1205,779,343,503
332: 
333: 1521,1275,2008,1091,1043,1216,929,1167,1061,655,249,1042,1257,1992,49
334: 1213,1146,1734,1301,400
335: 2006,1237,494,1350,1095,478,1529,934,1555,176,732,594
1708: 1699,611,914,1523,1080,981,874,2011,528,1795,136,74,1103,1435,184
337: 
338: 
339: 307,916,132,409,1800,237,1819,2000,1168,870,903,1602,217,685,1432,1712,1015,635,302,1993,77,229,394
340: 
341: 
1976: 
343: 1205,503,145,403,2009,1614,1892,1371,331,1971,178,756
344: 
1719: 1339,1240,1816,378,296,535,87,1865,2002,1921,172,666,273,129,499,387
1933: 144,963,816,1004,2010,221,590,1190,1738,233,473,1760,599,1250,948,1554,1123,1024,1116,319,985,1399,936,1848,1641,430,1476,170,1120
347: 1359,877
1911: 751
349: 995,1627
350: 
351: 414,1533,1564,1332,1424,1256,238,192,1599,730,2012,1482,821,1859,1471,1763
352: 1468,194
1970: 
354: 
355: 700,787,1239,25,1642
356: 
357: 
358: 836,1303,2006,362,377,1000,1152,1697,1824,1555,561,732,653
1796: 
360: 
361: 833,882,22,798,1997,946,1383,1579,2004,1077,1677,263,1972,62
362: 836,1303,2006,377,1000,1237,494,1350,1152,1697,1824,935,1095,478,1529,358,573,264,934,1555,561,487,732,653,594
363: 
364: 
365: 1267,463,1377,1318,1186,1052,1202,2007,1837,222,1684,687,1823,1013,495,54,990
366: 
367: 1369,154
1676: 1884,2005,1233,303,1407,370,1243,1563,1020
369: 1797
370: 1032,1884,2005,1033,1233,947,239,303,1407,1243,1191,1563,1315,1676,1020,1172
1838: 1433,914,981,2011,528,136,1435,1284,1469,270,475,1853,313
372: 428,1451
1893: 676,1762
374: 
1913: 460,694
376: 
377: 836,1303,2006,362,1000,1697,1824,358,1555,561,732,653,594
378: 1339,1046,1240,1816,1791,296,535,1308,1659,87,1865,2002,1921,172,666,1719,273,129,562,499,387
379: 
1901: 1879,448,1611,1300,1118,2014,1587,555,803,1825,1938,1215,650,131
381: 276
382: 230
383: 
384: 1888,1453
1974: 1360,797,1452,718,72,2015,1562,130,122,1246,532,1121,971,1965,121,201,469,13
1715: 738
387: 1046,1240,1816,1791,378,535,1308,1865,2002,1921,666,1719,273,129,562,499
1713: 597,1725,2016,18,1330,1228,1924,1714,1953
389: 
390: 1345,443
391: 1887,1744,454,268
392: 
393: 117,166
394: 1053,458,196,818,574,1244,77,1204,1499,229,629,307,916,109,409,1800,237,2000,217,1432,1015,339,1728,635,302
395: 1327,65,1703,1702,794,1645,1973,515
396: 
1782: 
1730: 
399: 
400: 1213,334,761,1492,1146,1734,1301
401: 455,39,983
402: 518,1477,1291,626,51
403: 1166,145,462,317,2009,1614,1892,1371,331,178,1534,727,756,1205,343,503
404: 1918
405: 1983,682,625,1150,1189,493,1558,203,2018,1322,1027,1514,1356,901,183
406: 1444
1958: 1195
408: 1267,1377,1318,1186,785,1052,1784,2007,1988,1837,1408,222,81,1013,1341
409: 307,916,132,109,1800,237,2000,1602,217,1015,339,1728,635,302,77,629,1053,394,458,196,818,574
410: 66
411: 1445,211,113
412: 
413: 
414: 351,1533,1564,1332,1424,1256,238,192,1948,1599,730,2012,1482,821,1859,1471,1763
415: 
416: 1158,718,862,1957,1926,72,2015,34,938,1606,1464,1852,1246,1121,267,1944,98,1622,904
417: 
418: 174,1274
419: 
420: 1908
1930: 
1894: 
423: 
1937: 
425: 6,69
426: 2003,1417,928,1575,200,262,638,1653,1355,491,1141,1552,1179,760,1804,876,220,1969,1633
427: 
428: 372,1451
1956: 293,1948,1599,730,2012,1859,1895,1471,1763
430: 144,963,816,1004,2010,1933,221,590,1190,1738,233,473,599,559,1250,948,1554,1024,1116,319,985,1399,1848,1641,1476,527,170,1120
431: 149,793,231,59
432: 
433: 1437,1543
1939: 1497
435: 962,2019,855,251,1034,786,1342,1968,1088,1083,1798,1045,1484,670,41,1595
436: 1510,673,209,511,1556
1654: 97,453
438: 
439: 
440: 223,1102
441: 
1716: 
443: 390
444: 643,1517
445: 
446: 
447: 
448: 1879,1611,1300,1475,2014,1587,1901,555,803,1825,1938,1215,247,650
449: 
450: 770
451: 
452: 
453: 97,1654
454: 268,391,1887,1744
455: 401,39
456: 
457: 
458: 1053,394,196,818,574,1244,629,307,916,109,409,237,2000,217,1015,1728,302
459: 
460: 1913,694
461: 
462: 1166,1528,403,2009,1614,1892,225,1371,1288,331,1971,178,30,1534,727,1205,503
463: 1267,1377,1318,1186,1052,1202,1945,2007,1408,222,365,1684,687,1823,1013,495,54,990,669,134
464: 
465: 15
466: 
1945: 1267,463,1377,1318,785,1052,1202,2007,1988,1408,687,1823,1013,495,54,990,1341,669,134
468: 
469: 532,1121,971,98,1965,121,201,769,13,1622,904,1452,1974,1360,797,1158,718,862,1957,72,2015,1562,130,1606,1138,1464,122,1246
470: 
471: 
472: 
473: 144,963,816,2010,1933,221,590,1190,1738,233,1760,599,559,1250,948,1554,1024,1650,1116,319,985,936,1641,430,1476
474: 
475: 1853,313,1433,914,981,2011,528,136,1435,1469,270,184,1838
476: 1428,1218,1122,1078,1805,867,246,897,1980
477: 
478: 1303,2006,362,1237,494,1350,1152,1697,1518,935,1095,1529,934,1555,176,561,487,335,594
479: 1295,1724,2016,18,1228,1924,1714,1953,1381,701
480: 
481: 
1668: 
1710: 1319,83,1263,1210,1177,1752,1181,123,1774,949,856,1429,1588,1280,163,1487,1740,1589,2017
1980: 476,1028,1428,1218,1078,1805,906,867,246,897
485: 1448
486: 1722,1470
487: 836,1303,2006,362,1237,494,1350,1152,1518,935,478,1529,573,264,934,176,561
1879: 448,1611,1300,1118,2014,1587,1901,555,803,1825,1938,247,650
1787: 924,9,920,1434,1062,45,2001,78,942,261,939,933,713
490: 
491: 2003,1591,1417,928,1575,200,262,638,1653,426,578,181,1355,1141,1552,1179,1804,220,1969,1260,1023,120,807,253,1633
492: 
493: 1983,682,625,405,1150,1189,1558,203,831,1840,2018,1322,1737,804,1027,1514,1356,901,1545,183
494: 2006,362,1237,1350,1152,1518,935,1095,478,1529,573,934,1555,176,561,487,335,732,594
495: 463,1377,1318,785,1052,1202,1945,2007,1408,222,365,687,1823,1013,54,990,669,134
496: 546,815,321,1833
497: 
1968: 2019,855,251,786,435,1342,1088,1249,1756,1045,1484,670,41,1595,698,179,1540
499: 1339,1046,1240,1816,1791,378,296,535,1308,1659,87,1351,1865,2002,1921,172,666,1719,273,129,562,146,387
500: 92,1348
501: 711,61
502: 
503: 1205,779,343,1049,462,403,2009,1614,1892,225,1371,1288,331,1971,178,30,727
504: 
2010: 144,963,816,1004,1933,221,590,1190,1738,233,473,1760,599,559,1250,948,1554,1123,1024,1650,1116,319,985,1399,936,1848,1641,430,780,1476,527,1446,1309,811,298,1670,1214,170,1120
506: 831,2018,1322,1737,541,844,1159,1514,1356,183,618,699,682,625,1150,1558
1759: 
1770: 1993,77,1204,229,2000,870,1602,1432,1712
509: 967
510: 703,977
511: 209,1556,1510,673,436
1697: 836,1303,2006,362,377,1237,1350,1152,1824,1095,478,358,934,1555,561,732,653,594
513: 75,964,1635
514: 1331,1221,582,1338,141,1561,58,86,1496,1541,842,1745,227,1409,1764,2013,1828,1455,777,1073,1225,1863,663,12,567,1224,314,1019
515: 1327,65,1703,794,1645,1973,395
516: 556,1313,675,1097,1950,1574,118,774,1729,1384,688,1385
517: 571
518: 402
519: 
520: 829
1849: 1290,1638,1844
1977: 698,179,1961,940,1540,2019,1781,1249,180
523: 
524: 839,926,1285
525: 
526: 60,881,905,1742,1293,1536
527: 144,963,2010,1190,559,1250,319,1848,430,1476,298,1670,1214,170,1120
528: 1699,611,1433,914,1708,1080,981,874,2011,1795,136,74,1103,1435,1284,1469,270,184,1838,475,1853,313
529: 
530: 
531: 
532: 1121,971,98,1965,121,201,469,769,13,1622,904,1974,1360,797,72,2015,130,1606,1138,122,1246
533: 
534: 1296,1335
535: 1339,1240,1816,378,296,1659,87,1865,2002,1921,172,666,1719,273,129,499,146,387
1682: 1248,693,1064,999
2003: 236,1591,1417,928,1575,200,262,638,1653,426,578,181,1355,491,1141,1552,1179,760,1804,876,220,1969,1260,1023,558,120,807,253,1633
538: 
539: 1546,108
540: 
541: 831,1840,2018,1322,1737,1577,506,1027,844,1159,1514,1356,901,183,618,699,682,625,1150,1558,203
1789: 258,651,1388
543: 627,997,42,1012
1663: 689,1336,1925
1768: 572
546: 815,321,496,1833
547: 1148
548: 741,1889
549: 1952,986,1616,1535
1997: 833,361,882,22,798,946,1124,112,1383,1579,662,2004,1077,1677,263,1972,62,1858
551: 
552: 
553: 
1643: 
555: 1879,448,1611,1300,1118,2014,1587,1901,1825,1938,1215,650,131
556: 1313,675,1097,516,1950,774,1729,1384,688,1385
557: 
558: 1023,120,807,253,1633,2003,1591,181,1552,1179
559: 144,963,816,2010,1190,1738,473,1760,599,1250,319,430,1476,527,1446,1309,298,1670,1214,170,1120
560: 1251,1929
561: 836,1303,2006,362,377,1000,1237,494,1350,1152,1697,1824,935,478,1529,358,573,264,934,1555,487,732
562: 1339,1046,1816,1791,378,1308,1659,1351,2002,1921,172,273,499,146,387
1727: 70,1502
564: 
565: 1379
566: 228
567: 1221,582,1338,1561,58,86,842,1409,1764,2013,514,1455,1863,663,12,1224,314,1610,26,1810,1570,1019,1857,193
568: 
2013: 1331,1221,582,1338,1265,141,808,1561,58,86,1496,1541,842,7,1745,227,1409,1764,514,1828,1455,777,1073,1225,1863,663,12,567,1224,314,1610,26,1810,1570,1019,1857,193
570: 
571: 517
572: 1768
573: 1303,2006,362,1000,1237,494,1350,1152,1824,1518,935,1095,1529,264,934,1555,176,561,487,732
574: 1053,394,458,196,818,1244,307,109,409,1800,237,2000,217,1015,1728,302
575: 
576: 
1690: 1280,163,1860,1487,47,1560,1740,1394,945,1589,156,863,692,2017,83,1752,1181,856,1429,1588
578: 236,2003,1591,928,200,262,638,1653,181,1355,491,1141,1552,807
579: 873,1316,762
580: 1507
1830: 
582: 1331,1221,1265,141,1561,58,86,1541,842,7,1745,227,1409,1764,2013,514,1828,1455,777,1073,1225,1863,663,12,567,1224,314,1810
1910: 697
584: 1162,1631
585: 
586: 
587: 1492
588: 1845,1806
1829: 753
590: 816,1004,2010,1933,221,1738,233,473,1760,599,948,1554,1123,1024,1650,1116,319,1399,936,430,780
591: 216
592: 133
593: 
594: 653,1303,2006,362,377,1237,494,1350,1697,1095,478,934,1555,335,732
595: 
596: 
597: 1725,2016,1713,1330,1924,1714,1953,1381,701
1642: 700,355,787,603,1590,1239,25,1743,1006
599: 144,816,1004,2010,1933,221,590,1190,1738,233,473,1760,559,1554,1123,1024,1650,319,1399,936,1641,430,780,1476,1309,811,298,170
600: 1991,1126
601: 773,810,188
2012: 293,1948,1599,730,1956,1482,821,1859,1895,414,351,1533,1564,1332,1424,1256,238,192,1471,1763
603: 700,787,1590,25,1642,1743,1006
604: 1732,978,168
605: 
606: 1981
607: 
608: 
1929: 1426,560,1251
610: 1317
611: 1699,1433,1523,1708,1080,874,2011,528,1795,74,1103,1284,184
612: 
613: 
1652: 
615: 
616: 245
617: 45,1185,1056,2001,1005,1769,1160,942,1276,114,1799
618: 699,2018,541,506,1514,1356,183,625,1150,1558
619: 739,1876,817
620: 722,681,896,1914,832
621: 
622: 
1859: 293,1948,1599,730,1956,2012,1482,821,1895,414,351,1533,1564,1332,1424,1256,238,192,1471,1763
624: 
625: 1983,682,405,1150,1189,493,1558,203,831,1840,2018,1322,1577,541,506,1027,1356,901,183,618
626: 1291,402,51
627: 543,997,42,1012
628: 755,1354
629: 77,1204,1499,229,307,916,109,409,237,2000,1728,635,394,458,196,818,1244
630: 1640,19
631: 274
632: 
633: 
634: 1882
635: 307,916,109,409,1800,237,1819,2000,1168,1602,217,1432,1712,1015,339,1728,302,1993,77,1204,229,629,394,818
636: 1700
637: 
638: 2003,1417,928,1575,200,1653,426,578,181,1355,491,1141,1552,1179,1804,876,220,1969,1260,120,807,1633
1855: 
1844: 1290,1638,1849
641: 
642: 1273
643: 444,1517
1712: 307,916,1800,237,1819,2000,1168,870,903,1602,217,685,1432,1015,339,635,302,1770,1993,77,1204,229
645: 
1742: 60,881,190,905,526,1293,1536
1828: 1331,1221,582,1561,58,86,1541,7,1745,227,1409,1764,2013,514,1455,777,1073,1225,1863,663,1224,314
1943: 962,1520,2019,855,1578,1634,1903,251,1034,1128,786,1342,1419,1088,1362,1099,1781,1249,958,1083,1756,1045,180,1484,670,41,1595,179,1540
649: 
650: 1879,448,1611,1300,1118,2014,1587,1901,555,803,1825,1938,1215,131
651: 258,1388,1789
1922: 
653: 594,1303,2006,362,377,1350,1697,1824,358,1555,732
1659: 1339,1046,1816,378,296,535,1308,87,1351,1865,2002,1921,172,562,499,146
655: 1521,1275,2008,1043,1216,929,1167,333,249,1042,1598,1257,1923,1992,1029,850,879,49
656: 
657: 
1795: 1699,611,1433,914,1523,1708,1080,981,874,2011,528,136,74,1103,1435,1284,1469,270,184,1853
659: 
660: 710
1706: 
662: 1124,112,1383,1579,1964,2004,1077,1677,263,22,798,1997,946,1972,62,1858
663: 1331,1221,582,1338,141,808,1561,58,86,1496,842,1745,227,1409,1764,2013,514,1828,1455,777,1225,1863,12,567,1224,314,26,1810,1019
664: 
1921: 1339,1046,1240,1816,1791,378,535,1308,1659,1351,1865,2002,172,666,1719,273,129,562,499,387
666: 1339,1240,1816,378,296,535,87,1865,2002,1921,172,1719,273,129,499,387
1748: 
668: 
669: 1267,463,1318,1202,1945,2007,1408,687,1823,1013,495,54,990,134
670: 962,1520,2019,855,1634,1903,251,1034,1128,786,1943,435,1342,1419,1968,1088,1362,1099,1781,1249,958,1083,1756,1045,180,1484,41,1595,698,179,940,1540
671: 
2000: 307,916,132,109,409,1800,237,1819,1168,870,903,1602,217,685,1432,1712,1015,339,1728,635,302,1770,1993,77,1204,1499,229,629,1053,394,458,196,818,574,1244
673: 1510,436,209,511,1556
1806: 1845,588
675: 556,1313,1097,516,1384,1385
676: 1762,1893
677: 
678: 1531,1639,1680
679: 
680: 1048,860
681: 722,620,896,1914,832
682: 1983,625,405,1150,1189,493,1558,203,831,1840,2018,1322,1737,1577,541,804,506,1027,844,1514,1356,901,1545,183
683: 
684: 
685: 132,1800,237,1819,2000,1168,870,903,1602,217,1432,1712,1015,339,1728,302,229
686: 
687: 1267,463,1377,1318,1186,785,1052,1202,1945,2007,1988,1408,365,1684,1823,1013,495,54,990,1341,669,134
688: 1950,1574,118,1729,1384,1385,556,1313,1097,516
689: 1663,1336,1925
690: 
691: 288
692: 1280,163,1690,1394,945,1589,156,863,2017,1210,1752,1181,856
693: 1248,1064,1682,999
694: 460,1913
695: 1811,150
696: 
697: 1910
698: 179,1961,940,1977,1540,2019,251,786,1342,1968,1088,1781,1249,670,41,1595
699: 618,831,2018,541,506,844,1514,1356,183,1558
700: 355,787,603,25,1642
701: 479,597,1725,1295,1724,2016,18,1330,1228,1924,1714,1953,1381
2009: 1166,145,462,317,1528,403,1614,1892,225,1371,1288,331,1971,178,30,1534,727,756,1049,1205,779,343,503
703: 510,977
704: 
705: 
706: 
1655: 1234
708: 
709: 
710: 660
711: 61,501
712: 
713: 1062,45,1056,2001,78,942,261,939,933,1276,924,9,1787,1434
2011: 1699,611,1433,914,1523,1708,1080,981,874,528,1795,136,74,1103,1435,1284,1469,270,184,1838,475,1853,313
1780: 
716: 
717: 
718: 1158,862,1957,1926,72,2015,416,938,1562,130,1606,1138,1464,122,1246,1883,1452,1974,797,1121,267,971,121,201,469,1622,904
719: 
720: 
1941: 1644
722: 620,681,896,1914,832
723: 1287,1515
1773: 
725: 
1887: 391,1744,454,268
727: 462,403,2009,1614,225,1288,331,30,1049,779,503
728: 
729: 
730: 293,1948,1599,1956,2012,1482,821,1859,1895,414,351,1533,1564,1332,1424,1256,192,1471,1763
731: 
732: 1303,2006,362,377,1000,1237,494,1350,1152,1697,1824,1095,1529,358,573,934,1555,561,335,653,594
1648: 
1717: 140
735: 
1983: 682,625,405,1150,1189,493,203,831,1840,2018,1322,804,1027,1356,901,1545
737: 1500,1501
738: 1715
739: 619,1876
740: 1236
741: 1889,548
1848: 144,963,816,1004,2010,1933,221,1190,1738,1250,948,1554,1116,319,985,1399,430,1476,527,298,170,1120
743: 1808,284
744: 48
745: 
746: 
747: 800
748: 
749: 
750: 959,1406,1395
751: 1911
752: 
753: 1829
754: 
755: 1354,628
756: 1166,145,317,403,2009,1614,1371,178,1534,1205,343
1639: 1531,1680,678
758: 
759: 
760: 1804,876,220,2003,928,1575,426
761: 1213,1492,1734,1301,400
762: 579
763: 1688
764: 
765: 968
766: 
1870: 
1700: 636
769: 532,1121,971,1944,98,1965,121,201,469,13,1622,904,1360,862,2015,34,130,1606,1138,1852,1246
770: 450
771: 1508
772: 
773: 601,810
774: 1950,1574,118,1096,242,1729,1384,1385,556,1097,516
775: 
776: 
777: 1221,582,1338,141,808,1561,58,86,1496,1745,227,1409,1764,2013,514,1828,1455,1225,1863,663,1224,1810
2015: 1158,718,862,1957,1926,72,416,34,938,1562,130,1606,1138,1464,122,1852,1246,1883,1452,1974,1360,797,532,1121,267,971,1944,98,1965,121,201,469,769,13,1622,904
779: 503,1049,2009,1614,1892,225,1288,331,30,727
780: 816,2010,221,590,1738,233,1760,599,1554,1123,1024,1650,319,1399,936,1476,1309,811,298
781: 
1769: 1185,1056,2001,1005,617,942,1276
783: 
1684: 1267,463,1377,1318,1186,1052,1202,2007,1837,1408,365,687,1823,990,1341
785: 1267,1377,1318,1186,1052,1784,1945,2007,1988,1837,1408,222,408,81,687,1823,1013,495,990,1341
786: 2019,1634,251,1943,435,1342,1968,1088,1781,1249,1083,1045,180,670,41,1595,698,179,1540
787: 700,355,603,1590,1239,25,1642
1891: 
789: 1694
790: 1075,256
791: 1582
792: 281,1625,987,1985
793: 431,149,1220,59
794: 65,1703,1645,1973,395,515
795: 
796: 854
797: 1974,1360,1883,1452,718,2015,1562,130,1606,1138,122,1246,532,971,201,469,13
798: 833,361,882,22,1997,946,1124,1383,1579,662,1964,2004,1077,1677,263,1972,62,1858
799: 937
800: 747
1761: 
1738: 144,963,816,1004,2010,1933,221,590,1190,233,473,1760,599,559,1250,948,1554,1123,1024,1650,1116,319,985,1399,936,1848,1641,430,780,1476,170
803: 1879,448,1300,1475,1118,2014,1587,1901,1825,1938,1215,247,650,131
804: 831,1840,2018,1322,1737,1577,1027,844,1159,1356,901,1545,1983,682,493,203
805: 
806: 
807: 1023,558,120,253,1633,236,2003,1591,200,262,638,1653,578,181,491,1141,1552,1179
808: 1221,1338,141,58,1496,1745,2013,1455,777,1225,663
1699: 611,1433,914,1708,1080,981,874,2011,528,1795,136,1103,1435,1284,1469,270,184,1853
810: 773,601,1050,188
811: 1446,1309,298,170,1120,816,1004,2010,221,1760,599,1123,1024,319,1399,936,780,1476
812: 1411,1130
813: 
814: 1750
815: 546,321,496,1833
816: 144,963,1004,2010,1933,221,590,1190,1738,233,473,1760,599,559,1250,948,1554,1123,1024,1650,1116,319,1399,936,1848,1641,430,780,1476,1309,811,298,170,1120
817: 619,1876
818: 1053,394,458,196,574,1244,629,307,916,109,409,2000,1015,1728,635,302
819: 
820: 1425
821: 293,1948,1599,730,2012,1482,1859,414,351,1533,1564,1332,1424,1256,1471,1763
822: 
823: 
824: 
2017: 1280,163,1860,1487,47,1690,1560,1740,1394,945,1589,156,863,692,1319,83,1710,1263,1210,1177,1752,1181,123,1774,949,856,1429,1588
826: 1538,1747,1153
827: 169
1757: 
829: 520
830: 
831: 1840,2018,1322,1737,1577,541,804,506,1027,844,1159,1514,1356,901,1545,183,699,1983,682,625,1150,493,1558,203
832: 722,620,681,896,1914
833: 361,882,22,798,1997,946,1124,112,1383,1579,2004,1077,1677,263,1972,1858
834: 
1729: 1950,1574,118,1096,774,1384,688,1385,556,1313,1097,516
836: 1303,2006,362,377,1000,1237,1152,1697,1824,935,358,264,1555,561,487
837: 1851
1985: 987,792,281
839: 524,926,1285
1984: 
1669: 
842: 1331,582,1265,1561,58,86,1541,7,227,1409,1764,2013,514,1073,663,12,567,314,26,1019,1857,193
843: 
844: 831,1840,2018,1322,1737,1577,541,804,506,1027,1159,1514,1356,901,183,699,682,1150,1558
1670: 1446,298,1214,170,1120,2010,1190,559,1476,527
1758: 
1702: 1327,65,1222,1645,1973,395
2004: 1124,112,1383,1579,662,1964,1077,1677,263,833,361,882,22,798,1997,946,1972,62,1858
1816: 1339,1046,1240,378,296,535,1308,1659,87,1351,1865,2002,1921,172,666,1719,273,129,562,499,387
850: 208,1598,1257,1923,1992,1060,1029,879,1896,100,49,1521,2008,1216,929,1061,655,249,1042,1736
851: 
852: 
853: 1503,1726
854: 796
855: 962,1520,2019,251,1034,1943,435,1342,1419,1568,1968,1088,1099,1249,1083,1756,1045,1484,670,41,1595,1540
856: 83,1710,1210,1177,1752,1181,123,949,1429,1588,1280,163,1860,1487,47,1690,1560,1740,945,1589,863,692,2017
857: 
858: 
1821: 
860: 680
861: 
862: 1158,718,1957,1926,72,2015,416,34,938,130,1606,1138,1464,1852,1246,1121,267,971,1944,98,201,469,769,13,1622,904
863: 1280,163,1860,1487,47,1690,1560,1740,1394,945,1589,156,692,2017,83,1752,1181,949,856,1429,1588
864: 
1827: 
866: 
867: 476,1028,1428,1218,1078,1805,906,246,897,1980
868: 
1950: 1574,118,1096,242,774,1729,1384,688,1385,556,1313,1097,516
870: 1800,237,1819,2000,1168,903,1602,217,685,1432,1712,339,1770,1993,77,229
871: 
1740: 1280,163,1487,47,1690,1560,1394,945,1589,156,863,2017,1319,83,1710,1210,1177,1752,1181,123,1774,949,856,1429,1588
873: 579,1316
874: 1699,611,1433,914,1523,1708,1080,2011,528,1795,74,1103,1435,1284,270
875: 
876: 760,1804,220,1969,2003,1417,928,1575,638,1653,426,1355,1260
877: 1359,347
1785: 
879: 208,1598,1257,1923,1992,1060,1029,850,1896,100,49,1521,2008,1216,655
880: 1866,1317
881: 60,190,905,1742,526,1293,1536
882: 833,361,22,798,1997,946,112,1383,1579,2004,1077,1677,263
1972: 833,361,22,798,1997,1124,1579,662,1964,2004,1077,1677,263,62,1858
884: 
885: 1905
886: 1245
887: 982
1895: 293,1948,1599,730,1956,2012,1859,1564,1424,1256,192,1471,1763
1658: 
890: 1775
1709: 968
892: 1573
893: 1175,1347
894: 
1728: 307,916,132,109,409,1800,237,2000,1168,217,685,1432,1015,635,302,77,1204,1499,229,629,1053,394,458,196,818,574,1244
896: 722,620,681,1914,832
897: 476,1428,1218,1078,1805,906,867,246,1980
898: 
899: 1100
1960: 
901: 831,1840,2018,1322,1737,1577,541,804,1027,844,1159,1356,1545,183,1983,682,625,405,1150,1189,493,1558,203
902: 
903: 1800,1819,2000,1168,870,1602,217,685,1432,1712,339,1993
904: 532,1121,267,971,1944,98,1965,121,201,469,769,13,1622,1158,718,862,1957,1926,72,2015,416,130,1606,1464,122,1852,1246
905: 60,881,1742,526,1293,1536
906: 1028,1428,1218,1122,1078,1805,867,246,897,1980
2007: 1267,463,1377,1318,1186,785,1052,1784,1202,1945,1988,1837,1408,222,408,81,365,1684,687,1823,1013,495,54,990,1341,669,134
1853: 475,313,1699,1433,914,981,2011,528,1795,136,1469,270,184,1838
909: 1498
1832: 
911: 
912: 
913: 961,63
914: 1699,1433,1708,1080,981,874,2011,528,1795,136,74,1103,1435,1284,1469,270,184,1838,475,1853
1764: 1331,1221,582,1265,1561,58,86,1541,842,7,227,1409,2013,514,1828,1455,777,1073,1225,1863,663,12,567,1224,314,26,1810,1570,1019,1857,193
916: 307,109,409,237,2000,1168,1602,217,1432,1712,1015,339,1728,635,302,1993,77,1204,1499,229,629,394,458,196,818,1244
917: 
918: 
1959: 
920: 924,9,1787,1434,2001
1986: 
922: 37
923: 
924: 9,920,1787,1434,1062,2001,78,261,939,933,713
925: 
926: 524,839,1285
927: 
928: 2003,1417,1575,200,262,638,1653,426,578,1355,491,1141,760,876,220,1969
929: 1521,1275,2008,1091,1043,1216,1167,1061,655,333,249,1042,1736,1257,1923,1992,1060,1029,850,49
930: 
1856: 
932: 1307
933: 1062,45,1185,2001,78,942,261,939,713,1276,924,9,1787,1434
934: 1303,2006,362,1237,494,1350,1152,1697,1518,935,1095,478,1529,573,1555,176,561,487,335,732,594
935: 836,1303,2006,362,1000,1237,494,1152,1824,1518,478,1529,573,264,934,176,561,487
936: 816,1004,2010,1933,221,590,1738,233,473,1760,599,948,1554,1123,1024,1650,319,1399,780,1476,1309,811
937: 799
938: 1158,718,862,1957,1926,72,2015,416,34,1562,130,1606,1138,1464,122,1246,1883,1452,201,1622
939: 1062,45,2001,78,942,261,933,713,1276,924,1787,1434
940: 698,179,1961,1977,1540,2019,251,1362,1781,1249,958,1756,180,670,1595
941: 226,1151
942: 45,1185,1056,2001,1005,1769,78,617,261,939,933,713,1276,1787
943: 1368
944: 
945: 1280,163,1860,1487,47,1690,1560,1740,1394,1589,156,863,692,2017,1752,1181,856,1429
946: 833,361,882,22,798,1997,112,1383,662,2004,1077,1677,263
947: 1032,1884,2005,1033,239,303,1270,1407,370,1243,1191,1563,286,1315
948: 963,816,2010,1933,221,590,1738,233,473,1554,1650,1116,985,1399,936,1848,1641,430
949: 1319,83,1710,1263,1210,1177,1752,1181,123,1774,856,1429,1588,1280,1860,1487,1560,1740,1589,863,2017
950: 
951: 
1672: 
1807: 
954: 258,1388,1835
1850: 
956: 
957: 
958: 2019,1903,251,1943,1419,1362,1099,1781,1249,1083,1756,180,670,1595,940,1540
959: 750,1406
1701: 1995
961: 913,63
962: 1520,2019,855,1578,1634,1034,1943,435,1342,1568,1088,1099,1083,294,1798,1038,1045,1484,670,1479
963: 144,816,1004,2010,1933,221,1190,1738,473,559,1250,948,1554,1116,319,985,1848,1641,430,1476,527,170,1120
964: 513,75,1635
965: 
966: 
967: 509
968: 1709,765
969: 
970: 
971: 532,1121,267,1944,98,1965,121,201,469,769,13,1622,904,1452,1974,1360,797,1158,718,862,72,2015,34,130,1606,1138,1464,122,1852,1246
1965: 532,1121,267,971,1944,98,121,201,469,769,13,1622,904,1974,1360,72,2015,1852,1246
973: 1422
974: 
1647: 
976: 
977: 703,510
978: 1732,168,604
979: 
980: 244
981: 1699,1433,914,1708,1080,2011,528,1795,136,1103,1435,1284,1469,270,184,1838,475,1853,313
982: 887
983: 401
984: 
985: 963,2010,1933,1738,473,1250,948,1554,1116,1848,1641,430
986: 1952,549,1616,1535
987: 1985,792,281,1625
988: 
1889: 741,548
990: 1267,463,1377,1318,1186,785,1052,1784,1202,1945,2007,1988,1837,1408,222,365,1684,687,1823,1013,495,54,1341,669,134
991: 
992: 
1999: 1040,1826,232
994: 
995: 349,1627
1797: 369
997: 543,627,42
1874: 1104
999: 1248,693,1682
1000: 836,1303,2006,362,377,1237,1824,935,1529,358,573,264,1555,561,732
1001: 
1904: 
1681: 
1004: 963,816,2010,1933,221,590,1190,1738,1760,599,1554,1123,1116,319,1399,936,1848,430,1476,1446,1309,811,298,170,1120
1005: 45,1185,1056,2001,1769,617,942,1276,114
1006: 603,1590,1642,1743
1952: 549,986,1616,1535
1008: 
1009: 
1677: 1124,112,1383,1579,662,1964,2004,1077,263,833,361,882,22,798,1997,946,1972,62,1858
1011: 
1012: 543,627,42
1013: 1267,463,1377,1318,785,1052,1784,1202,1945,2007,1988,1837,1408,222,408,81,365,687,1823,495,54,990,1341,669,134
1014: 
1015: 307,916,132,109,409,1800,237,1819,2000,1168,1602,217,685,1432,1712,339,1728,635,302,77,1499,229,1053,394,458,196,818,574,1244
1016: 
1641: 144,963,816,2010,1933,221,1190,1738,233,473,599,1250,948,1554,1116,985,430
1763: 1471,414,351,1533,1564,1332,1424,1256,238,192,293,1948,1599,730,1956,2012,1482,821,1859,1895
1019: 1610,26,1810,1570,1857,193,1265,1561,86,842,1409,1764,2013,514,663,12,567,1224,314
1020: 1172,1676,1884,2005,1033,1233,303,1407,370,1243,1563
1021: 
1022: 
1023: 1260,558,120,807,253,1633,2003,1591,1417,1653,181,491,1552,1179
1024: 144,816,2010,1933,221,590,1738,233,473,1760,599,1554,1123,1650,319,1399,936,430,780,1476,1309,811
1025: 1223
1026: 
1027: 831,1840,2018,1322,1737,1577,541,804,844,1159,1356,901,1545,183,1983,682,625,405,1150,493,203
1028: 1428,1218,1078,1805,906,867,246,1980
1029: 208,1598,1257,1923,1992,1060,850,879,1896,100,49,1521,2008,929,1061,655,1042,1736
1030: 
1903: 1520,2019,1578,1634,1034,1128,1943,1419,1088,1362,1099,1781,1249,958,1083,1038,1484,670
1032: 1884,2005,1033,1233,947,239,303,1270,1407,370,1243,1191,1563,286,1315,1172
1033: 1032,2005,1233,947,239,303,1270,1407,370,1243,1191,1563,286,1315,1020,1172,1940
1034: 962,1520,2019,855,1578,1634,1903,251,1128,1943,435,1342,1568,1088,1781,1083,294,1798,1038,1045,1484,670,1479
1035: 
1036: 1637,1450,1864,1277
1741: 
1038: 962,1520,2019,1578,1634,1903,1034,1128,1419,1568,1099,1083,294,1798,1484,1479
1863: 1331,1221,582,1561,58,86,7,1745,227,1409,1764,2013,514,1828,1455,777,1073,663,12,567,1224,314,26,1810,193
1040: 1999,1826,232
1041: 
1042: 1521,1275,2008,1091,1043,1216,929,1061,655,333,249,1736,1257,1923,1992,1060,1029,850,49
1043: 1521,1275,2008,1091,1216,929,1167,1061,655,333,249,1042,1992,49
1044: 1365
1045: 962,1520,2019,855,1578,1634,251,1034,786,1943,435,1342,1568,1968,1088,1781,1249,1083,1798,1484,670,1479,41,179
1046: 1816,1791,378,296,1308,1659,1865,2002,1921,172,273,129,562,499,146,387
1646: 
1048: 680
1049: 2009,225,1288,331,30,727,779,503
1050: 188,810
1051: 90,1259
1052: 1267,463,1377,1318,1186,785,1784,1202,1945,2007,1988,1837,1408,222,408,81,365,1684,687,1823,1013,495,54,990,1341
1053: 394,458,196,818,574,307,132,409,2000,1015,1728,302
1054: 
1055: 1427,1987
1056: 45,1185,2001,1005,1769,617,1160,942,713,1276,114
1057: 
1058: 
1059: 
1060: 208,1257,1923,1992,1029,850,879,1896,100,49,1521,2008,929,1061,1042,1736
1061: 1521,2008,1091,1043,929,333,249,1042,1736,1257,1923,1992,1060,1029,850,100,49
1062: 2001,78,261,939,933,713,924,9,1787,1434
1875: 1173
1064: 1248,693,1682
1936: 
1066: 
1067: 
1739: 
1069: 
1070: 
1071: 
1072: 1733
1073: 1331,1221,582,1265,1561,58,86,1541,842,7,227,1409,1764,2013,514,1828,1863,12,314,193
1074: 
1075: 256,790
1979: 
1077: 1124,112,1383,1579,662,1964,2004,1677,263,833,361,882,22,798,1997,946,1972,62,1858
1078: 476,1028,1428,1218,1805,906,867,246,897,1980
1079: 
1080: 1699,611,1433,914,1523,1708,981,874,2011,528,1795,136,74,1103,1435,1284,1469,270,184
1081: 
1082: 
1083: 962,1520,2019,855,1578,1634,1903,251,1034,1128,786,1943,435,1342,1419,1568,1088,1362,1099,1781,1249,958,294,1038,1756,1045,1484,670,1479,1595
1792: 
1973: 1327,65,1703,1702,794,1222,1645,395,515
2002: 1339,1046,1240,1816,1791,378,296,535,1308,1659,87,1351,1865,1921,172,666,1719,273,129,562,499,146,387
1087: 1696
1088: 962,1520,2019,855,1634,1903,251,1034,1128,786,1943,435,1342,1419,1968,1362,1099,1781,1249,1083,1756,1045,180,1484,670,41,1595,698,179,1540
1089: 
1948: 293,1599,730,1956,2012,1482,821,1859,1895,414,1332,1424,1256,1471,1763
1091: 1521,1275,2008,1043,929,1167,1061,333,249,1042,1736,49
1092: 1753
1683: 
1094: 
1095: 2006,362,1237,494,1350,1152,1697,1518,478,1529,573,934,1555,176,335,732,594
1096: 1950,1574,118,242,774,1729,1385
1097: 556,1313,675,516,1950,774,1729,1384,688,1385
1098: 
1099: 962,1520,2019,855,1578,1634,1903,251,1943,1419,1568,1088,1362,1249,958,1083,1038,1756,1484,670,1595
1100: 899
1988: 1267,1377,1318,1186,785,1052,1784,1945,2007,1408,222,408,81,687,1823,1013,990,1341
1102: 223,440
1103: 1699,611,1433,914,1523,1708,1080,981,874,2011,528,1795,136,74,1435,1284,270,184
1104: 1874
1105: 
1106: 1193,52
1107: 
1108: 
1837: 1267,1377,1318,1186,785,1052,1784,2007,1408,222,408,81,365,1684,1823,1013,990,1341
1110: 
1111: 
1112: 186
1944: 1121,267,971,98,1965,769,13,1622,904,862,1926,2015,416,34,1606,1138,1464,1852,1246
1752: 83,1710,1210,1177,1181,123,1774,949,856,1429,1280,163,1487,1690,1740,945,1589,863,692,2017
1115: 1478
1116: 963,816,1004,2010,1933,221,590,1738,473,1250,948,1554,985,1399,1848,1641,430
1117: 1766
1118: 1879,1611,1300,2014,1587,1901,555,803,1825,1938,1215,650,131
1883: 1452,797,1158,718,1957,2015,34,938,1562,130,1606,1138,122,1246
1120: 1446,1309,811,298,1670,1214,170,144,963,816,1004,2010,1933,221,1190,1760,559,1250,1123,319,1848,430,1476,527
1121: 532,267,971,1944,98,1965,121,201,469,769,13,1622,904,1974,1360,718,862,1957,72,2015,416,130,1606,1464,122,1852,1246
1122: 476,1428,1218,1805,906
1123: 816,1004,2010,1933,221,590,1190,1738,233,1760,599,1554,1024,1650,319,1399,936,780,1476,1446,1309,811,298,1120
1124: 112,1383,1579,662,1964,2004,1077,1677,263,833,22,798,1997,1972,62,1858
1125: 
1126: 600,1991
1127: 
1128: 1520,2019,1578,1634,1903,1034,1943,1419,1088,1362,1781,1083,294,1038,670
1905: 885
1130: 812
1131: 
1132: 
1133: 1136,1437,1543
1134: 
1135: 
1136: 1133,1437,1543
1991: 600,1126
1138: 1158,718,862,1957,1926,2015,34,938,1562,130,1606,1464,122,1246,1883,1452,797,532,971,1944,201,469,769,13,1622
1139: 
1653: 236,2003,1591,1417,928,1575,200,262,638,426,578,181,1355,491,1141,1552,1179,1804,876,220,1969,1260,1023,120,807,1633
1141: 236,2003,1591,1417,928,1575,200,262,638,1653,426,578,181,1355,491,1552,220,1969,120,807,1633
1142: 
1143: 1329,1512
1784: 1377,1318,1186,785,1052,2007,1988,1837,222,408,81,1823,1013,990,1341
1696: 1087,232
1146: 1213,334,1734,1301,400
1147: 
1148: 547
2018: 831,1840,1322,1737,1577,541,804,506,1027,844,1159,1514,1356,901,1545,183,618,699,1983,682,625,405,1150,1189,493,1558,203
1150: 1983,682,625,405,1189,493,1558,203,831,2018,1322,1737,541,506,1027,844,1514,1356,901,183,618
1151: 226,941
1152: 836,1303,2006,362,1237,494,1350,1697,1824,1518,935,1095,478,1529,358,573,264,934,1555,561,487,732
1153: 1747,826,1538
1857: 1610,26,1570,1019,193,1265,1561,86,1541,842,7,1409,1764,2013,12,567,314
1155: 
2019: 962,1520,855,1578,1634,1903,251,1034,1128,786,1943,435,1342,1419,1568,1968,1088,1362,1099,1781,1249,958,1083,294,1798,1038,1756,1045,180,1484,670,1479,41,1595,698,179,940,1977,1540
1157: 1664
1158: 718,862,1957,1926,72,2015,416,34,938,1562,130,1606,1138,1464,122,1852,1246,1883,1452,971,201,469,13,1622,904
1159: 831,1840,2018,1322,1737,1577,541,804,506,1027,844,1356,901,1545
1160: 45,1185,1056,2001,617,114,1799
1161: 1851
1162: 584,1631
1840: 831,2018,1322,1737,1577,541,804,1027,844,1159,1356,901,1545,1983,682,625,493,203
1164: 
1923: 208,1598,1257,1992,1060,1029,850,879,1896,100,49,1521,2008,1216,929,1061,655,249,1042,1736
1166: 145,462,317,1528,403,2009,1614,1371,1971,178,1534,756,1205
1167: 1521,1275,2008,1091,1043,1216,929,655,333,249,1992
1168: 307,916,132,1800,237,1819,2000,870,903,1602,217,685,1432,1712,1015,339,1728,635,302,1993,77,229
1967: 
1645: 1327,65,1703,1702,794,1973,395,515
1171: 1927,165
1172: 1020,1940,1032,2005,1033,1233,239,303,1407,370,1191,1563
1173: 1875
1174: 
1175: 893
1176: 1410
1177: 83,1710,1263,1210,1752,1181,123,1774,949,856,1429,1588,1280,163,1740,1589,2017
1940: 1172,2005,1033,239,1270,1191,1563
1179: 2003,1591,1417,200,262,638,1653,426,181,1355,491,1552,1804,220,1969,1260,1023,558,120,807,253,1633
1180: 
1181: 1319,83,1710,1263,1210,1177,1752,123,1774,949,856,1429,1588,1280,163,1860,1487,47,1690,1560,1740,1394,945,1589,156,863,692,2017
1182: 
1183: 135
1184: 
1185: 45,1056,2001,1005,1769,78,617,1160,942,933,1276,114
1186: 1267,463,1377,1318,785,1052,1784,2007,1988,1837,1408,408,365,1684,687,990,1341
1187: 
1188: 
1189: 1983,682,625,405,1150,493,1558,203,2018,1322,1356,901,183
1190: 144,963,816,1004,2010,1933,221,1738,233,473,1760,599,559,1250,1554,1123,319,1399,1848,1641,430,1476,527,1446,1309,298,1670,1214,170,1120
1191: 1032,2005,1033,947,239,303,1270,370,1243,1563,286,1172,1940
1192: 
1193: 1106,52
1194: 
1195: 1958
1196: 
1197: 1481
1772: 
1199: 1401
1755: 28
1201: 
1202: 1267,463,1377,1318,1052,1945,2007,1408,365,1684,687,1823,1013,495,54,990,669,134
1203: 
1204: 1770,1993,77,1499,229,629,307,916,109,237,2000,217,1432,1712,1728,635,394
1205: 343,503,1166,145,462,317,403,2009,1614,1892,1371,331,178,1534,756
1987: 1427,1055
1822: 
1208: 1361,1839,1321
1209: 
1210: 83,1710,1177,1752,1181,949,856,1429,163,1740,1589,692,2017
1211: 
1679: 1687
1213: 334,761,1492,1146,1734,1301,400
1214: 1446,1309,298,1670,170,1120,2010,1190,559,319,1476,527
1215: 448,1300,1475,1118,2014,1587,1901,555,803,1825,1938,247,650
1216: 1521,1275,2008,1043,929,1167,655,333,249,1042,1598,1257,1923,1992,850,879,49
1217: 
1218: 476,1028,1428,1122,1078,1805,906,867,246,897,1980
1885: 1294
1220: 793
1221: 582,1338,808,1561,58,86,1745,227,1409,1764,2013,514,1828,1455,777,1073,1225,1863,663,567,1224,314,26,1810
1222: 1327,65,1702,1973
1223: 1593,1025
1224: 1221,582,1338,141,1561,58,86,1409,1764,2013,514,1828,1455,777,1863,663,12,567,314,1610,26,1810,1019,193
1225: 1331,1221,582,141,808,1561,58,86,1496,1745,227,1764,2013,514,1828,1455,777,663
1226: 
1227: 1324
1228: 479,1725,1295,1724,2016,18,1713,1330,1924,1714,1953,1381,701
1760: 144,816,1004,2010,1933,221,590,1190,1738,233,473,599,559,1554,1123,1024,1650,319,1399,936,780,1476,1446,1309,811,298,170,1120
1230: 
1231: 
1232: 1389
1233: 1032,1884,2005,1033,239,303,1407,370,1243,1563,1315,1676,1020,1172
1234: 1655
1896: 208,1598,1257,1923,1060,1029,850,879,100,49,2008
1236: 740
1237: 836,1303,2006,362,1000,494,1350,1152,1697,1824,1518,935,1095,478,1529,573,264,934,1555,176,561,487,335,732,594
1876: 619,739,817
1239: 355,787,1590,25,1642
1240: 1339,1816,378,535,1865,2002,1921,666,1719,273,129,499,387
1241: 
1914: 722,620,681,896,832
1243: 1032,1884,2005,1033,1233,947,239,303,1270,1407,370,1191,1563,1315,1676,1020
1244: 394,458,196,818,574,1499,629,307,916,109,237,2000,1015,1728
1245: 886
1246: 1158,718,862,1957,1926,72,2015,416,34,938,1562,130,1606,1138,1464,122,1852,1883,1452,1974,797,532,1121,267,971,1944,98,1965,121,201,469,769,13,1622,904
1247: 
1248: 693,1064,1682,999
1249: 2019,855,1903,251,786,1943,1342,1419,1968,1088,1362,1099,1781,958,1083,1756,1045,180,1484,670,41,1595,698,179,1961,940,1977,1540
1250: 144,963,816,2010,1933,221,1190,1738,473,559,1554,1116,319,985,1848,1641,430,1476,527,170,1120
1251: 560,1426,1929
1252: 
1253: 1869
1800: 307,132,409,237,1819,2000,1168,870,903,1602,217,685,1432,1712,1015,339,1728,635,302,229,394,574
1644: 1941
1256: 238,192,414,351,1533,1564,1332,1424,293,1948,1599,730,2012,821,1859,1895,1471,1763
1257: 208,1598,1923,1992,1060,1029,850,879,1896,100,49,1521,2008,1216,929,1061,655,333,249,1042
1258: 
1259: 90,1051
1260: 1023,120,253,1633,1804,876,220,1969,2003,1417,638,1653,491,1552,1179
1261: 
1262: 
1263: 1319,83,1710,1177,1181,123,1774,949,1429,1588,1487,2017
1680: 1531,1639,678
1265: 1331,582,1561,86,1541,842,7,1409,1764,2013,1073,12,314,1570,1019,1857,193
1266: 1439
1267: 463,1377,1318,1186,785,1052,1202,1945,2007,1988,1837,1408,408,365,1684,687,1823,1013,990,1341,669
1268: 
1912: 
1270: 1032,1884,2005,1033,947,239,303,1243,1191,1563,286,1315,1940
1868: 1412
1272: 
1273: 642
1274: 174,418
1275: 1521,2008,1091,1043,1216,929,1167,655,333,249,1042,1992,49
1276: 45,1185,1056,2001,1005,1769,78,617,942,261,939,933,713,114
1277: 1864,1637,1036
1278: 
1279: 161
1280: 163,1860,1487,47,1690,1560,1740,1394,945,1589,156,863,692,2017,1319,83,1710,1177,1752,1181,123,1774,949,856,1429,1588
1281: 
1282: 
1283: 
1284: 1699,611,1433,914,1523,1080,981,874,2011,528,1795,74,1103,1435,1469,270,1838
1285: 524,839,926
1961: 698,179,940,1977,1540,1249,180
1287: 1515,723
1288: 462,1528,2009,1614,225,331,1971,30,1534,727,1049,779,503
1289: 297,1660
1290: 1638,1849,1844
1291: 626,402,51
1292: 
1293: 60,881,905,1742,526,1536
1294: 1885
1295: 479,1725,1724,2016,18,1228,1924,1714,1953,1381,701
1296: 534
1297: 
1298: 1947,95
1299: 
1300: 1879,448,1611,1475,1118,2014,1587,1901,555,803,1825,1938,1215,247,650
1301: 1213,334,761,1492,1146,1734,400
1302: 
1303: 836,2006,362,377,1000,1237,1350,1152,1697,1824,935,478,358,573,264,934,1555,561,487,732,653,594
1954: 
1767: 1867
1306: 
1307: 932
1308: 1339,1046,1816,1791,378,296,1659,1351,1865,2002,1921,172,273,562,499,146,387
1309: 1446,811,298,1214,170,1120,816,1004,2010,221,1190,1760,599,559,1123,1024,319,1399,936,780,1476
1674: 
1311: 
1932: 
1313: 556,675,1097,516,1950,118,1729,1384,688,1385
1981: 606
1315: 1032,1884,2005,1033,1233,947,239,303,1270,1407,370,1243,286
1316: 579,873
1317: 610,880
1318: 1267,463,1377,1186,785,1052,1784,1202,1945,2007,1988,1837,1408,222,408,365,1684,687,1823,1013,495,54,990,1341,669
1319: 83,1710,1263,1181,123,1774,949,1429,1588,1280,1487,47,1560,1740,2017
2014: 1879,448,1611,1300,1475,1118,1587,1901,555,803,1825,1938,1215,247,650,131
1321: 1839,32,1208,1361
1322: 831,1840,2018,1737,1577,541,804,506,1027,844,1159,1514,1356,901,1545,183,1983,682,625,405,1150,1189,493,1558,203
1918: 404
1324: 1227
1325: 
1326: 27
1327: 65,1703,1702,1222,1645,1973,395,515
1328: 
1329: 1512,1143
1330: 597,1725,2016,18,1713,1228,1924,1714,1953,701
1331: 582,1265,1561,58,86,1541,842,7,1745,227,1409,1764,2013,514,1828,1073,1225,1863,663
1332: 414,351,1533,1564,1424,1256,238,192,1948,1599,730,2012,1482,821,1859,1471,1763
1798: 962,1520,2019,1578,1034,435,1568,294,1038,1045,1484,1479
1846: 
1335: 534
1336: 1925,689,1663
1337: 1542
1338: 1221,141,808,58,86,1496,1409,2013,514,1455,777,663,567,1224,1810
1339: 1240,1816,378,296,535,1308,1659,87,1351,1865,2002,1921,172,666,1719,273,562,499,146
1340: 
1341: 1267,1377,1318,1186,785,1052,1784,1945,2007,1988,1837,1408,222,408,81,1684,687,1013,990
1342: 962,2019,855,1634,251,1034,786,1943,435,1968,1088,1781,1249,1083,1756,1045,1484,670,41,1595,698,179,1540
1343: 155,318
1344: 
1345: 390
1346: 
1347: 893
1348: 92,500
1825: 1879,448,1611,1300,1475,1118,2014,1587,1901,555,803,1938,1215,247,650
1350: 1303,2006,362,1237,494,1152,1697,1518,1095,478,1529,573,934,1555,176,561,487,335,732,653,594
1351: 1339,1816,296,1308,1659,87,2002,1921,172,273,562,499,146
1352: 
1353: 
1354: 755,628
1355: 236,2003,1591,1417,928,1575,200,262,638,1653,426,578,181,491,1141,1552,1179,1804,876,220
1356: 831,1840,2018,1322,1737,1577,541,804,506,1027,844,1159,1514,901,183,618,699,1983,682,625,405,1150,1189,493,1558,203
1951: 
1358: 269
1359: 347,877
1360: 1974,797,2015,130,122,532,1121,971,1965,201,469,769,13
1361: 1208,32,1839,1321
1362: 1520,2019,1634,1903,251,1128,1943,1419,1088,1099,1781,1249,958,1083,1756,180,1484,670,1595,179,940,1540
1707: 
1835: 1388,954
1365: 1044
1366: 
1367: 
1368: 943
1369: 367,154
1370: 
1371: 1166,145,462,317,403,2009,1614,1892,331,1971,178,1534,756,1205,343,503
1372: 
1373: 1524
1996: 
1743: 603,1590,25,1642,1006
1376: 
1377: 1267,463,1318,1186,785,1052,1784,1202,1945,2007,1988,1837,1408,222,408,81,365,1684,687,1823,1013,495,990,1341
1747: 1153,826,1538
1379: 565
1724: 479,1295,2016,18,1228,1924,1714,1381,701
1381: 479,597,1725,1295,1724,2016,18,1228,1924,1714,1953,701
1382: 
1383: 1124,112,1579,662,2004,1077,1677,263,833,361,882,22,798,1997,946
1384: 1950,1574,118,774,1729,688,1385,556,1313,675,1097,516
1385: 1950,1574,118,1096,242,774,1729,1384,688,556,1313,675,1097,516
1386: 
1705: 
1388: 258,651,1789,1835,954
1389: 1232
1971: 1166,462,1528,2009,1614,1892,225,1371,1288,331,178,30,1534,343,503
1734: 1213,334,761,1492,1146,1301,400
1392: 
1393: 
1394: 1280,163,1860,1487,47,1690,1560,1740,945,156,863,692,2017,1181,1429
1395: 1406,750
1396: 
1722: 486,1470,1675
1640: 19,630
1399: 816,1004,2010,1933,221,590,1190,1738,233,1760,599,948,1554,1123,1024,1650,1116,319,936,1848,430,780,1476,1309,811,298
1791: 1046,378,1308,1865,2002,1921,273,129,562,499,387
1401: 1199
1908: 420
1403: 
1404: 300
1405: 
1406: 1395,750,959
1407: 1032,1884,2005,1033,1233,947,239,303,370,1243,1563,286,1315,1676,1020,1172
1408: 1267,463,1377,1318,1186,785,1052,1202,1945,2007,1988,1837,222,408,81,1684,687,1823,1013,495,54,990,1341,669
1409: 1331,1221,582,1338,1265,1561,58,86,1541,842,7,227,1764,2013,514,1828,1455,777,1073,1863,663,12,567,1224,314,1610,26,1810,1570,1019,1857,193
1410: 1176
1411: 812
1412: 1868
1805: 476,1028,1428,1218,1122,1078,906,867,246,897,1980
1414: 
1926: 1158,718,862,1957,72,2015,416,34,938,1562,130,1606,1138,1464,1852,1246,267,1944,1622,904
1845: 1806,588
1417: 2003,1591,928,1575,200,262,638,1653,426,1355,491,1141,1552,1179,1804,876,220,1969,1260,1023,120,253,1633
1808: 743,284
1419: 1520,2019,855,1578,1634,1903,251,1128,1943,1088,1362,1099,1781,1249,958,1083,1038,1756,180,1484,670,1595,1540
1420: 
1421: 
1422: 973
1992: 208,1598,1257,1923,1060,1029,850,879,100,49,1521,1275,2008,1043,1216,929,1167,1061,655,333,249,1042,1736
1424: 414,351,1533,1564,1332,1256,238,192,293,1948,1599,730,2012,1482,821,1859,1895,1471,1763
1425: 820
1426: 1929,1251
1427: 1987,1055
1428: 476,1028,1218,1122,1078,1805,906,867,897,1980
1429: 1319,83,1710,1263,1210,1177,1752,1181,123,1774,949,856,1588,1280,163,1860,1487,47,1690,1560,1740,1394,945,1589,863,2017
1430: 
1431: 
1432: 307,916,109,1800,237,2000,1168,870,903,1602,217,685,1712,1015,339,1728,635,302,1770,1993,77,1204,1499,229,394
1433: 1699,611,914,1080,981,874,2011,528,1795,136,1103,1435,1284,1469,270,1838,475,1853,313
1434: 924,9,920,1787,1062,2001,78,261,939,933,713
1435: 1699,1433,914,1523,1708,1080,981,874,2011,528,1795,136,74,1103,1284,1469,270,1838,475
1436: 
1437: 433,1543,1136,1133
1819: 132,1800,2000,1168,870,903,1602,217,685,1712,1015,339,635,302
1439: 1266
1440: 
1441: 
1815: 
1443: 
1444: 406
1445: 211,113,411
1446: 1309,811,298,1670,1214,170,1120,1004,2010,1190,1760,559,1123,319,1476
1447: 
1448: 485
1449: 
1450: 1036
1451: 428,372
1452: 1883,1974,797,1158,718,1957,72,2015,34,938,1562,130,1606,1138,122,1246,971,201,469,13
1453: 1888,384
1698: 234
1455: 1221,582,1338,141,808,1561,58,86,1496,1745,227,1409,1764,2013,514,1828,777,1225,1863,663,567,1224,1810
1917: 
1704: 1493
1458: 
1692: 
1460: 
2005: 1032,1884,1033,1233,947,239,303,1270,1407,370,1243,1191,1563,286,1315,1676,1020,1172,1940
1462: 
1463: 
1464: 1158,718,862,1957,1926,72,2015,416,34,938,1562,130,1606,1138,122,1852,1246,1121,267,971,1944,98,121,201,469,1622,904
1465: 
1726: 1503,853
1754: 
1468: 194,352
1469: 1699,1433,914,1080,981,2011,528,1795,136,1435,1284,270,184,1838,475,1853,313
1470: 1722,486,1675
1471: 1763,414,351,1564,1332,1424,1256,192,293,1948,1599,730,1956,2012,821,1859,1895
1472: 76,55
1473: 
1745: 1331,1221,582,141,808,58,1496,227,2013,514,1828,1455,777,1225,1863,663
1475: 448,1300,2014,803,1825,1938,1215,247
1476: 144,963,816,1004,2010,1933,221,1190,1738,233,473,1760,599,559,1250,1554,1123,1024,319,1399,936,1848,430,780,527,1446,1309,811,298,1670,1214,170,1120
1477: 402,51
1478: 1115
1479: 962,1520,2019,1578,1634,1034,1568,1083,294,1798,1038,1045,1484
1947: 1298,95
1481: 1197
1482: 293,1948,1599,730,2012,821,1859,414,351,1533,1564,1332,1424,1763
1483: 
1484: 962,1520,2019,855,1578,1634,1903,251,1034,1943,435,1342,1419,1568,1968,1088,1362,1099,1781,1249,1083,294,1798,1038,1756,1045,670,1479,41,1595
1915: 
1858: 62,833,22,798,1997,1124,112,1579,662,1964,2004,1077,1677,263,1972
1487: 1280,163,1860,47,1690,1560,1740,1394,945,1589,863,2017,1319,83,1710,1263,1752,1181,123,1774,949,856,1429,1588
1488: 
1489: 
1490: 
1491: 
1492: 1213,761,1734,1301,400,587
1493: 1704
1494: 
1495: 
1496: 1338,141,808,58,1745,227,2013,514,1455,777,1225,663
1497: 1939
1498: 909
1499: 1993,77,1204,229,629,307,916,109,237,2000,217,1432,1015,1728,394,1244
1500: 1501,737
1501: 1500,737
1502: 70,1727
1503: 853,1726
1504: 
1505: 
1839: 1321,1208,1361
1507: 580
1508: 771
1509: 
1510: 673,436,209,511,1556
1888: 384,1453
1512: 1329,1143
1969: 1804,876,220,2003,1417,928,1575,638,1653,426,491,1141,1552,1179,1260,120,253,1633
1514: 831,2018,1322,1737,541,506,844,1356,183,618,699,682,405,1150,493,1558
1515: 1287,723
1516: 
1517: 643,444
1518: 2006,1237,494,1350,1152,935,1095,478,1529,573,934,176,487
1783: 
1520: 962,2019,855,1578,1634,1903,251,1034,1128,1943,1419,1568,1088,1362,1099,1083,294,1798,1038,1756,1045,1484,670,1479
1521: 1275,2008,1091,1043,1216,929,1167,1061,655,333,249,1042,1257,1923,1992,1060,1029,850,879,49
2008: 1521,1275,1091,1043,1216,929,1167,1061,655,333,249,1042,1736,208,1598,1257,1923,1992,1060,1029,850,879,1896,100,49
1523: 611,1708,1080,874,2011,1795,74,1103,1435,1284
1524: 1373
1525: 
1526: 46
1527: 
1528: 1166,462,2009,1614,1892,225,1288,331,1971,178,30,1534
1529: 2006,362,1000,1237,494,1350,1152,1518,935,1095,478,573,264,934,1555,176,561,487,335,732
1530: 
1531: 1639,1680,678
1532: 204
1533: 414,351,1564,1332,1424,1256,238,192,1599,730,2012,1482,821,1859,1763
1534: 1166,145,462,317,1528,403,2009,1614,1892,225,1371,1288,331,1971,178,756,1205
1535: 1952,549,986,1616
1536: 60,881,905,1742,526,1293
1537: 
1538: 826,1747,1153
1823: 1267,463,1377,1318,785,1052,1784,1202,1945,2007,1988,1837,1408,222,365,1684,687,1013,495,54,990,669,134
1540: 698,179,1961,940,1977,2019,855,251,786,1943,1342,1419,1968,1088,1362,1781,1249,958,1756,180,670,41,1595
1541: 1331,582,1265,1561,86,842,7,227,1409,1764,2013,514,1828,1073,12,1857
1542: 1337
1543: 433,1437,1136,1133
1732: 978,157,168,604
1545: 831,1840,2018,1322,1737,1577,804,1027,1159,901,1983,682,493,203
1546: 539,108
1547: 
1548: 
1818: 
1550: 
1551: 
1552: 236,2003,1591,1417,1575,200,262,638,1653,426,578,181,1355,491,1141,1179,1804,220,1969,1260,1023,558,120,807,253,1633
1553: 
1554: 144,963,816,1004,2010,1933,221,590,1190,1738,233,473,1760,599,1250,948,1123,1024,1650,1116,319,985,1399,936,1848,1641,430,780,1476
1555: 836,1303,2006,362,377,1000,1237,494,1350,1152,1697,1824,1095,478,1529,358,573,934,561,335,732,653,594
1556: 209,511,1510,673,436
1557: 
1558: 682,625,405,1150,1189,493,203,831,2018,1322,1737,541,506,844,1514,1356,901,183,618,699
1559: 
1560: 1280,163,1860,1487,47,1690,1740,1394,945,156,863,2017,1319,83,1181,123,949,856,1429,1588
1561: 1331,1221,582,1265,58,86,1541,842,7,227,1409,1764,2013,514,1828,1455,777,1073,1225,1863,663,12,567,1224,314,26,1019,1857,193
1562: 1158,718,1957,1926,72,2015,938,130,1606,1138,1464,122,1246,1883,1452,1974,797,201,469
1563: 1032,1884,2005,1033,1233,947,239,303,1270,1407,370,1243,1191,1676,1020,1172,1940
1564: 414,351,1533,1332,1424,1256,238,192,1599,730,2012,1482,821,1859,1895,1471,1763
1836: 
1566: 115,177,171
1721: 
1568: 962,1520,2019,855,1578,1634,1034,1099,1083,294,1798,1038,1045,1484,1479
1964: 1124,112,1579,662,2004,1077,1677,263,22,798,1972,62,1858
1570: 1610,26,1019,1857,193,1265,7,1409,1764,2013,12,567,314
1990: 
1873: 
1573: 892
1574: 1950,118,1096,242,774,1729,1384,688,1385,516
1575: 2003,1417,928,200,638,1653,426,1355,491,1141,1552,760,1804,876,220,1969,120,1633
1576: 
1577: 831,1840,2018,1322,1737,541,804,1027,844,1159,1356,901,1545,682,625,203
1578: 962,1520,2019,1634,1903,1034,1128,1943,1419,1568,1099,1083,294,1798,1038,1045,1484,1479
1579: 1124,112,1383,662,1964,2004,1077,1677,263,833,361,882,22,798,1997,1972,62,1858
1731: 
1860: 1280,1487,47,1690,1560,1394,945,1589,863,2017,1181,123,949,856,1429,1588
1582: 791
2016: 479,597,1725,1295,1724,18,1713,1330,1228,1924,1714,1953,1381,701
1584: 
1824: 836,1303,2006,362,377,1000,1237,1152,1697,935,358,573,264,1555,561,732,653
1811: 150,695
1587: 1879,448,1611,1300,1118,2014,1901,555,803,1825,1938,1215,247,650,131
1588: 1319,83,1710,1263,1177,1181,123,1774,949,856,1429,1280,163,1860,1487,47,1690,1560,1740,863,2017
1589: 1280,163,1860,1487,1690,1740,945,156,863,692,2017,83,1710,1210,1177,1752,1181,949,856,1429
1590: 787,603,1239,25,1642,1743,1006
1591: 236,2003,1417,200,262,1653,578,181,1355,491,1141,1552,1179,1023,558,120,807
1592: 
1593: 1223
1762: 676,1893
1595: 2019,855,251,786,1943,435,1342,1419,1968,1088,1362,1099,1781,1249,958,1083,1756,1484,670,41,698,179,940,1540
1812: 
1942: 
1598: 208,1257,1923,1992,1029,850,879,1896,100,49,2008,1216,655,249
1599: 293,1948,730,1956,2012,1482,821,1859,1895,414,351,1533,1564,1332,1424,1256,192,1471,1763
1600: 
1756: 1520,2019,855,251,1943,1342,1419,1968,1088,1362,1099,1781,1249,958,1083,180,1484,670,41,1595,179,940,1540
1602: 307,916,132,409,1800,237,1819,2000,1168,870,903,217,685,1432,1712,1015,339,635,302,1770,1993,77,229
1867: 1767
1604: 
1605: 
1606: 1158,718,862,1957,1926,72,2015,416,34,938,1562,130,1138,1464,122,1852,1246,1883,1452,797,532,1121,267,971,1944,98,201,469,769,13,1622,904
1607: 
1608: 
1927: 1171
1610: 26,1810,1570,1019,1857,193,1409,2013,12,567,1224,314
1611: 1879,448,1300,1118,2014,1587,1901,555,1825,1938,247,650
1799: 2001,617,1160,114
1613: 
1614: 1166,145,462,1528,403,2009,1892,225,1371,1288,331,1971,178,30,1534,727,756,1205,779,343,503
1615: 
1616: 1952,549,986,1535
1982: 
1660: 1289,297
1664: 1157
1620: 
1621: 
1622: 532,1121,267,971,1944,98,1965,121,201,469,769,13,904,1158,718,862,1957,1926,72,2015,416,34,938,130,1606,1138,1464,122,1852,1246
1623: 
1872: 
1625: 792,281,987
1626: 
1627: 349,995
1628: 
1629: 
1831: 
1631: 1162,584
1632: 
1633: 1260,1023,558,120,807,253,1804,220,1969,2003,1417,1575,638,1653,426,181,491,1141,1552,1179
1634: 962,1520,2019,1578,1903,251,1034,1128,786,1943,1342,1419,1568,1088,1362,1099,1781,1083,294,1038,1045,1484,670,1479
1635: 513,75,964
1636: 
1637: 1036,1864,1277
1638: 1290,1849,1844