1758: 2006,555,249,848,734,1608,74,972,841,1039,1698,842,1038,1665,657,2007,1901,321
1: 1099,470,2014,478,1902,310,704,1597,1683,1200
1471: 1153,243,1036,1027,1708,1638,1014,1240,933,2002,752,1213,312,1944,610,857,1843,2003,1763,335,1676
1979: 
1803: 
1926: 764,1837,1363,1618,1016,712,1250,1167,2016,1199,44,791,21,1969,621,981,1984,1943,1797,53
1192: 1394,364
7: 52
1797: 1837,1363,1926,1016,712,1250,1167,2016,791,21,287,1969,621,1626,1368,1984,53
1229: 1457,2014,1166,568,825,1548,385,1004,1267,1047,707
1342: 1495,1034,763,1171,2019,296,233,446,1491,1746,1025,703,1510,156,1912,1799,338,1867
11: 1426,166,1942,460,1981,1236,2004,536,511,329,337,303,1434,1863,1788,571,114,520,1097,523,1961,1018,529
12: 
1756: 
1865: 941,676,1198,1266,826,2015,1569,202,315,2013,1011,1687,140,1855,1044,466,1828,89,656,1019,1873,72,1876
15: 
16: 1361
17: 1460,978
18: 2019,1589,1765,1734,1746,615,998,282,546,620
19: 1484,1072,801,427,1831,579,34,1927,328,384,2010,332,1752,1717,1101,1556,1420,132,727,1691,1272,508,1802,683,1291,650,1129,1169,813,1347,1713,1531,93,1053,1641,1086,1588,430,1501,80,32,1300
20: 1393,1099,1866,2014,478,1208,1445,1146,310,568,1609,825,812,193,1975,1683,1004,1705,1720,431,1047,800,1111,1338,66,1546
21: 1837,1363,1926,1016,712,1167,2016,287,1969,1368,1797,53
22: 
1393: 1099,1457,1866,470,2014,478,1208,1166,1445,1902,1146,310,568,1609,704,825,1597,812,1548,193,1975,385,1683,1004,1705,45,1267,1720,431,1047,707,800,1200,20,1111,1338,1546
1623: 
25: 1707,1110,666
1368: 764,1837,1363,712,1250,1167,2016,917,21,1969,1626,1984,1797,472,53
1910: 1038,1665,58,657,1826,2007,1901,1161,2006,1079,555,1608,972,841,1039,1698
28: 1255,1892,65,1838,1666,1633,1390,1245,1521,1952,970,1976,638,2005,61,777,1296,474,868,465,993,1878,78,557
29: 1075,1120,172,1281,280,2001,1017,1753,375,1934,1785,722,748,358,30,437
30: 1120,172,299,1281,29,280,2001,1934,1785,1339,722,748,358,437
31: 
32: 1641,1964,965,1086,430,1501,80,1300,427,34,2010,295,132,19,508,683,1169,1347,1531,93
33: 300
34: 1484,1072,427,1831,1927,2010,1717,295,1101,1420,132,727,19,1272,508,683,1129,1169,1347,1531,93,1053,1641,1964,1086,430,1501,80,32,1300
35: 
36: 
37: 
38: 1358,1824,1815
1379: 977
40: 1015,268
1460: 17
1817: 1190
43: 
44: 764,1363,1926,1618,1016,2016,1199,791,621,981,1984,1943
45: 1393,1099,1457,1866,470,2014,478,1208,1166,1902,1146,568,704,825,1597,812,1548,193,1004,1705,1267,431,1047,707,1200,1111
46: 706
1759: 1248,1526,473,1894,1555,673,409,2008,1380,1257,1482,1159,741,401,325,73,281,1819,353,1770,1022,1381,464,1271,1451,130,1391
1361: 16
49: 1421
1247: 
51: 
52: 7
53: 764,1837,1363,1926,1016,712,1167,2016,1199,791,21,1969,1368,1943,1797
54: 236,1806,644,1387,2000,524,298,1455,197,844,1591,1844,1113,916,1549
55: 963
56: 1584
1860: 492,133,1285,218,1559,2011,1283,1845,790,731,1849,923
58: 1038,1665,657,1826,1910,2007,1901,1161,321,2006,1079,555,972,1039
1505: 
60: 
61: 1255,65,1838,1633,1390,1245,28,1521,1952,970,798,1976,850,1414,2005,777,1296,828,474,1739,1007,868,607,465,993,1878,78,557,1749,646
62: 
63: 
1363: 764,1837,1926,1618,1016,712,1250,1167,2016,1199,44,917,791,21,287,1969,621,1715,1626,981,1368,1984,1943,1797,472,53
65: 1255,1892,1838,1633,1390,28,1521,1952,798,1976,850,1414,2005,61,777,1296,828,474,1739,1007,868,607,465,1458,993,1878,78,557,1749,646,670
66: 1111,1338,1546,1866,2014,478,1902,1146,310,812,193,1683,1705,800,20
1308: 
68: 1043,753
69: 931
1715: 1363,1618,1250,2016,1199,917,791,621,1626,981,1984,472,319,634
1443: 
72: 1019,1873,1533,1876,941,676,1198,1266,826,2015,1569,202,2013,1011,1687,140,1044,89,1865,656
73: 1248,1526,473,661,1894,1759,1555,673,409,2008,1380,1257,1482,1159,741,1807,401,325,281,1819,353,1770,1022,1381,464,1191,254,1271,1451,130,1391,121
74: 2006,1079,555,249,848,734,1758,1608,972,841,1039,1698,842,1665,657,2007,1901,1161,321
1589: 230,1147,2019,1765,1217,296,233,446,1491,1734,1746,615,998,282,18,1025,376,703,1510,546,620,156,1912,338,1867,1495
76: 1551,105
1524: 
78: 1255,1892,65,1838,1666,1633,1390,1245,28,1521,1952,970,798,1976,850,638,2005,61,777,1296,828,474,868,607,465,1458,993,1878
1564: 
80: 1641,1964,965,1086,1588,430,1501,32,1300,1484,1072,427,1831,34,1927,2010,129,295,1101,1420,132,19,1272,508,683,1169,1347,1531,93,1053
81: 1162,1777,389
1422: 1426,460,1981,2004,536,1500,511,1434,1389,1056,529,617
83: 
1863: 1426,166,460,1981,1236,2004,536,511,329,337,303,1434,571,114,520,1056,1097,523,1961,11,1018,529
1155: 1794
86: 
1653: 
1679: 
89: 941,676,1198,1266,826,2015,1569,202,315,2013,1011,1687,140,1044,466,179,997,1865,656,1019,1873,72,1533,1876
1457: 1393,1099,1866,470,2014,478,1229,1166,1445,568,1609,704,825,1597,1548,193,385,1683,1004,45,1267,1720,1047,707,1200
1718: 960,1640,1163,2017,544,1908,968
92: 
93: 1484,1072,427,34,1927,2010,129,295,132,19,508,683,1169,1347,1531,1641,1964,430,1501,80,32,1300
94: 1585
1266: 941,676,1198,826,2015,1569,202,315,2013,1011,1687,140,1855,547,102,1044,466,1828,179,89,1865,656,1019,1873,72,1533,1876
1916: 
97: 
1385: 
1781: 
100: 309,1550,135,2018,773,1059,1932,1431,1469,1645
1501: 1641,1964,965,1086,1588,430,80,32,1300,1484,34,1927,2010,295,1101,1556,1420,19,683,1347,1713,1531,93,1053
102: 941,676,1198,1266,2015,1569,202,751,315,2013,1011,1855,547,1044,466,1828,179,1230,1019
103: 
104: 
105: 1551,76
106: 1774,1783,285
1774: 1783,106,285
1463: 
1153: 243,1036,1027,1708,1103,629,1240,933,2002,752,1471,487,1213,312,1944,857,1843,588,2003,1763,1294,335,323,1170,737,1676
1190: 1817
111: 
112: 150,1787
1754: 
114: 166,1236,2004,511,337,303,1434,1863,1788,571,520,1961,11,1018
1701: 
1366: 706
117: 1075,1120,172,1281,1243,2001,1017,1753,1934,1785,1339,358,437,958,356
1682: 566,176,421,560,450,495,1327,1834,2012,542,1142,1854,756
1452: 
1136: 
121: 1248,661,673,409,2008,1380,1257,73,1822,1770,1381,1191,254,1261,1271,1451,130,1391
1632: 1882,960,1640,2017,544,1908,1930,695,1547
1255: 65,1838,1633,1390,1245,28,1521,2005,61,474,1007,868,607,465,78,557,1749
1458: 1892,65,1633,1521,1952,798,1976,850,1414,2005,777,1296,1739,993,1878,78,646,670
1490: 
126: 333
1637: 1305,1655
128: 
129: 1484,1072,427,1831,1927,384,2010,1752,295,1420,132,727,508,683,650,1129,93,80
130: 1248,1526,473,661,1894,1759,1555,673,409,2008,1380,1257,1482,1159,1807,401,73,281,1822,353,1770,1381,464,1191,254,1261,1271,1451,1391,121
131: 
132: 1484,1072,427,1831,34,1927,384,2010,129,1717,295,1420,727,19,508,683,1129,1169,1347,93,1964,80,32,1300
133: 492,1285,218,1559,2011,778,1283,1845,790,1860,731
1395: 
135: 2018,773,1887,1059,1932,1431,309,100,1550,1469,1645
136: 
137: 
1707: 1110,25,666
139: 1930,695,1547,2017,1908
140: 941,676,1198,1266,826,2015,1569,202,315,2013,1011,173,1687,1044,89,997,1865,656,1019,1873,72,1876
141: 
1627: 
1787: 937,112
1146: 1393,1099,1866,470,2014,478,1208,1166,1902,310,568,1597,812,193,1683,1705,45,431,1047,707,800,1200,20,1111,1338,66
1842: 
1245: 1255,1838,1666,1633,1390,28,1952,970,2005,61,474,868,607,465,993,78,557
147: 
1520: 
1670: 457,1900
150: 112
1159: 1526,473,661,1894,1759,1555,2008,1380,1257,1482,741,1807,325,73,281,353,1022,464,1191,254,1271,130,1391
152: 276
153: 1256,1511
1815: 1358,38
155: 
156: 1147,2019,1589,1217,296,233,446,1491,1746,615,1025,376,703,1510,620,1912,1799,338,1867,1495,1342,1034,1171
157: 1037,934
158: 
1331: 
1090: 
1753: 824,1075,1120,172,299,1281,29,1243,280,2001,1017,375,1934,1785,1339,748,437,117,958,356
1309: 
163: 
1547: 1930,139,695,1882,1640,1163,2017,544,1632,1908
165: 
166: 1426,1942,460,1981,1236,2004,536,1500,511,337,303,1434,1863,1788,571,114,520,1389,1056,1097,1961,11,1018,529
1504: 1796,598
168: 
169: 
1250: 764,1837,1363,1926,1618,1016,712,1167,2016,1199,917,791,287,1969,621,1715,1626,981,1368,1984,1797,472
1828: 941,676,339,1198,1266,826,2015,1569,751,315,2013,173,1687,1855,547,102,1044,466,179,1230,997,1865
172: 1075,1120,299,1281,29,1243,280,2001,1017,1753,1934,1785,1339,722,748,358,30,437,117,958
173: 941,676,339,1198,826,2015,1569,751,315,2013,1687,140,1855,1828,179,1230,997,656
2004: 1426,166,1942,460,1422,1981,1236,536,1500,511,329,337,303,1434,1863,1788,571,114,520,1389,1056,1097,523,1961,11,1018,529,617
1200: 1393,1099,1457,1866,470,2014,478,1166,1902,1146,310,568,704,1597,193,1683,1,1705,45,707,800
176: 566,421,262,560,450,495,1327,1834,1532,284,2012,542,1142,1076,1854,756,205,1292,1682,291,1225
1451: 1248,1526,473,661,1759,1555,673,409,2008,1380,1257,1482,741,401,73,1819,1770,1022,1381,464,1261,1271,130,1391,121
1639: 
179: 941,676,339,1198,1266,826,2015,1569,202,751,315,2013,1011,173,1687,1855,547,102,1044,466,1828,1230,89,997,656
2003: 1153,243,1036,1027,1708,1638,1103,1014,629,1240,933,2002,752,1471,487,1674,1213,312,1944,610,857,1843,588,1763,1294,335,1046,323,793,1170,737,1676
2002: 1153,243,1036,1027,1708,1638,1103,1014,629,1240,933,752,1471,487,1674,1213,312,1944,610,857,1843,588,2003,1763,1294,335,1046,323,793,1170,737,1676
182: 
1163: 1718,1882,960,1640,2017,544,1908,1930,695,1547,968
184: 1226,1778,227
2010: 1484,1072,801,427,1831,579,34,1927,328,384,332,129,275,1752,1717,295,1101,1556,1420,132,727,1691,19,1272,508,1802,1602,683,1291,650,1129,1169,813,1347,1713,1531,93,1053,1641,1964,965,1086,1588,430,1501,80,32,1300
186: 
2008: 1248,1526,473,661,1894,1759,1555,673,409,1380,1257,1482,1159,741,1807,401,325,73,281,1819,1822,353,1770,1022,1381,464,1191,254,1261,1271,1451,130,1391,121
188: 
1111: 1338,66,1546,1393,1866,2014,478,1208,1902,1146,310,568,812,193,1975,1705,45,1720,431,800,20
1878: 1892,65,1838,1633,1390,28,1521,1952,970,798,1976,850,1414,638,2005,61,777,1296,828,1739,1007,607,465,1458,993,78,1749,646,670
191: 
2012: 566,176,421,262,560,450,495,1327,1834,1239,1532,284,1408,542,1142,1076,1854,756,205,1292,1682,291,1474,1225,1149,1885,1100
193: 1393,1099,1457,1866,470,2014,478,1208,1166,1445,1902,1146,310,568,1609,825,1597,812,1975,1683,1004,1705,45,1720,431,1047,707,800,1200,20,1111,1338,66,1546
1201: 
195: 236,1387,1748,660,2000,524,298,1455,197,844,1591,1844,863
196: 
197: 236,1806,644,1387,1748,660,2000,524,298,1455,844,1591,1844,54,195,863
198: 
1257: 1248,1526,473,661,1759,1555,673,409,2008,1380,1482,1159,741,1807,401,73,281,1819,1822,353,1770,1022,1381,464,1191,254,1271,1451,130,1391,121
1563: 
1940: 
202: 941,1198,1266,826,2015,1569,751,315,2013,1011,1687,140,102,1044,466,179,89,997,1865,656,1019,72,1533,1876
1325: 1302
1588: 1641,1964,965,1086,430,1501,80,1927,2010,1101,1556,1420,19,683,1713,1531,1053
205: 176,262,495,1532,284,1408,2012,542,1142,1076,1854,1292
1310: 
1779: 
208: 
209: 
210: 
211: 
1612: 1313
213: 
214: 
1474: 262,1239,1532,284,1408,2012,1076,1854,1292,1225,1149,1885,1100
1740: 
1276: 
218: 492,133,1285,1559,2011,778,1283,1845,790,1860,731,1849,923
1387: 236,644,1748,660,2000,524,298,1455,197,844,1591,1844,54,195,863,1113
1281: 1075,1120,172,29,280,2001,1753,1934,1785,722,748,358,30,437,117
2001: 824,1075,1120,172,299,1281,29,1243,280,1017,1753,375,1934,1785,1339,722,748,358,30,437,117,958,356
222: 1668,1541
223: 597
1647: 1102,1083,1071,1428,1918,1658,747,592,2009,461,662,1145,1523,477,1278,594,1780,1126,1293
1113: 916,236,1806,644,1387,2000,524,844,1591,54,1549
1398: 
227: 1226,184
1522: 
1428: 1102,1083,503,1071,1918,1658,747,592,926,1647,2009,461,1145,1523,477
230: 2019,1589,1765,1217,296,1734,615,998,1025,376,703,620,1912,338,763,1171
1306: 
1469: 309,100,1550,135,2018,1059,1932,1431,1645
233: 1147,2019,1589,1217,296,446,1491,1746,282,1025,703,1510,620,156,1912,1799,338,1867,1495,1342,1034,763,1171
1120: 1075,172,1281,29,2001,1753,1934,1785,1339,748,358,30,437,117,958,356
235: 1498,1359,912
236: 1806,644,1387,660,2000,524,298,1455,197,844,1591,54,195,863,1113,916,1549
237: 
1831: 1484,1072,801,427,579,34,1927,328,384,2010,332,129,275,1752,1717,1101,1420,132,727,1691,19,1272,508,1802,683,1291,650,1129,1169,813,1347,1713,1531,1053,1641,80
1618: 764,1837,1363,1926,1016,1250,2016,1199,44,917,791,621,1715,1626,981,1984,319
240: 
241: 370
1467: 
243: 1153,1036,1027,1708,1638,1103,1014,629,1240,2002,752,1471,1674,1213,312,1944,610,857,1843,2003,1763,1294,335,737,1676
1252: 653,371
245: 1851
1380: 1248,661,1759,1555,673,2008,1257,1159,741,1807,73,1822,1022,1381,1191,254,1261,1271,1451,130,1391,121
1278: 594,1780,1126,586,1293,1102,503,1071,1918,1658,747,592,926,1647,2009,1023,662,1145,1523,477
1386: 
249: 2006,1079,555,848,734,1758,1608,74,972,841,1039,1698,842,1038,1665,657,1826,2007,321
250: 1580
1208: 1393,1099,1866,2014,478,1445,1146,568,1609,825,812,193,1975,1004,1705,45,1267,1720,431,1047,707,800,20,1111,1338
1780: 1278,594,1126,586,1293,1102,1083,1918,1658,747,1647,2009,662,1145,1523,477
1799: 1147,2019,233,446,1491,1746,703,1510,156,338,1867,1495,1342
254: 1526,661,1894,1555,673,2008,1380,1257,1159,741,1807,73,281,1822,353,1191,1261,1271,130,1391,121
1206: 
1313: 1612
1807: 1526,473,661,1894,1555,2008,1380,1257,1159,741,325,73,281,1822,353,1770,464,1191,254,1271,130,1391
258: 738
1853: 519
1193: 
261: 
262: 176,421,450,495,1327,1532,284,1408,2012,542,1142,1076,1854,756,205,1292,291,1474,1225,1149,1885,1100
263: 
1217: 230,1147,2019,1589,1765,296,233,446,1734,1746,615,998,282,1025,376,546,620,156,1912,338,1495
265: 
1369: 
1362: 
268: 40,1015
1837: 764,1363,1926,1618,1016,712,1250,1167,2016,1199,917,791,21,287,1969,621,1626,981,1368,1984,1797,472,53
1658: 1102,1083,503,1071,1428,1918,747,592,926,1647,2009,1023,461,662,1145,1523,477,1278,594,1780,1126,1293
1355: 1830,1565,869
1914: 
273: 
274: 
275: 801,1831,579,328,384,2010,332,1752,1420,1272,1802,1602,1291,650,1129,813
276: 152
1330: 
1932: 922,135,2018,773,1887,1059,1431,309,100,1550,1469,1645
1199: 764,1837,1363,1926,1618,1016,712,1250,2016,44,917,791,1969,621,1715,1626,981,1984,1943,53,319
280: 824,172,299,1281,29,1243,2001,1017,1753,375,1934,1785,1339,722,748,358,30,437
281: 1526,473,661,1894,1759,1555,2008,1257,1482,1159,741,1807,325,73,353,1770,464,1191,254,1271,130,1391
282: 1147,2019,1589,1217,233,446,1491,1746,615,998,18,1025,703,1510,546,620,338
1962: 
284: 566,176,421,262,450,495,1239,1532,1408,2012,542,1076,1854,756,205,1292,291,1474,1225,1149,1885,1100
285: 1774,1783,106
1130: 
287: 1837,1363,1016,712,1250,1167,2016,791,21,621,1626,1984,1797
288: 1043
2005: 1255,1892,65,1838,1666,1633,1390,1245,28,1521,1952,970,798,1976,850,1414,638,61,777,1296,828,474,1739,1007,868,607,465,1458,993,1878,78,557,1749,646,670
290: 
291: 176,421,262,560,450,495,1834,1239,1532,284,2012,1076,1854,756,1292,1225,1149,1885,1100
292: 
1394: 1192,364
294: 
295: 1484,1072,427,34,1927,384,2010,129,1101,132,508,683,1169,1531,93,1641,1964,1501,80,32
296: 230,2019,1589,1217,233,446,1491,1734,1746,1025,376,703,620,156,1912,338,1867,1495,1342,1034,763,1171
1400: 
298: 236,1806,644,1387,2000,524,1455,197,844,1591,1844,54,195,916,1549
299: 824,172,1243,280,2001,1017,1753,375,1934,1785,1339,748,358,30,437,958
300: 33
1430: 
2014: 1393,1099,1457,1866,470,478,1208,1229,1166,1445,1902,1146,310,568,1609,704,825,1597,812,1548,193,1975,385,1683,1004,1,1705,45,1267,1720,431,1047,707,800,1200,20,1111,1338,66,1546
303: 1426,166,460,1981,1236,2004,536,1500,511,329,337,1434,1863,1788,571,114,520,1389,1056,1097,523,1961,11,1018,529
304: 
1795: 
1391: 1526,473,661,1759,1555,673,409,2008,1380,1257,1159,741,1807,73,281,1822,1770,1381,1191,254,1261,1271,1451,130,121
307: 1862
1410: 
309: 100,1550,922,135,2018,773,1887,1059,1932,387,1431,1469
310: 1393,1099,1866,470,2014,478,1445,1902,1146,568,1609,1597,812,193,1683,1,1705,800,1200,20,1111,1338,66,1546
1103: 1153,243,1036,1027,1708,1638,629,1240,933,2002,752,487,1674,312,1944,610,857,1843,588,2003,1763,1294,323,793,737,1676
312: 1153,243,1036,1027,1708,1638,1103,1014,629,1240,933,2002,752,1471,487,1674,1213,1944,610,857,1843,588,2003,1763,1294,335,1046,323,793,737,1676
313: 
1930: 139,695,1547,968,1640,1163,2017,1632,1908
315: 941,676,339,1198,1266,826,2015,1569,202,751,2013,1011,173,1687,140,1855,547,102,1044,466,1828,179,1230,89,997,1865,656
1546: 1111,1338,66,1393,1099,1866,2014,478,1445,310,568,1609,812,193,1975,1683,1705,1720,800,20
317: 397
318: 
319: 764,1618,2016,1199,917,1715,981,1984,472,1048,634
1974: 
321: 1038,1665,58,657,1826,2007,1901,1161,2006,555,249,848,734,1758,74,972,841,1039,1698
322: 
323: 1046,793,1153,1036,1103,933,2002,752,487,312,1944,857,1843,588,2003,1763,1294,1170
1806: 236,644,2000,524,298,1455,197,1591,54,1113,916,1549
325: 1526,473,1894,1759,1555,2008,1482,1159,1807,401,73,281,1819,353,1770,464
1327: 566,176,421,262,560,450,495,1834,2012,542,1142,1854,756,1682
327: 
328: 1484,1072,801,427,1831,579,1927,384,2010,332,275,1752,1717,1101,1556,1420,1691,19,1272,1802,1602,683,1291,650,1129,813,1347,1713,1531,1053,1641
329: 1426,1981,2004,511,337,303,1434,1863,1389,1056,1097,523,11,529,617
330: 
1586: 645,684
332: 1484,1072,801,427,1831,579,328,384,2010,275,1752,1717,1420,727,1691,19,1272,1802,1602,1291,650,1129,1169,813,1347,1713,1531,1053
333: 126
334: 
335: 1153,243,1027,1708,1014,629,1240,2002,752,1471,312,1944,1843,588,2003,1763,1170,737,1676
1991: 932
337: 1426,166,1942,1981,1236,2004,536,1500,511,329,303,1434,1863,571,114,520,1389,1097,523,1961,11,1018,529
338: 230,1147,2019,1589,1765,1217,296,233,446,1491,1734,1746,615,998,282,1025,376,703,1510,620,156,1912,1799,1867,1495,1342,1034,763,1171
339: 941,676,1198,826,2015,1569,751,315,2013,173,1687,1855,547,1044,466,1828,179,1230,997
1389: 1426,166,1942,1422,1981,2004,536,1500,511,329,337,303,1434,1056,1097,529,617
341: 
1886: 
343: 
1695: 
345: 
1121: 
347: 
2013: 941,676,339,1198,1266,826,2015,1569,202,751,315,1011,173,1687,140,1855,547,102,1044,466,1828,179,1230,89,997,1865,656,1019,1873,72,1533,1876
1838: 1255,65,1666,1633,1390,1245,28,1521,1952,970,798,1976,638,2005,61,777,1296,828,474,1007,868,607,465,993,1878,78,557
1399: 
351: 
1614: 
353: 1526,473,661,1894,1759,1555,2008,1257,1482,1159,741,1807,401,325,73,281,1819,1770,1022,464,1191,254,1271,130
1548: 1393,1099,1457,470,2014,478,1229,1166,568,1609,704,825,1597,385,1004,45,1267,1047,707
1405: 
356: 958,1075,1120,1243,2001,1017,1753,1934,1785,1339,437,117
1500: 1426,166,1942,460,1422,1981,1236,2004,536,511,337,303,1434,571,1389,1056,1097,529
358: 1120,172,299,1281,29,280,2001,1934,1785,1339,722,748,30,437,117
1226: 1778,184,227
360: 
361: 
1336: 1800,1067
1316: 
364: 1394,1192
1835: 1518
1892: 65,1633,1390,28,1521,1952,1976,850,1414,638,2005,777,1296,1739,465,1458,993,1878,78,670
1826: 1038,58,657,1910,2007,1901,1161,321,2006,1079,555,249,848,734,1608,972,841,1039,1698
1984: 764,1837,1363,1926,1618,1016,712,1250,1167,2016,1199,44,917,791,287,1969,621,1715,1626,981,1368,1797,472,319
1198: 941,676,339,1266,826,2015,1569,202,751,315,2013,1011,173,1687,140,1855,102,1044,466,1828,179,1230,89,997,1865,656,1019,72,1533,1876
370: 241
371: 1252,653
372: 
1426: 166,1942,460,1422,1981,1236,2004,536,1500,511,329,337,303,1434,1863,571,520,1389,1056,1097,1961,11,1018,529
374: 
375: 824,299,29,1243,280,2001,1017,1753,1934,748,437
376: 230,2019,1589,1765,1217,296,446,1734,615,998,1025,703,620,156,1912,338,1495,1171
377: 
378: 
1935: 
380: 
1315: 
1241: 928,1260
383: 
384: 1484,1072,801,427,1831,579,1927,328,2010,332,129,275,1752,1717,295,1101,1420,132,727,19,1272,508,1802,683,1291,650,1129,1347,1531
385: 1393,1099,1457,2014,1229,1166,568,1609,825,1548,1004,1267,1720,1047,707
1104: 
387: 922,2018,773,1887,1059,309,1550
1493: 
389: 81,1162,1777
390: 
1248: 473,1759,1555,673,409,2008,1380,1257,1482,741,401,73,1819,1770,1022,1381,464,1271,1451,130,121
392: 
1987: 
1131: 
395: 
1641: 1964,965,1086,1588,430,1501,80,32,1300,1484,1072,427,1831,34,1927,328,2010,1752,295,1101,1556,1420,19,1272,508,683,1347,1713,1531,93,1053
397: 1020,317,1741,739
398: 1697
399: 784,1486
400: 
401: 1248,1526,473,1759,1555,673,409,2008,1257,1482,325,73,1819,353,1770,1022,1381,464,1271,1451,130
402: 
1294: 1153,243,1036,1027,1638,1103,933,2002,752,487,1674,312,1944,857,1843,588,2003,1763,1046,323,793,737
1961: 1426,166,1942,1236,2004,536,337,303,1863,1788,571,114,520,1097,11,1018
405: 1210,1234
406: 
1162: 81,1777,389
408: 
409: 1248,473,661,1759,1555,673,2008,1257,1482,401,73,1770,1381,1261,1271,1451,130,1391,121
410: 
411: 
1390: 1255,1892,65,1838,1666,1633,1245,28,1521,1952,970,798,1976,638,2005,61,777,1296,474,1007,868,607,465,993,1878,78,557
413: 
414: 1603,859
1709: 
416: 982
417: 
1751: 1540
1580: 250
420: 
421: 566,176,262,560,450,495,1327,1834,1239,1532,284,2012,542,1142,1076,1854,756,1292,1682,291,1225,1100
1749: 1255,65,1521,798,1414,2005,61,828,1739,1007,868,607,465,1878,557,646
1532: 566,176,421,262,560,1834,1239,284,1408,2012,542,1076,1854,756,205,1292,291,1474,1225,1149,1885,1100
1964: 1641,965,1086,1588,430,1501,80,32,1300,1484,427,34,1927,2010,295,1101,132,508,683,1531,93
1149: 1885,1100,262,1532,284,1408,2012,1076,756,1292,291,1474,1225
1291: 801,1831,579,328,384,2010,332,275,1752,1717,1420,1691,19,1272,1802,1602,650,813,1713,1531,1053
427: 1484,1072,801,1831,34,1927,328,384,2010,332,129,1752,1717,295,1101,1420,132,727,19,1272,508,1802,683,650,1129,1169,1347,1531,93,1641,1964,80,32,1300
428: 1741,739
1295: 
430: 1641,1964,965,1086,1588,1501,80,32,1300,34,2010,1101,19,683,1347,1531,93,1053
431: 1393,1099,1866,2014,478,1208,1166,1902,1146,568,1609,825,1597,812,193,1975,1004,1705,45,1267,1720,1047,707,800,20,1111
432: 
1388: 
434: 
1723: 
1495: 1342,1034,763,1171,2019,1589,1217,296,233,446,1491,1746,1025,376,703,1510,620,156,1912,1799,338,1867
437: 824,1075,1120,172,299,1281,29,1243,280,2001,1017,1753,375,1934,1785,1339,722,748,358,30,117,958,356
438: 
1827: 
1550: 309,100,922,135,2018,773,1887,1059,1932,387,1431,1469
1986: 
1555: 1248,1526,473,661,1894,1759,673,409,2008,1380,1257,1482,1159,741,1807,401,325,73,281,1819,353,1770,1022,1381,464,1191,254,1271,1451,130,1391
443: 
1150: 
445: 
446: 1147,2019,1589,1217,296,233,1491,1746,615,998,282,1025,376,703,1510,546,620,156,1912,1799,338,1867,1495,1342,1034
1565: 1830,1355
2006: 1079,555,249,848,734,1758,1608,74,972,841,1039,1698,842,1038,1665,58,657,1826,1910,2007,1901,1161,321
449: 
450: 566,176,421,262,560,495,1327,1834,284,2012,542,1142,1076,1854,756,1292,1682,291,1225
1544: 872
1431: 922,135,2018,773,1887,1059,1932,309,100,1550,1469,1645
1752: 1484,1072,801,427,1831,579,1927,328,384,2010,332,129,275,1101,1556,1420,19,1272,508,1802,683,1291,650,1129,813,1713,1531,1053,1641
454: 
1540: 1751
1271: 1248,1526,473,661,1894,1759,1555,673,409,2008,1380,1257,1482,1159,741,1807,401,73,281,1822,353,1770,1022,1381,464,1191,254,1261,1451,130,1391,121
457: 1670
1777: 81,1162,389
1227: 
460: 1426,166,1422,1981,1236,2004,536,1500,511,303,1434,1863,571,1056,523,11,1018
461: 1102,1083,503,1071,1428,1918,1658,747,592,926,1647,2009,1145,477,1126
462: 1440,501
1811: 
464: 1248,1526,473,1894,1759,1555,2008,1257,1482,1159,741,1807,401,325,73,281,1819,353,1770,1022,1381,1271,1451,130
465: 1255,1892,65,1838,1666,1633,1390,1245,28,1521,1952,970,798,1976,850,1414,2005,61,777,1296,828,474,1007,868,607,993,1878,78,557,1749,646
466: 941,676,339,1198,1266,826,2015,1569,202,751,315,2013,1011,1687,1855,547,102,1044,1828,179,1230,89,1865,1019
1183: 632
468: 
1381: 1248,473,1759,1555,673,409,2008,1380,1257,741,401,73,1770,1022,464,1271,1451,130,1391,121
470: 1393,1099,1457,1866,2014,478,1166,1445,1902,1146,310,568,1609,704,1597,1548,193,1683,1004,1,1705,45,1047,707,800,1200
1161: 1038,1665,58,657,1826,1910,2007,1901,321,2006,1079,555,74,972,841,1039,1698
472: 764,1837,1363,1250,1167,2016,917,1969,621,1715,1626,981,1368,1984,319
473: 1248,1526,661,1894,1759,1555,673,409,2008,1257,1482,1159,741,1807,401,325,73,281,1819,353,1770,1022,1381,464,1191,1271,1451,130,1391
474: 1255,65,1838,1666,1633,1390,1245,28,1521,1952,970,1976,638,2005,61,777,1296,1007,868,465,993,78,557
1902: 1393,1099,1866,470,2014,478,1166,1146,310,568,704,1597,812,193,1683,1,1705,45,431,1047,707,800,1200,1111,66
476: 1621
477: 1102,1083,503,1428,1918,1658,747,592,926,1647,2009,1023,461,1145,1278,1780,1126,586
478: 1393,1099,1457,1866,470,2014,1208,1166,1445,1902,1146,310,568,1609,704,825,1597,812,1548,193,1683,1004,1,1705,45,1267,1720,431,1047,707,800,1200,20,1111,66,1546
1102: 1083,503,1071,1428,1918,1658,747,592,926,1647,2009,1023,461,662,1145,1523,477,1278,1780,1126,586
1236: 1426,166,460,1981,2004,536,1500,511,337,303,1434,1863,1788,571,114,520,1056,1097,523,1961,11,1018
481: 
1937: 
1882: 960,1640,1163,2017,544,1632,1908,695,1547
1118: 
485: 
486: 1091,942
487: 1153,1036,1103,629,933,2002,752,1674,312,1944,1843,588,2003,1763,1294,323,793,1170,737,1676
488: 1805
1530: 624
1665: 58,657,1910,2007,1901,1161,321,2006,1079,555,249,1758,74,972,841,1039,1698,842
1851: 245
492: 133,1285,218,1559,2011,778,1283,1845,790,1860,731,1849,923
493: 
494: 
495: 176,421,262,450,1327,284,1408,2012,542,1142,1076,1854,756,205,1682,291
1688: 
1845: 492,133,1285,218,1559,2011,778,1283,790,1860,731,1849,923
498: 
499: 
1654: 
501: 1440,462
1553: 
503: 1102,1083,1071,1428,1918,1658,747,592,926,2009,1023,461,1145,477,1278,1126,586
1993: 
2017: 1718,1882,960,1640,1163,544,1632,1908,1930,139,695,1547,968
1274: 
1650: 
508: 1484,1072,427,1831,34,1927,384,2010,129,1752,295,1101,1420,132,727,19,683,650,1129,1169,1347,1531,93,1641,1964,80,32
1114: 
510: 1554
511: 1426,166,1942,460,1422,1981,1236,2004,536,1500,329,337,303,1434,1863,571,114,1389,1056,1097,523,11,1018,529,617
1790: 
1482: 1248,1526,473,661,1894,1759,1555,673,409,2008,1257,1159,401,325,73,281,1819,353,1770,464,1271,1451,130
1805: 488
2011: 492,133,1285,218,1559,778,1283,1845,790,1860,731,1849,923
516: 
1156: 
1439: 
519: 1853
520: 1426,166,1942,1236,2004,337,303,1434,1863,1788,571,114,1097,1961,11,1018
521: 
1283: 492,133,218,1559,2011,778,1845,790,1860,1849,923
523: 460,1981,1236,2004,511,329,337,303,1434,1863,1056,11,529,617
524: 236,1806,644,1387,2000,298,1455,197,844,1591,54,195,1113,916,1549
1358: 1824,38,1815
526: 
1551: 76,105
528: 
529: 1426,166,1942,1422,1981,2004,536,1500,511,329,337,303,1434,1863,1389,1056,1097,523,11,1018,617
530: 
531: 
532: 1812
1210: 405,1234
534: 
1261: 661,673,409,2008,1380,1822,1770,1191,254,1271,1451,130,1391,121
536: 1426,166,1942,460,1422,1981,1236,2004,1500,511,337,303,1434,1863,571,1389,1056,1097,1961,11,1018,529
1223: 
1963: 
539: 
1949: 
1254: 
542: 566,176,421,262,560,450,495,1327,1532,284,2012,1142,1076,1854,756,205,1682
543: 
544: 1718,1882,960,1640,1163,2017,1632,1908,1547
1824: 1358,38
546: 1147,2019,1589,1765,1217,446,1734,1746,615,998,282,18,1025,620
547: 676,339,1266,2015,1569,315,2013,1855,102,1044,466,1828,179,1230
1592: 1567
1739: 1892,65,1633,1521,1952,798,1976,850,1414,2005,61,1296,828,1007,607,1458,1878,557,1749,646,670
1674: 243,1027,1708,1638,1103,629,2002,487,312,1944,1843,588,2003,1763,1294,793,1170,737,1676
551: 714
1976: 1892,65,1838,1633,1390,28,1521,1952,798,850,1414,638,2005,61,777,1296,474,1739,1007,607,465,1458,993,1878,78,557,646,670
1230: 676,339,1198,2015,1569,751,315,2013,173,1855,547,102,1044,466,1828,179
554: 
555: 2006,1079,249,848,734,1758,1608,74,972,841,1039,1698,842,1038,1665,58,657,1826,1910,2007,1901,1161,321
1259: 
557: 1255,65,1838,1633,1390,1245,28,1521,798,1976,2005,61,474,1739,1007,868,607,465,1749
1484: 1072,801,427,1831,34,1927,328,384,2010,332,129,1752,1717,295,1101,1556,1420,132,727,19,1272,508,683,650,1129,1169,1347,1713,1531,93,1641,1964,1501,80,1300
1720: 1393,1099,1457,1866,2014,478,1208,1445,568,1609,825,812,193,1975,385,1004,1267,431,1047,707,800,20,1111,1546
560: 566,176,421,450,1327,1834,1239,1532,2012,542,1076,1854,756,1292,1682,291,1225,1100
1513: 
562: 
1351: 
1954: 
565: 
566: 176,421,560,450,1327,1834,1239,1532,284,2012,542,1076,1854,756,1682,1225
1717: 1484,1072,801,427,1831,34,328,384,2010,332,1420,132,727,1691,19,1272,1802,1602,1291,650,1129,1169,813,1347,1713,1531,1053,1300
568: 1393,1099,1457,1866,470,2014,478,1208,1229,1166,1445,1902,1146,310,1609,825,1597,812,1548,193,1975,385,1683,1004,1705,45,1267,1720,431,1047,707,800,1200,20,1111,1546
1885: 1149,1100,262,1532,284,1408,2012,1076,1292,291,1474,1225
1793: 
571: 1426,166,1942,460,1981,1236,2004,536,1500,511,337,303,1434,1863,1788,114,520,1056,1097,1961,11,1018
1517: 
1239: 566,421,560,1834,1532,284,2012,1076,1854,756,1292,291,1474,1225,1100
1167: 764,1837,1363,1926,1016,712,1250,2016,791,21,287,1969,1368,1984,1797,472,53
1434: 1426,166,1942,460,1422,1981,1236,2004,536,1500,511,329,337,303,1863,571,114,520,1389,1056,1097,523,11,1018,529,617
576: 
1518: 1835
578: 
579: 801,1831,1927,328,384,2010,332,275,1752,1101,1556,1420,1691,19,1272,1602,1291,813,1713,1531,1053
1401: 
581: 
1559: 492,133,1285,218,2011,778,1283,1845,790,1860,731,1849,923
1117: 
1225: 566,176,421,262,560,450,1834,1239,1532,284,2012,1076,1854,756,1292,291,1474,1149,1885,1100
585: 
586: 1278,1780,1126,1293,1102,503,1918,747,592,2009,1023,1145,477
1748: 1387,660,2000,1455,197,844,1844,195,863
588: 1153,1036,1027,1708,1103,629,933,2002,752,487,1674,312,1944,857,1843,2003,1763,1294,335,1046,323,793,1170,737,1676
1402: 
1696: 
1953: 
592: 1102,1083,503,1071,1428,1918,1658,747,926,1647,2009,1023,461,662,1145,1523,477,1278,594,1126,586
593: 1747
594: 1278,1780,1126,1293,1071,1918,1658,592,1647,2009,662,1523
1268: 
596: 
597: 223
598: 1504,1796
599: 
600: 
1711: 
602: 
603: 
1091: 486,942
605: 
1197: 
607: 1255,65,1838,1633,1390,1245,1521,1952,798,1976,850,1414,2005,61,1296,828,1739,1007,868,465,1878,78,557,1749,646
1867: 1147,2019,1589,296,233,446,1491,1746,1025,703,1510,156,1799,338,1495,1342,1034
1097: 1426,166,1942,1981,1236,2004,536,1500,511,329,337,303,1434,1863,571,520,1389,1961,11,1018,529
610: 243,1036,1027,1708,1638,1103,1014,629,1240,2002,1471,1213,312,857,2003
1523: 1102,1083,1071,1428,1918,1658,592,1647,2009,662,1145,1278,594,1780,1126,1293
1145: 1102,1083,503,1071,1428,1918,1658,747,592,926,1647,2009,1023,461,1523,477,1278,1780,1126,586,1293
1539: 1595,1264
1669: 
615: 230,1147,2019,1589,1765,1217,446,1491,1734,1746,998,282,18,1025,376,703,546,620,156,1912,338
616: 
617: 1422,1981,2004,511,329,1434,1389,1056,523,529
1099: 1393,1457,1866,470,2014,478,1208,1166,1445,1902,1146,310,568,1609,704,825,1597,812,1548,193,385,1683,1004,1,1705,45,1720,431,1047,707,800,1200,20,1546
619: 765
620: 230,1147,2019,1589,1765,1217,296,233,446,1491,1734,1746,615,998,282,18,1025,376,703,546,156,1912,338,1495,1034,763,1171
621: 764,1837,1363,1926,1618,1016,712,1250,2016,1199,44,917,791,287,1715,1626,981,1984,1797,472
622: 
1812: 532
624: 1530
625: 
626: 
2009: 1102,1083,503,1071,1428,1918,1658,747,592,926,1647,1023,461,662,1145,1523,477,1278,594,1780,1126,586,1293
1603: 859,414
629: 1153,243,1027,1708,1638,1103,1014,1240,2002,752,487,1674,312,1944,610,1843,588,2003,1763,335,737,1676
1414: 1892,65,1633,1952,798,1976,850,2005,61,1296,828,1739,607,465,1458,1878,1749,646,670
1769: 
632: 1183
1497: 
634: 2016,917,1715,981,319,1048
1292: 176,421,262,560,450,1834,1239,1532,284,1408,2012,1076,1854,756,205,291,1474,1225,1149,1885,1100
1927: 1484,1072,801,427,1831,579,34,328,384,2010,129,1752,295,1101,1556,1420,132,19,1272,508,683,1347,1713,1531,93,1053,1641,1964,1086,1588,1501,80
637: 
638: 1892,1838,1666,1633,1390,28,1521,970,1976,2005,777,1296,474,993,1878,78
1683: 1393,1099,1457,1866,470,2014,478,1445,1902,1146,310,568,1609,1597,193,1,1705,707,800,1200,20,66,1546
1542: 711
641: 
1615: 
1855: 941,676,339,1198,1266,826,2015,1569,751,315,2013,173,1687,547,102,1044,466,1828,179,1230,1865
644: 236,1806,1387,2000,524,298,1455,197,844,1591,54,1113,916,1549
645: 1586,684
646: 65,1633,1521,1952,798,1976,850,1414,2005,61,1296,828,1739,1007,607,465,1458,1878,1749,670
647: 
1656: 
649: 
650: 1484,1072,801,427,1831,328,384,2010,332,129,275,1752,1717,1420,727,19,508,1802,1291,1129,813
651: 
652: 
653: 1252,371
1573: 
655: 
656: 941,676,1198,1266,826,2015,1569,202,751,315,2013,1011,173,1687,140,1044,179,89,997,1865,1019,1873,72,1533,1876
657: 1038,1665,58,1826,1910,2007,1901,1161,321,2006,1079,555,249,848,734,1758,1608,74,972,841,1039,1698,842
1633: 1255,1892,65,1838,1666,1390,1245,28,1521,1952,970,798,1976,850,1414,638,2005,61,777,1296,828,474,1739,1007,868,607,465,1458,993,1878,78,557,646
659: 
660: 236,1387,1748,2000,197,844,195,863
661: 1526,473,1894,1555,673,409,2008,1380,1257,1482,1159,1807,73,281,1822,353,1770,1191,254,1261,1271,1451,130,1391,121
662: 1102,1083,1071,1918,1658,747,592,1647,2009,1023,1523,1278,594,1780,1126,1293
663: 
1127: 
1796: 1504,598
666: 1707,25
1303: 
1092: 
669: 
670: 1892,65,1952,798,1976,850,1414,2005,1296,1739,1458,1878,646
671: 
1912: 230,2019,1589,1765,1217,296,233,446,1491,1734,1746,615,998,1025,376,703,620,156,338,1495,1342,1034,763,1171
673: 1248,1526,473,661,1759,1555,409,2008,1380,1257,1482,401,73,1822,1770,1381,1191,254,1261,1271,1451,130,1391,121
1765: 230,2019,1589,1217,1734,615,998,18,376,546,620,1912,338
1115: 
676: 941,339,1198,1266,826,2015,1569,751,315,2013,1011,173,1687,140,1855,547,102,1044,466,1828,179,1230,89,997,1865,656,1019,72
1572: 
678: 
679: 
1541: 1668,222
681: 
1109: 
683: 1484,1072,427,1831,34,1927,328,384,2010,129,1752,295,1101,1556,1420,132,19,1272,508,1169,1347,1713,1531,93,1053,1641,1964,965,1086,1588,430,1501,80,32,1300
684: 1586,645
1511: 153,1256
1969: 764,1837,1363,1926,1016,712,1250,1167,2016,1199,917,791,21,981,1368,1984,1943,1797,472,53
1269: 
1778: 1226,184
1840: 
690: 
1951: 
1166: 1393,1099,1457,470,2014,478,1229,1902,1146,568,704,1597,1548,193,385,1004,45,1267,431,1047,707,1200
1213: 1153,243,1036,1027,1708,1638,1014,1240,933,2002,752,1471,312,610,857,2003
1446: 
695: 1930,139,1547,1882,1640,1163,2017,1632,1908
1256: 153,1511
1874: 1875
698: 
1455: 236,1806,644,1387,1748,2000,524,298,197,844,1591,1844,54,195,863
1491: 1147,2019,1589,296,233,446,1746,615,282,1025,703,1510,620,156,1912,1799,338,1867,1495,1342,1034,763,1171
1584: 56
1296: 1892,65,1838,1633,1390,28,1521,1952,970,798,1976,850,1414,638,2005,61,777,828,474,1739,607,465,1458,993,1878,78,646,670
703: 230,2019,1589,296,233,446,1491,1746,615,282,1025,376,620,156,1912,1799,338,1867,1495,1342,1034,763,1171
704: 1393,1099,1457,470,2014,478,1166,1902,1597,1548,1,45,707,1200
705: 
706: 46,1366
707: 1393,1099,1457,1866,470,2014,478,1208,1229,1166,1445,1902,1146,568,1609,704,825,1597,812,1548,193,385,1683,1004,45,1267,1720,431,1047,1200
1666: 1838,1633,1390,1245,28,970,638,2005,777,474,465,993,78
709: 
710: 1124
711: 1542
712: 764,1837,1363,1926,1016,1250,1167,2016,1199,791,21,287,1969,621,1368,1984,1797,53
713: 
714: 551
715: 
1876: 1019,1873,72,1533,941,1198,1266,826,2015,1569,202,2013,1011,140,1044,89,1865,656
717: 
1420: 1484,1072,801,427,1831,579,34,1927,328,384,2010,332,129,275,1752,1717,1101,1556,132,727,1691,19,1272,508,1802,683,1291,650,1129,1169,813,1347,1713,1531,1053,1641,1086,1588,1501,80,1300
1944: 1153,243,1027,1708,1103,629,1240,933,2002,752,1471,487,1674,312,857,1843,588,2003,1763,1294,335,323,793,1170,737,1676
1626: 764,1837,1363,1618,1016,1250,2016,1199,917,791,287,621,1715,981,1368,1984,1797,472
1677: 
722: 172,1281,29,280,2001,748,358,30,437
1734: 230,2019,1589,1765,1217,296,615,998,18,1025,376,546,620,1912,338
724: 
1579: 
1668: 222,1541
727: 1484,1072,801,427,1831,34,384,2010,332,129,1717,1420,132,19,1272,508,1802,650,1129,1169,813,1347
1613: 
1472: 
1704: 
731: 492,133,1285,218,1559,2011,778,1845,790,1860,923
732: 
1933: 
734: 2006,1079,555,249,848,1758,1608,74,972,841,1039,1698,1038,657,1826,2007,1901,321
735: 
736: 
737: 1170,1676,1153,243,1027,1708,1103,629,2002,487,1674,312,1944,1843,588,2003,1763,1294,335,793
738: 258
739: 1020,397,1741,428
740: 
741: 1248,1526,473,1759,1555,2008,1380,1257,1159,1807,73,281,1819,353,1022,1381,464,254,1271,1451,1391
1549: 1113,916,236,1806,644,2000,524,298,1591,54
1429: 
1591: 236,1806,644,1387,2000,524,298,1455,197,844,1844,54,195,1113,916,1549
1800: 1336,1067
1567: 1592
747: 1102,1083,503,1071,1428,1918,1658,592,926,1647,2009,1023,461,662,1145,477,1278,1780,1126,586,1293
748: 824,1120,172,299,1281,29,280,2001,1017,1753,375,1934,1785,1339,722,358,30,437
1408: 262,495,1532,284,2012,1076,1854,205,1292,1474,1149,1885,1100
1205: 
751: 941,676,339,1198,826,2015,1569,202,315,2013,173,1687,1855,102,1044,466,1828,179,1230,997,656
752: 1153,243,1036,1027,1708,1638,1103,1014,629,1240,933,2002,1471,487,1213,312,1944,857,1843,588,2003,1763,1294,335,1046,323,1170,1676
753: 1043,68
754: 
1203: 
756: 566,176,421,262,560,450,495,1327,1834,1239,1532,284,2012,542,1142,1076,1854,1292,1682,291,1225,1149,1100
1606: 
758: 
759: 
1684: 
761: 
762: 
763: 1495,1342,1034,1171,230,2019,296,233,1491,1746,703,620,1912,338
764: 1837,1363,1926,1618,1016,712,1250,1167,2016,1199,44,917,791,1969,621,1626,981,1368,1984,1943,472,53,319
765: 619
1645: 100,135,2018,1059,1932,1431,1469
767: 
1215: 
1152: 
1445: 1393,1099,1457,1866,470,2014,478,1208,310,568,1609,825,1597,812,193,1683,1004,1705,1720,1047,707,800,20,1546
771: 
1280: 
773: 922,135,2018,1887,1059,1932,387,1431,309,100,1550
1264: 1539,1595
775: 
1301: 
777: 1892,65,1838,1666,1633,1390,28,1521,1952,970,1976,638,2005,61,1296,474,465,1458,993,1878,78
778: 492,133,1285,218,1559,2011,1283,1845,790,731
1339: 824,1075,1120,172,299,1243,280,2001,1017,1753,1934,1785,748,358,30,437,117,958,356
1100: 1149,1885,421,262,560,1834,1239,1532,284,1408,2012,1076,1854,756,1292,291,1474,1225
781: 
1705: 1393,1099,1866,470,2014,478,1208,1445,1902,1146,310,568,1597,812,193,1683,45,431,800,1200,20,1111,1338,66,1546
1288: 
784: 1486,399
1785: 1075,1120,172,299,1281,29,1243,280,2001,1017,1753,1934,1339,748,358,30,437,117,958,356
786: 
787: 
788: 
789: 
790: 492,133,1285,218,1559,2011,778,1283,1845,1860,731,1849,923
791: 764,1837,1363,1926,1618,1016,712,1250,1167,2016,1199,44,917,287,1969,621,1715,1626,981,1984,1943,1797,53
1708: 1153,243,1027,1638,1103,1014,629,1240,933,2002,752,1471,1674,1213,312,1944,610,857,1843,588,2003,1763,335,737,1676
793: 1046,323,1036,1103,933,2002,487,1674,312,1944,1843,588,2003,1763,1294,1170,737
1272: 1484,1072,801,427,1831,579,34,1927,328,384,2010,332,275,1752,1717,1101,1556,1420,727,1691,19,1802,1602,683,1291,1129,1169,813,1347,1713,1531,1053,1641,1086,80,1300
795: 
1129: 1484,1072,801,427,1831,34,328,384,2010,332,129,275,1752,1717,1420,132,727,19,1272,508,1802,650,1169,813,1347
797: 
798: 65,1838,1633,1390,1521,1952,1976,850,1414,2005,61,1296,828,1739,1007,868,607,465,1458,1878,78,557,1749,646,670
1218: 
800: 1393,1099,1866,470,2014,478,1208,1445,1902,1146,310,568,1609,1597,812,193,1975,1683,1705,1720,431,1047,1200,20,1111,1338,66,1546
801: 1484,1072,427,1831,579,1927,328,384,2010,332,275,1752,1717,1420,727,19,1272,1802,1602,1291,650,1129,813,1531
1917: 
1909: 
1609: 1393,1099,1457,1866,470,2014,478,1208,1445,310,568,825,1597,812,1548,193,1975,385,1683,1004,1720,431,1047,707,800,20,1546
1185: 
1347: 1484,1072,427,1831,34,1927,328,384,2010,332,1717,1101,1420,132,727,1691,19,1272,508,1802,683,1129,1169,813,1713,1531,93,1053,1641,1086,430,1501,80,32,1300
1293: 1278,594,1780,1126,586,1918,1658,747,1647,2009,1023,662,1145,1523
808: 
1946: 
810: 1050
1571: 
812: 1393,1099,1866,2014,478,1208,1445,1902,1146,310,568,1609,825,1597,193,1975,1004,1705,45,1267,1720,431,1047,707,800,20,1111,1338,66,1546
813: 1072,801,1831,579,328,2010,332,275,1752,1717,1420,727,1691,19,1272,1802,1602,1291,650,1129,1169,1347,1713,1531,1053
1901: 1038,1665,58,657,1826,1910,2007,1161,321,2006,1079,555,848,734,1758,1608,74,972,841,1039,1698
1849: 923,492,218,1559,2011,1283,1845,790,1860
816: 
1126: 1278,594,1780,586,1293,1102,1083,503,1918,1658,747,592,1647,2009,1023,461,662,1145,1523,477
818: 
819: 
1802: 1072,801,427,1831,328,384,2010,332,275,1752,1717,1420,727,1691,19,1272,1602,1291,650,1129,1169,813,1347
1533: 1019,1873,72,1876,941,1198,1266,2015,1569,202,2013,1011,1044,89,656
822: 
1898: 
824: 299,1243,280,2001,1017,1753,375,1934,1339,748,437,958
825: 1393,1099,1457,1866,2014,478,1208,1229,1445,568,1609,812,1548,193,1975,385,1004,45,1267,1720,431,1047,707,20
826: 941,676,339,1198,1266,2015,1569,202,751,315,2013,1011,173,1687,140,1855,1044,466,1828,179,89,997,1865,656,1019,1873,72,1876
1133: 
828: 65,1838,1633,1952,970,798,850,1414,2005,61,1296,1739,1007,868,607,465,1878,78,1749,646
1975: 1393,1866,2014,1208,568,1609,825,812,193,1720,431,1047,800,20,1111,1338,1546
830: 
1608: 2006,1079,555,249,848,734,1758,74,972,841,1039,1698,842,1038,657,1826,1910,2007,1901
832: 
833: 
834: 
1602: 801,579,328,2010,332,275,1717,1691,1272,1802,1291,813
836: 
1942: 1426,166,2004,536,1500,511,337,1434,571,520,1389,1097,1961,11,1018,529
2016: 764,1837,1363,1926,1618,1016,712,1250,1167,1199,44,917,791,21,287,1969,621,1715,1626,981,1368,1984,1943,1797,472,53,319,634
1232: 858
1894: 1526,473,661,1759,1555,2008,1482,1159,1807,325,73,281,353,1770,464,1191,254,1271,130
841: 2006,1079,555,249,734,1758,1608,74,972,1039,1698,842,1665,657,1826,1910,2007,1901,1161,321
842: 2006,1079,555,249,1758,1608,74,972,841,1039,1698,1665,657,2007
843: 
844: 236,644,1387,1748,660,2000,524,298,1455,197,1591,1844,54,195,863,1113,916
1844: 1387,1748,2000,298,1455,197,844,1591,54,195,863
1690: 
1843: 1153,243,1036,1027,1708,1638,1103,629,1240,933,2002,752,1471,487,1674,312,1944,857,588,2003,1763,1294,335,323,793,1170,737,1676
848: 2006,555,249,734,1758,1608,74,972,1039,1698,1038,657,1826,2007,1901,321
849: 
850: 1892,65,1633,1952,970,798,1976,1414,2005,61,1296,828,1739,607,465,1458,993,1878,78,646,670
1329: 
1569: 941,676,339,1198,1266,826,2015,202,751,315,2013,1011,173,1687,140,1855,547,102,1044,466,1828,179,1230,89,997,1865,656,1019,72,1533,1876
1891: 
1775: 1875
855: 
1691: 1072,1831,579,328,2010,332,1717,1420,19,1272,1802,1602,1291,813,1347,1713,1531,1053,1086,1300
857: 1153,243,1036,1027,1708,1638,1103,1240,933,2002,752,1471,1213,312,1944,610,1843,588,2003,1763,1294,1046,323
858: 1232
859: 1603,414
1952: 1892,65,1838,1633,1390,1245,28,970,798,1976,850,1414,2005,61,777,1296,828,474,1739,868,607,465,1458,993,1878,78,646,670
1875: 1874,1775
862: 
863: 236,1387,1748,660,2000,1455,197,844,1844,195
864: 
1299: 
1747: 593
2019: 230,1147,1589,1765,1217,296,233,446,1491,1734,1746,615,998,282,18,1025,376,703,1510,546,620,156,1912,1799,338,1867,1495,1342,1034,763,1171
868: 1255,65,1838,1633,1390,1245,28,1952,970,798,2005,61,828,474,1007,607,465,78,557,1749
869: 1830,1355
870: 
1595: 1539,1264
872: 1544
1585: 94
874: 
1934: 824,1075,1120,172,299,1281,29,1243,280,2001,1017,1753,375,1785,1339,748,358,30,437,117,958,356
876: 
1852: 
878: 
1440: 462,501
880: 
1887: 922,135,2018,773,1059,1932,387,1431,309,1550
882: 
2018: 922,135,773,1887,1059,1932,387,1431,309,100,1550,1469,1645
1492: 
1123: 
1560: 906
1836: 
1508: 
1093: 
1698: 2006,1079,555,249,848,734,1758,1608,74,972,841,1039,842,1665,657,1826,1910,2007,1901,1161,321
1818: 
1918: 1102,1083,503,1071,1428,1658,747,592,926,1647,2009,1023,461,662,1145,1523,477,1278,594,1780,1126,586,1293
893: 
1338: 1111,66,1546,1393,1866,2014,1208,1146,310,812,193,1975,1705,800,20
1421: 49
1921: 
1300: 1641,1964,965,1086,430,1501,80,32,1484,1072,427,34,2010,1717,1420,132,1691,19,1272,683,1169,1347,1713,1531,93,1053
1124: 710
1566: 
1098: 
1448: 
1147: 2019,1589,1217,233,446,1491,1746,615,998,282,1025,1510,546,620,156,1799,338,1867
1506: 
1510: 1147,2019,1589,233,446,1491,1746,282,1025,156,1799,338,1867,1495,1342
1597: 1393,1099,1457,1866,470,2014,478,1166,1445,1902,1146,310,568,1609,704,812,1548,193,1683,1004,1,1705,45,1267,431,1047,707,800,1200
906: 1560
907: 
1224: 
1450: 
910: 
1536: 
912: 1498,1359,235
1676: 1170,737,1153,243,1027,1708,1103,1014,629,1240,2002,752,1471,487,1674,312,1944,1843,588,2003,1763,335
1792: 
915: 
916: 1113,236,1806,644,2000,524,298,844,1591,54,1549
917: 764,1837,1363,1618,1250,2016,1199,791,1969,621,1715,1626,981,1368,1984,472,319,634
918: 
919: 
920: 
1900: 1670,930
922: 2018,773,1887,1059,1932,387,1431,309,1550
923: 1849,492,218,1559,2011,1283,1845,790,1860,731
1526: 473,661,1894,1759,1555,673,2008,1257,1482,1159,741,1807,401,325,73,281,1819,353,1770,464,1191,254,1271,1451,130,1391
925: 
926: 1102,1083,503,1071,1428,1918,1658,747,592,2009,1023,461,1145,477,1278
1788: 166,1236,2004,303,571,114,520,1961,11,1018
928: 1260,1241
2007: 1038,1665,58,657,1826,1910,1901,1161,321,2006,1079,555,249,848,734,1758,1608,74,972,841,1039,1698,842
930: 1900
931: 69
932: 1991
933: 1153,1036,1027,1708,1638,1103,1240,2002,752,1471,487,1213,312,1944,857,1843,588,2003,1763,1294,1046,323,793,1170
934: 1037,157
935: 
1496: 
937: 1787
1170: 737,1676,1153,933,2002,752,487,1674,1944,1843,588,2003,1763,335,323,793
1713: 1484,1072,1831,579,1927,328,2010,332,1752,1717,1101,1556,1420,1691,19,1272,683,1291,813,1347,1531,1053,1641,1086,1588,1501,1300
1302: 1325
941: 676,339,1198,1266,826,2015,1569,202,751,315,2013,1011,173,1687,140,1855,102,1044,466,1828,179,89,997,1865,656,1019,1873,72,1533,1876
942: 486,1091
1746: 1147,2019,1589,1217,296,233,446,1491,615,998,282,18,1025,703,1510,546,620,156,1912,1799,338,1867,1495,1342,1034,763
1531: 1484,1072,801,427,1831,579,34,1927,328,384,2010,332,1752,1717,295,1101,1556,1420,1691,19,1272,508,683,1291,1169,813,1347,1713,93,1053,1641,1964,965,1086,1588,430,1501,80,32,1300
1640: 1718,1882,960,1163,2017,544,1632,1908,1930,695,1547
946: 
1486: 784,399
1981: 1426,166,460,1422,1236,2004,536,1500,511,329,337,303,1434,1863,571,1389,1056,1097,523,11,529,617
1998: 
1822: 661,673,2008,1380,1257,1807,1191,254,1261,1271,130,1391,121
1095: 
1512: 
1873: 1019,72,1533,1876,941,1266,826,2015,2013,1011,140,89,1865,656
1582: 
955: 
1459: 
1830: 1565,869,1355
958: 356,824,1075,1120,172,299,1243,2001,1017,1753,1934,1785,1339,437,117
1243: 824,172,299,280,2001,1017,1753,375,1934,1785,1339,437,117,958,356
960: 1718,1882,1640,1163,2017,544,1632,1908,968
2000: 236,1806,644,1387,1748,660,524,298,1455,197,844,1591,1844,54,195,863,1113,916,1549
1171: 1495,1342,1034,763,230,2019,296,233,1491,1025,376,703,620,156,1912,338
963: 55
1958: 
965: 1641,1964,1086,1588,430,1501,80,32,1300,2010,1101,1556,683,1531,1053
966: 
1763: 1153,243,1036,1027,1708,1638,1103,629,1240,933,2002,752,1471,487,1674,312,1944,857,1843,588,2003,1294,335,1046,323,793,1170,737,1676
968: 1930,1718,960,1163,2017,1908
969: 
970: 1838,1666,1633,1390,1245,28,1952,850,638,2005,61,777,1296,828,474,868,465,993,1878,78
1191: 1526,473,661,1894,1555,673,2008,1380,1257,1159,1807,73,281,1822,353,1770,254,1261,1271,130,1391,121
972: 2006,1079,555,249,848,734,1758,1608,74,841,1039,1698,842,1038,1665,58,657,1826,1910,2007,1901,1161,321
1600: 
1285: 492,133,218,1559,2011,778,1845,790,1860,731
1700: 
1943: 764,1363,1926,2016,1199,44,791,1969,981,53
977: 1379
978: 17
979: 
1234: 1210,405
981: 764,1837,1363,1926,1618,1250,2016,1199,44,917,791,1969,621,1715,1626,1984,1943,472,319,634
982: 416
983: 
1687: 941,676,339,1198,1266,826,2015,1569,202,751,315,2013,173,140,1855,1044,466,1828,179,89,997,1865,656,72
1169: 1484,1072,427,1831,34,2010,332,1717,295,1420,132,727,19,1272,508,1802,683,1129,813,1347,1531,93,80,32,1300
1862: 307
1866: 1393,1099,1457,470,2014,478,1208,1445,1902,1146,310,568,1609,825,1597,812,193,1975,1683,1004,1705,45,1720,431,1047,707,800,1200,20,1111,1338,66,1546
1498: 1359,912,235
1519: 
990: 
2015: 941,676,339,1198,1266,826,1569,202,751,315,2013,1011,173,1687,140,1855,547,102,1044,466,1828,179,1230,89,997,1865,656,1019,1873,72,1533,1876
992: 
993: 1892,65,1838,1666,1633,1390,1245,28,1952,970,1976,850,638,2005,61,777,1296,474,465,1458,1878,78
994: 
995: 
996: 
997: 941,676,339,1198,826,2015,1569,202,751,315,2013,173,1687,140,1828,179,89,656
998: 230,1147,2019,1589,1765,1217,446,1734,1746,615,282,18,1025,376,546,620,1912,338
1834: 566,176,421,560,450,1327,1239,1532,2012,1076,1854,756,1292,1682,291,1225,1100
1819: 1248,1526,473,1759,1555,2008,1257,1482,741,401,325,73,353,1022,464,1451
1794: 1155
1110: 1707,25
1483: 
1004: 1393,1099,1457,1866,470,2014,478,1208,1229,1166,1445,568,1609,825,1597,812,1548,193,385,45,1267,1720,431,1047,707,20
1142: 176,421,262,450,495,1327,2012,542,756,205,1682
1703: 
1007: 1255,65,1838,1633,1390,1521,798,1976,2005,61,828,474,1739,868,607,465,1878,557,1749,646
1554: 510
1009: 
1267: 1393,1457,2014,478,1208,1229,1166,568,825,1597,812,1548,385,1004,45,1720,431,1047,707
1011: 941,676,1198,1266,826,2015,1569,202,315,2013,140,102,1044,466,179,89,1865,656,1019,1873,72,1533,1876
1442: 
1441: 1140
1014: 243,1027,1708,1638,629,1240,2002,752,1471,1213,312,610,2003,335,1676
1015: 40,268
1016: 764,1837,1363,1926,1618,712,1250,1167,2016,1199,44,791,21,287,1969,621,1626,1984,1797,53
1017: 824,1075,172,299,29,1243,280,2001,1753,375,1934,1785,1339,748,437,117,958,356
1018: 1426,166,1942,460,1236,2004,536,511,337,303,1434,1863,1788,571,114,520,1097,1961,11,529
1019: 1873,72,1533,1876,941,676,1198,1266,826,2015,1569,202,2013,1011,140,102,1044,466,89,1865,656
1020: 397,1741,739
1412: 
1022: 1248,473,1759,1555,2008,1380,1257,1159,741,401,73,1819,353,1381,464,1271,1451
1023: 1102,503,1918,1658,747,592,926,2009,662,1145,477,1278,1126,586,1293
1024: 
1025: 230,1147,2019,1589,1217,296,233,446,1491,1734,1746,615,998,282,376,703,1510,546,620,156,1912,338,1867,1495,1342,1171
1177: 
1027: 1153,243,1036,1708,1638,1103,1014,629,1240,933,2002,752,1471,1674,1213,312,1944,610,857,1843,588,2003,1763,1294,335,737,1676
1028: 
1621: 476
1030: 
1260: 928,1241
1770: 1248,1526,473,661,1894,1759,1555,673,409,2008,1257,1482,1807,401,325,73,281,353,1381,464,1191,1261,1271,1451,130,1391,121
1033: 
1034: 1495,1342,763,1171,2019,296,233,446,1491,1746,703,620,156,1912,338,1867
1854: 566,176,421,262,560,450,495,1327,1834,1239,1532,284,1408,2012,542,1076,756,205,1292,1682,291,1474,1225,1100
1036: 1153,243,1027,1638,1103,1240,933,2002,752,1471,487,1213,312,610,857,1843,588,2003,1763,1294,1046,323,793
1037: 157,934
1038: 58,657,1826,1910,2007,1901,1161,321,2006,1079,555,249,848,734,1758,1608,972,1039
1039: 2006,1079,555,249,848,734,1758,1608,74,972,841,1698,842,1038,1665,58,657,1826,1910,2007,1901,1161,321
1304: 
1041: 
1521: 1255,1892,65,1838,1633,1390,28,798,1976,638,2005,61,777,1296,474,1739,1007,607,465,1458,1878,78,557,1749,646
1043: 288,68,753
1044: 941,676,339,1198,1266,826,2015,1569,202,751,315,2013,1011,1687,140,1855,547,102,466,1828,179,1230,89,1865,656,1019,72,1533,1876
1240: 1153,243,1036,1027,1708,1638,1103,1014,629,933,2002,752,1471,1213,312,1944,610,857,1843,2003,1763,335,1676
1046: 323,793,1036,1638,933,2002,752,312,857,588,2003,1763,1294
1047: 1393,1099,1457,1866,470,2014,478,1208,1229,1166,1445,1902,1146,568,1609,825,1597,812,1548,193,1975,385,1004,45,1267,1720,431,707,800,20
1048: 319,634
1359: 1498,912,235
1050: 810
1051: 
1140: 1441
1053: 1072,1831,579,34,1927,328,2010,332,1752,1717,1101,1556,1420,1691,19,1272,683,1291,813,1347,1713,1531,1641,965,1086,1588,430,1501,80,1300
1054: 
1055: 
1056: 1426,166,460,1422,1981,1236,2004,536,1500,511,329,303,1434,1863,571,1389,523,529,617
1620: 
1487: 
1059: 922,135,2018,773,1887,1932,387,1431,309,100,1550,1469,1645
1060: 
1908: 1718,1882,960,1640,1163,2017,544,1632,1930,139,695,1547,968
1349: 
1741: 1020,397,739,428
1655: 1637,1305
1820: 
1066: 
1067: 1336,1800
1068: 
1069: 
1638: 243,1036,1027,1708,1103,1014,629,1240,933,2002,752,1471,1674,1213,312,610,857,1843,2003,1763,1294,1046
1071: 1102,1083,503,1428,1918,1658,747,592,926,1647,2009,461,662,1145,1523,1278,594
1072: 1484,801,427,1831,34,1927,328,384,2010,332,129,1752,1717,295,1101,1420,132,727,1691,19,1272,508,1802,683,650,1129,1169,813,1347,1713,1531,93,1053,1641,80,1300
1073: 
1556: 1484,579,1927,328,2010,1752,1101,1420,19,1272,683,1713,1531,1053,1641,965,1086,1588,1501
1075: 1120,172,1281,29,2001,1017,1753,1934,1785,1339,437,117,958,356
1076: 566,176,421,262,560,450,495,1834,1239,1532,284,1408,2012,542,1854,756,205,1292,291,1474,1225,1149,1885,1100
1101: 1484,1072,427,1831,579,34,1927,328,384,2010,1752,295,1556,1420,19,1272,508,683,1347,1713,1531,1053,1641,1964,965,1086,1588,430,1501,80
1841: 
1079: 2006,555,249,734,1608,74,972,841,1039,1698,842,1038,1665,58,657,1826,1910,2007,1901,1161
1956: 
1783: 1774,106,285
1082: 
1083: 1102,503,1071,1428,1918,1658,747,592,926,1647,2009,461,662,1145,1523,477,1780,1126
1438: 
1809: 
1086: 1641,1964,965,1588,430,1501,80,32,1300,34,1927,2010,1101,1556,1420,1691,19,1272,683,1347,1713,1531,1053
1305: 1637,1655
1697: 398