1758: 1901,74,2006,1698,972,2007,249,1665,841,1039,1910,842,1161,1079
1: 1546,45,1445,1705,1866,310,1111,1902,1609,1338,1548,1200,2014,1457,800,1208,1393,1069,193,66,431,825,812,470,1720,1146,478,1004,385,1047,1166,1683,1975,1597
1471: 2003,1213,857,1763,610,629,1843,1014,1036,1638,1170,1708,2002,487,1676,933,1103,335,1294,1027,1153,752,1046
3: 1305,182
1803: 
1926: 1626,472,1584,1837,1618,44,1984,1016,287,634,917,2016,1368,53,319,1715,1250
6: 1714
7: 1991,147
1797: 1626,472,1584,1618,44,1969,1016,2016,1715,712
9: 
1342: 230,546,620,2019,763,1147,282,998,1025,1765,1867,703,1034,615,1491,1746,1734,1799,18,1495
11: 1056,2004,617,571,1097,166,1434,1961,536,329,1863,1426,1018,1981,1236,1448,1942,1410,520
12: 1090,1688
1756: 400,1580,531,498,1241,1304
1865: 466,173,2015,547,1011,89,997,315,656,1533,751,1569,1019,676,1876,140,2013,1687,1855,1828,179
15: 
16: 1703
17: 
18: 1491,1746,1734,1799,1495,230,546,620,2019,763,1912,282,998,1025,1765,1510,1867,1342,703,1034,615,296
19: 384,1053,508,2010,1420,1556,771,1588,1752,1602,1086,727,34,1641,1531,1964,1717,1101
20: 
21: 
22: 
1393: 1546,45,310,1902,1609,1338,1548,2014,1,800,1069,66,431,825,812,1146,478,1004,385,1166,1683
1623: 1388,1560,1077,619
25: 
1368: 1984,981,1016,287,634,917,2016,1048,319,1715,1250,712,472,1584,1837,1618,44,1926
1910: 1901,74,2006,1698,972,2007,249,1665,841,1039,1758,842,1161,1079
28: 828,1666,1892,78,2005,777,557,65,1633,465,1458,993,1838
29: 358,280,1339,2001
30: 722,133,1281,1243,561,958,1017,437,1120,467,2001
31: 
32: 430,1129,384,1053,508,2010,1291,1420,1556,771,1752,1602,80,1831,650,328,1641,93,1964,275,1691,295,427,1300
33: 152,372,990
34: 384,1053,508,2010,1420,1556,771,1588,1602,80,1086,727,579,801,1641,1531,1964,1717,1101,19
35: 
36: 
37: 
38: 
1379: 
40: 
1460: 
1817: 
43: 
44: 1626,1797,472,1584,1837,1618,1926,1969,981,1016,287,634,917,2016,1368,1048,319,1715,1250,712
45: 1445,1705,1866,1111,1902,1609,1200,2014,1457,1,1393,193,66,431,825,470,1720,1146,478,1004,385,1047,1166,1597
46: 
1759: 464,2008,1381,673,1159,1271,353,1391,1380,473,409,1261,254,1526,401,121,1257,1894,325,1201,661,1807,1114,281
48: 
49: 
50: 912,1809,208
51: 
52: 198,1511
53: 1984,981,1016,287,634,917,1167,2016,1048,1363,319,1715,1250,1584,1926
54: 1387,2000,916,660,644,863,524,1844,236,1455,197,298,195,1549,844,1113
55: 
56: 
1860: 1283,2011,778,1845,731,1849,790,492,218,1559,1285,923
58: 555,1826,795,848
1505: 
60: 1440,1542
61: 1892,78,1749,1296,2005,850,868,1007,638,777,1878,748,557,1255,798,1414,670,1245,1739,474,970
62: 1313
63: 1796,1400
1363: 1984,981,1016,287,634,917,621,1167,2016,1048,53,319,1250
65: 1633,465,1458,28,1666,2005,557,798,1414,607,993,1838,1976,1739,1952,970
66: 1546,45,1445,1705,1866,310,1111,1902,1609,1338,1200,2014,1457,1,800,1393,1069,193,431,825,812,470,1720,1146,478,1004,385,1047,1166,1683
1662: 
68: 1313,1345
69: 
1715: 1969,981,1016,287,917,1167,2016,1368,1048,53,319,1250,712,1626,1797,472,1584,1837,1618,44,1926
1443: 889,1668
72: 466,202,2015,547,1011,89,315,656,1198,1569,1019,2013,1266
73: 
74: 2006,1698,972,2007,249,1665,841,1039,1758,1910,842,1161,1079
1589: 
76: 1068,1919
1524: 
78: 1892,1749,61,1296,2005,850,868,1007,638,777,1878,748,557,828,28,1666,1633,465,1458,798,1414,670,993,1838,1976,970
1564: 
80: 430,1129,384,1053,508,2010,1291,1420,1484,771,1752,1602,1086,1831,1072,727,579,34,1169,650,801,1347,328,1531,93,32,1964,275,1691,1713,295,427
81: 501
1422: 523,1788,1056,2004,571,166,1961,303,1426,529,1018,460,1389,1500,114
83: 1679
1462: 1040
85: 
86: 
1653: 
1973: 1308,1802
89: 466,202,2015,547,1011,315,72,656,751,1198,1569,1019,1865,140,2013,1687,1266,1855,1828,179
1457: 45,1445,1866,1111,1609,2014,1,1208,193,66,1229,825,1720,1004,385,1047,1166,1597,1099
1718: 695,1163,1930,1882,2017,544,1632,1908
92: 1130,1066
93: 430,1129,2010,1291,1752,80,1169,650,328,32,275,1691,1713,295,427,1300
94: 1711,1612,235,1506,1573
95: 
1916: 
97: 
1385: 
1781: 
100: 1932,1431,1059,922,309,1887,135,2018,1550,387,1645,773
1501: 1927,705
102: 173,2015,1011,826,997,315,1533,1198,941,676,1876,140,2013,1687,339,1230,1855,1044,1828,179
103: 
104: 
105: 
106: 759,402,1412,377,274
1774: 
1463: 
109: 
110: 
111: 
112: 1954,876
1754: 
114: 1056,2004,617,571,166,1961,536,303,1426,529,1018,460,1389,1236,1500,1410,520,1422,523,1788
1701: 758
1366: 
117: 722,133,1616,1753,1281,561,958,1017,299,437,358,280,467,1897,1339,1403,1934,2001,375
1682: 756,176,205,542,2012,450,1292,1225,1142,421,566,1327,1834
1452: 
120: 
121: 2008,1381,673,1159,1391,1822,1380,1022,409,1261,254,1759,401,1248,1257,1894,1201,741,1191,661,1807,1114,281,1451
1632: 1908,695,1163,1930,1640,1882,2017,1718,544
123: 
1458: 65,1633,465,828,28,1666,1892,78,1749,2005,850,638,777,748,557,798,1414,670,607,993,1838,1976,1952,970
1490: 
126: 816,1517,919
1527: 
128: 266
129: 
130: 
131: 215,754,832,1041
132: 
133: 30,722,1753,1281,1243,561,958,1017,299,437,117,1120,467,1339,1403,1934,2001,356
1395: 
135: 1932,1431,1059,922,309,1887,100,2018,1550,1469,387,1645
136: 
137: 
1707: 796
139: 
140: 466,202,173,2015,547,1011,826,89,997,315,656,1533,751,1198,1569,1019,1865,941,676,1876,2013,1687,1266,339,1230,1855,102,1044,1828,179
141: 869,1355,1392,330
1659: 979
1787: 1946,1614,1677
144: 
1842: 
1598: 
147: 1991,7,1106
1520: 
1670: 
150: 1467
151: 
152: 33,372,990
153: 
1815: 
155: 
156: 
157: 1037,906
158: 
1331: 
1392: 869,141,1355,330
1753: 722,133,1281,1243,561,958,1017,299,437,117,1120,358,280,467,1897,1339,1403,1934,2001,356
1309: 
163: 
1547: 
165: 
166: 1056,2004,617,571,1097,1434,1961,536,303,11,1426,529,1018,1981,460,1236,1500,1942,114,1410,520,1422,523
1504: 
168: 374,1429,516,977,1775
169: 
170: 
1828: 202,173,2015,547,1011,826,89,315,656,1533,1198,1865,941,1876,140,2013,1687,1266,339,102,1044,179
172: 
173: 2015,547,1011,826,997,315,656,1533,751,1865,941,676,1876,140,2013,1687,339,102,1044,1828,179
2004: 1056,617,571,1097,166,1434,1961,536,329,1863,303,11,1426,529,1018,1981,460,1389,1236,1448,1500,1942,114,1410,520,1422,523,1788
1322: 
176: 756,205,1682,542,2012,450,1292,1225,1142,421,1100,566,1327,1834
1451: 2008,1555,1822,1380,1261,254,121,1894,1201,741,1191,661,1807,1114,281
1639: 
179: 466,202,173,2015,547,1011,826,89,997,315,656,1533,751,1198,1569,1019,1865,941,676,1876,140,2013,1687,1266,339,1230,1855,102,1044,1828
2003: 1213,857,1763,610,629,323,1674,1843,1014,1471,1036,1638,1240,1170,1708,2002,487,588,1676,933,1103,335,1294,737,1944,1027,793,1153,752,1046
2002: 2003,1213,857,1763,610,629,323,1674,1843,1014,1471,1036,1638,1240,1170,1708,487,588,1676,933,1103,335,1294,737,1944,1027,793,1153,752,1046
182: 3,1305
183: 
184: 
185: 
186: 
2008: 464,1381,673,1159,1555,1271,353,1391,1822,1819,1380,473,1022,409,1261,1482,254,1759,1526,401,121,1600,1248,1257,1894,325,1201,741,1191,661,1807,1114,281,1451
188: 
1813: 1251
1878: 1892,78,1749,61,1296,2005,850,868,1007,638,777,748,557,828,1666,798,1414,670,607,1245,1838,1739,474,970
191: 
2012: 756,176,205,1682,542,450,1292,1225,1142,421,1100,566,1327,1834,262,1149,291,1474,1239,1885,284,560,495,1854,1408
193: 45,1445,1866,1111,1200,2014,1457,1,1208,66,825,470,1720,1004,385,1047,1166,1597
1839: 
195: 298,1549,844,1113,1387,2000,916,524,1844,236,1806,1455,54,197
196: 910
197: 1387,2000,916,660,644,863,524,1844,236,1455,54,298,195,1549,844,1113
198: 1511,52
1611: 
1563: 
1940: 332
202: 2015,547,1011,826,89,315,72,656,1198,1569,941,140,2013,1266,339,1044,1828,179
1325: 
1588: 508,2010,1086,727,34,1641,1964,1717,1101,19
205: 756,176,1682,542,2012,1225,1142,421,566,1327
1310: 
1779: 
208: 912,1809,50
209: 
210: 671
211: 
1612: 1711,94,235,1506,1269,1573
213: 
214: 
215: 131,754,832,1041
1740: 1571
217: 
218: 1283,2011,778,1849,790,492,1860,1559,1285
219: 
220: 
2001: 358,280,467,1897,1339,29,1403,1934,375,356,30,722,133,1616,1753,1281,1243,561,958,1017,299,437,117,1120
222: 
223: 
1647: 747,1126,477,926,2009,586,1278,1658,662,1083,1023,461
225: 
1398: 576,1218
227: 
1522: 
1428: 1126,1918,592,477,1523,503,926,1071,2009,1293,586,1278,1780,1658,662,1023,1145,461,594
230: 546,620,2019,763,446,1147,1912,282,998,1025,1765,1510,1867,1342,703,1171,1034,1401,376,615,296,1734,18,1495
1306: 
1469: 387,1645,773,1059,135,2018,1550
233: 1295
1693: 
235: 1711,1612,94,1506,1573
236: 1387,2000,916,660,644,524,1844,1748,1806,1455,54,197,298,195,1549,844,1113
237: 
238: 
1618: 1626,1797,472,1584,1837,44,1926,1969,287,2016,1368,319,1715,712
240: 
241: 494
1467: 150
243: 
1335: 
245: 414
1312: 
247: 
1386: 
249: 1901,74,2006,1698,972,2007,1665,841,1039,1758,1910,842,1161,1079
250: 565
1473: 279,554
1780: 747,1126,1918,592,477,1523,1102,503,1071,2009,1293,586,1278,1658,662,1023,1428,461,594
1799: 1491,1746,1734,18,1495,546,2019,1912,282,1025,1342,703,1034
254: 464,2008,1381,673,1159,1271,353,1391,1822,1819,1380,473,1022,409,1261,1759,1526,401,121,1600,1248,1257,1894,325,1201,741,1191,661,1807,1114,281,1451
255: 
1313: 68,62,1345
1807: 2008,1159,1555,353,1380,1022,409,1261,254,1759,1526,401,121,1894,1201,741,1191,661,1114,281,1451
258: 1247,1223
259: 
260: 1098,574
261: 
262: 756,2012,1292,1142,421,1100,566,1834,1149,1239,1885,284,560,1854,1408
263: 
264: 327
265: 
266: 128
1362: 
268: 
1965: 
1658: 747,1126,1918,592,477,1523,1102,503,926,1071,2009,1293,586,1278,1780,662,1083,1023,1647,1428,1145,461,594
1355: 869,141,1392,330
1914: 1224
273: 
274: 106,402,1412,377
275: 430,1129,384,1053,508,2010,1291,1420,1752,1602,80,1086,727,579,1169,650,801,328,1531,93,32,1964,1713,295,427,1300
276: 
1330: 
278: 386
279: 1473,554
280: 358,467,1897,1339,29,1403,1934,2001,356,1753,117
281: 2008,1159,1555,353,1391,1380,409,1261,254,1759,1526,401,121,1894,1201,741,1191,661,1807,1114,1451
282: 230,546,620,2019,763,446,1147,998,1510,1342,703,615,296,1746,1734,1799,18,1495
1962: 
284: 1149,291,1474,1239,1885,560,495,1408,756,542,2012,450,1292,1100,1834,262
285: 
286: 
287: 1984,1969,981,1016,634,917,1167,2016,1368,1048,1363,53,319,1715,1250,712,472,1584,1837,1618,44,1926
288: 
2005: 1892,78,1749,61,1296,850,868,1007,638,777,1878,748,557,1255,828,28,1666,65,1633,465,1458,798,1414,670,607,1245,993,1838,1976,1739,474,1952,970
290: 
291: 1149,1474,1239,1885,284,560,495,1408,2012,1834
292: 
1394: 
294: 
295: 430,1129,384,2010,1291,1752,80,1169,650,328,93,32,1964,275,1713,427,1300
296: 230,546,620,2019,763,446,1147,1912,282,1765,1510,1867,703,1171,1401,376,615,18
1400: 1796,63
298: 195,1549,844,1113,1387,2000,916,524,1844,236,1806,1455,54,197
299: 722,133,1616,1753,1281,561,958,437,117,358,467,1339,2001,375
300: 485,1402
1430: 
2014: 1546,45,1445,1705,1866,310,1111,1902,1609,1338,1548,1200,1457,1,800,1208,1393,1069,193,66,1229,431,825,812,470,1720,1146,478,1004,385,1047,1166,1683,1975,704,1597,1099
303: 2004,617,571,1097,166,1961,536,329,1863,1426,529,1018,460,1389,1236,1448,114,1410,520,1422,523,1788
304: 858,893,408,313
1795: 
1391: 464,2008,1381,673,1159,1271,353,1822,409,1261,1482,254,1759,1526,401,121,1248,1257,1894,325,1201,661,1114,281
307: 
1410: 1056,2004,617,571,1097,166,1434,1961,536,329,1863,303,11,1426,529,1018,1981,460,1389,1236,1448,1500,1942,114,520
309: 1932,1431,1059,922,1887,135,100,2018,1550,1645
310: 1546,1902,1609,1338,1548,2014,1,800,1393,1069,66,431,825,812,478,385,1683
311: 711
312: 
313: 408,304,893
1930: 695,1163,1640,1882,2017,1718,968,544,1632,1908
315: 466,202,173,2015,547,1011,826,89,997,72,656,1533,751,1198,1569,1019,1865,941,676,1876,140,2013,1687,1266,339,1230,1855,102,1044,1828,179
1546: 310,1902,1609,1338,1548,1200,2014,1,800,1208,1393,1069,66,431,825,812,470,478,1004,385,1683,1975,704
317: 
318: 
319: 1984,1016,287,634,917,1167,2016,1368,1048,1363,53,1715,1250,712,472,1584,1837,1618,44,1926
1974: 1544,618
321: 
322: 
323: 2003,1213,857,1763,610,629,1674,1014,1036,1240,1170,1708,2002,588,1294,737,1944,793
1806: 1387,2000,916,524,1748,236,1455,298,195,1549,1113
325: 464,2008,1381,673,1159,1271,1391,1819,1380,473,1022,409,1482,254,1759,1526,401,1600,1248,1257,1894,661,1114
326: 
327: 264
328: 430,1129,384,2010,1291,1420,1752,1602,80,1831,1072,579,1169,650,801,1347,93,32,1964,275,1691,1713,295,427,1300
329: 2004,617,571,1097,1961,536,1863,303,11,1426,1018,1389,1236,1448,1942,1410,520
330: 869,141,1355,1392
1586: 
332: 1940
333: 
334: 
335: 2003,1213,857,1763,610,629,1674,1843,1471,1036,1638,1170,1708,2002,1676,933,1294,1944,1027,793,1153,752
1991: 147,7
337: 
338: 
339: 202,173,2015,1011,826,997,315,656,1533,1198,941,676,1876,140,2013,1687,1266,1230,1855,102,1044,1828,179
1389: 1056,2004,571,1097,1961,536,329,303,1426,529,1018,460,1236,1448,1942,114,1410,1422,523,1788
341: 
1886: 1776
343: 
1695: 
345: 
346: 
347: 
1514: 641,1818
1838: 798,1414,670,607,1245,993,1976,1739,1952,970,828,28,1666,1892,78,2005,850,638,777,1878,748,557,65,1633,465,1458
1399: 
351: 1593
1614: 1946,1787,1677,663
353: 2008,1555,1391,1380,1261,254,1759,1526,401,1894,1201,661,1807,1114,281
1548: 1546,310,1902,1338,2014,1,800,1208,1393,1069,1229,431,825,812,1004,1683,1975,707,704,1099
1405: 767
356: 358,280,467,1897,1339,1403,1934,2001,722,133,1753,1281,1243,958,1017,1120
1500: 1056,2004,617,571,166,1434,1961,1426,529,1981,460,1942,114,1410,1422
358: 280,467,1897,1339,29,1403,1934,2001,356,722,1753,958,1017,299,117
359: 
360: 1118,1933
361: 
1968: 
1316: 
364: 
1835: 
1892: 78,1749,61,1296,2005,850,868,1007,638,777,1878,748,557,828,28,1666,1633,465,1458,798,1414,670,607,1245,993,1838,1976,1739,474,970
1826: 58,795
1984: 1016,287,634,917,621,1167,2016,1368,1048,1363,53,319,1250,1926
369: 
370: 532
371: 445
372: 990,33,152
1426: 1056,2004,617,571,1097,166,1434,1961,536,329,303,11,529,1018,1981,460,1389,1236,1448,1500,1942,114,1410,520,1422,523,1788
374: 1429,516,977,168,1775,690
375: 1339,2001,1616,561,958,299,117
376: 230,620,2019,763,446,1147,1912,1765,1510,1867,1171,1401,615,296
377: 759,106,402,1412,274
378: 394
1935: 1513
380: 
1315: 1610,1268
1673: 
383: 
384: 430,1129,1053,508,2010,1291,1420,1556,771,1752,1602,80,1086,1072,727,579,34,1169,801,328,1641,1531,32,1964,275,295,427,1101,19
385: 1546,45,1445,1866,310,1111,1902,1609,1338,1200,2014,1457,1,800,1208,1393,1069,193,66,1229,431,825,812,470,1720,1146,478,1004,1047,1166,1683,1975,1597,1099
386: 278
387: 1469,1645,773,1932,1431,1059,922,1887,135,100,2018,1550
1493: 
389: 
390: 
391: 
392: 
1987: 
394: 378
395: 481
1641: 430,384,1053,508,2010,1420,1556,771,1588,1752,1602,1086,727,34,32,1964,1717,427,1101,19
397: 1853
398: 
399: 
400: 1756,1580,531,498,1241,1304
401: 464,2008,1381,673,1159,1555,1271,353,1391,1380,409,1261,254,1759,1526,121,1257,1894,325,1201,661,1807,1114,281
402: 759,106,1412,377,274
403: 
1961: 1056,2004,617,571,1097,166,1434,536,329,1863,303,11,1426,529,1018,460,1389,1236,1448,1500,1942,114,1410,520,1422,523,1788
405: 
406: 717
1581: 
408: 313,304,893
409: 464,2008,1381,673,1159,1271,1391,1822,1819,1380,473,1022,1261,1482,254,1759,1526,401,121,1600,1248,1257,1894,325,1201,741,1191,661,1807,1114,281
410: 
411: 1551,1373
1390: 
413: 
414: 245
1709: 
416: 724,1051
417: 
1751: 
1580: 400,1756,531,498,1241,1304
420: 
421: 756,176,205,1682,542,2012,450,1292,1225,1142,1100,566,1327,1834,262,560,1408
1749: 1892,78,61,1296,2005,850,868,1007,638,777,1878,748,557,1255,828,1458,1414,670,474,970
1532: 
1964: 430,1129,384,1053,508,2010,1291,1420,1556,771,1588,1752,1602,80,1086,1831,727,579,34,650,328,1641,1531,32,275,1717,295,427,1101,19,1300
425: 
1291: 430,1129,384,2010,1420,1484,771,1602,80,1831,1072,579,1169,650,801,1347,328,93,32,1964,275,1691,1713,295,427
427: 430,1129,384,508,2010,1291,1420,1752,1602,80,1086,1831,579,1169,650,328,1641,93,32,1964,275,1691,1713,295,1300
428: 
1295: 233
430: 1129,384,1053,508,2010,1291,1420,1556,771,1752,1602,80,1086,1831,1072,579,1169,650,801,1347,328,1641,1531,93,32,1964,275,1691,1713,295,427,1300
431: 1546,45,310,1902,1609,1338,1548,2014,1,800,1208,1393,1069,66,1229,825,812,470,1720,478,1004,385,1047,1166,1683,1975,704,1597,1099
432: 1226
1388: 1623,1560,1077,619
434: 
1723: 
436: 
437: 30,722,133,1753,1281,1243,561,958,1017,299,117,467,1339,1403,2001
438: 
1827: 1055,1650
1550: 1932,1431,1059,922,309,1887,135,100,2018,1469,387,1645,773
1986: 
1555: 2008,353,1261,401,1201,661,1807,1114,281,1451
443: 
444: 1993,486
445: 371
446: 230,546,620,2019,763,1147,282,998,1765,1510,1867,703,1401,376,615,296,1734
1565: 
2006: 1901,74,1698,972,2007,249,1665,841,1039,1758,1910,842,1161,1079
449: 
450: 756,176,1682,542,2012,1292,1225,1142,421,1100,1327,1834,1149,1474,284,560,495,1408
1544: 1974,618
1431: 1932,1059,922,309,1887,135,100,2018,1550,387,1645
1752: 430,1129,384,1053,508,2010,1420,1556,1602,80,1086,727,328,1641,93,32,1964,275,295,427,1101,19,1300
454: 
1540: 
456: 1177,1921
457: 
1825: 
1897: 358,280,467,1339,1403,1934,2001,356,722,1753,1017,117
460: 1056,2004,617,571,1097,166,1434,1961,536,303,1426,529,1018,1981,1389,1236,1448,1500,1942,114,1410,1422,523,1788
461: 747,1126,1918,592,477,1523,2009,1293,586,1278,1780,1658,662,1083,1023,1647,1428
462: 
1811: 
464: 2008,1381,673,1159,1271,1391,1822,1819,473,409,1482,254,1759,401,1600,1248,1257,1894,325
465: 65,1633,1458,828,28,1666,1892,78,2005,850,557,798,1414,670,607,993,1838,1976,1952,970
466: 2015,547,1011,89,997,315,72,656,1533,751,1569,1019,1865,676,1876,140,2013,1687,1266,1855,179
467: 358,280,1897,1339,1403,1934,2001,356,30,722,133,1753,1281,1243,561,958,1017,299,437,117,1120
468: 
1381: 464,2008,673,1159,1271,1391,1822,1819,1380,473,1022,409,1482,254,1759,1526,401,121,1600,1248,1257,1894,325,1201,741,1191
470: 1546,45,1445,1705,1866,1111,1902,1338,1200,2014,1,800,1208,193,66,431,825,812,1720,1146,478,1004,385,1047,1166
1864: 
472: 1626,1797,1584,1837,1618,44,1926,287,2016,1368,319,1715,1250
473: 464,2008,1381,673,1159,1822,1819,1380,1022,409,254,1759,1526,1600,1248,1894,325,1191
474: 798,1414,670,607,1245,993,1976,1739,1952,970,1892,1749,61,2005,850,638,1878,748,1255
1902: 1546,45,1705,1866,310,1111,1609,1338,1548,1200,2014,1,800,1208,1393,1069,66,1229,431,825,812,470,1720,1146,478,1004,385,1047,1166,1683,1975
476: 
477: 747,1126,1918,592,1523,1102,1071,2009,1293,586,1278,1780,1658,662,1083,1023,1647,1428,461
478: 1546,45,1705,1866,310,1111,1902,1609,1200,2014,1,800,1393,1069,66,431,825,812,470,1720,1146,385,1683
1957: 
480: 
481: 395
1937: 
1882: 695,1163,1930,2017,1718,968,544,1632,1908
484: 706
485: 300
486: 1993,444
487: 2003,1213,857,610,629,1843,1014,1471,1036,1638,2002,588,1676,933,1103,1294,1153,752,1046
488: 1873
1530: 
1665: 1901,74,2006,1698,972,2007,249,841,1039,1758,1910,842,1161,1079
1851: 
492: 1283,2011,778,1845,731,1849,790,218,1860,1559,1285,923
493: 681,1205
494: 241
495: 1149,291,1474,1239,1885,284,560,1408,756,542,2012,450,1292,1834
1688: 830,12,1090
1845: 1283,2011,778,731,1849,790,492,1860,1559,1285,923
498: 400,1756,1580,1241,1304
499: 1378
1654: 874
501: 81
1553: 715,1421
503: 1126,592,1102,926,1071,2009,586,1780,1658,662,1428,1145,594
1993: 444,486
2017: 695,1163,1930,1640,1882,1718,968,544,1632,1908
506: 
1650: 1827
508: 430,1129,384,1053,2010,1420,1556,771,1588,1752,1602,80,1086,1831,1072,727,579,34,1641,1531,32,1964,275,1717,427,1101,19
1661: 
510: 
511: 
1790: 
1482: 464,2008,1381,673,1271,1391,409,1600,1248,1257,325
1805: 1608
2011: 1283,778,1845,731,1849,790,492,218,1860,1559,1285,923
516: 374,1429,977,168,1775,690
1881: 
1439: 
519: 827,625
520: 2004,617,1097,166,1961,536,329,1863,303,11,1426,1018,1236,1448,114,1410
521: 
522: 
523: 1422,1788,2004,166,1961,303,1426,529,1018,460,1389,1236,114
524: 1387,2000,916,644,1844,1748,236,1806,1455,54,197,298,195,1549,1113
525: 
526: 
1551: 1373,411
528: 
529: 1056,2004,571,1097,166,1961,303,1426,1018,460,1389,1236,1448,1500,114,1410,1422,523,1788
530: 706
531: 400,1756,1580,1241,1304
532: 370
533: 1536
534: 
1692: 
536: 1056,2004,617,571,1097,166,1434,1961,329,1863,303,11,1426,1018,1981,460,1389,1236,1448,1942,114,1410,520
1744: 1117,598,1890
1963: 843,1917
539: 1260
1949: 1349
541: 
542: 756,176,205,1682,2012,450,1292,1225,1142,421,1327,1834,1474,1885,284,560,495,1408
543: 
544: 695,1163,1930,1640,1882,2017,1718,968,1632,1908
1824: 1131
546: 230,620,2019,763,446,1147,1912,282,998,1025,1765,1510,1867,1342,703,1034,615,296,1491,1746,1734,1799,18,1495
547: 466,202,173,2015,1011,89,997,315,72,656,1533,751,1198,1569,1019,1865,1876,140,2013,1687,1266,1855,1044,1828,179
1760: 
1739: 798,1414,670,607,1245,993,1838,474,1952,970,1666,1892,61,1296,2005,638,777,1878,748,557,65
1674: 2003,1213,857,1763,610,629,323,1014,1036,1638,1240,1170,1708,2002,588,933,335,1294,737,1944,1027,793,1153
551: 1060,1840
1976: 798,1414,670,607,1245,993,1838,474,1952,970,1892,78,2005,850,638,557,65,465,1458
1890: 1117,1744
554: 1473,279
555: 58,795,848
1403: 358,280,467,1897,1339,1934,2001,356,722,133,1753,1281,1243,958,1017,437,117,1120
557: 1892,78,1749,61,1296,2005,850,868,638,777,1878,748,828,28,1666,65,1633,465,1458,798,1414,670,607,1245,993,1838,1976,1739,1952,970
1484: 1129,1053,2010,1291,771,1602,80,1831,1072,579,801,1347,1531
559: 
560: 1149,291,1474,1239,1885,284,495,1408,756,542,2012,450,1292,1225,1142,421,1100,1834,262
561: 30,722,133,1616,1753,1281,958,1017,299,437,117,467,1339,2001,375
562: 
563: 
1954: 112,876
565: 250
566: 756,176,205,1682,2012,1292,1225,1142,421,1100,1327,1834,262
567: 
568: 
1885: 1149,291,1239,284,560,495,1854,1408,756,542,2012,1292,1142,1100,1834,262
1793: 
571: 1056,2004,617,1097,166,1434,1961,536,329,303,11,1426,529,1018,460,1389,1236,1448,1500,1942,114,1410,1422
1517: 816,919,126
1593: 351
574: 1098,260
1434: 1056,2004,617,571,1097,166,1961,536,1863,11,1426,1018,1981,460,1448,1500,1942,1410
576: 1398,1218
577: 
578: 
579: 430,1129,384,1053,508,2010,1291,1420,1484,771,1602,80,1086,1831,1072,34,1169,650,801,1347,328,1531,1964,275,1691,1713,427
580: 
581: 596
1559: 1283,2011,1845,731,1849,790,492,218,1860,1285
583: 
584: 1433
585: 
586: 1126,592,477,1102,503,926,1071,2009,1293,1278,1780,1658,662,1023,1647,1428,1145,461,594
1667: 
588: 2003,1213,857,610,629,323,1674,1014,1036,1638,1240,1170,1708,2002,487,1676,933,1103,1294,737,1944,793,1153
1402: 300
1696: 
1953: 1592,935,999
592: 747,1126,1918,477,1523,1102,503,1071,2009,586,1278,1780,1658,662,1083,1023,1428,1145,461,594
593: 
594: 1126,1918,592,1102,503,1071,2009,1293,586,1278,1780,1658,662,1023,1428,1145
1712: 
596: 581
597: 
598: 1117,1744
599: 
600: 
1711: 1612,94,235,1506,1269,1573
602: 
603: 1566
604: 
605: 678
606: 
607: 798,1414,670,1245,993,1838,1976,1739,474,1952,970,1666,1892,2005,638,777,1878,748,557,65,1633,465,1458
1867: 230,546,620,2019,763,446,1147,1912,1025,1765,1510,1342,703,1171,1034,1401,376,615,296,18,1495
1561: 
610: 2003,1213,857,1763,629,323,1674,1843,1014,1471,1036,1638,1240,1170,1708,2002,487,588,1676,933,1103,335,1294,737,1944,1027,793,1153,752,1046
1523: 747,1918,592,477,2009,1293,1278,1780,1658,1023,1428,461
1726: 
1539: 
1669: 
615: 230,546,620,2019,763,446,1147,1912,282,998,1025,1765,1867,1342,703,1171,1034,1401,376,296,18
616: 
617: 1056,2004,571,1097,166,1434,1961,536,329,1863,303,11,1426,1018,1981,460,1236,1448,1500,1942,114,1410,520
618: 1544,1974
619: 1560,1077,1623,1388
620: 230,546,2019,763,446,1147,1912,282,1025,1765,1510,1867,1342,703,1171,1034,1401,376,615,296,1734,18,1495
621: 1984,981,634,917,1167,2016,1048,1363
622: 
1812: 
624: 
625: 519,827
626: 
2009: 747,1126,1918,592,477,1523,1102,503,926,1071,1293,586,1278,1780,1658,662,1083,1023,1647,1428,1145,461,594
628: 
629: 2003,1213,857,1763,610,323,1674,1843,1014,1471,1036,1638,1240,1170,1708,2002,487,588,1676,933,335,1294,737,1944
1414: 798,670,607,1245,993,1838,1976,1739,474,1952,970,828,1666,1892,78,1749,61,1296,2005,850,638,777,1878,748,557,1255,65,465,1458
1769: 1830,1203,1185
632: 
1497: 
634: 1984,287,917,621,1167,2016,1368,1048,1363,53,319,1250,1837,44,1926
1292: 756,176,1682,542,2012,450,1225,1142,421,1100,566,1327,1834,262,1149,1239,1885,284,560,495,1408
1927: 705,1501
637: 
638: 1892,78,1749,61,1296,2005,850,868,1007,777,1878,748,557,1255,828,1458,798,1414,670,607,1245,993,1838,1976,1739,474,970
1683: 1546,310,1902,1609,1338,1548,2014,1,800,1208,1393,1069,66,1229,431,825,812,478,1004,385,1166,1975,707,704,1099
1542: 1440,60
641: 1514,1818
1615: 
1855: 466,2015,547,1011,826,89,997,315,1533,751,1198,1569,1019,1865,941,676,1876,140,2013,1687,1266,339,1230,102,179
644: 1387,2000,916,660,863,524,1844,1748,236,1455,54,197,1113
645: 
646: 
647: 
1656: 
649: 
650: 430,1129,2010,1291,1420,1602,80,1831,1072,579,1169,1347,328,93,32,1964,275,1691,1713,295,427,1300
651: 
652: 
653: 
1573: 1711,1612,94,235,1506,1269
655: 
656: 466,202,173,2015,547,1011,89,315,72,1533,751,1198,1569,1019,1865,1876,140,2013,1687,1266,339,1044,1828,179
657: 
1633: 65,465,1458,828,28,1666,1892,78,2005,777,557,607,993,1838,970
659: 
660: 1387,2000,644,863,1844,236,1455,54,197,1549,844
661: 2008,1159,1555,1271,353,1391,1380,409,1261,254,1759,1526,401,121,1894,325,1201,1807,1114,281,1451
662: 747,1126,1918,592,477,1102,503,926,2009,586,1278,1780,1658,1083,1023,1647,1428,1145,461,594
663: 1946,1614,1677
664: 
1796: 63,1400
666: 
1303: 
668: 
669: 
670: 798,1414,607,1245,993,1838,1976,1739,474,1952,970,1892,78,1749,61,2005,850,638,1878,748,557,1255,465,1458
671: 210
1912: 230,546,620,2019,763,1025,1765,1510,1867,1171,1034,376,615,296,1491,1799,18,1495
673: 464,2008,1381,1159,1271,1391,1822,1819,473,1022,409,1261,1482,254,1759,401,121,1600,1248,1257,1894,325,1201,741,1191,1114
1765: 230,546,620,2019,763,446,1147,1912,1025,1510,1867,1342,703,1171,1034,1401,376,615,296,18,1495
675: 
676: 466,173,2015,1011,826,997,315,1533,751,1198,1569,1019,1865,941,1876,140,2013,1687,1266,339,1230,1855,102,1044,179
1572: 
678: 605
679: 
1541: 
681: 493,1205
1776: 1886
683: 
684: 
1511: 198,52
1969: 981,1016,287,917,2016,1715,712,1797,1584,1618,44
687: 
1778: 
1840: 1060,551
690: 1121,1136,374,1429,516,977
1373: 1551,411
692: 
1616: 561,958,299,117,1339,2001,375
1446: 
695: 1163,1930,1640,1882,2017,1718,968,544,1632,1908
1341: 
1874: 
698: 
1455: 1387,2000,916,660,644,863,524,1844,1748,236,1806,54,197,298,195,844,1113
1491: 1746,1734,1799,18,1495,546,2019,1912,1025,1342,1034
1584: 1626,1797,472,1837,1618,44,1926,1969,981,1016,287,917,1167,2016,1368,53,319,1715,1250,712
1296: 1892,78,1749,61,2005,850,868,1007,638,777,1878,748,557,828,1666,1414,1739,970
703: 230,546,620,2019,763,446,1147,282,998,1025,1765,1510,1867,1342,1034,615,296,1746,1734,1799,18,1495
704: 707,1546,1609,1338,1548,2014,1208,1069,1229,431,825,1004,1683,1975,1099
705: 1927,1501
706: 530,484
707: 704,1548,1683,1975
1666: 828,28,1892,78,1296,2005,868,777,1878,748,557,65,1633,465,1458,1414,607,993,1838,1739,970
709: 
710: 
711: 311
712: 1969,981,1016,287,917,2016,1368,1048,319,1715,1797,1584,1618,44
713: 
714: 1301
715: 1553
1876: 466,173,2015,547,1011,826,997,315,656,1533,751,1198,1019,1865,941,676,140,2013,1687,1266,339,1230,1855,102,1044,1828,179
717: 406
1420: 430,1129,384,1053,508,2010,1291,1556,771,1752,1602,80,1086,1831,1072,579,34,650,328,1641,32,1964,275,1717,427,19,1300
1944: 1027,793,1153,2003,1213,857,1763,610,629,323,1674,1014,1036,1170,1708,2002,588,933,335,1294,737
1626: 1797,472,1584,1837,1618,44,1926,2016,1715
1677: 1946,1614,1787,663
722: 30,133,1753,1281,1243,561,958,1017,299,437,117,1120,358,467,1897,1339,1403,1934,2001,356
1734: 1491,1746,1799,18,1495,230,546,620,2019,763,446,282,998,1025,1342,703,1034
724: 1051,416
1579: 
726: 
727: 384,1053,508,2010,1588,1752,80,1086,34,1641,1531,1964,275,1717,1101,19
1613: 
1472: 
1704: 
731: 1283,2011,1845,1849,790,492,1860,1559,1285,923
732: 
1933: 360,1118
734: 833
735: 
736: 
737: 2003,1213,857,1763,610,629,323,1674,1014,1036,1240,1170,1708,2002,588,1294,1944,1027,793
738: 
739: 
740: 
741: 2008,1381,673,1159,1822,1819,1380,1022,409,1261,254,121,1248,1894,1201,1191,1807,281,1451
1549: 298,195,844,1113,1387,2000,916,660,524,1844,236,1806,54,197
1429: 374,516,977,168,1775,690
1591: 
1800: 
1567: 
747: 1126,1918,592,477,1523,2009,1278,1780,1658,662,1083,1023,1647,461
748: 1892,78,1749,61,1296,2005,850,868,1007,638,777,1878,557,1255,828,1666,1458,798,1414,670,607,1245,1838,1739,474,970
1408: 1149,291,1474,1239,1885,284,560,495,756,542,2012,450,1292,1225,1142,421,1834,262
750: 
751: 466,173,2015,547,1011,89,997,315,656,1533,1569,1019,1865,676,1876,140,2013,1687,1855,179
752: 1046,1153,2003,857,610,1843,1471,1638,2002,487,1676,933,1103,335
753: 
754: 131,215,832,1041
755: 
756: 176,205,1682,542,2012,450,1292,1225,1142,421,1100,566,1327,1834,262,1149,1239,1885,284,560,495,1408
1606: 
758: 1701
759: 106,402,1412,377
1684: 
761: 
762: 
763: 230,546,620,2019,446,1147,1912,282,998,1025,1765,1510,1867,1342,703,1171,1034,1401,376,615,296,1746,1734,18,1495
764: 
765: 934
766: 
767: 1405
1846: 
769: 
1445: 45,1705,1866,1111,1200,2014,1457,1,193,66,470,1720,1146,385,1047,1166,1597
771: 430,1129,384,1053,508,2010,1291,1420,1556,1484,1602,80,1086,1831,1072,579,34,801,1641,1531,32,1964,1717,19
772: 
773: 1469,387,1645,1932,1059,1887,100,2018,1550
774: 
775: 
1301: 714
777: 1892,78,1749,61,1296,2005,868,1007,638,1878,748,557,828,28,1666,1633,1458,1414,607,1838,1739,970
778: 1283,2011,1845,1849,790,492,218,1860,923
1339: 358,280,467,1897,29,1403,1934,2001,375,356,722,133,1616,1753,1281,1243,561,958,1017,299,437,117
780: 
781: 
1705: 45,1445,1866,1111,1902,1200,2014,1,66,812,470,1720,1146,478
1288: 810
784: 
1785: 
786: 
787: 
788: 
789: 
790: 1283,2011,778,1845,731,1849,492,218,1860,1559,1285,923
791: 
1708: 2003,1213,857,1763,610,629,323,1674,1014,1471,1036,1638,1240,1170,2002,588,933,335,1294,737,1944,1027,793
793: 1944,1027,1153,2003,1213,857,1763,610,323,1674,1014,1036,1638,1170,1708,2002,588,933,1103,335,1294,737
794: 1585
795: 58,555,1826,848
796: 1707
797: 
798: 1414,670,607,1245,993,1838,1976,1739,474,1952,970,1892,78,61,2005,850,638,1878,748,557,1255,65,465,1458
1286: 
800: 1546,310,1111,1902,1338,1548,1200,2014,1,1208,1393,1069,66,431,825,812,470,1720,478,1004,385,1047,1683
801: 430,1129,384,1053,2010,1291,1484,771,1602,80,1831,1072,579,34,1169,1347,328,1531,275,1713
1917: 1963
1502: 1925
1609: 1546,45,1866,310,1902,1338,2014,1457,1,1208,1393,1069,66,1229,431,825,1720,478,1004,385,1047,1166,1683,1975,704,1597,1099
1919: 1068,76
1347: 430,1129,2010,1291,1484,1602,80,1831,1072,579,1169,650,801,328,1691,1713
1293: 1126,1918,477,1523,1071,2009,586,1278,1780,1658,1023,1428,461,594
808: 
809: 1082,1026,1990
810: 1288
1571: 1740
812: 1546,1705,310,1111,1902,1338,1548,1200,2014,1,800,1393,1069,66,431,825,470,1720,1146,478,385,1683
813: 
1357: 
1849: 1283,2011,778,1845,731,790,492,218,1860,1559,1285
816: 1517,919,126
817: 
818: 
819: 1091
1802: 1308,1973
1533: 466,173,2015,547,1011,826,997,315,656,751,1019,1865,676,1876,140,2013,1687,339,1230,1855,102,1828,179
822: 
1898: 1092
824: 
825: 1546,45,310,1902,1609,1338,1548,1200,2014,1457,1,800,1208,1393,1069,193,66,1229,431,812,470,1720,478,1004,385,1047,1166,1683,1975,704,1597,1099
826: 202,173,2015,1011,997,315,1533,1198,1569,1019,941,676,1876,140,2013,1687,1266,339,1230,1855,102,1044,1828,179
827: 519,625
828: 28,1666,1892,78,1749,1296,2005,850,868,1007,638,777,1878,748,557,1633,465,1458,1414,1838,970
1975: 1546,1902,1609,1338,1548,2014,1,1208,1069,1229,431,825,1004,385,1047,1166,1683,707,704,1597,1099
830: 1688
1608: 1805
832: 131,215,754,1041
833: 734
834: 932
835: 
836: 
1942: 1056,2004,617,571,1097,166,1434,1961,536,329,11,1426,1018,1981,460,1389,1236,1448,1500,1410
2016: 1984,1969,981,1016,287,634,917,621,1167,1368,1048,1363,53,319,1715,1250,712,1626,1797,472,1584,1837,1618,44,1926
839: 
840: 
841: 1901,74,2006,1698,972,2007,249,1665,1039,1758,1910,842,1161,1079
842: 1901,74,2006,1698,972,2007,249,1665,841,1039,1758,1910,1161,1079
843: 1963
844: 298,195,1549,1113,2000,660,1844,236,1455,54,197
1844: 1387,2000,916,660,644,863,524,1748,236,1455,54,197,298,195,1549,844,1113
1690: 
1843: 2003,857,610,629,1014,1471,1036,1638,2002,487,1676,933,1103,335,1294,752,1046
848: 58,555,795
849: 
850: 1892,78,1749,61,1296,2005,868,1007,638,1878,748,557,1255,828,465,1458,798,1414,670,993,1838,1976,474,970
851: 
1569: 466,202,2015,547,1011,826,89,997,315,72,656,751,1198,1019,1865,676,140,2013,1687,1266,1230,1855,179
1891: 
1507: 
855: 
1691: 430,1129,2010,1291,1602,80,1831,1072,579,1169,650,1347,328,93,32,1713,427
857: 2003,1213,1763,610,629,323,1674,1843,1014,1471,1036,1638,1240,1170,1708,2002,487,588,1676,933,1103,335,1294,737,1944,1027,793,1153,752,1046
858: 304
859: 
1952: 798,1414,670,607,1245,993,1838,1976,1739,474,970,2005,557,65,465,1458
1503: 
862: 
863: 1387,2000,660,644,1844,1748,1455,54,197
864: 
1299: 
1747: 
2019: 230,546,620,763,446,1147,1912,282,998,1025,1765,1510,1867,1342,703,1171,1034,1401,376,615,296,1491,1746,1734,1799,18,1495
868: 1892,78,1749,61,1296,2005,850,1007,638,777,1878,748,557,828,1666,970
869: 141,1355,1392,330
870: 
1595: 
872: 
1585: 794
874: 1654
1934: 358,280,467,1897,1339,1403,2001,356,722,133,1753,1281,1243,1017,117,1120
876: 112,1954
1852: 
878: 
1440: 1542,60
880: 
1887: 1932,1431,1059,922,309,135,100,2018,1550,387,1645,773
882: 
2018: 1932,1431,1059,922,309,1887,135,100,1550,1469,387,1645,773
1492: 
1378: 499
1560: 1077,619,1623,1388
1836: 
1508: 
889: 1668,1443
1698: 1901,74,2006,972,2007,249,1665,841,1039,1758,1910,842,1161,1079
891: 
1918: 747,1126,592,477,1523,1102,2009,1293,1278,1780,1658,662,1083,1023,1428,461,594
893: 304,408,313
1338: 1546,310,1902,1609,1548,1200,2014,1,800,1208,1393,1069,66,431,825,812,470,1720,1004,385,1047,1166,1683,1975,704,1597,1099
1421: 1553
1921: 1177,456
1300: 430,2010,1420,1752,650,328,93,32,1964,275,295,427
898: 
899: 
1714: 6
1448: 1056,2004,617,571,1097,1434,1961,536,329,1863,303,11,1426,529,1018,460,1389,1236,1942,1410,520
1772: 
1506: 1711,1612,94,235,1269,1573
1510: 230,546,620,2019,763,446,1912,282,1025,1765,1867,703,1171,1034,376,296,18,1495
905: 
906: 1037,157
907: 
908: 
1450: 1183
910: 196
1536: 533
912: 1809,50,208
1676: 2003,857,610,629,1843,1471,1036,1638,2002,487,588,933,1103,335,1294,1153,752,1046
1792: 
915: 1144
916: 1387,2000,644,524,1844,1748,236,1806,1455,54,197,298,195,1549,1113
917: 1984,1969,981,1016,287,634,621,1167,2016,1368,1048,1363,53,319,1715,1250,712,1584,44,1926
918: 
919: 816,1517,126
920: 1302
1900: 
922: 1932,1431,1059,309,1887,135,100,2018,1550,387,1645
923: 2011,778,1845,731,790,492,1860,1285
1526: 2008,1381,1159,353,1391,1819,1380,473,1022,409,254,1759,401,1894,325,1201,1191,661,1807,1114,281
925: 
926: 1126,1102,503,2009,586,1658,662,1083,1023,1647,1428,1145
1788: 1422,523,2004,1961,303,1426,529,1018,460,1389,1236,114
928: 1254,1519
2007: 1901,74,2006,1698,972,249,1665,841,1039,1758,1910,842,1161,1079
930: 982
931: 
932: 834
933: 2003,1213,857,1763,610,629,1674,1843,1014,1471,1036,1638,1170,1708,2002,487,588,1676,1103,335,1294,1944,1027,793,1153,752,1046
934: 765
935: 1592,1953,999
1496: 
937: 
938: 
1713: 430,1129,2010,1291,80,1831,579,1169,650,801,1347,328,93,275,1691,295,427
1302: 920
941: 202,173,2015,826,315,1198,676,1876,140,2013,1266,339,1230,1855,102,1044,1828,179
942: 
1746: 1491,1734,1799,18,1495,546,2019,763,282,1025,1342,703
1531: 430,1129,384,1053,508,2010,1484,771,1602,80,1086,1072,727,579,34,1169,801,1964,275,19
1640: 695,1163,1930,2017,968,544,1632
946: 
1486: 
948: 
1998: 
1822: 464,2008,1381,673,1159,1391,1819,1380,473,1022,409,254,121,1600,1248,1894,1201,741,1191,1451
951: 
952: 
1990: 809,1082,1026,1244
954: 
955: 
956: 
1830: 1769,1203,1185
958: 30,722,133,1616,1753,1281,1243,561,1017,299,437,117,358,467,1339,1403,2001,375,356
1959: 
960: 
2000: 1387,916,660,644,863,524,1844,1748,236,1806,1455,54,197,298,195,1549,844,1113
1453: 
963: 
1958: 978
965: 
966: 
1763: 2003,1213,857,610,629,323,1674,1014,1471,1036,1638,1240,1170,1708,2002,933,335,1294,737,1944,1027,793
968: 695,1163,1930,1640,1882,2017,544
969: 
970: 798,1414,670,607,1245,993,1838,1976,1739,474,1952,828,1666,1892,78,1749,61,1296,2005,850,868,1007,638,777,1878,748,557,65,1633,465,1458
1356: 
972: 1901,74,2006,1698,2007,249,1665,841,1039,1758,1910,842,1161,1079
1600: 464,2008,1381,673,1159,1822,1819,473,1022,409,1482,254,1248,325,1191
1285: 1283,2011,1845,731,1849,790,492,218,1860,1559,923
1782: 
1643: 
977: 374,1429,516,168,1775,690
978: 1958,1252
979: 1659
1289: 
981: 1969,1016,287,917,621,1167,2016,1368,1048,1363,53,1715,712,1584,44
982: 930
983: 
1687: 466,173,2015,547,1011,826,89,997,315,656,1533,751,1198,1569,1019,1865,676,1876,140,2013,1266,339,1230,1855,102,1828,179
1664: 
1862: 
1866: 45,1445,1705,1111,1902,1609,1200,2014,1457,1,193,66,470,1720,1146,478,1004,385,1047,1166
1498: 1956,1106
1519: 1254,928
990: 372,33,152
2015: 466,202,173,547,1011,826,89,997,315,72,656,1533,751,1198,1569,1019,1865,941,676,1876,140,2013,1687,1266,339,1230,1855,102,1044,1828,179
992: 
993: 798,1414,670,607,1245,1838,1976,1739,474,1952,970,28,1666,1892,78,2005,850,638,557,65,1633,465,1458
994: 
995: 
996: 
997: 466,173,2015,547,1011,826,315,1533,751,1198,1569,1019,1865,676,1876,140,2013,1687,339,1230,1855,102,179
998: 230,546,2019,763,446,1147,282,1342,703,615,1734,18
999: 1592,1953,935
1819: 464,2008,1381,673,1159,1822,1380,473,1022,409,254,1526,1600,1248,1894,325,1201,741,1191
1794: 1637
1002: 
1483: 
1004: 1546,45,1866,1902,1609,1338,1548,2014,1457,1,800,1208,1393,1069,193,66,1229,431,825,470,1720,385,1047,1166,1683,1975,704,1597,1099
1610: 1315,1268
1703: 16
1007: 1892,78,1749,61,1296,2005,850,868,638,777,1878,748,1255,828,970
1554: 
1009: 
1010: 
1011: 466,202,173,2015,547,826,89,997,315,72,656,1533,751,1569,1019,1865,676,1876,140,2013,1687,1266,339,1855,102,1044,1828,179
1442: 1256
1441: 
1014: 2003,1213,857,1763,610,629,323,1674,1843,1471,1036,1638,1240,1170,1708,2002,487,588,933,1103,1294,737,1944,793
1015: 
1016: 1984,1969,981,287,917,1167,2016,1368,1048,1363,53,319,1715,1250,712,1797,1584,44,1926
1017: 30,722,133,1753,1281,1243,561,958,437,117,1120,358,467,1897,1339,1403,1934,2001,356
1018: 1056,2004,617,571,1097,166,1434,1961,536,329,303,11,1426,529,460,1389,1236,1448,1942,114,1410,520,1422,523,1788
1019: 466,2015,547,1011,826,89,997,315,72,656,1533,751,1198,1569,1865,676,1876,140,2013,1687,1266,1230,1855,179
1020: 
1412: 759,106,402,377,274
1022: 2008,1381,673,1159,1822,1819,1380,473,409,254,1526,121,1600,1248,1894,325,1201,741,1191,1807
1023: 747,1126,1918,592,477,1523,926,1071,2009,1293,586,1278,1780,1658,662,1083,1647,1428,1145,461,594
1024: 
1025: 230,546,620,2019,763,1912,1765,1510,1867,1342,703,1171,1034,615,1491,1746,1734,1799,18,1495
1026: 809,1082,1990,1244
1027: 1944,793,1153,2003,1213,857,1763,610,1674,1471,1036,1170,1708,2002,933,335,1294,737
1028: 
1621: 1268
1030: 
1375: 
1770: 
1033: 
1034: 230,546,620,2019,763,1912,1025,1765,1510,1867,1342,703,1171,615,1491,1734,1799,18,1495
1854: 1149,1239,1885,2012,1100,262
1036: 2003,1213,857,1763,610,629,323,1674,1843,1014,1471,1638,1240,1170,1708,2002,487,588,1676,933,335,1294,737,1944,1027,793,1153
1037: 906,157
1038: 1873
1039: 1901,74,2006,1698,972,2007,249,1665,841,1758,1910,842,1161,1079
1040: 1462
1041: 131,215,754,832
1521: 
1043: 1210
1044: 202,173,2015,547,1011,826,315,656,1198,941,676,1876,140,2013,1266,339,102,1828,179
1437: 
1046: 752,2003,857,610,1843,1471,1638,2002,487,1676,933,1103
1047: 45,1445,1866,1111,1902,1609,1338,1200,2014,1457,1,800,1208,193,66,431,825,470,1720,1004,385,1166,1975,1597,1099
1048: 1984,981,1016,287,634,917,621,1167,2016,1368,1363,53,319,1715,712,44
1359: 
1050: 
1051: 724,416
1052: 
1053: 430,1129,384,508,2010,1420,1556,1484,771,1752,1602,80,1086,1831,1072,727,579,34,801,1641,1531,32,1964,275,1717,19
1054: 
1055: 1827
1056: 2004,617,571,1097,166,1434,1961,536,11,1426,529,1018,1981,460,1389,1236,1448,1500,1942,114,1410,1422
1620: 
1487: 
1059: 1932,1431,922,309,1887,135,100,2018,1550,1469,387,1645,773
1060: 551,1840
1908: 1632,695,1163,1930,1882,2017,1718,544
1349: 1949
1741: 
1655: 
1820: 
1066: 1130,92
1067: 
1068: 76,1919
1069: 1546,310,1902,1609,1338,1548,2014,1,800,1393,66,1229,431,825,812,478,1004,385,1166,1683,1975,704
1638: 2003,1213,857,1763,610,629,1674,1843,1014,1471,1036,1240,1170,1708,2002,487,588,1676,933,1103,335,1294,793,1153,752,1046
1071: 1126,592,477,1102,503,2009,1293,586,1278,1780,1658,1023,1428,1145,594
1072: 430,1129,384,1053,508,2010,1291,1420,1484,771,1602,80,1831,579,1169,650,801,1347,328,1531,1691
1073: 
1556: 430,1129,384,1053,508,2010,1420,771,1752,1602,1086,34,1641,32,1964,1717,1101,19
1075: 
1076: 
1077: 1560,619,1623,1388
1841: 
1079: 1901,74,2006,1698,972,2007,249,1665,841,1039,1758,1910,842,1161
1956: 1106,1498
1783: 
1082: 809,1026,1990,1244
1083: 747,1126,1918,592,477,926,2009,1278,1658,662,1023,1647,461
1438: 1095
1925: 1502
1086: 430,1129,384,1053,508,2010,1420,1556,771,1588,1752,1602,80,727,579,34,1641,1531,1964,275,1717,427,1101,19
1305: 3,182
1697: 
1932: 1431,1059,922,309,1887,135,100,2018,1550,387,1645,773
1090: 12,1688
1091: 819
1092: 1898
1093: 1177
1290: 
1095: 1438
1096: 
1097: 1056,2004,617,571,166,1434,1961,536,329,1863,303,11,1426,529,1018,1981,460,1389,1236,1448,1942,1410,520
1098: 260,574
1099: 1597,704,1609,1338,1548,2014,1457,1208,1229,431,825,1004,385,1047,1166,1683,1975
1100: 756,176,2012,450,1292,1142,421,566,1327,1834,262,1149,1885,284,560,1854
1101: 384,508,2010,1556,1588,1752,1086,727,34,1641,1964,19
1102: 1126,1918,592,477,503,926,1071,2009,586,1780,1658,662,1145,594
1103: 2003,1213,857,610,1843,1014,1471,1638,2002,487,588,1676,933,1294,793,1153,752,1046
1104: 
1775: 374,1429,516,977,168
1106: 1956,147,1498
1909: 
1108: 
1109: 
1110: 
1111: 45,1445,1705,1866,1902,1200,2014,1457,1,800,193,66,812,470,1720,1146,478,385,1047,1166
1112: 
1113: 298,195,1549,844,1387,2000,916,644,524,1844,236,1806,1455,54,197
1114: 2008,673,1159,1555,1271,353,1391,1380,409,1261,254,1759,1526,401,121,1257,1894,325,1201,661,1807,281,1451
1115: 
1304: 400,1756,1580,531,498,1241
1117: 1744,598,1890
1118: 360,1933
1720: 45,1445,1705,1866,1111,1902,1609,1338,1200,2014,1457,1,800,1208,193,66,431,825,812,470,1146,478,1004,385,1047,1166,1597
1120: 30,722,133,1753,1281,1243,1017,467,1403,1934,2001,356
1121: 1136,690
1529: 
1123: 
1124: 
1834: 756,176,1682,542,2012,450,1292,1225,1142,421,1100,566,1327,262,1149,291,1474,1239,1885,284,560,495,1408
1126: 747,1918,592,477,1102,503,926,1071,2009,1293,586,1278,1780,1658,662,1083,1023,1647,1428,1145,461,594
1127: 
1345: 68,1313
1129: 430,384,1053,508,2010,1291,1420,1556,1484,771,1752,1602,80,1086,1831,1072,579,1169,650,801,1347,328,1531,93,32,1964,275,1691,1713,295,427
1130: 1066,92
1131: 1824
1512: 
1133: 
1336: 
1809: 912,50,208
1136: 1121,690
1853: 397
1831: 430,1129,1053,508,2010,1291,1420,1484,771,1602,80,1072,579,1169,650,801,1347,328,32,1964,1691,1713,427
1873: 488,1038
1140: 
1141: 
1142: 756,176,205,1682,542,2012,450,1292,1225,421,1100,566,1327,1834,262,1149,1239,1885,560,1408
1143: 
1144: 915
1145: 1126,592,1102,503,926,1071,2009,586,1658,662,1023,1428,594
1146: 45,1445,1705,1866,1111,1902,1200,2014,1,1393,66,812,470,1720,478,385
1147: 230,546,620,2019,763,446,282,998,1765,1867,1342,703,1401,376,615,296
1777: 
1149: 291,1239,1885,284,560,495,1854,1408,756,2012,450,1292,1142,1100,1834,262
1150: 
1151: 
1152: 
1153: 1944,1027,793,752,2003,1213,857,610,1674,1471,1036,1638,1170,2002,487,588,1676,933,1103,335,1294
1748: 1387,2000,916,644,863,524,1844,236,1806,1455
1155: 
1156: 
1863: 2004,617,1097,1434,1961,536,329,303,11,1236,1448,1410,520
1369: 
1159: 464,2008,1381,673,1391,1822,1819,1380,473,1022,409,254,1759,1526,401,121,1600,1248,1894,325,1201,741,1191,661,1807,1114,281
1160: 
1161: 1901,74,2006,1698,972,2007,249,1665,841,1039,1758,1910,842,1079
1162: 
1163: 695,1930,1640,1882,2017,1718,968,544,1632,1908
1818: 641,1514
1165: 
1166: 45,1445,1866,1111,1902,1609,1338,2014,1457,1,1208,1393,1069,193,66,1229,431,825,470,1720,1004,385,1047,1683,1975,1597,1099
1167: 1984,981,1016,287,634,917,621,2016,1048,1363,53,319,1715,1250,1584
1168: 
1169: 430,1129,384,2010,1291,1602,80,1831,1072,579,650,801,1347,328,1531,93,275,1691,1713,295,427
1170: 2003,1213,857,1763,610,629,323,1674,1014,1471,1036,1638,1240,1708,2002,588,933,335,1294,737,1944,1027,793,1153
1171: 230,620,2019,763,1912,1025,1765,1510,1867,1034,1401,376,615,296
1172: 
1602: 430,1129,384,1053,508,2010,1291,1420,1556,1484,771,1752,80,1086,1831,1072,579,34,1169,650,801,1347,328,1641,1531,32,1964,275,1691,1717,427,19
1668: 889,1443
1901: 2006,1698,972,2007,249,1665,841,1039,1758,1910,842,1161,1079
1582: 
1177: 456,1921,1093
1433: 584
1361: 
1513: 1935
1981: 1056,2004,617,1097,166,1434,536,11,1426,460,1500,1942,1410
1294: 2003,1213,857,1763,610,629,323,1674,1843,1014,1471,1036,1638,1240,1170,1708,2002,487,588,1676,933,1103,335,737,1944,1027,793,1153
1183: 1450
1184: 
1185: 1830,1769,1203
1387: 2000,916,660,644,863,524,1844,1748,236,1806,1455,54,197,298,195,1549,1113
1380: 2008,1381,1159,353,1822,1819,473,1022,409,1261,254,1759,1526,401,121,1248,1894,325,1201,741,1191,661,1807,1114,281,1451
1308: 1973,1802
1566: 603
1190: 
1191: 2008,1381,673,1159,1822,1819,1380,473,1022,409,254,1526,121,1600,1248,1894,1201,741,1807,281,1451
1192: 
1193: 
1700: 
1607: 
1456: 
1197: 
1198: 202,2015,547,826,89,997,315,72,656,1569,1019,941,676,1876,140,2013,1687,1266,339,1230,1855,102,1044,1828,179
1199: 
1200: 1546,45,1445,1705,1866,1111,1902,1338,2014,1,800,193,66,825,812,470,1720,1146,478,385,1047
1201: 2008,1381,673,1159,1555,353,1391,1822,1819,1380,1022,409,1261,254,1759,1526,401,121,1248,1894,741,1191,661,1807,1114,281,1451
1679: 83
1203: 1830,1769,1185
1637: 1794
1205: 681,493
1206: 
1592: 1953,935,999
1208: 1546,1902,1609,1338,1548,2014,1457,1,800,193,1229,431,825,470,1720,1004,385,1047,1166,1683,1975,704,1597,1099
1951: 
1210: 1043
1358: 
1212: 
1213: 2003,857,1763,610,629,323,1674,1014,1471,1036,1638,1240,1170,1708,2002,487,588,933,1103,335,1294,737,1944,1027,793,1153
2013: 466,202,173,2015,547,1011,826,89,997,315,72,656,1533,751,1198,1569,1019,1865,941,676,1876,140,1687,1266,339,1230,1855,102,1044,1828,179
1215: 
1351: 
1217: 
1218: 576,1398
1459: 
1495: 1491,1746,1734,1799,18,230,546,620,2019,763,1912,282,1025,1765,1510,1867,1342,703,1034
1946: 1614,1787,1677,663
1365: 
1223: 1247,258
1224: 1914
1225: 756,176,205,1682,542,2012,450,1292,1142,421,566,1327,1834,560,1408
1226: 432
1227: 
1327: 756,176,205,1682,542,2012,450,1292,1225,1142,421,1100,566,1834
1229: 1902,1609,1548,2014,1457,1208,1069,431,825,1004,385,1166,1683,1975,704,1597,1099
1230: 2015,826,997,315,1533,1198,1569,1019,941,676,1876,140,2013,1687,1266,339,1855,102,179
1717: 1053,508,2010,1420,1556,771,1588,1602,1086,727,34,1641,1964,19
1232: 
1837: 1626,472,1584,1618,44,1926,287,634,2016,1368,319,1715,1250
1234: 
1913: 
1236: 1056,2004,617,571,1097,166,1961,536,329,1863,303,11,1426,529,1018,460,1389,1448,1942,114,1410,520,523,1788
1329: 
1924: 
1239: 1149,291,1885,284,560,495,1854,1408,756,2012,1292,1142,1834,262
1240: 2003,1213,857,1763,610,629,323,1674,1014,1036,1638,1170,1708,2002,588,1294,737
1241: 400,1756,1580,531,498,1304
1401: 230,620,2019,763,446,1147,1765,1867,1171,376,615,296
1243: 30,722,133,1753,1281,958,1017,437,1120,467,1339,1403,1934,2001,356
1244: 1082,1026,1990
1245: 798,1414,670,607,993,1838,1976,1739,474,1952,970,1892,61,2005,638,1878,748,557,1255
1627: 
1247: 258,1223
1248: 464,2008,1381,673,1159,1391,1822,1819,1380,473,1022,409,1482,254,121,1600,1257,1894,325,1201,741,1191
1474: 291,284,560,495,1408,542,2012,450,1834
1250: 1984,1016,287,634,917,1167,2016,1368,1363,53,319,1715,472,1584,1837,44,1926
1251: 1813
1252: 978
1597: 1099,45,1445,1609,1338,2014,1457,1,1208,193,1229,431,825,1720,1004,385,1047,1166,1975
1254: 1519,928
1255: 1749,61,2005,850,1007,638,748,798,1414,670,1245,474
1256: 1442
1257: 464,2008,1381,673,1271,1391,409,1482,254,1759,401,121,1248,1894,325,1114
1258: 
1259: 
1260: 539
1261: 2008,673,1555,353,1391,1380,409,254,1759,401,121,1894,1201,741,661,1807,1114,281,1451
1979: 
1518: 
1264: 
1645: 1469,387,773,1932,1431,1059,922,309,1887,135,100,2018,1550
1266: 466,202,2015,547,1011,826,89,315,72,656,1198,1569,1019,941,676,1876,140,2013,1687,339,1230,1855,1044,1828,179
1267: 
1268: 1621,1315,1610
1269: 1711,1612,1506,1573
1915: 
1271: 464,2008,1381,673,1391,409,1482,254,1759,401,1257,325,661,1114
1272: 
1943: 
1274: 
1603: 
1276: 
1277: 
1278: 747,1126,1918,592,477,1523,1071,2009,1293,586,1780,1658,662,1083,1023,1647,1428,461,594
2010: 430,1129,384,1053,508,1291,1420,1556,1484,771,1588,1752,1602,80,1086,1831,1072,727,579,34,1169,650,801,1347,328,1641,1531,93,32,1964,275,1691,1717,1713,295,427,1101,19,1300
1280: 
1281: 30,722,133,1753,1243,561,958,1017,299,437,117,1120,467,1339,1403,1934,2001,356
1894: 464,2008,1381,673,1159,353,1391,1822,1819,1380,473,1022,409,1261,254,1759,1526,401,121,1248,1257,325,1201,741,1191,661,1807,1114,281,1451
1283: 2011,778,1845,731,1849,790,492,218,1860,1559,1285
1875: 