1758: 
1: 1229,1546,1146,1338,812,431,2014,1609,825,1683,1457,704,1069,707,1111,1393,1047
2: 400,645,1787,743,238
3: 43,1178
1803: 840
1926: 287,2016,1618,1368,1048,1167,1250,1715,53,1626,621,712,981,634
6: 
7: 869,1087
1797: 
9: 333
10: 
11: 460,1942,303,1863,166,1426,1389,523,1410,617,1097,2004,1448
12: 907
1756: 388,1290
1865: 315,202,102,1230,2015,676,1198,1019,826,1855,547,2013,1044,1569,1011,1533,173
15: 951,1444
16: 
17: 679,1189
18: 
19: 32,2010,34,727,1101,1484,1531,508,1086,1556,430,1053,1169,1717,1641,1964
20: 
21: 1024
22: 
23: 
24: 
25: 1581,1566
26: 979,715
1910: 1698,972,2007,2006,1039,1161,249,74
28: 613,78
29: 
30: 1954
31: 603
32: 19,2010,34,727,1101,1484,1531,508,1086,1556,430,1053,1169,1717,1752,1641,1964
33: 
34: 19,32,2010,727,1101,1484,1531,508,1556,430,1169,1717,1752,1641,1964
35: 
36: 
37: 
38: 882
39: 
40: 
41: 559,1417
42: 
43: 1178,51,1982,787,3
44: 981,1363,634,1584,917,1016,2016,1618,1368,1167,1250,53,1626,621,712
45: 1748,175
46: 1320
1759: 429,1280
48: 
49: 
50: 982,605
51: 43,1982,787
52: 1317,279
53: 287,2016,1618,1368,1048,1167,1250,1926,1715,319,1626,621,712,981,1363,634,1584,917,44,1016
54: 2000,1455,644,1667,1387,844,197,524,660,195,236,916
55: 
56: 1837
1860: 
58: 410
59: 928
60: 
61: 828,1255,646,1952,474,1007,1838,798,1878,2005
62: 
63: 
64: 
65: 1633,798,1245,1749,868,1414,993,465,1390,1878,2005,850,1255,1458,474,638,1838
66: 1229,1099,1338,812,431,2014,825,1683,1548,1457,704,1069,1597,707,1200,385,1166,193
67: 
68: 
69: 1286
1715: 2016,1618,1368,1048,1167,1926,53,1626,621,712,981
71: 
72: 315,102,2015,676,1198,1019,826,1855,1266,547,2013,1044,1569,1011,1533,173
73: 751,1876
74: 1698,972,2007,1910,2006,1039,1161,249,1665
75: 
76: 
77: 1701,1825
78: 142,1491,28
1832: 
80: 
81: 490,1925,534,726
82: 965
83: 
1989: 
85: 1781,1661,1561,1705
86: 1915,1215
87: 
88: 
89: 
90: 
1718: 695,1908,2017,1640,1882,1930,968,544
92: 1590,1567
93: 132
94: 
95: 184,1031,1810,1921
1916: 1554,625
97: 
98: 
99: 
100: 773,1550,135,309,2018,1469,922,387
101: 
102: 315,202,2015,676,1198,1019,826,72,1855,1266,547,2013,1044,1569,1533,173,1865
103: 
104: 1172,1839
105: 1874
106: 
1774: 
108: 
109: 
110: 
111: 
112: 
1754: 254,1483
114: 1981,1695,1426,1389,1056,529,520,1410,617,1236,1097,2004,460,1018,1422,1863,1054
1701: 1825,77
116: 322
117: 860,2001,467,1753,1075,1538,1281,1934,375,1897,1943,685,1058,1616,1337,437,722
1682: 
119: 
120: 
121: 281,1391,1191,2008,1482,661,1114,741,409,325,401,1248,1322,1271,1894
122: 225
123: 
124: 
125: 
126: 1301,1777
127: 969
128: 
129: 1628
130: 659
131: 
132: 93
133: 532,783,711
134: 
135: 773,1550,309,2018,1469,100,922,387,1887,1932
136: 905,188,217
137: 
1707: 1442,1506,983,930
139: 1296
140: 
141: 
142: 1491,78
1787: 400,645,2,743,238
144: 
1842: 
146: 753,1106,294
147: 
148: 
1801: 
150: 1497,1467
151: 
152: 
153: 1325,533,1064,1345
1768: 
155: 1811,334
156: 210,1406
157: 1276,1247,394
158: 
159: 859
160: 1441,1805
1753: 860,2001,467,1075,117,1538,1281,561,1934,375,1943,685,1058,1616,1428,1228,1337,356
162: 
163: 681,1168
164: 
165: 
166: 460,1942,303,11,1863,1389,523,1410,1097,2004,1448
167: 
168: 
169: 
170: 
1828: 
172: 
173: 315,202,102,1230,2015,676,1198,1019,826,72,1855,1266,547,2013,1044,1569,1011,1533,1865
2004: 1981,1695,1426,1389,1056,529,520,1434,523,1410,114,617,1236,1788,1097,1448,460,329,1942,1018,1422,303,11,1863,166,1054
175: 1748,45
176: 1408,756,1100,1292,262,284,1834,291,566,2012,495,1854,205,1225,450,1149,1885
1767: 1404
178: 
179: 1104,656
2003: 1471,1027,1843,1170,629,1294,1638,588,793,610,1046,2002,1036,933,1103,857,1674,323,1240,1944,752,1213,1153,737,1708,1763
2002: 1471,1027,1843,1170,629,1294,1638,588,793,610,1046,1036,933,1103,2003,857,1674,323,1240,1944,752,1213,1153,737,1708,1763
182: 
183: 522
184: 95,1031,1810,1921
185: 
186: 
2008: 1191,1261,1482,661,1114,1822,741,409,1555,325,1600,1159,1451,401,1248,1257,1526,1322,1271,1894,121,281,1391
188: 136,905,217
1813: 1190
1878: 1633,798,1245,993,465,65,1666,2005,850,1255,61,1458,474,1007,638,1838
191: 1901,413,469
192: 
193: 1200,385,1902,310,1166,1099,1146,66,2014,825,1683,1457,704,1069,1597,1111,1393,1047
194: 
195: 2000,1455,644,54,472,1844,1667,1387,844,197,524,660,236,916
196: 
197: 2000,1455,54,472,1844,1667,1387,524,195,236
198: 1652,774,208,1234
199: 
200: 
201: 
202: 315,102,1230,2015,676,1198,1019,1855,547,2013,1044,1569,1011,1533,173,1865
203: 
204: 
205: 1408,756,262,284,1834,291,566,2012,1854,176,1149
206: 
1779: 
208: 1234,1652,198
209: 1030
210: 705,1406,156
211: 
212: 
213: 1651
214: 1519
215: 
1740: 1421,1721,637
217: 136,905,1305,188
218: 1976
219: 
220: 
2001: 860,467,1753,1075,117,1538,1281,561,1934,375,1897,1943,685,1058,1616,1428,1228,1337,437,356,722
222: 
223: 965
224: 301,1841
225: 122
226: 1380
227: 407
228: 1719
229: 
230: 
231: 1807
232: 
233: 
1693: 372
235: 
236: 2000,1455,54,472,1844,1667,1387,844,197,524,660,195
237: 1115,897
238: 400,645,2,1787,743
239: 
240: 
241: 
242: 
243: 493
244: 1331,1734,946,771
245: 
246: 525
247: 
1719: 228
249: 1698,972,2007,1910,2006,1039,1161,74,1665
250: 
251: 1462,911,1560,934
1780: 1102,1083,1658,2009,1647,477,747,1523,926,461
1799: 278,1512
254: 1754,1483
255: 
256: 
257: 886
258: 
259: 1677
260: 551,1726,1769
261: 609,280,307
262: 1408,756,1100,1292,284,1834,291,566,2012,495,1854,205,1225,176,450,1149
263: 1216,1720
264: 
265: 1361,1220
266: 1472,855,1490
267: 
268: 
269: 675
270: 
271: 1137
1914: 484
273: 
274: 
275: 
276: 
277: 814,300,1836
278: 1799,1512
279: 1317,52
280: 609,261,307,1379
281: 121,1391,1191,2008,661,1114,741,325,1600,1159,401,1248,1322,1271,1894
282: 296,1171,376,1912,1025,1401,1765,2019,620,446,1147,546,615,1034
1962: 
284: 1408,756,1100,262,1834,291,566,2012,495,1854,205,176,450,1149
285: 1033
286: 1975
287: 2016,1618,1368,1167,1250,1926,53,319,621,712,634,917
288: 1258,1105,526
289: 360
290: 572,678
291: 1408,756,1100,1292,262,284,1834,566,2012,495,205,176,450,1149
292: 
293: 
294: 753,1106,146
295: 
296: 1171,376,1912,282,1401,1765,2019,446,1147,615
297: 1306
298: 
299: 
300: 814,1836,277
301: 224,1841
302: 698
303: 460,329,1942,1018,1422,11,1863,166,1054,1695,1426,617,1097,2004,1448
304: 
1795: 481,819
306: 
307: 609,261,280
308: 
309: 773,1550,135,2018,1469,100,922,387,1645,1887,1431
310: 1200,898,385,1902,1166,193,2014,1683,704,1597,1111,1393,1047
311: 
312: 
313: 480,999
1930: 695,1718,1908,2017,1640,1882,968,544
315: 202,102,2015,676,1198,1019,826,72,1855,1266,547,2013,1044,1569,1011,1533,173,1865
316: 1180,734
317: 
318: 
319: 287,2016,1250,53,621,712,634,1584,917
1974: 
321: 
322: 116
323: 1471,1027,629,1638,793,1046,2002,1036,1103,2003,1674,1708
1806: 
325: 1191,2008,1482,661,1114,741,409,1600,1159,401,1248,1526,1322,1271,1894,121,281,1391
326: 1970
327: 1588,973
328: 
329: 460,1942,1018,1422,303,1863,1054,1695,1410,2004
330: 
331: 
332: 
333: 9
334: 1811,155
335: 
1991: 
337: 
338: 
339: 
1755: 
341: 
342: 
343: 1090,632,1329
1695: 1981,1426,1056,529,520,1410,114,617,1236,1097,2004,460,329,1018,1422,303,1863,1054
345: 
346: 1814
347: 1502,1304,498,851
1903: 
1838: 828,1255,646,61,1458,474,1007,638,1633,798,1245,868,1414,993,465,65,1666,1878,2005,850
350: 
351: 
352: 
353: 426,1402
354: 1206
355: 580
356: 1228,860,2001,467,1753,375,1058,1428
357: 
358: 914
359: 
360: 289
361: 1289
1968: 
363: 
364: 
1835: 1980,902,1098
1892: 798,1749,1414,993,465,1666,1390,2005,850
1826: 
1984: 
369: 1021,780
370: 
371: 977,952
372: 1693
373: 
374: 1123,954,984
375: 860,2001,467,1753,1075,117,1281,561,1934,1943,1058,1616,1428,1228,356
376: 296,1171,1912,282,1025,1401,1765,2019,620,446,1147,546,615
377: 1109,1650,992
378: 1095
379: 
380: 
1966: 1493
382: 
383: 1583,1623
384: 1370,710,1342
385: 1200,898,1902,310,1166,193,1099,66,812,2014,825,1683,1457,704,1597,1111,1393
386: 602,970
387: 773,1550,135,309,2018,1469,100,922,1645,1887,1932,1431
388: 1756,1290
389: 
390: 
391: 
392: 581,1224,1392
1980: 1835,902,1098
394: 157,1276,1247
395: 
396: 
397: 1182
398: 555,1118
399: 487
400: 645,2,1787,743,238
401: 1191,2008,1261,1482,661,1114,1822,741,409,1555,325,1600,1159,1451,1248,1257,1526,1322,1271,1894,121,281,1391
402: 1121
403: 717,843
1961: 
405: 1463,1442
406: 
407: 227
408: 
409: 1191,2008,1261,1482,1114,1822,741,1555,325,1600,1159,1451,401,1248,1257,1526,1322,1271,1894,121
410: 58
411: 1055
412: 
413: 1901,191,469
414: 935
1709: 
416: 
417: 
1751: 
419: 
420: 1817,1437,679
421: 1142,1327
422: 1068,1537
423: 
424: 616
425: 
426: 353,1402
427: 1299,1864
428: 1696
429: 1759,1280
430: 19,32,2010,34,727,1101,1484,1531,508,1556,1169,1717,1752,1964
431: 1229,1546,1146,66,1338,812,2014,1609,825,1683,1548,1457,704,1069,1597,1,707,1111,1393
432: 996
433: 
434: 
1723: 1057,1820,906
436: 879
437: 1337,722,2001,117,1538,1281,1934,1897,685,1616
438: 
1827: 1530
440: 
1986: 
442: 
443: 1631
444: 
445: 
446: 296,1171,376,1912,282,1025,1401,1765,2019,620,1147,546,615,1034
447: 
2006: 1698,972,2007,1910,1039,1161,249,74,1665
449: 
450: 1100,1292,262,284,1834,291,2012,495,1225,176,1149
451: 
452: 
1752: 1053,1169,1717,1964,32,2010,34,727,1531,508,1556,430
454: 
455: 
456: 1330,499
457: 1617
1825: 1701,77
1897: 2001,1075,117,1538,1281,1934,1943,685,1616,1337,437,722
460: 329,1942,1018,1422,303,11,1863,166,1054,1981,1695,1426,1389,523,1410,114,617,1097,2004,1448
461: 747,1523,926,1278,1658,2009,1120,1023,503,1918,586,1071,1647,477,592,1780,1102
462: 
1811: 155,334
464: 
465: 1633,798,1245,1749,1892,868,1414,993,65,1666,1390,1878,2005,850,1458,474,1007,638,1838
466: 
467: 860,2001,1753,1075,117,1281,561,1934,375,1943,1058,1616,1428,1228,1337,356
468: 841,795
469: 1901,191,413
470: 791,600
1864: 1299,427
472: 2000,1455,1844,1667,1387,197,524,195,236
473: 1362
474: 828,1255,646,61,1458,1952,1007,638,1838,1633,798,1245,465,65,1878,2005
1902: 1200,898,385,310,1166,193,1099,2014,1683,1457,704,1597,1111,1393,1047
476: 
477: 2009,1120,1023,503,1145,1918,586,662,1071,1647,592,1278,1083,1658,1780,1102,747,1523,926,461
478: 
479: 1499,1732
480: 808,999,1475,1227,313
481: 819,1795
1937: 
1882: 695,1718,1908,2017,1640,1930,968,544
484: 1914
485: 
486: 948
487: 399
488: 
1928: 
490: 81,1925,534,726
1851: 1260
492: 1285,923,731,2011,1845,1559
493: 243
494: 
495: 1100,1292,262,284,1834,291,2012,1225,176,450,1149
1688: 
1845: 1285,923,731,492,2011
498: 1304,851,1502,347
499: 1330,1544,456
500: 1627
501: 
1810: 1031,1921,95,184
503: 2009,1120,1023,1145,1918,586,662,1071,1647,477,592,1278,1102,926,461
1993: 576
2017: 695,1718,1908,1640,1882,1930,968,544
506: 1612,666,1956,1375,1269
507: 
508: 19,32,2010,34,727,1101,1484,1531,1086,1556,430,1053,1169,1717,1752,1641,1964
509: 
510: 
511: 1620,966
512: 
513: 521
1805: 1441,160
2011: 1285,923,731,492,1845,1559
516: 585
1881: 1488,1610
518: 
519: 1614
520: 1981,1695,1426,1389,1056,529,1410,114,1236,1788,1097,2004,1863
521: 513,1038
522: 183
523: 1389,529,617,1788,1097,2004,1448,460,11,1863,166
524: 2000,1455,644,54,472,1844,1667,1387,844,197,660,195,236
525: 246
526: 1258,1105,288
527: 
528: 
529: 1981,1695,1426,1389,1056,520,523,114,617,1236,1788,1097,2004,1448,1863,1054
530: 
531: 
532: 133,783,711
533: 1325,1064,1345,153
534: 726,1925,490,81
1692: 1192,652
536: 
1744: 
538: 1398
539: 1703,565
1949: 
541: 
542: 
543: 1639
544: 695,1718,1908,2017,1640,1882,1930,968
1824: 
546: 1171,376,282,1401,1765,2019,620,446,1147,615
547: 315,202,102,1230,2015,1198,1019,826,72,1855,1266,2013,1044,1569,1011,1533,173,1865
1760: 599
1739: 
550: 
551: 1726,1769,260
1976: 218
1890: 
554: 
555: 398,1839,1118
556: 761,1804
557: 811
558: 
559: 41
560: 1474
561: 860,2001,467,1753,1075,1538,1281,1934,375,1943,685,1058,1428,1228
562: 
563: 
1954: 30
565: 1703,539
566: 1408,756,1100,262,284,1834,291,2012,1854,205,176,1149,1885
567: 
568: 
1885: 1408,756,1100,1292,1834,566,2012,1854,1225,176
570: 
571: 
572: 678,290
573: 1460,1067,1659
574: 
1680: 
576: 1993
577: 
578: 596,832,1249
579: 
580: 355
581: 392,1224
582: 
583: 1385
584: 
585: 516
586: 2009,1120,1023,503,1145,1918,662,1071,1647,477,592,1278,1083,1658,1102,461
587: 
588: 1471,1170,1294,1638,793,610,1046,2002,1036,933,1103,2003,857,1240,1944,752,1213,1153,737,1708,1763
1829: 
1696: 428,1808
1953: 942,655,1130,1066,1796
592: 2009,1120,1023,503,1145,1918,586,662,1647,477,1278,1083,1658,1102,461
593: 839,962
594: 1994
1712: 
596: 578,832,1249
597: 
598: 1990
599: 1760
600: 791,470
1711: 1174
602: 386,970
603: 31
604: 
605: 982,50
606: 
607: 
1867: 908,806
609: 261,280,307,1379
610: 1471,1170,1294,588,793,1046,2002,933,1103,2003,1944,1213,1153,737,1708,1763
611: 1580
1726: 551,1769,260
613: 848,1629,28
614: 880,947
615: 296,1171,376,282,1401,1765,2019,620,446,1147,546
616: 424
617: 1695,1426,529,523,114,1097,2004,1448,460,1422,303,11,1863,1054
618: 
619: 
620: 376,282,1401,2019,446,1147,546,615
621: 287,2016,1618,1368,1048,1167,1250,1926,1715,53,319,1626,712,981,1363,634,1584,917,44,1016
622: 
1812: 1591
624: 
625: 1554,1916
626: 1792
2009: 1120,1023,503,1145,1918,586,662,1071,1647,477,592,1278,1083,1658,1780,1102,747,1523,926,461
628: 
629: 1471,1027,1638,793,1046,2002,1036,1103,2003,1674,323,1708,1763
630: 
1769: 551,1726,260
632: 343,1090,1329
633: 
634: 981,1363,1584,917,44,1016,287,2016,1618,1368,1167,1250,1926,53,319,621,712
635: 
1927: 1879,1736
637: 1421,1721,1740
638: 828,1255,646,1458,474,1007,1838,1633,798,1245,1749,868,1414,993,465,65,1878,2005
639: 
640: 
641: 
1742: 
1855: 315,202,102,1230,2015,676,1198,1019,826,72,1266,547,2013,1044,1569,1011,1533,173,1865
644: 2000,54,1387,844,524,660,195,916
645: 400,2,1787,238
646: 828,1255,61,1458,1952,474,1007,638,1838,1633,798,2005
647: 1382,821
1725: 
649: 1541,1373
650: 1295
651: 1263
652: 1456,1692
653: 
654: 
655: 942,1130,1066,1796,1953
656: 179
657: 
658: 1775
659: 130
660: 2000,1455,644,54,1844,1667,1387,844,524,195,236,916
661: 1191,2008,1114,1822,741,325,1600,1159,1451,401,1248,1526,1322,1894,121,281,1391
662: 2009,1023,503,1145,1918,586,477,592,1278,1083
663: 
664: 
665: 
666: 506,1612,1956,1269
667: 
668: 
669: 
670: 
671: 
1912: 296,1171,376,282,1025,1765,2019,446,1147,1034
673: 
1765: 296,1171,376,1912,282,1025,1401,2019,446,1147,546,615,1034
675: 269
676: 315,202,102,2015,1198,1019,72,1855,2013,1044,1569,1011,1533,173,1865
677: 
678: 572,290
679: 1189,1817,420,17
680: 
681: 163,931
1776: 
683: 
684: 
685: 2001,1753,1075,117,1538,1281,561,1934,1897,1616,1337,437,722
1969: 
687: 
1778: 
1840: 1152
690: 
1694: 
692: 1621,696
693: 
694: 
695: 1718,2017,1640,1882,1930,544
696: 1304,1621,692
1874: 105
698: 302
699: 1300
700: 
701: 
702: 
703: 1272,910
704: 1229,1546,1099,1146,66,1338,812,431,2014,1609,825,1683,1457,1069,1597,1,707,1111,1393,1047,1200,898,385,1902,310,1166,193
705: 210,1406
706: 
707: 1229,1546,1146,66,1338,812,431,2014,1609,825,1683,1548,1457,704,1069,1597,1,1111,1393,1047,898,1166
708: 
709: 
710: 1370,384,1342
711: 532,133,783
712: 287,2016,1618,1368,1048,1167,1250,1926,1715,53,319,1626,621,981,1363,634,1584,917,44,1016
713: 1498
714: 1143,1830
715: 979,26
1876: 751,73
717: 403,843
718: 1946
1944: 1240,752,1213,1471,1843,1170,1294,1638,588,793,610,1046,2002,933,1103,2003,857,1153,737,1763
720: 
721: 
722: 1337,437,2001,117,1281,1897,685,1616
1734: 1331,244,946
724: 
725: 
726: 534,490,81
727: 19,32,2010,34,1101,1484,1531,508,1556,430,1053,1169,1717,1752,1641,1964
1994: 594
1784: 
1704: 1642,1060
731: 1285,923,492,2011,1845
732: 1033
1933: 909,1831,1802
734: 316
735: 
736: 
737: 1153,1708,1763,1944,1213,1471,1170,588,793,610,1046,2002,933,1103,2003
738: 
739: 1504,1303
740: 
741: 1191,2008,661,1114,1822,409,325,1600,1159,1451,401,1257,1526,1322,1271,1894,121,281
742: 1429,1226
743: 400,2,1787,238
744: 
1982: 43,51,787
746: 
747: 1523,926,461,1658,2009,1120,1023,1071,1647,477,1780,1102
748: 
1879: 1736,1927
750: 1785
751: 1876,73
752: 1240,1944,1843,1170,1294,1638,588,793,2002,933,2003,857,1763
753: 1106,294,146
754: 1898
755: 
756: 1408,1100,1292,262,284,1834,291,566,2012,1854,205,1225,176,1149,1885
757: 
758: 
759: 
1684: 
761: 556,1804
762: 
763: 
764: 
765: 
766: 
767: 
1846: 
769: 
1730: 
771: 946,1602,1331,244
772: 1518
773: 135,309,2018,1469,100,387,1059,1645,1887,1932,1431
774: 1652,198
775: 
1880: 
777: 
778: 1283
779: 
780: 1021,369
781: 788
782: 
783: 532,133,711
784: 1364
785: 1925
786: 
787: 43,51,1982
788: 781
789: 1438
790: 
791: 470,600
792: 
793: 1471,1843,1170,629,1294,1638,588,610,1046,2002,1036,933,1103,2003,857,323,1240,1944,752,1213,1153,737,1708,1763
794: 
795: 468,841
796: 912,1043,1394
797: 
798: 1633,1892,868,1414,993,465,65,1666,1878,2005,850,1255,646,61,474,1007,638,1838
799: 
800: 
801: 
1917: 
803: 
1945: 
1919: 
806: 908,1510,1867
807: 
808: 480,999,1475,1227
809: 
810: 
811: 557
812: 1229,1546,1099,1146,66,1338,431,2014,1609,825,1683,1548,1457,704,1069,1597,1,707,1111,1393,1200,898,385,1166
813: 
814: 300,1836,277
815: 
816: 
817: 
818: 
819: 481,1795
1802: 909,1831,1933
821: 1382,647
822: 
1898: 754
824: 1987
825: 1229,1099,1146,66,1338,812,431,2014,1683,1548,1457,704,1069,1597,1,707,1111,1393,1200,898,385,1166,193
826: 315,102,2015,1198,1019,72,1855,1266,547,2013,1044,1533,173,1865
827: 
828: 1255,646,61,1458,1952,474,1007,638,1838,1633,2005
829: 
830: 1351
831: 
832: 578,596
833: 
834: 
835: 
836: 
837: 
2016: 287,1618,1368,1048,1167,1250,1926,1715,53,319,1626,621,712,981,1363,634,1584,917,44,1016
839: 593,962
840: 1803
841: 468,795
842: 
843: 717,403
844: 2000,644,54,1387,524,660,195,236,916
1844: 2000,1455,472,1667,1387,197,524,660,195,236
846: 
1843: 1170,1294,1638,793,2002,2003,857,1240,1944,752
848: 1629,613
849: 
850: 1633,798,1245,1749,1892,868,1414,993,465,65,1666,1390,1878,2005,1838
851: 1304,498,1502,347
852: 
1891: 
1996: 
855: 1472,266,1490
1691: 
857: 1471,1843,1170,1294,1638,588,793,2002,1036,933,1103,2003,1240,1944,752,1763
858: 1517
859: 159
860: 2001,467,1753,1075,117,1538,1281,561,1934,375,1943,1058,1616,1428,356
861: 
862: 
863: 1837
864: 
865: 
1747: 1586
2019: 296,1171,376,1912,282,1025,1401,1765,620,446,1147,546,615,1034
868: 1633,798,1245,1749,1414,993,465,65,1390,2005,850,1458,1007,638,1838
869: 1087,7
870: 
871: 
872: 1136
873: 
874: 
1934: 860,2001,467,1753,1075,117,1538,1281,561,375,1897,1943,685,1058,1616,1228,1337,437
876: 
1852: 
878: 
879: 436
880: 947,614
1887: 1059,1645,1932,1431,773,135,309,2018,922,387
882: 38
2018: 773,1550,135,309,1469,100,922,387,1059,1645,1887,1932,1431
884: 
885: 
886: 257
1836: 814,300,277
888: 
889: 
1698: 972,2007,1910,2006,1039,1161,249,74,1665
891: 1978
892: 
893: 
894: 
895: 
1921: 1031,1810,95,184
897: 237,1115
898: 385,1902,310,1166,1546,812,2014,1609,825,1683,704,1597,707,1111,1393,1047
899: 
1714: 
901: 1136,1357
902: 1835,1980,1098
903: 
904: 
905: 136,1305,188,217
906: 1057,1820,1723
907: 12
908: 1510,806,1867
909: 1831,1933,1802
910: 1272,703
911: 251,1462,934
912: 796,1043
1676: 1339
914: 358
915: 
916: 2000,644,54,1387,844,660,195
917: 981,1363,634,1584,44,1016,287,2016,1368,1250,53,319,621,712
918: 
919: 
920: 
1900: 1809
922: 1550,135,309,2018,100,387,1887,1932
923: 1285,731,492,2011,1845,1559
924: 
925: 
926: 747,1523,461,1083,2009,1120,1023,503,1071,1647,477,1780,1102
1788: 1056,529,520,1434,523,1097,2004
928: 59
929: 
930: 983,1707
931: 681
932: 1302
933: 1471,1170,1294,1638,588,793,610,1046,2002,1036,1103,2003,857,1240,1944,752,1213,1153,737,1708,1763
934: 251,1462,911,1560
935: 414
936: 
937: 
938: 
939: 
1804: 761,556
941: 
942: 655,1130,1066,1796,1953
1746: 
944: 
945: 
946: 771,1331,1734,244
947: 880,614
948: 486
1998: 
1822: 1191,2008,661,741,409,1555,1600,1159,1451,401,1257,1526,1894
951: 1957,15
952: 977,371
1990: 598,985
954: 1123,1741,984,374
955: 
956: 1256,1051
1830: 714,1143
958: 
1710: 
960: 
2000: 1455,644,54,472,1844,1667,1387,844,197,524,660,195,236,916
962: 839,593
963: 
1958: 
965: 223,82
966: 1620,511
1763: 1153,737,1708,1944,752,1213,1471,1170,629,1294,1638,588,793,610,1046,2002,1036,933,1103,2003,857
968: 1718,1908,2017,1640,1882,1930,544
969: 127
970: 602,386
971: 
972: 1698,2007,1910,2006,1039,1161,249,74,1665
973: 327
974: 
1782: 
976: 
977: 952,371
978: 
979: 26,715
980: 
981: 1363,634,1584,917,44,1016,2016,1618,1368,1048,1167,1250,1926,1715,53,1626,621,712
982: 50,605
983: 1506,1442,1707,930
984: 1123,1741,954,374
985: 1990
1862: 
1866: 
988: 
989: 1366
990: 
2015: 315,202,102,1230,676,1198,1019,826,72,1855,1266,547,2013,1044,1569,1011,1533,173,1865
992: 1650,377
993: 1633,798,1749,1892,868,1414,465,65,1666,1390,1878,2005,850,1007,638,1838
994: 
995: 
996: 432
997: 
998: 
999: 808,480,1475,1227,313
1819: 
1794: 
1002: 
1003: 1895
1004: 
1005: 1700
1703: 539,565
1007: 828,1255,646,61,1458,1952,474,638,1838,1633,798,868,1414,993,465,1878,2005
1008: 
1009: 
1010: 
1011: 315,202,1230,2015,676,1198,1019,72,1855,1266,547,2013,1044,1569,1533,173,1865
1920: 
1013: 1144,1473
1014: 1449
1015: 
1016: 981,1363,634,1584,917,44,2016,1618,1368,1167,1250,53,1626,621,712
1017: 
1018: 460,329,1942,1422,303,1863,1054,1981,1695,1426,1389,1056,1410,114,1236,1097,2004
1019: 315,202,102,1230,2015,676,1198,826,72,1855,1266,547,2013,1044,1569,1011,1533,173,1865
1020: 
1021: 369,780
1022: 1201,1212
1023: 2009,1120,503,1145,1918,586,662,1071,1647,477,592,1278,1083,1102,747,1523,926,461
1024: 21
1025: 1171,376,1912,282,1765,2019,446,1147,1034
1026: 1109
1027: 1471,629,1046,2002,1036,1103,2003,1674,323,1708
1028: 1534
1029: 
1030: 209
1031: 1810,1921,95,184
1770: 
1033: 285,732
1034: 1912,282,1025,1765,2019,446,1147
1854: 1408,756,1100,1292,262,284,1834,566,2012,205,1225,176,1885
1036: 1471,1027,629,1294,1638,588,793,1046,2002,933,1103,2003,857,1674,323,1708,1763
1037: 
1038: 521
1039: 1698,972,2007,1910,2006,1161,249,74,1665
1040: 
1041: 1336
1042: 
1043: 912,796,1394
1044: 315,202,102,1230,2015,676,1198,1019,826,72,1855,1266,547,2013,1569,1011,1533,173,1865
1045: 
1046: 1471,1027,629,1294,1638,588,793,610,2002,1036,933,1103,2003,323,1944,1213,1153,737,1708,1763
1047: 1546,1146,2014,1609,1683,704,1,707,1111,1393,898,1902,310,1166,193
1048: 2016,1618,1368,1167,1926,1715,53,1626,621,712,981
1970: 326
1050: 
1051: 1256,956
1052: 
1053: 1169,1717,1752,1641,1964,19,32,2010,727,1484,1531,508,1086
1054: 460,329,1942,1018,1422,303,1863,1695,1426,529,114,617,1236,1097,2004
1055: 411
1056: 1981,1695,1389,529,520,1410,114,1236,1788,1097,2004,1018,1863
1057: 1820,906,1723
1058: 860,2001,467,1753,1075,117,1281,561,1934,375,1943,1616,1428,1228,1337,356
1059: 1645,1887,1431,773,2018
1060: 1642,1704
1061: 
1062: 
1063: 
1064: 1325,533,1345,153
1820: 1057,906,1723
1066: 942,655,1130,1953
1067: 1460,1659,573
1068: 1537,422
1069: 1229,1099,1146,66,1338,812,431,2014,825,1683,1548,1457,704,1,707,1393,1200,193
1070: 
1071: 2009,1120,1023,503,1918,586,1647,477,1102,747,1523,926,461
1072: 
1073: 
1074: 
1075: 860,2001,467,1753,117,1538,1281,561,1934,375,1897,1943,685,1058,1616,1337
1076: 1849
1077: 
1841: 224,301
1079: 
1956: 1269,506,1612,666
1783: 
1082: 
1083: 1278,1658,2009,1023,586,662,1647,477,592,1780,1102,926
1084: 
1925: 785,534,490,81
1086: 19,32,2010,1101,1531,508,1053,1169,1641,1964
1087: 869,7
1697: 
1089: 
1090: 343,632,1329
1091: 
1092: 1098
1093: 1850
1094: 1443
1095: 378
1096: 1219
1097: 1981,1695,1426,1389,1056,529,520,523,1410,114,617,1236,1788,2004,1448,460,1018,1422,303,11,1863,166,1054
1098: 1835,1980,902,1092
1099: 1229,1146,66,1338,812,2014,825,1683,1548,1457,704,1069,1597,1111,1393,1200,385,1902,1166,193
1100: 1408,756,1292,262,284,1834,291,566,2012,495,1854,1225,176,450,1885
1101: 19,32,2010,34,727,1484,508,1086,1556,430
1102: 1780,1278,1083,1658,2009,1120,1023,503,586,1071,1647,477,592,747,1523,926,461
1103: 1471,1027,1170,629,1294,1638,588,793,610,1046,2002,1036,933,2003,857,1674,323,1944,1213,1153,737,1708,1763
1104: 179
1105: 1112,1258,288,526
1106: 753,294,146
1909: 
1108: 
1109: 1026,1650,377
1110: 1540,1607
1111: 1546,1099,1146,1338,812,431,2014,1609,825,1683,1457,704,1597,1,707,1393,1047,1200,898,385,1902,310,1166,193
1112: 1258,1105
1113: 1116
1114: 1191,2008,1261,1482,661,741,409,1555,325,1600,1451,401,1248,1526,1322,1271,1894,121,281,1391
1115: 237,897
1116: 1113
1117: 
1118: 555,398
1720: 1216,263
1120: 2009,1023,503,1145,1918,586,1071,1647,477,592,1278,1658,1102,747,1523,926,461
1121: 402
1122: 
1123: 1741,954,984,374
1124: 
1834: 1408,756,1100,1292,262,284,291,566,2012,495,1854,205,176,450,1149,1885
1126: 1395
1127: 
1128: 
1129: 
1130: 942,655,1066,1796,1953
1131: 
1907: 
1133: 
1134: 
1809: 1900
1136: 901,872
1137: 271
1831: 909,1933,1802
1873: 
1140: 
1141: 
1142: 1327,421
1143: 714,1830
1144: 1013,1473
1145: 2009,1120,1023,503,1918,586,662,1647,477,592,1278
1146: 1229,1546,1099,1338,812,431,2014,1609,825,1683,1548,1457,704,1069,1597,1,707,1111,1393,1047,1200,1166,193
1147: 296,1171,376,1912,282,1025,1401,1765,2019,620,446,546,615,1034
1148: 
1149: 1408,756,1292,262,284,1834,291,566,2012,495,205,176,450
1150: 
1151: 
1152: 1840
1153: 737,1708,1763,1944,1213,1471,1170,1294,588,793,610,1046,2002,933,1103,2003
1773: 
1155: 
1156: 
1863: 460,329,1942,1018,1422,303,11,166,1054,1981,1695,1426,1389,1056,529,520,523,1410,114,617,1236,1097,2004,1448
1158: 
1159: 1191,2008,661,1822,741,409,325,1600,1451,401,1257,1526,1271,1894,281
1160: 
1161: 1698,972,2007,1910,2006,1039,249,74,1665
1162: 
1163: 
1818: 
1165: 
1166: 1200,898,385,1902,310,193,1099,1146,66,812,2014,825,1683,1457,704,1597,707,1111,1393,1047
1167: 287,2016,1618,1368,1048,1250,1926,1715,53,1626,621,712,981,634,1584,44,1016
1168: 163
1169: 1053,1717,1752,1641,1964,19,32,2010,34,727,1531,508,1086,1556,430
1170: 1471,1843,1294,1638,588,793,610,2002,933,1103,2003,857,1240,1944,752,1213,1153,737,1708,1763
1171: 296,376,1912,282,1025,1401,1765,2019,446,1147,546,615
1172: 104,1839
1736: 1879,1927
1174: 1711
1901: 191,413,469
1923: 
1177: 1328
1178: 43,3
1814: 346
1180: 316
1981: 1695,1426,1389,1056,529,520,1410,114,1236,1097,2004,460,1018,1863
1182: 397
1183: 
1184: 
1185: 
1186: 
1187: 
1895: 1003
1189: 679,17
1190: 1813
1191: 2008,1261,1482,661,1114,1822,741,409,325,1600,1159,1451,401,1248,1257,1526,1322,1271,1894,121,281,1391
1192: 1692
1193: 
1700: 1005
1195: 
1196: 
1197: 
1198: 315,202,102,1230,2015,676,1019,826,72,1855,1266,547,2013,1044,1569,1011,1533,173,1865
1199: 
1200: 385,1902,310,1166,193,1099,1146,66,812,2014,825,1683,1457,704,1069,1597,1111,1393
1201: 1022,1212
1679: 
1203: 
1204: 
1205: 1975
1206: 354
1699: 
1208: 
1951: 1579
1210: 1670
1675: 
1212: 1201,1022
1213: 1944,1471,1170,1294,588,793,610,1046,2002,933,1103,2003,1153,737,1708,1763
2013: 315,202,102,1230,2015,676,1198,1019,826,72,1855,1266,547,1044,1569,1011,1533,173,1865
1215: 1915,86
1216: 1720,263
1217: 
1218: 
1219: 1096
1220: 265
1946: 718
1222: 
1223: 
1224: 392,581,1392
1225: 756,1100,1292,262,2012,495,1854,176,450,1885
1226: 742
1227: 808,480,999,1475
1228: 1337,356,2001,467,1753,1281,561,1934,375,1058,1428
1229: 1099,1146,66,1338,812,431,2014,825,1683,1548,1457,704,1069,1597,1,707
1230: 202,2015,1198,1019,1855,1266,547,2013,1044,1569,1011,1533,173,1865
1717: 1053,1169,1752,1641,1964,19,32,2010,34,727,1484,1531,508,1556,430
1232: 1256
1837: 56,863
1234: 208,198
1913: 
1236: 1981,1695,1426,1056,529,520,1410,114,1097,2004,1018,1863,1054
1721: 1421,1740,637
1924: 
1239: 
1240: 1944,752,1843,1170,1294,1638,588,793,2002,933,2003,857
1241: 1580
1821: 
1243: 
1244: 
1245: 1633,1749,868,465,65,1878,2005,850,1255,1458,474,638,1838
1246: 
1247: 157,1276,394
1248: 1191,2008,1261,1482,661,1114,409,325,1600,1451,401,1322,1894,121,281,1391
1249: 578,596
1250: 287,2016,1618,1368,1167,1926,53,319,1626,621,712,981,1363,634,1584,917,44,1016
1251: 
1252: 
1253: 
1254: 
1255: 828,646,61,1458,1952,474,1007,638,1838,1633,798,1245,65,1878,2005
1256: 956,1232,1051
1257: 1191,2008,1261,1822,741,409,1555,1600,1159,1451,401,1526,1271
1258: 1112,1105,288,526
1259: 
1260: 1851
1261: 1191,2008,1482,1114,409,1555,1600,1451,401,1248,1257,1526,1322,1271
1979: 
1263: 651
1264: 
1265: 
1266: 315,102,1230,2015,1198,1019,826,72,1855,547,2013,1044,1569,1011,1533,173
1267: 
1268: 
1269: 1375,1956,506,666
1915: 1215,86
1271: 1191,2008,1261,1482,1114,741,409,325,1159,401,1257,1526,1322,1894,121,281
1272: 703,910
1943: 860,2001,467,1753,1075,117,1538,1281,561,1934,375,1897,1058,1616,1337
1274: 
1275: 1592
1276: 157,1247,394
1277: 
1278: 1083,1658,2009,1120,1023,503,1145,1918,586,662,1647,477,592,1102,461
2010: 19,32,34,727,1101,1484,1531,508,1086,1556,430,1053,1169,1717,1752,1641,1964
1280: 429,1759
1281: 860,2001,467,1753,1075,117,1538,561,1934,375,1897,1943,685,1058,1616,1228,1337,437,722
1894: 1191,2008,1482,661,1114,1822,741,409,325,1600,1159,1451,401,1248,1526,1322,1271,121,281,1391
1283: 778
1875: 1999
1285: 923,731,492,2011,1845,1559
1286: 69
1287: 
1288: 
1289: 361
1290: 1756,388
1291: 
1292: 756,1100,262,1834,291,2012,495,1854,1225,176,450,1149,1885
1293: 
1294: 1471,1843,1170,1638,588,793,610,1046,2002,1036,933,1103,2003,857,1240,1944,752,1213,1153,1763
1295: 650
1296: 139
1800: 
1298: 
1299: 1864,427
1300: 699
1301: 126,1777
1302: 932
1303: 1504,739
1304: 498,696,851,1502,347
1305: 905,217
1306: 297
1987: 824
1308: 
1309: 
1310: 
1677: 259
1312: 
1313: 
1314: 
1315: 
1316: 
1317: 279,52
1318: 
1319: 
1320: 46
1321: 
1322: 1191,2008,1261,1482,661,1114,741,409,325,1600,1451,401,1248,1526,1271,1894,121,281,1391
1323: 
1957: 951
1325: 533,1064,1345,153
1908: 1718,2017,1640,1882,1930,968,544
1327: 1142,421
1328: 1177
1329: 343,1090,632
1330: 499,456
1331: 1734,244,946,1602,771
1772: 
2012: 1408,756,1100,1292,262,284,1834,291,566,495,1854,205,1225,176,450,1149,1885
1334: 
1335: 
1336: 1041
1337: 1228,437,722,2001,467,1753,1075,117,1538,1281,1934,1897,1943,685,1058,1616
1338: 1229,1546,1099,1146,66,812,431,2014,1609,825,1683,1548,1457,704,1069,1,707,1111,1393
1339: 1676
1793: 
1341: 
1342: 1370,710,384
1807: 231
1344: 
1345: 1325,533,1064,153
1346: 
1347: 1420
1935: 
1349: 
1948: 
1351: 830
1964: 1053,1169,1717,1752,1641,19,32,2010,34,727,1484,1531,508,1086,1556,430
1353: 
1777: 1301,126
1355: 
1356: 
1357: 901
1358: 
1359: 1536
1360: 
1361: 265
1362: 473
1363: 981,634,1584,917,44,1016,2016,1368,1250,53,621,712
1364: 1999,784
1365: 
1366: 989
1850: 1093
1368: 287,2016,1618,1048,1167,1250,1926,1715,53,1626,621,712,981,1363,634,1584,917,44,1016
1369: 
1370: 710,384,1342
1371: 
1372: 
1373: 1541,649
1374: 
1375: 1269,506
1376: 
1377: 
1378: 
1379: 609,280
1380: 226
1381: 
1382: 647,821
1796: 942,655,1130,1953
1952: 828,1255,646,61,1458,474,1007,2005
1385: 583
1386: 
1387: 2000,644,54,472,1844,1667,844,197,524,660,195,236,916
1388: 
1389: 1981,1426,1056,529,520,523,1410,114,1097,2004,1448,460,1018,11,1863,166
1390: 1749,1892,868,1414,993,465,65,1666,2005,850
1391: 121,281,1191,2008,1482,661,1114,325,1600,401,1248,1322,1894
1392: 392,1224
1393: 1546,1099,1146,1338,812,431,2014,1609,825,1683,1457,704,1069,1597,1,707,1111,1047,1200,898,385,1902,310,1166,193
1394: 796,1043
1395: 1126
1781: 85,1661,1561,1705
1397: 
1398: 538
1399: 
1400: 
1401: 296,1171,376,282,1765,2019,620,446,1147,546,615
1402: 426,353
1403: 
1404: 1767
1405: 
1406: 705,210,156
1407: 
1408: 756,1100,262,284,1834,291,566,2012,1854,205,176,1149,1885
1409: 
1410: 1981,1695,1426,1389,1056,520,114,1236,1097,2004,460,329,1942,1018,11,1863,166
2005: 1633,798,1245,1749,1892,868,1414,993,465,65,1666,1390,1878,850,828,1255,646,61,1458,1952,474,1007,638,1838
1412: 1596
1413: 
1414: 1633,798,1749,1892,868,993,465,65,1666,1390,2005,850,1007,638,1838
1415: 
1918: 2009,1120,1023,503,1145,586,662,1071,1647,477,592,1278,461
1417: 41
1418: 
1419: 
1420: 1347
1421: 1721,1740,637
1422: 460,329,1942,1018,303,1863,1054,1695,1426,114,617,1097,2004
1940: 
1424: 
1775: 658
1426: 1981,1695,1389,529,520,1410,114,617,1236,1097,2004,1448,460,1018,1422,303,11,1863,1054
1965: 
1428: 860,2001,467,1753,561,375,1058,1228,356
1429: 742
1430: 
1431: 1059,1645,1887,773,309,2018,1469,387
1886: 
1433: 
1434: 1788,2004
1435: 
1748: 175,45
1437: 420
1438: 789
1439: 
1440: 
1441: 160,1805
1442: 405,1707,983
1443: 1094
1444: 15
1445: 
1446: 
1792: 626
1448: 1426,1389,529,523,617,1097,2004,460,303,11,1863,166
1449: 1014
1450: 
1451: 1191,2008,1261,661,1114,1822,741,409,1555,1600,1159,401,1248,1257,1526,1322,1894
1452: 
1453: 
1454: 
1455: 2000,54,472,1844,1667,197,524,660,195,236
1456: 652
1457: 1229,1099,1146,66,1338,812,431,2014,825,1683,1548,704,1069,1597,1,707,1111,1393,1200,385,1902,1166,193
1458: 828,1255,646,1952,474,1007,638,1838,1633,1245,868,465,65,1878,2005
1459: 
1460: 1067,1659,573
1973: 
1462: 251,911,1560,934
1463: 405
1790: 
1465: 
1705: 1561,85,1781,1661
1467: 150,1497
1468: 
1469: 773,1550,135,309,2018,100,387,1431
1470: 
1471: 1027,1170,629,1294,1638,588,793,610,1046,2002,1036,933,1103,2003,857,323,1944,1213,1153,737,1708,1763
1472: 855,266
1473: 1144,1013
1474: 560
1475: 808,480,999,1227
1476: 
1687: 
1815: 
1479: 
1683: 1229,1546,1099,1146,66,1338,812,431,2014,825,1548,1457,704,1069,1597,1,707,1111,1393,1047,1200,898,385,1902,310,1166,193
1481: 
1482: 1191,2008,1261,1114,409,325,401,1248,1322,1271,1894,121,1391
1483: 254,1754
1484: 19,32,2010,34,727,1101,1531,508,1556,430,1053,1717,1964
1485: 
1486: 
1487: 
1488: 1881,1610
1963: 
1490: 855,266
1491: 142,78
1492: 
1493: 1966
1494: 
1495: 1547
1496: 
1497: 150,1467
1498: 713
1499: 479,1732
1500: 
1501: 
1502: 1304,498,851,347
1503: 
1504: 739,1303
1505: 
1506: 1624,983,1707
1507: 
1508: 
1509: 
1510: 908,806
1511: 
1512: 278,1799
1513: 
1514: 
1959: 
2014: 1229,1546,1099,1146,66,1338,812,431,1609,825,1683,1548,1457,704,1069,1597,1,707,1111,1393,1047,1200,898,385,1902,310,1166,193
1517: 858
1518: 772
1519: 1606,214
1520: 
1521: 
1522: 
1523: 747,926,461,2009,1120,1023,1071,1647,477,1780,1102
1524: 
1525: 
1526: 1191,2008,1261,661,1114,1822,741,409,1555,325,1600,1159,1451,401,1257,1322,1271,1894
1527: 
1528: 
1529: 
1530: 1827
1531: 19,32,2010,34,727,1484,508,1086,430,1053,1169,1717,1752,1641,1964
1532: 
1533: 315,202,102,1230,2015,676,1198,1019,826,72,1855,1266,547,2013,1044,1569,1011,173,1865
1534: 1028
1839: 555,1172,104
1536: 1359
1537: 1068,422
1538: 860,2001,1753,1075,117,1281,561,1934,1897,1943,685,1616,1337,437
1539: 
1540: 1110,1607
1541: 1373,649
1542: 
2007: 1698,972,1910,2006,1039,1161,249,74,1665
1544: 499
1713: 
1546: 1146,1338,812,431,2014,1609,1683,704,1,707,1111,1393,1047,898
1547: 1495
1548: 1229,1099,1146,66,1338,812,431,2014,825,1683,1457,1069,707
1549: 
1550: 135,309,2018,1469,100,922,387,1932
1551: 
1552: 
1553: 
1554: 1916,625
1555: 2008,1261,1114,1822,409,1600,1451,401,1257,1526
1556: 19,32,2010,34,727,1101,1484,508,430,1169,1717,1752,1964
1978: 891
1942: 460,329,1018,1422,303,11,1863,166,1054,1410,2004
1559: 1285,923,492,2011
1560: 251,1462,934
1561: 1705,85,1781,1661
1562: 
1563: 
1564: 
1565: 
1566: 1581,25
1567: 1590,92
1568: 
1569: 315,202,102,1230,2015,676,1198,1019,72,1855,1266,547,2013,1044,1011,1533,173,1865
1785: 750
1571: 
1572: 
1573: 
1999: 1875,1364
1848: 
1853: 
1749: 1633,1245,1892,868,1414,993,465,65,1390,2005,850,638
1932: 1645,1887,773,1550,135,2018,922,387
1579: 1951
1580: 611,1241
1581: 1566,25
1582: 
1583: 1623,383
1584: 981,1363,634,917,44,1016,2016,1618,1368,1167,1250,53,319,1626,621,712
1585: 
1586: 1747
1764: 
1588: 327
1589: 
1590: 1567,92
1591: 1812
1592: 1275
1593: 
1817: 420,679
1595: 
1596: 1412
1597: 1229,1099,1146,66,812,431,2014,825,1683,1457,704,707,1111,1393,1200,898,385,1902,310,1166,193
1598: 
1975: 1205,286
1600: 1191,2008,1261,661,1114,1822,741,409,1555,325,1159,1451,401,1248,1257,1526,1322,1894,281,1391
1858: 
1602: 771,1331
1603: 
1604: 
1605: 
1606: 1519
1607: 1110,1540
1608: 
1609: 1546,1146,1338,812,431,2014,704,1,707,1111,1393,1047,898
1610: 1881,1488
1611: 
1612: 506,666,1956
1613: 
1614: 519
1615: 
1616: 860,2001,467,1753,1075,117,1538,1281,1934,375,1897,1943,685,1058,1337,437,722
1617: 457
1618: 287,2016,1368,1048,1167,1250,1926,1715,53,1626,621,712,981,634,1584,44,1016
1619: 
1620: 511,966
1621: 692,696
1708: 1153,737,1763,1213,1471,1027,1170,629,1638,588,793,610,1046,2002,1036,933,1103,2003,1674,323
1623: 1583,383
1624: 1506
1741: 1123,954,984
1626: 2016,1618,1368,1048,1167,1250,1926,1715,53,621,712,981,1584,44,1016
1627: 500
1628: 129
1629: 848,613
1630: 
1631: 443
1632: 
1633: 798,1245,1749,868,1414,993,465,65,1878,2005,850,828,1255,646,1458,474,1007,638,1838
1766: 
1849: 1076
1955: 
1637: 
1638: 1471,1843,1170,629,1294,588,793,1046,2002,1036,933,1103,2003,857,1674,323,1240,1944,752,1708,1763
1639: 543
1640: 695,1718,1908,2017,1882,1930,968,544
1641: 1053,1169,1717,1964,19,32,2010,34,727,1531,508,1086
1642: 1704,1060
1643: 
1644: 
1645: 1059,1887,1932,1431,773,309,2018,387
1690: 
1647: 2009,1120,1023,503,1145,1918,586,1071,477,592,1278,1083,1658,1780,1102,747,1523,926,461
1732: 479,1499
1649: 
1650: 1109,377,992
1651: 213
1652: 774,198,208
1653: 
1654: 
1655: 
1656: 
1657: 
1658: 1278,1083,2009,1120,586,1647,477,592,1780,1102,747,461
1659: 1460,1067,573
1808: 1696
1661: 85,1781,1561,1705
1662: 
1706: 
1664: 
1665: 1698,972,2007,2006,1039,1161,249,74
1666: 798,1892,1414,993,465,1390,1878,2005,850,1838
1667: 2000,1455,54,472,1844,1387,197,524,660,195,236
1668: 
1669: 
1670: 1210
1671: 
1672: 
1673: 
1674: 1027,629,1638,2002,1036,1103,2003,323,1708