1758: 841,321,734,1079,1038,2007,1608,1910,249,74,1901,1161,555,1826,58,1698,2006,972,1039
1: 1099,193,1229,470,704,2014,1457,812,66,1902,478,1267,1111,1146,1866,385,707,1200,1004,1597,1705,1445,1720,800,45,1609,1047,1208,431,825,1546,1548,1338,1166,1393,310
1471: 1294,1240,2003,588,1843,1763,1638,1027,793,2002,243,1014,610,752,933,1213,629,1674,1708,1153,1944,335
1979: 931,1815,1205
1803: 1524
1926: 712,1969,764,1250,1368,319,2016,1797,1837,1618,621,1199,1626,917
1192: 983,1612
7: 
1797: 981,53,1984,1368,319,2016,287,1715,1363,1016,44,1837,1618,472,634,621,1199,1943,1626,1167,917,1048,1969,1926,764,1250
1229: 193,470,704,2014,812,66,1902,478,1111,385,707,1597,1705,1445,1720,800,45,1208,1,1546,1548,1338,1683,1393,310
1342: 1746,1491,1034,230,1171,2019,156,376,1912,1025,338,615,18,1799,703,998
11: 1500,1448,1236,1434,2004,114,529,1961,1389,329,1863,536,460,1097,1056,1788,337,1018
12: 
1756: 
1865: 997,2013,1198,315,1044,339,826,656,1876,941,173,1855,72,2015,1230,751,1828,1266,89,1011
15: 1677
16: 1260,1586,1361,1851
17: 1144,1460,1553
18: 282,1510,1491,1034,1342,230,1171,2019,763,156,376,1912,1025,296,338,615,1799,1401,546,703,998,620
19: 2010,1101,275,32,1752,1169,427,1713,1717,1556,1964,771,1602,727,1588,129,1831,1501,801,1086,80,1531,328,1072
20: 568
21: 981,1984,1368,2016,287,1715,1363,1016,1837,1618,472,621,764,1250
22: 1935
1393: 1099,193,1229,470,704,2014,1457,812,66,1902,478,1267,1111,1146,1866,385,707,1200,1004,1597,1705,1720,800,45,1609,1047,1208,431,1,1975,825,1546,1548,1338,1683,1166,310
1623: 
25: 1259,1442
1368: 981,53,1984,21,319,2016,287,1715,1363,1797,1016,44,1837,1618,472,621,1199,1943,1626,1167,917,712,1969,1926,764,1250
1910: 848,841,321,734,1079,1038,2007,1608,249,1758,74,1901,1161,657,555,1826,58,1698,2006,972,1039,1665
28: 607,1521,557,777,1296,465,993,1666,1976,1749,646,1633,868,748,1007,2005,61,1952,1838,670,798,1878,850,1458,638,1390,1892,474,828,1739,65,1245,78
29: 722,1934,1339,958,2001,358,1120,280,1281,1017,824,172,1243,299,437,375,1075,30,117,356
30: 722,1934,1339,958,2001,358,1120,1281,1017,1753,824,172,1243,299,29,437,375,1075,117,356
31: 1092,1585
32: 2010,19,1101,275,1752,508,1169,683,813,1556,1964,771,1602,1291,727,430,129,579,1831,1501,801,1086,1531,328,295,1347,93,1129
33: 
34: 1691,1053,1927,295,1347,93,132,1272,965,332,384,1129,2010,508,1169,579,1531,328
35: 
36: 
37: 
38: 
1379: 1040
40: 
1460: 1144,1553,17
1817: 
43: 
44: 981,53,1984,1368,2016,287,1715,1797,1016,1837,1618,472,634,621,1199,1943,1626,1167,917
45: 193,1229,470,704,2014,812,1902,1866,385,707,1200,1597,1445,800,1047,1,1975,825,1546,1338,1683,1393,310
46: 
1759: 661,1600,1555,1819,464,1380,1381,401,1822,254,1482,1022,1261,1526,1391,1191,2008,353,409,741,1248
1361: 1260,1586,16,1851
49: 
1247: 1388,1541,1571,1223
51: 
52: 
53: 1368,319,2016,287,1797,44,472,634,621,1199,1943,1626,1167,917,1048
54: 2000,197,644,524,1549,1748,1806,660,195,844,1387,298
55: 822
56: 1754
1860: 133,1559,778,2011,492,1283,790,1285,1849
58: 841,321,1079,1038,2007,1910,249,1758,74,1901,1161,1826,2006,1039,1665
1505: 1226,227
60: 
61: 1521,557,1296,1666,1749,646,1633,868,748,1007,2005,1952,670,798,1878,1458,638,28,1892,828,1739,78
62: 
63: 105,76,1690
1363: 981,1984,21,1368,319,2016,287,1715,1797,1016,1837,1618,472,634,621,1199,1943,1167,764,1250
65: 1739,1245,78,1255,557,777,1666,1976,2005,1952,1878,638,28,1892,474,828
66: 193,1229,470,704,2014,1457,1902,478,1267,1111,1146,385,707,1004,1597,1705,1445,1720,800,1208,1,1548,1166,1393
1308: 
68: 153,1540
69: 343
1715: 981,1984,21,1368,2016,287,1363,1797,1016,44,472,634,621,1199,1943,1626,1167
1443: 1369,1668
72: 941,173,1855,2015,547,676,1230,751,1828,1266,202,89,1011,140,1533,1865,997,2013,1198,315,1044,339,826,656,1876,1569,466,102,1019,1687
73: 281,2008,673,1451,1114,1770,1894,353,325,409,1563,473,741,1248,661,1819,464,1381,401,254,1022,1261,1391
74: 841,321,734,1079,1038,2007,1608,1910,249,1758,1901,1161,657,555,1826,58,1698,2006,842,1039,1665
1589: 
76: 105,63,1504,1690
1524: 1803
78: 1739,65,1245,1255,607,1521,557,777,465,1666,1976,646,1633,2005,61,1952,1838,670,798,1878,850,1458,638,1390,28,1892,474,828
1564: 
80: 2010,19,1101,275,1752,1169,427,1717,1964,771,1602,1420,727,1588,579,801,1086,1531,328,1072,1691,1484,295,1347,93,132,1272,965,332,650,384
81: 214
1422: 460,1097,617,1056,520,571,1942,1788,337,1426,1500,1448,1236,1434,511,2004,114,166,303,1961,329
83: 
1863: 1500,1448,1236,523,511,2004,114,529,1981,1961,11,1389,329,536
1155: 934
86: 
1653: 
1679: 
89: 941,173,1855,72,2015,547,676,1230,751,1828,1266,1011,140,1533,1865,997,2013,1198,1044,339,826,656,1876,1569,466
1457: 1099,470,704,2014,66,1902,478,1267,1111,1866,385,1004,1597,1705,1720,1208,1,1548,1166,1393
1718: 1930,695,1640,2017,544,968,1163
92: 
93: 1691,1053,1927,295,1347,34,132,965,332,384,1129,2010,1101,32,1752,508,1169,1602,430,579,1831,1501,801,1641,1086,80,1531,328,1072
94: 1606
1266: 941,173,1855,72,2015,547,676,751,1828,202,89,1011,140,1533,1865,997,2013,315,339,826,656,1876,466,102,1019
1916: 
97: 
1385: 598,1068,1082
1781: 
100: 922,135,387,2018,1932,1887,1431,1059,773,309,1469,1645
1501: 2010,19,32,1752,508,1169,1556,771,1602,727,801,1086,1531,328,1072,1927,295,93,650,384
102: 1873,1569,466,1019,1687,1533,2013,315,941,1855,72,2015,547,676,1266,202,140
103: 
104: 
105: 63,76,1690
106: 155,1827
1774: 
1463: 1060,364
1153: 1294,1240,2003,588,1843,1763,1638,1027,793,2002,1014,752,933,1213,1471,629,1708,1944,335
1190: 
111: 775,1362
112: 347,462,937
1754: 56
114: 1500,1448,1236,523,1434,511,2004,529,1981,166,303,1961,11,1389,329,1863,536,460,1788,1422
1701: 
1366: 1206
117: 2001,358,1120,280,1281,1017,824,172,1243,29,437,1075,30,356
1682: 1292,176,1885,495,542,566,291,1834,2012,756,262,1532,1239,1854
1452: 599
120: 
121: 661,1600,1555,1819,254,1022,1526,1391,2008,1770,1894,1807,325,409,130
1632: 960,1882,2017,544,968,1163,1547,1908
1255: 1739,65,1245,78,465,1666,1976,2005,638,1892,474,828
1458: 607,1521,557,777,1296,993,1666,646,1633,748,1007,2005,61,1952,1878,1390,28,828,1739,78
1490: 
126: 
1637: 
128: 
129: 2010,19,1101,275,32,1752,508,1169,683,427,1713,813,1556,1964,1602,1291,727,430,1588,1831,801
130: 2008,1451,1770,1159,1894,1807,353,325,473,661,1600,1555,1819,254,121,1526,1391
131: 
132: 1691,1053,1927,1484,295,1347,93,34,1272,332,650,384,1129,2010,1169,1602,1086,80,1531,328,1072
133: 1559,923,778,218,2011,1845,492,1860,1283,790,1285,1849
1395: 
135: 922,100,387,2018,1932,1887,1431,1059,773,309,1469,1645
136: 
137: 
1707: 
139: 
140: 941,173,1855,72,2015,547,676,751,1828,1266,202,89,1011,1533,2013,315,339,656,1876,1569,466,102,1019
141: 1613
1627: 
1787: 
1146: 1099,193,470,2014,66,1902,478,1267,1111,1866,385,707,1004,1597,1445,800,1609,1047,1208,431,1,825,1546,1548,1338,1166,1393
1842: 
1245: 1739,65,78,1255,607,777,465,1666,1976,2005,1952,638,28,1892,474,828
147: 1269,1359
1520: 
1670: 
150: 
1159: 281,2008,1257,673,1451,1770,1894,353,325,1563,130,473,741,1600,1555,1819,464,1381,254,1482,1526,1391
152: 
153: 68,1540
1815: 931,1979,1205
155: 1827,106
156: 282,1746,1491,1034,1342,1171,2019,376,1912,1025,296,338,18,1799,546,703,998,620,1765,1734
157: 
158: 
1331: 
1392: 
1753: 722,1934,958,2001,1281,824,299,437,375,1075,30
1309: 
163: 
1547: 960,1930,695,1640,1882,2017,544,1632,968,1163,1908
165: 1775
166: 1500,1448,1236,523,1434,511,2004,114,1981,303,1961,329,460,617,520,1942,1788,337,1422
1504: 1690,76
168: 
169: 
1250: 712,1969,1926,764,981,1984,21,1368,319,2016,287,1363,1797,1016,1837,1618,472,621,1199,1626,917
1828: 941,173,1855,72,2015,547,676,1230,751,1266,202,89,1011,140,1533,1865,997,2013,1198,1044,339,179,656,1569,466,1687
172: 722,1934,1339,958,2001,358,1120,280,1281,1017,824,1243,29,437,1075,30,117,356
173: 941,1855,72,2015,547,676,1230,751,1828,1266,202,89,1011,140,1865,997,2013,656,1876
2004: 1500,1448,1236,523,1434,511,114,529,1981,166,303,1961,11,1389,329,1863,536,460,1097,617,1056,520,571,1942,1788,337,1426,1018,1422
1200: 1099,470,2014,1902,1866,707,1004,1597,45,1609,1047,431,1,1975,825,1546,1338,1393,310
176: 1292,450,560,1885,1327,1408,542,566,291,1834,2012,1682,756,1474,262,1225,1532,1076,1149,1239,1854
1451: 281,2008,1257,673,73,1114,1770,1159,1894,1807,353,325,409,1563,130,473,741,1248,1555,1819,464,1381,401,254,1022,1391
1639: 1991
179: 997,2013,1198,1044,339,826,656,1533,1687,941,2015,1828
2003: 1036,1170,1103,1294,1240,588,1843,1763,1638,1027,793,2002,243,1046,1014,610,857,737,312,752,933,1213,487,1676,1471,629,1674,1708,1153,1944,323,335
2002: 1036,1170,1103,1294,1240,2003,588,1843,1763,1638,1027,793,243,1046,1014,610,857,737,312,752,933,1213,487,1676,1471,629,1674,1708,1153,1944,323,335
182: 738
1163: 960,1718,1930,695,1640,1882,2017,544,1632,968,1547,1908
184: 1121
2010: 19,1101,275,32,1752,508,1169,683,427,1802,1713,1717,813,1556,1964,771,1602,1291,1300,1420,727,430,1588,129,579,1831,1501,801,1641,1086,80,1531,328,1072,1691,1053,1927,1484,295,1347,93,34,132,1272,965,332,650,384,1129
186: 
2008: 281,1257,673,1451,73,1114,1770,1159,1894,1807,353,325,409,1563,130,473,741,1248,661,1600,1555,1819,464,1380,1381,401,1822,254,1482,1759,1022,1261,121,1526,1391,1191
188: 915
1456: 
1878: 607,1521,557,777,1296,465,993,1666,1976,1749,646,1633,868,748,1007,2005,61,1952,1838,670,798,850,1458,638,1390,28,1892,828,1739,65,78
191: 
2012: 1292,450,560,176,1885,1327,1408,1142,495,284,542,566,291,1100,1834,1682,756,205,1474,262,1225,1532,1076,1149,1239,1854,421
193: 1229,470,704,2014,66,1902,478,1267,1111,1146,385,707,1004,1597,1445,1720,800,45,1609,1047,1208,431,1,825,1546,1548,1338,1683,1393
1201: 
195: 863,2000,197,644,524,1549,236,54,1844,1748,1806,660,916,1591,1113,298
196: 
197: 863,2000,644,524,1549,54,1844,1748,1806,660,916,195,844,1455,1387,298
198: 
1257: 281,2008,673,1451,1114,1159,1894,353,1563,473,741,1248,1555,1819,464,1381,401,1822,254,1482
1563: 281,2008,1257,673,1451,73,1114,1159,1894,353,325,473,741,1819,464
1940: 
202: 941,173,1855,72,2015,547,676,751,1828,1266,1011,140,1533,2013,1198,315,339,826,656,1876,1873,1569,466,102,1019,1687
1325: 
1588: 2010,19,1101,275,1752,508,427,1802,1713,1717,813,1964,1602,1291,1300,1420,727,430,129,579,1831,801,1641,80,1531,1484,1347,965
205: 450,560,1885,1327,1408,1142,284,542,566,1100,1834,2012,262,1149,1239,421
1310: 
1779: 
208: 
209: 
210: 
211: 
1612: 1192
213: 1037,637
214: 81
1474: 450,176,542,291,1834,2012,1225,1532,1076,1149,1854
1740: 
1276: 869
218: 133,923,778,2011,1845,731,1283,790,1285,1849
1387: 844,1113,1455,298,2000,197,54,1748,1806
1281: 1339,958,2001,358,1120,280,1017,1753,824,172,299,29,437,375,1075,30,117,356
2001: 722,1934,1339,958,358,1120,280,1281,1017,1753,824,172,1243,299,29,437,375,1075,30,117,356
222: 
223: 
1647: 1071,1428,926,1293,2009,1102,477,662,461,594,1918
225: 
1398: 
227: 1226,1505
1522: 
1428: 1071,747,586,1126,1658,1083,1145,926,1293,2009,1647,1102,1278,477,662,503,461,1523,594,1918,1023,1780
230: 1510,1491,1034,1342,1171,2019,763,1025,615,18,1799,1401,703,998
1306: 
1469: 1645,922,135,100,387,2018,1932,1887,1431,1059,309
233: 
1693: 
235: 1269,1359,1051,713
236: 863,2000,644,1844,1748,1806,916,1591,195,1113,1455,298
237: 
1831: 2010,19,1101,275,32,1752,508,1169,683,427,1802,1713,1717,813,1556,1964,1602,1291,1300,1420,727,430,1588,129,579,801,1641,1531,1347,93,1129
1618: 981,1984,21,1368,319,2016,287,1363,1797,1016,44,1837,472,621,1199,1943,1626,917,712,1969,1926,764,1250
240: 
241: 
1467: 
243: 1036,1170,1103,1294,2003,588,1843,1763,1638,1027,793,2002,610,857,312,752,933,487,1676,1471,1674,1944,323
1252: 
245: 
1277: 
1278: 1071,747,586,1428,1126,1658,1083,1145,926,592,2009,1102,662,503,461,1523,1780
1386: 
249: 848,841,321,734,1079,1038,2007,1608,1910,1758,74,1901,1161,657,555,1826,58,1698,2006,842,1039,1665
250: 
1208: 1099,193,1229,470,704,2014,1457,66,1902,478,1267,1111,1146,385,707,1004,1597,1705,1445,1720,800,1609,1047,431,1,825,1546,1548,1338,1166,1393
1780: 586,1428,1126,1658,1083,926,2009,1102,1278,477,1523,1918,1023
1799: 1510,1491,1034,1342,230,1171,2019,763,156,376,1912,1025,338,615,18,1401,546,703,998,620,446
254: 661,1600,1555,1819,464,1381,1822,1482,1759,1022,1261,121,1526,1391,281,2008,1257,673,1451,73,1770,1159,1894,1807,353,325,409,130,473,741
1206: 1366
1313: 
1807: 2008,1451,1770,1894,325,130,473,254,121,1391
258: 619
259: 
1193: 
261: 
262: 1292,450,560,176,1885,1327,1408,1142,495,284,542,566,291,1100,1834,2012,1682,756,205,1225,1532,1149,1239,1854,421
263: 
264: 1024
265: 
1369: 1668,1443
1362: 775,111
268: 1921,1020
1837: 981,1984,21,1368,319,2016,1363,1797,1016,44,1618,472,621,1626,917,712,1969,1926,764,1250
1658: 586,1428,1126,1083,926,1293,2009,1102,1278,477,662,1523,1918,1023,1780
1355: 
1914: 858
273: 
274: 
275: 2010,19,1101,32,1752,508,1169,427,1802,1713,1717,813,1556,1964,771,1602,1420,727,1588,129,579,1831,801,1086,80,1531,328,1072,1484,1347,332,384
276: 
1330: 486,1274
278: 
1199: 981,53,1368,319,2016,287,1715,1363,1797,44,1618,472,634,621,1943,1626,1167,917,1048,1926,764,1250
280: 1339,2001,358,1120,1281,1017,824,172,29,1075,117,356
281: 2008,1257,673,1451,73,1114,1159,1894,353,325,1563,473,741,1555,1819,464,254
282: 1746,1034,1171,2019,156,376,296,338,18,1401,546,703,998,620,446,1867,1217,1765,1147,1734
1962: 
284: 1292,560,1885,1408,1142,495,566,1100,1834,2012,756,205,262,1149,1239,1854,421
285: 626,1544,377
286: 
287: 981,53,21,1368,319,2016,1715,1363,1797,1016,44,1618,472,634,621,1199,1943,1626,1167,764,1250
288: 
2005: 607,1414,1521,557,777,1296,465,993,1666,1976,1749,646,1633,868,748,1007,970,61,1952,1838,670,798,1878,850,1458,638,1390,28,1892,474,828,1739,65,1245,78,1255
290: 
291: 1292,176,542,1834,2012,1682,756,1474,262,1225,1532,1076,1239,1854
292: 
1394: 
294: 
295: 1691,1927,1347,93,34,132,332,650,384,1129,2010,32,508,1169,1556,771,1602,1501,801,1086,80,1531,328,1072
296: 282,1746,1491,1034,2019,156,376,1912,338,18,546,703,998,620,446,1867,1217,1765,1147,1734,1495
1400: 1486
298: 844,1113,1455,1387,2000,197,644,524,1549,236,54,1844,1748,1806,660,916,195
299: 722,1339,958,2001,358,1281,1753,824,29,437,375,1075,30
300: 
1430: 
2014: 1099,193,1229,470,704,1457,812,66,1902,478,1267,1111,1146,1866,385,707,1200,1004,1597,1705,1445,1720,800,45,1609,1047,1208,431,1,1975,825,1546,1548,1338,1683,1166,1393,310
303: 1500,1236,523,1434,511,2004,114,166,329,617,520,1942,337,1422
304: 
1795: 
1391: 661,1600,1555,1819,464,1381,254,1482,1759,1022,1261,121,1526,2008,673,1451,73,1770,1159,1894,1807,353,325,409,130,473,1248
307: 
1410: 
309: 922,135,100,387,2018,1932,1887,1431,1059,773,1469,1645
310: 1099,1229,470,704,2014,812,1902,1866,385,707,1200,1004,1597,1705,1720,800,45,1047,1,1975,825,1546,1338,1683,1393
311: 
312: 1036,1170,1294,1240,2003,1843,1763,1638,1027,2002,243,1046,1014,610,857,737,933,487,1674,1944,323
313: 
1930: 960,1718,695,1640,1882,2017,544,968,1163,1547,1908
315: 1865,997,2013,1198,1044,339,826,656,1876,1533,466,102,1019,941,1855,72,2015,547,1266,202,1011,140
1546: 1099,193,1229,470,704,2014,812,1902,1146,1866,385,707,1200,1004,1597,800,45,1609,1047,1208,431,1,1975,825,1338,1683,1393,310
317: 
318: 
319: 981,53,1368,2016,287,1363,1797,1837,1618,472,621,1199,1943,1626,1167,917,1048,712,1969,1926,764,1250
1974: 
321: 848,841,734,1079,1038,2007,1608,1910,249,1758,74,1161,657,555,1826,58,1698,2006,842,972,1039,1665
322: 
323: 1036,1170,1103,1294,2003,1843,1763,1638,1027,2002,243,1046,610,857,737,312,752,487,1676,1674,1944
1806: 863,2000,197,644,524,1549,236,54,1844,1748,660,916,1591,195,844,1113,1455,1387,298
325: 281,2008,673,1451,73,1770,1159,1894,1807,353,409,1563,130,473,1600,1555,1819,464,254,121,1391
1327: 450,560,176,1408,1142,542,566,1100,1834,2012,205,262,1225,1149,1239,421
327: 
328: 2010,19,1101,275,32,1752,508,1169,1717,1556,771,1602,727,579,1501,801,1086,80,1531,1072,1691,1927,1484,295,1347,93,34,132,1272,332,650,384,1129
329: 1500,1448,1236,523,1434,511,2004,114,529,1981,166,303,1961,11,1389,1863,536,460,617,520,1788,337,1426,1422
330: 
1586: 1260,1361,16,1851
332: 1691,1053,1927,1484,295,1347,93,34,132,1272,965,384,1129,2010,1101,275,1752,508,1169,1802,1717,1602,1420,579,1641,1086,80,1531,328,1072
333: 
334: 
335: 1294,1240,2003,588,1638,1027,793,2002,1046,1014,610,752,933,1213,1471,629,1674,1708,1153,1944
1991: 652,1639
337: 460,1097,617,1056,520,571,1942,1788,1426,1018,1422,1500,1448,1236,1434,2004,166,303,1961,11,329,536
338: 282,1746,1491,1034,1342,1171,2019,156,376,1912,296,615,18,1799,1401,546,703,998,620,446,1765,1734
339: 1865,997,2013,1198,315,1044,179,826,656,1876,1533,466,1019,1687,941,1855,72,2015,547,1828,1266,202,89,1011,140
1389: 1500,1448,523,1434,2004,114,529,1981,1961,11,329,1863,536,1426
341: 
1886: 
343: 69
1695: 
345: 977,1954,1778
346: 
347: 462,112,937
2013: 1865,997,1198,315,1044,339,179,826,656,1876,1533,1873,1569,466,102,1019,1687,941,173,1855,72,2015,547,676,1230,751,1828,1266,202,89,1011,140
1838: 607,1414,1521,777,1296,465,993,1666,1976,1749,646,1633,868,748,2005,970,1952,670,798,1878,850,638,1390,28,78
1399: 
351: 
1614: 
353: 281,2008,1257,673,1451,73,1114,1770,1159,1894,325,409,1563,130,473,741,1248,661,1600,1555,1819,464,1381,401,1822,254,1482,1759,1022,1261,1526,1391
1548: 193,1229,470,704,2014,1457,66,1902,478,1267,1111,1146,385,707,1705,1445,1720,800,1208,1,1393
1405: 
356: 1339,958,2001,358,1120,280,1281,1017,824,172,1243,29,437,375,1075,30,117
1500: 1448,1236,523,1434,511,2004,114,529,1981,166,303,1961,11,1389,329,1863,536,460,1097,617,1056,520,1942,1788,337,1426,1018,1422
358: 1339,958,2001,1120,280,1281,1017,824,172,1243,299,29,375,1075,30,117,356
1226: 1505,227
360: 
361: 
1968: 501
1316: 
364: 1463,1060
1835: 
1892: 1521,557,1666,1976,2005,61,1952,670,798,1878,638,28,474,828,1739,65,1245,78,1255
1826: 848,841,321,734,1079,1038,2007,1608,1910,249,1758,74,657,58,2006,842,972,1039,1665
1984: 981,21,1368,2016,1715,1363,1797,1016,44,1837,1618,472,621,1626,917,712,1969,764,1250
1198: 1865,997,2013,315,1044,339,179,826,656,1876,1533,1569,466,1019,1687,941,1855,72,2015,547,751,1828,202,89,1011
370: 
371: 
372: 1150
1426: 460,1097,617,1056,520,571,1942,1788,337,1018,1422,1500,1434,2004,1961,1389,329,536
374: 
375: 722,1339,958,2001,358,1281,1753,824,299,29,437,1075,30,356
376: 282,1510,1746,1491,1034,1342,1171,2019,156,1912,296,338,18,1799,1401,546,703,998,620,446,1867,1765,1147,1495
377: 626,1544,285
378: 
1935: 22
380: 
1315: 
1241: 400,1747
383: 
384: 1691,1053,1927,1484,295,1347,93,34,132,1272,965,332,650,1129,2010,1101,275,1752,508,1169,1717,1602,1420,579,1501,801,1641,1086,80,1531,328,1072
385: 1099,193,1229,470,704,2014,1457,812,66,1902,478,1267,1111,1146,1866,707,1004,1597,1705,1445,1720,800,45,1609,1047,1208,431,1,825,1546,1548,1338,1683,1166,1393,310
386: 
387: 922,135,100,1550,2018,1932,1887,1431,1059,309,1469
1493: 
389: 
390: 
1248: 2008,1257,673,1451,73,1114,1894,353,409,741,661,1819,464,1381,401,1822,1482,1759,1022,1261,1391,1191
392: 1066
1987: 
394: 
395: 
1641: 2010,1101,1752,508,1802,813,1300,1420,430,1588,579,1831,1531,1053,1484,1347,93,965,332,384,1129
397: 
398: 
399: 
400: 1241,1661,1747
401: 661,1819,464,1381,1822,1482,1759,1022,1261,1191,2008,1257,673,1451,73,1114,353,409,741,1248
402: 
1294: 1036,1170,1103,1240,2003,588,1843,1763,1638,1027,793,2002,243,1046,1014,610,857,737,312,752,933,1213,487,1676,1471,629,1674,1153,1944,323,335
1961: 1500,1448,1236,523,1434,2004,114,529,166,11,1389,329,1863,536,460,1097,617,1056,520,1788,337,1426,1018,1422
405: 1956
406: 1280
1162: 
408: 1041,581
409: 2008,673,1451,73,1114,1770,1894,353,325,473,741,1248,661,1555,1819,464,1381,401,1822,254,1482,1759,1022,1261,121,1526,1391
410: 
411: 
1390: 607,1521,777,1296,465,993,646,1633,748,1007,2005,1952,1838,1878,850,1458,28,78
413: 1697
414: 
1709: 488
416: 457,1900,982
417: 
1751: 
1580: 
420: 
421: 560,1885,1327,1408,1142,495,284,566,1100,2012,756,205,262,1239
1749: 607,1414,1521,777,1296,465,993,1666,646,1633,868,748,1007,2005,970,61,1838,670,798,1878,850,28
1532: 1292,176,1885,542,291,1834,2012,1682,1474,262,1225,1076,1149,1854
1964: 2010,19,1101,275,32,1752,508,1169,683,427,1802,1713,1717,813,1556,1602,1291,1300,1420,727,430,1588,129,579,1831,801,80,1531
1149: 1292,450,560,176,1885,1327,1408,284,542,1100,1834,2012,205,1474,262,1225,1532,1076,1239,1854
1291: 2010,1101,32,1752,508,683,427,1713,813,1556,1964,1300,727,430,1588,129,1831,801
427: 2010,19,1101,275,1752,1169,683,1713,1717,813,1556,1964,771,1602,1291,727,1588,129,1831,801,1086,80,1531
428: 1177
1295: 
430: 2010,1101,32,1752,508,1169,683,1802,813,1964,1602,1291,1300,1588,129,579,1831,801,1641,1531,1347,93,1129
431: 1099,193,470,2014,1902,478,1267,1146,1866,385,1200,1004,1597,1609,1047,1208,1,825,1546,1166,1393
432: 
1388: 906,1247,1541,1571,1223
434: 
1723: 
1495: 1217,1765,1147,1734,1746,1491,1034,2019,376,1912,296,703,998,620,446,1867
437: 722,958,2001,1281,1753,824,172,299,29,375,1075,30,117,356
438: 918
1827: 155,106
1550: 387,2018,1887,1431,1059
1986: 
1555: 661,1600,1819,464,1380,1381,1822,254,1482,1759,1022,121,1526,1391,281,2008,1257,673,1451,1770,1159,1894,353,325,409,130,741
443: 
1150: 372
445: 
446: 282,1510,1746,1491,1034,1171,2019,376,296,338,1799,1401,546,703,998,620,1867,1217,1765,1147,1734,1495
1565: 
2006: 848,841,321,734,1079,1038,2007,1608,1910,249,1758,74,1901,1161,657,555,1826,58,1698,842,972,1039,1665
449: 
450: 560,176,1327,1408,542,1100,1834,2012,205,1474,262,1225,1076,1149,1239,1854
1544: 626,285,377
1431: 135,100,387,1550,2018,1059,773,309,1469,1645
1752: 2010,19,1101,275,32,508,1169,683,427,1802,1713,1717,813,1556,1964,771,1602,1291,1300,1420,727,430,1588,129,579,1831,1501,801,1641,1086,80,1531,328,1072,1484,1347,93,965,332,384,1129
454: 
1540: 153,68
1271: 
457: 416,1900,982
1777: 
1227: 858
460: 1097,617,1056,520,571,1942,1788,337,1426,1018,1422,1500,1448,1236,1434,2004,114,529,166,1961,11,329,536
461: 1071,747,586,1428,1126,1083,1145,926,1293,592,2009,1647,1102,1278,662,503
462: 347,112,937
1811: 
464: 661,1600,1555,1819,1381,401,1822,254,1482,1759,1022,1261,1526,1391,1191,281,2008,1257,673,1451,73,1114,1159,1894,353,325,409,1563,741,1248
465: 607,1414,1521,557,777,993,1666,1976,1749,646,1633,868,2005,970,1952,1838,670,798,1878,850,638,1390,28,1739,1245,78,1255
466: 1873,1569,102,1019,1687,1533,997,2013,1198,315,339,656,1876,941,1855,72,2015,547,676,751,1828,1266,202,89,140
1183: 
468: 1805,795
1381: 661,1600,1555,1819,464,1380,401,1822,254,1482,1759,1022,1261,1526,1391,1191,2008,1257,673,1451,73,1159,1894,353,409,741,1248
470: 1099,193,1229,704,2014,1457,812,66,1902,478,1267,1111,1146,1866,385,707,1200,1004,1597,1705,1445,1720,800,45,1609,1047,1208,431,1,1975,825,1546,1548,1338,1683,1166,1393,310
1161: 841,321,1079,1038,2007,1910,249,1758,74,1901,58,1698,2006,842,1039,1665
472: 981,53,1984,21,1368,319,2016,287,1715,1363,1797,1016,44,1837,1618,634,621,1199,1943,1626,1167,917,764,1250
473: 281,2008,1257,673,1451,73,1114,1770,1159,1894,1807,353,325,409,1563,130,741,1819,254,1391
474: 1521,557,1666,1976,2005,670,798,638,28,1892,828,1739,65,1245,78,1255
1902: 1099,193,1229,470,704,2014,1457,812,66,478,1267,1111,1146,1866,385,707,1200,1004,1597,1705,1445,1720,800,45,1609,1047,1208,431,1,825,1546,1548,1338,1683,1166,1393,310
476: 
477: 1071,586,1428,1126,1658,1083,926,1293,2009,1647,1102,662,594,1918,1023,1780
478: 1099,193,1229,470,704,2014,1457,66,1902,1267,1111,1146,1866,385,707,1004,1597,1705,1720,1609,1047,1208,431,1,1548,1166,1393
1258: 1711
1236: 1500,1448,523,1434,511,2004,114,529,1981,166,303,1961,11,329,1863,536,460,617,1056,520,1942,1788,337,1018,1422
481: 
1937: 
1882: 960,1930,695,2017,544,1632,968,1163,1547,1908
484: 
485: 
486: 1274,1330
487: 1036,1170,1103,1294,2003,588,1763,1638,1027,793,2002,243,610,857,312,1676,1674,1708,1944,323
488: 1709
1530: 1115
1665: 848,841,321,734,1079,2007,1910,249,74,1161,657,1826,58,2006,842,1039
1851: 1586,1361,16
492: 133,1559,923,778,2011,1860,1283,790,1285,1849
493: 
494: 
495: 1292,560,1885,1408,1142,284,566,1100,1834,2012,1682,756,262,1239,1854,421
1688: 830
1845: 133,218,2011,1283,790,1285,1849
498: 645,928,1615
499: 
1654: 
501: 1968
1553: 1144,1460,17
503: 1071,747,586,1428,1126,1083,1145,926,1293,592,2009,1278,662,461
1993: 
2017: 960,1718,1930,695,1640,1882,544,1632,968,1163,1547,1908
1274: 486,1330
1650: 992,510
508: 2010,1101,275,32,1752,1169,683,1802,1717,813,1556,1964,1602,1291,1300,1420,727,430,1588,129,579,1831,1501,801,1641,1086,1531,328,1053,1484,295,1347,93,34,965,332,384,1129
1661: 400
510: 992,1650
511: 1500,1448,1236,523,2004,114,1981,166,303,329,1863,1422
1790: 
1482: 661,1600,1555,1819,464,1380,1381,401,1822,254,1759,1022,1261,1526,1391,1191,2008,1257,673,1159,1894,353,409,741,1248
1805: 795,468
2011: 133,1559,923,778,218,1845,492,1860,731,1283,790,1285,1849
516: 
1156: 
1439: 
519: 
520: 460,1097,617,1056,571,1942,1788,337,1426,1018,1422,1500,1236,1434,2004,166,303,1961,329,536
521: 
1283: 133,1559,923,778,218,2011,1845,492,1860,790,1285,1849
523: 1500,1448,1236,1434,511,2004,114,529,1981,166,303,1961,1389,329,1863
524: 863,2000,197,644,1549,54,1844,1748,1806,660,916,1591,195,298
525: 
526: 
1551: 
528: 1656
529: 1500,1448,1236,523,1434,2004,114,1981,1961,11,1389,329,1863,536,460,1788,1018
530: 
531: 
532: 1104
1210: 
534: 874
1261: 661,1819,464,1380,1381,401,1822,254,1482,1759,1022,1526,1391,1191,2008,673,73,353,409,741,1248
536: 1500,1448,1236,1434,2004,114,529,1961,11,1389,329,1863,460,1097,1056,520,1788,337,1426,1018
1223: 1388,906,1247,1541,1571
1963: 942,1303
539: 
1949: 1098
1254: 1440,1696
542: 1292,450,560,176,1885,1327,1408,291,1834,2012,1682,205,1474,262,1225,1532,1076,1149,1239,1854
543: 
544: 960,1718,1930,695,1640,1882,2017,1632,968,1163,1547,1908
1824: 
546: 282,1510,1034,1171,2019,156,376,296,338,615,18,1799,1401,703,998,620,446,1867,1765,1147
547: 941,173,1855,72,2015,676,751,1828,1266,202,89,1011,140,1533,997,2013,1198,315,339,656,1876,1873,1569,466,102,1019,1687
1592: 
1739: 65,1245,78,1255,607,1521,557,777,465,1666,1976,1633,2005,61,1952,670,798,1878,1458,638,28,1892,474,828
1674: 1036,1170,1294,1240,2003,1843,1638,1027,793,2002,243,1046,1014,610,857,312,933,487,1471,629,1708,1944,323,335
551: 
1976: 607,1414,1521,557,777,465,1666,646,2005,1952,1838,670,798,1878,850,638,28,1892,474,828,1739,65,1245,78,1255
1230: 173,1855,72,2015,751,1828,89,1011,1865,997,2013,826,656,1876
554: 
555: 848,841,321,734,1038,2007,1608,1910,249,1758,74,1901,657,1698,2006,972,1039
1259: 1442,25
557: 1521,777,465,1666,1976,646,1633,868,2005,970,61,1952,670,798,1878,1458,638,28,1892,474,828,1739,65,78
1484: 1691,1053,1347,132,1272,965,332,384,1129,2010,1101,275,1752,508,1802,1717,1602,1420,1588,579,1641,80,1531,328,1072
1915: 
560: 450,176,1885,1327,1408,1142,495,284,542,566,1100,1834,2012,205,262,1225,1149,1239,1854,421
1513: 1836
562: 
1351: 
1954: 345,977,1778
565: 714,832
566: 1292,560,176,1885,1327,1408,1142,495,284,1100,1834,2012,1682,756,205,262,1239,1854,421
1717: 2010,19,1101,275,1752,508,1169,427,1802,1964,1602,1420,1588,579,1831,801,1086,80,1531,328,1072,1053,1484,1347,1272,965,332,384
568: 20
1885: 1292,560,176,1408,1142,495,284,542,566,1100,1834,2012,1682,756,205,262,1532,1149,1239,1854,421
1793: 
571: 460,1097,617,1056,520,1942,1788,337,1426,1422,1434,2004
1517: 
1239: 1292,450,560,176,1885,1327,1408,1142,495,284,542,566,291,1100,1834,2012,1682,756,205,262,1225,1149,1854,421
1167: 53,1368,319,2016,287,1715,1363,1797,1016,44,472,634,621,1199,1943,1626
1434: 1500,1448,1236,523,2004,114,529,166,303,1961,11,1389,329,536,460,1097,617,1056,520,571,1942,1788,337,1426,1422
576: 
1518: 
578: 808
579: 2010,1101,275,32,1752,508,1169,1802,1717,813,1964,1602,1300,1420,430,1588,1831,801,1641,80,1531,328,1072,1053,1484,1347,93,34,1272,965,332,384,1129
1401: 282,1510,1034,230,1171,2019,763,376,338,615,18,1799,546,703,998,620,446,1867,1765
581: 1041,408
1559: 133,923,778,2011,492,1860,1283,790,1285,1849
583: 
1225: 450,560,176,1327,1408,542,291,1834,2012,1474,262,1532,1076,1149,1239,1854
585: 
586: 1071,747,1428,1126,1658,1083,1145,926,1293,592,2009,1102,1278,477,662,503,461,1523,594,1918,1023,1780
1748: 863,2000,197,644,524,1549,236,54,1844,1806,660,916,1591,195,844,1113,1455,1387,298
588: 1103,1294,2003,1843,1763,1638,1027,793,2002,243,610,857,752,933,487,1471,629,1708,1153,1944,335
1402: 
1696: 1254
1953: 
592: 747,586,1126,1145,2009,1278,503,461
593: 
594: 1071,586,1428,1083,926,1293,2009,1647,1102,477,662,1918,1023
1268: 
596: 
597: 
598: 1385,1082
599: 1452
600: 
1711: 1258
602: 
603: 
604: 
605: 
606: 
607: 1414,1521,777,1296,465,993,1666,1976,1749,646,1633,748,1007,2005,1952,1838,1878,850,1458,638,1390,28,1739,1245,78
1867: 282,1510,1171,2019,376,296,1401,546,703,998,620,446,1765,1147,1495
1561: 810
610: 1036,1170,1103,1294,1240,2003,588,1843,1763,1638,1027,793,2002,243,1046,1014,857,312,933,487,1676,1471,629,1674,1708,1944,323,335
1523: 747,586,1428,1126,1658,1083,1145,2009,1278,1023,1780
1145: 747,586,1428,1126,1083,592,2009,1278,503,461,1523
1539: 
1669: 855
615: 1510,1034,1342,230,1171,2019,763,1025,338,18,1799,1401,546,703,998
616: 1582
617: 460,520,571,1942,337,1426,1422,1500,1236,1434,2004,166,303,1961,329
618: 
619: 258
620: 282,1746,1491,1034,1171,2019,156,376,1912,296,338,18,1799,1401,546,703,998,446,1867,1217,1765,1147,1734,1495
621: 981,53,1984,21,1368,319,2016,287,1715,1363,1797,1016,44,1837,1618,472,634,1199,1943,1626,1167,917,712,1969,1926,764,1250
622: 
1812: 
624: 1783
625: 663,1015
626: 1544,285,377
2009: 1071,747,586,1428,1126,1658,1083,1145,926,1293,592,1647,1102,1278,477,662,503,461,1523,594,1918,1023,1780
1603: 
629: 1294,1240,2003,588,1638,1027,793,2002,1014,610,933,1471,1674,1708,1153,1944,335
1414: 607,1521,1296,465,1666,1976,1749,646,1633,868,2005,970,1838,670,798,850
1769: 
632: 
1497: 
634: 981,53,2016,287,1715,1363,1797,1016,44,472,621,1199,1943,1626,1167
1292: 176,1885,495,284,542,566,291,1834,2012,1682,756,262,1532,1076,1149,1239,1854
1927: 1691,295,1347,93,34,132,332,650,384,2010,1169,771,1602,1501,1086,1531,328,1072
637: 1037,213,934
638: 607,1521,557,777,465,1666,1976,646,1633,868,2005,970,61,1952,1838,670,798,1878,850,28,1892,474,828,1739,65,1245,78,1255
1683: 193,1229,470,704,2014,812,1902,385,707,1597,1445,1720,800,45,1975,825,1546,1338,1393,310
1542: 
641: 
1615: 645,928,498
1855: 941,173,72,2015,547,676,1230,751,1828,1266,202,89,1011,140,1533,1865,997,2013,1198,315,1044,339,826,656,1876,1569,466,102,1019,1687
644: 863,2000,197,524,1549,236,54,1844,1748,1806,660,916,1591,195,844,1455,298
645: 928,1615,498
646: 607,1414,1521,557,777,1296,465,993,1666,1976,1749,1633,868,748,1007,2005,970,61,1952,1838,670,798,1878,850,1458,638,1390,28,78
647: 
1656: 528
649: 
650: 1691,1927,295,132,384,2010,771,1501,1086,80,1531,328,1072
651: 
652: 1991
653: 715,781
1573: 
655: 
656: 1865,997,2013,1198,315,1044,339,179,826,1876,1533,466,1019,941,173,1855,72,2015,547,676,1230,751,1828,1266,202,89,1011,140
657: 848,841,321,734,1079,1038,2007,1608,1910,249,74,555,1826,2006,842,972,1039,1665
1633: 607,1414,1521,557,777,1296,465,993,1666,1749,646,868,748,1007,2005,970,61,1952,1838,670,798,1878,850,1458,638,1390,28,828,1739,78
659: 
660: 863,2000,197,644,524,1549,54,1844,1748,1806,916,195,844,298
661: 1600,1555,1819,464,1380,1381,401,1822,254,1482,1759,1022,1261,121,1526,1391,1191,2008,673,73,1770,1894,353,409,130,741,1248
662: 1071,747,586,1428,1126,1658,1083,926,1293,2009,1647,1102,1278,477,503,461,594,1918,1023
663: 625,1015
664: 
1796: 1082,1068
666: 
1303: 942,1963
668: 
669: 
670: 1414,1521,557,465,1666,1976,1749,646,1633,868,2005,970,61,1838,798,1878,638,28,1892,474,828,1739,78
671: 
1912: 1746,1491,1034,1342,2019,156,376,1025,296,338,18,1799,703,620,1217,1734,1495
673: 281,2008,1257,1451,73,1114,1159,1894,353,325,409,1563,473,741,1248,661,1555,1819,464,1381,401,1822,254,1482,1022,1261,1391
1765: 1217,1147,1734,1495,282,1746,1034,1171,2019,156,376,296,338,1401,546,703,998,620,446,1867
675: 
676: 941,173,1855,72,2015,547,751,1828,1266,202,89,1011,140,2013,656,1569,466,102
1572: 
678: 
679: 
1541: 1388,1247,1571,1223
681: 
1776: 
683: 2010,32,1752,508,1169,427,1713,813,1556,1964,1291,727,430,129,1831,801
684: 
1511: 
1969: 712,1926,764,1250,981,1984,1368,319,2016,1797,1016,1837,1618,621,1626,917
1269: 235,1359,1051,713,147
1778: 345,977,1954
1840: 
690: 
1951: 
1166: 1099,470,2014,1457,66,1902,478,1267,1146,1866,385,1004,1597,1705,1609,1047,1208,431,1,1393
1213: 1294,1240,2003,1843,1763,1027,2002,1046,1014,737,752,933,1471,1153,1944,335
1446: 
695: 960,1718,1930,1640,1882,2017,544,968,1163,1547,1908
1256: 
1874: 
698: 1519
1455: 844,1113,1387,298,2000,197,644,236,1844,1748,1806,916
1491: 1746,1034,1342,230,1171,2019,156,376,1912,1025,296,338,18,1799,703,998,620,446,1495
1584: 
1296: 607,1414,1521,993,1666,1749,646,1633,868,748,1007,2005,970,61,1838,1878,850,1458,1390,28
703: 282,1510,1746,1491,1034,1342,230,1171,2019,763,156,376,1912,296,338,615,18,1799,1401,546,998,620,446,1867,1765,1147,1495
704: 193,1229,470,2014,1457,812,66,1902,478,1111,1866,385,707,1004,1597,1705,1445,1720,800,45,1208,1,1546,1548,1338,1683,1393,310
705: 
706: 1203
707: 1099,193,1229,470,704,2014,812,66,1902,478,1111,1146,1866,385,1200,1004,1597,1705,1445,1720,800,45,1609,1047,1208,1,1975,825,1546,1548,1338,1683,1393,310
1666: 607,1414,1521,557,777,1296,465,1976,1749,646,1633,868,2005,970,61,1952,1838,670,798,1878,850,1458,638,28,1892,474,828,1739,65,1245,78,1255
709: 
710: 
711: 
712: 1969,1926,764,1250,981,1984,1368,319,2016,1837,1618,621,917
713: 1269,235,1359,1051,1234
714: 565
715: 653,781
1876: 1865,997,2013,1198,315,1044,339,826,656,1533,466,1019,941,173,1855,72,2015,547,1230,1266,202,89,1011,140
717: 
1420: 2010,1101,275,1752,508,1802,1717,813,1964,1602,1300,1588,579,1831,1641,80,1531,1053,1484,1347,1272,965,332,384,1129
1944: 1036,1170,1103,1294,1240,2003,588,1843,1763,1638,1027,793,2002,243,1046,1014,610,857,737,312,752,933,1213,487,1471,629,1674,1708,1153,323,335
1626: 981,53,1984,1368,319,2016,287,1715,1797,1016,44,1837,1618,472,634,621,1199,1943,1167,917,1048,1969,1926,1250
1677: 15
722: 1934,1339,958,2001,1753,824,172,299,29,437,375,1075,30
1734: 1217,1765,1147,1495,282,1746,1034,2019,156,1912,296,338,620,446
724: 932,834
1579: 969
1668: 1369,1443
727: 2010,19,1101,275,32,1752,508,1169,683,427,1713,813,1556,1964,771,1602,1291,1588,129,1831,1501,801,1086,80,1531,328
1613: 141
1472: 
1704: 816
731: 923,778,218,2011,790
732: 
1933: 
734: 848,841,321,1079,1038,2007,1608,1910,249,1758,74,657,555,1826,1698,2006,842,972,1039,1665
735: 
736: 
737: 1170,1294,1240,2003,1843,1763,1027,2002,1046,1014,312,752,933,1213,1944,323
738: 182
739: 1700,1033,1115
740: 
741: 281,2008,1257,673,1451,73,1114,1159,1894,353,409,1563,473,1248,661,1555,1819,464,1381,401,1822,254,1482,1759,1022,1261,1191
1549: 863,2000,197,644,524,54,1844,1748,1806,660,916,195,298
1429: 
1591: 863,2000,644,524,236,1844,1748,1806,916,195,1113
1800: 
1567: 
747: 1071,586,1428,1126,1083,1145,926,592,2009,1278,662,503,461,1523,1023
748: 607,1521,777,1296,993,1749,646,1633,868,1007,2005,61,1952,1838,1878,850,1458,1390,28
1408: 450,560,176,1885,1327,1142,495,284,542,566,1100,1834,2012,756,205,262,1225,1149,1239,1854,421
1205: 1979,931,1815
751: 941,173,1855,72,2015,547,676,1230,1828,1266,202,89,1011,140,1533,1865,997,2013,1198,656,1569,466
752: 1294,1240,2003,588,1843,1763,1638,1027,2002,243,1046,1014,737,933,1213,1471,1153,1944,323,335
753: 859
754: 
1203: 706
756: 1292,176,1885,1408,495,284,566,291,1100,1834,2012,1682,262,1239,1854,421
1606: 94
758: 
759: 
1684: 
761: 
762: 
763: 1510,230,1171,2019,1025,615,18,1799,1401,703,998
764: 712,1969,1926,1250,981,1984,21,1368,319,2016,287,1363,1797,1837,1618,472,621,1199,917
765: 1958
1645: 1469,922,135,100,2018,1431,1059,773,309
767: 
1215: 
1152: 
1445: 193,1229,470,704,2014,812,66,1902,1111,1146,385,707,1720,800,45,1208,1,1548,1338,1683
771: 2010,19,275,32,1752,1169,427,1556,1602,727,1501,801,1086,80,1531,328,1072,1927,295,650
1280: 406
773: 135,100,2018,1431,1059,309,1645
1264: 
775: 1362,111
1301: 
777: 607,1521,557,465,993,1666,1976,1749,646,1633,748,2005,1952,1838,1878,850,1458,638,1390,28,828,1739,65,1245,78
778: 133,1559,923,218,2011,492,1860,731,1283,790,1285,1849
1339: 722,1934,958,2001,358,1120,280,1281,1017,824,172,1243,299,29,375,1075,30,356
780: 
781: 715,653
1705: 1099,1229,470,704,2014,1457,812,66,1902,478,1267,1111,1866,385,707,1004,1597,1720,1208,1,1548,1166,1393,310
1288: 
784: 1412
1785: 
786: 
787: 
788: 
789: 
790: 133,1559,923,778,218,2011,1845,492,1860,731,1283,1285,1849
791: 
1708: 1103,2003,588,1638,793,2002,1014,610,933,487,1471,629,1674,1153,1944,335
793: 1036,1103,1294,2003,588,1763,1638,1027,2002,243,1014,610,857,933,487,1471,629,1674,1708,1153,1944,335
794: 
795: 1805,468
796: 
797: 
798: 1414,1521,557,465,1666,1976,1749,646,1633,868,2005,970,61,1838,670,1878,638,28,1892,474,828,1739,78
1218: 
800: 193,1229,470,704,2014,812,66,1902,1111,1146,1866,385,707,1597,1445,1720,45,1609,1047,1208,1,825,1546,1548,1338,1683,1393,310
801: 2010,19,1101,275,32,1752,508,1169,683,427,1713,1717,813,1556,1964,771,1602,1291,727,430,1588,129,579,1831,1501,1086,80,1531,328,1072,295,1347,93,384
1917: 
1502: 
1609: 1099,193,470,2014,1902,478,1267,1111,1146,1866,385,707,1200,1004,1597,800,1047,1208,431,1,825,1546,1338,1166,1393
1185: 
1347: 1053,1927,1484,295,93,34,132,1272,965,332,384,1129,2010,1101,275,32,1752,508,1169,1802,1717,1602,1300,1420,430,1588,579,1831,801,1641,1086,80,1531,328,1072
1293: 1071,586,1428,1658,926,2009,1647,1102,477,662,503,461,594,1918
808: 578
1946: 
810: 1714,1561
1571: 1388,906,1247,1541,1223
812: 1229,470,704,2014,1902,1866,385,707,1597,1705,1445,1720,800,45,1,1975,1546,1338,1683,1393,310
813: 2010,1101,275,32,1752,508,683,427,1802,1713,1964,1602,1291,1300,1420,727,430,1588,129,579,1831,801,1641
1901: 841,1079,1038,2007,1910,249,1758,74,1161,555,58,1698,2006,1039
1849: 133,1559,923,778,218,2011,1845,492,1860,1283,790,1285
816: 1704
817: 
818: 
819: 
1802: 2010,1101,275,1752,508,1717,813,1964,1602,1300,1420,430,1588,579,1831,1641,1531,1053,1484,1347,965,332,1129
1533: 997,2013,1198,315,1044,339,179,826,656,1876,1873,1569,466,102,1019,1687,941,1855,72,2015,547,751,1828,1266,202,89,140
822: 55
1898: 
824: 722,1934,1339,958,2001,358,1120,280,1281,1017,1753,172,1243,299,29,437,375,1075,30,117,356
825: 1099,193,470,2014,1902,1146,1866,385,707,1200,1597,800,45,1609,1047,1208,431,1,1975,1546,1338,1683,1393,310
826: 1865,997,2013,1198,315,1044,339,179,656,1876,1533,1855,72,2015,1230,1266,202,89,1011
827: 
828: 1521,557,777,1666,1976,1633,2005,61,1952,670,798,1878,1458,638,28,1892,474,1739,65,1245,78,1255
1975: 1099,470,2014,812,1866,707,1200,1597,45,1047,825,1546,1338,1683,1393,310
830: 1688
1608: 848,841,321,734,1079,1038,2007,1910,249,1758,74,657,555,1826,1698,2006,842,972,1039
832: 565
833: 
834: 932,724
1602: 2010,19,1101,275,32,1752,508,1169,427,1802,1717,813,1556,1964,771,1420,727,430,1588,129,579,1831,1501,801,1086,80,1531,328,1072,1691,1927,1484,295,1347,93,132,965,332,384,1129
836: 
1942: 460,1097,617,1056,520,571,1788,337,1426,1018,1422,1500,1236,1434,2004,166,303
2016: 981,53,1984,21,1368,319,287,1715,1363,1797,1016,44,1837,1618,472,634,621,1199,1943,1626,1167,917,1048,712,1969,1926,764,1250
1232: 
1894: 281,2008,1257,673,1451,73,1114,1770,1159,1807,353,325,409,1563,130,473,741,1248,661,1600,1555,1819,464,1381,254,1482,1022,121,1526,1391
841: 848,321,734,1079,1038,2007,1608,1910,249,1758,74,1901,1161,657,555,1826,58,1698,2006,842,972,1039,1665
842: 841,321,734,1079,2007,1608,249,74,1161,657,1826,2006,1039,1665
843: 
844: 1113,1455,1387,298,2000,197,644,54,1748,1806,660
1844: 863,2000,197,644,524,1549,236,1748,1806,660,916,1591,195,1455,298
1690: 1504,105,63,76
1843: 1036,1170,1294,1240,2003,588,1763,1638,1027,2002,243,1046,1014,610,857,737,312,752,933,1213,1471,1674,1153,1944,323
848: 841,321,734,1079,1038,2007,1608,1910,249,657,555,1826,2006,972,1039,1665
849: 1349
850: 607,1414,1521,777,1296,465,993,1666,1976,1749,646,1633,868,748,1007,2005,1952,1838,1878,638,1390,28,78
1329: 
1569: 1873,466,102,1019,1687,1533,2013,1198,941,1855,72,2015,547,676,751,1828,202,89,140
1891: 
1507: 
855: 1669
1691: 1053,1927,1484,295,93,34,132,1272,332,650,384,2010,1602,1086,80,1531,328,1072
857: 1036,1170,1103,1294,2003,588,1843,1763,1638,1027,793,2002,243,1046,610,312,487,1676,1674,1944,323
858: 1914,1227
859: 753
1952: 607,1521,557,777,465,993,1666,1976,646,1633,748,1007,2005,61,1838,1878,850,1458,638,1390,28,1892,828,1739,65,1245,78
1875: 
862: 
863: 2000,197,644,524,1549,236,1844,1748,1806,660,916,1591,195
864: 
1299: 1028
1747: 1241,400
2019: 282,1510,1746,1491,1034,1342,230,1171,763,156,376,1912,1025,296,338,615,18,1799,1401,546,703,998,620,446,1867,1217,1765,1147,1734,1495
868: 1414,1521,557,1296,465,1666,1749,646,1633,748,1007,2005,970,61,1838,670,798,1878,850,638,28
869: 1276
870: 
1595: 
872: 
1585: 1092,31
874: 534
1934: 722,1339,958,2001,1753,824,172,1243,29,30
876: 
1852: 
878: 
1440: 1254
880: 
1887: 922,135,100,387,1550,2018,1932,1059,309,1469
882: 
2018: 922,135,100,387,1550,1932,1887,1431,1059,773,309,1469,1645
1492: 
1378: 
1560: 889
1836: 1513
1508: 
889: 1560
1698: 841,321,734,1079,1038,2007,1608,1910,249,1758,74,1901,1161,555,2006,972,1039
1818: 
1918: 1071,586,1428,1126,1658,1083,926,1293,2009,1647,1102,477,662,594,1023,1780
893: 
1338: 193,1229,470,704,2014,812,1902,1111,1146,1866,385,707,1200,1597,1445,800,45,1609,1047,1208,1,1975,825,1546,1683,1393,310
1421: 
1921: 268,1020
1300: 2010,1101,1752,508,1802,813,1964,1291,1420,430,1588,579,1831,1641,1347,965
898: 
1566: 
1714: 810,1050
1448: 1500,1236,523,1434,511,2004,114,529,1981,166,1961,11,1389,329,1863,536,460,1056,1788,337,1018,1422
1147: 1217,1765,1734,1495,282,1746,2019,376,296,546,703,998,620,446,1867
1506: 
1510: 1034,230,1171,2019,763,376,615,18,1799,1401,546,703,998,446,1867
1597: 1099,193,1229,470,704,2014,1457,812,66,1902,478,1267,1111,1146,1866,385,707,1200,1004,1705,1720,800,45,1609,1047,1208,431,1,1975,825,1546,1338,1683,1166,1393,310
906: 1388,1571,1223
907: 
1224: 
1450: 
910: 
1536: 
912: 
1676: 1036,1170,1103,1294,2003,1763,1638,2002,243,610,857,487,323
1792: 
915: 188
916: 863,2000,197,644,524,1549,236,1844,1748,1806,660,1591,195,1113,1455,298
917: 981,53,1984,1368,319,2016,1797,1016,44,1837,1618,472,621,1199,1626,1048,712,1969,1926,764,1250
918: 438
919: 
920: 
1900: 457,416,982
922: 135,100,387,2018,1932,1887,1059,309,1469,1645
923: 133,1559,778,218,2011,492,731,1283,790,1849
1526: 661,1600,1555,1819,464,1380,1381,254,1482,1759,1022,1261,121,1391,2008,1770,1159,1894,353,409,130
925: 
926: 1071,747,586,1428,1126,1658,1083,1293,2009,1647,1102,1278,477,662,503,461,594,1918,1023,1780
1788: 460,1097,1056,520,571,1942,337,1426,1018,1422,1500,1448,1236,1434,2004,114,529,166,1961,11,329,536
928: 645,1615,498
2007: 848,841,321,734,1079,1038,1608,1910,249,1758,74,1901,1161,657,555,1826,58,1698,2006,842,972,1039,1665
930: 
931: 1815,1979,1205
932: 834,724
933: 1294,1240,2003,588,1843,1763,1638,1027,793,2002,243,1046,1014,610,737,312,752,1213,1471,629,1674,1708,1153,1944,335
934: 1155,1037,637
935: 
1496: 
937: 347,462,112
1170: 1036,1294,1240,2003,1843,1763,1638,1027,2002,243,1046,1014,610,857,737,312,487,1676,1674,1944,323
1713: 2010,19,275,1752,683,427,813,1556,1964,1291,727,1588,129,1831,801
1302: 
941: 173,1855,72,2015,547,676,751,1828,1266,202,89,1011,140,1533,1865,997,2013,1198,315,1044,339,179,656,1876,1873,1569,466,102,1019,1687
942: 1303,1963
1746: 282,1491,1034,1342,2019,156,376,1912,296,338,703,998,620,446,1217,1765,1147,1734,1495
1531: 2010,19,1101,275,32,1752,508,1169,427,1802,1717,1556,1964,771,1602,1420,727,430,1588,579,1831,1501,801,1641,1086,80,328,1072,1691,1053,1927,1484,295,1347,93,34,132,1272,965,332,650,384,1129
1640: 960,1718,1930,695,2017,544,968,1163,1547,1908
946: 
1486: 1400
1981: 1500,1448,1236,523,511,2004,114,529,166,1389,329,1863
1998: 
1822: 661,1555,1819,464,1380,1381,401,254,1482,1759,1022,1261,1191,2008,1257,673,353,409,741,1248
951: 
1244: 
1873: 1569,466,102,1019,1687,1533,2013,941,2015,547,202
1582: 616
955: 
1459: 
1830: 
958: 722,1934,1339,2001,358,1120,1281,1753,824,172,1243,299,29,437,375,1075,30,356
1243: 1934,1339,958,2001,358,1120,1017,824,172,29,30,117,356
960: 1930,695,1640,1882,2017,544,1632,968,1163,1547,1908
2000: 863,197,644,524,1549,236,54,1844,1748,1806,660,916,1591,195,844,1113,1455,1387,298
1453: 
963: 
1958: 765
965: 1053,1484,1347,93,34,1272,332,384,1129,2010,1101,1752,508,1802,1717,1602,1300,1420,1588,579,1641,80,1531
966: 1512
1763: 1036,1170,1103,1294,1240,2003,588,1843,1638,1027,793,2002,243,1046,610,857,737,312,752,933,1213,487,1676,1471,1153,1944,323
968: 960,1718,1930,695,1640,1882,2017,544,1632,1163,1547,1908
969: 1579
970: 1414,1521,557,1296,465,1666,1749,646,1633,868,2005,1838,670,798,638
1356: 
972: 848,841,321,734,1038,2007,1608,1910,1758,657,555,1826,1698,2006,1039
1600: 661,1555,1819,464,1381,254,1482,1759,121,1526,1391,2008,1770,1159,1894,353,325,130
1285: 133,1559,778,218,2011,1845,492,1860,1283,790,1849
1700: 739,1033,1115
1943: 981,53,1368,319,2016,287,1715,1363,1797,1016,44,1618,472,634,621,1199,1626,1167
977: 345,1954,1778
978: 
979: 
1234: 713
981: 1984,21,1368,319,2016,287,1715,1363,1797,1016,44,1837,1618,472,634,621,1199,1943,1626,917,712,1969,764,1250
982: 457,416,1900
983: 1192
1687: 1873,1569,466,102,1019,1533,2013,1198,339,179,941,1855,72,2015,547,1828,202
1169: 2010,19,1101,275,32,1752,508,683,427,1717,1556,1964,771,1602,727,430,129,579,1831,1501,801,1086,80,1531,328,1072,1927,295,1347,93,34,132,332,384,1129
1862: 
1866: 1099,470,704,2014,1457,812,1902,478,1146,385,707,1200,1004,1597,1705,800,45,1609,1047,431,1,1975,825,1546,1338,1166,1393,310
1498: 
1519: 698
990: 
2015: 941,173,1855,72,547,676,1230,751,1828,1266,202,89,1011,140,1533,1865,997,2013,1198,315,1044,339,179,826,656,1876,1873,1569,466,102,1019,1687
992: 1650,510
993: 607,1521,777,1296,465,1749,646,1633,748,1007,2005,1952,1838,1878,850,1458,1390,28
994: 
995: 
996: 
997: 1865,2013,1198,315,1044,339,179,826,656,1876,1533,466,941,173,1855,72,2015,547,1230,751,1828,1266,89,1011
998: 282,1510,1746,1491,1034,1342,230,1171,2019,763,156,376,1025,296,338,615,18,1799,1401,546,703,620,446,1867,1765,1147,1495
999: 
1819: 661,1600,1555,464,1381,401,1822,254,1482,1759,1022,1261,121,1526,1391,281,2008,1257,673,1451,73,1114,1770,1159,1894,353,325,409,1563,130,473,741,1248
1794: 
1002: 
1483: 
1004: 1099,193,470,704,2014,1457,66,1902,478,1267,1111,1146,1866,385,707,1200,1597,1705,1720,1609,1047,1208,431,1,1546,1166,1393,310
1142: 560,1885,1327,1408,495,284,566,1100,1834,2012,205,262,1239,421
1703: 
1007: 607,1521,1296,993,1749,646,1633,868,748,2005,61,1952,1878,850,1458,1390,28
1554: 
1009: 
1267: 1099,193,470,2014,1457,66,1902,478,1111,1146,385,1004,1597,1705,1720,1609,1047,1208,431,1,1548,1166,1393
1011: 941,173,1855,72,2015,547,676,1230,751,1828,1266,202,89,140,1865,997,2013,1198,315,1044,339,826,656,1876
1442: 1259,25
1441: 
1014: 1036,1170,1294,1240,2003,1843,1638,1027,793,2002,1046,610,737,312,752,933,1213,1471,629,1674,1708,1153,1944,335
1015: 625,663
1016: 981,1984,21,1368,2016,287,1715,1363,1797,44,1837,1618,472,634,621,1943,1626,1167,917,1969,1250
1017: 1339,2001,358,1120,280,1281,824,172,1243,29,1075,30,117,356
1018: 460,1097,1056,520,1942,1788,337,1426,1500,1448,1236,2004,529,1961,11,536
1019: 1873,1569,466,102,1687,1533,2013,1198,315,339,656,1876,941,1855,72,2015,547,1266,202,140
1020: 268,1921
1412: 784
1022: 661,1555,1819,464,1380,1381,401,1822,254,1482,1759,1261,121,1526,1391,1191,2008,673,1451,73,1770,1894,353,409,741,1248
1023: 1071,747,586,1428,1126,1658,1083,926,2009,1102,477,662,1523,594,1918,1780
1024: 264
1025: 1491,1034,1342,230,1171,2019,763,156,1912,615,18,1799,998
1177: 428
1027: 1036,1170,1294,1240,2003,588,1843,1763,1638,793,2002,243,1046,1014,610,857,737,312,752,933,1213,487,1471,629,1674,1153,1944,323,335
1028: 1299
1621: 
1030: 
1260: 1586,1361,16
1770: 2008,1451,73,1159,1894,1807,353,325,409,130,473,661,1600,1555,1819,254,1022,121,1526,1391
1033: 1115,1700,739
1034: 282,1510,1746,1491,1342,230,1171,2019,156,376,1912,1025,296,338,615,18,1799,1401,546,703,998,620,446,1765,1734,1495
1854: 1292,450,560,176,1885,1408,495,284,542,566,291,1834,2012,1682,756,1474,262,1225,1532,1076,1149,1239
1036: 1170,1103,1294,2003,1843,1763,1638,1027,793,2002,243,1046,1014,610,857,312,487,1676,1674,1944,323
1037: 213,637,934
1038: 848,841,321,734,1079,2007,1608,1910,249,1758,74,1901,1161,657,555,1826,58,1698,2006,972,1039
1039: 848,841,321,734,1079,1038,2007,1608,1910,249,1758,74,1901,1161,657,555,1826,58,1698,2006,842,972,1665
1040: 1379
1041: 581,408
1521: 607,1414,557,777,1296,465,993,1666,1976,1749,646,1633,868,748,1007,2005,970,61,1952,1838,670,798,1878,850,1458,638,1390,28,1892,474,828,1739,78
1043: 
1044: 1865,997,2013,1198,315,339,179,826,656,1876,1533,941,1855,72,2015,1828,89,1011
1240: 1170,1294,2003,1843,1763,1638,1027,2002,1046,1014,610,737,312,752,933,1213,1471,629,1674,1153,1944,335
1046: 1036,1170,1294,1240,2003,1843,1763,1027,2002,1014,610,857,737,312,752,933,1213,1674,1944,323,335
1047: 1099,193,470,2014,1902,478,1267,1111,1146,1866,385,707,1200,1004,1597,800,45,1609,1208,431,1,1975,825,1546,1338,1166,1393,310
1048: 53,319,2016,1797,1199,1626,917
1359: 1269,235,1051,713,147
1050: 1714
1051: 1269,235,1359,713
1140: 
1053: 1691,1484,1347,93,34,132,1272,965,332,384,1129,2010,1101,508,1802,1717,1420,579,1641,1531
1054: 
1055: 
1056: 460,1097,520,571,1942,1788,337,1426,1018,1422,1500,1448,1236,1434,2004,1961,11,536
1620: 
1487: 
1059: 922,135,100,387,1550,2018,1932,1887,1431,773,309,1469,1645
1060: 1463,364
1908: 960,1930,695,1640,1882,2017,544,1632,968,1163,1547
1349: 849
1741: 
1655: 
1820: 
1066: 392
1067: 
1068: 1385,1082,1796
1069: 
1638: 1036,1170,1103,1294,1240,2003,588,1843,1763,1027,793,2002,243,1014,610,857,312,752,933,487,1676,1471,629,1674,1708,1153,1944,323,335
1071: 747,586,1428,1126,1083,926,1293,2009,1647,1102,1278,477,662,503,461,594,1918,1023
1072: 2010,19,1101,275,1752,1169,1717,1556,771,1602,579,1501,801,1086,80,1531,328,1691,1927,1484,295,1347,93,132,1272,332,650,384
1073: 
1556: 2010,19,1101,275,32,1752,508,1169,683,427,1713,1964,771,1602,1291,727,129,1831,1501,801,1086,1531,328,1072,295
1075: 722,1339,958,2001,358,1120,280,1281,1017,1753,824,172,299,29,437,375,30,117,356
1076: 1292,450,176,542,291,1834,2012,1474,1225,1532,1149,1854
1144: 1460,1553,17
1841: 1853
1079: 848,841,321,734,1038,2007,1608,1910,249,1758,74,1901,1161,657,1826,58,1698,2006,842,1039,1665
1956: 405
1783: 624
1082: 598,1385,1068,1796
1083: 1071,747,586,1428,1126,1658,1145,926,2009,1102,1278,477,662,503,461,1523,594,1918,1023,1780
1438: 
1925: 
1086: 2010,19,1101,275,32,1752,508,1169,427,1717,1556,771,1602,727,1501,801,80,1531,328,1072,1691,1927,295,1347,93,132,332,650,384
1305: 
1697: 413
1932: 922,135,100,387,2018,1887,1059,309,1469
1090: 1358
1091: 
1092: 31,1585
1093: 
1272: 1691,1053,1484,1347,34,132,965,332,384,1129,2010,1717,1420,579,80,1531,328,1072
1095: 
1380: 661,1555,1381,1822,1482,1759,1022,1261,1526,1191,2008
1097: 460,1056,520,571,1942,1788,337,1426,1018,1422,1500,1434,2004,1961,11,536
1098: 1949
1099: 470,2014,1457,1902,478,1267,1146,1866,385,707,1200,1004,1597,1705,1609,1047,1208,431,1,1975,825,1546,1166,1393,310
1100: 450,560,1885,1327,1408,1142,495,284,566,1834,2012,756,205,262,1149,1239,421
1101: 2010,19,275,32,1752,508,1169,427,1802,1717,813,1556,1964,1602,1291,1300,1420,727,430,1588,129,579,1831,801,1641,1086,80,1531,328,1072,1053,1484,1347,93,965,332,384,1129
1102: 1071,586,1428,1126,1658,1083,926,1293,2009,1647,1278,477,662,461,594,1918,1023,1780
1103: 1036,1294,2003,588,1763,1638,793,2002,243,610,857,487,1676,1708,1944,323
1104: 532
1775: 165
1197: 
1909: 
1191: 661,464,1380,1381,401,1822,1482,1759,1022,1261,2008,741,1248
1109: 
1110: 
1111: 193,1229,470,704,2014,1457,66,1902,478,1267,1146,385,707,1004,1597,1705,1445,1720,800,1609,1047,1208,1,1548,1338,1393
1217: 1765,1147,1734,1495,282,1746,2019,1912,296,620,446
1113: 844,1455,1387,298,2000,236,1748,1806,916,1591,195
1114: 281,2008,1257,673,1451,73,1894,353,409,1563,473,741,1248,1819,464,401
1115: 1033,1700,739,1530
1304: 
1117: 
1118: 
1720: 193,1229,470,704,2014,1457,812,66,1902,478,1267,1111,385,707,1004,1597,1705,1445,800,1208,1,1548,1683,1393,310
1120: 1339,958,2001,358,280,1281,1017,824,172,1243,29,1075,30,117,356
1121: 184
1171: 282,1510,1491,1034,1342,230,2019,763,156,376,1025,338,615,18,1799,1401,546,703,998,620,446,1867,1765
1123: 
1124: 
1834: 1292,450,560,176,1885,1327,1408,1142,495,284,542,566,291,1100,2012,1682,756,205,1474,262,1225,1532,1076,1149,1239,1854
1126: 1071,747,586,1428,1658,1083,1145,926,592,2009,1102,1278,477,662,503,461,1523,1918,1023,1780
1127: 
1358: 1090
1129: 1053,1484,295,1347,93,34,132,1272,965,332,384,2010,1101,32,1752,508,1169,1802,1602,1420,430,579,1831,1641,1531,328
1130: 
1131: 
1512: 966
1133: 
1336: 
1809: 
1136: 
1853: 1841