1758: 1665,2007,1079,74,1038,58,2006,1608,842,1698,321,734,1826,249,1901
1: 1457,1004,1267,704,1111,1200,478,1546,1866,1047,310,385,1229,1975,470,800,1597,193,1445,66,2014,1099,707,1338,1705,812,825,1166,431,1146,45,1902
1471: 1014,1036,737,2003,857,1294,1674,1153,2002,1046,933,323,487,752,1676,1843,1213
1979: 931,343,1824,1090,12
1803: 
1926: 634,712,764,1969,287,2016,44,1368,1837,621,1626,1797,1618,1363,1016,472,981,1984
1192: 1463,62
7: 
1797: 634,712,764,1969,1250,287,2016,44,1368,1837,621,1626,917,1618,1926,1016,981
9: 
1342: 1034,615,546,2019,1867,1799,156,1734,1746,1147,703,998,338,230,1912,763,18,1495,1765,1401,1025,296,282,1171,446
11: 520,1863,329,1426,1500,511,166,529,460,1942,2004,1097,1422,1018,617,571,1788,1981,1236,1448,523,1961,1434,1389
12: 1824,1090,1979,931,343
1756: 
1865: 751,1687,1266,173,89,2015,656,179,315,1876,1569,72,547,1011,466,1019,826,2013,676,1533,1230
15: 876,1467,1440
16: 
17: 
18: 1912,763,1765,1401,1025,296,282,1171,446,1034,615,2019,1799,1734,1342,998,230
19: 328,2010,1752,1713,132,1072,1588,384,1717,801,332,1129,1169,1831,1501,813,1086,275,1964,650,1556,1641,93,579,427,1484,1602
20: 1693
21: 1715,634,764,1969,1250,287,2016,1837,621,53,1626,917,1943,319,1363,472
22: 
1393: 1457,1200,478,1546,1047,385,1975,470,1597,193,66,2014,707,812,825,431,1146,1208,1609,1683,1720,1902
1623: 
25: 
1368: 634,712,764,1969,2016,44,1837,621,1626,1797,1618,1363,1926,1016,981,1984
1910: 1665,2007,1079,74,1038,58,2006,1608,972,1161,1039,321,1826,848,657,841,1901
28: 777,1007,78,1666,748,850,1255,993,1633,646,828,1952,1245,557,2005
29: 117,824,30,2001,1339,1281,280,356,437,722,1075,1753
30: 1934,117,29,824,2001,1339,1281,280,356,437,722,1075,1753
31: 
32: 683,2010,430,1713,132,1588,384,727,332,1169,1831,1501,1086,1420,275,1964,650,1927,93,579,1053,1101,1484,1602
33: 
34: 1556,1927,965,1300,1531,93,579,1347,1272,1053,1101,427,1484,1602,129,2010,430,508,80,1169,1086,650
35: 
36: 
37: 
38: 
1379: 
40: 
1460: 1962,1553,781,1800
1817: 
43: 1560
44: 634,712,764,2016,1368,621,1626,917,1797,1618,1926,1016,981
45: 1208,1609,1902,1004,310,385,1229,1975,470,800,2014,1705,1,825,431,1146
46: 1310,1366
1759: 673,2008,1563,1555,281,1807,325,353,409,130,1191,464,1526,1391,1022,1770,254,121,1201,1381,1380
1361: 214
49: 
1247: 1571,1668
51: 1037,383
52: 
53: 1715,764,1969,287,2016,1837,21,1943,319,1363,1167,472,1984
54: 524,1387,2000,195,844,660,644,916,1455,1748,197,236,1806,1549
55: 
56: 
1860: 492,2011,133,218,790,1283,1559,731,1845,1285,923,778
58: 1665,2007,1079,74,1038,2006,1608,1910,972,1758,842,1161,321,1826,848,657,841,1901
1505: 
60: 172
61: 1633,970,474,798,465,1976,868,1458,1749,1739,607,65,2005,1892,1838,670
62: 1192,1463
63: 
1363: 1715,634,712,764,1969,1250,287,2016,1368,1837,621,53,1626,917,21,1943,319,1618,1926,472,981,1984
65: 1633,646,970,1390,474,798,465,1976,868,1458,1749,61,1739,607,2005,1892,1838,670,1296,748,638,1255,993
66: 1457,1111,1200,478,1546,1047,385,1597,193,2014,707,1338,812,1,1393,825,1166,431,1146,1683,1720,1902
1308: 
68: 1707,1573
69: 
1715: 634,764,1969,1250,287,2016,1837,621,53,21,1943,319,1363,1167,472,981,1984
1443: 
72: 1855,547,1011,1828,339,466,941,1019,202,2013,1044,1533,1198,1230,1873,751,102,140,1687,173,89,2015,997,179,315,1876,1865
73: 1482,661,1822,1380,1451,1257,1261,1600,2008,1563,1555,473,1191,1526,1022,1770,254,1381
74: 1665,2007,1079,1038,58,2006,1608,1910,972,1758,842,1161,321,1826,848,657,841,1901
1589: 
76: 
1524: 1118
78: 777,1007,1892,1838,1666,670,1296,748,28,850,638,1255,993,1633,828,970,474,557,607,2005
1564: 
80: 328,2010,430,1588,508,295,1691,1169,1831,1291,1420,275,1964,650,34,1531,93,1272,1101,1484,129
81: 
1422: 520,114,1863,329,11,1426,1500,511,166,529,460,1942,2004,1097,1018,617,571,1788,1981,1236,1448,1961,1434,1389
83: 1050
1462: 516
85: 1450
86: 
1653: 
1679: 
89: 751,102,140,1687,1266,173,2015,656,997,179,315,1876,1865,72,547,339,466,2013,1044,1230,1873
1457: 1004,1267,704,1111,1200,478,1546,1866,1047,310,385,1229,1975,470,1597,193,1548,1445,66,2014,1099,707,1338,1705,812,1,1393,825,1166,431,1146,1720,1902
1718: 695,1163,960,2017,1632,1930,1882,968,544,1640
92: 581,408
93: 1556,34,1927,965,1300,1641,1531,579,1347,1272,1053,1101,427,1484,1602,129,2010,430,1752,32,132,1588,384,508,1717,80,727,332,1129,1169,1501,1086,19,275,1964,650
94: 758
1266: 751,102,140,1687,173,89,2015,656,179,1876,1569,1865,1855,547,1011,1828,339,466,1019,826,2013,676,1044,1533,1230
1916: 1109,1796
97: 
1385: 1504,444,1690,1082
1781: 1197
100: 309,922,2018,1887,1059,773,135,1932,1431,1469,1645,387,1550
1501: 683,2010,430,32,1713,132,1072,1588,384,1717,801,727,332,1169,1831,813,1086,1420,19,275,1964,650,1641,93,579,1101,1484,1602
102: 751,140,1687,1266,173,89,2015,656,997,179,1876,1569,72,1855,547,1828,339,466,941,2013,676,1044,1533,1230
103: 1067
104: 
105: 1244,1504,1690
106: 977,1136
1774: 
1463: 1192,62
109: 
1190: 334,1551
111: 
112: 347
1754: 
114: 520,1863,1426,1500,166,2004,1422,1788,536,1981,1236,1448,523,1961,1434,1389
1701: 
1366: 1310,46,1818
117: 1934,1120,29,824,30,2001,1339,1281,280,356,437,722,1075,1753
1682: 1292,262,1854,542,560,1142,176,1327,2012,756,1225,1239,566,1408,291,450,205,1100,1885,1076,284
1452: 
120: 
121: 673,2008,1563,1555,281,1759,1807,325,353,409,130,1191,1391,1770,1114,401,1381,1819,741
1632: 695,1163,960,2017,1908,1718,1640
1255: 777,1007,1892,78,1666,670,1296,748,28,850,638,993,1633,646,828,970,1952,474,465,1458,1749,1245,557,607,65,2005
1458: 1633,646,828,970,1390,1952,474,798,1414,465,1878,1976,868,1749,61,1739,557,607,65,2005,777,1892,670,748,638,1255,993
1490: 
126: 
1637: 
128: 
129: 34,965,1300,1531,93,579,1272,427,1484,328,2010,430,1752,132,1588,771,508,1717,80,295,1691,1129,1169,1831,1291,1964
130: 673,2008,1555,1759,1807,325,353,409,1191,1526,1770,254,121,1114,401,1381,1819,741,1482,661,1822,1894,1380,1248,1451,1261,1600
131: 
132: 2010,1752,32,1713,1072,1588,384,508,1717,801,727,332,1129,1169,1831,1501,813,1086,19,275,1964,650,1556,1927,1641,1531,93,579,1347,1053,1101,427,1484,1602,129
133: 492,2011,218,790,1283,1860,1559,731,1845,1285,923,778
1395: 
135: 100,309,922,2018,1887,1059,773,1431,1469,1645,387,1550
136: 
137: 
1707: 68,1573
139: 
140: 751,102,1266,173,89,2015,997,179,315,1876,72,547,1828,339,941,2013,1044,1533,1230,1873
141: 1751,1392,414,1603
1627: 
1787: 
1365: 
1842: 
1245: 1633,646,828,1952,1414,1878,1749,557,2005,777,1666,748,28,850,1255,993
147: 
1520: 
1670: 
150: 
151: 
152: 
153: 543,983
1815: 1688
155: 
156: 1034,546,2019,1867,1799,1734,376,1746,1147,1342,703,998,1217,1491,230,1495,1401,296,282,620
157: 1073,390
158: 
1331: 
1392: 1751,141,414,1603
1753: 299,117,1120,29,30,2001,1339,280,358,722,1075
1309: 
163: 1358,286
1547: 
165: 963
166: 520,114,1863,329,11,1426,1500,511,1942,2004,1097,1422,1018,1788,1981,1236,1448,1961,1434,1389
1504: 1244,1385,1690,105,1082
168: 1790,374,784,345
169: 311,432,1935
1250: 1715,634,764,1969,287,2016,1837,621,917,21,1797,1943,319,1363
1828: 72,1855,547,1011,339,466,941,1019,202,826,2013,676,1044,1533,1198,1230,102,140,1266,173,2015,179,1876
172: 60
173: 751,102,140,1687,1266,89,2015,656,997,179,315,1876,1569,1865,72,1855,547,1011,1828,339,466,202,826,2013,676,1044,1533,1230,1873
2004: 520,114,1863,329,11,1426,1500,511,166,529,460,1942,1097,1422,1018,617,571,1788,536,1981,1236,1056,1448,523,1961,1434,1389
1200: 1457,704,478,1546,1047,385,1975,470,193,1548,1445,66,2014,707,812,1,1393,825,431,1146,1609,1720
176: 421,1292,262,1149,542,560,1142,2012,1682,756,1225,1239,205,1076
1451: 1482,661,1822,1894,1380,73,1248,1257,1261,1600,673,2008,1563,1555,281,1807,473,1159,130,1191,1271,1022,1770,254,1114,1201,401,1381
1639: 
179: 751,102,140,1687,1266,173,89,2015,656,997,315,1876,1569,1865,72,1855,547,1011,1828,339,466,941,1019,202,826,2013,676,1044,1533,1198,1230,1873
2003: 1014,1036,1944,737,857,1708,1294,1170,243,793,1674,1153,2002,1471,1046,933,323,1027,487,752,1676,1763,1843,1213,629,1103,335,1638,588,1240
2002: 1014,1036,1944,737,2003,857,1708,1294,1170,243,793,1674,1153,1471,1046,933,323,1027,487,752,1676,1763,1843,1213,629,1103,335,610,1638,588,1240
182: 1541,258
183: 
184: 
2010: 683,328,430,1752,32,1713,132,1072,1588,384,771,508,1717,80,801,295,727,1691,332,1129,1169,1831,1501,813,1291,1086,1420,19,275,1964,650,1556,34,1927,965,1300,1641,1531,93,579,1347,1272,1053,1101,427,1484,1602,129
186: 
2008: 673,1563,1555,281,1759,1807,473,325,353,1159,409,130,1191,1271,464,1526,1391,1022,1770,254,121,1114,1201,401,1381,1819,741,1482,661,1822,1894,1380,73,1248,1451,1257,1261,1600
188: 
1456: 
1878: 1633,646,828,970,1390,1952,798,1414,1976,1458,1749,1245,557,607,2005,777,850,993
191: 1052,276
2012: 421,1292,262,1854,1149,1834,542,560,1142,176,1327,1682,756,1225,1239,566,1408,291,450,205,1100,1885,495,1474,1076,284
193: 1457,1200,478,1546,1047,1975,1548,1445,66,2014,1099,707,1338,812,1,1393,825,1166,431
1201: 673,2008,1563,1555,281,1759,1807,473,325,409,1191,1271,464,1526,1391,1022,1770,254,1380,1451
195: 524,1387,2000,844,660,644,298,54,916,1455,1748,236,1806,1549,863
196: 
197: 524,1387,2000,844,660,298,54,1844,1455,1748,236,1806,863
198: 
1257: 661,1822,1894,1380,73,1248,1451,1261,1600,673,2008,1555,473,1159,1770,1114,401
1563: 673,2008,1555,281,1759,1807,473,325,353,1159,409,1191,1271,464,1526,1391,1022,1770,254,121,1114,1201,1381,1894,1380,73,1451,1261
1940: 
202: 72,1855,547,1011,1828,339,466,941,1019,2013,676,1044,1533,1198,1230,1873,1687,173,2015,179,1876
1325: 1030
1588: 683,328,2010,430,1752,32,1713,132,1072,384,771,508,1717,80,801,332,1129,1169,1831,1501,813,1291,1086,1420,19,275,1964,650,93,579,1272,1101,1484,1602,129
205: 1239,566,1408,291,450,1100,1885,495,1474,1076,284,1292,262,1149,560,176,1327,2012,1682,756,1225
1310: 1366,46,1818
1779: 1580,250
208: 
209: 
210: 1512
211: 1156,1060,1394
1612: 
213: 
214: 1361
1474: 1239,566,1408,291,450,205,1100,1885,495,1076,284,1149,560,1142,2012,1225
1740: 
1276: 1066
218: 492,2011,133,790,1283,1860,1559,1845,923,778,1849
1387: 524,1113,2000,195,844,660,644,298,54,1844,916,1455,1748,197,236,1806,1549,863
1281: 1934,117,29,824,30,2001,1339,280,356,437,722,375,1075
2001: 1934,117,1120,29,824,30,1339,1281,280,1017,356,358,437,1243,722,375,1075,299,1753
222: 906
223: 
1647: 477,461,1278,1293,1780,1083,662,1126,2009,1102,926,503,1918,1071,1428,1523,747
225: 
1398: 637
227: 
1522: 1185
1428: 1102,926,503,1918,1023,1071,586,1523,747,477,461,1647,662,1126,2009
230: 1034,615,2019,1799,156,1734,1147,1342,703,998,1912,763,18,1495,1765,1401,1025,296,282,1171
1306: 
1469: 100,922,2018,1887,1059,135,1431,1645,1550
233: 
1693: 20,1009
235: 1051
236: 524,1387,1113,2000,195,844,660,298,54,1844,916,1455,1748,197,1806,1549,863
237: 
238: 
1618: 634,712,764,287,2016,44,1368,1837,621,1626,1797,1363,1926,1016,981,1984
240: 
241: 
1467: 15,1440
243: 1036,1944,737,2003,857,1708,1294,1170,793,1153,2002,1046,933,323,1027,487,752,1763,1843,1213,335,1638,588,1240
1252: 
245: 
1277: 
1278: 477,461,1647,1780,594,1083,662,2009,592,1102,1918,1023,747,1658,1145
1386: 
249: 1665,2007,1079,1038,2006,1608,1758,842,1698,321,734,1826,1901
250: 1779
1473: 880,434
1780: 477,461,1278,1293,1647,594,1083,662,2009,592,1102,1523,747,1658,1145
1799: 1034,615,546,2019,1867,156,1734,376,1746,1147,1342,703,998,1217,338,230,1912,763,18,1495,1401,296,282,1171,446
254: 673,2008,1563,1555,281,1759,1807,473,325,353,409,130,1191,464,1526,1391,1022,1770,1201,1381,1482,1380,73,1451,1261
1206: 
1313: 
1807: 673,2008,1563,1555,281,1759,473,325,353,1159,409,130,1191,1271,464,1526,1391,1022,1770,254,121,1114,1201,401,1381,1819,741,661,1894,1380,1451,1261
258: 182,1541,619
259: 
1193: 
261: 
262: 421,1292,1854,1149,1834,542,560,1142,176,1327,2012,1682,756,1225,1239,566,1408,291,205,1885
263: 1582,616
264: 
265: 1581
266: 
1362: 
268: 
1837: 1715,634,712,764,1969,1250,287,2016,1368,621,53,1626,917,21,1797,1943,319,1618,1363,1926,1167,472,981,1984
1658: 1145,1278,1780,1083,662,2009,592,1102,1918,1023
1355: 
1914: 
273: 
274: 1412
275: 683,328,2010,430,32,1713,132,1072,1588,384,508,1717,80,801,727,332,1169,1831,1501,1291,1086,1420,19,1964,650,93,579,1101,1484,1602
276: 191,1052
1330: 
278: 
1199: 
280: 1934,117,1120,29,30,2001,1339,1281,1017,356,358,722,375,1075,299,1753
281: 673,2008,1563,1555,1759,1807,473,325,353,1159,409,1191,1271,464,1391,1022,1770,254,121,1114,1201,741,1451
282: 1912,763,18,1495,1765,1401,1510,296,1171,446,1034,615,2019,1867,1799,156,1734,1342,703,998,230
1962: 1553,781,1460,1800
284: 1239,566,291,450,205,1100,1885,495,1474,1076,2012,1682,756
285: 
286: 1358,163
287: 1715,634,712,764,1969,1250,2016,1837,621,53,1626,917,21,1797,1943,319,1618,1363,1926,1167,472,981,1984
288: 753,1909,1043
2005: 1633,646,828,970,1390,1952,474,798,1414,465,1878,1976,868,1458,1749,61,1245,1739,557,607,65,777,1007,1892,1838,78,1666,670,1296,748,28,850,638,1255,993
290: 
291: 1239,566,1408,450,205,1100,1885,495,1474,1076,284,1292,262,1854,1149,542,560,1142,1327,2012,1682,756,1225
292: 1493
1394: 1156,211,1060
294: 649,1567,445,787
295: 328,2010,1752,771,508,1717,80,1691,1129,1169,1831,1291,1420,1964,1300,1272,1484,129
296: 1912,763,18,1495,1765,1401,1510,282,1171,446,620,1034,615,546,2019,1867,1799,156,1734,1746,1147,1342,703,998,1217,1491,338,230
1400: 1954
298: 524,1387,1113,2000,195,844,644,1844,916,1455,1748,197,236,1806,863
299: 1753,1120,2001,280,358
300: 
1430: 
2014: 1457,1004,1267,704,1111,1200,478,1546,1866,1047,310,385,1229,1975,470,800,1597,193,1548,1445,66,1099,707,1338,1705,812,1,1393,825,1166,431,1146,45,1208,1609,1683,1720,1902
303: 
304: 
1795: 
1391: 673,2008,1563,1555,281,1759,1807,325,353,409,1191,1271,464,1526,1770,254,121,1201
307: 
1410: 
309: 100,922,2018,1887,1059,773,135,1932,1431,1645,387,1550
310: 1457,1004,1267,704,1111,1047,385,1229,1975,470,800,1597,2014,1705,1,825,1166,431,1146,45,1208,1902
311: 432,1935,169
312: 
313: 
1930: 695,960,2017,1882,968,544,1718,1640
315: 751,140,1687,173,89,2015,656,997,179,1876,1865,72,547,466,2013,1044,1230,1873
1546: 1457,1004,1267,704,1111,1200,478,1866,1047,385,1975,470,193,1548,1445,66,2014,1099,707,1338,812,1,1393,825,1166,431,1146
317: 377,618
318: 
319: 1715,764,1969,1250,287,2016,1837,53,21,1943,1363,1167,472
1974: 1700,599
321: 1665,2007,1079,74,1038,58,2006,1608,1910,1758,842,1161,734,1826,249,657,1901
322: 
323: 1014,1036,1944,737,2003,857,1708,1294,1170,243,793,1674,1153,2002,1471,1046,933,1027,487,752,1676,1763,1843,1213,1103,335,1638,588,1240
1806: 524,1387,1113,2000,195,844,660,644,298,54,916,1455,1748,197,236,1549,863
325: 673,2008,1563,1555,281,1759,1807,473,353,1159,409,130,1191,1271,464,1526,1391,1022,1770,254,121,1114,1201,1381,1380
1327: 1292,262,1854,1834,542,560,1142,2012,1682,756,1225,1239,566,1408,291,450,205,1100,1885
327: 910
328: 683,2010,430,1752,1072,1588,384,771,508,1717,80,295,1691,1129,1169,1831,813,1291,1420,19,275,1964,579,1272,1484,129
329: 520,1863,11,1426,1500,511,166,529,460,1942,2004,1097,1422,1018,617,571,1981,1236,1448,1434,1389
330: 
1586: 1703,1260
332: 683,2010,32,1713,132,1072,1588,384,1717,801,727,1169,1501,813,1086,19,275,1964,650,1556,1641,93,579,1602
333: 1595
334: 1551,1190
335: 1103,610,1638,588,1240,1014,1944,737,2003,1708,1170,243,793,1153,2002,323,1027,1763,1213
1991: 
337: 
338: 1034,615,546,2019,1867,1799,376,1746,1342,703,1217,1491,1912,763,1495,1401,1510,296,446,620
339: 72,1855,547,1011,1828,466,941,202,2013,676,1044,1533,1198,1230,1873,751,102,140,1266,173,89,2015,997,179,1876
1389: 520,114,1863,329,11,1426,1500,166,1942,2004,1097,1422,1018,617,571,1981,1448,1961,1434
341: 
1886: 
343: 1979,931,1824,1090,12
1695: 
345: 168,374,784
346: 
347: 112
2013: 72,1855,547,1011,1828,339,466,941,1019,202,826,676,1044,1533,1198,1230,1873,751,102,140,1687,1266,173,89,2015,656,997,179,315,1876,1569,1865
1838: 1007,1892,78,670,1296,748,638,970,474,61,1739,65,2005
1399: 
351: 
1614: 
353: 673,2008,1563,1555,281,1759,1807,325,409,130,1191,1526,1391,1770,254,121,1114,401,1381,1819,1482,661,1380,1261
1548: 1457,704,1200,1546,1866,1047,193,1445,2014,1099,707,1338,812,1166
1405: 
356: 1934,117,29,824,30,2001,1339,1281,280,1017,437,1243,722,375
1500: 520,114,1863,329,11,1426,511,166,529,1942,2004,1097,1422,1018,1788,1981,1236,1448,1961,1434,1389
358: 1934,1120,2001,280,1017,299,1753
1226: 
360: 1441
361: 
1968: 
1316: 
364: 1256,1210
1835: 
1892: 1007,1838,78,670,1296,748,638,1255,1633,970,474,798,465,868,1458,61,1739,557,607,65,2005
1826: 1665,2007,1079,74,1038,58,2006,1608,1910,972,1758,842,1698,1039,321,734,249,848,657,1901
1984: 1167,472,981,1715,634,764,1969,287,2016,1368,1837,621,53,1626,1943,1618,1363,1926
1198: 72,1855,547,1011,1828,339,466,941,1019,202,2013,676,1044,1533,1230,1873,2015,179,1876
370: 
371: 
372: 
1426: 520,114,1863,329,11,1500,166,529,460,1942,2004,1422,1018,617,571,1788,536,1981,1236,1448,523,1961,1434,1389
374: 1790,168,784,345
375: 1934,824,2001,1281,280,1017,356,437,1243,722
376: 1034,546,2019,1867,1799,156,1734,1746,1147,703,998,1217,1491,338,620
377: 618,317
378: 
1935: 432,311,169
380: 
1315: 1507
1241: 
383: 51,1037
384: 683,328,2010,430,1752,32,1713,132,1072,1588,771,508,1717,801,332,1129,1169,1831,1501,813,1291,1086,1420,19,275,1964,650,93,579,1484,1602
385: 1457,1004,1267,704,1111,1200,478,1546,1866,1047,310,1229,1975,470,800,1597,1445,66,2014,707,1338,1705,812,1,1393,825,1166,431,1146,45,1208,1609,1683,1720,1902
386: 
387: 100,309,922,2018,1887,1059,773,135,1932,1431,1645,1550
1493: 292
389: 565
390: 1073,157
1248: 1482,661,1822,1894,1380,1451,1257,1261,1600,673,2008,130,1114,401,1381
392: 
1987: 
394: 
395: 
1641: 1556,1927,93,579,1347,1053,1101,427,1602,2010,132,727,332,1501,1086,19,650
397: 624,1554
398: 709
399: 428
400: 534,1519
401: 673,2008,1555,1807,353,1159,409,130,1191,1770,121,1114,1381,1819,741,661,1822,1894,1380,1248,1451,1257,1261,1600
402: 
1294: 1036,1944,737,2003,857,1708,1170,243,793,1674,1153,2002,1471,1046,933,323,1027,487,752,1676,1843,1213
1961: 520,114,1863,11,1426,1500,166,460,2004,1422,617,1788,536,1981,1448,523,1434,1389
405: 526,724
406: 
1581: 265
408: 581,92
409: 673,2008,1563,1555,281,1759,1807,473,325,353,1159,130,1191,1271,464,1391,1770,254,121,1114,1201,401,1381,1819,741,1894,1380
410: 
411: 
1390: 1633,646,828,970,1952,798,1414,465,1878,1976,868,1458,1749,607,65,2005,777,993
413: 669,1697
414: 1751,141,1392,1603
1709: 532
416: 1498
417: 
1751: 141,1392,414,1603
1580: 1779,531
420: 576
421: 1292,262,1149,1834,542,560,1142,176,2012,756,1225,1239,1408
1749: 1633,646,828,970,1390,1952,474,798,1414,465,1878,1976,868,1458,61,1245,1739,557,607,65,2005,777,670,748,850,638,1255,993
1532: 
1964: 683,328,2010,430,1752,32,1713,132,1072,1588,384,771,508,1717,80,801,295,1691,332,1129,1169,1831,1501,813,1291,1086,1420,19,275,650,1531,93,579,1272,427,1484,129
425: 
1291: 683,328,2010,430,1752,1072,1588,384,771,508,1717,80,295,1691,1129,1169,1831,1420,275,1964,1272,1484,129
427: 1556,34,1927,965,1300,1641,1531,93,579,1347,1272,1484,1602,129,2010,1752,132,508,1717,1129,1169,1086,19,1964,650
428: 399
1295: 
430: 683,328,2010,32,1072,1588,384,508,1717,80,1691,1169,1831,1501,1291,1086,1420,275,1964,650,34,1927,1531,93,579,1272,1101,1484,129
431: 1457,1004,704,1111,1200,478,1546,1047,310,385,1229,1975,470,1597,193,66,2014,707,1338,1705,812,1,1393,825,1166,1146,45,1208,1609,1683,1720,1902
432: 1935,311,169
1388: 906,1155
434: 1473,880
1723: 652
1495: 1912,763,1401,1510,296,282,1171,446,620,1034,2019,1867,1799,156,1734,1342,703,1217,1491,338,230
437: 1934,117,29,824,30,2001,1281,1017,356,1243,722,375
438: 
1827: 
1550: 100,309,922,2018,1887,1059,773,135,1932,1431,1469,1645,387
1986: 
1555: 673,2008,1563,281,1759,1807,473,325,353,1159,409,130,1191,1271,1391,1022,1770,254,121,1114,1201,401,1381,1819,741,1894,1380,73,1451,1257,1261,1600
443: 
444: 1385,1690,1082
445: 649,294
446: 1912,763,18,1495,1401,1510,296,282,1171,620,1034,615,546,2019,1867,1799,1746,1342,703,1491,338
1565: 
2006: 1665,2007,1079,74,1038,58,1608,1910,972,1758,842,1161,1698,1039,321,734,1826,249,848,657,841,1901
449: 606,717
450: 1239,566,1408,291,205,1100,1885,495,1474,1076,284,560,1327,2012,1682,756,1225
1544: 
1431: 100,309,922,2018,1887,1059,135,1932,1469,1645,387,1550
1752: 328,2010,132,1072,1588,384,771,508,1717,295,1129,1169,1831,813,1291,1086,19,1964,93,579,427,1484,129
454: 
1540: 
1271: 673,2008,1563,1555,281,1807,473,325,1159,409,1191,464,1391,1770,1114,1201,741,1451
457: 
1825: 
1227: 
460: 1863,329,11,1426,529,2004,1422,1018,617,571,1788,536,1981,1236,1056,1448,523,1961,1434
461: 477,1278,1293,1647,1780,594,1083,662,1126,2009,1102,926,503,1918,1071,1428,1523,747
462: 
1811: 
464: 2008,1563,281,1759,1807,325,409,1191,1271,1391,1022,254,1201
465: 1633,828,970,1390,1952,474,798,1414,1976,868,1458,1749,61,1739,557,607,65,2005,777,1007,1892,670,748,1255
466: 72,1855,547,1011,1828,339,1019,202,826,2013,676,1044,1533,1198,1230,1873,751,102,1687,1266,173,89,2015,656,997,179,315,1876,1569,1865
1183: 
468: 555,488
1381: 673,2008,1563,1555,1759,1807,473,325,353,409,130,1191,1526,1022,1770,254,121,1114,401,1482,661,1822,1894,1380,73,1248,1451,1261,1600
470: 1457,1004,704,1111,1200,478,1546,1047,310,385,1229,1975,800,1597,2014,1705,1,1393,825,431,1146,45,1208,1609,1683,1720,1902
1864: 
472: 1167,981,1984,1715,634,764,1969,287,2016,1837,621,53,1626,21,1943,319,1363,1926
473: 673,2008,1563,1555,281,1807,325,1159,409,1191,1271,1022,1770,254,1114,1201,1381,1894,1380,73,1451,1257,1261,1600
474: 1633,970,798,465,1976,868,1458,1749,61,1739,557,607,65,2005,777,1007,1892,1838,78,670,1296,748,638,1255,993
1902: 45,1208,1609,1683,1720,1457,1111,478,310,385,470,1597,66,2014,1705,812,1,1393,825,431,1146
476: 
477: 461,1278,1293,1647,1780,1083,662,1126,2009,592,1102,926,503,1918,1023,1071,1428,586,1523,747,1145
478: 1457,1004,704,1111,1200,1546,1047,385,1975,470,1597,193,1445,66,2014,707,1338,812,1,1393,825,431,1146,1208,1609,1683,1720,1902
1258: 
1236: 114,1863,329,11,1426,1500,166,529,460,2004,1422,1018,1788,536,1981,1056,1448,523,1434
481: 762
1937: 
1882: 695,1163,960,2017,1930,968,544,1718,1640
484: 
485: 1150
486: 
487: 1014,1036,1944,737,2003,857,1294,243,1674,1153,2002,1471,1046,933,323,752,1676,1843,1213,1103,1638,588
488: 468,555
1530: 
1665: 2007,1079,74,1038,58,2006,1608,1910,972,1758,842,1161,1698,1039,321,734,1826,249,848,657,1901
1851: 
492: 2011,133,218,790,1283,1860,1559,1285,923,778,1849
493: 
494: 
495: 1239,1408,291,450,205,1885,1474,1076,284,1149,2012,1225
1688: 1815
1845: 2011,133,218,1283,1860,1559,731,1285
498: 1747
499: 
1654: 
501: 
1553: 1962,781,1460,1800
503: 1102,926,1918,1071,1428,586,1523,747,477,461,1647,1126,2009
1993: 598
2017: 695,1163,960,1632,1908,1930,1882,968,544,1718,1640
1274: 
1650: 
508: 683,328,2010,430,1752,132,1072,1588,384,771,1717,80,295,1691,1129,1169,1831,1291,1086,1420,275,1964,650,34,1927,1300,1531,93,579,1272,1101,427,1484,129
1661: 
510: 1378,1033
511: 329,11,1500,166,1942,2004,1097,1422,1018,571
1790: 168,374
1482: 661,1822,1380,73,1248,1451,1261,1600,673,2008,353,130,1191,1526,1022,1770,254,1381
1805: 
2011: 492,133,218,790,1283,1860,1559,731,1845,1285,923,778,1849
516: 1462
1881: 
1439: 
519: 767,1946
520: 114,1863,329,11,1426,1500,166,1942,2004,1097,1422,1018,571,1981,1961,1434,1389
521: 
522: 
523: 114,1863,11,1426,529,460,2004,617,1788,536,1981,1236,1056,1448,1961,1434
524: 1387,2000,195,844,660,644,298,54,1844,916,1455,1748,197,236,1806,1549,863
525: 
526: 405,724
1551: 334,1190
528: 
529: 1863,329,11,1426,1500,460,2004,1422,1018,617,1788,1236,1056,1448,523,1434
530: 
531: 1580,1747
532: 1709
1210: 1256,364
534: 1519,400
1261: 1482,661,1822,1894,1380,73,1248,1451,1257,1600,673,2008,1563,1555,1807,473,353,1159,130,1191,1526,1022,1770,254,1114,401,1381
536: 114,1863,1426,460,2004,617,1788,1981,1236,1448,523,1961,1434
1223: 889
1963: 
539: 1606,1840
1949: 
1254: 
542: 421,1292,262,1854,1149,1834,560,1142,176,1327,2012,1682,756,1225,1408,291
543: 153,983
544: 695,1163,960,2017,1908,1930,1882,968,1718,1640
1824: 1090,12,1979,343
546: 1034,615,2019,1867,1799,156,1734,376,1746,1147,1342,703,998,1217,1491,338,763,296,446,620
547: 72,1855,1011,1828,339,466,941,1019,202,826,2013,676,1044,1533,1198,1230,1873,751,102,140,1687,1266,173,89,2015,656,997,179,315,1876,1865
1592: 
1739: 1633,970,474,798,1414,465,1976,868,1458,1749,61,557,65,2005,1892,1838,670,748
1674: 1036,737,2003,857,1294,1170,1153,2002,1471,1046,933,323,487,752,1676,1843
551: 578,816
1976: 1633,646,970,1390,1952,474,798,1414,465,1878,868,1458,1749,61,1739,607,65,2005,670,638,993
1230: 72,1855,547,1011,1828,339,466,941,1019,202,826,2013,676,1044,1533,1198,1873,751,102,140,1687,1266,173,89,2015,656,997,179,315,1876,1569,1865
554: 
555: 468,488
1259: 
557: 1633,646,828,970,1952,474,798,1414,465,1878,1458,1749,1245,1739,2005,777,1007,1892,78,670,748,28,1255,993
1484: 1556,34,1927,965,1300,1531,93,579,1347,1272,1053,1101,427,1602,129,683,328,2010,430,1752,32,132,1588,384,508,1717,80,295,1691,1129,1169,1831,1501,1291,1086,1420,19,275,1964,650
1915: 
560: 421,1292,262,1854,1149,1834,542,1142,176,1327,2012,1682,756,1225,1239,566,1408,291,450,205,1885,1474,1076
1513: 
562: 
1351: 
1954: 1400
565: 389
566: 1239,1408,291,450,205,1100,1885,1474,1076,284,1292,262,1854,560,1327,2012,1682,756,1225
1717: 683,328,2010,430,1752,132,1072,1588,384,771,508,801,295,332,1129,1169,1831,1501,813,1291,1086,1420,19,275,1964,650,1556,1300,1531,93,579,1272,427,1484,1602,129
568: 
1885: 1239,566,1408,291,450,205,1100,495,1474,1076,284,262,1854,560,1142,1327,2012,1682,756,1225
1793: 
571: 520,329,11,1426,511,460,1942,2004,1097,1422,1018,617,1448,1434,1389
1517: 
1239: 566,1408,291,450,205,1100,1885,495,1474,1076,284,421,1292,262,1149,560,1142,176,1327,2012,1682,756,1225
574: 
1434: 520,114,1863,329,11,1426,1500,166,529,460,1942,2004,1422,1018,617,571,1788,536,1981,1236,1056,1448,523,1961,1389
576: 420
1518: 1067
578: 816,551
579: 1556,34,1927,965,1300,1641,1531,93,1347,1272,1053,1101,427,1484,1602,129,328,2010,430,1752,32,132,1072,1588,384,508,1717,727,332,1129,1169,1831,1501,813,1086,19,275,1964,650
1401: 1912,763,18,1495,1765,1510,1025,296,282,1171,446,620,1034,615,2019,1867,1799,156,1734,1342,703,338,230
581: 92,408
1559: 492,2011,133,218,1283,1860,1845,1285,923,778
583: 1542
1225: 421,1292,262,1854,1149,542,560,1142,176,1327,2012,1682,756,1239,566,1408,291,450,205,1885,495,1474,1076
585: 
586: 926,503,1023,1071,1428,1523,747,477,1126,2009
1667: 
588: 629,1103,335,610,1638,1240,1014,1944,737,2003,243,1153,2002,1046,933,323,1027,487,752,1676,1843,1213
1402: 
1696: 
1953: 
592: 477,1278,1293,1780,594,1083,662,2009,1102,1023,1658,1145
593: 
594: 461,1278,1293,1780,1083,662,2009,592
1268: 
596: 
597: 
598: 1993
599: 1700,1974
600: 
1711: 849
602: 1802
603: 
604: 
605: 
606: 449,717
607: 1633,646,970,1390,1952,474,798,465,1878,1976,868,1458,1749,61,65,2005,777,1892,78,1666,670,1296,748,850,638,1255,993
1867: 1034,615,546,2019,1799,156,1734,376,1746,1147,1342,703,998,1217,1491,338,763,1495,1401,1510,296,282,446,620
1561: 
610: 629,1103,335,1638,588,1240,2002,1027,1763,1213
1523: 1102,926,503,1918,1023,1071,1428,586,747,477,461,1293,1647,1780,1083,662,1126,2009
1726: 
1539: 
1669: 1620
615: 1034,546,2019,1867,1799,1734,1746,1147,1342,703,998,338,230,1912,763,18,1401,1025,296,282,1171,446
616: 1582,263
617: 1863,329,11,1426,529,460,1942,2004,1422,571,1788,536,1981,1448,523,1961,1434,1389
618: 377,317
619: 1541,258
620: 763,1495,1401,1510,296,446,1034,546,2019,1867,156,376,703,1217,1491,338
621: 1715,634,712,764,1969,1250,287,2016,44,1368,1837,1626,917,21,1797,1943,1618,1363,1926,1016,472,981,1984
622: 
1812: 
624: 992,397,1554
625: 
626: 
2009: 477,461,1278,1293,1647,1780,594,1083,662,1126,592,1102,926,503,1918,1023,1071,1428,586,1523,747,1658,1145
1603: 1751,141,1392,414
629: 1103,610,1638,588,1240,1014,2003,2002,1046,1213
1414: 1633,646,828,970,1390,1952,798,465,1878,1976,868,1458,1749,1245,1739,557,2005,777,748
1769: 1092
632: 
1497: 
634: 1715,712,764,1969,1250,287,2016,44,1368,1837,621,1626,917,21,1797,1943,1618,1363,1926,1016,472,981,1984
1292: 421,262,1854,1149,542,560,1142,176,1327,2012,1682,756,1225,1239,566,1408,291,205,1076
1927: 1556,34,965,1300,1641,1531,93,579,1347,1272,1053,1101,427,1484,1602,2010,430,32,132,508,727,1129,1169,1086,650
637: 1398
638: 777,1007,1892,1838,78,1666,670,1296,748,850,1255,993,1633,646,970,474,1976,1458,1749,607,65,2005
1683: 1208,1609,1720,1902,478,385,470,1597,66,2014,1705,1393,825,431,1146
1542: 583
641: 1040
1615: 
1855: 72,547,1011,1828,339,466,941,1019,202,826,2013,676,1044,1533,1198,1230,102,1266,173,2015,179,1876
644: 524,1387,2000,195,844,298,54,1844,1455,1748,1806,1549
645: 
646: 1633,828,970,1390,1952,798,1414,1878,1976,1458,1749,1245,557,607,65,2005,777,1666,748,28,850,638,1255,993
647: 
1656: 
649: 1567,294,445,787
650: 683,2010,430,32,1713,132,1072,1588,384,508,1717,80,801,727,332,1129,1169,1831,1501,813,1086,1420,19,275,1964,1556,34,1927,1641,1531,93,579,1347,1272,1053,1101,427,1484,1602
651: 1123
652: 1723
653: 
1573: 1707,68
655: 1336
656: 751,102,1687,1266,173,89,2015,179,315,1876,1569,1865,547,466,2013,1230
657: 1665,2007,1079,74,1038,58,2006,1608,1910,972,1161,321,1826,848,841,1901
1633: 646,828,970,1390,1952,474,798,1414,465,1878,1976,868,1458,1749,61,1245,1739,557,607,65,2005,777,1007,1892,78,670,748,28,850,638,1255,993
659: 
660: 524,1387,1113,2000,195,844,54,916,1455,1748,197,236,1806,1549,863
661: 1482,1822,1894,1380,73,1248,1451,1257,1261,1600,673,2008,1807,353,130,1191,1526,1770,1114,401,1381
662: 477,461,1278,1293,1647,1780,594,1083,2009,592,1102,926,1918,1023,1071,1428,1523,747,1658,1145
663: 
664: 
1796: 1109,1916
666: 
1303: 
668: 
669: 413,1697
670: 777,1007,1892,1838,78,1666,1296,748,638,1255,993,1633,828,970,474,798,465,1976,868,1458,1749,61,1739,557,607,65,2005
671: 
1912: 763,18,1495,1765,1401,1510,1025,296,282,1171,446,1034,615,2019,1799,1342,338,230
673: 2008,1563,1555,281,1759,1807,473,325,353,1159,409,130,1191,1271,1526,1391,1770,254,121,1114,1201,401,1381,1819,741,1482,661,1894,1380,1248,1451,1257,1261,1600
1765: 1912,763,18,1401,1510,1025,296,282,1171,2019,1342,230
675: 
676: 1855,547,1011,1828,339,466,941,1019,202,826,2013,1533,1198,1230,102,1266,173,2015,179,1876,1569,1865
1572: 
678: 
679: 
1541: 182,258,619
681: 
1776: 
683: 328,2010,430,32,1713,1072,1588,384,508,1717,801,332,1169,1831,1501,813,1291,1086,1420,275,1964,650,1484
684: 
1511: 
1969: 1715,634,712,764,1250,287,2016,1368,1837,621,53,1626,917,21,1797,1943,319,1363,1926,472,1984
1269: 
1778: 
1840: 539,1606
690: 1121
1951: 
692: 
1213: 1014,1036,1944,737,2003,1708,1294,1170,243,793,1153,2002,1471,1046,933,323,1027,487,752,1763,1843,629,1103,335,610,1638,588,1240
1446: 891
695: 1163,960,2017,1632,1908,1930,1882,968,544,1718,1640
1256: 1210,364
1874: 
698: 
1455: 524,1387,1113,2000,195,844,660,644,298,54,1844,916,1748,197,236,1806,1549,863
1491: 1034,546,2019,1867,156,376,1746,1147,703,1217,338,1495,296,446,620
1584: 
1296: 777,1007,1892,1838,78,1666,670,748,638,1255,993,970,474,607,65,2005
703: 1034,615,546,2019,1867,1799,156,1734,376,1746,1147,1342,998,1217,1491,338,230,763,1495,1401,1510,296,282,446,620
704: 1457,1004,1267,1111,1200,478,1546,1866,1047,310,385,1229,1975,470,800,1548,1445,2014,1099,707,1338,812,1,825,1166,431,1146
705: 
706: 
707: 1457,704,1111,1200,478,1546,1866,1047,385,1975,1597,193,1548,1445,66,2014,1099,1338,812,1,1393,825,1166,431
1666: 777,1007,78,670,1296,748,28,850,638,1255,993,646,828,1245,607,2005
709: 398
710: 
711: 
712: 634,764,1969,287,2016,44,1368,1837,621,1626,917,1797,1618,1363,1926,1016
713: 
714: 
715: 
1876: 751,102,140,1687,1266,173,89,2015,656,997,179,315,1569,1865,72,1855,547,1011,1828,339,466,1019,202,826,2013,676,1044,1533,1198,1230,1873
717: 606,449
1420: 683,328,2010,430,32,1072,1588,384,771,508,1717,80,295,1691,1169,1831,1501,1291,275,1964,650,1272,1484
1944: 1014,1036,737,2003,857,1708,1294,1170,243,793,1153,2002,1046,933,323,1027,487,752,1676,1763,1843,1213,1103,335,1638,588,1240
1626: 634,712,764,1969,287,2016,44,1368,1837,621,917,21,1797,1618,1363,1926,1016,472,981,1984
1677: 1093
722: 1934,117,1120,29,824,30,2001,1339,1281,280,1017,356,437,375,1075,1753
1734: 1034,615,546,2019,1867,1799,156,376,1746,1147,1342,703,998,1217,230,763,18,1495,1401,296,282,1171
724: 526,405
1579: 1483
726: 
727: 2010,32,1713,132,332,1501,1086,275,650,1927,1641,93,579,1053,1101,1602
1613: 
1472: 
1704: 
731: 2011,133,1283,1860,1845,1285
732: 
1933: 
734: 1665,2007,1079,1038,2006,1608,972,1758,842,1698,1039,321,1826,249,1901
735: 
736: 
737: 1036,1944,2003,857,1294,1170,243,793,1674,1153,2002,1471,1046,933,323,1027,487,752,1676,1843,1213,335,1638,588,1240
738: 
739: 
740: 
741: 1819,1894,1600,673,2008,1555,281,1807,1159,409,130,1191,1271,121,1114,401
1549: 524,1387,2000,195,844,660,644,54,916,1455,1748,236,1806
1429: 
1591: 
1800: 1962,1553,781,1460
1567: 649,294,787
747: 1102,926,503,1918,1023,1071,1428,586,1523,477,461,1278,1293,1647,1780,1083,662,1126,2009
748: 777,1007,1892,1838,78,1666,670,1296,28,850,638,1255,993,1633,646,828,970,1952,474,798,1414,465,1458,1749,1245,1739,557,607,65,2005
1408: 1239,566,291,450,205,1100,1885,495,1474,1076,421,1292,262,1854,1149,542,560,1142,1327,2012,1682,756,1225
1205: 
751: 102,140,1687,1266,173,89,2015,656,997,179,315,1876,1569,1865,72,547,339,466,2013,1044,1533,1230,1873
752: 1014,1036,1944,737,2003,857,1708,1294,1170,243,793,1674,1153,2002,1471,1046,933,323,1027,487,1676,1763,1843,1213,1638,588
753: 288,1909,1043
754: 
1203: 1041
756: 421,1292,262,1854,1149,542,560,1142,176,1327,2012,1682,1225,1239,566,1408,291,450,205,1885,1076,284
1606: 539,1840
758: 94
759: 
1684: 
761: 
762: 481
763: 1912,18,1495,1765,1401,1510,1025,296,282,1171,446,620,1034,615,546,2019,1867,1799,1734,1746,1342,703,998,338,230
764: 1715,634,712,1969,1250,287,2016,44,1368,1837,621,53,1626,21,1797,1943,319,1618,1363,1926,1167,472,981,1984
765: 1165
1645: 100,309,922,2018,1887,1059,773,135,1431,1469,387,1550
767: 519
1215: 
769: 
1445: 1457,1004,1267,704,1111,1200,478,1546,1866,1047,385,1975,193,1548,2014,1099,707,1338,812,1,1166
771: 328,2010,1752,1072,1588,384,508,1717,295,1691,1129,1169,1831,813,1291,1420,1964,1300,1272,129
1280: 
773: 100,309,922,2018,1887,1059,135,1932,1645,387,1550
1264: 
775: 
1301: 
777: 1007,78,1666,670,1296,748,28,850,638,1255,993,1633,646,828,970,1390,1952,474,798,1414,465,1878,1458,1749,1245,557,607,2005
778: 492,2011,133,218,790,1283,1860,1559,1285,923,1849
1339: 117,1120,29,824,30,2001,1281,280,356,722,1075,1753
780: 
781: 1962,1553,1460,1800
1705: 1457,1004,1111,1047,310,385,1229,1975,470,800,1597,2014,812,1,825,1166,431,1146,45,1208,1683,1902
1288: 
784: 168,374,345
1785: 
786: 
787: 649,1567,294
788: 
789: 
790: 492,2011,133,218,1860,923,778,1849
791: 
1708: 1014,1036,1944,2003,1294,1170,243,793,1153,2002,323,1027,752,1763,1213,335
793: 1014,1036,1944,737,2003,1708,1294,1170,243,1153,2002,933,323,1027,752,1763,1213,1103,335,1638,1240
794: 
795: 
796: 
797: 
798: 1633,646,828,970,1390,1952,474,1414,465,1878,1976,868,1458,1749,61,1739,557,607,65,2005,777,1892,670,748
1218: 
800: 1004,1267,704,1111,1047,310,385,1229,1975,470,2014,1705,1,825,1146,45,1208
801: 683,2010,1713,132,1072,1588,384,1717,332,1831,1501,813,1086,19,275,1964,650
1917: 
1502: 
1609: 45,1208,1683,1720,1902,1200,478,385,1975,470,2014,1393,431,1146
1185: 1522
1347: 1556,34,1927,965,1300,1641,1531,93,579,1053,1101,427,1484,1602,2010,132,1129,1086,650
1293: 477,461,1647,1780,594,1083,662,1126,2009,592,1102,1523,747
808: 
1946: 519
810: 
1571: 1247,1668
812: 1457,704,1111,1200,478,1546,1047,385,1597,193,1548,1445,66,2014,1099,707,1338,1705,1,1393,825,1166,431,1146,1902
813: 683,328,2010,1752,1713,132,1072,1588,384,771,1717,801,332,1129,1169,1831,1501,1086,19,1964,650,579
1357: 
1849: 492,2011,218,790,923,778
816: 578,551
817: 
818: 
819: 
1802: 602
1533: 72,1855,547,1011,1828,339,466,941,1019,202,826,2013,676,1044,1198,1230,751,102,140,1687,1266,173,2015,179,1876,1865
822: 
1898: 
824: 117,29,30,2001,1339,1281,356,437,722,375,1075
825: 1457,1004,1267,704,1111,1200,478,1546,1866,1047,310,385,1229,1975,470,800,1597,193,66,2014,1099,707,1338,1705,812,1,1393,1166,431,1146,45,1208,1683,1902
826: 1855,547,1011,1828,466,1019,2013,676,1533,1230,1687,1266,173,2015,179,1876,1569,1865
827: 
828: 1633,646,970,1390,1952,798,1414,465,1878,1458,1749,1245,557,2005,777,1007,78,1666,670,748,28,850,1255,993
1975: 1457,1004,704,1111,1200,478,1546,1866,1047,310,385,1229,470,800,193,1445,2014,707,1338,1705,1,1393,825,431,1146,45,1208,1609,1720
830: 
1608: 1665,2007,1079,74,1038,58,2006,1910,972,1758,842,1161,1698,1039,321,734,1826,249,848,657,1901
832: 
833: 
834: 1232,1127
835: 
836: 
1942: 520,329,11,1426,1500,511,166,2004,1097,1422,1018,617,571,1981,1448,1434,1389
2016: 1715,634,712,764,1969,1250,287,44,1368,1837,621,53,1626,917,21,1797,1943,319,1618,1363,1926,1016,1167,472,981,1984
1232: 834,1127
1894: 661,1822,1380,1248,1451,1257,1261,1600,1819,741,673,2008,1563,1555,1807,473,1159,409,130,1191,1770,1114,401,1381
841: 2007,1079,74,1038,58,2006,1910,972,1161,1039,848,657
842: 1665,2007,1079,74,1038,58,2006,1608,972,1758,1698,1039,321,734,1826,249,848,1901
843: 
844: 524,1387,1113,2000,195,660,644,298,54,1844,916,1455,1748,197,236,1806,1549,863
1844: 524,1387,1113,2000,844,644,298,1455,1748,197,236,863
1690: 1504,1385,444,105,1082
1843: 1014,1036,1944,737,2003,857,1294,243,1674,1153,2002,1471,1046,933,323,487,752,1676,1213,588
848: 1665,2007,1079,74,1038,58,2006,1608,1910,972,842,1161,1698,1039,1826,657,841,1901
849: 1711
850: 777,78,1666,748,28,638,1255,993,1633,646,828,1952,1878,1749,1245,607,2005
1329: 
1569: 751,102,1687,1266,173,2015,656,179,1876,1865,1011,466,826,2013,676,1230
1891: 1140
1507: 1315
855: 
1691: 328,2010,430,771,508,80,295,1169,1831,1291,1420,1964,1272,1484,129
857: 1036,1944,737,2003,1294,1170,243,1674,1153,2002,1471,1046,933,323,487,752,1676,1843
858: 
859: 
1952: 1633,646,828,970,1390,798,1414,465,1878,1976,1458,1749,1245,557,607,2005,777,748,28,850,1255,993
1503: 
862: 
863: 524,1387,1113,2000,195,844,660,298,1844,916,1455,1748,197,236,1806
864: 
1299: 
1747: 498,531
2019: 1034,615,546,1867,1799,156,1734,376,1746,1147,1342,703,998,1217,1491,338,230,1912,763,18,1495,1765,1401,1510,1025,296,282,1171,446,620
868: 1633,970,1390,474,798,1414,465,1976,1458,1749,61,1739,607,65,2005,1892,670
869: 
870: 878
1595: 333
872: 
1585: 1152
874: 
1934: 117,30,2001,1281,280,1017,356,358,437,1243,722,375
876: 15,1440,951
1852: 
878: 870
1440: 876,15,1467
880: 1473,434
1887: 100,309,922,2018,1059,773,135,1932,1431,1469,1645,387,1550
882: 
2018: 100,309,922,1887,1059,773,135,1932,1431,1469,1645,387,1550
1492: 
1378: 510,1033
1560: 43
1836: 
1508: 
889: 1223
1698: 1665,2007,1079,1038,2006,1608,972,1758,842,1039,734,1826,249,848
891: 1446
1918: 1102,926,503,1023,1071,1428,1523,747,477,461,1278,1647,662,2009,1658
893: 
1338: 1457,1004,1267,704,1111,478,1546,1866,1047,385,1229,1975,1597,193,1548,1445,66,2014,1099,707,812,1,825,1166,431
1421: 
1921: 
1300: 1556,34,1927,965,1531,93,579,1347,1272,427,1484,129,2010,771,508,1717,295,1129,1169
898: 
1566: 
1714: 
1448: 114,1863,329,11,1426,1500,166,529,460,1942,2004,1097,1422,1018,617,571,1788,536,1981,1236,1056,523,1961,1434,1389
1772: 
1506: 
1510: 1912,763,1495,1765,1401,296,282,446,620,1034,2019,1867,703,338
1597: 1457,1111,478,1047,310,385,1229,470,66,2014,707,1338,1705,812,1,1393,825,1166,431,1146,1208,1683,1720,1902
906: 222,1388,1155
907: 
1224: 932
1450: 85
910: 327
1536: 
912: 
1676: 1014,1036,1944,737,2003,857,1294,1674,1153,2002,1471,1046,933,323,487,752,1843,1638,588
1792: 1486
915: 
916: 524,1387,1113,2000,195,844,660,298,54,1455,1748,236,1806,1549,863
917: 634,712,1969,1250,287,2016,44,1837,621,1626,21,1797,1363,1016
918: 
919: 
920: 
1900: 
922: 100,309,2018,1887,1059,773,135,1932,1431,1469,1645,387,1550
923: 492,2011,133,218,790,1283,1860,1559,1285,778,1849
1526: 673,2008,1563,1759,1807,325,353,130,1191,1391,1022,1770,254,1201,1381,1482,661,1380,73,1261
925: 
926: 1102,503,1918,1023,1071,1428,586,1523,747,477,461,1647,662,1126,2009
1788: 114,1863,11,1426,1500,166,529,460,2004,1422,1018,617,536,1981,1236,1056,1448,523,1961,1434
928: 
2007: 1665,1079,74,1038,58,2006,1608,1910,972,1758,842,1161,1698,1039,321,734,1826,249,848,657,841,1901
930: 
931: 1979,343,1090,12
932: 1224
933: 1036,1944,737,2003,857,1294,1170,243,793,1674,1153,2002,1471,1046,323,1027,487,752,1676,1843,1213,588
934: 
935: 
1496: 
937: 
938: 
1713: 683,2010,32,132,1072,1588,384,801,727,332,1831,1501,813,1086,19,275,1964,650,1602
1302: 
941: 72,1855,547,1011,1828,339,1019,202,2013,676,1044,1533,1198,1230,1873,102,140,2015,997,179
942: 
1746: 1034,615,546,2019,1867,1799,156,1734,376,1147,1342,703,998,1217,1491,338,763,296,446
1531: 1556,34,1927,965,1300,93,579,1347,1272,1053,1101,427,1484,1602,129,2010,430,132,508,1717,80,1129,1169,1086,1964,650
1640: 695,1163,960,2017,1632,1908,1930,1882,968,544,1718
946: 
1486: 1792
948: 
1998: 
1822: 1482,661,1894,1380,73,1248,1451,1257,1261,1600,2008,130,1770,401,1381
951: 876
1244: 1504,105
1990: 
954: 
955: 
1459: 
1830: 
958: 
1243: 1934,2001,1017,356,437,375
960: 695,1163,2017,1632,1908,1930,1882,968,544,1718,1640
2000: 524,1387,1113,195,844,660,644,298,54,1844,916,1455,1748,197,236,1806,1549,863
1453: 
963: 165
1958: 
965: 1556,34,1927,1300,1531,93,579,1347,1272,1053,1101,427,1484,129,2010,1129,1169
966: 
1763: 1014,1036,1944,2003,1708,1170,243,793,1153,2002,323,1027,752,1213,1103,335,610,1638,1240
968: 695,1163,960,2017,1930,1882,544,1718,1640
969: 
970: 1633,646,828,1390,1952,474,798,1414,465,1878,1976,868,1458,1749,61,1739,557,607,65,2005,777,1007,1892,1838,78,670,1296,748,638,1255,993
1356: 
972: 1665,2007,1079,74,1038,58,2006,1608,1910,842,1161,1698,1039,734,1826,848,657,841,1901
1600: 1482,661,1822,1894,1380,73,1248,1451,1257,1261,741,673,2008,1555,473,1159,130,1191,1770,1114,401,1381
1285: 492,2011,133,1283,1860,1559,731,1845,923,778
1700: 1974,599
1943: 1715,634,764,1969,1250,287,2016,1837,621,53,21,319,1363,1167,472,981,1984
977: 106,1136
978: 
979: 
1234: 1110
981: 1167,472,1984,1016,1715,634,764,287,2016,44,1368,1837,621,1626,1797,1943,1618,1363,1926
982: 
983: 153,543
1687: 751,102,1266,173,89,2015,656,997,179,315,1876,1569,1865,72,547,1011,466,202,826,2013,1044,1533,1230,1873
1664: 
1862: 
1866: 1457,1004,1267,704,1111,1546,1047,385,1229,1975,1548,1445,2014,1099,707,1338,1,825,1166
1498: 416
1519: 534,400
990: 
2015: 751,102,140,1687,1266,173,89,656,997,179,315,1876,1569,1865,72,1855,547,1011,1828,339,466,941,1019,202,826,2013,676,1044,1533,1198,1230,1873
992: 624,1783
993: 777,1007,78,1666,670,1296,748,28,850,638,1255,1633,646,828,970,1390,1952,474,1878,1976,1458,1749,1245,557,607,65,2005
994: 
995: 
996: 1160
997: 751,102,140,1687,173,89,2015,179,315,1876,72,547,339,466,941,2013,1044,1230,1873
998: 1034,615,546,2019,1867,1799,156,1734,376,1746,1147,1342,703,230,763,18,296,282,1171
999: 
1819: 741,1894,673,2008,1555,1807,353,409,130,121,1114,401
1794: 
1002: 
1483: 1579
1004: 1457,1267,704,1111,478,1546,1866,1047,310,385,1229,1975,470,800,1445,2014,1338,1705,1,825,431,1146,45
1610: 
1703: 1260,1586
1007: 777,1892,1838,78,1666,670,1296,748,28,638,1255,993,1633,828,970,474,465,557,2005
1554: 624,397
1009: 1693
1267: 1457,1004,704,1111,1546,1866,1047,310,385,1229,800,1445,2014,1099,1338,1,825,1166
1011: 72,1855,547,1828,339,466,941,1019,202,826,2013,676,1044,1533,1198,1230,1687,1266,173,2015,179,1876,1569,1865
1442: 
1441: 360
1014: 1036,1944,2003,1708,793,1153,2002,1471,1046,323,487,752,1676,1763,1843,1213,629,1103,335,1638,588,1240
1015: 
1016: 981,634,712,2016,44,1368,621,1626,917,1797,1618,1926
1017: 1934,1120,2001,280,356,358,437,1243,722,375
1018: 520,1863,329,11,1426,1500,511,166,529,460,1942,2004,1097,1422,571,1788,1981,1236,1448,1434,1389
1019: 72,1855,547,1011,1828,466,941,202,826,2013,676,1533,1198,1230,1266,2015,179,1876,1865
1020: 
1412: 274,1123
1022: 2008,1563,1555,281,1759,1807,473,325,1191,464,1526,1770,254,1201,1381,1482,1380,73,1451,1261
1023: 1102,926,1918,1071,1428,586,1523,747,477,1278,1083,662,2009,592,1658,1145
1024: 
1025: 1912,763,18,1765,1401,1171,615,2019,1342,230
1177: 
1027: 1944,737,2003,1708,1294,1170,243,793,1153,2002,1046,933,323,752,1763,1213,1103,335,610,1638,588,1240
1028: 
1621: 
1030: 1325
1260: 1703,1586
1770: 673,2008,1563,1555,281,1759,1807,473,325,353,1159,409,130,1191,1271,1526,1391,1022,254,121,1114,1201,401,1381,1482,661,1822,1894,1380,73,1451,1257,1261,1600
1033: 1378,510
1034: 615,546,2019,1867,1799,156,1734,376,1746,1147,1342,703,998,1217,1491,338,230,1912,763,18,1495,1401,1510,296,282,1171,446,620
1854: 1292,262,1834,542,560,1142,1327,2012,1682,756,1225,566,1408,291,1885
1036: 1014,1944,737,2003,857,1708,1294,1170,243,793,1674,1153,2002,1471,1046,933,323,487,752,1676,1763,1843,1213
1037: 51,383
1038: 1665,2007,1079,74,58,2006,1608,1910,972,1758,842,1161,1698,1039,321,734,1826,249,848,657,841,1901
1039: 1665,2007,1079,1038,2006,1608,1910,972,842,1698,734,1826,848,841
1040: 641
1041: 1203
1521: 
1043: 288,753,1909
1044: 72,1855,547,1011,1828,339,466,941,202,2013,1533,1198,1230,1873,751,102,140,1687,1266,173,89,2015,997,179,315,1876
1240: 629,1103,335,610,1638,588,1014,1944,737,2003,243,793,1153,2002,1046,323,1027,1763,1213
1046: 1014,1036,1944,737,2003,857,1294,243,1674,1153,2002,1471,933,323,1027,487,752,1676,1843,1213,629,1103,1638,588,1240
1047: 1457,1004,1267,704,1111,1200,478,1546,1866,310,385,1229,1975,470,800,1597,193,1548,1445,66,2014,1099,707,1338,1705,812,1,1393,825,1166,431,1146
1048: 
1359: 
1050: 83
1051: 235
1052: 191,276
1053: 1556,34,1927,965,1641,1531,93,579,1347,1101,1484,1602,2010,32,132,727,1086,650
1054: 
1055: 
1056: 1863,529,460,2004,1788,1236,1448,523,1434
1620: 1669
1487: 
1059: 100,309,922,2018,1887,773,135,1932,1431,1469,1645,387,1550
1060: 1156,211,1394
1908: 695,1163,960,2017,1632,544,1640
1349: 
1741: 
1655: 
1820: 
1066: 1276
1067: 103,1518
1068: 
1069: 
1638: 629,1103,335,610,588,1240,1014,1944,737,2003,243,793,1153,2002,1046,323,1027,487,752,1676,1763,1213
1071: 1102,926,503,1918,1023,1428,586,1523,747,477,461,1647,1083,662,1126,2009,1145
1072: 683,328,2010,430,1752,1713,132,1588,384,771,508,1717,801,332,1129,1169,1831,1501,813,1291,1086,1420,19,275,1964,650,579
1073: 390,157
1556: 34,1927,965,1300,1641,1531,93,579,1347,1053,1101,427,1484,1602,2010,132,1717,332,1129,1169,1086,19,650
1075: 117,29,824,30,2001,1339,1281,280,722,1753
1076: 1239,566,1408,291,450,205,1885,495,1474,284,1292,1149,560,176,2012,1682,756,1225
1077: 1082
1841: 
1079: 1665,2007,74,1038,58,2006,1608,1910,972,1758,842,1161,1698,1039,321,734,1826,249,848,657,841,1901
1956: 
1783: 992
1082: 1504,1385,444,1690,1077
1083: 477,461,1278,1293,1647,1780,594,662,2009,592,1102,1023,1071,1523,747,1658,1145
1438: 
1925: 
1086: 683,2010,430,1752,32,1713,132,1072,1588,384,508,1717,801,727,332,1129,1169,1831,1501,813,19,275,1964,650,1556,34,1927,1641,1531,93,579,1347,1053,1101,427,1484,1602
1305: 
1697: 413,669
1932: 100,309,922,2018,1887,1059,773,1431,387,1550
1090: 1824,12,1979,931,343
1091: 
1092: 1769
1093: 1677
1272: 34,1927,965,1300,1531,93,579,1101,427,1484,129,328,2010,430,1588,771,508,1717,80,295,1691,1129,1169,1831,1291,1420,1964,650
1095: 
1380: 1482,661,1822,1894,73,1248,1451,1257,1261,1600,673,2008,1563,1555,1759,1807,473,325,353,1159,409,130,1191,1526,1022,1770,254,1114,1201,401,1381
1097: 520,329,11,1500,511,166,1942,2004,1422,1018,571,1981,1448,1389
1098: 
1099: 1457,1267,704,1111,1546,1866,1047,193,1548,1445,2014,707,1338,812,1,825,1166
1100: 1239,566,1408,291,450,205,1885,1474,284,1327,2012,1682
1101: 1556,34,1927,965,1641,1531,93,579,1347,1272,1053,1484,1602,2010,430,32,132,1588,508,80,727,1169,1501,1086,275,650
1102: 926,503,1918,1023,1071,1428,1523,747,477,461,1278,1293,1647,1780,1083,662,1126,2009,592,1658,1145
1103: 629,335,610,1638,588,1240,1014,1944,2003,793,1153,2002,1046,323,1027,487,1763,1213
1104: 
1775: 
1197: 1781
1909: 288,753,1043
1191: 673,2008,1563,1555,281,1759,1807,473,325,353,1159,409,130,1271,464,1526,1391,1022,1770,254,121,1114,1201,401,1381,741,1482,661,1894,1380,73,1451,1261,1600
1109: 1796,1916
1110: 1234
1111: 1457,1004,1267,704,478,1546,1866,1047,310,385,1229,1975,470,800,1597,1445,66,2014,1099,707,1338,1705,812,1,825,1166,431,1146,1902
1217: 1034,546,2019,1867,1799,156,1734,376,1746,1147,703,1491,338,1495,296,620
1113: 1387,2000,844,660,298,1844,916,1455,236,1806,863
1114: 673,2008,1563,1555,281,1807,473,325,353,1159,409,130,1191,1271,1770,121,401,1381,1819,741,661,1894,1380,1248,1451,1257,1261,1600
1115: 
1304: 
1117: 
1118: 1524
1720: 1208,1609,1683,1902,1457,1200,478,385,1975,470,1597,66,2014,1393,431,1146
1120: 117,2001,1339,280,1017,358,722,299,1753
1121: 690
1529: 
1123: 651,1412
1124: 
1834: 421,262,1854,542,560,1142,1327,2012
1126: 477,461,1293,1647,2009,1102,926,503,1071,1428,586,1523,747
1127: 834,1232
1358: 286,163
1129: 328,2010,1752,132,1072,1588,384,771,508,1717,295,1169,1831,813,1291,1086,19,1964,650,1556,1927,965,1300,1531,93,579,1347,1272,427,1484,129
1130: 
1131: 
1512: 210
1133: 
1336: 655
1809: 
1136: 106,977
1853: 
1831: 683,328,2010,430,1752,32,1713,132,1072,1588,384,771,508,1717,80,801,295,1691,1129,1169,1501,813,1291,1086,1420,19,275,1964,650,579,1272,1484,129
1873: 72,547,339,466,941,202,2013,1044,1198,1230,751,140,1687,173,89,2015,997,179,315,1876
1140: 1891
1283: 492,2011,133,218,1860,1559,731,1845,1285,923,778
1142: 421,1292,262,1854,1149,1834,542,560,176,1327,2012,1682,756,1225,1239,1408,291,1885,1474
1981: 520,114,1863,329,11,1426,1500,166,460,1942,2004,1097,1422,1018,617,1788,536,1236,1448,523,1961,1434,1389
1144: 
1145: 1658,477,1278,1780,1083,662,2009,592,1102,1023,1071
1146: 1457,1004,704,1111,1200,478,1546,1047,310,385,1229,1975,470,800,1597,66,2014,1705,812,1,1393,825,431,45,1208,1609,1683,1720,1902
1147: 1034,615,546,2019,1867,1799,156,1734,376,1746,1342,703,998,1217,1491,230,296
1777: 
1149: 421,1292,262,542,560,1142,176,2012,756,1225,1239,1408,291,205,495,1474,1076
1150: 485
1208: 45,1609,1683,1720,1902,478,310,385,1975,470,800,1597,2014,1705,1393,825,431,1146
1152: 1585
1153: 1014,1036,1944,737,2003,857,1708,1294,1170,243,793,1674,2002,1471,1046,933,323,1027,487,752,1676,1763,1843,1213,1103,335,1638,588,1240
1748: 524,1387,2000,195,844,660,644,298,54,1844,916,1455,197,236,1806,1549,863
1155: 906,1388
1156: 211,1060,1394
1863: 520,114,329,11,1426,1500,166,529,460,2004,1422,1018,617,1788,536,1981,1236,1056,1448,523,1961,1434,1389
1369: 1668
1159: 673,2008,1563,1555,281,1807,473,325,409,1191,1271,1770,1114,401,741,1894,1380,1451,1257,1261,1600
1160: 996
1161: 1665,2007,1079,74,1038,58,2006,1608,1910,972,321,848,657,841,1901
1162: 
1163: 695,960,2017,1632,1908,1882,968,544,1718,1640
1818: 1310,1366
1165: 765
1166: 1457,1267,704,1111,1546,1866,1047,310,385,1229,1597,193,1548,1445,66,2014,1099,707,1338,1705,812,1,825,431
1167: 472,981,1984,1715,764,287,2016,1837,53,1943,319
1229: 1457,1004,1267,704,1111,1866,1047,310,385,1975,470,800,1597,2014,1338,1705,1,825,1166,431,1146,45
1169: 683,328,2010,430,1752,32,132,1072,1588,384,771,508,1717,80,295,1691,332,1129,1831,1501,813,1291,1086,1420,19,275,1964,650,1556,34,1927,965,1300,1531,93,579,1272,1101,427,1484,1602,129
1170: 1036,1944,737,2003,857,1708,1294,243,793,1674,1153,2002,933,323,1027,752,1763,1213,335
1171: 1912,763,18,1495,1765,1401,1025,296,282,446,1034,615,2019,1799,1734,1342,998,230
1875: 
1602: 1556,34,1927,1641,1531,93,579,1347,1053,1101,427,1484,2010,32,1713,132,1588,384,1717,727,332,1169,1501,1086,19,275,650
1668: 1369,1247,1571
1901: 1665,2007,1079,74,1038,58,2006,1608,1910,972,1758,842,1161,321,734,1826,249,848,657
1582: 263,616