1758: 
1: 1099,66,1457,1146,707,1902,2014,1069,812,1047,1393,1200,1338,1597,704,193,898,1609,1229
2: 
3: 
1803: 
1926: 2016,1250,1167,1797,621,981,1984,917,1837,1584,319,287,1626,53,44,634,1618
6: 372,254
7: 
1797: 2016,1250,1167,817,621,1715,1984,917,1837,1584,287,1368,712,1626,53,1016,1363,44,634,1926,1618
9: 
10: 168
11: 1863,1448,523,1981,114,536,1097,2004,529,1788,1236,1422,460,1389,520,1426,329,303,1410,1018
12: 243
1756: 
1865: 1011,2013,1230,173,179,315,1876,339,751,102,140,1828,1044,826,1198,941,676,656,547,466,2015,1266,72,1569,1019,202,1533,1855
15: 
16: 301,1405
17: 
18: 
19: 1752,1420,508,32,1347,1556,2010,1484,1717,295,427,34,1964,1641,1713,384,430,1169,1101,1053,1086,1531,93,275
20: 
21: 1770
22: 
1808: 
1623: 1429,784,1055
25: 1991,1413,1573
26: 
1910: 74,2007,249,972,1698,1161,2006,1901,1039,1665
28: 1490
29: 1943,117,375,1897,1538,1934,437,280,1616,2001,1753,356,467,722,1017,1428,1281,1339,1075,358
30: 1428,1281,1339,561,1075,1058,358,2001,356,467
31: 506,1156
32: 1752,19,1420,508,1556,2010,1484,1717,295,427,1641,1713,384,430,1169,1101,1053,1086,727,1531,93,275
33: 58
34: 1752,19,1420,508,1347,1556,2010,1484,1717,295,1964,1713,384,430,1169,727
35: 
36: 106,626
37: 
38: 
39: 
40: 
41: 
1817: 
43: 
44: 2016,1250,1167,817,1797,621,1715,981,1984,917,1837,1584,319,287,1626,53,1016,1363,634,1926,1618,1048
45: 
46: 377
1759: 2008,1391,1526,1271,741,353,1191,409,1159,1114,1261
48: 822,1366
49: 
50: 724,1269
51: 
52: 1456,1192
53: 2016,1250,1797,621,1715,981,1984,917,1837,1584,319,287,1626,44,634,1926,1618
54: 1844,2000,660,1387,1667,197,644,524,236,1455,844,195,1549
55: 706,1818,1190
56: 1705,1951,800,1824
1860: 218,1285,778,492,2011,731,1849,1845,1559,923
58: 33
1505: 1567,92
60: 
61: 65,1633,1666,828,2005,1458,868,1414,777,970,1838,1255,474,1952,1390
62: 1956,1256
63: 934,995
64: 1068,1454
65: 1633,646,1666,1007,828,2005,1458,61,868,777,970,1838,1255,474,1952,1390,638
66: 1099,1457,1146,1,707,2014,1069,812,1047,1200,1597,704,193,898,1229
1662: 1082,1504,225,1094,1026
68: 1110,1540
69: 286,1395
1715: 2016,1797,981,1984,917,1837,1584,319,287,1368,712,1626,53,1363,44,634,1618
71: 
72: 2015,1266,1569,1019,202,1533,1855,676,2013,173,751,1865,1044,826,1198,941,656,547,466
73: 
74: 2007,249,972,1698,1161,2006,1901,1910,1039,1665
1589: 
76: 
77: 
78: 
1564: 
80: 210,1299,579,328
81: 
82: 
83: 1483
1989: 
85: 
86: 1222,680,232
1653: 432
88: 
89: 
90: 
1718: 968,544,2017,1908,695,1640
92: 1567,1505,1127
93: 1752,19,1420,508,32,1556,2010,295,427,1713,430,1053,1086,275
94: 1355,480,1835,1224,1914,1174
95: 184
1916: 
97: 
98: 1527,599
99: 
100: 1887,1645,922,387,1550,2018,773,1932,135
1978: 
102: 1011,2013,1230,173,179,315,1876,339,751,140,1828,1865,1044,826,1198,941,676,2015,1569,1019
103: 443,1536,1506,1234,1232
104: 
105: 1218,240,251
106: 36,626
1774: 
108: 
109: 
110: 
111: 
112: 
1754: 
114: 1863,1448,1981,11,536,1097,2004,529,1236,1422,460,1389,520,1426,329,1410,1018
1701: 326
116: 
117: 1943,375,1897,1538,1934,437,280,1616,2001,958,29,1753,356,467,722,1017,1428,1281,1075,358
1682: 
119: 
120: 1305,1958,1398
121: 2008,1391,1526,1822,1271,741,1600,1451,1191,1248,1257,1380,1114,1322,401,661,1894,1807,1482
122: 1999
123: 
124: 
125: 
126: 622,260
1527: 98,599
128: 
129: 
130: 
131: 214,1315,1881,696
132: 1668
133: 1542
134: 799
135: 1887,1645,1469,309,922,1059,1550,2018,773,1431,100
136: 585
137: 
1707: 932,533
139: 
140: 1011,2013,1230,173,179,315,1876,339,751,102,1828,1865,1044,826,941,547,2015,1569
141: 
142: 
1787: 
144: 
1842: 438,516,1792
1598: 
147: 
1520: 
1652: 
150: 
151: 
152: 
153: 
1766: 
155: 
156: 
157: 
158: 628
159: 
160: 
1753: 117,375,1897,1538,437,280,1616,2001,958,29,467,722,1339,1075,1058,358
162: 1264
163: 
1547: 
165: 1700,1596
166: 1942,1863,1448,523,1097,2004,1788,1236,460,1426,1500,571,329,303,1018
167: 
168: 1583,10
169: 
170: 
1828: 1011,2013,1230,173,179,339,751,102,140,1865,1198,941,2015,1569,1019,1533,1855
172: 
173: 1011,2013,1230,179,315,1876,339,751,102,140,1828,1865,1044,826,1198,941,676,547,2015,1266,72,1569,1019
2004: 1942,1863,1448,523,1981,114,11,536,1097,529,1788,1236,1422,460,1389,520,166,1426,1500,617,571,1056,329,303,1410,1018,1434
175: 602
176: 450,495,566,1834,756,1225,1408,291,2012,1100,1327,205,1885,421,284,1239,262,560,1854,1149,1292,1076
1767: 
1639: 
179: 1011,2013,1230,173,1876,339,751,102,140,1828,1865,1044,941,2015,1019
2003: 793,1240,487,1153,1843,1027,2002,933,752,1763,1213,323,1103,610,1944,1676,857,588,1674,1708,1471,1638,737,1036,1170,1046,1294
2002: 793,1240,487,1153,1843,1027,933,752,1763,1213,323,1103,610,2003,1944,1676,857,588,1674,1708,1471,1638,737,1036,1170,1046,1294
182: 
183: 391,1365,1277
184: 95
185: 
186: 
2008: 1391,1526,1822,1271,121,741,1600,353,1451,1191,1248,1257,409,1380,1759,1159,1114,1322,464,401,661,1261,1894,325,281,1807,1555,1819,1482
188: 
1813: 
1878: 465,1007,828,850,2005,1458,1892,777,1255,1390,1749,798,638
191: 1826,469
192: 
193: 310,707,1902,2014,1069,812,1047,1393,1200,1338,1597,704,385,898,1609,431,1683,825,1099,66,1457,1
1839: 
195: 524,236,1455,844,1844,916,2000,660,1667,197,644,54
196: 
197: 1844,916,2000,660,1387,1667,644,54,524,236,1455,844,195,1549
198: 956,796
1611: 567,806
1563: 1785,1748
201: 
202: 2015,1266,72,1569,1019,1533,1855,2013,1865,656,547,466
203: 
1588: 
205: 450,495,566,1834,756,1225,1408,176,291,2012,1100,1885,421,284,1239,262,560,1854,1149,1292,1076
206: 
1779: 
208: 1051,416
209: 
210: 1299,579,80,328
211: 1840
1612: 1345,1463
213: 905
214: 1825,1315,1881,696,131,1970
215: 297
1740: 1421
217: 690,1913,784
218: 1285,778,492,2011,731,1849,1860,1845,1559,923
219: 
220: 1309
2001: 1943,117,375,1897,1538,1934,437,280,1616,958,29,1753,356,467,722,1017,1428,1281,1339,561,1075,30,1058,358
222: 
223: 1986,675
1647: 1083,477,1145,662,2009,503,1780,1071,1523,1278,1023,1102,1658,1918,592
225: 1082,1504,1026,1662
226: 
227: 808,1585,574
228: 
1583: 168
230: 1510,620,615,1147,763,1034,1765,296,2019,1025,376,1171
231: 
232: 680,86
233: 878
1693: 865,791,1975
235: 1143
236: 524,1455,844,195,1844,916,2000,660,1387,1667,197,644,54,1549
237: 
238: 
1618: 2016,1250,1167,1797,621,1715,981,1984,917,1837,1584,287,1626,53,1016,1363,44,634,1926
240: 1218,105,251,1560
241: 1243,501
242: 
243: 12
244: 1129
245: 
246: 864,645,380,1925
247: 
1719: 1565
249: 74,2007,972,1698,1161,2006,1901,1910,1039,1665
250: 1747
251: 1218,105,240
1780: 1083,477,1145,662,2009,503,1071,1523,1278,1023,1647,1658,1293,592,926,747
1799: 
254: 6,372
255: 
256: 
257: 1812
258: 
259: 
260: 126
261: 
262: 450,495,566,756,1225,1408,176,291,2012,1100,205,1885,421,284,1239,1149,1292,1076
263: 
264: 1300,1933,1691
265: 
266: 1669
267: 
268: 
269: 
270: 
1534: 
1914: 1355,480,1835,313,1224,788,94
273: 1476,840
274: 
275: 19,1420,508,32,1556,2010,430,1053,1086,93
276: 833
277: 
278: 671
279: 541,1030,434
280: 1943,117,375,1897,1538,1934,437,1616,2001,958,29,1753,356,467,722,1017,1428,1281,1339,1075,358
281: 1322,464,401,661,1261,1894,325,1807,1555,1819,1482,2008,1391,1822,1271,1600,353,1451,1191,1248,1257,409,1380,1159,1114
282: 1912,546,1401,1510,620,615,763,998,296,2019,1746,1171,446
1962: 
284: 450,495,566,1834,756,1225,1408,176,291,2012,1100,205,1885,421,1239,262,560,1854,1149,1292,1076
285: 
286: 1395,69
287: 2016,1250,1167,1797,1715,981,1984,917,1837,1584,319,712,1626,53,1016,1363,44,634,1926,1618
288: 
289: 
290: 652,880
291: 450,495,566,1834,756,1225,1408,176,2012,1100,1327,205,284,1239,262,1149,1292
292: 
293: 
294: 
295: 1752,19,1420,508,32,1556,2010,1484,1717,427,34,1964,1641,1713,384,430,1169,1101,1053,1086,727,1531,93
296: 1510,620,615,1147,763,1034,998,2019,1025,376,1746,1171,446,230,1912,546,282,1401
297: 215
298: 1113
299: 
300: 
301: 16,1405
2014: 310,707,1548,1902,1069,812,1047,1111,1393,1200,1338,1597,1546,704,385,193,898,1609,1166,1229,431,1683,825,1099,66,1457,1146,1
303: 1942,1863,1448,523,11,536,2004,529,1788,1422,460,166,1426,1500,571,329,1018
304: 1949,858
1795: 
1562: 
307: 
308: 
309: 1887,1645,1469,922,387,1059,1550,2018,773,135,1431
310: 1548,1902,2014,812,1047,1111,1393,1200,1338,704,385,193,1609,1166,431,1683,825
311: 
312: 
313: 1355,1224,1914,788
1930: 1640,2017,1908,695,544,1882
315: 1011,2013,173,1876,751,102,140,1865,1044,826,941,676,547,466,2015,1266,1569
1546: 707,1548,2014,1069,812,1047,1111,1393,1338,1597,704,898,1609,1229,1683
317: 
318: 
319: 2016,1715,981,1984,917,1837,1584,287,712,1626,53,1363,44,634,1926
1974: 
321: 
322: 
323: 793,1240,487,1153,1843,1027,2002,933,752,1763,1213,1103,610,2003,1944,1676,857,588,1674,1708,1471,1036,1170,1046
1806: 
325: 464,401,661,1261,1894,281,1807,1555,1819,1482,2008,1391,1271,1600,353,409,1159,1114
326: 1701
327: 
328: 210,1299,579,80
329: 1942,1863,1448,523,1981,114,11,536,1097,2004,529,1788,1236,1422,460,1389,520,166,1426,1500,617,571,1056,303,1410,1018,1434
330: 794,869
1586: 1241,1134
332: 
333: 
334: 
335: 1103,857
1991: 25,1413
337: 
338: 
339: 1011,2013,1230,173,179,1876,751,102,140,1828,1865,1044,941,2015,1569,1019,1533
1755: 1116
341: 
342: 769
343: 1168,681,830
1695: 
345: 
346: 
347: 663,534
1514: 
1838: 65,1633,1666,2005,1458,61,970,1255,474,1952,1390,638
350: 
351: 
1614: 
353: 2008,1391,1526,1271,741,1600,1451,1191,1248,1257,409,1759,1159,1114,464,401,1261,325,281,1807,1555,1819,1482
1548: 310,707,1902,2014,812,1111,1393,1200,1338,1546,704,385,1609,1166,431,1683,825
355: 
356: 117,1897,1934,280,2001,29,722,1017,1428,1281,1339,1075,30,358
357: 
358: 1428,1281,1339,561,1075,30,1058,117,375,1897,1538,1934,437,280,1616,2001,29,1753,356,467,722,1017
359: 1990
360: 
361: 
1968: 1841
363: 
364: 
1835: 1355,480,1224,1914,94,1174
1892: 465,850,2005,1878,1245,777,1749,993,798
1826: 191,469
1984: 2016,1250,1167,817,1797,621,1715,981,917,1837,1584,319,287,1368,712,1626,53,1016,1363,44,634,1926,1618
369: 
370: 
371: 486
372: 6,254
373: 554,1144
374: 516,1792,438
375: 117,1897,1538,437,280,1616,2001,958,29,1753,358
376: 620,615,1147,763,1034,1765,998,296,2019,1025,1171,446,230,546
377: 46
378: 1123
379: 
380: 864,246,645,1925
1732: 1880,1061
1673: 1460,679,1553,1499
383: 897
384: 1752,19,1420,508,32,1347,1556,2010,1484,1717,295,34,1964,1713,430,1169,727
385: 310,707,1548,1902,2014,812,1047,1111,1393,1200,1338,704,193,1609,1166,1229,431,1683,825,1099,1457
386: 
387: 1887,1645,1469,309,1059,1550,2018,773,1932,100
388: 
389: 
390: 1541,715
391: 183,1365
392: 1258,794,869
1980: 1603,581
394: 
395: 
1641: 1752,19,32,1556,2010,1484,1717,295,427,1713,1169,1101,1053,727,1531
397: 
398: 
399: 718,1160
400: 
401: 1322,464,661,1261,1894,325,281,1807,1819,1482,2008,1391,1271,121,1600,353,1451,1191,1248,1257,1380,1159,1114
402: 1400
403: 
1961: 
405: 
406: 
1581: 919
408: 1087
409: 2008,1391,1526,1271,741,1600,353,1191,1759,1159,1114,464,1261,325,281,1807,1555,1819
410: 
411: 
1538: 1943,117,375,1897,437,280,1616,2001,958,29,1753,467,722,1339,358
413: 
414: 
1709: 
416: 1051,208
417: 
1751: 
1580: 
420: 
421: 450,495,566,756,1225,1408,176,2012,1100,205,1885,284,262,560,1149,1292,1076
1749: 465,646,1666,1007,828,850,2005,1878,1245,1892,1414,777,1255,993,798,638
1532: 
424: 
425: 
426: 
427: 1752,19,1420,508,32,1556,2010,295,1964,1641,1713,1169,1053,1086,1531,93
428: 928,824,476,1696
429: 
430: 1752,19,1420,508,32,1347,1556,2010,1484,1717,295,34,1964,1713,384,1086,93,275
431: 310,1548,1902,2014,812,1111,1393,1200,1338,385,193,1609,1166,1683,825
432: 1653
433: 
434: 279,541,1030
1723: 479,573
436: 1820
437: 1943,117,375,1897,1538,1934,280,1616,2001,958,29,1753,467,722,358
438: 1842,516,374,1792
1827: 
1550: 1887,1645,1469,309,387,2018,773,1932,135,100
1986: 223,675
1555: 464,1261,325,281,1807,1819,2008,1391,353,409,1159,1114
443: 103,1536,1506,1234,1232,1043
444: 
445: 1721
446: 1510,620,615,1147,763,1034,998,296,2019,1025,376,1746,1171,1912,546,282,1401
1565: 1719
2006: 74,2007,249,972,1698,1161,1901,1910,1039,1665
449: 
450: 495,566,756,1225,1408,176,291,2012,1100,1327,205,421,284,1239,262,1149,1292,1076
1544: 
452: 
1752: 19,1420,508,32,1347,1556,2010,1484,1717,295,427,34,1964,1641,1713,384,430,1169,1053,1086,1531,93
454: 
1540: 68,1110
456: 
457: 930,1325,543
1825: 214,1315,696,1970
1897: 1943,117,375,1538,1934,437,280,1616,2001,958,29,1753,356,467,722,1281,1339,1075,1058,358
460: 1942,1863,1448,523,1981,114,11,536,1097,2004,529,1788,1236,1389,166,1426,329,303,1018
461: 1918,592,926,586,747,1120,477,2009,503,1071,1523,1102,1658
462: 
1811: 889,1357
464: 1322,401,661,1261,1894,325,281,1807,1555,1819,1482,2008,1391,1271,1600,353,1451,1191,1248,1257,409,1159,1114
465: 646,1666,1007,828,850,2005,1458,1878,1245,1892,868,1414,777,1255,1952,1390,1749,798,638
466: 656,547,676,2013,315,1876,1865,1044,826,1198,941,2015,1266,72,1569,202,1533,1855
467: 1943,117,1897,1538,437,280,1616,2001,958,29,1753,722,1017,1281,1339,1075,30,1058,358
468: 1891,795
469: 1826,191
470: 
1864: 
472: 
473: 
474: 65,1633,646,1666,2005,1458,61,868,1414,777,970,1838,1255,1390
1902: 310,707,1548,2014,1069,812,1047,1111,1393,1200,1338,704,385,193,1609,1166,431,1683,825,1099,1457,1
476: 1696,951,1957,1946,824,428
477: 1083,1145,662,2009,503,1780,1071,1523,1278,1023,1102,1647,1658,1293,461,1918,592,926,586,747,1120
478: 
479: 1723
480: 1355,1835,1224,1914,94,1174
481: 
1937: 
1882: 2017,695,544,1930,1640
484: 781
485: 
486: 371
487: 1240,1843,1027,2002,933,752,323,610,2003,1944,1676,588,1674,1471,1638,737,1036,1170,1046,1294
488: 
1530: 1121,664,1177
490: 
1851: 
492: 218,1285,2011,731,1849,1860,923
493: 1205
494: 
495: 450,566,1834,756,1225,1408,176,291,2012,1100,1327,205,1885,421,284,1239,262,560,1149,1292,1076
1688: 
1845: 218,1285,778,2011,731,1849,1860,1559
498: 1606,698
499: 625
500: 
501: 1243,241
1553: 1673,1460,679
503: 1083,477,1145,2009,1780,1071,1523,1278,1023,1102,1647,1658,461,1918,592,926,586,747,1120
1993: 
2017: 1908,695,968,1718,544,1930,1640,1882
506: 31,1156
1650: 1136,1356
508: 1752,19,1420,32,1347,1556,2010,1484,1717,295,427,34,1964,1713,384,430,1169,1053,1086,93,275
1661: 
510: 
511: 
512: 
513: 
1805: 
2011: 218,1285,778,492,731,1849,1860,1845,1559,923
516: 374,1792,438,1842
1881: 214,1315,696,131
518: 
519: 827
520: 1448,523,1981,114,11,536,1097,2004,529,1236,1422,1389,1426,329,1410
521: 
522: 1004
523: 1942,1863,1448,11,536,1097,2004,529,1788,1422,460,1389,520,166,1426,1500,617,571,329,303,1410,1018,1434
524: 236,1455,844,195,1844,2000,660,1387,1667,197,644,54,1549
525: 
526: 
527: 
528: 
529: 1942,1863,1448,523,1981,114,11,536,1097,2004,1788,1422,460,1389,520,1426,1500,617,1056,329,303,1410,1434
530: 
531: 1254
532: 
533: 932,1707
534: 663,347
1692: 774,1809
536: 1942,1863,1448,523,1981,114,11,1097,2004,529,1788,1236,1422,460,1389,520,1426,617,329,303,1410,1018
1744: 
538: 
539: 
1949: 858,304
541: 279,1030,434
542: 
543: 457,930,1325
544: 968,1718,2017,1908,695,1930,1640,1882
1824: 800,56,1705,1951
546: 1912,282,1401,1510,620,615,763,998,296,2019,376,1171,446
547: 656,466,676,1011,2013,173,315,1876,751,140,1865,1044,826,1198,941,2015,1266,72,1569,1019,202
1760: 
1739: 
1674: 1240,487,1843,2002,933,752,323,610,2003,1944,1676,588,1708,1471,1638,737,1036
551: 714,1898
1976: 
1890: 1775
554: 1144,373
555: 734
556: 
557: 
558: 
559: 
560: 1854,1076,495,1834,756,1225,176,2012,1100,205,1885,421,284,1239
561: 1428,1281,1339,1075,30,358,2001,1017
562: 
563: 
1954: 876
565: 
566: 450,495,1408,176,291,2012,1100,1327,205,421,284,1239,262,1149,1292,1076
567: 1611,806
568: 
1885: 495,1834,756,1225,176,2012,1100,205,421,284,1239,262,560,1854,1149,1292,1076
570: 
571: 1942,1448,523,2004,1788,166,1500,329,303
1517: 1010
573: 1723
574: 227,808,1585
1999: 122
576: 1439,650
577: 
578: 
579: 210,1299,80,328
580: 1592,1643
581: 1603,1980
1559: 218,1285,778,2011,1849,1860,1845
583: 718,1160
584: 
585: 136
586: 461,1918,592,926,747,1120,477,2009,503,1071,1523,1102,1658
1667: 1844,916,2000,660,1387,197,644,54,524,236,844,195
588: 1240,487,1843,1027,2002,933,752,323,610,2003,1944,1676,1674,1471,1638,737,1036,1046,1294
1829: 
1696: 476,951,1957,1946,928,824,428
1953: 893
592: 461,1918,926,586,747,1120,1083,477,1145,2009,503,1780,1071,1523,1278,1023,1102,1647,1658,1293
593: 1497,832
594: 
1712: 931,907,1329
596: 
597: 
598: 
599: 1527,98
600: 
1711: 
602: 175
603: 1301,1349,1830
604: 
605: 1456,1192
606: 
607: 
1867: 
609: 
610: 793,1240,487,1153,1843,2002,933,752,1763,1213,323,1103,2003,1944,588,1674,1708,1471,1638,737,1036,1170
611: 
1726: 
1539: 
1669: 266
615: 1510,620,1147,763,1034,1765,998,296,2019,1025,376,1746,1171,446,230,1912,546,282,1401
616: 
617: 1942,1448,523,1981,536,2004,529,1422,1389,1500,1056,329,1410,1434
618: 
619: 
620: 1510,615,1147,763,998,296,2019,1025,376,1171,446,230,1912,546,282,1401
621: 2016,1250,1167,817,1797,1984,1837,53,1016,44,634,1926,1618,1048
622: 126
1812: 257
624: 
625: 499
626: 106,36
2009: 1083,477,1145,662,503,1780,1071,1523,1278,1023,1102,1647,1658,1293,461,1918,592,926,586,747,1120
628: 158
629: 
1629: 
1769: 
632: 
633: 
634: 2016,1250,1167,817,1797,621,1715,1984,917,1837,1584,319,287,1368,712,1626,53,1016,1363,44,1926,1618
635: 
1927: 1342
637: 1794,1982
638: 465,65,1633,646,1666,1007,828,850,2005,1458,1878,777,1838,1255,1952,1390,1749
639: 
1542: 133
641: 
1615: 
1855: 2015,1266,72,1569,1019,202,1533,2013,751,1828,1865,1198,941,466
644: 1844,916,2000,660,1387,1667,197,54,524,236,1455,844,195
645: 864,246,380
646: 465,65,1633,1666,1007,828,850,2005,1458,777,970,1255,474,1390,1749,638
647: 
1725: 979
649: 
650: 1072,1439,576
651: 
652: 290,880
653: 1158,1571,978,1117
1573: 1413,25
655: 
656: 547,466,676,2013,1865,1044,826,1198,2015,1266,72,1569,202
657: 
1633: 65,646,1666,1007,828,2005,1458,61,970,1838,1255,474,1390,638
659: 
660: 1844,916,2000,1387,1667,197,644,54,524,236,1455,844,195,1549
661: 1322,464,401,1261,1894,325,281,1807,1819,1482,2008,1391,1822,1271,121,741,1600,1451,1191,1257,1380,1159,1114
662: 1083,477,2009,1780,1071,1523,1278,1023,1647,1293,747
663: 347,534
664: 1121,1493,1530,1177
1651: 
666: 
667: 
668: 
669: 
670: 
671: 278
1912: 546,282,1401,1510,620,615,763,296,2019,1746,1171,446
673: 
1765: 615,1147,763,1034,2019,1025,376,1171,230
675: 223,1986
676: 2013,173,315,1876,102,1865,1044,826,1198,656,547,466,2015,1266,72,1569
1572: 
678: 
679: 1673,1460,1553
680: 232,86
681: 343,1168,830
1776: 
683: 
684: 
1511: 
1969: 
687: 
1778: 
1840: 211
690: 217,1913,784
1694: 
692: 1703,758,1610,1290
1616: 117,375,1897,1538,437,280,2001,958,29,1753,467,1339,1075,1058,358
694: 
695: 2017,1908,968,1718,544,1930,1640,1882
696: 214,1825,1315,1881,131,1970
1874: 
698: 498,1606
699: 
700: 
1584: 2016,1250,1167,817,1797,1715,981,1984,917,1837,319,287,1368,712,1626,53,1016,1363,44,634,1926,1618
702: 
703: 965
704: 310,707,1548,1902,2014,1069,812,1047,1111,1393,1200,1338,1597,1546,385,193,898,1609,1229,1683,66,1457,1146,1
705: 1124,710,1509
706: 55,1818
707: 1548,1902,2014,1069,812,1047,1111,1393,1200,1338,1597,1546,704,385,193,898,1609,1229,1683,66,1457,1146,1
708: 
709: 
710: 1124,1509,705
711: 
712: 2016,1797,1715,1984,917,1837,1584,319,287,1626,1363,634
713: 920
714: 1898,551
715: 787,390,1541
1876: 1011,2013,173,179,315,339,751,102,140,1865,1044,826,1198,941,676,547,466,2015,1266,1569,1019
717: 
718: 399,583,1160
1944: 1240,487,1843,2002,933,752,323,610,2003,1676,588,1674,1708,1471,1638,737,1036,1046,1294
1642: 
721: 
722: 1943,117,1897,1538,1934,437,280,2001,29,1753,356,467,1017,1428,1281,1339,1075,358
1734: 
724: 1269,50
1579: 
726: 
727: 32,1556,2010,1484,1717,295,34,1641,1713,384,1169,1101,1531
1613: 
1784: 1529
1704: 
731: 218,1285,778,492,2011,1860,1845,923
732: 
1933: 264,1300,1802,1691
734: 555
735: 
736: 789
737: 1240,487,1843,2002,610,2003,1944,1676,588,1674,1471,1638,1046,1294
738: 
739: 
740: 
741: 2008,1391,1526,1822,1271,121,1600,353,1451,1191,409,1759,1159,1114,661,1261,1807
1549: 2000,660,1387,197,54,524,236,1455,844
743: 
1591: 
1982: 637,1794
1567: 1505,92,1127
747: 461,1918,592,926,586,1120,1083,477,1145,662,2009,503,1780,1071,1523,1278,1023,1658,1293
748: 
1879: 
750: 
751: 1011,2013,1230,173,179,315,1876,339,102,140,1828,1865,1044,826,1198,941,547,2015,1266,72,1569,1019,1533,1855
752: 793,1240,487,1153,1843,1027,2002,933,1763,1213,323,1103,610,2003,1944,1676,857,588,1674,1708,1471,1036,1170,1046
753: 
754: 
755: 
756: 450,495,1834,1225,1408,176,291,2012,1100,1327,205,1885,421,284,1239,262,560
1606: 498,698
758: 692,1290
759: 
1684: 
761: 
762: 
763: 1510,620,615,1147,1034,1765,998,296,2019,1025,376,1746,1171,446,230,1912,546,282,1401
764: 
765: 
766: 
767: 
1846: 
769: 342
1730: 
771: 
772: 
773: 1887,1645,1469,309,922,387,1059,1550,2018,1932,135,1431,100
774: 1692,1809
775: 
1880: 1732
777: 465,65,646,1666,1007,828,850,2005,1458,61,1878,1245,1892,868,1414,970,1255,474,1952,1390,1749,638
778: 218,1285,2011,731,1860,1845,1559
779: 
780: 
781: 484
782: 
783: 1915
784: 1623,1429,1913,1055,217,690
1785: 1563,1748
786: 
787: 1541,715
788: 1355,313,1224,1914
789: 736
790: 
791: 865,1693,1975
792: 1551
793: 1153,1843,2002,752,1763,1213,323,1103,610,2003,857,1708,1036,1170
794: 1258,330,869,392
795: 1891,468
796: 198,956
797: 
798: 993,465,1007,850,2005,1878,1245,1892,1749
799: 134
800: 1824,56,1705,1951
801: 
1917: 
803: 
1609: 310,707,1548,1902,2014,1069,812,1047,1111,1393,1200,1338,1597,1546,704,385,193,898,1166,431,825,1
1919: 
806: 567,1611
1631: 
808: 227,1585,574
809: 885,1875
810: 
811: 
812: 310,707,1548,1902,2014,1069,1047,1111,1393,1200,1338,1597,1546,704,385,193,898,1609,1229,431,1683,825,1099,66,1457,1146,1
813: 1272
814: 
1849: 218,1285,492,2011,1860,1845,1559,923
816: 
817: 2016,1167,1797,621,1984,1584,1368,1626,1016,1363,44,634,1048
818: 
819: 
1802: 1300,1933,1691
1533: 2015,1266,72,1569,1019,202,1855,2013,339,751,1828,1865,941,466
822: 48,1366,1185
1898: 714,551
824: 928,428,1946,476,1696
825: 310,1548,1902,2014,812,1047,1393,1200,1338,385,193,1609,1166,431,1683,1099,1457
826: 1011,2013,1230,173,315,1876,751,102,140,1865,1044,1198,941,676,656,547,466,2015,1266,72,1569,1019
827: 519
828: 465,65,1633,646,1666,1007,850,2005,1458,61,1878,777,970,1255,1952,1390,1749,638
1975: 865,1693,791
830: 343,1168,681
1608: 1441
832: 593,1497
833: 276
834: 
835: 1295,1291
836: 1627
1942: 1863,1448,523,536,1097,2004,529,1788,460,1389,166,1426,1500,617,571,329,303,1018,1434
2016: 1250,1167,817,1797,621,1715,981,1984,917,1837,1584,319,287,1368,712,1626,53,1016,1363,44,634,1926,1618,1048
839: 
840: 273,1476
841: 1335
842: 
843: 
844: 524,236,1455,195,1844,916,2000,660,1387,1667,197,644,54,1549
1844: 916,2000,660,1387,1667,197,644,54,524,236,844,195
1690: 
1843: 793,1240,487,1153,1027,2002,933,752,1763,1213,323,1103,610,2003,1944,1676,857,588,1674,1471,737,1036,1170,1046,1294
848: 1770
849: 
850: 465,646,1666,1007,828,2005,1878,1245,1892,868,1414,777,970,1255,1390,1749,993,798,638
851: 
1569: 2015,1266,72,1019,202,1533,1855,676,1011,2013,1230,173,315,1876,339,751,102,140,1828,1865,1044,826,1198,941,656,547,466
1891: 795,468
1507: 
855: 
1691: 264,1300,1802,1933
857: 793,1153,1843,1027,2002,933,752,1763,1213,323,1103,2003,335,1170
858: 1949,304
859: 
1848: 919
861: 
862: 1089,1486
863: 
864: 246,645,380,1925
865: 1693,791,1975
1747: 250
2019: 1510,620,615,1147,763,1034,1765,998,296,1025,376,1746,1171,446,230,1912,546,282,1401
868: 465,65,1666,850,2005,61,1245,1414,777,970,1255,474,1952,1390
869: 1258,794,330,392
870: 
1595: 
872: 
1585: 227,808,574
874: 937
1934: 1943,117,1897,437,280,2001,29,356,722,1017,1428,1281,358
876: 914,1954
1852: 
878: 233
879: 
880: 290,652
1887: 1645,1469,309,922,387,1550,2018,773,1932,135,1431,100
882: 
2018: 1887,1645,1469,309,922,387,1059,1550,773,1932,135,1431,100
884: 
885: 1875,809
1560: 240
1836: 
1508: 1551
889: 1357,1811
1698: 74,2007,249,972,1161,2006,1901,1910,1039,1665
891: 
892: 
893: 1953
894: 
895: 
1921: 
897: 383
898: 707,2014,1069,812,1047,1111,1393,1200,1338,1597,1546,704,193,1609,1229,1683,66,1457,1146,1
899: 
1714: 1215
901: 
902: 1041
1506: 1536,1234,443,103
1510: 620,615,1147,763,1034,998,296,2019,1025,1746,1171,446,230,1912,546,282
905: 213
906: 
907: 1712,1329
908: 1501
909: 
910: 
1536: 1506,1234,1232,443,103
912: 1043,1232
1676: 1240,487,1843,1027,2002,933,752,323,1103,2003,1944,588,1674,1471,1638,737,1046,1294
914: 876
915: 1369,1895,1252
916: 1844,2000,660,1387,1667,197,644,236,844,195
917: 2016,1250,1797,1715,981,1984,1837,1584,319,287,712,1626,53,1363,44,634,1926,1618
918: 
919: 1848,1581
920: 713
1900: 
922: 1887,1645,1469,309,1059,2018,773,1932,135,1431,100
923: 218,1285,492,2011,731,1849,1860
1526: 2008,1391,1822,1271,121,741,1600,353,1451,1191,1248,1257,409,1759,1159,1114,1807
925: 
926: 461,1918,592,586,747,1120,1083,477,2009,503,1780,1071,1523,1023,1658,1293
1788: 1942,1863,1448,523,11,536,1097,2004,529,1236,1422,460,166,1426,1500,571,329,303,1018
928: 824,428,1696
2007: 74,249,972,1698,1161,2006,1901,1910,1039,1665
930: 457,1325,543
931: 1712
932: 533,1707
933: 1240,487,1153,1843,1027,2002,752,1763,1213,323,1103,610,2003,1944,1676,857,588,1674,1708,1471,1036,1170,1046
934: 995,63
935: 1453
1509: 1124,710,705
937: 1522,874
938: 
1713: 1752,19,1420,508,32,1347,1556,2010,1484,1717,295,427,34,1964,1641,384,430,1169,1053,1086,727,93
1804: 
941: 1011,2013,1230,173,179,315,1876,339,751,102,140,1828,1865,1044,826,1198,547,466,2015,1266,72,1569,1019,1533,1855
942: 
1746: 1510,615,763,998,296,2019,1025,1171,446,1912,282,1401
1531: 1752,19,32,1556,2010,1717,295,427,1641,1169,1101,1053,727
1640: 1930,2017,1908,695,1718,544,1882
946: 1331
947: 
948: 
1998: 
1822: 2008,1391,1526,1271,121,741,1600,1451,1191,1257,1380,1159,661,1894,281,1807,1482
951: 1957,1946,476,1696
952: 
1990: 359
954: 
955: 
956: 198,796
1830: 1301,1349,603
958: 1943,117,375,1897,1538,437,280,1616,2001,1753,467
1959: 
960: 
2000: 1844,916,660,1387,1667,197,644,54,524,236,1455,844,195,1549
962: 
963: 
1958: 1305,120,1398
965: 703
966: 
1763: 793,1153,1843,1027,2002,933,752,1213,323,1103,610,2003,857,1708,1036,1170
968: 1718,544,2017,1908,695
969: 
970: 65,1633,646,1666,1007,828,850,2005,1458,61,868,1414,777,1838,1255,474,1952,1390
971: 
972: 74,2007,249,1698,1161,2006,1901,1910,1039,1665
973: 
1955: 
1782: 
1643: 580,1592
977: 
978: 1158,1571,653,1117
979: 1725
980: 1308
981: 2016,1250,1715,1984,917,1837,1584,319,287,1626,53,1363,44,1926,1618
982: 
983: 
984: 1303
1664: 
1862: 
1866: 
1649: 
989: 1206,1467
990: 
2015: 1266,72,1569,1019,202,1533,1855,676,1011,2013,1230,173,179,315,1876,339,751,102,140,1828,1865,1044,826,1198,941,656,547,466
992: 
993: 798,850,2005,1245,1892,1749
994: 1394,1359
995: 934,63
996: 
997: 
998: 1510,620,615,1147,763,1034,296,2019,1025,376,1746,1171,446,546,282,1401
999: 
1819: 464,401,661,1261,325,281,1807,1555,1482,2008,1391,1600,353,1191,1248,409,1159,1114
1794: 637,1982
1002: 
1003: 
1004: 522
1610: 1290,1703,692
1703: 692,1610,1290
1007: 465,65,1633,646,1666,828,850,2005,1458,1878,1245,777,970,1255,1390,1749,798,638
1554: 1177,1121
1009: 
1010: 1517
1011: 2013,1230,173,179,315,1876,339,751,102,140,1828,1865,1044,826,1198,941,547,2015,1569,1019
1920: 
1013: 
1014: 
1015: 
1016: 2016,1250,1167,817,1797,621,1984,1584,287,1368,1363,44,634,1618,1048
1017: 117,1934,280,2001,29,356,467,722,1428,1281,1339,561,1075,358
1018: 1942,1863,1448,523,114,11,536,1097,2004,1788,1236,1422,460,166,1426,329,303
1019: 2015,1266,72,1569,202,1533,1855,1011,2013,1230,173,179,1876,339,751,102,1828,1865,1044,826,1198,941,547
1020: 
1021: 
1022: 
1023: 1083,477,1145,662,2009,503,1780,1071,1523,1278,1647,1293,592,926,747
1024: 
1025: 1510,620,615,1147,763,1034,1765,998,296,2019,376,1746,1171,446,230
1026: 1082,1504,225,1094,1662
1027: 487,1153,1843,2002,933,752,1763,323,1103,2003,1676,857,588,1471,1170,1046,1294
1028: 
1621: 
1030: 279,541,434
1031: 
1770: 21,848
1033: 
1034: 1510,615,1147,763,1765,998,296,2019,1025,376,1171,446,230
1854: 1149,1292,1076,560,1834,1225,176,2012,205,1885,284,1239
1036: 793,1240,487,1153,1843,2002,933,752,1763,1213,323,1103,610,2003,1944,588,1674,1708,1471,1170
1037: 
1038: 
1039: 74,2007,249,972,1698,1161,2006,1901,1910,1665
1040: 
1041: 902
1521: 1430
1043: 912,1234,1232,443
1044: 1011,2013,1230,173,179,315,1876,339,751,102,140,1865,826,1198,941,676,656,547,466,2015,1266,72,1569,1019
1045: 
1046: 487,1843,1027,2002,933,752,323,1103,2003,1944,1676,588,1471,1638,737,1294
1047: 310,707,1902,2014,1069,812,1111,1393,1200,1338,1597,1546,704,385,193,898,1609,1229,1683,825,1099,66,1457,1146,1
1048: 2016,1250,1167,817,621,1016,44
1970: 214,1825,1315,696
1050: 1280
1051: 416,208
1052: 
1053: 1752,19,508,32,1556,2010,1717,295,427,1641,1713,1169,1101,1086,1531,93,275
1054: 
1055: 1623,1429,1913,784
1056: 1981,1097,2004,529,1389,617,329,1410,1434
1620: 1501
1058: 1428,1281,1339,1075,30,358,1897,1616,2001,1753,467
1059: 1645,1469,309,922,387,2018,773,135,1431
1060: 
1061: 1732
1062: 
1741: 
1064: 
1820: 1186,436
1066: 
1067: 
1068: 64,1454
1069: 707,1902,2014,812,1047,1111,1393,1200,1338,1597,1546,704,193,898,1609,1229,1683,66,1457,1146,1
1638: 1240,487,2002,610,2003,1944,1676,588,1674,1471,737,1046,1294
1071: 1083,477,1145,662,2009,503,1780,1523,1278,1023,1102,1647,1658,1293,461,1918,592,926,586,747,1120
1072: 1439,650
1073: 
1074: 
1075: 1428,1281,1339,561,30,1058,358,117,1897,280,1616,2001,29,1753,356,467,722,1017
1076: 1854,1149,1292,560,450,495,566,1834,1225,176,2012,1100,205,1885,421,284,1239,262
1077: 
1841: 1968
1079: 
1956: 1375,1256,62
1783: 
1082: 1504,225,1094,1026,1662
1083: 477,1145,662,2009,503,1780,1071,1278,1023,1647,1293,1918,592,926,747,1120
1084: 
1925: 864,246,380
1086: 1752,19,1420,508,32,1556,2010,295,427,1964,1713,430,1053,93,275
1087: 408
1697: 
1089: 1486,862
1090: 
1091: 
1092: 
1093: 
1094: 1082,1504,1026,1662
1095: 
1096: 
1097: 1942,1863,1448,523,1981,114,11,536,2004,529,1788,1236,460,1389,520,166,1426,1056,329,1410,1018
1098: 
1099: 66,1457,1,1902,2014,812,1047,1393,1200,385,193,1683,825
1100: 450,495,566,1834,756,1225,1408,176,291,2012,1327,205,1885,421,284,1239,262,560,1149,1292,1076
1101: 19,32,1556,2010,1484,1717,295,1641,1169,1053,727,1531
1102: 477,2009,503,1071,1523,1647,1658,461,1918,592,586
1103: 793,1153,1843,1027,2002,933,752,1763,1213,323,610,2003,1676,857,1708,1471,335,1036,1170,1046
1104: 
1105: 
1106: 
1909: 
1108: 1226
1109: 1400
1110: 68,1540
1111: 310,707,1548,1902,2014,1069,812,1047,1393,1200,1338,1546,704,385,898,1609,1166,431,1683
1112: 
1113: 298
1114: 2008,1391,1526,1271,121,741,1600,353,1451,1191,1248,1257,409,1759,1159,1322,464,401,661,1261,1894,325,281,1807,1555,1819,1482
1115: 
1116: 1755
1117: 1158,1571,978,653
1118: 
1720: 
1120: 461,1918,592,926,586,747,1083,477,2009,503,1071,1658,1293
1121: 664,1530,1554,1177
1122: 
1123: 378
1124: 710,1509,705
1834: 495,756,1225,176,291,2012,1100,1327,205,1885,284,1239,560,1854,1149,1076
1126: 
1127: 1567,92
1128: 
1129: 244
1130: 
1131: 
1512: 
1133: 
1134: 1241,1586
1809: 1692,774
1136: 1650,1356
1552: 
1831: 
1873: 
1140: 1399
1141: 
1142: 
1143: 235
1144: 554,373
1145: 1083,477,2009,503,1780,1071,1278,1023,1647,1293,1918,592,747
1146: 66,1457,1,707,2014,1069,812,1047,1200,1338,1597,704,898,1229
1147: 1510,620,615,763,1034,1765,998,296,2019,1025,376,1171,446,230
1148: 
1149: 1854,1292,1076,450,495,566,1834,1225,1408,176,291,2012,1100,205,1885,421,284,1239,262
1150: 
1151: 
1152: 
1153: 793,1240,1843,1027,2002,933,752,1763,1213,323,1103,610,2003,857,1708,1471,1036,1170
1773: 
1155: 
1156: 31,506
1863: 1942,1448,523,1981,114,11,536,1097,2004,529,1788,1236,460,1389,166,1426,1500,329,303,1410,1018,1434
1158: 1571,978,653,1117
1159: 2008,1391,1526,1822,1271,741,1600,353,1451,1191,409,1759,1114,464,401,661,1261,1894,325,281,1807,1555,1819
1160: 583,399,718
1161: 74,2007,249,972,1698,2006,1901,1910,1039,1665
1162: 
1163: 
1818: 55,706,1190,1276
1165: 
1166: 310,1548,1902,2014,1111,1393,1338,385,1609,431,825
1167: 2016,1250,817,1797,621,1984,1584,287,1368,1016,1363,44,634,1926,1618,1048
1168: 343,681,830
1169: 1752,19,508,32,1556,2010,1484,1717,295,427,34,1964,1641,1713,384,1101,1053,727,1531
1170: 793,487,1153,1843,1027,2002,933,752,1763,1213,323,1103,610,2003,857,1708,1471,1036
1171: 1510,620,615,1147,763,1034,1765,998,296,2019,1025,376,1746,446,230,1912,546,282
1172: 
1602: 
1174: 1355,480,1835,94
1901: 74,2007,249,972,1698,1161,2006,1910,1039,1665
1582: 1496
1177: 1554,1121,664,1530
1178: 
1814: 
1513: 
1981: 1863,1448,114,11,536,1097,2004,529,1236,1422,460,1389,520,1426,617,1056,329,1410
1182: 
1183: 
1184: 
1185: 822,1366
1186: 1820
1187: 
1895: 1369,915,1252
1566: 
1190: 55,1818,1276
1191: 2008,1391,1526,1822,1271,121,741,1600,353,1451,1248,1257,409,1759,1159,1114,464,401,661,1261,1894,281,1807,1819,1482
1192: 1456,605,52
1193: 
1700: 1596,165
1607: 
1617: 
1197: 
1198: 1011,2013,1230,173,1876,751,102,1828,1865,1044,826,941,676,656,547,466,2015,1266,72,1569,1019,1855
1199: 
1200: 310,707,1548,1902,2014,1069,812,1047,1111,1393,1338,1597,704,385,193,898,1609,1229,431,1683,825,1099,66,1457,1146,1
1201: 
1679: 
1203: 
1637: 
1205: 493
1206: 1467,989
1592: 580,1643
1208: 
1951: 56,1705,800,1824
1210: 1670,1442
1675: 
1212: 
1213: 793,1240,1153,1843,2002,933,752,1763,323,1103,610,2003,857,1708,1471,1036,1170
2013: 1011,1230,173,179,315,1876,339,751,102,140,1828,1865,1044,826,1198,941,676,656,547,466,2015,1266,72,1569,1019,202,1533,1855
1215: 1714
1216: 
1217: 
1218: 105,240,251
1219: 
1220: 
1946: 951,1957,476,1696,824
1222: 86
1223: 
1224: 1355,480,1835,313,1914,788,94
1225: 450,495,1834,756,1408,176,291,2012,1100,205,1885,421,284,1239,262,560,1854,1149,1292,1076
1226: 1108
1227: 
1228: 
1229: 707,2014,1069,812,1047,1393,1200,1338,1597,1546,704,385,898,1683,66,1457,1146,1
1230: 1011,2013,173,179,339,751,102,140,1828,1865,1044,826,1198,941,2015,1569,1019
1717: 1752,19,508,32,1556,2010,1484,295,34,1641,1713,384,430,1169,1101,1053,727,1531
1232: 1536,1234,443,103,912,1043
1837: 2016,1797,621,1715,981,1984,917,1584,319,287,712,1626,53,1363,44,634,1926,1618
1234: 1536,1506,1232,443,103,1043
1913: 1429,784,1055,217,690
1236: 1863,1448,1981,114,11,536,1097,2004,1788,460,1389,520,166,1426,329,1018
1721: 445
1924: 
1239: 450,495,566,1834,756,1225,1408,176,291,2012,1100,1327,205,1885,284,262,560,1854,1149,1292,1076
1240: 487,1153,1843,2002,933,752,1213,323,610,2003,1944,1676,588,1674,1708,1471,1638,737,1036
1241: 1134,1586
1821: 
1243: 501,241
1244: 
1245: 465,1666,1007,850,2005,1892,868,1414,777,1255,1749,993,798
1627: 836
1247: 
1248: 2008,1391,1526,121,1600,353,1451,1191,1257,1380,1114,1322,464,401,1894,281,1807,1819,1482
1249: 
1250: 2016,1167,1797,621,981,1984,917,1584,287,53,1016,44,634,1926,1618,1048
1251: 1371
1252: 1369,1895,915
1597: 707,2014,1069,812,1047,1200,1338,1546,704,193,898,1609,1229,66,1457,1146,1
1254: 531
1255: 465,65,1633,646,1666,1007,828,850,2005,1458,61,1878,1245,868,1414,777,970,1838,474,1952,1390,1749,638
1256: 1956,62
1257: 2008,1391,1526,1822,1271,121,1600,353,1451,1191,1248,1380,1114,1322,464,401,661,1894,281,1807,1482
1258: 794,869,392
1259: 
1260: 
1261: 464,401,661,1894,325,281,1807,1555,1819,1482,2008,1391,1271,741,1600,353,1451,1191,409,1759,1159,1114
1979: 
1263: 
1264: 162
1645: 1887,1469,309,922,387,1059,1550,2018,773,1932,135,1431,100
1266: 2015,72,1569,1019,202,1533,1855,676,2013,173,315,1876,751,1865,1044,826,1198,941,656,547,466
1267: 
1268: 
1269: 724,50
1915: 783
1271: 2008,1391,1526,1822,121,741,1600,353,1451,1191,1257,409,1380,1759,1159,1114,464,401,661,1261,1894,325,281,1807,1482
1272: 813
1943: 117,1897,1538,1934,437,280,2001,958,29,467,722
1274: 
1275: 
1276: 1818,1190
1277: 1365,183
1278: 1083,477,1145,662,2009,503,1780,1071,1523,1023,1647,1658,1293,1918,592,747
2010: 1752,19,1420,508,32,1347,1556,1484,1717,295,427,34,1964,1641,1713,384,430,1169,1101,1053,1086,727,1531,93,275
1280: 1050
1281: 1428,1339,561,1075,30,1058,358,117,1897,1934,280,2001,29,356,467,722,1017
1894: 1322,464,401,661,1261,325,281,1807,1482,2008,1391,1822,1271,121,1600,1451,1191,1248,1257,1380,1159,1114
1283: 
1875: 885,809
1285: 218,778,492,2011,731,1849,1860,1845,1559,923
1286: 
1287: 1488
1288: 
1289: 
1290: 1610,1703,758,692
1291: 1295,835
1292: 1854,1149,1076,450,495,566,1225,1408,176,291,2012,1100,205,1885,421,284,1239,262
1293: 1083,477,1145,662,2009,1780,1071,1278,1023,592,926,747,1120
1294: 487,1843,1027,2002,2003,1944,1676,588,1471,1638,737,1046
1295: 1291,835
1296: 
1800: 
1932: 1887,1645,1469,922,387,1550,2018,773,1431,100
1299: 210,579,80,328
1300: 264,1802,1933,1691
1301: 1349,1830,603
1302: 
1303: 984
1304: 
1305: 1958,120,1398
1306: 
1987: 
1308: 980
1309: 220
1310: 
1677: 
1312: 
1313: 
1314: 
1315: 214,1825,1881,696,131,1970
1316: 
1317: 
1666: 465,65,1633,646,1007,828,850,2005,1458,61,1245,868,1414,777,970,1838,1255,474,1952,1390,1749,638
1524: 
1320: 
1708: 793,1240,1153,2002,933,752,1763,1213,323,1103,610,2003,1944,1674,1471,1036,1170
1322: 464,401,661,1894,281,1807,1482,2008,121,1600,1451,1248,1257,1380,1114
1323: 
1957: 951,1946,476,1696
1325: 457,930,543
1908: 2017,695,968,1718,544,1930,1640
1327: 450,495,566,1834,756,1408,176,291,2012,1100,1239
1522: 937
1329: 1712,907
1330: 
1331: 946
1772: 
2012: 450,495,566,1834,756,1225,1408,176,291,1100,1327,205,1885,421,284,1239,262,560,1854,1149,1292,1076
1556: 1752,19,1420,508,32,1347,2010,1484,1717,295,427,34,1964,1641,1713,384,430,1169,1101,1053,1086,727,1531,93,275
1335: 841
1336: 
1600: 2008,1391,1526,1822,1271,121,741,353,1451,1191,1248,1257,409,1380,1159,1114,1322,464,401,661,1261,1894,325,281,1807,1819,1482
1338: 310,707,1548,1902,2014,1069,812,1047,1111,1393,1200,1597,1546,704,385,193,898,1609,1166,1229,431,1683,825,1457,1146,1
1339: 1428,1281,561,1075,30,1058,358,1897,1538,280,1616,2001,29,1753,356,467,722,1017
1793: 
1341: 
1342: 1927
1807: 1322,464,401,661,1261,1894,325,281,1555,1819,1482,2008,1391,1526,1822,1271,121,741,1600,353,1451,1191,1248,1257,409,1380,1159,1114
1344: 
1345: 1612,1463
1603: 1980,581
1347: 1752,19,1420,508,1556,2010,1484,34,1964,1713,384,430
1935: 
1349: 1301,1830,603
1632: 
1351: 
1964: 1752,19,1420,508,1347,1556,2010,1484,295,427,34,1713,384,430,1169,1086
1353: 
1777: 
1355: 480,1835,313,1224,1914,788,94,1174
1356: 1650,1136
1357: 889,1811
1358: 
1359: 1394,994
1668: 132
1361: 
1362: 
1363: 2016,1167,817,1797,1715,981,1984,917,1837,1584,319,287,1368,712,1626,1016,44,634,1618
1529: 1784
1365: 1277,183,391
1366: 48,822,1185
1850: 
1368: 2016,1167,817,1797,1715,1984,1584,1626,1016,1363,634
1369: 1895,915,1252
1370: 
1371: 1251
1665: 74,2007,249,972,1698,1161,2006,1901,1910,1039
1373: 
1374: 
1375: 1956
1655: 
1626: 2016,817,1797,1715,981,1984,917,1837,1584,319,287,1368,712,53,1363,44,634,1926,1618
1378: 
1379: 
1380: 2008,1822,1271,121,1600,1451,1248,1257,1322,401,661,1894,281,1807,1482
1381: 
1382: 
1796: 
1952: 465,65,1666,828,2005,1458,61,868,777,970,1838,1255,1390,638
1385: 
1386: 1487
1387: 1844,916,2000,660,1667,197,644,54,524,236,1455,844,1549
1388: 1963
1389: 1942,1863,1448,523,1981,114,11,536,1097,2004,529,1236,460,520,617,1056,329,1410,1434
1390: 465,65,1633,646,1666,1007,828,850,2005,1458,61,1878,868,1414,777,970,1838,1255,474,1952,638
1391: 2008,1526,1822,1271,121,741,1600,353,1451,1191,1248,1257,409,1759,1159,1114,464,401,661,1261,1894,325,281,1807,1555,1819,1482
1392: 
1393: 310,707,1548,1902,2014,1069,812,1047,1111,1200,1338,1546,704,385,193,898,1609,1166,1229,431,1683,825,1099,1457,1
1394: 1359,994
1395: 286,69
1781: 
1523: 477,662,2009,503,1780,1071,1278,1023,1102,1647,1658,461,1918,592,926,586,747
1398: 1305,1958,120
1399: 1140
1400: 1109,402
1401: 1912,546,282,620,615,763,998,296,2019,1746,446
1402: 
1403: 
1404: 
1405: 16,301
1406: 
1541: 787,390,715
1408: 450,495,566,756,1225,176,291,2012,1100,1327,205,421,284,1239,262,1149,1292
1853: 
1410: 1863,1448,523,1981,114,11,536,1097,2004,529,1422,1389,520,1426,617,1056,329,1434
2005: 465,65,1633,646,1666,1007,828,850,1458,61,1878,1245,1892,868,1414,777,970,1838,1255,474,1952,1390,1749,993,798,638
1412: 
1413: 1573,25,1991
1414: 465,1666,850,2005,61,1245,868,777,970,1255,474,1390,1749
1596: 1700,165
1918: 461,592,926,586,747,1120,1083,477,1145,2009,503,1071,1523,1278,1102,1647,1658
1519: 
1593: 
1419: 
1420: 1752,19,508,32,1347,1556,2010,1484,295,427,34,1964,1713,384,430,1086,93,275
1421: 1740
1422: 1448,523,1981,114,11,536,2004,529,1788,520,1426,617,329,303,1410,1018
1940: 
1654: 
1775: 1890
1426: 1942,1863,1448,523,1981,114,11,536,1097,2004,529,1788,1236,1422,460,520,166,329,303,1410,1018
1965: 
1428: 1281,1339,561,1075,30,1058,358,117,1934,280,2001,29,356,722,1017
1429: 1623,1913,784,1055
1430: 1521
1431: 1887,1645,1469,309,922,1059,2018,773,1932,135
1886: 
1433: 
1434: 1942,1863,523,2004,529,1389,1500,617,1056,329,1410
1659: 
1748: 1563,1785
1437: 
1438: 
1439: 1072,576,650
1440: 
1441: 1608
1442: 1210,1670
1443: 
1444: 
1445: 
1446: 
1792: 516,374,438,1842
1448: 1942,1863,523,1981,114,11,536,1097,2004,529,1788,1236,1422,460,1389,520,166,1426,1500,617,571,329,303,1410,1018
1449: 
1450: 
1451: 2008,1391,1526,1822,1271,121,741,1600,353,1191,1248,1257,1380,1159,1114,1322,464,401,661,1261,1894,281,1807,1482
1452: 
1453: 935
1454: 64,1068
1455: 524,236,844,195,2000,660,1387,197,644,54,1549
1456: 1192,605,52
1457: 1099,66,1146,1,707,1902,2014,1069,812,1047,1393,1200,1338,1597,704,385,193,898,1229,1683,825
1458: 465,65,1633,646,1666,1007,828,2005,61,1878,777,970,1838,1255,474,1952,1390,638
1459: 
1460: 1673,679,1553
1973: 
1462: 
1463: 1612,1345
1790: 
1518: 
1705: 56,1951,800,1824
1467: 1206,989
1551: 1508,792
1469: 1887,1645,309,922,387,1059,1550,2018,773,1932,135,1431
1656: 
1471: 1240,487,1153,1843,1027,2002,933,752,1213,323,1103,610,2003,1944,1676,588,1674,1708,1638,737,1036,1170,1046,1294
1472: 
1473: 
1474: 
1475: 
1476: 273,840
1687: 
1815: 
1561: 
1683: 310,707,1548,1902,2014,1069,812,1047,1111,1393,1200,1338,1546,704,385,193,898,1229,431,825,1099,1457
1670: 1210,1442
1482: 1322,464,401,661,1261,1894,325,281,1807,1819,2008,1391,1822,1271,121,1600,353,1451,1191,1248,1257,1380,1114
1483: 1496,83
1484: 1752,19,1420,508,32,1347,1556,2010,1717,295,34,1964,1641,1713,384,430,1169,1101,727
1658: 477,2009,503,1780,1071,1523,1278,1102,1647,461,1918,592,926,586,747,1120
1486: 1089,862
1487: 1386
1488: 1287
1963: 1388
1490: 28
1491: 
1492: 
1493: 664
1571: 1158,978,653,1117
1495: 
1496: 1582,1483
1497: 593,832
1498: 
1499: 1673
1500: 1942,1863,1448,523,2004,529,1788,166,617,571,329,303,1434
1501: 1620,908
1502: 
1503: 
1504: 1082,225,1094,1026,1662