1758: 1665,2007,842,972,1079,1161,1698,1039,74,841,249,2006,1910,1901
1: 1200,2014,1609,1047,1548,1146,1338,800,1004,385,1099,1457,1683,1111
1471: 752,487,1676,1103,610,323,2003,629,1027,1036,2002,933,737,1170,1294
3: 
1803: 
1926: 1363,1715,1016,53,712,1048,2016,1584,1167,1626,1797,917,319,44,1984
6: 
7: 1511
1797: 1837,981,1715,1016,287,53,712,1048,2016,1584,1167,1626,917,319,1250,1969,44,1984,1363,1926
9: 
1342: 
11: 1236,1097,1448,1942,2004,1788,329,523,1500,1422,617,1981,571,1056,114
12: 1090
1756: 1779,1241,565,1586
1865: 140,1266,179,1569,826,676,656,1828,1044,2013,941,1533,1198,1876,466,2015,1687,1855,1230,102,751
15: 1677
16: 
17: 1061
18: 376,296,998,1025,1746,446,1034,1799,2019,1491,1401,1510,615,620,1171,1147,1867,763,230,282
19: 93,430,1086,1752,1053,328,80,1713,1420,275,2010,579,1964,34,1101,1484,384,1641,1691
20: 21
21: 20
22: 
1393: 1597,431,193,1445,898,310,1200,2014,1047,1548,1866,470,1004,1457,1111,707,1902,1069,1546,704,825,73
1623: 157
25: 1349
1368: 1837,1715,287,712,2016,1584,1167,817,1626,472,634,917,621,1618,1969
1910: 1665,2007,842,972,1079,1161,1758,1698,1039,841,249,2006,1901
28: 
29: 133,1403,30,2001,1897,1616,722,561,1120,437,467,358,1934,1943,1281
30: 133,2001,1897,29,561,1120,437,467,358,1934,117,1281
31: 849
32: 93,1086,1053,1713,1556,275,2010,1964,1101,1291,1691
33: 1836
34: 1169,1347,1556,275,2010,579,1717,1964,1129,427,1072,1101,727,1484,295,1291,1531,384,1641,1691,93,508,430,1086,1752,801,328,19,80,1713,1420
35: 1593
36: 
37: 
38: 
1379: 1965
40: 261,1527,951
1460: 
1817: 
43: 
44: 981,1715,1016,53,712,1048,2016,1626,1797,319,1250,1969,1984,1363,1926
45: 
46: 
1759: 1257,464,1555,1114,1526,353,741,1822,2008,1261,401,1380,1159,1807,121,1381,1271,325,1248,661
48: 
49: 
50: 
51: 1655
52: 1506,1325,724
53: 1837,981,1715,1016,712,1048,2016,1584,1167,1626,1797,917,319,1250,1969,44,1984,1363,1926
54: 236,863,195,1113,197,1549,1748,1806,644,2000,844,1387,660,1455,1667,1844,524,298,916
55: 
56: 1362
1860: 1559,2011,778,1285,790,492,923,1845,731,218,1283
58: 
1505: 1002,1244
60: 
61: 748,646,557,1739,78,1633,607,2005,1838,1749,1878,1245,970,868,1007,1414,465,1952,1255,638,798,1666,1390,1892,993,850,65
62: 1325
63: 1055,992
1363: 1926,981,53,712,1048,2016,1626,1797,319,44,1984
65: 993,850,748,646,557,78,61,2005,1749,1952,638,798,1666,1892
66: 
1662: 
68: 1313,1503,834,932
69: 
1715: 1837,981,1016,287,53,712,1048,2016,1584,1167,817,1626,634,1797,917,621,1618,1250,1969,1368,44,1984,1926
1443: 1560,1077
72: 1828,1044,202,2013,1011,315,941,997,1019,339,1533,1198,1876,466,547,2015,1855,102,173,826
73: 1069,1546,704,1208,825,1597,431,1393,1445,310,1200,2014,1047,1548,1338,1866,470,1004,1683,1111,707,1902
74: 1665,2007,842,972,1079,1161,1758,841,249,2006
1589: 332,130
76: 1811,1913,690,374,359,225,1136
77: 
78: 748,646,557,1739,1633,61,2005,1838,1749,1878,1245,868,670,1952,638,1892,850,65
1564: 
80: 93,508,430,1086,1752,801,1053,328,19,1713,1420,1169,1556,275,2010,579,34,1129,427,1101,727,1484,1531,384,1641,1691
81: 1519
1422: 1236,1961,1097,1448,1942,2004,1788,11,329,523,1500,1434,1426,617,520,460,529,1981,571,1389,1018,166,303,1410,1056,114,1863,536
83: 254,1362
1462: 
85: 
86: 
1653: 
1973: 
89: 
1457: 1597,193,1393,1229,310,1200,2014,1609,1047,1548,1146,1,1338,1866,800,1004,385,1099,1683,1111,1069,704
1718: 1908,695,968,2017,544,1163,1632
92: 1336
93: 1086,1752,32,1053,328,19,80,1713,1420,1169,1556,275,2010,579,1964,34,1101,1291,1641,1691
94: 
95: 
1916: 
97: 
1385: 
1781: 
100: 135,2018,1550,1887,1932,1059,309
1501: 
102: 1828,1044,202,2013,315,72,941,997,339,1533,1198,1876,466,2015,1687,1855,1230,751,676,173,656,140,1266,1865,179,1569,826
103: 982,912
104: 
105: 1690
106: 285
1774: 317,1486,664,1330
108: 
109: 
110: 
111: 
112: 
1754: 
114: 1236,1097,1448,2004,1788,11,329,523,1500,1434,1426,1422,617,520,1981,571,1018,166,303,1056
1701: 214
1366: 333,245
117: 30,2001,358,1934
1682: 560,176,1474,566,1142,1149,1076,542,1292,1239,2012,1225,1100,262,450,756,421,1408,284,1327
1452: 499
120: 
121: 1822,2008,401,1022,1380,1159,1807,1482,473,1391,1819,1201,1381,325,1322,1248,661,673,1191,1257,464,1555,1526,1600,1759
1632: 544,1882,1163,1908,695,1718,968,2017
123: 
1458: 
1490: 
126: 
1527: 951,40
128: 
129: 
130: 332,1589
131: 
132: 
133: 280,1228,1075,925,1339,30,2001,1897,1616,958,356,29,722,299,561,1120,437,1934,1943
1395: 1358
135: 2018,1550,1887,1645,1932,1059,309,100,387,922,1469,1431
136: 1429,516,1303,977
137: 
1707: 
139: 
140: 1266,1865,179,1569,826,676,656,1044,2013,941,1533,1198,1876,466,2015,1855,1230,102,751
141: 858,794
1659: 573
1787: 
144: 
1842: 
1598: 
147: 
1520: 398,1399,891
1670: 405,1051
150: 462
151: 532,1459
152: 
153: 
1815: 243
155: 
156: 
157: 1623
158: 
159: 
1392: 414,330,869,1258
1753: 280,1228,1403,1075,925,1339,2001,1616,958,722,561,467,1943
162: 
163: 
1547: 
165: 
166: 1236,1097,1448,1942,2004,1788,523,1500,1434,1426,1422,617,520,460,1981,571,1410,1056,114,1863,536
1504: 168,1919,1874
168: 1504,1919,1874
169: 
170: 
1828: 1044,202,2013,315,72,941,997,1019,339,1533,1198,1876,466,547,2015,1687,1855,1230,102,751,676,173,656,1865
172: 
173: 676,656,1828,1044,202,2013,315,72,941,997,339,1876,466,2015,1687,1230,102,1266
2004: 1236,1961,1097,1448,1942,1788,11,329,523,1500,1434,1426,1422,617,520,460,529,1981,571,1389,1018,166,303,1410,1056,114,1863,536
175: 
176: 560,1474,566,1142,1149,542,1682,1239,2012,1225,1100,262,756,1408,284,495,1327
1451: 2008,1261,401,1022,1482,473,1391,1819,1201,1381,1271,281,1322,661,673,409,1526
1639: 1607,457
179: 140,1266,1865,1569,826,676,656,1044,2013,941,1876,2015,1855,1230,102,751
2003: 752,487,1676,1103,1708,610,323,1843,335,629,1944,793,1638,1027,857,1763,1153,1036,1674,1046,2002,933,1240,588,737,1170,1213,1294,1471
2002: 752,487,1676,1103,1708,610,323,1843,335,2003,629,1944,793,1638,1027,857,1763,1153,1036,1674,1046,933,1240,588,737,1170,1213,1294,1471
182: 
183: 
184: 
185: 910,233
186: 
2008: 1822,1261,401,1022,1380,1159,1807,1482,121,473,1391,1819,1201,1894,1381,1271,281,325,1451,1322,1248,661,673,409,1191,1257,464,1555,1114,1526,353,741,1600,1759
188: 905,1398
1813: 
1878: 748,646,557,1739,78,607,61,2005,1749,1245,970,868,1007,670,1952,1255,638,798,1666,1390,1892,850
191: 
1476: 
193: 1597,1393,1445,1229,898,310,1200,2014,1166,1609,1047,1548,1146,812,1866,470,800,385,1099,1457,1683,707,1902
1839: 398,1399,891
195: 236,863,1113,197,1549,1748,1806,644,2000,844,54,1387,660,1455,1667,1844,524,298,916
196: 
197: 236,863,195,1113,1549,1748,1806,644,2000,844,54,1387,1455,1667,1844,524,298,916
198: 
1611: 
1563: 
1940: 
202: 1828,1044,2013,315,72,941,997,1019,339,1533,1198,1876,466,547,2015,1687,1855,1230,102,676,173,656,1266
203: 
1588: 1300,650
205: 1885,756,421,1408,284,495,291,1834,1854,1327,1149,1076,542,2012,1100,262,450
1499: 
1779: 1756,1241,565,1586
208: 
209: 
210: 
211: 1840
1612: 1573,1269
213: 
214: 1701
215: 1041
1740: 
217: 
218: 1559,1860,2011,778,1849,790,492,923,1845,731,1283
219: 
220: 
2001: 280,1228,375,133,1403,1075,1017,925,1339,30,1897,1616,958,356,29,722,1753,299,561,1120,437,467,358,1934,117,1943,1281
222: 1247
223: 
1647: 1428,926,592,1071,1023,1780,1278,2009,1293,1658,1918,1523,586,461,747
225: 76,374
1398: 905,188
227: 
228: 
1428: 926,1102,592,477,1071,1023,1145,1780,1278,2009,1293,503,1658,662,1918,586,1647,461,1083,747
230: 282,2019,1491,1765,1510,1171,376,296,998,18,1746,446,1034,1799,1912,1867,763
231: 
1469: 773,1431,135,2018,1550,1887,1645,1932,309,387,922
233: 1028,185
1693: 
235: 1463
236: 863,195,1113,197,1549,1806,644,2000,844,54,1387,1667,1844,298
237: 
238: 1851
1618: 1837,981,1715,1016,287,2016,1167,817,472,621,1250,1969,1368
240: 1668
241: 
1467: 
243: 1815
244: 
245: 1366,333
246: 1502,326,1654,400,1606,531,1315,645,874,698
247: 
1386: 
249: 1665,2007,842,972,1079,1161,1758,1698,1039,74,841,2006,1910,1901
250: 
1473: 
1780: 1428,926,1102,592,477,1071,1145,1278,2009,1293,1658,662,1918,1523,586,1647,461,1083,747
1799: 376,296,998,18,1025,1746,446,1034,2019,1491,1401,1765,1510,615,620,1171,1147,1912,1867,763,230,282
254: 1362,83
255: 
256: 
1807: 1822,2008,1261,401,1380,1159,121,473,1201,1894,1381,325,1322,1248,661,409,1191,1759
258: 
259: 
260: 1112,1769
261: 40,951
262: 560,176,1474,1142,1149,1076,542,1682,1239,2012,1225,1100,756,421,1408,284,205,1327
263: 1951
264: 
265: 684,754,596,1862
266: 
1362: 254,56,83
268: 
1965: 1379
1658: 1428,1102,592,477,1071,1023,1780,1278,2009,1293,503,662,1918,1647,461
1355: 
1914: 
273: 1024,780
274: 626,1121
275: 1169,1347,1556,2010,579,1717,1964,34,1129,427,1072,1101,727,1484,295,1291,1531,384,1641,1691,93,1086,32,1053,19,80,1713,1420
276: 
277: 
278: 
279: 1518
280: 1228,375,133,1403,1075,925,1339,2001,1897,1616,958,356,722,1753,299,561,1120
281: 1822,2008,1261,401,1022,1380,1159,1482,473,1201,1894,1271,1451,1248,661,673,409,1191,1526
282: 230,2019,1491,1510,1171,376,296,18,446,1034,1799,1495,1912,1867,763
1962: 
284: 1885,756,421,1408,495,205,291,1834,1854,1327,560,176,1474,566,1142,1149,1076,542,1292,1682,1239,2012,1100,262,450
285: 106
286: 
287: 1837,981,1715,1016,1048,2016,1584,1167,1626,472,1797,621,319,1618,1250,1969,1368
288: 
2005: 748,646,557,1739,78,1633,607,61,1838,1749,1878,1245,970,868,1007,1414,465,828,670,1952,1255,777,638,798,1666,1390,1892,993,850,65,474
290: 
291: 1885,421,284,495,205,1834,1854,1327,1076,2012,1100,450
292: 
1394: 
294: 
295: 1169,1347,1556,275,2010,1717,34,1129,427,1072,727,1531
296: 376,998,18,1025,1746,446,1034,1799,2019,1171,763,230,282
1400: 1990
298: 524,916,236,195,1113,197,1549,1748,1806,644,2000,54,1387,1455,1667,1844
299: 280,1228,375,133,1403,1075,1017,925,1339,2001,1897,1616,356,722,561,1120,437,1934
300: 
1430: 
2014: 1597,431,193,1393,1445,1229,898,310,1200,1166,1609,1047,1548,1146,1,812,1338,1866,470,800,1004,385,1099,1457,1683,1111,707,1902,1069,1546,704,1208,825,73
303: 1236,1961,2004,1788,329,1434,1426,1422,520,460,1018,1410,1056,114,1863
304: 
1795: 
1391: 2008,401,1022,1159,1482,121,473,1819,1201,1381,325,1451,1322,673,409,1257,1555,1526,1600
307: 
1410: 1236,1961,1942,2004,1788,329,523,1500,1434,1426,1422,460,529,1981,1389,166,303,1056,1863,536
309: 135,2018,1550,1887,1645,1932,1059,100,387,1469,1431
310: 1597,431,193,1393,1445,1229,898,1200,2014,1166,1609,1047,1548,1146,812,1866,470,800,1004,1099,1457,1683,1111,707,1902,704,73
311: 432
312: 632
313: 
1930: 1908,695,1640,968,2017,1882,1163
315: 1828,1044,202,2013,72,941,997,1019,339,1533,1198,1876,466,547,2015,1687,1855,1230,102,676,173
1546: 1069,704,1208,825,73,431,1393,1445,1200,2014,1338,1004,1111,1902
317: 1774,1486,664,1330
318: 445,585
319: 981,1016,287,53,1048,2016,1167,1626,1797,1250,1969,44,1363,1926
1974: 
321: 
322: 
323: 752,487,1676,1103,1708,610,1843,335,2003,629,1944,793,1027,1153,1046,2002,933,1240,588,737,1170,1213,1294,1471
1806: 236,863,195,1113,197,1549,1748,644,2000,844,54,1387,660,1455,1667,1844,298,916
325: 2008,401,1380,1159,1807,1482,121,473,1391,1819,1201,1381,1322,1248,661,409,1191,1759
326: 1502,1654,400,531,1315,645,874,246,1621
327: 
328: 93,508,430,1086,1752,801,19,80,1713,1420,1169,2010,579,34,1484,1531
329: 1236,1961,1097,1448,1942,2004,1788,11,523,1434,1422,520,1981,571,1018,303,1410,1056,114,1863
330: 414,1392,869,1258
1586: 565,1779,1756,1241
332: 130,1589
333: 1366,245
334: 995,934,598
335: 752,1708,323,1843,2003,1944,793,1638,857,1763,1153,1674,1046,2002,933,737,1213
1991: 678
337: 
338: 
339: 1828,1044,202,2013,315,72,997,1019,1198,1876,466,547,2015,1687,102,676,173
1389: 1236,1961,1942,2004,523,1500,1422,529,1981,1410,536
341: 
1886: 
343: 
1695: 
345: 
346: 
347: 
1514: 
1838: 748,646,1739,78,1633,607,61,2005,1245,970,868,1007,1414,465,828,1952,798,1666,1390,1892,993
1399: 398,1839,891,1520
351: 519
1614: 864
353: 464,1555,1114,1526,741,1759,1822,2008,1380,1159,1248
1548: 1597,431,193,1393,1445,1229,898,310,1200,2014,1166,1609,1047,1146,1,812,1338,1866,470,800,1004,385,1099,1457,1683,1111,707,1902,825,73
1405: 
356: 280,1228,375,133,1017,1339,2001,1897,722,299,561,1120,1934
1500: 1236,1448,1942,2004,1788,11,523,1434,1426,1422,617,1981,571,1389,166,1410,1056,114,536
358: 1403,30,2001,1897,29,561,1120,437,467,1934,117,1281
359: 1811,1913,76,690,1136
360: 567,1341
361: 789,1402
1968: 
363: 
364: 
1835: 1087
1892: 748,646,557,1739,78,1633,61,2005,1838,1749,1878,1245,970,868,1414,1952,638,798,1666,1390,993,850,65
1826: 
1984: 1715,1016,53,712,2016,1584,1626,1797,917,44,1363,1926
369: 1852
370: 
371: 
372: 
1426: 1236,1961,1448,1942,2004,1788,1500,1434,1422,520,460,529,1981,166,303,1410,1056,114,1863,536
374: 1811,1913,76,690,225,1136
375: 280,1228,1017,1339,2001,1897,356,722,299,1120
376: 296,998,18,1746,446,1034,1799,2019,1171,763,230,282
377: 1775,651,759
378: 
1935: 
380: 
1732: 
1673: 
383: 
384: 1347,1556,275,2010,579,1717,1964,34,427,1072,1101,727,1484,1291,1531,1641,1691,19,80,1713,1420
385: 1597,193,1229,898,2014,1609,1047,1548,1146,1,812,1866,800,1099,1457,1683
386: 
387: 135,2018,1550,1887,1645,1932,1059,309,922,1469,773,1431
1493: 397
389: 1595
390: 
391: 
392: 530,1613
1980: 999
394: 
395: 
1641: 275,2010,579,1964,34,427,1072,1101,727,1484,1531,384,1691,93,430,1086,1752,1053,19,80,1713,1420
397: 1493
398: 1839,1399,891,1520
399: 
400: 1502,326,1654,531,1315,645,874,698,246
401: 1822,2008,1261,1022,1380,1159,1807,1482,121,473,1391,1201,1894,1381,1271,281,325,1451,1322,1248,661,673,409,1191,1257,464,1555,1114,1526,741,1600,1759
402: 
403: 
1961: 1236,1942,2004,1788,329,1434,1426,1422,520,460,529,1981,1389,1018,303,1410,1056,1863,536
405: 1051,1670
406: 711,1226
1581: 
408: 
409: 2008,401,1807,1482,473,1391,1819,1201,1381,281,325,1451,1322,661,1191
410: 
411: 
1390: 748,646,1739,1633,607,61,2005,1838,1878,970,868,1007,1414,465,828,1952,1255,798,1666,1892,850
413: 
414: 1392,330,869
1709: 1873,1335
416: 994,443,930
417: 454,1830,1585,1185
1751: 1010,1098
1580: 498
420: 1553,715
421: 756,1408,284,495,205,291,1834,1854,1327,1474,566,1149,1076,542,1682,1239,2012,1100,262,450
1749: 748,646,557,78,1633,61,2005,1878,1245,868,1952,638,1666,1892,850,65
1532: 
1964: 1347,1556,275,2010,579,1717,34,427,1072,1101,727,1291,384,1641,1691,93,1086,32,1053,19,1713
425: 
426: 
427: 1169,1347,1556,275,2010,579,1717,1964,34,1129,1072,1101,727,1484,295,1531,384,1641,80,1420
428: 1853
429: 
430: 508,1752,801,328,19,80,1713,1420,1169,2010,579,34,1129,1484,1531,1641
431: 1393,1445,1229,310,2014,1166,1609,1047,1548,1146,812,1866,800,1004,1683,1111,707,1902,1546,825,73
432: 311
1388: 
434: 
1723: 
436: 
437: 1228,133,1403,30,2001,1897,1616,29,722,299,561,1120,467,358,1934,1943,1281
438: 
1827: 1783
1550: 135,2018,1887,1645,1932,1059,309,100,387,922,1469,773,1431
1986: 
1555: 1257,464,1114,1526,353,741,1600,1759,1822,2008,1261,401,1022,1380,1159,121,1391,1381,1271,673
443: 994,1956,416,930
444: 
445: 585,318
446: 376,296,998,18,1025,1746,1034,1799,2019,1491,1401,1765,1510,615,620,1171,1147,1912,1867,763,230,282
1565: 484,1937
2006: 1665,2007,842,972,1079,1161,1758,1698,1039,74,841,249,1910,1901
449: 
450: 560,1474,566,1149,1076,542,1292,1682,1239,2012,1100,421,284,495,205,291,1834,1327
1544: 862
1431: 1469,135,2018,1550,1887,1932,309,387,922
1752: 93,508,430,1086,801,1053,328,19,80,1713,1420,1169,2010,579,34,1101,1484,1531,1641,1691
454: 1830,417
1540: 
456: 1921,1177
457: 1639
1825: 
1897: 280,1228,375,133,1017,925,30,2001,1616,356,29,722,299,561,1120,437,358,1934
460: 1961,2004,1788,1434,1426,1422,520,1981,1018,166,303,1410,1863,536
461: 1428,926,1102,592,477,1071,1023,1145,1780,1278,2009,1293,503,1658,662,1918,1523,586,1647,747
462: 150,1254
1811: 1913,76,690,374,359,1136
464: 1257,1555,1114,1526,353,741,1600,1759,1822,2008,401,1380,1159,121,1381,1271,1248,673
465: 748,646,1739,1633,607,61,2005,1838,970,868,1007,1414,828,1952,1255,777,798,1666,1390,474
466: 1828,1044,202,2013,1011,315,72,941,997,1019,339,1533,1198,1876,547,2015,1855,1230,102,751,173,140,1865,826
467: 1403,30,2001,1616,29,1753,561,437,358,1943,1281
468: 848
1381: 1822,2008,401,1022,1380,1159,1807,1482,121,473,1391,1819,1201,325,1451,1322,661,673,409,1191,1257,464,1555,1526,1600,1759
470: 1597,193,1393,1445,1229,898,310,2014,1166,1047,1548,1866,707,1902,73
1864: 
472: 1837,287,2016,1167,817,621,1618,1969,1368
473: 1822,2008,1261,401,1022,1380,1159,1807,1482,121,1391,1819,1201,1381,1271,281,325,1451,1322,1248,661,673,409,1191,1257,1526,1600
474: 607,2005,465,828,1255,777
1902: 1597,431,193,1393,1445,1229,898,310,1200,2014,1166,1047,1548,1866,470,800,1004,1683,1111,707,1546,704,825,73
476: 
477: 1428,1102,592,1780,1278,2009,503,1658,662,461
478: 
479: 
480: 
481: 
1937: 484,1565
1882: 544,1163,1632,1908,695,1640,968,1930,2017
484: 1937,1565
485: 
486: 
487: 752,1676,1103,1708,610,323,1843,2003,629,1944,793,1638,1027,1036,2002,933,1240,588,737,1170,1213,1294,1471
488: 
1530: 
1665: 2007,842,972,1079,1161,1758,1698,1039,74,841,249,2006,1910
1851: 238
492: 1559,1860,2011,778,1285,1849,790,923,1845,731,218,1283
493: 
494: 616,1438,1627
495: 1885,756,421,1408,284,205,291,1834,1854,1327,176,566,1149,2012,1100,450
1688: 931
1845: 1860,2011,778,1285,790,492,923,218,1283
498: 1580
499: 1452
1654: 1502,326,400,531,1315,645,874,758,246,1621
501: 1881,1610,1987
1553: 420,715
503: 1428,477,1023,1278,2009,1658,1918,461
1993: 
2017: 1908,695,1640,1718,968,1930,544,1882,1163,1632
506: 
1650: 
508: 430,1752,801,328,80,1420,1169,2010,34,1129,1484,1531
1661: 
510: 1700,1356
511: 
1790: 
1482: 2008,401,1022,1159,121,473,1391,1819,1201,1381,281,325,1451,1322,661,673,409,1191
1805: 1038
2011: 1559,1860,778,1285,1849,790,492,923,1845,731,218,1283
516: 1429,136,1303,977
1881: 1610,501,1987
1439: 
519: 351
520: 1961,1097,1448,2004,1788,329,1434,1426,1422,460,1018,166,303,1056,114,1863
521: 
522: 
523: 1236,1097,1448,1942,2004,1788,11,329,1500,1422,617,1981,571,1389,166,1410,1056,114,536
524: 298,916,195,197,1549,1748,644,2000,54,1387,1667,1844
525: 
526: 543,1442
1551: 
528: 
529: 1236,1961,1942,2004,1426,1422,1981,1389,1410,536
530: 392,1613
531: 1502,326,1654,400,1315,874,246,1621
532: 151,1459
533: 605,1809
534: 1268,1304,1925
1692: 
536: 1236,1961,1942,2004,1788,523,1500,1434,1426,1422,617,460,529,1981,1389,166,1410,1056,1863
1744: 784,948,1026
1963: 
539: 
1949: 
541: 
542: 560,176,1474,566,1142,1149,1076,1292,1682,1239,2012,1225,1100,262,450,421,284,205,1327
543: 526,1442
544: 1882,1163,1632,1908,695,1718,968,2017
1824: 
546: 2019,1491,1401,1765,1510,620,1147,1495,1912,1867,763
547: 1828,1044,202,2013,1011,315,72,997,1019,339,1533,1198,466,2015,1687,1855,1230,751
1760: 
1739: 748,646,78,1633,607,61,2005,1838,1878,1245,970,868,1007,1414,465,828,670,1952,1255,777,638,798,1666,1390,1892
1674: 752,1708,335,2003,1944,793,1638,857,1763,1153,1046,2002,933,1240,737,1213
551: 
1976: 
1890: 
554: 
555: 1608,795
1403: 280,1228,1075,1339,2001,1616,958,29,722,1753,299,561,1120,437,467,358,1943
557: 748,646,78,61,2005,1749,1878,1245,1952,638,1892,993,850,65
1484: 1169,275,2010,579,34,1129,427,727,1531,384,1641,508,430,1752,801,328,19,80,1420
559: 
560: 176,1474,566,1142,1149,1076,542,1292,1682,1239,2012,1100,262,450,1408,284,1327
561: 280,1228,133,1403,1075,925,1339,30,2001,1897,1616,958,356,29,722,1753,299,1120,437,467,358,1934,1943
562: 
563: 843
1954: 
565: 1586,1779,1756,1241
566: 560,176,1474,1149,1076,542,1292,1682,1239,2012,1100,450,421,1408,284,495,1834,1327
567: 360,1341
568: 
1885: 756,1408,284,495,205,291,1834,1854,1327,2012,1100
1793: 
571: 1097,1448,2004,1788,11,329,523,1500,1422,617,1981,166,1056,114
1517: 
573: 1659
574: 
1434: 1236,1961,1448,2004,1788,329,1500,1426,1422,520,460,1981,1018,166,303,1410,1056,114,1863,536
576: 
577: 
578: 
579: 1169,1347,1556,275,2010,1717,1964,34,1129,427,1072,1101,727,1484,1291,1531,384,1641,1691,93,430,1086,1752,1053,328,19,80,1713,1420
580: 
581: 
1559: 1860,2011,778,1849,790,492,923,731,218,1283
583: 1741,769,1440
584: 
585: 445,318
586: 1428,926,592,1071,1145,1780,2009,1293,1523,1647,461,1083,747
1667: 236,863,195,1113,197,1549,1748,1806,644,2000,844,54,660,1455,1844,524,298,916
588: 752,487,1676,1103,1708,323,1843,2003,629,1944,793,1638,1027,1036,1046,2002,933,1240,1170,1213
1402: 789,361
1696: 827
1953: 
592: 1428,926,1102,477,1071,1145,1780,1278,2009,1293,1658,662,1918,586,1647,461,1083,747
593: 1112,1769
594: 
1712: 
596: 684,754,265,1862
597: 
598: 334
599: 1959
600: 
1711: 
602: 
603: 
604: 
605: 1809,533
606: 
607: 646,1739,1633,61,2005,1838,1878,1245,970,868,1007,1414,465,828,670,1952,1255,777,638,798,1666,1390,474
1867: 1495,1912,763,2019,1491,1765,546,1510,620,1147,18,446,1034,1799,230,282
1561: 1705,1277
610: 752,487,1676,1103,323,1843,2003,793,1027,1153,1036,1046,2002,933,737,1170,1213,1294,1471
1523: 926,1071,1023,1780,1278,2009,1293,1918,586,1647,461,747
1726: 
1539: 
1669: 
615: 2019,1491,1401,1510,620,1171,1147,998,18,1025,1746,446,1799
616: 494,1438,1627
617: 1097,1448,1942,2004,11,523,1500,1422,1981,571,166,1056,114,536
618: 
619: 889,1218
620: 2019,1491,1401,1765,546,1510,615,1147,18,1025,446,1799,1495,1867
621: 1837,981,1715,287,2016,1584,1167,817,472,634,917,1618,1969,1368
622: 
1812: 
624: 
625: 
626: 274,1121
2009: 1428,926,1102,592,477,1071,1023,1145,1780,1278,1293,503,1658,662,1918,1523,586,1647,461,1083,747
628: 
629: 752,487,1676,1103,323,1843,2003,1638,1027,1036,2002,933,1240,588,1170,1213,1294,1471
1414: 748,1739,1633,607,61,2005,1838,970,868,465,828,1952,798,1666,1390,1892,993
1769: 1112,593,260
632: 312
1497: 
634: 1837,1715,1016,712,2016,1584,817,917,621,1368
635: 
1927: 
637: 
638: 748,646,557,1739,78,1633,607,61,2005,1749,1878,1245,970,868,1007,670,1952,798,1892,850,65
1683: 1597,431,193,1229,310,2014,1166,1609,1047,1548,1146,1,812,1866,800,1004,385,1099,1457,1111,707,1902,825,73
1542: 
641: 
1615: 
1855: 1828,1044,202,2013,1011,315,72,941,997,1533,1198,1876,466,547,2015,1687,1230,102,751,676,656,140,1266,1865,179,1569,826
644: 236,863,195,1113,197,1549,1748,1806,2000,844,54,1387,1667,1844,524,298,916
645: 1502,326,1654,400,1606,1315,874,698,758,246
646: 748,557,1739,78,1633,607,61,2005,1838,1749,1878,1245,970,868,1007,465,670,1952,1255,638,798,1666,1390,1892,850,65
647: 
1656: 
649: 
650: 1300,1588
651: 377
652: 1820
653: 
1573: 1269,1612
655: 
656: 676,173,1828,1044,202,2013,1198,1876,2015,1687,1855,1230,102,140,1266,1865,179
657: 
1633: 748,646,1739,78,607,61,2005,1838,1749,1245,970,868,1007,1414,465,828,670,1952,638,798,1666,1390,1892
659: 1492,1308
660: 863,195,1113,1549,1748,1806,2000,844,54,1455,1667,1844
661: 1822,2008,1261,401,1022,1380,1159,1807,1482,121,473,1819,1201,1894,1381,1271,281,325,1451,1322,1248,673,409,1191,1526,1759
662: 1428,926,1102,592,477,1071,1145,1780,1278,2009,1658,461,1083,747
663: 
664: 317,1774,1486,1330,1089
1796: 
666: 
667: 
668: 
669: 
670: 646,1739,78,1633,607,2005,1878,1245,868,1007,828,1952,777,638
671: 
1912: 1495,1867,763,2019,1491,1765,546,1510,1171,446,1799,230,282
673: 1822,2008,1261,401,1022,1380,1159,1482,121,473,1391,1819,1201,1381,1271,281,1451,1322,661,1257,464,1555,1526,1600
1765: 2019,1491,1401,546,1510,620,1171,446,1799,1495,1912,1867,763,230
675: 
676: 173,656,1828,1044,202,2013,315,941,339,1876,2015,1687,1855,1230,102,140,1266,1865,179
1572: 
678: 1991
679: 
1541: 
681: 1131,1205
1776: 
683: 
684: 754,596,265,1862
1511: 7
1969: 1837,981,1715,1016,287,53,712,1048,2016,1584,1167,817,1626,472,1797,917,621,319,1618,1250,1368,44
687: 
1778: 
1840: 1152,211
690: 1811,1913,76,374,359,1136
1373: 1190
692: 851
1616: 280,1228,133,1403,1075,925,1339,2001,1897,958,29,722,1753,299,561,1120,437,467,1943
1446: 
695: 1908,1640,1718,968,1930,2017,544,1882,1163,1632
1341: 567,360
1874: 1919,168,1504
698: 1502,400,1606,645,874,758,246
1455: 863,195,1113,197,1549,1748,1806,2000,54,1387,660,1667,1844,298,916
1491: 2019,1401,1765,546,1510,615,620,1171,1147,18,1025,1746,446,1799,1495,1912,1867,763,230,282
1584: 1837,981,1715,1016,287,53,712,1048,2016,1167,817,1626,634,1797,917,621,1969,1368,1984,1926
702: 
703: 
704: 1069,1546,1208,825,73,1597,1393,1445,310,1200,2014,1338,1004,1457,1111,1902
705: 
706: 
707: 1597,431,193,1393,1445,1229,898,310,2014,1166,1047,1548,1146,812,1866,470,1004,1683,1111,1902,73
708: 
709: 
710: 
711: 406,1226
712: 1837,1715,1016,53,1048,2016,1584,1167,817,1626,634,1797,917,1969,1368,44,1984,1363,1926
713: 
714: 
715: 420,1553
1876: 1828,1044,202,2013,315,72,941,997,339,1533,1198,466,2015,1687,1855,1230,102,751,676,173,656,140,1266,1865,179,826
717: 
1420: 93,508,430,1086,1752,801,328,19,80,1713,1169,1556,275,2010,579,34,1129,427,1101,727,1484,1531,384,1641
1944: 752,487,1103,1708,323,1843,335,2003,793,1638,1027,857,1763,1153,1674,1046,2002,933,1240,588,737,1170,1213
1626: 1837,981,1715,1016,287,53,712,1048,2016,1584,1167,817,1797,917,319,1250,1969,1368,44,1984,1363,1926
721: 
722: 280,1228,375,133,1403,1075,1017,925,1339,2001,1897,1616,958,356,29,1753,299,561,1120,437,1934,1943
1734: 
724: 52,1506,1325
1579: 
726: 
727: 1169,1347,1556,275,2010,579,1717,1964,34,1129,427,1072,1101,1484,295,1291,1531,384,1641,1086,80,1420
1613: 392,530
1472: 
1704: 
731: 1559,1860,2011,778,492,923,218,1283
732: 
1933: 
734: 
735: 
736: 
737: 752,487,1676,1103,610,323,335,2003,1944,793,1638,1027,857,1763,1153,1036,1674,1046,2002,933,1240,1213,1294,1471
738: 
739: 1123
740: 1020
741: 1257,464,1555,1114,1526,353,1759,1822,2008,401,1380,1159,1271,1248
1549: 236,863,195,1113,197,1748,1806,644,2000,844,54,1387,660,1455,1667,1844,524,298,916
1429: 516,136,1303,977
1591: 
1382: 
1567: 
747: 1428,926,1102,592,1071,1145,1780,1278,2009,1293,662,1523,586,1647,461,1083
748: 646,557,1739,78,1633,61,2005,1838,1749,1878,1245,970,868,1414,465,1952,638,798,1666,1390,1892,993,850,65
1408: 1885,756,421,284,495,205,1834,1854,1327,560,176,566,1142,1149,1682,2012,1225,1100,262
750: 
751: 1828,1044,2013,1011,941,997,1533,1198,1876,466,547,2015,1855,1230,102,140,1266,1865,179,1569,826
752: 487,1676,1103,1708,610,323,1843,335,2003,629,1944,793,1638,1027,857,1763,1153,1036,1674,1046,2002,933,1240,588,737,1170,1213,1294,1471
753: 
754: 684,596,265,1862
755: 
756: 1885,421,1408,284,495,205,1854,1327,176,1142,1149,1682,2012,1225,1100,262
1606: 1502,645,874,698,758,246
758: 1502,1654,1606,645,698
759: 1775,377
1684: 
761: 
762: 938
763: 1495,1912,1867,2019,1491,1401,1765,546,1510,1171,376,296,18,1746,446,1034,1799,230,282
764: 
765: 
766: 
767: 
1846: 
769: 583
1445: 1597,431,193,1393,898,310,1200,2014,1166,1047,1548,1866,470,1111,707,1902,1546,704,73
771: 
772: 880
773: 1469,2018,1550,1645,387,922
774: 
775: 
1880: 
777: 1739,607,2005,970,868,1007,465,828,670,1255,474
778: 1559,1860,2011,790,492,923,1845,731,218,1283
1339: 280,1228,375,133,1403,1075,1017,925,2001,1616,958,356,722,1753,299,561,1120
780: 273,1024
781: 
1705: 1561,1277
783: 
784: 1744,1109,1026
1785: 
786: 
787: 978
788: 
789: 1402,361
790: 1559,1860,2011,778,1285,1849,492,923,1845,218,1283
791: 
792: 
793: 752,487,1676,1103,1708,610,323,1843,335,2003,1944,1638,1027,857,1763,1153,1674,1046,2002,933,1240,588,737,1213,1294
794: 858,1087,141
795: 1608,555
796: 
797: 889,1218
798: 748,646,1739,1633,607,61,2005,1838,1878,970,868,1007,1414,465,1952,1255,638,1666,1390,1892,993,850,65
799: 
800: 1597,431,193,1229,310,1200,2014,1609,1047,1548,1146,1,812,1338,1866,1004,385,1099,1457,1683,1111,1902
801: 508,430,1752,328,80,1420,1169,2010,34,1129,1484,1531
1917: 
1502: 326,1654,400,1606,531,1315,645,874,698,758,246
1609: 1597,431,193,1229,310,1200,2014,1047,1548,1146,1,812,1338,1866,800,1004,385,1099,1457,1683,1111
1919: 1874,168,1504
1347: 1169,1556,275,2010,579,1717,1964,34,1129,427,1072,1101,727,295,1291,384,1691,1086
1631: 
808: 
809: 
810: 
1571: 1958,1369
812: 431,193,1229,898,310,2014,1166,1609,1047,1548,1146,1866,800,385,1099,1683,707
813: 
1357: 
1849: 1559,2011,790,492,218,1283
816: 
817: 1837,1715,1016,712,2016,1584,1167,1626,472,634,917,621,1618,1250,1969,1368
818: 
819: 
1802: 1492
1533: 1828,1044,202,2013,1011,315,72,941,997,1019,1198,1876,466,547,2015,1855,1230,102,751,140,1865,826
822: 
1898: 919,1301,1092
824: 
825: 1069,1546,704,1208,73,431,1393,1200,2014,1548,1338,1866,1004,1683,1111,1902
826: 140,1266,1865,179,1569,1044,2013,1011,72,941,1533,1198,1876,466,2015,1855,1230,102,751
827: 1696
828: 1739,1633,607,2005,1838,970,868,1007,1414,465,670,1255,777,1390,474
1975: 
830: 
1608: 555,795
832: 
833: 
834: 1313,68,1503,932
835: 
836: 
1942: 1236,1961,1448,2004,1788,11,329,523,1500,1426,1422,617,529,1981,1389,166,1410,1056,536
2016: 1837,981,1715,1016,287,53,712,1048,1584,1167,817,1626,472,634,1797,917,621,319,1618,1250,1969,1368,44,1984,1363,1926
839: 
840: 
841: 1665,2007,842,972,1079,1161,1758,1698,1039,74,249,2006,1910,1901
842: 1665,2007,972,1079,1161,1758,1698,1039,74,841,249,2006,1910,1901
843: 563
844: 236,863,195,1113,197,1549,1806,644,2000,54,660,1667,1844
1844: 236,863,195,1113,197,1549,1748,1806,644,2000,844,54,1387,660,1455,1667,524,298
1690: 105
1843: 752,487,1676,1103,1708,610,323,335,2003,629,1944,793,1638,1027,1153,1046,2002,933,1240,588,1170,1213
848: 468
849: 31
850: 993,65,748,646,557,78,61,2005,1749,1878,970,868,1952,638,798,1666,1390,1892
851: 692
1569: 140,1266,1865,179,826,2013,941,2015,1855,1230,102,751
1891: 
1507: 
855: 
1691: 1347,1556,275,2010,579,1964,34,1072,1101,1291,384,1641,93,1086,1752,32,1053,19,80,1713
857: 752,335,2003,1944,793,1638,1027,1763,1153,1674,1046,2002,933,1240,737,1213,1294
858: 1087,794,141
859: 
1952: 748,646,557,1739,78,1633,607,61,2005,1838,1749,1878,1245,970,868,1007,1414,465,670,638,798,1666,1390,1892,993,850,65
1503: 68,834,932
862: 1544
863: 236,195,1113,197,1549,1748,1806,644,2000,844,54,660,1455,1667,1844
864: 1614
865: 
1747: 
2019: 1491,1401,1765,546,1510,615,620,1171,1147,376,296,998,18,1025,1746,446,1034,1799,1495,1912,1867,763,230,282
868: 748,646,1739,78,1633,607,61,2005,1838,1749,1878,1245,970,1007,1414,465,828,670,1952,1255,777,638,798,1666,1390,1892,850
869: 414,1392,330,1258
870: 
1595: 389
872: 
1585: 1830,1185,417
874: 1502,326,1654,400,1606,531,1315,645,698,246
1934: 1228,133,1017,30,2001,1897,356,29,722,299,561,1120,437,358,117
876: 
1852: 369
878: 
1440: 1741,583
880: 772
1887: 135,2018,1550,1645,1932,1059,309,100,387,922,1469,1431
882: 
2018: 135,1550,1887,1645,1932,1059,309,100,387,922,1469,773,1431
1492: 659,1308,1802
1378: 
1560: 1443
1836: 33
1508: 
889: 619,1218,797
1698: 1665,2007,842,972,1079,1161,1758,1039,841,249,2006,1910,1901
891: 398,1839,1399,1520
1918: 1428,1102,592,1071,1023,1780,1278,2009,1293,503,1658,1523,1647,461
893: 
1338: 1200,2014,1609,1548,1,800,1004,1457,1111,1069,1546,704,825,73
1421: 1144
1921: 1177,456
897: 
898: 1597,193,1393,1445,1229,310,2014,1166,1047,1548,1146,812,1866,470,385,1099,707,1902
899: 
1714: 
1448: 1236,1097,1942,2004,1788,11,329,523,1500,1434,1426,1422,617,520,1981,571,166,1056,114
902: 
1506: 52,1325,724
1510: 2019,1491,1401,1765,546,615,620,1171,1147,18,1746,446,1799,1495,1912,1867,763,230,282
905: 1398,188
906: 
907: 
908: 
1450: 
910: 185
1536: 
912: 982,103
1676: 752,487,1103,610,323,1843,2003,629,793,1027,1153,1036,1046,2002,933,1240,588,737,1170,1213,1294,1471
1792: 
915: 
916: 524,298,195,197,1549,1748,1806,644,2000,54,1387,1455,1667
917: 1837,1715,1016,53,712,2016,1584,1167,817,1626,634,1797,621,1969,1368,1984,1926
918: 
919: 1898,1301,1092
920: 1259,1192
1900: 
922: 135,2018,1550,1887,1645,1932,1059,387,1469,773,1431
923: 1559,1860,2011,778,1285,790,492,1845,731,218,1283
1526: 1257,464,1555,1114,353,741,1600,1759,1822,2008,1261,401,1022,1380,1159,121,473,1391,1201,1381,1271,281,1451,1248,661,673
925: 280,1228,133,1075,1339,2001,1897,1616,958,722,1753,299,561
926: 1428,592,1071,1023,1145,1780,2009,1293,662,1523,586,1647,461,1083,747
1788: 1236,1961,1097,1448,1942,2004,11,329,523,1500,1434,1426,1422,520,460,1981,571,1018,166,303,1410,1056,114,1863,536
928: 
2007: 1665,842,972,1079,1161,1758,1698,1039,74,841,249,2006,1910,1901
930: 994,1956,416,443
931: 1688
932: 1313,68,1503,834
933: 752,487,1676,1103,1708,610,323,1843,335,2003,629,1944,793,1638,1027,857,1763,1153,1036,1674,1046,2002,1240,588,737,1170,1213,1294,1471
934: 334,995
935: 1998
1509: 
937: 
938: 762
1713: 93,430,1086,1752,32,1053,328,19,80,1420,1169,1556,275,2010,579,1964,34,1101,1291,384,1641,1691
1804: 
941: 1828,1044,202,2013,1011,315,72,997,1019,1533,1198,1876,466,2015,1855,1230,102,751,676,173,140,1266,1865,179,1569,826
942: 
1746: 376,296,998,18,1025,446,1799,2019,1491,1401,1510,615,1171,1147,763,230
1531: 1169,1556,275,2010,579,1717,34,1129,427,727,1484,295,384,1641,508,430,1752,801,328,80,1420
1640: 1908,695,968,1930,2017,1882,1163
946: 965
1486: 317,1774,664,1330
948: 1744
1998: 1336,935
1822: 2008,1261,401,1022,1380,1159,1807,121,473,1201,1894,1381,1271,281,1248,661,673,1257,464,1555,1114,1526,353,741,1759
951: 1527,40,261
952: 
1990: 1400
954: 
955: 1951
956: 1256
1830: 454,1585,1185,417
958: 280,1228,133,1403,1075,925,1339,2001,1616,722,1753,561,1943
1959: 599
960: 
2000: 236,863,195,1113,197,1549,1748,1806,644,844,54,1387,660,1455,1667,1844,524,298,916
1453: 
963: 
1958: 1369,1571
965: 946
966: 
1763: 752,1103,335,2003,1944,793,1638,1027,857,1153,1036,1674,2002,933,1240,737,1213,1294
968: 1908,695,1640,1718,1930,2017,544,1882,1163,1632
969: 
970: 748,646,1739,1633,607,61,2005,1838,1878,868,1007,1414,465,828,1952,1255,777,638,798,1666,1390,1892,850
1356: 1700,510
972: 1665,2007,842,1079,1161,1758,1698,1039,74,841,249,2006,1910,1901
1600: 1257,464,1555,1526,2008,401,1022,1159,121,473,1391,1381,673
1955: 
1782: 1091
1643: 
977: 1429,516,136,1303
978: 787
979: 1437
980: 
981: 1837,1715,1016,287,53,1048,2016,1584,1167,1626,1797,621,319,1618,1250,1969,44,1363
982: 103,912
983: 
1687: 1828,1044,202,2013,315,997,339,1198,1876,547,2015,1855,1230,102,676,173,656,1266,1865
1664: 
1862: 684,754,596,265
1866: 1597,431,193,1393,1445,1229,898,310,1200,2014,1166,1609,1047,1548,1146,812,470,800,1004,385,1099,1457,1683,1111,707,1902,825,73
1498: 
1519: 81
990: 
2015: 1828,1044,202,2013,1011,315,72,941,997,1019,339,1533,1198,1876,466,547,1687,1855,1230,102,751,676,173,656,140,1266,1865,179,1569,826
992: 1055,63
993: 850,65,748,557,61,2005,1838,1414,1952,798,1666,1892
994: 1956,416,443,930
995: 334,934
996: 
997: 1828,1044,202,2013,1011,315,72,941,1019,339,1533,1198,1876,466,547,2015,1687,1855,1230,102,751,173
998: 376,296,18,1025,1746,446,1034,1799,2019,615,1171,1147,230
999: 1980
1819: 2008,1482,121,473,1391,1201,1381,325,1451,1322,661,673,409,1191
1794: 
1002: 1505,1244
1483: 
1004: 1597,431,1393,1229,310,1200,2014,1609,1047,1548,1146,1,1338,1866,800,1099,1457,1683,1111,707,1902,1069,1546,704,825,73
1610: 1881,501,1987
1703: 
1007: 646,1739,1633,607,61,2005,1838,1878,1245,970,868,465,828,670,1952,1255,777,638,798,1390
1554: 
1009: 
1010: 1098,1751
1011: 1044,2013,72,941,997,1019,1533,1198,466,547,2015,1855,751,826
1442: 543,526
1441: 
1014: 
1015: 
1016: 1837,981,1715,287,53,712,1048,2016,1584,1167,817,1626,634,1797,917,319,1618,1250,1969,44,1984,1926
1017: 1228,375,1339,2001,1897,356,722,299,1120,1934
1018: 1236,1961,1097,2004,1788,329,1434,1422,520,460,1981,303,1056,114,1863
1019: 1828,1044,202,2013,1011,315,72,941,997,339,1533,1198,466,547,2015
1020: 740
1412: 
1022: 1822,2008,1261,401,1380,1159,1482,121,473,1391,1201,1381,1271,281,1451,1322,661,673,1257,1555,1526,1600
1023: 1428,926,1071,1278,2009,1293,503,1658,1918,1523,1647,461
1024: 273,780
1025: 296,998,18,1746,446,1034,1799,2019,1491,1401,615,620,1171,1147
1026: 1068,1744,784
1027: 752,487,1676,1103,610,323,1843,2003,629,1944,793,1638,857,1763,1153,1036,2002,933,1240,588,737,1213,1294,1471
1028: 233
1621: 326,1654,531
1030: 1809
1375: 
1770: 
1033: 1115
1034: 376,296,998,18,1025,446,1799,2019,1147,1867,763,230,282
1854: 1885,756,421,1408,284,495,205,291,1327,2012,1225,1100
1036: 752,487,1676,1103,610,2003,629,1027,1763,2002,933,1240,588,737,1213,1294,1471
1037: 
1038: 1805
1039: 1665,2007,842,972,1079,1161,1758,1698,841,249,2006,1910,1901
1040: 
1041: 215
1521: 
1043: 
1044: 1828,202,2013,1011,315,72,941,997,1019,339,1533,1198,1876,466,547,2015,1687,1855,1230,102,751,676,173,656,140,1266,1865,179,826
1437: 979
1046: 752,1676,1103,1708,610,323,1843,335,2003,1944,793,1638,857,1153,1674,2002,933,1240,588,737,1170,1213
1047: 1597,431,193,1393,1445,1229,898,310,1200,2014,1166,1609,1548,1146,1,812,1866,470,800,1004,385,1099,1457,1683,1111,707,1902,73
1048: 1837,981,1715,1016,287,53,712,2016,1584,1167,1626,1797,319,1250,1969,44,1363,1926
1359: 
1050: 1679
1051: 405,1670
1052: 
1053: 93,1086,1752,32,19,80,1713,275,2010,579,1964,1101,1291,1641,1691
1054: 
1055: 63,992
1056: 1236,1961,1097,1448,1942,2004,1788,11,329,523,1500,1434,1426,1422,617,520,1981,571,1018,166,303,1410,114,1863,536
1620: 
1487: 
1059: 135,2018,1550,1887,1645,1932,309,100,387,922
1060: 
1061: 17
1349: 25
1741: 583,1440
1655: 51
1820: 652
1066: 
1067: 
1068: 1026
1069: 1546,704,1208,825,73,1393,1200,2014,1338,1004,1457,1111
1638: 752,487,1103,1708,1843,335,2003,629,1944,793,1027,857,1763,1153,1674,1046,2002,933,1240,588,737,1213
1071: 1428,926,1102,592,1023,1145,1780,1278,2009,1293,1658,662,1918,1523,586,1647,461,747
1072: 1347,1556,275,2010,579,1717,1964,34,427,1101,727,295,1291,384,1641,1691
1073: 
1074: 
1075: 280,1228,133,1403,925,1339,2001,1616,958,722,1753,299,561,1120
1076: 560,1474,566,1149,542,1292,1682,1239,2012,1100,262,450,421,284,205,291,1834,1327
1077: 1443
1841: 
1079: 1665,2007,842,972,1161,1758,1698,1039,74,841,249,2006,1910
1956: 994,443,930
1783: 1827
1082: 
1083: 1428,926,1102,592,1145,1780,2009,662,586,747
1438: 494,616,1627
1925: 1268,534,1304
1086: 93,1752,32,1053,328,19,80,1713,1420,1169,1347,1556,275,2010,579,1964,34,1101,727,1291,1641,1691
1087: 858,1835,794
1697: 1172
1089: 664
1090: 12
1091: 1782
1092: 1301,919,1898
1093: 
1094: 
1095: 
1096: 
1097: 1236,1448,2004,1788,11,329,523,1422,617,520,1981,571,1018,166,1056,114
1098: 1010,1751
1099: 1597,193,1229,898,310,1200,2014,1609,1047,1548,1146,1,812,1866,800,1004,385,1457,1683,1111
1100: 560,176,1474,566,1142,1149,1076,542,1682,1239,2012,1225,262,450,1885,756,421,1408,284,495,205,291,1834,1854,1327
1101: 1169,1347,1556,275,2010,579,1717,1964,34,427,1072,727,1291,384,1641,1691,93,1086,1752,32,1053,19,80,1713,1420
1102: 1428,592,477,1071,1145,1780,1278,2009,1293,1658,662,1918,461,1083,747
1103: 752,487,1676,1708,610,323,1843,2003,629,1944,793,1638,1027,1763,1153,1036,1046,2002,933,1240,588,737,1170,1213,1294,1471
1104: 
1775: 377,759
1106: 
1909: 
1108: 
1109: 784
1110: 
1111: 1597,431,1393,1445,310,1200,2014,1609,1047,1548,1,1338,1866,800,1004,1099,1457,1683,707,1902,1069,1546,704,1208,825,73
1112: 593,1769,260
1113: 236,863,195,197,1549,1748,1806,644,2000,844,54,1387,660,1455,1667,1844,298
1114: 464,1555,1526,353,741,1759,1822,2008,1261,401,1380,1159,1894,1271,1248
1115: 1033
1116: 
1117: 
1118: 
1720: 
1120: 280,1228,375,133,1403,1075,1017,1339,30,2001,1897,1616,356,29,722,299,561,437,358,1934
1121: 626,274
1529: 
1123: 739
1124: 
1834: 1885,421,1408,284,495,205,291,1327,566,1149,1076,1292,1239,2012,1100,450
1126: 
1127: 
1345: 
1129: 1169,1347,1556,275,2010,579,1717,34,427,727,1484,295,1531,508,430,801,80,1420
1130: 
1131: 1329,681,1205
1512: 
1133: 
1336: 1998,92
1809: 605,533,1030
1136: 1811,1913,76,690,374,359
1853: 428
1831: 
1873: 1709,1335
1140: 
1141: 
1142: 560,176,1474,1149,542,1682,1239,2012,1225,1100,262,756,1408,284
1143: 
1144: 1421
1145: 1428,926,1102,592,1071,1780,1278,2009,1293,662,586,461,1083,747
1146: 1597,431,193,1229,898,310,2014,1166,1609,1047,1548,1,812,1866,800,1004,385,1099,1457,1683,707
1147: 2019,1491,1401,546,1510,615,620,1171,998,18,1025,1746,446,1034,1799,1867
1777: 
1149: 560,176,1474,566,1142,1076,542,1292,1682,1239,2012,1100,262,450,756,421,1408,284,495,205,1834,1327
1150: 
1151: 
1152: 1840
1153: 752,1676,1103,1708,610,323,1843,335,2003,1944,793,1638,1027,857,1763,1674,1046,2002,933,737,1213,1294
1748: 863,195,1113,197,1549,1806,644,2000,54,660,1455,1667,1844,524,298,916
1155: 
1156: 
1863: 1236,1961,2004,1788,329,1434,1426,1422,520,460,1981,1018,166,303,1410,1056,536
1369: 1958,1571
1159: 1822,2008,1261,401,1022,1380,1807,1482,121,473,1391,1201,1894,1381,1271,281,325,1322,1248,661,673,1191,1257,464,1555,1114,1526,353,741,1600,1759
1160: 
1161: 1665,2007,842,972,1079,1758,1698,1039,74,841,249,2006,1910
1162: 
1163: 544,1882,1632,1908,695,1640,1718,968,1930,2017
1818: 1310
1165: 
1166: 431,193,1445,1229,898,310,2014,1047,1548,1146,812,1866,470,1683,707,1902
1167: 1837,981,1715,1016,287,53,712,1048,2016,1584,817,1626,472,1797,917,621,319,1618,1250,1969,1368,1926
1168: 
1169: 1347,1556,275,2010,579,34,1129,427,1101,727,1484,295,1291,1531,93,508,430,1086,1752,801,328,80,1713,1420
1170: 752,487,1676,1103,1708,610,323,1843,2003,629,1944,1046,2002,933,1240,588,1471
1171: 2019,1491,1401,1765,1510,615,1147,376,296,998,18,1025,1746,446,1799,1912,763,230,282
1172: 1697
1602: 
1668: 240
1901: 2007,842,972,1758,1698,1039,841,249,2006,1910
1582: 
1177: 1921,456
1433: 
1361: 
1513: 
1981: 1236,1961,1097,1448,1942,2004,1788,11,329,523,1500,1434,1426,1422,617,460,529,571,1389,1018,166,1410,1056,114,1863,536
1182: 
1183: 
1184: 1312
1185: 1830,1585,417
1387: 236,195,1113,197,1549,1806,644,2000,54,1455,1844,524,298,916
1380: 1822,2008,1261,401,1022,1159,1807,121,473,1201,1894,1381,1271,281,325,1322,1248,661,673,1191,1257,464,1555,1114,1526,353,741,1759
1895: 
1566: 
1190: 1373
1191: 2008,1261,401,1380,1159,1807,1482,121,473,1819,1201,1894,1381,281,325,1322,1248,661,409
1192: 920,1259
1193: 
1700: 1356,510
1607: 1639
1456: 
1197: 
1198: 1828,1044,202,2013,1011,315,72,941,997,1019,339,1533,1876,466,547,2015,1687,1855,1230,102,751,656,140,1865,826
1199: 
1200: 1597,193,1393,1445,310,2014,1609,1047,1548,1,1338,1866,800,1004,1099,1457,1111,1902,1069,1546,704,825,73
1201: 1822,2008,1261,401,1022,1380,1159,1807,1482,121,473,1391,1819,1894,1381,1271,281,325,1451,1322,1248,661,673,409,1191,1257,1526
1679: 1050,1496
1203: 
1637: 
1205: 1329,1131,681
1206: 
1592: 
1208: 1069,1546,704,825,73,2014,1111
1951: 955,263
1210: 
1358: 1395
1212: 
1213: 752,487,1676,1103,1708,610,323,1843,335,2003,629,1944,793,1638,1027,857,1763,1153,1036,1674,1046,2002,933,1240,588,737,1294
2013: 1828,1044,202,1011,315,72,941,997,1019,339,1533,1198,1876,466,547,2015,1687,1855,1230,102,751,676,173,656,140,1266,1865,179,1569,826
1215: 
1351: 
1217: 
1218: 619,889,797
1459: 532,151
1495: 1912,1867,763,2019,1491,1401,1765,546,1510,620,282
1946: 
1365: 
1223: 
1224: 
1225: 176,1142,542,1682,2012,1100,262,756,1408,1854
1226: 711,406
1227: 
1228: 280,375,133,1403,1075,1017,925,1339,2001,1897,1616,958,356,722,1753,299,561,1120,437,1934
1229: 1597,431,193,898,310,2014,1166,1609,1047,1548,1146,812,1866,470,800,1004,385,1099,1457,1683,707,1902
1230: 1828,1044,202,2013,315,941,997,1533,1198,1876,466,547,2015,1687,1855,102,751,676,173,656,140,1266,1865,179,1569,826
1717: 1347,1556,275,2010,579,1964,34,1129,427,1072,1101,727,295,1531,384
1232: 
1837: 981,1715,1016,287,53,712,1048,2016,1584,1167,817,1626,472,634,1797,917,621,1618,1250,1969,1368
1234: 
1913: 1811,76,690,374,359,1136
1236: 1961,1097,1448,1942,2004,1788,11,329,523,1500,1434,1426,1422,529,1981,1389,1018,166,303,1410,1056,114,1863,536
1721: 
1924: 
1239: 560,176,1474,566,1142,1149,1076,542,1292,1682,2012,1100,262,450,421,284,1834,1327
1240: 752,487,1676,1103,1708,323,1843,2003,629,1944,793,1638,1027,857,1763,1036,1674,1046,2002,933,588,737,1170,1213,1294
1241: 1779,1756,565,1586
1401: 2019,1491,1765,546,1510,615,620,1171,1147,18,1025,1746,446,1799,1495,763
1243: 
1244: 1505,1002
1245: 748,646,557,1739,78,1633,607,61,2005,1838,1749,1878,868,1007,670,1952,638,1892
1627: 494,616,1438
1247: 222
1248: 1822,2008,1261,401,1380,1159,1807,121,473,1201,1894,1271,281,325,661,1191,464,1114,1526,353,741,1759
1474: 560,176,566,1142,1149,1076,542,1292,1682,1239,2012,1100,262,450,421,284,1327
1250: 1837,981,1715,1016,287,53,1048,2016,1167,817,1626,1797,319,1618,1969,44
1251: 
1252: 
1597: 193,1393,1445,1229,898,310,1200,2014,1609,1047,1548,1146,1866,470,800,1004,385,1099,1457,1683,1111,707,1902,704,73
1254: 462
1255: 646,1739,607,61,2005,1878,970,868,1007,465,828,777,798,1390,474
1256: 956
1257: 464,1555,1526,741,1600,1759,1822,2008,401,1022,1380,1159,121,473,1391,1201,1381,1271,1322,673
1258: 1392,330,869
1259: 920,1192
1260: 
1261: 1822,2008,401,1022,1380,1159,1807,473,1201,1894,1271,281,1451,1248,661,673,1191,1555,1114,1526,1759
1979: 1329
1518: 279
1264: 
1645: 135,2018,1550,1887,1059,309,387,922,1469,773
1266: 140,1865,179,1569,826,676,173,656,1044,202,2013,941,1876,2015,1687,1855,1230,102,751
1267: 
1268: 534,1304,1925
1269: 1573,1612
1915: 
1271: 1822,2008,1261,401,1022,1380,1159,473,1201,1894,281,1451,1248,661,673,1257,464,1555,1114,1526,741,1759
1272: 
1943: 1281,133,1403,2001,1616,958,29,722,1753,561,437,467
1274: 
1603: 
1276: 
1277: 1705,1561
1278: 1428,1102,592,477,1071,1023,1145,1780,2009,1293,503,1658,662,1918,1523,1647,461,747
2010: 1169,1347,1556,275,579,1717,1964,34,1129,427,1072,1101,727,1484,295,1291,1531,384,1641,1691,93,508,430,1086,1752,32,801,1053,328,19,80,1713,1420
1280: 
1281: 1943,30,2001,29,437,467,358
1894: 1822,2008,1261,401,1380,1159,1807,1201,1271,281,1248,661,1191,1114
1283: 1559,1860,2011,778,1285,1849,790,492,923,1845,731,218
1875: 
1285: 1860,2011,790,492,923,1845,1283
1286: 
1463: 235
1288: 
1289: 
1290: 
1291: 1169,1347,1556,275,2010,579,1964,34,1072,1101,727,384,1691,93,1086,32,1053,1713
1292: 560,1474,566,1149,1076,542,1682,1239,2012,450,284,1834,1327
1293: 1428,926,1102,592,1071,1023,1145,1780,1278,2009,1658,1918,1523,586,1647,461,747
1294: 752,487,1676,1103,610,323,2003,629,793,1027,857,1763,1153,1036,2002,933,1240,737,1213,1471
1295: 
1296: 
1800: 
1932: 135,2018,1550,1887,1059,309,100,387,922,1469,1431
1299: 
1300: 650,1588
1301: 1092,919,1898
1302: 
1303: 1429,516,136,977
1304: 1268,534,1925
1305: 
1306: 
1987: 1881,1610,501
1308: 659,1492
1309: 
1310: 1818
1677: 15
1312: 1184
1313: 68,834,932
1496: 1679
1315: 1502,326,1654,400,531,645,874,246
1316: 
1317: 
1666: 748,646,1739,1633,607,61,2005,1838,1749,1878,970,868,1414,465,1952,798,1390,1892,993,850,65
1524: 
1320: 
1708: 752,487,1103,323,1843,335,2003,1944,793,1638,1153,1674,1046,2002,933,1240,588,1170,1213
1322: 2008,401,1022,1380,1159,1807,1482,121,473,1391,1819,1201,1381,325,1451,661,673,409,1191,1257
1593: 35
1957: 
1325: 52,1506,724,62
1908: 695,1640,1718,968,1930,2017,544,1882,1163,1632
1327: 1885,756,421,1408,284,495,205,291,1834,1854,560,176,1474,566,1149,1076,542,1292,1682,1239,2012,1100,262,450
1522: 
1329: 1131,1205,1979
1330: 317,1774,1486,664
1331: 
1772: 
2012: 560,176,1474,566,1142,1149,1076,542,1292,1682,1239,1225,1100,262,450,1885,756,421,1408,284,495,205,291,1834,1854,1327
1556: 1169,1347,275,2010,579,1717,1964,34,1129,427,1072,1101,727,295,1291,1531,384,1691,93,1086,32,80,1713,1420
1335: 1873,1709