1758: 1161,842,1910,1901,2007,972,1039,1665,2006,841,1079
1: 66,1099,1047,1548,1609,2014,1866,1146,1546,1229,704,470,800,310,1445,1166,1457,1597,193,1111,1975
1471: 857,335,1170,2002,1944,1294,1843,1676,1674,588,1763,1014,1036,933,1103,323,2003,752,737,1240,1708,793,1213,629,1638,1153,487
3: 
1803: 
1926: 634,1984,53,1016,1626,1837,1969,2016,917,1715,1368,319,1167,1048,621,981
6: 789
7: 
1797: 1969,2016,472,917,287,1715,1618,1368,712,1167,1048,1363,1250,44,1626,1837
9: 
1342: 1034,546,1734,230,282,1799,1765,620,703,1510,1171,1912,1147,998,1867,296,1746,1401,2019,446,1025,1491,615,763
11: 2004,1056,520,1389,1961,1422,523,1788,1981,303,1097,166,1863,1426,1018,460,114
12: 830,1090
1756: 692
1865: 202,173,2015,547,1011,826,1019,997,315,72,676,179,1198,941,1533,1876,140,2013,1687,1266,1828,1855,656,102,1230
15: 
16: 1586
17: 
18: 1510,1171,1912,1147,998,1867,376,296,1746,1401,2019,446,1025,1491,615,1495,1765,703
19: 1831,427,34,2010,1717,1347,1053,1129,1713,1588,80,508,579,771,1531,1169,1484,1086,1101,1072,1556
20: 817
21: 
22: 
1393: 66,1099,431,1047,1548,1609,2014,73,1146,707,1069,1546,1229,704,1208,470,1720,800,385
1623: 1541,213,1388
25: 
1368: 1969,2016,472,917,287,1715,1618,319,712,1167,1797,1048,1363,1250,44,621,981,634,1984,53,1016,1584,1626,1837,1926
1910: 1758,1161,842,1901,2007,972,1039,1665,74,2006,841,249,1698,1079
28: 
29: 356,1339,1075,467,1120,925,1616,1897,133,1017,280,1943,1934,1403,1281,117,2001,30,375,958,1753,722,358,437
30: 2001,561,375,958,1753,722,358,437,1934,299,1403,1281,467,925,29,1616
31: 
32: 1291,34,1300,2010,1691,1347,801,1053,328,430,80,384,93,771,1420,1641,650,1169,1484,727
33: 
34: 1831,1291,427,1300,2010,19,1347,1053,1713,32,328,80,384,771,1420,1641,650,1169,1484
35: 
36: 
37: 
38: 
1379: 
40: 1696,351
1460: 
1817: 1190,445,318
43: 411,843,1073
44: 1969,2016,472,917,287,1715,1618,1368,712,1167,1797,1048,1363,1250,621,1984,1016,1584,1626,1837
45: 825,1683,1004,385,1445,1166,1902,1338,1457,898,1597,193,1111,1975,2014,1866,1546,704,470,800,310
46: 
1759: 673,409,1819,1381,2008,1822,1894,1022,121,464,1555,1526,1248,1159,1391,281,1271,1380,1261,741,1451,1482
48: 
49: 184
50: 
51: 905,188
52: 724
53: 634,1984,1016,1584,1626,1837,1926,2016,917,1368,1048,1363,621,981
54: 1113,844,660,236,1549,298,1806,195,1455,2000
55: 
56: 85,1579
1860: 1559,1283,2011,1285,731,790,1849,492,1845,218,923
58: 795,555
1505: 576
60: 
61: 1892,777,1739,557,1976,1255,850,1838,2005,1245,828,993,970,1666,1414,638,1952,670,1633,607,798,1458,474,1749,465,65,748,1878,1007,868
62: 1210
63: 374,168
1363: 1969,2016,472,917,287,1715,1618,1368,712,1167,1797,1048,1250,44,621,981,634,1984,53,1016,1584,1626,1837
65: 1892,777,557,1255,850,2005,828,993,970,1666,638,1952,798,61,465
66: 1099,431,1,1047,1548,1609,2014,1393,73,1069,1546,1229,704,1208,470,1720,800,310,1683,1004,385,1166,1457,193,812,1200,1111
1662: 
68: 1442
69: 
1715: 1969,2016,472,917,287,1618,1368,319,1167,1797,1048,1363,44,621,981,634,1984,1016,1626,1837,1926
1443: 
72: 202,173,2015,547,1011,826,1019,997,315,676,179,1569,339,1865,941,1533,2013,1687,1266,1828,1855,656,102,1044,1230
73: 66,1099,431,1047,1548,1609,2014,1393,707,1069,1546,1229,704,1208,1720,800,1683,1004,385,193,812,1111
74: 1161,842,1910,1901,2007,1039,2006,841,249,1698,1079
1589: 
76: 
1524: 
78: 1007,868,1739,1255,2005,1666,1414,1952,607,474,1749,465
1564: 
80: 1831,1291,427,34,1300,2010,19,1347,1053,1713,32,328,508,93,771,1420,1641,650,1169,1484,727
81: 1268,534
1422: 2004,1056,1500,617,520,1448,1389,1942,1961,523,1788,1981,1410,303,529,1097,166,11,1426,114
83: 1496,1679,1050
1462: 
85: 1009,56,1579
86: 
1653: 
1973: 
89: 
1457: 45,825,1683,1004,385,1445,1166,1902,1338,898,1597,193,812,1200,1111,1975,66,1099,431,1,2014,1866,1546,704,1208,470,800,310
1718: 1930,1163,1908,2017,1882,544
92: 484,1336
93: 1831,1291,427,1300,2010,1691,1347,801,1713,32,1588,430,80,508,579,771,1420,1641,650,1169,1484,1086,727
94: 
95: 
1916: 136
97: 
1385: 
1781: 
100: 1469,1431,2018,1887,309,773,1645
1501: 
102: 202,173,2015,547,1011,826,1019,997,315,72,676,179,1569,339,1865,941,1533,1876,140,2013,1687,1266,1828,1855,656,1044,1230
103: 994,1536,208
104: 
105: 1690,1993
106: 377
1774: 
108: 
109: 338
110: 
111: 
112: 
1754: 
114: 1018,460,329,1434,2004,1056,1500,520,1448,1389,1961,1422,571,523,1788,1236,1981,1410,303,529,1097,166,1863,11,1426
1701: 531,758
1366: 417
117: 1943,1934,299,1403,1281,1017,280,29,1897,2001,561,375,958,437
1682: 1834,2012,1239,1474,1885,495,542,1292,560,756,1854,1142,291,284,1408,450,176,1225,1149
1452: 
120: 
121: 673,409,1819,1381,2008,1822,1894,353,1759,1807,1022,1191,1257,464,1555,325,1526,1248,1159,1391,281,661,1271,1380,473,1261,1201,1482,1600,401
1632: 968,1908,695,1640,2017,1882,544,1930,1163
123: 
1458: 1892,777,1739,557,1976,1255,850,1838,2005,1245,828,993,970,638,1952,670,1633,798,61,748
1490: 
126: 
1527: 
128: 
129: 1309
130: 
131: 
132: 
133: 1017,280,1943,1281,356,1339,1075,467,1120,925,29,1897,2001,375
1395: 
135: 1469,387,2018,1059,922,773,1645
136: 1916
137: 
1707: 713
139: 
140: 2015,1011,826,1019,997,1198,1865,941,1533,1876,2013,1266,102,1230
141: 
1659: 
1787: 1614,1677
144: 1656,1365
1842: 
1598: 
147: 
1520: 273,1839,669
1670: 982,930,405,912
150: 
151: 
152: 
153: 666
1815: 
155: 
156: 
157: 
158: 
1331: 
1392: 858,408,1603
1753: 2001,561,30,375,958,722,358,437,1934,1281,356,1339,1075,467,1120,925,29,1616,1897
162: 
163: 
1547: 186
165: 
166: 2004,1056,1500,617,520,1448,1389,1942,1961,1422,523,1788,1236,1981,1410,303,529,1097,1863,11,1426,329,114
1504: 
168: 1136,63,374
169: 
170: 
1828: 466,202,173,2015,547,1011,997,315,72,676,179,1569,339,1865,2013,1687,1855,656,102,1044,1230
172: 604,1593,1954
173: 466,202,2015,547,1011,826,997,315,72,676,179,1569,1865,941,2013,1687,1266,1828,1855,656,102,1044,1230
2004: 1056,1500,617,520,1448,1389,1942,1961,536,1422,571,523,1788,1236,1981,1410,303,529,1097,166,1863,11,1426,1018,460,329,1434,114
1322: 
176: 2012,1474,1885,495,1100,542,1292,560,756,1854,1142,1682,291,566,284,1408,450,1225,262,1149,1327,205,421
1451: 409,1819,2008,1822,1759,464,1555,1159,281,661,1271,1380,473,1261,741,1482,401
1639: 364,678,1991,457
179: 466,202,173,2015,547,1011,826,1019,997,315,72,676,751,339,1865,941,1533,1876,2013,1687,1266,1828,1855,656,102,1044,1230
2003: 1103,323,752,737,1240,1708,793,1046,1027,1213,629,1638,1153,487,857,335,1170,2002,1944,1294,1843,1676,1674,588,1763,610,1014,1036,1471,933
2002: 857,335,1170,1944,1294,1843,1676,1674,588,1763,610,1014,1036,1471,933,1103,323,2003,752,737,1240,1708,793,1046,1027,1213,629,1638,1153,487
182: 1247,1655
183: 
184: 49,378
185: 
186: 1547
2008: 673,409,1819,1381,1822,1894,353,1759,1807,1022,1191,121,1257,464,1555,325,1526,1248,1159,1391,281,661,1271,1380,473,1261,741,1201,1451,1482,1600,401
188: 51,905
1813: 
1878: 1892,1739,1976,1255,1838,2005,1245,993,1666,1952,670,1633,607,474,61,1749,748,646
191: 833
2012: 1834,1239,1474,1885,495,1100,542,1292,560,756,1854,1142,1682,291,566,284,1408,450,176,1225,262,1149,1327,205,421
193: 45,825,1683,1004,385,1445,1166,1902,1338,1457,898,1597,812,1200,1111,1975,66,1099,431,1,1047,1548,1609,2014,1866,73,1146,1069,1546,1229,704,1208,470,800,310
1839: 1520,273,669
195: 1844,298,1806,524,1667,197,863,1387,1455,644,916,2000,1113,844,54,660,1748,236,1549
196: 1028
197: 1844,298,1806,524,195,1667,863,1387,1455,644,916,2000,844,660,1748,236,1549
198: 956,1051
1611: 
1563: 
1940: 
202: 173,2015,547,1011,826,1019,997,72,179,1569,339,1865,941,1533,2013,1687,1266,1828,1855,656,102,1044,1230
1325: 
1588: 1831,1291,427,2010,1691,19,1717,1347,801,1053,1129,1713,1752,275,508,93,579,771,650,1531,1169,1086,1101,1964,1072,1556
205: 1149,1327,421,2012,1474,1885,495,1100,542,1292,756,1854,1142,291,566,284,1408,450,176,262
1310: 822
1779: 
208: 1536,994,103
209: 
210: 
211: 
1612: 
213: 1623,1541,1369
214: 1703
215: 
1740: 
217: 
218: 1559,1283,1860,2011,1285,731,778,790,1849,492,1845,923
219: 
220: 
2001: 561,30,375,958,1753,722,358,437,133,1017,280,1943,1934,299,1403,1281,117,356,1339,1075,467,1120,925,29,1616,1897
222: 
223: 1669
1647: 926,1658,1023,1278,1428,2009,662,1083,1293,477,503,1918,1780,592,461,1071,586,1523,747
225: 1429
1398: 978
227: 
1522: 1507
1428: 926,1658,1023,1278,1126,2009,1293,477,503,1102,1647,1918,1145,1780,461,1071,747
230: 1034,546,1734,282,1799,1765,620,1342,1171,1401,2019
231: 
1469: 100,1431,387,2018,1887,1059,309,773,1932,1645,135
233: 835,705,1217
1693: 
235: 
236: 1113,844,54,660,1549,298,1806,195,1667,197,863,1455,644,916,2000
237: 
238: 
1618: 1969,2016,472,917,287,1715,1368,712,1167,1797,1048,1363,1250,44,621,981,1984,1016,1584,1626,1837
240: 
241: 1951,263,494
1467: 
243: 
1335: 
245: 333
1312: 
247: 
1386: 
249: 842,1910,2007,1039,74,2006,841,1698,1079
250: 
1473: 
1780: 926,1658,1023,1278,1428,2009,662,1083,1293,477,503,1647,592,1071,586,1523
1799: 1034,546,1734,230,282,1765,620,1342,703,1171,998,1867,1746,1401,2019,1491,615,763
254: 372
255: 
1313: 1345,1503,932,1043
1807: 673,409,1381,2008,1822,1894,353,1022,1191,121,1257,1555,325,1526,1159,281,661,1380,1201,1600
258: 
259: 
260: 
261: 
262: 1225,2012,1474,495,756,1854,284,1408,450,176,1327,205
263: 241,1951,494
264: 
265: 1264
266: 
1362: 
268: 
1965: 
1658: 926,1023,1278,1428,1126,2009,662,1293,477,503,1102,1647,1918,1145,1780,592,461,1071,586,1523,747
1355: 
1914: 1349
273: 1520,1839,669
274: 1783,1650
275: 1831,427,2010,1691,1717,1129,1588,1752,579,1531,1169,1086,1101,1964,1072,1556
276: 
1330: 499
278: 671
279: 
280: 133,1017,1943,1403,1281,117,467,925,29,1897,2001,375,437
281: 673,409,1819,1381,2008,1822,1894,353,1759,1807,1022,1191,121,1257,464,1555,325,1526,1248,1159,661,1271,1380,473,1261,1201,1451,1482,1600,401
282: 1034,546,1734,230,1799,1765,620,1342,703,1510,1171,1912,1147,998,1867,296,1746,1401,2019,1491,615,763
1962: 
284: 2012,1474,495,542,1292,560,756,1854,1142,1682,291,566,1408,450,176,1225,262,1149,1327,205,421
285: 
286: 
287: 1969,2016,472,917,1715,1618,1368,712,1167,1797,1048,1363,1250,44,621,981
288: 
2005: 1892,777,1739,557,1976,1255,850,1838,1245,828,993,970,1666,1414,638,1952,670,1633,607,798,1458,474,61,1749,465,65,748,1878,646,1007,78,868
290: 605,1909
291: 1834,2012,1239,1474,1885,495,1100,542,1292,560,756,1854,1142,1682,566,284,1408,176,1149,205,421
292: 
1394: 
294: 
295: 1072,1556,427,2010,1717,1129,1752,1531,1101,1964
296: 1510,1171,1912,1147,998,1867,376,1746,1401,2019,446,18,1025,1491,615,546,1734,282,1765,620,1342,703
1400: 1796,1068
298: 1806,524,195,1667,197,863,1387,1455,644,916,2000,1113,844,54,660,1748,236,1549
299: 1943,1934,1403,1281,117,1897,2001,561,30,958,722,437
300: 1288,810,1714
1430: 
2014: 66,1099,431,1,1047,1548,1609,1866,1393,73,1146,707,1069,1546,1229,704,1208,470,1720,800,310,45,825,1683,1004,385,1445,1166,1902,1338,1457,898,1597,193,812,1200,1111,1975,478
303: 2004,520,1389,1942,1961,1422,523,1788,1981,1410,1097,166,11,1426,114
304: 313
1795: 
1391: 673,409,1819,1381,2008,1894,1759,1022,121,464,1555,1526,1248,1159,1271,473,1261
307: 
1410: 2004,1500,617,520,1448,1389,1942,1961,1422,523,1788,1236,1981,303,529,1097,166,1863,329,114
309: 387,2018,1887,1059,1550,773,1932,1645,100,1469,1431
310: 66,1099,1,1047,1548,1609,2014,1866,1146,1546,1229,704,470,800,45,1683,1004,385,1445,1166,1338,1457,1597,193,1111,1975
311: 
312: 322
313: 304
1930: 1718,1163,1908,695,2017,1632,1882,544
315: 466,173,2015,547,1011,1019,997,72,676,179,751,339,1865,941,1533,1876,2013,1687,1828,1855,656,102
1546: 66,1099,431,1,1047,1548,1609,2014,1866,1393,73,1146,707,1069,1229,704,1208,470,1720,800,310,45,1683,1004,385,1445,1166,1902,1338,1457,898,1597,193,812,1111,1975
317: 1700,1378
318: 445,1817
319: 1969,2016,472,1715,1368,1167,1048,621,981,1984,1016,1926
1974: 
321: 
322: 312
323: 1103,2003,752,737,1240,1708,793,1046,1027,1213,629,1638,1153,487,1170,2002,1294,1676,1674,1763,1471,933
1806: 298,195,1667,197,863,1387,1455,644,916,2000,844,54,660,236,1549
325: 673,409,1381,2008,1894,353,1807,1022,1191,121,1555,1526,1159,281,1380,1201
326: 
327: 
328: 34,1300,2010,1053,32,80,384,771,1420,1641,1484
329: 1018,460,1434,114,2004,520,1448,1389,536,571,523,1788,1236,1981,1410,529,166,1863
330: 893
1586: 16
332: 
333: 245
334: 
335: 857,2002,1944,1294,1843,1676,1674,588,1763,610,1471,933,1103,2003,752,737,1708,793,1046,1213,1153
1991: 678,457,364,1639
337: 
338: 109
339: 202,2015,1019,315,72,676,179,1569,2013,1687,1828,1855,102,1044
1389: 2004,1056,1500,617,520,1448,1942,1961,536,1422,571,523,1788,1236,1981,1410,303,529,1097,166,1863,11,1018,460,329,1434,114
341: 
1886: 
343: 
1695: 510
345: 
346: 
347: 
1514: 
1838: 777,1739,1255,2005,1245,828,993,1414,1952,670,1633,607,1458,474,61,1749,1878,646,1007,868
1399: 
351: 1696,40
1614: 1677,1787
353: 673,1381,2008,1894,1807,1022,1191,121,1257,1555,325,1526,281,661,1201,1600
1548: 66,1099,431,1,1047,1609,2014,1866,1393,73,1146,707,1069,1546,1229,704,1208,470,800,310,385,1166,193,1111
1405: 
356: 1339,1075,467,1120,925,29,1616,133,2001,375,958,1753,722,358
1500: 2004,1056,617,520,1448,1389,1942,1961,536,1422,571,1788,1236,1981,1410,529,1097,166,1863,460,114
358: 2001,30,375,958,1753,722,437,1281,356,1075,467,925,29,1616
359: 1913,1303
360: 
361: 789
1968: 
1316: 915
364: 1639,1991
1835: 753
1892: 777,1739,557,1976,1255,850,2005,1245,828,993,970,1666,638,1952,1633,607,798,1458,474,61,1749,465,65,748,1878,1007
1826: 1608
1984: 634,53,1016,1584,1626,1837,1926,1969,2016,472,1715,1618,1368,319,1167,1048,1363,44,621,981
369: 
370: 
371: 1917,649
372: 254
1426: 2004,1056,520,1961,1422,523,1788,1981,303,1097,166,11,1018,460,114
374: 1136,1919,63,168
375: 2001,30,958,1753,722,358,437,133,1017,280,1943,1934,1403,1281,117,356,1075,467,925,29,1616,1897
376: 1510,1171,1912,1147,998,1867,296,1746,1401,2019,446,18,1025,615,1495
377: 106
378: 184
1935: 
380: 
1315: 
1673: 
383: 
384: 1291,427,34,1300,2010,1691,1717,1347,1053,32,328,1752,771,1641,1169,1484
385: 45,1683,1004,1445,1166,1902,1338,1457,898,1597,193,812,1200,1111,478,66,1099,431,1047,1548,1609,2014,1866,1393,73,1069,1546,1229,704,1208,470,1720,800,310
386: 
387: 2018,1887,1059,1550,309,922,773,1932,1645,1469,1431,135
1493: 
389: 1497
390: 
391: 
392: 
1980: 
394: 
395: 
1641: 1831,1291,427,34,1300,2010,1691,1347,801,1053,32,328,1752,430,80,384,93,771,1420,650,1169,1484
397: 1790,577,1554
398: 
399: 
400: 
401: 1600,2008,1822,121,1257,464,1555,281,661,1380,473,1261,1201,1451,1482
402: 651,759
403: 
1961: 2004,1056,1500,617,520,1389,1942,1422,523,1788,1236,1981,1410,303,529,1097,166,1863,11,1426,114
405: 930,912,982,1670
406: 
1581: 
408: 869,858,1603,1392
409: 673,1819,1381,2008,1822,1894,1759,1807,1022,1191,121,464,1555,325,1526,1159,1391,281,661,1271,1380,473,1261,1201,1451,1482,1600
410: 
411: 843,43,1073
1390: 
413: 
414: 
1709: 
416: 
417: 1366
1751: 1203
1580: 
420: 787
421: 1149,1327,205,2012,1885,495,1100,542,1292,756,1854,291,566,284,1408,450,176
1749: 1892,1739,1255,1838,2005,1245,1666,1414,1952,670,607,474,61,465,1878,1007,78,868
1532: 511
1964: 1831,1291,427,2010,1691,1717,1129,1588,1752,275,579,1531,1101,1072,1556,295
425: 1459
1320: 
427: 1831,1291,34,2010,1691,19,1717,1347,1053,1129,1713,1588,1752,80,384,275,93,579,771,1641,1531,1169,1484,1086,1101,1964,1072,1556,295
428: 1015,1093
429: 
430: 1300,2010,801,32,508,93,771,1420,1641,650,1169,727
431: 66,1099,1047,1548,1609,2014,1866,1393,73,1146,707,1069,1546,1208,470,1720,800,1683,1004,385,1902,1457,898,1597,193,812,1975,478
432: 
1388: 1623,1541
434: 436
1723: 
436: 434
437: 2001,561,30,375,958,1753,722,358,280,1943,1934,299,1403,1281,117,1075,467,925,29,1616,1897
438: 1412,1121,977
1827: 992,1274,1115
1550: 387,2018,1887,1059,309,922,1932
1986: 
1555: 673,409,1819,1381,2008,1822,1894,353,1759,1807,1022,121,1257,464,325,1526,1248,1159,1391,281,661,1271,1380,473,1261,1201,1451,1482,1600,401
443: 
444: 
445: 1190,318,1817
446: 1510,1147,998,376,296,1746,1401,2019,18,1025,1491,615,1495,1765,1342,703,763
1565: 
2006: 1758,1161,842,1910,1901,2007,972,1039,1665,74,841,249,1698,1079
449: 
450: 2012,1474,495,1292,756,1854,1682,284,1408,176,1225,262,1149,1327,205,421
1544: 
1431: 100,1469,387,2018,1887,1059,309,773,1932,1645
1752: 1831,1291,427,2010,1691,1717,1347,801,1053,1129,1588,384,275,579,771,1641,1531,1169,1101,1964,1072,1556,295
454: 
1540: 
456: 
457: 678,1991,1639
1825: 
1897: 1339,1075,467,1120,925,29,133,1017,280,1943,1934,299,1403,1281,117,2001,561,375,958,1753,722,437
460: 1018,329,1434,114,2004,1056,1500,520,1389,536,571,1788,1236,1981,1097,1863,11,1426
461: 926,1658,1023,1278,1428,1126,2009,1293,477,503,1102,1647,1918,1145,592,586,747
462: 
1811: 1874
464: 409,1819,1381,2008,1822,1759,121,1555,1526,1159,1391,281,661,1271,1380,473,1261,741,1451,1482,1600,401
465: 1892,777,1739,1255,850,2005,828,993,970,1666,1414,638,1952,607,474,61,1749,65,1007,78,868
466: 173,2015,547,1011,997,315,676,179,751,1198,941,1876,2013,1687,1266,1828,656
467: 356,1339,1075,1120,925,29,1616,1897,133,280,1281,2001,30,375,958,1753,722,358,437
468: 
1381: 673,409,1819,2008,1822,1894,353,1759,1807,1022,1191,121,1257,464,1555,325,1526,1248,1159,1391,281,661,1271,1380,473,1261,1201,1482
470: 66,1099,431,1,1047,1548,1609,2014,1866,1393,1146,707,1069,1546,1229,704,1208,800,310,45,1683,1004,385,1445,1166,1457,1597,193,1111,1975
1864: 
472: 1969,2016,287,1715,1618,1368,319,712,1167,1797,1048,1363,1250,44,621,981,1984,1584
473: 673,409,1819,1381,2008,1822,121,1257,464,1555,1248,1159,1391,281,661,1271,1261,741,1201,1451,1482,401
474: 1892,1739,557,1976,1255,850,1838,2005,1245,828,993,1666,1952,670,1633,607,61,1749,465,748,1878,1007,78
1902: 45,825,1683,1004,385,1705,1445,1166,1338,1457,898,1597,193,812,1200,1111,478,431,2014,1866,1546,1208
476: 
477: 926,1658,1023,1278,1428,2009,662,1083,1293,503,1102,1647,1918,1145,1780,592,461,1071,586,1523,747
478: 1683,1004,385,1705,1902,812,431,2014,1208
1957: 
480: 788,603
481: 
1937: 
1882: 968,1908,695,1640,2017,1632,544,1718,1930,1163
484: 92,1336
485: 
486: 
487: 1103,323,2003,752,1240,1708,793,1027,1213,629,1638,1153,1170,2002,1294,1843,1674,1763,1014,1036,1471,933
488: 
1530: 1182,624
1665: 1758,1161,842,1910,1901,2007,972,1039,2006,1079
1851: 
492: 1283,1860,2011,1285,731,778,790,218,923
493: 
494: 241,1951,263
495: 1834,2012,1239,1474,1885,1100,542,1292,560,756,1854,1142,1682,291,566,284,1408,450,176,1225,262,1149,1327,205,421
1688: 
1845: 1559,1283,1860,2011,1285,731,790,1849,218
498: 1703
499: 1330
1654: 1306,874,1881,1502
501: 
1553: 
503: 1658,1023,1278,1428,2009,662,477,1647,1918,1780,592,461,1071,586,1523
1993: 105,1690
2017: 968,1908,695,1640,1632,1882,544,1718,1930,1163
506: 
1650: 274,1783
508: 1831,1300,2010,19,1347,801,1713,1588,430,80,93,579,771,1420,650,1531,1169,1086,727
1661: 539
510: 1695
511: 1532
1790: 397,626,1554
1482: 409,1819,1381,2008,1822,1759,1191,121,464,1555,1526,1159,281,661,1271,1380,473,1261,741,1201,1451,1600,401
1805: 848
2011: 1559,1283,1860,1285,731,778,790,1849,492,1845,218,923
516: 
1881: 1654,1502,1606
1439: 
519: 
520: 2004,1056,1500,1448,1389,1942,1961,1422,523,1788,1236,1981,1410,303,529,1097,166,1863,11,1426,1018,460,329,114
521: 
522: 
523: 2004,1056,520,1448,1389,1942,1961,1422,1788,1236,1981,1410,303,529,166,1863,11,1426,1018,329,114
524: 1844,298,195,1667,197,863,1387,644,916,2000,1748,1549
525: 
526: 1511
1551: 
528: 
529: 2004,1056,1500,617,520,1448,1389,1942,1961,536,1422,571,523,1788,1236,1981,1410,1097,166,1863,329,114
530: 
531: 1701
532: 
533: 
534: 1268,81
1692: 
536: 2004,1500,1448,1389,571,1788,1236,1981,529,1863,460,329,1434
1744: 598,809,1890
1963: 
539: 1661
1949: 
541: 
542: 1834,2012,1239,1474,1885,495,1100,1292,560,1854,1142,1682,291,566,284,1408,176,205,421
543: 
544: 968,1908,695,1640,2017,1632,1882,1718,1930,1163
1824: 
546: 1034,1734,230,282,1799,1765,620,1342,1510,1171,1912,1147,998,1867,296,1401,2019
547: 466,202,173,2015,1011,826,997,315,72,676,179,751,1198,1865,941,1533,1876,2013,1687,1266,1828,656,102,1230
1760: 
1739: 1892,777,1255,850,1838,2005,1245,828,993,1666,1414,1952,670,1633,607,1458,474,61,1749,465,1878,1007,78,868
1674: 857,335,1170,2002,1944,1294,1843,1676,588,1763,610,1014,1036,1471,933,1103,323,2003,752,737,1240,1708,793,1046,1213,1638,1153,487
551: 
1976: 1892,777,557,1255,850,2005,1245,828,993,970,638,670,1633,798,1458,474,61,748,1878
1890: 598,809,1744
554: 
555: 58,795
1403: 1943,1934,299,1281,117,1017,280,29,1897,2001,30,375,958,437
557: 1892,1976,1255,850,2005,1245,828,993,970,1666,638,1952,1633,798,1458,474,61,65,748
1484: 1831,1291,427,34,1300,2010,1691,19,1717,1347,1053,1713,32,328,80,384,93,771,1420,1641,650,1169
559: 
560: 1834,2012,1239,1474,1885,495,542,1292,756,1854,1142,1682,291,566,284,1408,176,1225
561: 2001,30,958,1753,722,437,1934,299,1281,117,1339,1897
562: 
563: 
1954: 172,604,1593
565: 1241
566: 1834,2012,1474,1885,495,1100,542,1292,560,1854,1142,291,284,1408,176,205,421
567: 1852
568: 
1885: 1834,2012,1239,495,1100,542,1292,560,756,1142,1682,291,566,1408,176,1149,205,421
1793: 
571: 2004,1056,1500,1448,1389,536,1788,1236,1981,529,1097,1863,1018,460,329,1434,114
1517: 
1593: 172,604,1954
574: 593,1010
1434: 1018,460,329,114,2004,1448,1389,536,571,1788,1236,1863
576: 1505
577: 397,1554
578: 
579: 1831,1291,427,1300,2010,1691,19,1347,801,1129,1713,1588,1752,275,508,93,771,650,1531,1169,1086,727,1101,1964,1072
580: 
581: 
1559: 1283,1860,2011,1285,731,778,790,1849,1845,218,923
583: 
584: 
585: 
586: 1658,1023,1278,2009,662,1083,477,503,1647,1780,592,461,1071,1523
1667: 1844,298,1806,524,195,197,863,1387,1455,644,916,2000,660,236,1549
588: 335,2002,1944,1294,1843,1674,1763,610,1014,1471,933,1103,2003,752,737,793
1402: 
1696: 40,351
1953: 
592: 926,1658,1023,1278,2009,662,1083,1293,477,503,1647,1918,1780,461,586,1523,747
593: 574,1010
594: 
1712: 
596: 
597: 
598: 809,1890,1744
599: 
600: 736
1711: 
602: 
603: 788,480
604: 172,1593,1954
605: 290,1909
606: 
607: 1892,1739,1255,1838,2005,1245,1666,1414,1952,670,1633,474,61,1749,465,1878,1007,78,868
1867: 1510,1171,1912,1147,998,376,296,1746,1401,2019,18,1025,615,1495,546,1734,282,1799,1342
1561: 
610: 857,335,2002,1944,1294,1843,1676,1674,588,1763,2003,752,737,1213
1523: 926,1658,1023,1278,2009,662,1083,1293,477,503,1647,1780,592,1071,586
1726: 
1539: 
1669: 223
615: 1510,1171,1912,998,1867,376,296,1746,1401,2019,446,18,1025,1491,1495,1734,282,1799,1765,1342,703,763
616: 
617: 2004,1056,1500,1389,1942,1961,1422,1788,1236,1981,1410,529,1097,166,1863
618: 
619: 1218
620: 1034,546,1734,230,282,1799,1765,1342,1510,1171,1912,1147,998,296,1746,1401,2019,1491
621: 1969,2016,472,287,1715,1618,1368,319,1167,1048,1363,1250,44,981,1984,53,1016,1584,1626,1837,1926
622: 
1812: 
624: 1530,1182
625: 951,1177
626: 1554,1790
2009: 926,1658,1023,1278,1428,1126,662,1083,1293,477,503,1102,1647,1918,1145,1780,592,461,1071,586,1523,747
628: 
629: 323,2003,752,1240,793,1027,1213,1638,1153,487,857,1170,2002,1036,1471,933
1414: 777,1739,1255,1838,2005,828,1666,1952,1633,607,61,1749,465,1007,78,868
1769: 
632: 
1497: 389
634: 1984,53,1016,1584,1626,1837,1926,2016,917,1715,1368,1167,1048,1363,981
635: 
1927: 
637: 
638: 1892,777,557,1976,1255,850,2005,828,993,970,1952,1633,798,1458,61,465,65
1683: 45,1004,385,1705,1445,1166,1902,1338,1457,898,1597,193,812,1200,1111,478,66,1099,431,1047,2014,1866,73,1069,1546,704,1208,470,800,310
1542: 
641: 
1615: 
1855: 202,173,2015,1011,826,1019,315,72,676,179,1569,339,1865,1533,2013,1687,1828,656,102,1044,1230
644: 1844,298,1806,524,195,1667,197,863,1387,1455,916,2000,1113,844,660,1748,236,1549
645: 
646: 1838,2005,1245,670,1633,1878
647: 
1656: 144
649: 1917,371
650: 1831,1291,34,1300,2010,1691,1347,801,1053,1713,32,1588,430,80,508,93,579,771,1420,1641,1169,1484,1086,727
651: 402,759
652: 
653: 
1573: 
655: 
656: 466,202,173,2015,547,1011,826,997,315,72,676,179,751,1198,1569,1865,941,1876,2013,1687,1266,1828,1855,102,1044,1230
657: 
1633: 1892,777,1739,557,1976,1255,850,1838,2005,1245,828,993,970,1666,1414,638,1952,670,607,798,1458,474,61,748,1878,646
659: 
660: 1113,844,54,1748,236,1549,1844,298,1806,195,1667,197,863,1387,1455,644,916,2000
661: 673,409,1819,1381,2008,1822,353,1807,1022,121,1257,464,1555,1248,1159,281,1380,473,1261,1201,1451,1482,1600,401
662: 926,1658,1023,1278,2009,1083,477,503,1647,1780,592,1071,586,1523
663: 1946
664: 
1796: 1068,1400
666: 153
667: 
668: 
669: 1520,273,1839
670: 777,1739,1976,1255,1838,2005,1245,993,1952,1633,607,1458,474,61,1749,748,1878,646,868
671: 278
1912: 1510,1171,1147,998,1867,376,296,1746,1401,2019,18,1025,615,546,1734,282,620,1342
673: 409,1819,1381,2008,1822,1894,353,1759,1807,1022,121,1257,1555,325,1526,1248,1159,1391,281,661,473,1261,1201
1765: 1034,546,1734,230,282,1799,620,1342,703,1510,1147,998,296,1746,1401,2019,446,18,1025,1491,615,763
675: 
676: 466,173,2015,547,1011,826,1019,997,315,72,179,751,339,1865,941,1533,1876,2013,1687,1828,1855,656,102
1572: 
678: 1991,457,1639
679: 
1541: 1623,1369,213,1388
681: 1205,1131
1776: 
683: 
684: 
1511: 526
1969: 2016,472,917,287,1715,1618,1368,319,712,1167,1797,1048,1363,44,621,981,1984,1016,1584,1626,1926
687: 
1778: 
1840: 1595
690: 
1373: 
692: 1756
1616: 356,1339,1075,467,1120,925,29,2001,30,375,958,1753,722,358,437
1446: 
695: 968,1908,1640,2017,1632,1882,544,1930
1341: 1684
1874: 1811
698: 726
1455: 298,1806,195,1667,197,863,1387,644,916,2000,1113,844,54,660,236,1549
1491: 1510,1171,1147,998,296,1746,1401,2019,446,18,1025,615,1495,1034,1734,282,1799,1765,620,1342,703,763
1584: 634,1984,53,1016,1626,1837,1969,2016,472,917,1618,1368,1167,1048,1363,1250,44,621
702: 
703: 282,1799,1765,1342,998,296,1746,1401,2019,446,18,1025,1491,615,1495,763
704: 66,1099,1,1047,1548,1609,2014,1866,1393,73,1146,1069,1546,1229,1208,470,800,310,45,1683,1004,385,1445,1166,1338,1457,1597,193,1200,1111,1975
705: 835,233,1217
706: 
707: 1099,431,1047,1548,1609,2014,1393,73,1146,1069,1546,1208,470,1720,800
1666: 1892,777,1739,557,1255,850,2005,1245,828,993,970,1414,1952,1633,607,474,61,1749,465,65,748,1878,1007,78,868
709: 
710: 
711: 1226
712: 1969,2016,472,917,287,1618,1368,1167,1797,1363,1250,44
713: 1707
714: 
715: 
1876: 466,2015,547,1011,1019,997,315,676,179,751,1198,1865,941,1533,140,2013,1266,656,102
717: 
1420: 1831,34,1300,2010,1347,1053,1713,32,328,430,80,508,93,771,1641,650,1169,1484,727
1944: 857,335,1170,2002,1294,1843,1676,1674,588,1763,610,1014,1036,1471,933,2003,752,737,793,1213
1626: 634,1984,53,1016,1584,1837,1926,1969,2016,917,1715,1618,1368,1167,1797,1048,1363,1250,44,621,981
1677: 1614,1787
722: 2001,561,30,375,958,1753,358,437,1934,299,1281,356,1339,1075,467,925,29,1616,1897
1734: 1034,546,230,282,1799,1765,620,1342,1510,1171,1912,1147,998,1867,296,1746,1401,2019,1025,1491,615,1495
724: 52
1579: 1009,56,85
726: 698
727: 1831,1300,2010,1347,801,1713,32,430,80,508,93,579,771,1420,650,1169,1086
1613: 
1472: 
1704: 1777
731: 1559,1283,1860,2011,1285,778,790,1849,492,1845,218,923
732: 
1933: 
734: 
735: 
736: 600
737: 1103,323,2003,752,1708,793,1046,1213,1153,335,2002,1944,1294,1843,1676,1674,588,1763,610,1471,933
738: 1144
739: 
740: 
741: 1819,2008,1822,1759,464,1159,1271,473,1261,1451,1482
1549: 1113,844,54,660,1748,236,1844,298,1806,524,195,1667,197,863,1455,644,916,2000
1429: 225
1591: 
1382: 
1567: 
747: 926,1658,1023,1278,1428,1126,2009,1293,477,1102,1647,1918,1145,592,461
748: 1892,557,1976,1255,850,2005,1245,828,993,970,1666,1952,670,1633,798,1458,474,61,1878
1408: 2012,1239,1474,1885,495,1100,542,1292,560,756,1854,1142,1682,291,566,284,450,176,1225,262,1149,1327,205,421
750: 
751: 466,2015,547,1011,1019,997,315,676,179,1198,941,1533,1876,2013,1266,656
752: 1103,323,2003,737,1240,1708,793,1046,1027,1213,629,1638,1153,487,857,335,1170,2002,1944,1294,1843,1676,1674,588,1763,610,1014,1036,1471,933
753: 1835
754: 832,1041
755: 
756: 2012,1239,1474,1885,495,1292,560,1854,1142,1682,291,284,1408,450,176,1225,262,1149,1327,205,421
1606: 1881
758: 1701
759: 402,651
1684: 1341
761: 
762: 963
763: 1746,2019,446,1025,1491,615,1034,282,1799,1765,1342,703
764: 
765: 
766: 
767: 
1846: 
769: 
1445: 45,825,1683,1004,385,1166,1902,1338,1457,898,1597,193,1111,1975,1099,1,2014,1866,1546,704,470,800,310
771: 1831,1291,427,34,1300,2010,1691,19,1717,1347,801,1053,1129,1713,32,328,1588,1752,430,80,384,508,93,579,1420,1641,650,1531,1169,1484,1086,727,1101
772: 
773: 387,2018,1887,1059,309,922,1932,1645,100,1469,1431,135
774: 859
775: 
1880: 
777: 1892,1739,1976,1255,850,1838,2005,1245,828,993,970,1666,1414,638,1952,670,1633,798,1458,61,465,65,1007,868
778: 1559,1283,2011,731,790,492,218,923
1339: 356,1075,467,1120,925,29,1616,1897,133,2001,561,958,1753,722
780: 1024,891
781: 1067
1705: 1683,1902,812,478
1317: 
784: 
1785: 
786: 
787: 420
788: 480,603
789: 361,6
790: 1559,1283,1860,2011,1285,731,778,1849,492,1845,218,923
791: 
1708: 1103,323,2003,752,737,1240,793,1046,1027,1213,1638,1153,487,335,2002,1294,1676,1674,1471,933
793: 1103,323,2003,752,737,1240,1708,1046,1027,1213,629,1638,1153,487,857,335,1170,2002,1944,1294,1843,1676,1674,588,1763,1014,1036,1471,933
794: 
795: 58,555
796: 
797: 889,1560
798: 1892,777,557,1976,850,2005,828,993,970,638,1633,1458,61,65,748
799: 
800: 66,1099,431,1,1047,1548,1609,2014,1866,1393,73,1146,707,1069,1546,1229,704,1208,470,310,45,1683,1004,385,1445,1166,1338,1457,1597,193,812,1111,1975
801: 1831,1291,1300,2010,1691,1347,32,1588,1752,430,508,93,579,771,1641,650,1169,727
1917: 649,371
1502: 1306,1881,1654
1609: 66,1099,431,1,1047,1548,2014,1866,1393,73,1146,707,1069,1546,1229,704,1208,470,1720,800,310,385,1166,1597,193,1111
1919: 374
1347: 1831,1291,427,34,1300,2010,1691,19,1717,801,1053,1129,1713,32,1588,1752,80,384,508,93,579,771,1420,1641,650,1531,1169,1484,1086,727,1101,1556
1631: 
808: 
809: 598,1890,1744
810: 1288,300,1714
1571: 
812: 1683,1004,385,1705,1902,1338,1457,898,1597,193,1200,1111,478,66,1099,431,2014,73,1069,1546,1208,1720,800
813: 
1357: 1055
1849: 1559,1283,1860,2011,1285,731,790,1845,218
816: 
817: 20
818: 
819: 
1802: 
1533: 202,2015,547,1011,826,1019,997,315,72,676,179,751,1198,1865,941,1876,140,2013,1266,1855,102,1230
822: 1310
1898: 
824: 
825: 45,1445,1902,1338,1457,898,1597,193,1975,2014
826: 202,173,2015,547,1011,1019,997,72,676,179,1198,1865,941,1533,140,2013,1266,1855,656,102,1230
827: 
828: 1892,777,1739,557,1976,1255,850,1838,2005,1245,993,970,1666,1414,638,1952,1633,798,1458,474,61,465,65,748
1975: 45,825,1445,1166,1457,898,1597,193,431,1,1047,2014,1866,1146,1546,704,470,800,310
830: 12,1090
1608: 1826
832: 754
833: 191
834: 1345,1256
835: 705,233,1217
836: 
1942: 2004,1056,1500,617,520,1448,1389,1961,1422,523,1788,1236,1981,1410,303,529,1097,166,1863
2016: 1969,472,917,287,1715,1618,1368,319,712,1167,1797,1048,1363,1250,44,621,981,634,1984,53,1016,1584,1626,1837,1926
839: 
840: 
841: 1758,1161,1910,2007,1039,74,2006,249,1698,1079
842: 1758,1910,1901,2007,972,1039,1665,74,2006,249,1698,1079
843: 411,43,1073
844: 1113,54,660,1748,236,1549,298,1806,195,197,1455,644,2000
1844: 524,195,1667,197,863,1387,644,916,2000,660,1748,1549
1690: 105,1993
1843: 857,335,1170,2002,1944,1294,1676,1674,588,1763,610,1014,1036,1471,933,1103,2003,752,737,1240,793,1213,1638,1153,487
848: 1805
849: 
850: 1892,777,1739,557,1976,1255,2005,1245,828,993,970,1666,638,1952,1633,798,1458,474,61,465,65,748,1007
851: 
1569: 202,173,2015,72,339,2013,1687,1828,1855,656,102,1044,1230
1891: 
1507: 1522
855: 
1691: 1831,1291,427,1300,2010,1717,1347,801,1053,1129,1713,32,1588,1752,384,275,93,579,771,1641,650,1169,1484,1101,1964
857: 335,1170,2002,1944,1843,1676,1674,1763,610,1014,1036,1471,933,2003,752,1240,793,1213,629,1638
858: 869,408,1603,1392
859: 774
1952: 1892,777,1739,557,1255,850,1838,2005,1245,828,993,970,1666,1414,638,670,1633,607,1458,474,61,1749,465,65,748,1878,1007,78,868
1503: 1345,1256,1313
862: 
863: 1844,298,1806,524,195,1667,197,1387,1455,644,916,2000,660,1748,236,1549
864: 
865: 
1747: 
2019: 1510,1171,1912,1147,998,1867,376,296,1746,1401,446,18,1025,1491,615,1495,1034,546,1734,230,282,1799,1765,620,1342,703,763
868: 1007,78,777,1739,1255,1838,2005,1666,1414,1952,670,607,61,1749,465
869: 858,408,1603
870: 
1595: 1840
872: 
1585: 1092,1185
874: 1306,1654
1934: 1943,299,1403,1281,117,1017,1075,29,1897,2001,561,30,375,958,1753,722,437
876: 
1852: 567
878: 
1440: 
880: 
1887: 387,2018,1059,1550,309,922,773,1932,1645,100,1469,1431
882: 
2018: 387,1887,1059,1550,309,922,773,1932,1645,100,1469,1431,135
1492: 
1378: 1486,317,1700
1560: 797,889
1836: 
1508: 
889: 797,1560
1698: 1161,842,1910,1901,2007,972,1039,74,2006,841,249,1079
891: 780
1918: 926,1658,1023,1278,1428,1126,2009,1293,477,503,1102,1647,1145,592,461,1071,747
893: 330
1338: 45,825,1683,1004,385,1445,1166,1902,1457,898,1597,193,812,1200,1111,1099,2014,1546,704,1208,800,310
1421: 
1921: 
897: 
898: 45,825,1683,385,1445,1902,1338,1457,1597,193,812,1975,431,2014,1866,1546
899: 
1714: 1288,300,810
1448: 2004,1500,520,1389,1942,536,1422,571,523,1788,1236,1981,1410,529,166,1863,329,1434,114
1772: 
1506: 
1510: 1171,1912,1147,998,1867,376,296,1746,1401,2019,446,18,1025,1491,615,1495,546,1734,282,1765,620,1342
905: 51,188
906: 
907: 
908: 
1450: 1329,1183,1351
910: 
1536: 208,103
912: 930,405,1670
1676: 857,335,1170,2002,1944,1294,1843,1674,1763,610,1471,933,1103,323,2003,752,737,1708,793,1046,1213
1792: 
915: 1316
916: 1844,298,1806,524,195,1667,197,863,1387,1455,644,2000,1113,660,1748,236,1549
917: 1969,2016,287,1715,1618,1368,712,1167,1797,1048,1363,1250,44,981,634,53,1016,1584,1626,1837,1926
918: 
919: 
920: 
1900: 
922: 387,2018,1887,1059,1550,773,1932,135
923: 1559,1283,1860,2011,1285,731,778,790,492,218
1526: 673,409,1381,2008,1822,1894,353,1759,1807,1022,1191,121,464,1555,325,1159,1391,281,1271,1380,1261,1201,1482,1600
925: 356,1339,1075,467,1120,29,1616,1897,133,280,1281,2001,30,375,958,1753,722,358,437
926: 1658,1023,1278,1428,1126,2009,662,1083,1293,477,1102,1647,1918,1145,1780,592,461,1071,1523,747
1788: 2004,1056,1500,617,520,1448,1389,1942,1961,536,1422,571,523,1236,1981,1410,303,529,1097,166,1863,11,1426,1018,460,329,1434,114
928: 
2007: 1758,1161,842,1910,1901,972,1039,1665,74,2006,841,249,1698,1079
930: 405,912,1670
931: 
932: 1043,1313
933: 857,335,1170,2002,1944,1294,1843,1676,1674,588,1763,1014,1036,1471,1103,323,2003,752,737,1240,1708,793,1027,1213,629,1638,1153,487
934: 1244
935: 
1496: 1679,1050,83
937: 
938: 
1713: 1831,427,34,1300,2010,1691,19,1347,1053,1129,1588,80,508,93,579,771,1420,650,1531,1169,1484,1086,727
1804: 
941: 466,202,173,2015,547,1011,826,1019,997,315,72,676,179,751,1198,1865,1533,1876,140,2013,1266,656,102,1230
942: 
1746: 1510,1171,1912,1147,998,1867,376,296,1401,2019,446,18,1025,1491,615,1495,1034,1734,282,1799,1765,620,1342,703,763
1531: 1831,427,2010,19,1717,1347,1053,1129,1713,1588,1752,275,508,579,771,1169,1086,1101,1964,1072,1556,295
1640: 968,1908,695,2017,1632,1882,544
946: 1602
1486: 1700,1378
948: 1990
1998: 
1822: 673,409,1819,1381,2008,1759,1807,1022,1191,121,1257,464,1555,1526,1248,1159,281,661,1271,1380,473,1261,741,1201,1451,1482,1600,401
951: 625,1177
952: 
1990: 948
954: 
955: 
956: 198,1051
1830: 
958: 2001,561,30,375,1753,722,358,437,1017,1943,1934,299,1403,1281,117,356,1339,1075,467,925,29,1616,1897
1959: 
960: 
2000: 1844,298,1806,524,195,1667,197,863,1387,1455,644,916,1113,844,54,660,1748,236,1549
1453: 
963: 762
1958: 
965: 1295
966: 
1763: 857,335,1170,2002,1944,1294,1843,1676,1674,588,610,1014,1036,1471,933,1103,323,2003,752,737,1240,793,1213,1638,487
968: 1908,695,1640,2017,1632,1882,544
969: 
970: 1892,777,557,1976,1255,850,2005,828,993,1666,638,1952,1633,798,1458,61,465,65,748
1356: 
972: 1758,1161,842,1910,1901,2007,1039,1665,2006,1698,1079
1600: 401,409,2008,1822,353,1807,1191,121,1257,464,1555,1526,281,661,1380,1201,1482
1955: 
1782: 
1643: 
977: 1121,438
978: 1037,1398
979: 
980: 
981: 1969,2016,472,917,287,1715,1618,1368,319,1167,1048,1363,621,634,1984,53,1016,1626,1837,1926
982: 1670,405
983: 
1687: 466,202,173,2015,547,1011,1019,997,315,72,676,179,1569,339,1865,2013,1828,1855,656,102,1044
1664: 
1862: 
1866: 1099,431,1,1047,1548,1609,2014,1146,1069,1546,704,1208,470,800,310,45,1683,385,1445,1166,1902,1457,898,1597,193,1975
1498: 
1519: 
990: 1150
2015: 466,202,173,547,1011,826,1019,997,315,72,676,179,751,1198,1569,339,1865,941,1533,1876,140,2013,1687,1266,1828,1855,656,102,1044,1230
992: 1115,1827
993: 1892,777,1739,557,1976,1255,850,1838,2005,1245,828,970,1666,638,1952,670,1633,798,1458,474,61,465,65,748,1878
994: 103,208
995: 
996: 
997: 466,202,173,2015,547,1011,826,1019,315,72,676,179,751,1198,1865,941,1533,1876,140,2013,1687,1266,1828,656,102,1230
998: 1510,1171,1912,1147,1867,376,296,1746,1401,2019,446,18,1025,1491,615,1495,546,1734,282,1799,1765,620,1342,703
999: 
1819: 673,409,1381,2008,1822,1894,1759,121,464,1555,1248,1159,1391,281,661,1271,473,1261,741,1451,1482
1794: 1637
1002: 
1483: 
1004: 45,1683,385,1445,1166,1902,1338,1457,1597,193,812,1200,1111,478,66,1099,431,2014,73,1069,1546,704,1208,470,800,310
1610: 
1703: 214,498
1007: 78,868,1892,777,1739,1255,850,1838,2005,1666,1414,1952,607,474,61,1749,465
1554: 626,577,397,1790
1009: 85,1579
1010: 574,593
1011: 466,202,173,2015,547,826,1019,997,315,72,676,179,751,1198,1865,941,1533,1876,140,2013,1687,1266,1828,1855,656,102,1230
1442: 68
1441: 
1014: 857,1170,2002,1944,1294,1843,1674,588,1763,1036,1471,933,2003,752,793,1638,487
1015: 428,1093
1016: 634,1984,53,1584,1626,1837,1926,1969,2016,917,1715,1618,1368,319,1167,1048,1363,1250,44,621,981
1017: 133,280,1943,1934,1403,1281,117,1075,29,1897,2001,375,958
1018: 460,329,1434,114,2004,1056,520,1389,571,523,1788,1981,1863,11,1426
1019: 202,2015,1011,826,997,315,72,676,179,751,339,1865,941,1533,1876,140,2013,1687,1855,102
1020: 
1412: 1121,438
1022: 673,409,1381,2008,1822,1894,353,1759,1807,1191,121,1257,1555,325,1526,1248,1159,1391,281,661,1261,1201
1023: 926,1658,1278,1428,2009,662,1083,1293,477,503,1102,1647,1918,1780,592,461,1071,586,1523,747
1024: 780
1025: 1510,1171,1912,1147,998,1867,376,296,1746,1401,2019,446,18,1491,615,1495,1734,1765,1342,703,763
1026: 
1027: 1103,323,2003,752,1240,1708,793,629,1638,1153,487,2002,933
1028: 196
1621: 
1030: 
1375: 
1770: 
1033: 
1034: 546,1734,230,282,1799,1765,620,1342,1147,1746,1401,2019,1491,763
1854: 1834,2012,1474,495,542,1292,560,756,1142,1682,291,566,284,1408,450,176,1225,262,1327,205,421
1036: 857,1170,2002,1944,1294,1843,1674,1763,1014,1471,933,2003,752,1240,793,1213,629,1638,1153,487
1037: 978
1038: 
1039: 1758,1161,842,1910,1901,2007,972,1665,74,2006,841,249,1698,1079
1040: 
1041: 754
1521: 
1043: 932,1313
1044: 202,173,2015,72,179,1569,339,2013,1687,1828,1855,656,102
1437: 
1046: 1103,323,2003,752,737,1708,793,1213,1153,335,2002,1676,1674
1047: 66,1099,431,1,1548,1609,2014,1866,1393,73,1146,707,1069,1546,1229,704,1208,470,1720,800,310,1683,385,1597,193,1975
1048: 1969,2016,472,917,287,1715,1618,1368,319,1167,1797,1363,1250,44,621,981,634,1984,53,1016,1584,1626,1837,1926
1359: 
1050: 1496,1679,83
1051: 198,956
1052: 
1053: 1831,1291,427,34,1300,2010,1691,19,1717,1347,1129,1713,32,328,1588,1752,80,384,771,1420,1641,650,1531,1169,1484,1101
1054: 
1055: 1357
1056: 2004,1500,617,520,1389,1942,1961,1422,571,523,1788,1236,1981,529,1097,166,1863,11,1426,1018,460,114
1620: 
1487: 
1059: 387,2018,1887,1550,309,922,773,1932,1645,1469,1431,135
1060: 
1908: 968,695,1640,2017,1632,1882,544,1718,1930
1349: 1914
1741: 
1655: 1247,182
1820: 
1066: 
1067: 781
1068: 1796,1400
1069: 66,1099,431,1047,1548,1609,2014,1866,1393,73,1146,707,1546,1229,704,1208,470,1720,800,1683,1004,385,1597,193,812
1638: 1103,323,2003,752,1240,1708,793,1027,1213,629,1153,487,857,1170,2002,1294,1843,1674,1763,1014,1036,1471,933
1071: 926,1658,1023,1278,1428,2009,662,477,503,1647,1918,1780,586,1523
1072: 1556,295,1831,427,2010,19,1717,1129,1588,1752,275,579,1531,1086,1101,1964
1073: 411,843,43
1556: 1072,295,1831,427,2010,19,1717,1347,1129,1588,1752,275,1531,1086,1101,1964
1075: 356,1339,467,1120,925,29,1616,1897,133,1017,1934,1281,2001,375,958,1753,722,358,437
1076: 
1077: 
1841: 
1079: 1758,1161,842,1910,1901,2007,972,1039,1665,74,2006,841,249,1698
1956: 1192
1783: 274,1650
1082: 
1083: 926,1023,1278,2009,662,1293,477,1647,1780,592,586,1523
1438: 1215
1925: 
1086: 1831,427,2010,19,1347,1129,1713,1588,275,508,93,579,771,650,1531,1169,727,1101,1072,1556
1087: 
1697: 
1089: 
1090: 830,12
1091: 
1092: 1585,1185
1093: 428,1015
1094: 
1095: 
1096: 
1097: 2004,1056,1500,617,520,1389,1942,1961,1422,571,1788,1236,1981,1410,303,529,166,1863,11,1426,460,114
1098: 
1099: 66,431,1,1047,1548,1609,2014,1866,1393,73,1146,707,1069,1546,1229,704,1208,470,1720,800,310,1683,1004,385,1445,1166,1338,1457,1597,193,812,1200,1111
1100: 2012,1885,495,542,1292,1142,291,566,1408,176,1149,205,421
1101: 1831,1291,427,2010,1691,19,1717,1347,1053,1129,1588,1752,275,579,771,1531,1169,1086,1964,1072,1556,295
1102: 926,1658,1023,1428,1126,2009,1293,477,1918,1145,461,747
1103: 323,2003,752,737,1240,1708,793,1046,1027,1213,1638,1153,487,335,2002,1294,1843,1676,1674,588,1763,1471,933
1104: 
1775: 
1106: 
1909: 290,605
1108: 
1109: 1117
1110: 
1111: 45,1683,1004,385,1445,1166,1902,1338,1457,1597,193,812,1200,66,1099,1,1548,1609,2014,73,1546,1229,704,1208,470,800,310
1112: 
1113: 844,54,660,1748,236,1549,298,195,1455,644,916,2000
1114: 
1115: 992,1274,1827
1116: 
1117: 1109
1118: 
1720: 66,1099,431,1047,1609,2014,1393,73,707,1069,1546,1208,385,812
1120: 356,1339,1075,467,925,29,1616,1897,133,2001,1753
1121: 1412,977,438
1529: 
1123: 
1124: 
1834: 2012,1239,1474,1885,495,542,1292,560,1854,1142,1682,291,566
1126: 926,1658,1428,2009,1293,1102,1918,1145,461,747
1127: 
1345: 1256,1503,1313,834
1129: 1831,1291,427,2010,1691,19,1717,1347,1053,1713,1588,1752,275,579,771,1531,1169,1086,1101,1964,1072,1556,295
1130: 
1131: 1205,681
1512: 
1133: 
1336: 484,92
1809: 
1136: 374,168
1853: 
1831: 1291,427,34,1300,2010,1691,19,1717,1347,801,1053,1129,1713,1588,1752,80,275,508,93,579,771,1420,1641,650,1531,1169,1484,1086,727,1101,1964,1072,1556
1873: 
1140: 
1141: 
1142: 1834,2012,1239,1474,1885,495,1100,542,1292,560,756,1854,1682,291,566,284,1408,176,205
1143: 
1144: 738
1145: 926,1658,1278,1428,1126,2009,1293,477,1102,1918,461,747
1146: 1099,431,1,1047,1548,1609,2014,1866,1393,707,1069,1546,1229,704,470,800,310,1597,193,1975
1147: 1510,1171,1912,998,1867,376,296,1746,1401,2019,446,18,1025,1491,1034,546,1734,282,1765,620,1342
1777: 1704
1149: 1327,205,421,2012,1885,495,1100,1292,756,1682,291,284,1408,450,176
1150: 990
1151: 
1152: 
1153: 1103,323,2003,752,737,1240,1708,793,1046,1027,1213,629,1638,487,335,2002,1294,1843,1674,1036,1471,933
1748: 1113,844,660,1549,1844,298,524,195,197,863,1387,644,916,2000
1155: 
1156: 
1863: 2004,1056,1500,617,520,1448,1389,1942,1961,536,571,523,1788,1236,1981,1410,529,1097,166,11,1018,460,329,1434,114
1369: 1541,213
1159: 673,409,1819,1381,2008,1822,1894,1759,1807,1022,121,1257,464,1555,325,1526,1248,1391,281,661,1271,1380,473,1261,741,1201,1451,1482
1160: 
1161: 1758,1910,1901,2007,972,1039,1665,74,2006,841,1698,1079
1162: 
1163: 1718,1930,2017,1632,1882,544
1818: 
1165: 
1166: 45,1683,1004,385,1445,1902,1338,1457,1597,193,1200,1111,1975,66,1099,1,1548,1609,2014,1866,1546,1229,704,470,800,310
1167: 1969,2016,472,917,287,1715,1618,1368,319,712,1797,1048,1363,1250,44,621,981,634,1984,1016,1584,1626,1837,1926
1168: 
1169: 1831,1291,427,34,1300,2010,1691,19,1717,1347,801,1053,1129,1713,32,1588,1752,430,80,384,275,508,93,579,771,1420,1641,650,1531,1484,1086,727,1101
1170: 857,2002,1944,1843,1676,1674,1763,1014,1036,1471,933,323,2003,752,1240,793,1213,629,1638,487
1171: 1510,1912,1147,998,1867,376,296,1746,1401,2019,18,1025,1491,615,1495,546,1734,230,282,1799,620,1342
1172: 
1602: 946
1668: 
1901: 1758,1161,842,1910,2007,972,1039,1665,74,2006,1698,1079
1582: 
1177: 951,625
1433: 
1361: 
1513: 
1981: 2004,1056,1500,617,520,1448,1389,1942,1961,536,1422,571,523,1788,1236,1410,303,529,1097,166,1863,11,1426,1018,460,329,114
1182: 1530,624
1183: 1329,1351,1450
1184: 
1185: 1585,1092
1387: 1844,298,1806,524,195,1667,197,863,1455,644,916,2000,660,1748
1380: 409,1381,2008,1822,1894,1759,1807,1191,121,464,1555,325,1526,1159,281,661,1271,1261,1201,1451,1482,1600,401
1895: 
1566: 
1190: 445,1817
1191: 409,1381,2008,1822,1894,353,1807,1022,121,325,1526,281,1380,1201,1482,1600
1192: 1956
1193: 
1700: 1486,317,1378
1607: 
1456: 
1197: 
1198: 466,2015,547,1011,826,997,751,1865,941,1533,1876,140,2013,1266,656,1230
1199: 
1200: 1683,1004,385,1166,1902,1338,1457,193,812,1111,66,1099,2014,704,1208
1201: 673,409,1381,2008,1822,1894,353,1807,1022,1191,121,1257,1555,325,1526,1159,281,661,1380,473,1261,1482,1600,401
1679: 1496,1050,83
1203: 1751
1637: 1794
1205: 681,1131
1206: 
1592: 
1208: 66,1099,431,1047,1548,1609,2014,1866,1393,73,707,1069,1546,1229,704,470,1720,800,1683,1004,385,1902,1338,1457,1597,193,812,1200,1111,478
1951: 241,263,494
1210: 62
1358: 
1212: 
1213: 1103,323,2003,752,737,1240,1708,793,1046,629,1638,1153,487,857,335,1170,2002,1944,1294,1843,1676,1674,1763,610,1036,1471,933
2013: 466,202,173,2015,547,1011,826,1019,997,315,72,676,179,751,1198,1569,339,1865,941,1533,1876,140,1687,1266,1828,1855,656,102,1044,1230
1215: 1438
1351: 1329,1183,1450
1217: 835,705,233
1218: 619
1459: 425
1495: 1510,1171,998,1867,376,1746,2019,446,18,1025,1491,615,1734,703
1946: 663
1365: 144
1223: 
1224: 1227
1225: 262,2012,1474,495,560,756,1854,1682,284,1408,450,176,1327
1226: 711
1227: 1224
1327: 1149,205,421,2012,1474,495,1292,756,1854,284,1408,450,176,1225,262
1229: 66,1099,1,1047,1548,1609,2014,1393,73,1146,1069,1546,704,1208,470,800,310,385,1166,193,1111
1230: 202,173,2015,547,1011,826,997,72,179,1198,1569,1865,941,1533,140,2013,1266,1828,1855,656,102
1717: 1831,1291,427,2010,1691,19,1347,1053,1129,1588,1752,384,275,771,1531,1169,1484,1101,1964,1072,1556,295
1232: 
1837: 634,1984,53,1016,1584,1626,1926,2016,917,1715,1618,1368,1167,1797,1048,1363,1250,44,621,981
1234: 
1913: 359,1303
1236: 2004,1056,1500,617,520,1448,1389,1942,1961,536,571,523,1788,1981,1410,529,1097,166,1863,460,329,1434,114
1329: 1183,1351,1450
1924: 
1239: 1834,2012,1474,1885,495,542,1292,560,756,1142,1682,291,1408
1240: 1103,323,2003,752,1708,793,1027,1213,629,1638,1153,487,857,1170,2002,1843,1674,1763,1036,1471,933
1241: 565
1401: 1510,1171,1912,1147,998,1867,376,296,1746,2019,446,18,1025,1491,615,1034,546,1734,230,282,1799,1765,620,1342,703
1243: 
1244: 934
1245: 1892,777,1739,557,1976,1255,850,1838,2005,828,993,1666,1952,670,1633,607,1458,474,61,1749,748,1878,646
1627: 
1247: 1655,182
1248: 673,1819,1381,2008,1822,1894,1759,1022,121,1257,1555,1159,1391,281,661,1271,473,1261
1474: 1834,2012,1239,495,542,1292,560,756,1854,1142,1682,291,566,284,1408,450,176,1225,262,1327,205
1250: 2016,472,917,287,1618,1368,712,1167,1797,1048,1363,44,621,1016,1584,1626,1837
1251: 
1252: 
1597: 45,825,1683,1004,385,1445,1166,1902,1338,1457,898,193,812,1111,1975,1099,431,1,1047,1609,2014,1866,1146,1069,1546,704,1208,470,800,310
1254: 
1255: 1892,777,1739,557,1976,850,1838,2005,1245,828,993,970,1666,1414,638,1952,670,1633,607,1458,474,61,1749,465,65,748,1878,1007,78,868
1256: 1345,1503,834
1257: 673,1381,2008,1822,353,1807,1022,121,1555,1248,1159,281,661,473,1201,1600,401
1258: 
1259: 
1260: 
1261: 673,409,1819,1381,2008,1822,1894,1759,1022,121,464,1555,1526,1248,1159,1391,281,661,1271,1380,473,741,1201,1451,1482,401
1979: 
1518: 
1264: 265
1645: 387,2018,1887,1059,309,773,1932,100,1469,1431,135
1266: 466,202,173,2015,547,1011,826,997,72,179,751,1198,1865,941,1533,1876,140,2013,656,102,1230
1267: 
1268: 81,534
1269: 
1915: 
1271: 409,1819,1381,2008,1822,1894,1759,121,464,1555,1526,1248,1159,1391,281,1380,473,1261,741,1451,1482
1272: 
1943: 1934,299,1403,1281,117,133,1017,280,29,1897,2001,375,958,437
1274: 1115,1827
1603: 869,858,408,1392
1276: 
1277: 
1278: 926,1658,1023,1428,2009,662,1083,1293,477,503,1647,1918,1145,1780,592,461,1071,586,1523,747
2010: 1831,1291,427,34,1300,1691,19,1717,1347,801,1053,1129,1713,32,328,1588,1752,430,80,384,275,508,93,579,771,1420,1641,650,1531,1169,1484,1086,727,1101,1964,1072,1556,295
1280: 
1281: 1943,1934,299,1403,117,133,1017,280,1075,467,925,29,1897,2001,561,30,375,958,1753,722,358,437
1894: 673,409,1819,1381,2008,353,1759,1807,1022,1191,121,1555,325,1526,1248,1159,1391,281,1271,1380,1261,1201
1283: 1559,1860,2011,1285,731,778,790,1849,492,1845,218,923
1875: 
1285: 1559,1283,1860,2011,731,790,1849,492,1845,218,923
1286: 
1463: 
1288: 300,810,1714
1289: 
1290: 
1291: 1831,427,34,1300,2010,1691,1717,1347,801,1053,1129,32,1588,1752,80,384,93,579,771,1641,650,1169,1484,1101,1964
1292: 1834,2012,1239,1474,1885,495,1100,542,560,756,1854,1142,1682,291,566,284,1408,450,176,1149,1327,205,421
1293: 926,1658,1023,1278,1428,1126,2009,1083,477,1102,1647,1918,1145,1780,592,461,1523,747
1294: 335,2002,1944,1843,1676,1674,588,1763,610,1014,1036,1471,933,1103,323,2003,752,737,1708,793,1213,1638,1153,487
1295: 965
1296: 
1800: 
1932: 387,2018,1887,1059,1550,309,922,773,1645,1469,1431
1299: 
1300: 1831,1291,34,2010,1691,1347,801,1053,1713,32,328,430,80,384,508,93,579,771,1420,1641,650,1169,1484,727
1301: 
1302: 
1303: 1913,359
1304: 
1305: 
1306: 874,1654,1502
1987: 
1308: 
1309: 129