1758: 2007,1826,734,1161,1038,657,1039,1910,842,1665,2006,58,1901,555,1608,321
1: 800,1047,1457,1975,2014,385,1866,431,310,1267,1546,1445,1393,1004,1208,1683,478,1146,812,1166,1338,825,1705,1111,1229,1902,707,1099
1471: 1708,1638,1674,335,857,752,2003,487,1294,312,1170,1153,588,1763,2002
1979: 
1803: 
1926: 1837,1363,1016,1250,319,2016,1199,791,1969,287,21,634,1368,1797,472,1048,1984
1192: 1463
7: 
1797: 764,1837,1363,1926,1618,1016,712,1250,319,2016,1199,44,917,791,1969,287,21,634,1715,53,981,1368,621,1167,472,1048
1229: 1047,1975,2014,385,1,1866,431,310,1445,1208,1146,1338,825,1111,193,1099
1342: 1867,763,1491,615,1765,546,446,1147,2019,1912,1746,233,282,1510,230,1217,1171,620,156,1734
11: 1236,523,1961,520,571,617,1981,1942,2004,1056,1389,460,1500,114,1788,1018,1434,536,303,1426,1422
12: 
1756: 
1865: 2015,1569,1855,466,1828,1230,1019,202,1044,941,1876,102,72,826,1266,1873,2013,547,315,656,339,751,179,1687,676,140,1198,997,1533
15: 528
16: 1260,1851
17: 
18: 1799,1867,763,1491,615,1034,1765,446,703,1147,2019,1589,1746,233,282,1510,1495,230
19: 1484,2010,1272,1641,1802,771,1169,430
20: 
21: 1363,1926,1016,319,2016,1199,1969,634,53,1368,1797,472
22: 
1393: 800,1047,1457,66,1975,2014,1720,385,1,1866,1548,431,1200,310,1267,1546,1445,1597,470,1004,1208,568,1683,478,1146,812,1166,1338,825,1705,1111,1902,707,704,1099
1623: 
25: 1442,1110
1368: 764,1837,1363,1926,1016,319,2016,1199,44,791,1969,21,634,1715,53,981,621,1797,472,1048,1984,1943
1910: 2007,1826,734,1161,1698,1038,657,1758,1039,842,1665,2006,74,58,1901,1079,555,841,1608,972,321
28: 798,670,1878,1666,1633,1245,646,1749,1838,474,465,850,78,993,2005,1007,970,1521,1458,61,868,607,1952,1255,65,1390,638,557
29: 437,1075,1281,299,1339,1753,2001,117,280
30: 356,824,722,1934,1243,958,2001,375
31: 
32: 650,295,1588,801,2010,1501,1752,34,1531,427,1272,1641,275,1713,328,93,1086,132,80,332,1101,1300,1602,384,727,1964
33: 
34: 650,295,1588,579,1291,801,32,2010,683,1501,1752,1531,427,1272,1927,1641,275,1831,1713,328,93,1086,430,1347,132,80,508,332,1101,1300,1691,1602,384,965,1072,727,1964
35: 
36: 
37: 
38: 
1379: 
40: 
1460: 434,1421
1817: 
43: 1443,63
44: 764,1837,1363,1618,712,2016,1199,917,791,287,634,1715,53,1368,621,1797,472,1048
45: 800,1047,2014,1866,431,1200,470,1004,1609,568,812,1166,825,1111,704
46: 
1759: 1451,1807,1022,325,1391,401,2008,741,661,1822,1257,1600,1381,130,1159,464,353,121,473,1191
1361: 
49: 843
1247: 
51: 383,1958
52: 
53: 764,1363,1618,319,2016,1199,44,791,1969,287,21,634,1368,621,1797,472,1048
54: 863,197,1113,1806,2000,916,1748,195,660,298
55: 
56: 
1860: 1559,1849,778,218,923,790,2011,492,1845,133,1285,1283
58: 2007,1826,734,1161,1698,1038,657,1758,1039,1910,842,1665,2006,74,1901,555,848,1608,972,249
1505: 294
60: 395
61: 798,670,1633,1414,646,1749,474,993,2005,777,1458,28,868,1952,1255,65,1390,638
62: 543
63: 1443,43
1363: 764,1837,1926,1618,1016,712,1250,319,2016,1199,44,791,287,21,634,53,1368,621,1797,472,1048
65: 798,1892,1878,1633,646,1749,1838,474,465,850,78,993,2005,970,1521,1458,61,28,868,607,1952,1296,1255,1390,638,557
66: 800,2014,1200,1267,1546,1393,470,568,1683,812,1166,825,1705,704
1308: 
68: 1258,1573
69: 
1715: 764,1837,1618,712,1250,319,2016,1199,44,917,791,1969,287,981,1368,621,1167,1797,1048,1626,1943
1443: 43,63
72: 2015,1569,1855,466,1828,1230,202,1044,1876,102,826,1266,1873,2013,547,656,339,751,179,1865,1687
73: 281,1451,1526,1022,325,1380,2008,741,1894,254,1261,1271,1257,1770,1114,130,673,1482,1819,409,121
74: 2007,1826,734,1698,1038,657,1039,1910,1665,2006,58,1079,555,848,841,1608,972,321
1589: 1867,1034,546,446,703,2019,233,282,1510,18,230,620,156
76: 1223
1524: 
78: 798,1892,1878,1666,1414,1245,646,1749,1838,474,465,1976,850,993,2005,1007,970,828,1521,1739,1458,28,607,1296,1255,65,557
1564: 
80: 650,295,1588,1484,579,1291,801,32,2010,1501,1752,34,1531,427,1272,1641,275,1831,1713,1717,1802,93,1086,771,430,1347,813,132,508,332,1101,1300,1691,1602,384,1964
81: 
1422: 511,1981,1942,2004,1056,1389,460,1500,114,1863,166,1788,1097,1448,329,1018,1434,536,303,529,337,1426,1236,1961,11,571,617
83: 1150
1863: 511,1981,1942,2004,1056,460,1500,166,1788,1448,329,1018,536,529,337,1426,1422,617
1155: 1794
86: 
1653: 
1679: 
89: 2015,1569,1855,466,1828,1230,1044,1011,1266,2013,547,179,1687,140
1457: 800,1975,2014,1720,385,1,1866,431,310,1267,1445,1393,1004,478,1146,1166,1338,825,1111,1902,707,193,704,1099
1718: 1882,695,2017,968,1547,960,1640,1632,544,1163,1908
92: 
93: 650,1588,801,32,2010,683,34,427,1272,1641,275,1713,1717,328,1802,1086,771,430,132,80,332,1300,727
94: 
1266: 2015,1569,1855,466,1828,1230,202,1044,1011,102,72,2013,547,339,179,1865,1687,676,140,89
1916: 
97: 
1385: 819
1781: 1197
100: 1431,773,1887,1469,1645,2018,309,135,387,1550,922,1932
1501: 650,295,1588,579,1291,1053,129,32,2010,683,1752,34,1531,427,1927,275,1831,1713,1717,328,1086,1347,132,80,1691,1602,384,965,1072,727,1964
102: 2015,1569,1855,466,1828,1230,1019,202,1044,941,1011,1876,72,826,1266,1873,2013,547,656,339,751,179,1865,1687,140,1198,1533
103: 
104: 
105: 1690
106: 
1774: 
1463: 1192
1153: 1708,1638,1674,335,857,752,2003,487,1294,312,1046,1944,1471,588,1763,2002,323,1014,737,1843,1036,793,629,243,610
1190: 
111: 
112: 150,1696,1787
1754: 
114: 1942,2004,1056,1389,460,1500,1097,1018,1434,536,303,529,337,1426,1422,1236,1961,520,11,571
1701: 1615,645,928
1366: 
117: 437,1075,1281,172,299,722,1339,1753,29,358,1017,958,2001,280
1682: 542,1408,1474,756,450,1149,1239,1225,176,1834,1076,1100,2012,1327,284,421,1532,566,1292,262,1885
1452: 
1136: 1400
121: 281,1451,1807,1022,325,1391,1380,401,2008,741,661,1555,1894,1822,1257,1600,1770,1381,73,130,673,1759,1482,1159,464,353,1819,409,473,1191
1632: 1882,695,2017,968,1718,960,1640,544,1163,1930,1908
1255: 798,1892,1878,1633,1414,646,1749,474,465,850,78,993,2005,1007,970,828,777,1458,61,28,868,607,1952,1296,65,1390,638
1458: 798,1892,670,1878,1633,1414,1245,646,1749,1838,474,465,1976,850,78,993,2005,1007,970,828,1521,777,61,28,868,607,1952,1296,1255,65,1390,638,557
1490: 
126: 
1637: 
128: 1118
129: 650,579,1291,1053,2010,683,1501,427,1927,275,1831,1717,328,1420,1129,132,1072
130: 281,1451,1526,1807,1022,325,1380,2008,741,661,1894,1261,1271,1257,1600,1770,1381,1114,73,673,1759,1482,1819,409,121,473
131: 
132: 650,295,1588,579,1291,801,1053,129,32,2010,683,1501,1752,34,1531,427,1927,1641,275,1831,1713,1717,328,93,1086,430,1347,80,508,332,1101,1300,1691,1602,384,965,1072,727,1964
133: 1285,1283,778,218,2011,1860
1395: 
135: 1431,773,1469,1645,2018,309,100,387,1059,1550,922,1932
136: 
137: 
1707: 
139: 
140: 2015,1569,1855,466,1828,1230,202,1044,941,1011,102,826,1266,1873,2013,547,656,339,751,179,1865,676,1198,997,1533,173,89
141: 1603,1613
1627: 
1787: 150,1696,112
1146: 1047,1457,1975,2014,385,1,1866,431,310,1445,1393,1004,1208,478,1338,825,1111,1229,1902,193,1099
1842: 
1245: 670,1878,1666,646,1749,1838,474,465,1976,850,78,2005,1007,970,828,1521,1739,1458,28,607,557
147: 1506,1051,1269,1359,1498
1520: 1891,669
1670: 
150: 1696,112,1787
1159: 1807,1022,1391,2008,741,661,1555,1822,1770,1381,1759,464,353,1819,121,473,1191
152: 
153: 
1815: 1131,1824,931
155: 1827
156: 1171,620,1734,1867,615,546,703,2019,1589,1342,233,282,1510,230
157: 1541,1668,1740
158: 855
1331: 
1392: 
1753: 437,1075,1281,299,1339,29,358,958,2001,117,1120
1309: 
163: 786
1547: 1882,2017,1718,960,1640,544,1163,1930
165: 411,690
166: 511,1942,2004,1056,460,1500,1863,1788,1097,1448,1018,1434,303,529,337,1422
1504: 
168: 
169: 
1250: 1837,1363,1926,1618,1016,712,319,2016,1199,917,791,287,1715,621,1167,1797,472,1048,1626,1943
1828: 2015,1855,466,1230,1044,941,1011,1876,102,72,826,1266,1873,2013,547,656,751,179,1865,1687,140,1198,1533,173,89
172: 437,1075,1281,299,722,1934,1339,1243,358,1017,958,2001,117,280,1120
173: 1198,997,1533,2015,1569,1855,466,1828,1230,202,1044,941,1011,826,1873,2013,315,656,339,179,676,140
2004: 511,1981,1942,1056,1389,460,1500,114,1863,166,1788,1097,1448,329,1018,1434,536,303,529,337,1426,1422,1236,523,1961,520,11,571,617
1200: 800,66,2014,1267,1393,470,1004,1609,568,812,1166,45,825,704,1099
176: 542,1408,1474,495,756,450,1149,1239,1834,1100,2012,1327,1854,1142,284,560,421,1532,566,1292,291,262,1682,1885
1451: 281,1526,1807,1022,325,1380,2008,741,661,1555,1894,254,1261,1271,1822,1257,1600,1770,1381,1114,73,130,673,1759,1482,1819,409,121,473
1639: 
179: 2015,1569,1855,466,1828,1230,1019,202,1044,941,1011,1876,102,72,826,1266,1873,2013,547,315,656,339,751,1865,1687,676,140,1198,997,1533,173,89
2003: 1708,1638,1674,335,857,752,487,1294,312,1170,1046,1153,1944,1471,588,1763,2002,1240,933,323,1014,737,1843,1036,1213,1676,1027,1103,793,629,243,610
2002: 1708,1638,1674,335,857,752,2003,487,1294,312,1170,1046,1153,1944,1471,588,1763,1240,933,323,1014,737,1843,1036,1213,1676,1027,1103,793,629,243,610
182: 
1163: 1882,695,2017,968,1718,1547,960,1640,1632,544,1930
184: 1778,1795,1121
2010: 650,295,1588,1484,579,1291,801,1053,129,32,683,1501,1752,34,1531,427,1272,1927,1641,275,1831,1713,1717,328,1420,1802,1129,19,93,1086,771,1169,430,1347,813,132,80,508,332,1101,1300,1691,1556,1602,384,965,1072,727,1964
186: 
2008: 281,1451,1526,1807,1022,325,1391,1380,401,741,661,1555,1894,254,1261,1271,1822,1257,1600,1770,1381,1114,73,130,673,1759,1482,1159,464,353,1819,409,121,473,1191
188: 
1456: 
1878: 798,1892,1414,1245,646,1749,1838,474,465,1976,850,78,993,2005,1007,970,828,1458,28,868,607,1952,1296,1255,65,557
191: 
2012: 542,1408,1474,495,756,450,1149,1239,1225,176,1834,1076,1100,1327,1854,1142,284,560,421,1532,566,1292,291,262,205,1682,1885
193: 1457,1975,2014,385,1866,431,310,1445,1146,1338,1111,1229,1902,1099
1201: 
195: 863,197,1455,236,1806,2000,1748,1549,54,298,1591,844
196: 
197: 863,1455,236,1113,1806,2000,916,1387,1844,1748,1549,195,54,660,298,1591,844
198: 
1257: 281,1451,1526,1807,1022,325,1380,401,2008,741,661,1555,1600,1770,1381,73,130,1759,464,1819,409,121
1563: 
1940: 
202: 2015,1569,1855,466,1230,1044,102,72,826,1266,1873,2013,547,315,339,751,179,1865,1687,676,140,997,173
1325: 
1588: 650,295,1484,579,1291,801,32,2010,683,1501,1752,34,1531,427,1272,1641,275,1831,1713,1717,328,1802,1129,93,1086,771,1169,430,1347,813,132,80,508,332,1101,1300
205: 542,1408,1474,450,1149,1239,1225,2012,1854,1142,262
1310: 
1779: 
208: 1809
209: 
210: 
211: 1256
1612: 
213: 1794
214: 
1474: 542,1408,495,756,450,1149,1239,176,1834,2012,1327,1854,1142,284,560,421,1532,1292,291,262,205,1682,1885
1740: 1668,157
1276: 
218: 1559,1849,731,778,923,790,2011,492,1860,1845,133,1285,1283
1387: 863,197,1455,236,1113,1806,2000,644,916,1844,1748,1549,660,298,1591,844,524
1281: 437,1075,172,299,722,1934,1339,1243,1753,29,358,1017,958,2001,375,117,280,1120
2001: 437,1075,1281,172,299,722,1934,1339,1243,1753,29,358,1017,958,375,117,280,1120,30,356,824
222: 
223: 
1647: 1071,592,1428,1278,586,1523,2009,1780,1918,747,503,926,1658,1293,1102,594,1126
1113: 863,197,1455,236,2000,916,1387,1748,1549,54,660,298
1398: 
227: 
1522: 
1428: 1071,592,1023,1278,461,586,662,1083,1647,1523,2009,1145,1780,1918,747,503,926,1658,1293,1102,594,1126
230: 1867,763,1491,615,1034,1765,546,446,703,2019,1912,1589,1746,1342,233,282,1510,18,1171,620,156,1734
1306: 400
1469: 1431,773,1887,1645,2018,309,100,135,387,1059,1550,922
233: 1799,1867,763,1491,615,1034,1765,546,446,703,2019,1589,1746,1342,282,1510,18,230,1171,620,156,1734
1120: 437,1075,1281,172,299,1934,1339,1243,1753,358,958,2001
235: 
236: 863,197,1455,1113,1806,2000,644,916,1387,1844,1748,1549,195,298,1591,844,524
237: 
1831: 650,295,1588,1484,579,1291,1053,129,2010,683,1501,1752,34,1531,427,1927,1641,275,1713,1717,328,1420,1129,1086,771,1169,430,1347,813,132,80,1300,1691
1618: 764,1363,712,1250,2016,1199,44,917,287,1715,53,621,1167,1797,472,1048
240: 1508
241: 
1467: 347
243: 1213,1676,1027,1103,793,629,610,1014,737,1843,1036,1638,1674,857,752,2003,1294,312,1170,1046,1153,1944,588,1763,2002,1240,933,323
1252: 
245: 
1277: 
1278: 1071,1428,1023,461,586,662,1083,1647,1523,2009,1145,1780,477,1918,503,926,1658,1293,1102,1126
1386: 
249: 2007,1826,1161,1698,657,842,1665,2006,58,848,841,972
250: 1580
1208: 800,1047,1975,2014,385,1,1548,431,310,1267,1546,1445,1393,1004,568,1683,478,1146,812,1166,825,1705,1229,1902,707,1099
1780: 1071,1428,1023,1278,461,586,662,1647,1523,2009,1145,477,1918,747,503,926,1658,1293,1102,594,1126
1799: 1867,1491,1034,1765,703,1147,2019,1912,1746,233,282,1510,18,338,1495
254: 281,1451,1380,2008,1894,1261,1271,1822,1770,1114,73,673,1482
1206: 
1313: 1956,1224
1807: 281,1451,1022,325,1391,1380,401,2008,741,661,1555,1894,1822,1257,1600,1770,1381,130,673,1759,1159,464,353,1819,409,121,473,1191
258: 
1853: 
1193: 
261: 
262: 542,1408,1474,495,450,1149,1239,1225,176,2012,1327,1854,1142,421,291,205,1682
263: 
264: 
265: 
1369: 906,1560
1362: 
268: 1614
1837: 764,1363,1926,1016,712,1250,319,2016,1199,44,917,791,1969,287,634,1715,981,1368,621,1167,1797,472,1048,1626,1984,1943
1658: 1071,592,1428,1023,1278,461,1083,1647,1523,2009,1145,1780,1918,747,503,926,1293,1102,594,1126
1355: 
1914: 
273: 
274: 
275: 650,295,1588,1484,579,1291,801,1053,129,32,2010,683,1501,1752,34,1531,427,1272,1927,1641,1831,1713,1717,328,1420,1129,93,1086,771,1169,430,813,132,80,1300,1691,1602,384,1072,727
276: 
1330: 
278: 
1199: 764,1837,1363,1926,1618,1016,712,1250,319,2016,44,791,1969,287,21,634,1715,53,1368,621,1167,1797,472,1048,1984,1943
280: 437,1075,1281,172,299,722,1934,1339,29,358,1017,2001,117
281: 1451,1526,1807,1022,325,1380,2008,741,661,1555,1894,254,1261,1271,1257,1770,1114,73,130,673,1482,1819,409,121
282: 1799,1867,1491,1034,1765,546,446,703,2019,1912,1589,1746,1342,233,1510,18,230,156
1962: 
284: 542,1474,495,756,450,1149,1239,176,1834,1100,2012,1327,560,421,1532,566,1292,1682,1885
285: 872
1130: 
287: 764,1837,1363,1926,1618,1016,712,1250,319,2016,1199,44,917,791,1715,53,621,1167,1797,472,1048
288: 1898,753
2005: 798,1892,670,1878,1666,1633,1414,1245,646,1749,1838,474,465,1976,850,78,993,1007,970,828,1521,777,1739,1458,61,28,868,607,1952,1296,1255,65,1390,638,557
290: 
291: 542,1474,495,450,1239,176,2012,1327,1854,1142,560,421,262
292: 377,626
1394: 1060,364
294: 1505
295: 1588,579,1291,801,32,2010,1501,1752,34,1531,427,1272,275,1831,1713,328,1086,430,1347,813,132,80,508,332,1101,1300,1691,1602,384,965,727,1964
296: 763,1491,1765,1147,2019,1912,1746,998,1025,338,1495,1217,1734,376
1400: 1136
298: 863,197,1455,236,1113,1806,2000,644,916,1387,1748,1549,195,54,660,1591,844
299: 437,1075,1281,172,722,1934,1339,1243,1753,29,358,1017,958,2001,117,280,1120
300: 
1430: 
2014: 800,1047,1457,66,1975,1720,385,1,1866,1548,431,1200,310,1267,1546,1445,1393,1597,470,1004,1208,1609,568,1683,478,1146,812,1166,45,1338,825,1705,1111,1229,1902,707,193,704,1099
303: 511,1942,2004,1056,1389,460,1500,114,166,1788,1097,1018,1434,536,337,1422,1961,520,11
304: 
1795: 1778,1121,184
1391: 1807,1022,401,2008,741,661,1555,1600,1381,1759,1159,464,353,1819,121,1191
307: 1054,1987,1862
1410: 
309: 773,1469,1645,2018,100,135,387,1059,1550,922,1932
310: 800,1047,1457,1975,2014,385,1,1866,431,1445,1393,1004,1208,1683,478,1146,1338,825,1705,1111,1229,1902,707,193,1099
311: 449
312: 1708,1638,1674,335,857,752,2003,1294,1170,1153,1944,1471,588,1763,2002,1240,933,323,1014,737,1843,1103,243
313: 
1930: 1882,695,2017,1547,960,1640,1632,544,1163
315: 2015,1230,1019,202,826,1873,2013,656,339,751,179,1865,676,1198,997,1533,173
1546: 800,66,2014,1720,1,1548,431,1267,1445,1393,1597,1004,1208,568,1683,478,812,1166,825,1705,707,704,1099
317: 
318: 765
319: 764,1837,1363,1926,1016,1250,2016,1199,791,1969,287,21,634,1715,53,981,1368,621,1167,1797,472,1048,1626,1984,1943
1974: 
321: 2007,1826,1161,1038,657,1758,1039,1910,1665,2006,74,1079,555,841,1608,972
322: 
323: 1638,1674,335,857,752,2003,487,1294,312,1046,1153,1944,588,1763,2002,1240,933,1014,737,1843,1036,1213,1676,1027,1103,793,629,243,610
1806: 863,197,1455,236,2000,916,1387,1748,1549,195,54,298,1591,844
325: 281,1451,1807,1022,1380,2008,741,661,1894,1261,1271,1822,1257,1600,1770,1381,1114,73,130,673,1759,1482,464,353,1819,409,121,473,1191
1327: 542,1408,1474,495,756,450,1149,1239,1225,176,1834,1076,1100,2012,1854,1142,284,560,421,1532,566,1292,291,262,1682,1885
327: 
328: 650,295,1588,579,1291,1053,129,32,2010,683,1501,1752,34,1531,427,1927,1641,275,1831,1713,1717,1420,93,1086,132,1602,384,1072,727,1964
329: 511,1981,1942,2004,1056,1863,1448,1018,536,529,337,1426,1422,1236,617
330: 578
1586: 
332: 508,1101,1300,1602,1964,295,1588,801,32,2010,34,427,1272,1713,93,1086,1347,132,80
333: 
334: 
335: 1708,1638,1674,857,752,2003,487,1294,312,1170,1046,1153,1944,1471,588,2002,1240,933,323,1103,793,610
1991: 724,652
337: 511,1981,1942,2004,1056,1389,460,1500,114,1863,166,1788,1097,1448,329,1018,536,303,529,1426,1422,617
338: 1799,763,296,1491,1765,1147,2019,1912,1746,1025,1495,1217,376
339: 2015,1569,1855,466,1230,1019,202,1044,941,102,72,826,1266,1873,2013,315,656,751,179,1865,676,140,1198,997,1533,173
1389: 1942,2004,1056,460,1500,114,1788,1097,1018,1434,536,303,529,337,1426,1422,1236,523,1961,520,11,571,617
341: 
1886: 
343: 
1695: 
345: 1412,374,651
1121: 1778,1795,184
347: 1467
2013: 2015,1569,1855,466,1828,1230,1019,202,1044,941,1011,1876,102,72,826,1266,1873,547,315,656,339,751,179,1865,1687,676,140,1198,997,1533,173,89
1838: 1878,1666,1245,646,1749,474,465,1976,850,78,993,2005,1007,970,828,1521,1739,1458,28,607,65,557
1399: 
351: 
1614: 268
353: 1807,1022,325,1391,401,2008,741,661,1555,1822,1600,1770,1381,1759,1159,464,1819,121,473,1191
1548: 2014,1720,1267,1546,1445,1393,1597,1004,1208,1683,478,1902,707,1099
1405: 
356: 30,824,437,722,1934,1243,1017,958,2001,375
1500: 511,1981,1942,2004,1056,1389,460,114,1863,166,1788,1097,1448,1018,1434,536,303,337,1426,1422,1236,523,1961,520,11,571
358: 437,1075,1281,172,299,722,1934,1339,1243,1753,1017,958,2001,117,280,1120,824
1226: 378
360: 
361: 
1336: 
1316: 
364: 1394,1060
1835: 
1892: 798,1878,1414,474,465,1976,850,78,2005,970,828,777,1458,868,607,1296,1255,65
1826: 2007,734,1161,1698,1038,657,1758,1039,1910,842,1665,2006,74,58,1901,1079,555,848,841,1608,972,321,249
1984: 1837,1926,1016,319,2016,1199,791,1969,634,981,1368,1626,1943
1198: 997,1533,173,2015,1569,1855,466,1828,1230,1019,941,1011,102,826,1873,2013,315,656,339,751,179,1865,676,140
370: 
371: 
372: 
1426: 1981,1942,2004,1056,1389,460,1500,114,1863,1097,1448,329,1018,536,529,337,1422,1236,11,571,617
374: 1412,345
375: 437,1281,722,1934,1339,1243,1017,958,2001,30,356,824
376: 763,296,1147,2019,1746,998,1025,338,1495,1217
377: 292,626
378: 1226,822
1935: 
380: 1840
1315: 
1241: 1747
383: 51
384: 1691,1556,1602,965,1072,727,1964,1101,295,579,1291,1053,32,2010,683,1501,1752,34,1531,427,1927,275,1713,328,1347,132,80
385: 1457,1975,2014,1,1866,431,310,1445,1393,1208,478,1146,1338,1111,1229,1902,193,1099
386: 
387: 1431,773,1887,1469,1645,2018,309,100,135,1550,922,1932
1493: 862,1033,1700
389: 1162,1777
390: 
1248: 
392: 
1987: 1054,1862,307
1131: 1824,931,1815
395: 60
1641: 650,1588,1484,579,801,32,2010,683,34,1531,427,1272,275,1831,1713,1717,328,1420,1802,1129,19,93,1086,771,1169,430,813,132,80,1300
397: 739,428,1115
398: 
399: 1123
400: 1306
401: 1807,1022,1391,2008,661,1257,1600,1759,464,353,1819,409,121
402: 
1294: 1708,1638,1674,335,857,752,2003,487,312,1170,1046,1153,1944,1471,588,1763,2002,1240,933,323,1014,737,1843,1676,1103,793,629,243,610
1961: 1236,523,520,11,571,1942,2004,1056,1389,460,1500,114,1788,1018,1434,536,303,1422
405: 
406: 1280
1162: 389,1777
408: 
409: 281,1451,1526,1807,1022,325,1380,401,2008,741,661,1555,1261,1257,1600,1770,1381,73,130,673,1819,121
410: 
411: 165,690
1390: 798,670,1633,646,1749,474,993,2005,1521,1458,61,28,868,607,1952,1255,65,638,557
413: 
414: 859,603
1709: 
416: 
417: 
1751: 
1580: 250
420: 
421: 542,1408,1474,495,450,1149,1239,176,1834,1100,2012,1327,284,560,1532,1292,291,262,1682,1885
1749: 798,670,1878,1666,1633,1414,1245,646,1838,474,850,78,993,2005,1007,970,828,1521,777,1458,61,28,868,607,1952,1296,1255,65,1390,638,557
1532: 542,1408,1474,495,450,1149,1239,176,1834,1076,1100,2012,1327,284,560,421,566,1292,1682,1885
1964: 1691,1556,1602,384,965,1072,727,332,1101,295,801,32,2010,1501,1752,34,427,1713,328,1347,132,80
1149: 542,1408,1474,495,756,450,1239,1225,176,1834,1076,1100,2012,1327,1854,1142,284,421,1532,566,1292,262,205,1682,1885
1291: 295,1588,579,1053,129,2010,683,1501,1752,34,1531,427,1927,275,1831,1713,1717,328,1086,430,1347,132,80,1691,1602,384,965,1072,727
427: 650,295,1588,579,1291,801,1053,129,32,2010,683,1501,1752,34,1531,1272,1927,1641,275,1831,1713,1717,328,93,1086,771,430,132,80,332,1101,1300,1691,1602,384,1072,727,1964
428: 739,397,1115
1295: 
430: 650,295,1588,1484,579,1291,801,2010,683,1752,34,1531,427,1272,1641,275,1831,1713,1717,1802,1129,19,93,1086,771,1169,813,132,80,508,1300
431: 800,1047,1457,1975,2014,1720,385,1,1866,310,1267,1546,1445,1393,1004,1208,568,478,1146,812,1166,45,1338,825,1705,1111,1229,1902,707,193,704,1099
432: 
1388: 
434: 1460,1421
1723: 655
1495: 1799,763,296,1491,615,1034,1765,446,1147,2019,1912,1746,998,1025,1510,18,338,1217,1734,376
437: 1075,1281,172,299,722,1934,1339,1243,1753,29,358,1017,958,2001,375,117,280,1120,356
438: 
1827: 155
1550: 1431,773,1887,1469,1645,2018,309,100,135,387,1059,922,1932
1986: 
1555: 281,1451,1807,1022,1391,1380,2008,741,661,1894,1822,1257,1770,1381,673,1159,464,353,1819,409,121
443: 
1150: 83
445: 
446: 1867,763,1491,615,1034,703,2019,1589,1746,1342,233,998,1025,282,1510,18,1495,230,1734
1565: 
2006: 2007,1826,734,1161,1698,1038,657,1758,1039,1910,842,1665,74,58,1901,1079,555,848,841,1608,972,321,249
449: 311
450: 542,1408,1474,495,1149,1239,1225,176,1834,1076,2012,1327,1854,1142,284,560,421,1532,291,262,205,1682,1885
1544: 1530
1431: 773,1887,1469,1645,2018,100,135,387,1059,1550,922,1932
1752: 295,1588,579,1291,1053,32,2010,683,1501,34,1531,427,1927,275,1831,1713,328,1086,430,1347,813,132,80,508,1101,1300,1691,1556,1602,384,965,1072,727,1964
454: 
1540: 1711
1271: 281,1451,1526,325,1380,2008,1894,254,1261,1770,1114,73,130,673,1482
457: 930,982
1777: 389,1162
1227: 
460: 511,1942,2004,1056,1389,1500,114,1863,166,1788,1097,1018,1434,536,303,529,337,1426,1422,1236,523,1961,520,11,571
461: 1071,592,1428,1023,1278,586,662,1083,2009,1145,1780,1918,926,1658,1293,1126
462: 951,1621
1811: 1274
464: 1807,1022,325,1391,401,2008,741,661,1555,1257,1600,1381,1759,1159,353,1819,121,473,1191
465: 798,1892,1878,1245,646,1838,474,1976,850,78,2005,970,828,1739,1458,28,607,1296,1255,65,557
466: 2015,1569,1855,1828,1230,202,1044,941,1011,1876,102,72,826,1266,1873,2013,547,656,339,751,179,1865,1687,676,140,1198,173,89
1183: 
468: 1104
1381: 1451,1807,1022,325,1391,1380,2008,741,661,1555,1894,1822,1257,1600,1770,130,673,1759,1159,464,353,1819,409,121,473,1191
470: 800,1047,66,2014,1200,1267,1393,1609,568,812,1166,45,825,704
1161: 2007,1826,1698,1038,657,1758,1039,1910,842,1665,2006,58,1901,841,1608,972,321,249
472: 764,1837,1363,1926,1618,1016,1250,319,2016,1199,44,791,1969,287,21,634,53,1368,621,1797,1048
473: 1451,1807,1022,325,1380,2008,741,1894,1822,1600,1770,1381,130,1759,1482,1159,464,353,1819,121,1191
474: 798,1892,670,1878,1633,1414,1245,646,1749,1838,465,1976,850,78,993,2005,1007,970,828,1521,777,1458,61,28,868,607,1952,1296,1255,65,1390
1902: 800,1457,1975,2014,1720,385,1,1866,1548,431,310,1267,1445,1393,1597,1004,1208,1683,478,1146,1338,1111,707,193,704,1099
476: 
477: 1023,1278,586,662,2009,1145,1780,1126
478: 800,1457,1975,2014,1720,385,1,1548,431,310,1267,1546,1445,1393,1597,1004,1208,568,1683,1146,812,1166,1338,825,1705,1902,707,704,1099
1258: 68,1573
1236: 523,1961,520,11,571,617,1981,1942,2004,1389,460,1500,114,329,1018,536,529,1426,1422
481: 
1937: 
1882: 695,2017,968,1718,1547,960,1640,1632,544,1163,1930,1908
1118: 128
485: 
486: 
487: 1708,1638,1674,335,857,752,2003,1294,1170,1046,1153,1944,1471,588,2002,933,323,1014,737,793,610
488: 
1530: 1544
1665: 2007,1826,734,1161,1698,1038,657,1758,1039,1910,842,2006,74,58,1901,1079,555,848,841,1608,972,321,249
1851: 1260,16
492: 1559,1849,731,778,218,923,790,2011,1860,1845,1285
493: 
494: 
495: 542,1474,756,450,1149,1239,176,2012,1327,1854,1142,284,560,421,1532,566,1292,291,262,1885
1688: 
1845: 1285,1283,1559,1849,731,778,218,923,2011,492,1860
498: 
499: 
1654: 
501: 
1553: 
503: 1071,1428,1278,1647,1523,2009,1780,747,926,1658,1102
1993: 
2017: 1882,695,968,1718,1547,960,1640,1632,544,1163,1930,1908
1274: 1811
1650: 1554,992
508: 332,1101,1300,1691,1602,295,1588,801,2010,1752,34,1531,1713,430,1347,813,132,80
1114: 281,1451,1526,325,1380,2008,741,1894,254,1261,1271,1822,1770,73,130,673,1482,1819
510: 
511: 1942,2004,1056,460,1500,1863,166,1788,1097,1448,329,1018,303,529,337,1422
1790: 
1482: 281,1451,325,1380,2008,741,1894,254,1261,1271,1822,1770,1114,73,130,673,1819,121,473
1805: 
2011: 1559,1849,731,778,218,923,790,492,1860,1845,133,1285,1283
516: 
1156: 
1439: 1299
519: 
520: 1236,523,1961,11,571,1942,2004,1389,460,1500,114,1018,1434,536,303
521: 1513,1836
1283: 133,1285,1845,1559,1849,778,218,923,2011,1860
523: 1236,1961,520,11,571,2004,1389,460,1500,1018,536
524: 863,1455,236,2000,644,916,1387,1844,1549,844
1358: 786
526: 994
1551: 942
528: 15
529: 511,1942,2004,1056,1389,460,114,1863,166,1097,1448,329,1018,1434,536,337,1426,1422,1236,571,617
530: 
531: 
532: 
1210: 912
534: 1440
1261: 281,1451,1526,325,1380,2008,741,1894,254,1271,1770,1114,73,130,673,1482,1819,409
536: 1981,1942,2004,1056,1389,460,1500,114,1863,1788,1448,329,1018,1434,303,529,337,1426,1422,1236,523,1961,520,11,571,617
1223: 76
1963: 
539: 
1949: 1152
1254: 
542: 1408,1474,495,756,450,1149,1239,1225,176,1834,1076,2012,1327,1854,1142,284,560,421,1532,1292,291,262,205,1682,1885
543: 62
544: 1882,695,2017,968,1718,1547,960,1640,1632,1163,1930
1824: 1131,931,1815
546: 1867,1034,703,2019,1589,1342,233,282,1510,230,620,156
547: 2015,1569,1855,466,1828,1230,202,1044,941,1011,1876,102,72,1266,2013,656,751,179,1865,1687,140,89
1592: 
1739: 1666,1245,646,1838,465,1976,850,78,2005,1007,970,828
1674: 1708,1638,335,857,752,2003,487,1294,312,1170,1046,1153,1944,1471,588,1763,2002,1240,933,323,1843,1103,793,243
551: 
1976: 798,1892,1878,1414,1245,646,1838,474,465,850,78,2005,1007,970,828,1739,1458,607,1296
1230: 2015,1569,1855,466,1828,202,1044,941,1011,1876,102,72,826,1266,1873,2013,547,315,656,339,751,179,1865,1687,676,140,1198,997,1533,173,89
554: 
555: 2007,1826,734,1038,657,1758,1039,1910,1665,2006,74,58,1901,1079,1608,321
1259: 
557: 670,1878,1666,1633,1245,646,1749,1838,465,850,78,993,2005,970,1521,1458,28,607,65,1390,638
1484: 650,1588,579,2010,683,1531,1272,1641,275,1831,1713,1717,1420,1802,1129,19,1086,771,1169,430,813,80,1300
1720: 800,1457,1975,2014,1866,1548,431,1267,1546,1445,1393,1597,1004,1683,478,1338,1902,707,704,1099
560: 542,1474,495,450,1239,176,2012,1327,284,421,1532,1292,291
1513: 521
562: 
1351: 
1954: 977
565: 
566: 495,756,1149,1239,176,1834,1076,1100,2012,1327,284,1532,1292,1682,1885
1717: 650,1588,1484,579,1291,1053,129,2010,683,1501,1531,427,1272,1927,1641,275,1831,1713,328,1420,1802,1129,93,1086,771,1169,430,813,132,80
568: 800,66,2014,431,1200,1267,1546,1393,470,1004,1208,1683,478,812,1166,45,825,1705,707,704,1099
1885: 542,1408,1474,495,756,450,1149,1239,1225,176,1834,1076,1100,2012,1327,284,421,1532,566,1292,1682
1793: 625
571: 1236,523,1961,520,11,1942,2004,1389,460,1500,114,1097,1018,1434,536,529,1426,1422
1517: 1511
1239: 542,1408,1474,495,756,450,1149,1225,176,1834,1076,2012,1327,1854,1142,284,560,421,1532,566,1292,291,262,205,1682,1885
1167: 764,1837,1618,1016,712,1250,319,2016,1199,917,791,1969,287,1715,981,621,1797,1048,1626,1943
1434: 1942,2004,1056,1389,460,1500,114,166,1788,1097,1018,536,303,529,1422,1961,520,11,571
576: 
1518: 1127
578: 330
579: 650,295,1588,1484,1291,1053,129,2010,683,1501,1752,34,1531,427,1927,1641,275,1831,1713,1717,328,1420,1129,1086,771,1169,430,813,132,80,384,1072
1401: 
581: 622
1559: 1849,731,778,218,923,790,2011,492,1860,1845,1285,1283
1117: 
1225: 542,1408,756,450,1149,1239,1834,1076,2012,1327,1854,1142,262,205,1682,1885
585: 
586: 1071,1428,1023,1278,461,662,1083,1647,1523,2009,1145,1780,477,1918,926,1293,1126
1748: 863,197,1455,236,1113,1806,2000,916,1387,1844,1549,195,54,660,298
588: 1708,1638,1674,335,752,2003,487,1294,312,1170,1046,1153,1944,1471,1763,2002,1240,933,323,1014,737,1843,1103,243
1402: 
1696: 150,112,1787
1953: 
592: 1071,1428,461,1083,1647,2009,1918,747,1658,1293,1102,594,1126
593: 
594: 1071,592,1428,1083,1647,2009,1780,1918,747,926,1658,1102,1126
1268: 
596: 
597: 710
598: 1073
599: 
600: 
1711: 1540
602: 
603: 859,414
604: 
605: 
606: 
607: 798,1892,1878,1633,1245,646,1749,1838,474,465,1976,850,78,993,2005,970,1521,1458,28,868,1952,1255,65,1390,557
1867: 1799,1491,615,1034,1765,546,446,703,2019,1912,1589,1746,1342,233,282,1510,18,230,1171,620,156
1561: 
610: 1213,1676,1027,1103,793,629,243,1014,1036,1638,335,857,752,2003,487,1294,1046,1153,1944,2002,1240,933,323
1523: 1071,1428,1023,1278,586,662,1647,2009,1145,1780,747,503,926,1658,1293,1102,1126
1145: 1071,1428,1023,1278,461,586,662,1523,2009,1780,477,926,1658,1293,1126
1539: 
1669: 
615: 1867,763,1491,1034,1765,446,1147,2019,1912,1746,1342,233,998,1025,1510,18,1495,230,1217,1171,620,156,1734
616: 
617: 1236,11,1981,2004,1056,1389,1863,1448,329,1018,536,529,337,1426,1422
618: 
619: 
620: 1171,156,1867,615,1034,546,703,2019,1589,1342,233,230
621: 764,1837,1363,1618,1016,712,1250,319,2016,1199,44,917,791,287,1715,53,981,1368,1167,1797,472,1048
622: 581
1812: 795,735
624: 872
625: 1793
626: 377,292
2009: 1071,592,1428,1023,1278,461,586,662,1083,1647,1523,1145,1780,477,1918,747,503,926,1658,1293,1102,594,1126
1603: 141,1613
629: 1213,1676,1027,1103,793,243,610,1014,1843,1036,857,752,2003,1294,1046,1153,1944,2002,1240,933,323
1414: 798,1892,1878,646,1749,474,1976,850,78,993,2005,1007,970,828,777,1458,61,1952,1296,1255
1769: 1066,918
632: 
1497: 
634: 764,1837,1363,1926,1016,319,2016,1199,44,791,1969,21,53,1368,1797,472,1048,1984
1292: 542,1474,495,756,1149,1239,176,1834,1100,2012,1327,1142,284,560,421,1532,566,1682,1885
1927: 650,579,1291,1053,129,2010,683,1501,1752,34,1531,427,275,1831,1713,1717,328,1420,1129,1086,132,1691,1602,384,965,1072,727
637: 
638: 670,1633,646,1749,993,2005,1521,1458,61,28,1952,1255,65,1390,557
1683: 800,66,2014,1720,1,1548,310,1267,1546,1445,1393,1597,1004,1208,568,478,812,1705,1902,707,1099
1542: 
641: 
1615: 645,1701,928
1855: 2015,1569,466,1828,1230,202,1044,941,1011,102,72,1266,1873,2013,547,656,339,179,1865,1687,676,140,1198,997,173,89
644: 863,1455,236,2000,1387,1549,298,1591,844,524
645: 1615,1701,928
646: 798,670,1878,1666,1633,1414,1245,1749,1838,474,465,1976,850,78,993,2005,1007,970,828,1521,1739,1458,61,28,607,1952,1296,1255,65,1390,638,557
647: 
1656: 
649: 
650: 1588,1484,579,801,129,32,2010,683,1501,34,427,1272,1927,1641,275,1831,1713,1717,328,1420,1129,93,1086,771,1169,430,132,80
651: 1412,345
652: 724,1991
653: 
1573: 1258,68
655: 1723
656: 2015,1855,466,1828,1230,1019,1044,941,1011,1876,102,72,826,1873,2013,547,315,339,751,179,1865,676,140,1198,997,1533,173
657: 2007,1826,734,1161,1698,1038,1758,1039,1910,842,1665,2006,74,58,1901,1079,555,848,841,1608,972,321,249
1633: 670,1666,646,1749,474,850,993,2005,1007,1521,1458,61,28,607,1952,1255,65,1390,638,557
659: 
660: 197,1113,2000,916,1387,1844,1748,54,298
661: 281,1451,1807,1022,325,1391,401,2008,741,1555,1257,1600,1770,1381,130,1759,1159,464,353,1819,409,121
662: 1071,1428,1023,1278,461,586,1083,1523,2009,1145,1780,477,1918,926,1293,1126
663: 
1127: 1518
1796: 
666: 
1303: 
668: 
669: 1891,1520
670: 1666,1633,1245,646,1749,474,850,993,2005,1007,1521,1458,61,28,1390,638,557
671: 
1912: 1799,1867,763,296,1491,615,1765,1147,2019,1746,1342,998,1025,282,1510,338,1495,230,1217,1734
673: 281,1451,1526,1807,1022,325,1380,2008,741,1555,1894,254,1261,1271,1822,1770,1381,1114,73,130,1482,1819,409,121
1765: 1799,1867,763,296,1491,615,1034,703,1147,2019,1912,1746,1342,233,1025,282,1510,18,338,1495,230,1217,1734
1115: 428,397
676: 2015,1569,1855,466,1230,202,1044,941,1011,826,1266,1873,2013,315,656,339,179,1865,140,1198,997,1533,173
1572: 
678: 
679: 
1541: 157,1668
681: 
1776: 
683: 650,1588,1484,579,1291,1053,129,2010,1501,1752,34,1531,427,1272,1927,1641,275,1831,1713,1717,328,1420,1129,93,1086,771,430,132,384,1072,727
684: 
1511: 1517
1969: 764,1837,1926,1016,319,2016,1199,791,21,634,1715,53,981,1368,1167,1797,472,1048,1626,1984,1943
1269: 1506,1051,1359,147,1498
1778: 1795,1121,184
1840: 380
690: 165,411
1951: 
1166: 800,1047,1457,66,2014,1,1866,431,1200,1267,1546,1393,470,1004,1208,1609,568,478,812,45,825,1705,1111,707,704,1099
1213: 1676,1027,1103,793,629,243,610,1014,1843,1036,2003,1944,2002,933,323
1446: 
695: 1882,2017,968,1718,960,1640,1632,544,1163,1930,1908
1256: 211
1874: 1775,963,1875
698: 
1455: 863,197,236,1113,1806,2000,644,916,1387,1844,1748,1549,195,298,1591,844,524
1491: 1799,1867,763,296,615,1034,1765,446,703,1147,2019,1912,1746,1342,233,998,1025,282,1510,18,338,1495,230,1217,1734
1584: 
1296: 798,1892,1878,1414,646,1749,474,465,1976,850,78,2005,1007,970,828,777,1458,868,1255,65
703: 1799,1867,1491,1034,1765,546,446,2019,1589,233,282,1510,18,230,620,156
704: 800,1457,66,2014,1720,1866,431,1200,1267,1546,1393,470,1004,568,478,812,1166,45,825,1902,707,1099
705: 
706: 1041
707: 800,1457,1975,2014,1720,1,1548,431,310,1267,1546,1445,1393,1597,1004,1208,568,1683,478,812,1166,1338,1705,1902,704,1099
1666: 670,1633,1245,646,1749,1838,850,78,2005,1007,1521,1739,28,557
709: 
710: 597
711: 
712: 764,1837,1363,1618,1016,1250,2016,1199,44,917,791,287,1715,621,1167,1797,1048,1626
713: 
714: 
715: 
1876: 2015,466,1828,1230,1019,102,72,826,2013,547,656,751,179,1865,1687
717: 
1420: 650,1484,579,1053,129,2010,683,1927,1641,275,1831,1717,328,1129,1086,771
1944: 1708,1638,1674,335,857,752,2003,487,1294,312,1046,1153,588,1763,2002,1240,933,323,1014,737,1843,1036,1213,1676,1027,1103,793,629,243,610
1626: 1837,712,1250,319,2016,791,1969,1715,981,1167,1048,1984,1943
1677: 
722: 437,1281,172,299,1934,1339,1243,358,1017,958,2001,375,117,280,30,356,824
1734: 1171,156,763,296,1491,615,1765,446,1147,2019,1912,1746,1342,233,998,1025,1510,1495,230,1217
724: 652,1991
1579: 
1668: 1740,1541,157
727: 1691,1556,1602,384,965,1072,1964,295,1291,32,2010,683,1501,1752,34,427,1927,275,1713,328,93,132
1613: 1603,141
1472: 1441,833
1704: 758
731: 1559,1849,778,218,923,790,2011,492,1845
732: 
1933: 
734: 2007,1826,1698,1038,657,1758,1039,1910,842,1665,2006,74,58,1901,1079,555,848,1608
735: 795,1812
736: 
737: 1014,1843,1036,1708,1638,752,2003,487,1294,312,1046,1153,1944,588,1763,2002,323,243
738: 
739: 428,397
740: 
741: 281,1451,1807,1022,325,1391,1380,2008,661,1555,1894,1261,1822,1257,1600,1770,1381,1114,73,130,673,1759,1482,1159,464,353,1819,409,121,473,1191
1549: 863,197,1455,236,1113,1806,2000,644,916,1387,1748,195,298,1591,844,524
1429: 
1591: 863,197,1455,236,1806,2000,644,1387,1549,195,298,844
1800: 
1567: 893
747: 1071,592,1428,1647,1523,2009,1780,503,926,1658,1102,594
748: 
1408: 542,1474,756,450,1149,1239,1225,176,1834,1076,2012,1327,1854,1142,421,1532,262,205,1682,1885
1205: 
751: 2015,466,1828,1230,1019,202,1044,941,1011,1876,102,72,826,1873,2013,547,315,656,339,179,1865,140,1198,997,1533
752: 1708,1638,1674,335,857,2003,487,1294,312,1170,1046,1153,1944,1471,588,1763,2002,1240,933,323,1014,737,1843,1036,1676,1103,793,629,243,610
753: 288,1898
754: 
1203: 
756: 542,1408,1474,495,1149,1239,1225,176,1834,1076,2012,1327,1854,1142,284,566,1292,1682,1885
1606: 
758: 1704
759: 
1684: 
761: 
762: 
763: 296,1491,615,1034,1765,446,1147,2019,1912,1746,1342,233,998,1025,1510,18,338,1495,230,1217,1734,376
764: 1837,1363,1618,712,319,2016,1199,44,917,791,1969,287,634,1715,53,981,1368,621,1167,1797,472,1048
765: 318
1645: 1431,773,1887,1469,2018,309,100,135,387,1059,1550,922,1932
767: 
1215: 
1152: 1949
1445: 800,1457,1975,2014,1720,385,1,1866,1548,431,310,1267,1546,1393,1597,1004,1208,1683,478,1146,1338,1705,1229,1902,707,193,1099
771: 650,1588,1484,579,801,2010,683,1531,427,1272,1641,275,1831,1713,1717,1420,1802,1129,19,93,1086,1169,430,813,80,1300
1280: 406
773: 1431,1887,1469,1645,2018,309,100,135,387,1059,1550,922,1932
1264: 
775: 
1301: 
777: 798,1892,1414,1749,474,993,2005,970,1458,61,868,1952,1296,1255
778: 1559,1849,731,218,923,2011,492,1860,1845,133,1285,1283
1339: 437,1075,1281,172,299,722,1934,1243,1753,29,358,1017,958,2001,375,117,280,1120,824
780: 
781: 
1705: 800,66,2014,1,431,310,1267,1546,1445,1393,1004,1208,568,1683,478,812,1166,825,707,1099
1288: 
784: 
1785: 
786: 1358,163
787: 
788: 1820
789: 
790: 1559,1849,731,218,923,2011,492,1860,1285
791: 764,1837,1363,1926,1016,712,1250,319,2016,1199,44,917,1969,287,634,1715,53,981,1368,621,1167,1797,472,1048,1626,1984,1943
1708: 1638,1674,335,857,752,2003,487,1294,312,1170,1046,1153,1944,1471,588,1763,2002,737
793: 1213,1676,1027,1103,629,243,610,1014,1036,1638,1674,335,857,752,2003,487,1294,1170,1046,1153,1944,2002,1240,933,323
794: 
795: 1812,735
1129: 650,1588,1484,579,1053,129,2010,683,1531,1272,1927,1641,275,1831,1713,1717,1420,1802,1086,771,1169,430
797: 
798: 1892,1878,1414,646,1749,474,465,1976,850,78,993,2005,970,828,777,1458,61,28,868,607,1952,1296,1255,65,1390
1218: 
800: 1047,1457,66,1975,2014,1720,1,1866,431,1200,310,1267,1546,1445,1393,470,1004,1208,568,1683,478,812,1166,45,825,1705,1902,707,704,1099
801: 650,295,1588,32,2010,34,1531,427,1272,1641,275,1713,1802,93,1086,771,430,813,132,80,508,332,1101,1300,1964
1917: 
1502: 
1609: 1047,2014,1200,470,812,1166,45,825,1111
1185: 
1347: 295,1588,1291,2010,1501,1752,34,1531,1831,1713,813,132,80,508,332,1101,1300,1691,1556,1602,384,965,1964
1293: 1071,592,1428,1023,1278,461,586,662,1083,1647,1523,2009,1145,1780,1918,926,1658,1102,1126
808: 
1946: 
810: 1714,1050
1571: 
812: 800,1047,66,2014,1,431,1200,1267,1546,1393,470,1004,1208,1609,568,1683,478,1166,45,825,1705,707,704,1099
813: 295,1588,1484,579,801,2010,1752,1531,1272,1641,275,1831,1713,1717,1802,1086,771,1169,430,1347,80,508,1101,1300
1901: 2007,1826,734,1161,1698,1038,657,1758,1039,1910,842,1665,2006,58,555,841,1608
1849: 1559,731,778,218,923,790,2011,492,1860,1845,1285,1283
816: 
1126: 1071,592,1428,1023,1278,461,586,662,1083,1647,1523,2009,1145,1780,477,1918,926,1658,1293,1102,594
818: 
819: 1082,1385
1802: 1588,1484,801,2010,1531,1272,1641,1713,1717,1129,19,93,1086,771,1169,430,813,80,1300
1533: 1198,997,173,2015,1828,1230,1019,941,102,826,1873,2013,315,656,339,751,179,1865,676,140
822: 378
1898: 288,753
824: 30,356,722,1934,1339,1243,358,1017,958,2001,375
825: 800,1047,1457,66,1975,2014,1,1866,431,1200,310,1267,1546,1393,470,1004,1208,1609,568,478,1146,812,1166,45,1705,1111,1229,704,1099
826: 2015,1569,466,1828,1230,1019,202,941,1876,102,72,1873,2013,315,656,339,751,179,1865,676,140,1198,997,1533,173
1133: 
828: 798,1892,1878,1414,1245,646,1749,1838,474,465,1976,850,78,2005,1007,970,1739,1458,1296,1255
1975: 800,1047,1457,2014,1720,385,1,1866,431,310,1445,1393,1004,1208,478,1146,1338,825,1111,1229,1902,707,193,1099
830: 
1608: 2007,1826,734,1161,1698,1038,657,1758,1039,1910,842,1665,2006,74,58,1901,1079,555,848,841,972,321
832: 
833: 1441,1472
834: 1909
1602: 1691,1556,384,965,1072,727,1964,508,332,1101,295,1291,32,2010,1501,1752,34,1531,427,1927,275,1713,328,1347,132,80
836: 
1942: 511,2004,1056,1389,460,1500,114,1863,166,1788,1097,1448,329,1018,1434,536,303,529,337,1426,1422,1236,1961,520,11,571
2016: 764,1837,1363,1926,1618,1016,712,1250,319,1199,44,917,791,1969,287,21,634,1715,53,981,1368,621,1167,1797,472,1048,1626,1984,1943
1232: 
1894: 281,1451,1807,1022,325,1380,2008,741,1555,254,1261,1271,1822,1770,1381,1114,73,130,673,1482,1819,121,473,1191
841: 2007,1826,1161,1698,1038,657,1039,1910,842,1665,2006,74,1901,1079,1608,972,321,249
842: 2007,1826,734,1161,1698,657,1758,1039,1910,1665,2006,58,1901,848,841,1608,972,249
843: 49
844: 863,197,1455,236,1806,2000,644,916,1387,1549,195,298,1591,524
1844: 197,1455,236,2000,916,1387,1748,660,524
1690: 105
1843: 1014,737,1036,1638,1674,752,2003,1294,312,1046,1153,1944,588,1763,2002,1240,323,1213,1103,629,243
848: 2007,1826,734,1698,657,1039,842,1665,2006,74,58,1608,972,249
849: 
850: 798,1892,670,1878,1666,1633,1414,1245,646,1749,1838,474,465,1976,78,993,2005,1007,970,828,1521,1739,1458,28,607,1296,1255,65,557
1329: 
1569: 2015,1855,466,1230,202,1044,941,1011,102,72,826,1266,1873,2013,547,339,179,1865,1687,676,140,1198,997,173,89
1891: 1520,669
1507: 
855: 158,1620
1691: 1556,1602,384,965,1072,727,1964,508,1101,295,1291,2010,1501,1752,34,1531,427,1927,275,1831,1713,1347,132,80
857: 1708,1638,1674,335,752,2003,487,1294,312,1170,1046,1153,1944,1471,2002,1240,933,323,1676,1103,793,629,243,610
858: 
859: 603,414
1952: 798,1878,1633,1414,646,1749,474,993,2005,777,1458,61,28,868,607,1255,65,1390,638
1875: 963,1874,1775
862: 1033,1493,1700
863: 197,1455,236,1113,1806,2000,644,916,1387,1748,1549,195,54,298,1591,844,524
864: 
1299: 1439
1747: 1241
2019: 1799,1867,763,296,1491,615,1034,1765,546,446,703,1147,1912,1589,1746,1342,233,998,1025,282,1510,18,338,1495,230,1217,1171,620,156,1734,376
868: 798,1892,1878,1749,474,993,2005,970,777,1458,61,28,607,1952,1296,1255,65,1390
869: 
870: 
1595: 
872: 624,285
1585: 
874: 
1934: 437,1075,1281,172,299,722,1339,1243,358,1017,958,2001,375,280,1120,30,356,824
876: 
1852: 
878: 946
1440: 534
880: 
1887: 1431,773,1469,1645,2018,100,387,1059,1550,1932
882: 
2018: 1431,773,1887,1469,1645,309,100,135,387,1059,1550,922,1932
1492: 
1123: 399
1560: 1369,906
1836: 521
1508: 240
889: 
1698: 2007,1826,734,1161,657,1039,1910,842,1665,2006,74,58,1901,848,841,1608,972,249
1818: 
1918: 1071,592,1428,1023,1278,461,586,662,1083,1647,2009,1780,926,1658,1293,1102,594,1126
893: 1567
1338: 1457,1975,2014,1720,385,1,1866,431,310,1445,1393,1004,478,1146,1111,1229,1902,707,193,1099
1421: 434,1460
1921: 
1300: 508,332,1101,295,1588,1484,801,32,2010,1752,34,1531,427,1272,1641,275,1831,1713,1802,93,1086,771,1169,430,1347,813,132,80
1124: 
1566: 
1714: 1050,810
1448: 511,1981,1942,2004,1056,1500,1863,166,1788,329,1018,536,529,337,1426,1422,617
1147: 1799,763,296,1491,615,1765,2019,1912,1746,1342,998,1025,1510,18,338,1495,1217,1734,376
1506: 1051,1269,1359,147,1498
1510: 1799,1867,763,1491,615,1034,1765,546,446,703,1147,2019,1912,1589,1746,1342,233,282,18,1495,230,156,1734
1597: 2014,1720,1548,1267,1546,1445,1393,1004,1683,478,1902,707
906: 1369,1560
907: 
1224: 1956,1313
1450: 
910: 
1536: 
912: 1210
1676: 1213,1027,1103,793,629,243,610,857,752,2003,1294,1046,1944,2002,1240,933,323
1792: 
915: 
916: 863,197,1455,236,1113,1806,2000,1387,1844,1748,1549,54,660,298,844,524
917: 764,1837,1618,712,1250,2016,44,791,287,1715,981,621,1167,1797,1048
918: 1769
919: 
920: 
1900: 
922: 1431,773,1469,1645,2018,309,100,135,387,1059,1550,1932
923: 1559,1849,731,778,218,790,2011,492,1860,1845,1285,1283
1526: 281,1451,1380,2008,1261,1271,1257,1770,1114,73,130,673,1819,409
925: 
926: 1071,1428,1278,461,586,662,1083,1647,1523,2009,1145,1780,1918,747,503,1658,1293,1102,594,1126
1788: 511,1942,2004,1056,1389,460,1500,1863,166,1097,1448,1018,1434,536,303,337,1422,1961,11
928: 1615,645,1701
2007: 1826,734,1161,1698,1038,657,1758,1039,1910,842,1665,2006,74,58,1901,1079,555,848,841,1608,972,321,249
930: 457,982
931: 1131,1824,1815
932: 
933: 1638,1674,335,857,752,2003,487,1294,312,1170,1046,1944,588,2002,1240,323,1213,1676,1027,1103,793,629,243,610
934: 
935: 
1496: 
937: 
1170: 1708,1638,1674,335,857,752,2003,487,1294,312,1471,588,2002,1240,933,1103,793,243
1713: 650,295,1588,1484,579,1291,801,32,2010,683,1501,1752,34,1531,427,1272,1927,1641,275,1831,1717,328,1802,1129,93,1086,771,1169,430,1347,813,132,80,508,332,1101,1300,1691,1602,384,727,1964
1302: 
941: 2015,1569,1855,466,1828,1230,1044,1011,102,826,1873,2013,547,656,339,751,179,1865,676,140,1198,997,1533,173
942: 1551
1746: 1799,1867,763,296,1491,615,1034,1765,446,1147,2019,1912,1342,233,998,1025,282,1510,18,338,1495,230,1217,1734,376
1531: 295,1588,1484,579,1291,801,1053,32,2010,683,1501,1752,34,427,1272,1927,1641,275,1831,1713,1717,328,1802,1129,1086,771,1169,430,1347,813,132,80,508,1101,1300,1691,1602,384
1640: 1882,695,2017,968,1718,1547,960,1632,544,1163,1930,1908
946: 878
1486: 
1981: 2004,1056,1500,1863,1448,329,1018,536,337,1426,1422,1236,11,617
1998: 
1822: 1451,1807,1022,325,1380,2008,741,1555,1894,254,1770,1381,1114,673,1759,1482,1159,353,1819,121,473,1191
951: 1621,462
1512: 
1873: 2015,1569,1855,466,1828,1230,1019,202,941,1011,102,72,826,2013,315,656,339,751,179,1865,676,140,1198,997,1533,173
1582: 
955: 
1459: 
1830: 
958: 437,1281,172,299,722,1934,1339,1243,1753,358,1017,2001,375,117,1120,30,356,824
1243: 437,1281,172,299,722,1934,1339,358,1017,958,2001,375,1120,30,356,824
960: 1882,695,2017,968,1718,1547,1640,1632,544,1163,1930
2000: 863,197,1455,236,1113,1806,644,916,1387,1844,1748,1549,195,54,660,298,1591,844,524
1171: 620,156,1734,1867,615,2019,1342,233,230
963: 1875,1874
1958: 51
965: 1691,1556,1602,384,1072,727,1964,295,1291,1053,2010,1501,1752,34,1927,1347,132
966: 
1763: 1708,1638,1674,752,2003,1294,312,1153,1944,1471,588,2002,1240,323,1014,737,1843,1103,243
968: 1882,695,2017,1718,960,1640,1632,544,1163,1908
969: 
970: 798,1892,1878,1414,1245,646,1749,1838,474,465,1976,850,78,993,2005,1007,828,777,1739,1458,28,868,607,1296,1255,65,557
1356: 
972: 2007,1826,1161,1698,657,1039,1910,842,1665,2006,74,58,1079,848,841,1608,321,249
1600: 1451,1807,1022,325,1391,401,2008,741,661,1257,1381,130,1759,464,353,1819,409,121,473,1191
1285: 133,1283,1845,1559,1849,778,218,923,790,2011,492,1860
1700: 862,1033,1493
1943: 1837,1016,1250,319,2016,1199,791,1969,1715,981,1368,1167,1048,1626,1984
977: 1954
978: 
979: 
1234: 
981: 764,1837,319,2016,917,791,1969,1715,1368,621,1167,1797,1048,1626,1984,1943
982: 457,930
983: 
1687: 2015,1569,1855,466,1828,1230,202,1044,1011,1876,102,72,1266,2013,547,179,1865,89
1169: 650,1588,1484,579,2010,1531,1272,1641,275,1831,1713,1717,1802,1129,19,1086,771,430,813,1300
1862: 1054,1987,307
1866: 800,1047,1457,1975,2014,1720,385,1,431,310,1445,1393,1004,1146,1166,45,1338,825,1111,1229,1902,193,704,1099
1498: 1506,1051,1269,1359,147
1519: 
990: 
2015: 1569,1855,466,1828,1230,1019,202,1044,941,1011,1876,102,72,826,1266,1873,2013,547,315,656,339,751,179,1865,1687,676,140,1198,997,1533,173,89
992: 1554,1650
993: 798,670,1878,1633,1414,646,1749,1838,474,850,78,2005,1007,970,1521,777,1458,61,28,868,607,1952,1255,65,1390,638,557
994: 526
995: 
996: 
997: 1198,1533,173,2015,1569,1855,1230,202,941,826,1873,2013,315,656,339,751,179,1865,676,140
998: 763,296,1491,615,446,1147,2019,1912,1746,1025,1495,1217,1734,376
1834: 542,1408,1474,756,450,1149,1239,1225,176,1076,1100,2012,1327,284,421,1532,566,1292,1682,1885
1819: 281,1451,1526,1807,1022,325,1391,1380,401,2008,741,661,1555,1894,1261,1822,1257,1600,1770,1381,1114,73,130,673,1482,1159,464,353,409,121,473
1794: 213,1155
1002: 
1483: 
1004: 800,1457,1975,2014,1720,1,1866,1548,431,1200,310,1267,1546,1445,1393,1597,1208,568,1683,478,1146,812,1166,45,1338,825,1705,1111,1902,707,704,1099
1142: 542,1408,1474,495,756,450,1149,1239,1225,176,2012,1327,1854,1292,291,262,205
1703: 
1007: 670,1878,1666,1633,1414,1245,646,1749,1838,474,1976,850,78,993,2005,970,828,1521,1739,1458,28,1296,1255
1554: 1650,992
1009: 
1267: 800,1457,66,2014,1720,1,1548,431,1200,1546,1445,1393,1597,470,1004,1208,568,1683,478,812,1166,825,1705,1902,707,704,1099
1011: 2015,1569,1855,466,1828,1230,1044,941,102,1266,1873,2013,547,656,751,179,1687,676,140,1198,173,89
1442: 25,1110
1441: 1472,833
1014: 737,1843,1036,1638,752,2003,487,1294,312,1046,1153,1944,588,1763,2002,323,1213,1027,1103,793,629,243,610
1015: 
1016: 1837,1363,1926,712,1250,319,2016,1199,791,1969,287,21,634,1368,621,1167,1797,472,1048,1984,1943
1017: 437,1075,1281,172,299,722,1934,1339,1243,358,958,2001,375,117,280,356,824
1018: 511,1981,1942,2004,1056,1389,460,1500,114,1863,166,1788,1097,1448,329,1434,536,303,529,337,1426,1422,1236,523,1961,520,11,571,617
1019: 2015,1876,102,826,1873,2013,315,656,339,751,179,1865,1198,1533
1020: 
1412: 374,345,651
1022: 281,1451,1807,325,1391,1380,401,2008,741,661,1555,1894,1822,1257,1600,1770,1381,73,130,673,1759,1159,464,353,1819,409,121,473,1191
1023: 1071,1428,1278,461,586,662,1083,1523,2009,1145,1780,477,1918,1658,1293,1126
1024: 
1025: 763,296,1491,615,1765,446,1147,2019,1912,1746,998,338,1495,1217,1734,376
1177: 
1027: 1213,1676,1103,793,629,243,610,1014,1036,2003,1046,1944,2002,933,323
1028: 
1621: 951,462
1030: 
1260: 16,1851
1770: 281,1451,1526,1807,1022,325,1380,2008,741,661,1555,1894,254,1261,1271,1822,1257,1381,1114,73,130,673,1482,1159,353,1819,409,121,473
1033: 862,1493,1700
1034: 1799,1867,763,1491,615,1765,546,446,703,2019,1589,1746,233,282,1510,18,1495,230,620
1854: 542,1408,1474,495,756,450,1149,1239,1225,176,2012,1327,1142,291,262,205
1036: 1014,737,1843,1638,752,2003,1046,1153,1944,2002,323,1213,1027,793,629,243,610
1037: 
1038: 2007,1826,734,1161,657,1758,1039,1910,1665,2006,74,58,1901,1079,555,841,1608,321
1039: 2007,1826,734,1161,1698,1038,657,1758,1910,842,1665,2006,74,58,1901,1079,555,848,841,1608,972,321
1304: 
1041: 706
1521: 670,1666,1633,1245,646,1749,1838,474,850,78,993,2005,1007,1458,28,607,65,1390,638,557
1043: 
1044: 2015,1569,1855,466,1828,1230,202,941,1011,102,72,1266,2013,547,656,339,751,179,1865,1687,676,140,173,89
1240: 1674,335,857,752,2003,1294,312,1170,1944,588,1763,2002,933,323,1843,1676,1103,793,629,243,610
1046: 1708,1638,1674,335,857,752,2003,487,1294,1153,1944,588,2002,933,323,1014,737,1843,1036,1676,1027,1103,793,629,243,610
1047: 800,1975,2014,1,1866,431,310,1393,470,1208,1609,1146,812,1166,45,825,1111,1229,1099
1048: 764,1837,1363,1926,1618,1016,712,1250,319,2016,1199,44,917,791,1969,287,634,1715,53,981,1368,621,1167,1797,472,1626,1943
1359: 1506,1051,1269,147,1498
1050: 1714,810
1051: 1506,1269,1359,147,1498
1140: 
1053: 579,1291,129,2010,683,1501,1752,1531,427,1927,275,1831,1717,328,1420,1129,132,384,965,1072
1054: 1987,1862,307
1055: 
1056: 511,1981,1942,2004,1389,460,1500,114,1863,166,1788,1097,1448,329,1018,1434,536,303,529,337,1426,1422,1961,11,617
1620: 855
1487: 
1059: 1431,773,1887,1469,1645,2018,309,135,1550,922
1060: 1394,364
1908: 1882,695,2017,968,1718,1640,1632
1349: 
1741: 
1655: 
1820: 788
1066: 1769
1067: 
1068: 
1069: 
1638: 1708,1674,335,857,752,2003,487,1294,312,1170,1046,1153,1944,1471,588,1763,2002,933,323,1014,737,1843,1036,1103,793,243,610
1071: 592,1428,1023,1278,461,586,662,1083,1647,1523,2009,1145,1780,1918,747,503,926,1658,1293,1102,594,1126
1072: 1691,1556,1602,384,965,727,1964,579,1291,1053,129,2010,683,1501,1752,34,427,1927,275,328,132
1073: 598
1556: 1691,1602,384,965,1072,727,1964,2010,1752,1347
1075: 437,1281,172,299,1934,1339,1753,29,358,1017,2001,117,280,1120
1076: 542,1408,756,450,1149,1239,1225,1834,1100,2012,1327,1532,566,1682,1885
1144: 
1841: 
1079: 2007,1826,734,1038,657,1039,1910,1665,2006,74,555,841,1608,972,321
1956: 1313,1224
1783: 
1082: 819
1083: 1071,592,1428,1023,1278,461,586,662,2009,1918,926,1658,1293,1102,594,1126
1438: 
1809: 208
1086: 650,295,1588,1484,579,1291,801,32,2010,683,1501,1752,34,1531,427,1272,1927,1641,275,1831,1713,1717,328,1420,1802,1129,93,771,1169,430,813,132,80,332,1101,1300
1305: 
1697: 
1932: 1431,773,1887,1645,2018,309,100,135,387,1550,922
1090: 
1091: 
1092: 
1093: 
1272: 650,295,1588,1484,801,32,2010,683,34,1531,427,1641,275,1713,1717,1802,1129,19,93,1086,771,1169,430,813,80,332,1300
1095: 
1380: 281,1451,1526,1807,1022,325,2008,741,1555,1894,254,1261,1271,1822,1257,1770,1381,1114,73,130,673,1482,1819,409,121,473
1097: 511,1942,2004,1056,1389,460,1500,114,166,1788,1018,1434,303,529,337,1426,1422,571
1098: 
1099: 800,1047,1457,1975,2014,1720,385,1,1866,1548,431,1200,310,1267,1546,1445,1393,1004,1208,568,1683,478,1146,812,1166,1338,825,1705,1111,1229,1902,707,193,704
1100: 1149,176,1834,1076,2012,1327,284,421,1532,566,1292,1682,1885
1101: 508,332,1300,1691,1602,384,1964,295,1588,801,32,2010,1752,34,1531,427,1713,1086,1347,813,132,80
1102: 1071,592,1428,1278,1083,1647,1523,2009,1780,1918,747,503,926,1658,1293,594,1126
1103: 1213,1676,1027,793,629,243,610,1014,1843,1638,1674,335,857,752,2003,1294,312,1170,1046,1944,588,1763,2002,1240,933,323
1104: 468
1775: 1874,1875
1197: 1781
1909: 834
1191: 1807,1022,325,1391,2008,741,1894,1822,1600,1381,1759,1159,464,353,121,473
1109: 
1110: 25,1442
1111: 1047,1457,1975,2014,385,1,1866,431,310,1393,1004,1609,1146,1166,45,1338,825,1229,1902,193,1099
1217: 763,296,1491,615,1765,1147,2019,1912,1746,1342,998,1025,338,1495,1734,376