0: 1135,1879,602,235
1: 
2: 1164,1158,213,317,207,224,949,1415,1948,895,431,1140,109,1443
3: 1680,1157
4: 156,1354,313,149,231,704,1880,296,1276,1729,1138,827
5: 788,1303,808,1244,1017,897,1955,26,424,957,172,1909,1874
6: 809,630,958,150
7: 1201,1125,113,516,590,1570,436
8: 1817,576
9: 860,437,1304,716,287,1862,145,801,247,1520,1216,1078,558,1100,843
10: 468,1196,1469,1477,61,1342,1375,1018,241,1331,573,1717,818
11: 1815,1741,1386,1728,606
12: 238,1460,1151,1148,2009,292,1104,24,1834,1527,1188,1159,1719,276,648,141,1440,1718,488
13: 764,1365,996,2019,1452,2017,140,918
14: 
15: 137,1777,192,962,1932,1178,1772,1143,1505,1664,1949
16: 257,912,1783,1601,1715,391,509,1293,1461,1677,1663,588
17: 
18: 1241,1685,765,1238,692,448,1003,1177,646,1560,1112,406,926
19: 
20: 153,1001,343,64,753,1597,2008,1939,1559
21: 
22: 
23: 1068,171
24: 238,1460,1151,1148,2009,292,1104,12,1834,1527,1188,1159,1719,276,648,141,1440,1718,488
25: 52,658,1476,459,1483,1672,102,1071
26: 788,1303,808,1244,1017,897,1955,424,957,172,5,1909,1874
27: 360,122
28: 626,864
29: 1856,655,1264,1430,729,917,1094,925,1742,1227,944,1806,1346
30: 132,1131,1538,73,800,620,1703,1740,517,315,284
31: 2007,1712,1853,1701,1410,450,1546,791
32: 1962,853,69,967,332
33: 1087,1583,1185,221,1219
34: 1813,446,1589,444,952,861,820,589,1226,632,329,945,1323,1065,133,821,1899,1775,616,645
35: 181,657,731,466,1364,1936,888,1598,1796,605,1821,1464,740,1239,1673,1173
36: 1398,353,2001,1433,273,1871,883,1050,92,1996
37: 
38: 
39: 514,772,225,1953,336,1670,377,470
40: 987,447,1228,806,1316,1738,525
41: 1612,1819,1347,563,375,309,483,686,1355,846,1799
42: 188,1057,971,43,453,869
43: 188,1057,971,1979,1441,1298,453,869,42
44: 1165,2006,1230,544,302,1883,749,1315,365,395,1872,1661,1793,1519,1503,239,872,1540,1107,318,1795
45: 1517,227,935,401,2018,1345,1089,95
46: 1986,220,1665,642,1787,927,997,760,1109,595,1007,1488,1609,541
47: 776,295,312,1090,850
48: 
49: 
50: 921,715,187,1647,351,1480,1335,1432,135,1144,249,1061,1763,783,1379,1155,1421,1042
51: 1800,1269,1062,1518
52: 658,1476,459,1483,1672,102,1071,25
53: 167,570,706,1427,538,1838,389,1246,991,1064,1385
54: 1626,1185,221,1219,1087
55: 1060,966,979,763,1852,1161,236,822,1890,1956,185,1781
56: 631,2004,347,972,1557,1512,1621,252,168,1900,1021,1478,1774,1070,1836,83,405,1506,1649,1797,737,531,89,1040,697,1599,1468,1714,1725,243,724,748
57: 210,1735,463
58: 303,539,1502,422,909,727,557,1217
59: 1284,948,138,1340,1945,480,1006,1561,1180,400,790,1307
60: 1348,359,384,1591,1204
61: 468,1196,1469,1477,1342,1375,1018,10,241,1331,573,1717,818
62: 441,1079,479,67,1507,1573,889,755
63: 1235,1794,1328,695,1803,734,1875,1804
64: 153,1001,343,20,753,1597,2008,1939,1559
65: 367,1059,902,1825,464,527,940,1110,374,781,712,924,615,1026,98,754,1049,1498,484,1380,1491,1782
66: 
67: 441,1079,479,62,1507,1573,889,755
68: 242,691,569,1229,404,175,1501
69: 1962,853,32,967,332
70: 301,502,1252,250,209,577,625,866,542,1334,1399,830,1283,624
71: 767,1014,612,1617,1181,1424,571,1448,1600
72: 1896,1578,730,1073,160,1358,1678,1759,999,311,1356,1999,714,1860,592,676,74,1674,314
73: 132,1131,30,1538,800,620,1703,1740,517,315,284
74: 311,1356,1999,714,1860,592,676,1674,314,730,1073,1896,1578,72,160,1358,1678,1759,999
75: 1710,653,519,1496,894,773,337,1694,1847,1823,1403,244,100,1411,710
76: 254,1615,736
77: 307,1760,147,279,1182,835
78: 2012,1947,644,469,814,1429,1485,1997,1393,1256,398,719
79: 1541,1779,1423,1056,745,1991
80: 922,1081
81: 1514,361,1720,782,611,1255,200,1634,435
82: 673,1153,1259,1472,1657,1845,587,1367
83: 631,2004,347,972,1512,1621,252,168,1900,1021,1478,56,1774,1070,1836,405,1506,1649,737,531,89,1040,697,1599,1468,1714,1725,243,724,748
84: 410,310,1942,907,399,370,266,1606,1982
85: 1686,1301,863,1287,1294,1630
86: 1458,1633,1327,937,321,222,1043,458,634,983
1966: 1209,203
88: 105,163,1406,487,93,264,304,638,1648,103
89: 631,2004,347,1557,1512,1621,252,168,1900,1021,1478,56,1774,1070,1836,83,405,1506,1649,1797,737,531,1040,697,1599,1468,1714,1725,243,724,748
2004: 631,347,972,1557,1512,1621,252,168,1900,1021,1478,56,1774,1070,1836,83,405,1506,1649,1797,737,531,89,1040,697,1599,1468,1714,1725,243,724,748
91: 1892,142,368,1786,1576,2000,533,1326,278,1082
92: 1398,2001,273,1871,883,1050,1996,36
93: 88,105,163,1406,487,264,304,638,1648,103
94: 126,1846,1344,366,403,1902,223,371,1368,1044,1032
95: 1517,227,45,935,401,2018,1345,1089
96: 341,1218,581,1544,1690,1709,1770,743,1841,1248,672,1596,1641
97: 794,1275,214,129,1150,333,943,1370,998,1553,1905,1072,1564,1108
98: 367,1059,902,1825,464,527,940,1110,374,781,712,924,615,1026,754,1049,1498,484,1380,65,1491,1782
99: 
100: 244,1411,710,1710,75,653,519,1496,894,773,337,1694,1847,1823,1403
101: 
102: 52,658,1476,459,1483,1672,1071,25
103: 88,105,163,1406,487,93,264,304,638,1648
104: 1171,1221,984,1339,1234,1075,803,1988,723,713,1095,1877,1324,1074,1640,1015,1580,990,328
105: 88,163,1406,487,93,264,304,638,1648,103
106: 1374,1420,1881,2002,1233,1529,201,1652,1555,357,1211,652,1959,947,513,1749,1220,550,1539
107: 491,414,154,787,1366,230,522,1833,1762,285,1733
108: 1351,2015,521,1359,1747,438,582,613,870,1149,1565,1724,456,1954,1753,1249
109: 1124,949,1415,1948,895,431,1140,1443,1164,1158,213,317,207,224,2
110: 124,396,951,1524,893,1829,1022
111: 739,584,1162
112: 1912,1946
113: 1125,516,590,1570,436,7,1201
114: 1348
115: 1174
116: 1279,1102
117: 1837,942,1827,1867,1285
118: 1789,560,1136,694,599,1801,1689,1964,1105,146,1764
119: 1063,460,1091,417,832,2011,1581,136,1828,1311,1926,849,623,180,508
1963: 
121: 
122: 360,27
123: 1487,421,549,1325,1418,553
124: 396,253,951,1524,893,1829,110,1022
125: 1755,1119,380,1894,810,534,1861,1295,1654,1445
126: 1846,1344,366,403,1902,223,371,1368,1044,94,1032
127: 
128: 
129: 794,1275,214,1150,333,943,1370,998,1553,1905,1072,1564,1108,97
130: 1750,1622,786,1536,170,886,352,1927,379,1054,385,1363
131: 1258,283,402
132: 1131,30,1538,73,800,620,1703,1740,517,315,284
133: 454,1813,446,34,666,1830,1589,444,952,861,820,589,1226,632,329,945,1323,1065,1572,821,1899,1775,616,645
134: 
135: 921,715,187,1647,351,1480,1335,1144,50,249,1061,1763,783,1379,1155,1421,1042
136: 1063,460,1091,417,832,2011,1581,1828,1311,1926,849,119,623,180,508
137: 1777,192,962,1932,1178,15,1772,1143,1505,1664,1949
138: 1284,913,948,1340,1945,480,1006,1561,1180,400,59,790,1307
139: 
140: 764,1365,996,2019,13,1452,2017,918
141: 238,1460,1151,1148,2009,292,1104,24,12,1834,1527,1188,1159,1719,276,648,1440,1718,488
142: 1892,368,1786,1576,2000,91,533,1326,278,1082
143: 1037,1389,1494,1278,2003,530,955,1687,262,1459,211,908,617,1116
144: 
145: 860,437,1304,287,1862,801,247,1520,1216,9,1744,1078,558
146: 1789,560,1136,694,599,1801,1689,1964,118,1105,1764
147: 1587,307,1760,77,279,1182,835
148: 
149: 156,1354,4,313,231,704,1757,1880,296,1198,1276,1729,1138,827
150: 809,6,1088,630,958
151: 931,507,1510,1969,885,1995,1408,643,1436,1442,1526,1371,621,1473,1080,1697,1034,1482
152: 340,293,485,226
153: 1001,343,64,20,753,1597,2008,1939,1559
154: 491,414,787,1366,230,107,522,1833,1762,285,1733
155: 1261,819,681,346,875
156: 1354,4,313,149,231,704,1757,1880,296,1198,1276,1729,1138,827
157: 1113,1568
158: 1723,1844
159: 1974,1280
160: 1358,1678,1759,999,730,1073,1896,1578,72,311,1356,1999,714,1860,592,676,74,1674,314
1959: 1374,1420,106,1881,2002,1233,1529,201,1652,1555,357,1211,652,947,513,1749,1220,550,1539
162: 941,323,711,1361,682
163: 88,105,1406,487,93,264,304,638,1648,103
164: 
165: 255,636,1437,1321,256,1317,1935,1407,1369,1115,324,409,1123,325,289
166: 
167: 570,706,1427,538,1838,53,389,1246,991,1064,1385,1528,690
168: 631,2004,347,972,1557,1512,1621,252,1900,1021,1478,56,1774,1070,1836,83,405,1506,1649,1797,737,531,89,1040,697,1599,1468,1714,1725,243,724,748
169: 1016
170: 352,379,385,1750,786,1536,130
171: 1068,23
172: 788,1303,808,1244,1017,897,1955,26,424,957,5,1909,1874
173: 1058,914,1231,196,1805,1651,1554,1481
174: 512,1168,1745,1145,1005,910,1590,1435
175: 1501,242,691,569,665,68,1229,404
176: 331,2005,881,934,1889,851,579
1955: 788,1303,808,1244,1017,897,26,424,957,172,5,1909,1874
178: 2013,1746,670,1029,1210,583,1901,1039,1299,1695
1970: 
180: 1063,460,1091,417,832,2011,1581,136,1828,1311,1926,849,119,623,508
181: 657,731,466,35,1364,1936,888,1598,1796,605,1821,1464,740,1239,1673,1173
182: 1550,1289,1463,880,494,841,1205,774
183: 
184: 419,471
185: 1060,966,979,763,1852,1161,236,822,55,1890,1956,1781
186: 
187: 921,715,1647,351,1480,1335,1432,135,1144,50,249,1061,1763,783,1379,1155,1421,1042
188: 1057,971,1979,1441,1298,43,453,869,42
189: 891,716,428,1444,919,350,578,1352
190: 
191: 1977,219,1978
192: 137,1777,962,1932,1178,15,1772,1143,1505,1664,1949
193: 
194: 
195: 1114
196: 1058,173,914,1231,1805,1651,1554,1481
197: 1343,500,1798,1438,1377
198: 
199: 1542,1033,568,1987
200: 1255,1634,435,1514,361,1720,782,81,611
201: 1374,1420,106,1881,2002,1233,1529,1652,1555,357,1211,652,1959,947,1749,1220,550,1539
202: 905,738,857,1362,855,1493,1288,1696,1537,443,1450,762,1522,1650,251,1046,813,1302,993,1330,274,852,1629,1708
203: 1966,1209
204: 386,639
205: 1458,1633,1327,937,321,222,458,634,983
206: 1002,275,1602,1765,511,1052,345,1593,316,358,964,1322,725
207: 1164,1158,213,317,224,2,949,1415,1948,895,431,1140,109,1443
208: 1886,1312,1025,1484,618,923,1111,1417,1575,362
209: 301,502,1252,250,577,625,866,70,542,1334,1399,830,1283,624
210: 1735,57,463
211: 1037,143,1389,1494,1278,2003,530,955,1687,262,1459,908,617,1116
212: 
213: 1164,1158,317,207,224,2,1124,949,1415,1948,895,431,1140,109,1443
214: 794,1275,129,1150,333,943,1370,998,1553,1905,1072,1564,1108,97
215: 699,216,1878,1870,348,272,269,1195,1390,1027,1989,217,388,828,455,1826
216: 699,1878,1870,348,272,269,1195,1390,982,1027,215,1989,217,388,828,455,1826
217: 216,1878,1870,348,269,1195,215,1989,388,828,455,1826
218: 
219: 1977,191,1978
220: 1986,1665,642,1787,46,927,997,760,1109,595,1007,1488,1609,541
221: 1626,1185,54,1219,33,1087,1281,1583
222: 1458,205,1633,1327,937,321,1043,458,634,86,983
223: 126,403,1902,371,1368,1044,94,1032
224: 1164,1158,213,317,207,2,1124,949,1415,1948,895,431,109,1443
225: 514,772,1953,1513,39,336,1670,377,470
226: 340,293,152,485
227: 1517,45,935,401,2018,1345,1089,95
228: 824,741,746,2016,1975,989,876,1983,524,761,1008,1941,1736
229: 687,1373,833,1882,1914,1766,1175,1938,1263,1030
230: 491,414,154,787,1366,107,522,1833,1762,285,1733
231: 704,156,1354,4,313,149,1757,1880,296,1276,1729,1138,827
232: 
233: 1675,802
234: 291,969,442,973,603,1376,1698,1237,614
235: 1135,1879,602,0
236: 1060,966,979,763,1852,1161,822,55,1890,1956,185,1781
237: 
238: 1460,1151,1148,2009,292,1104,24,12,1834,1527,1188,1159,1719,276,648,141,1440,1718,488
239: 1165,2006,1230,544,302,1883,749,1315,365,44,395,1872,1661,1793,1519,1503,872,1540,1107,318,1795
240: 1516,607,805,1885,383,1020,1727,294,565
241: 468,1196,1469,1477,61,1342,1375,1018,10,1331,573,1717,818
242: 691,569,665,68,1229,175,1501
243: 631,2004,347,972,1557,1512,1621,252,168,1900,1021,1478,56,1774,1070,1836,83,405,1506,1649,1797,737,531,89,1040,697,1599,1468,1714,1725,724,748
244: 100,1411,710,1710,75,653,519,1496,894,773,337,1694,1847,1823,1403
245: 1923,1122,679
246: 1479,1584
247: 860,437,1304,287,1862,145,801,1520,1216,9,1744,1078,558,1100,843
248: 594,260,1126,784,1614,520,504,1824,1895,1773,911
249: 921,715,187,1647,351,1480,1335,1432,135,1144,50,1061,1763,783,1379,1155,1421,1042
250: 301,502,1252,209,577,625,866,70,542,1334,1399,830,1283,624
251: 905,857,1362,855,1493,1288,1696,1537,443,1450,762,1522,1650,1046,813,202,1302,1330,274,852,1629,1708
252: 631,2004,347,972,1557,1512,1621,168,1900,1021,1478,56,1774,1070,1836,83,405,1506,1649,1797,737,531,89,1040,697,1599,1468,1714,1725,243,724,748
253: 124,396,951,1524,893,1829,1022
254: 76,1615,736
255: 1437,165,1321,256,1317,1935,1407,1369,1115,324,409,325
256: 255,636,1437,165,1321,1317,1935,1407,1115,324,325
257: 912,1783,16,1601,1715,391,509,1293,1461,1677,1663,588
258: 
259: 
260: 594,248,1126,784,1614,520,504,1824,1895,1773,911
261: 
262: 1037,143,1389,1494,1278,2003,530,955,1687,1459,211,908,617,1116
263: 482,1197,1666,733,839,1132,1099
264: 88,105,163,1406,487,93,304,638,1648,103
1998: 481,1814,1679
266: 410,310,1942,907,399,370,1606,84,1982
267: 477,1743,1644,1243,1620,490,1428,1320,1439,1737
268: 445,954,1642,1531,1225,1761,1958,779,1604,1812
269: 699,216,1878,1870,348,272,1195,1390,982,1027,215,1989,217,388,828,455,1826
270: 1314,387,1402,349,836,467,1329,430,829,1101,887,901,1893,1416,747,1992,604
271: 
272: 699,216,1878,1870,348,269,1390,982,1027,215,1989,388,828,455,1826
273: 1398,353,2001,1433,1871,883,1050,92,1996,36
274: 905,857,1362,855,1493,1288,1696,1537,443,1450,762,1522,1650,251,1046,813,202,1302,993,1330,852,1629,1708
275: 1002,1602,1765,511,1052,345,1593,316,206,358,964,1322
276: 238,1460,1151,1148,2009,292,1104,24,12,1834,1527,1188,1159,1719,648,141,1440,1718,488
2010: 394,1189,1413,671,1660
278: 1326,1082,1892,142,368,1786,1576,2000,91,533
279: 1587,307,1760,147,77,1182,835
280: 1585,868
281: 1530,1035,1419,335,654,1957,1950,326,728,1637,1582,545,1785
2011: 1063,460,1091,417,832,1581,136,1828,1311,1926,849,119,623,180,508
283: 1258,131,402
284: 800,620,1703,1740,517,315,132,1131,30,73
285: 491,414,154,787,1366,230,107,522,1833,1762,1733
286: 
287: 860,437,1304,1862,145,801,247,1520,1216,9,1744,1078,558,1100,843
288: 1319,305,708,647,677,392,1639,1134
289: 636,1437,165,1321,1317,1935,1407,1369,1115,409,1123,325
290: 
291: 234,969,442,973,603,1376,1698,1237,614
292: 238,1460,1151,1148,2009,1104,24,12,1834,1527,1188,1159,1719,276,648,141,1440,1718,488
293: 340,152,485,226
294: 383,1727,565,1516,607,240,805
295: 776,312,1090,47,850
296: 1880,1198,1276,1729,1138,827,231,704,156,1354,4,313,149,1757
297: 369,486,1208,1121,499,664,586,685,797
298: 1245,1391
299: 1462,1297,877,1142,1884
300: 1850,1577
301: 502,1252,250,209,577,625,866,70,542,1399,830,624
302: 1165,2006,1230,544,1883,749,1315,365,44,395,1872,1661,1793,1519,1503,239,872,1540,1107,318,1795
303: 539,58,1502,422,909,727,557,1217
304: 88,105,163,1406,487,93,264,638,1648,103
305: 288,1319,708,647,677,392,1639,1134
306: 
307: 1587,1760,147,77,279,1182,835
308: 938,596
309: 1612,1819,41,1347,563,375,483,686,1355,846,1799
310: 410,1942,907,399,370,266,1606,84,1982
311: 1356,1999,714,1860,592,676,74,1674,314,730,1073,72,160,1358,1678,1759,999
312: 342,776,295,47
313: 156,1354,4,149,231,704,1757,1880,296,1198,1276,1729,1138,827
314: 311,1356,1999,714,1860,592,676,74,1674,730,1073,1896,1578,72,160,1358,1678,1759,999
315: 800,620,1703,1740,517,132,1131,30,1538,73,284
316: 1002,275,1602,1765,511,1052,345,1593,206,358,964,1322,725
317: 1164,1158,213,207,224,2,1124,949,1415,1948,895,431,1140,109,1443
318: 1165,2006,1230,544,302,1883,749,1315,365,44,395,1872,1661,1793,1519,1503,239,872,1540,1107,1795
319: 
320: 1257,1532,1595
321: 1458,205,1633,1327,937,222,1043,458,634,86,983
322: 930,1041
323: 941,162,711,1361,682
324: 255,636,1437,165,1321,256,1317,1935,1407,1369,1115,409,1123,325
325: 255,636,1437,165,1321,256,1317,1935,1407,1369,1115,324,409,1123,289
326: 1530,1035,1419,335,1691,654,1957,1950,728,1637,281,1582,545,1785
327: 1809,1387,1643,777,1495,561,1925,1545,785,675,1586,1465
328: 1580,990,1171,1221,984,1339,1234,1075,104,803,1988,723,713,1095,1877,1324,1074,1640,1015
329: 454,1813,446,34,1830,1589,444,952,861,820,589,1226,632,945,1323,1065,1572,133,821,1899,1775,616,645
330: 
331: 176,2005,881,934,1889,851,579
332: 1962,69,32,967
333: 794,1275,214,129,1150,943,1370,998,1553,1905,1072,1564,1108,97
334: 1915,970,661,865,1349,1222,1120,649,915,1028,874,1851
335: 1530,1035,1419,1691,654,1957,1950,326,728,1637,281,1582,545,1785
336: 514,772,225,1953,1513,39,1670,377,470
337: 1710,75,653,519,1496,894,773,1694,1847,1823,1403,244,100,1411,710
338: 
339: 
340: 293,152,485,226
341: 1218,581,1544,96,1690,1709,1770,743,1841,1248,672,1596,1641
342: 776,312
343: 153,1001,64,20,753,1597,2008,1939,1559
344: 1169,1290,1931
345: 1002,275,1602,1765,511,1052,1593,316,206,358,964,1322,725
346: 1261,819,155,681,875
347: 631,2004,972,1557,1512,1621,252,168,1900,1021,1478,56,1774,1070,1836,83,405,1506,1649,1797,737,531,89,1040,697,1599,1468,1714,1725,243,724,748
348: 699,216,1878,1870,272,269,1195,1390,982,1027,215,1989,217,388,828,455,1826
349: 1314,387,1402,836,467,1329,270,430,829,1101,887,901,1893,1416,747,1992,604
350: 891,716,428,1444,919,578,189,1352
351: 921,715,187,1647,1480,1335,1432,135,1144,50,249,1061,1763,783,1379,1155,1421,1042
352: 886,1927,379,1054,385,1363,170,1750,1622,786,1536,130
353: 2001,1433,273,1871,883,1050,1996,36
354: 
355: 1146,1454,556,826,825,1176,1608,1702,674
356: 
357: 1374,1420,106,1881,2002,1233,1529,201,1652,1555,1211,652,1959,947,513,1749,1220,550,1539
358: 964,1002,275,1602,1765,511,1052,345,1593,316,206,1322,725
359: 1348,60,1591,1204
360: 27,122
361: 1514,1720,782,81,611,1255,200,1634,435
362: 923,1300,1111,1417,1575,1886,1312,1025,208,1484,618
363: 1422,1619,478,1734,1769,1409,1754,906,1898
364: 580,1199,1919,2014,1013,1521,1341,1031,709
365: 1165,2006,1230,544,302,1883,749,1315,44,395,1872,1661,1793,1519,1503,239,872,1540,1107,318,1795
366: 126,1846,1344,403,1902,371,1368,1044,94,1032
367: 1059,902,1825,464,527,940,1110,374,781,712,924,615,1026,98,754,1049,1498,484,1380,65,1491,1782
368: 1892,142,1786,1576,2000,91,533,1326,278,1082
369: 486,1208,1121,499,664,586,685,297,797
370: 410,310,1942,907,399,266,1606,84,1982
371: 126,1846,1344,366,403,1902,223,1368,1044,94,1032
372: 397,758,1748,1792,551,1588,1928,867
1988: 1171,1221,984,1339,1234,1075,104,803,723,713,1095,1877,1324,1074,1640,1015,1580,990,328
374: 367,1059,902,1825,464,527,940,1110,781,712,924,615,1026,98,754,1049,1498,484,1380,65,1491,1782
375: 1612,1819,41,1347,563,309,483,686,1355,846,1799
376: 994,1632,768,1944,1353,837,1574,770,1282,693,1767
377: 514,772,225,1953,1513,39,336,1670,470
378: 
379: 886,352,1927,1054,385,1363,170,1750,1622,786,1536,130
380: 1755,1119,1894,810,125,534,1861,1295,1654,1445
381: 
382: 1567,1508,1024,566,978,1224
383: 1885,1020,1727,294,565,1516,607,240,805
384: 1591,1204,60
385: 352,1927,379,1054,1363,170,1750,1622,786,1536,130
386: 204,639
387: 1314,1402,349,836,467,1329,270,430,829,1101,887,901,1893,1416,747,1992,604
388: 699,216,1878,1870,348,272,269,1195,1390,982,1027,215,1989,217,828,455,1826
389: 167,570,706,1427,538,1838,53,1246,991,1064,1385,1528,690
390: 
391: 257,912,1783,16,1601,1715,509,1293,1461,1677,1663,588
392: 288,1319,305,708,647,677,1639,1134
393: 1937
394: 2010,1189,1413,671,1660
395: 1165,2006,1230,544,302,1883,749,1315,365,44,1872,1661,1793,1519,1503,239,872,1540,1107,318,1795
396: 124,253,951,1524,893,1829,110,1022
397: 758,1748,1792,551,1588,1928,372,867
398: 2012,1947,644,78,469,814,1429,1485,1997,1393,1256,719
399: 410,310,1942,907,370,266,1606,84,1982
400: 1284,913,948,138,1340,1945,480,1006,1561,1180,59,790,1307
401: 1517,227,45,935,2018,1345,1089,95
402: 1258,283,131
403: 126,1846,1344,366,1902,223,371,1368,1044,94,1032
404: 691,569,665,68,1229,175
405: 631,2004,347,972,1557,1512,1621,252,168,1900,1021,1478,56,1774,1070,1836,83,1506,1649,1797,737,531,89,1040,697,1599,1468,1714,1725,243,724,748
406: 1241,18,1685,765,1238,692,448,1003,1177,646,1560,1112,926
407: 1296
408: 
409: 255,636,1437,165,1321,1317,1935,1407,1369,1115,324,1123,325,289
410: 310,1942,907,399,370,266,1606,84,1982
411: 1446
412: 
413: 669,871,1160,1607,1184,1849
414: 491,154,787,1366,230,107,522,1833,1762,285,1733
415: 
416: 
417: 1063,460,1091,832,2011,1581,136,1828,1311,1926,849,119,623,180,508
418: 
419: 184,471
420: 1404,492
421: 1487,123,549,1325,1418,553
422: 909,727,557,1217,303,539,58,1502
423: 1268,501
424: 788,1303,808,1244,1017,897,1955,26,957,172,5,1909,1874
425: 1271
426: 
427: 701,1170
428: 891,716,1444,919,350,578,189,1352
429: 1960
430: 1314,387,1402,349,836,467,1329,270,829,1101,887,901,1893,1416,747,1992,604
431: 1124,949,1415,1948,895,1140,109,1443,1164,1158,213,317,207,224,2
432: 
433: 
434: 
435: 1255,200,1634,1514,361,1720,782,81,611
436: 1125,113,516,590,1570,7,1201
437: 860,1304,287,1862,145,801,247,1520,1216,9,1744,1078,558,1100,843
438: 1351,2015,521,108,1359,1747,582,613,870,1149,1565,1724,456,1954,1753,1249
439: 641,986,1543,1533,1332,1254,1011,1842,689,1388
440: 1010,838,892,1486
441: 1079,479,62,67,1507,1573,889,755
442: 234,291,969,973,603,1376,1698,1237,614
443: 905,738,857,1362,855,1493,1288,1696,1537,1450,762,1522,1650,251,1046,813,202,1302,993,1330,274,852,1629,1708
444: 454,1813,446,34,666,1830,1589,952,861,820,589,1226,632,329,945,1323,1065,1572,133,821,1899,1775,616,645
445: 268,954,1642,1531,1225,1761,1958,779,1604,1812
446: 454,1813,34,666,1830,1589,444,952,861,820,589,1226,632,329,945,1323,1065,1572,133,821,1899,1775,616,645
447: 987,1228,40,806,1316,1738,525
448: 1241,18,1685,765,1238,692,1003,1177,646,1560,1112,406,926
449: 
450: 31,2007,1712,1853,1701,1410,1546,791
451: 
452: 
453: 188,1057,971,1979,1441,1298,43,869,42
454: 1813,446,666,1830,1589,444,952,861,820,589,1226,632,329,945,1323,1065,1572,133,821,1899,1775,616,645
455: 699,216,1878,1870,348,272,269,1195,1390,982,215,1989,217,388,828,1826
456: 1351,2015,521,108,1359,1747,438,582,613,870,1149,1565,1724,1954,1753,1249
457: 503,1716
458: 1458,205,1633,1327,937,321,222,1043,634,86,983
459: 52,658,1476,1483,1672,102,1071,25
460: 1063,1091,417,832,2011,1581,136,1828,1311,1926,849,119,623,180,508
461: 1067,1985,1920,1780,873,1207,1605,953,662,1378,1631
462: 
463: 210,1735,57
464: 367,1059,902,1825,527,940,1110,374,781,712,924,615,1026,98,754,1049,1498,484,1380,65,1491,1782
465: 
466: 181,657,731,35,1364,1936,888,1598,1796,605,1821,1464,740,1239,1673,1173
467: 1314,387,1402,349,836,1329,270,430,829,1101,887,901,1893,1416,747,1992,604
468: 1469,1477,61,1342,1375,1018,10,241,1331,573,1717
469: 2012,1947,644,78,814,1429,1485,1997,1256,398,719
470: 514,772,225,1953,1513,39,336,1670,377
471: 184,419
472: 
473: 
474: 
475: 
2016: 824,741,746,1975,989,876,228,1983,524,761,1008,1941,1736
477: 1644,267,1840,1243,1620,490,1428,1320,1439,1737
478: 1422,1734,1769,1409,1754,906,1898,363
479: 441,1079,62,67,1507,1573,889,755
480: 1284,913,948,138,1340,1945,1006,1561,1180,400,59,790,1307
481: 1998,1814,1679
482: 1197,1666,733,839,263,1132,1099
483: 1612,1819,41,1347,563,375,309,686,1355,846,1799
484: 367,1059,902,1825,464,527,940,1110,374,781,712,924,615,1026,98,754,1049,1498,1380,65,1491,1782
485: 340,293,152,226
486: 369,1208,1121,499,664,586,685,297,797
487: 88,105,163,1406,93,264,304,638,1648,103
488: 238,1460,1151,1148,2009,292,1104,24,12,1834,1527,1188,1159,1719,276,648,141,1440,1718
489: 552
490: 477,1743,1644,267,1243,1620,1428,1320,1439,1737
491: 414,154,787,1366,230,107,522,1833,1762,285,1733
492: 420,1404
493: 1154,1004
494: 1550,1289,1463,880,841,1205,774,182
1995: 931,507,1510,1969,643,1436,1442,151,1526,1371,621,1473,1080,1697,1034,1482
496: 
497: 
498: 1077
499: 369,486,1208,1121,664,586,685,297,797
500: 1343,197,1798,1438,1377
501: 423,1268
502: 301,1252,250,209,577,625,866,70,542,1334,1399,830,1283,624
503: 457,1716
504: 594,260,248,1126,784,1614,520,1824,1895,1773,911
505: 1139,1019,1628,1807,859,1338,593
506: 1730
507: 931,1510,1969,885,1995,1408,643,1436,1442,151,1526,1371,621,1473,1080,1697,1034,1482
508: 1063,460,1091,417,832,2011,1581,136,1828,1311,1926,849,119,623,180
509: 257,912,1783,16,1601,1715,391,1293,1461,1677,1663,588
510: 
511: 1002,275,1602,1765,1052,345,1593,316,206,358,964,1322,725
512: 174,1168,1745,1145,1005,910,1590,1435
513: 1374,1420,106,2002,1233,1529,1652,1555,357,1211,652,1959,947,1749,1220,550,1539
514: 772,225,1953,39,336,1670,377,470
515: 
516: 1125,113,590,1570,436,7,1201
517: 800,620,1703,1740,315,132,1131,30,1538,73,284
518: 939,1911,904,932,707,1808,1394,1474,600
519: 1710,75,653,1496,894,773,337,1694,1847,1823,1403,244,100,1411,710
520: 594,260,248,1126,784,1614,504,1824,1895,1773,911
521: 1351,2015,108,1359,1747,438,582,613,870,1149,1565,1724,456,1954,1753,1249
522: 491,414,154,787,1366,230,107,1833,1762,285,1733
523: 890,575,1904,1045,1967,1266,1130,1624,597,718
524: 824,741,746,2016,1975,989,876,228,1983,761,1008,1941,1736
525: 1316,1738,987,447,1228,40,806
526: 
527: 367,1059,902,1825,464,940,1110,374,781,712,924,615,1026,98,754,1049,1498,484,1380,65,1491,1782
528: 574,1191
529: 
530: 1037,143,1389,1278,2003,955,1687,262,1459,211,908,617,1116
531: 631,2004,347,972,1557,1512,1621,252,168,1900,1021,1478,56,1774,1070,1836,83,405,1506,1649,1797,737,89,1040,697,1599,1468,1714,1725,243,724,748
1979: 188,1057,971,1441,1298,43,453,869
533: 1892,142,368,1786,1576,2000,91,1326,278,1082
534: 1755,1119,380,1894,810,125,1861,1295,1445
535: 1922,1194
536: 1187
537: 
538: 167,570,706,1427,1838,53,389,1246,991,1064,1385,1528
539: 303,58,422,909,557,1217
1975: 824,741,746,2016,989,876,228,1983,524,761,1008,1941,1736
541: 1488,1609,1986,220,1665,642,1787,46,927,997,760,1109,595,1007
542: 301,502,1252,250,209,577,625,866,70,1334,1399,830,1283,624
543: 
544: 1165,2006,1230,302,1883,749,1315,365,44,395,1872,1661,1793,1519,1503,239,872,1540,1107,318,1795
545: 1530,1035,1419,335,1691,654,1957,1950,326,728,1637,281,1582,1785
2005: 176,331,881,934,1889,851,579
1962: 853,69,32,967,332
548: 
549: 1487,421,123,1325,1418,553
550: 1374,1420,106,1881,2002,1233,1529,201,1652,1555,357,1211,652,1959,947,513,1749,1220,1539
551: 397,758,1748,1792,1588,1928,372,867
552: 489
553: 1487,421,123,549,1325,1418
554: 960,1117
555: 
556: 1146,1454,826,355,825,1176,1608,1702,674
557: 422,909,727,1217,303,539,58,1502
558: 860,437,1304,287,1862,145,801,247,1520,1216,9,1078,1100,843
559: 
560: 1789,1136,694,599,1801,1689,1964,118,1105,146,1764
561: 1809,327,1643,777,1495,1545,785,1586,1465
562: 1262
563: 1612,1819,41,1347,375,309,483,846,1799
564: 
565: 1885,383,1020,1727,294,1516,607,240,805
566: 1567,1508,1024,978,382,1224
567: 
568: 199,1542,1033,1987
569: 242,691,665,68,1229,404,175,1501
570: 167,706,1427,538,1838,53,389,1246,991,1064,1385,1528,690
571: 767,71,1014,612,1617,1181,1424,1448,1600
572: 
573: 468,1196,1469,1477,61,1342,1375,1018,10,241,1331,1717,818
574: 528,1191
575: 890,1904,1994,1045,1967,1266,1130,1624,523,597,718
576: 1817,8
577: 301,502,1252,250,209,625,866,70,542,1334,1399,830,1283,624
578: 891,716,428,1444,919,350,189,1352
579: 176,331,2005,881,934,1889,851
580: 1199,1919,2014,364,1013,1521,1341,1031,709
581: 341,1218,1544,96,1690,1709,1770,743,1841,1248,672,1596,1641
582: 1351,2015,521,108,1359,1747,438,613,870,1149,1565,1724,456,1954,1753,1249
583: 2013,178,1746,670,1029,1210,1901,1039,1299,1695
584: 739,1456,1162,111
585: 1141,854,1274,1891,1897,1183,1103
586: 369,486,1208,1121,499,664,685,297,797
587: 1367,82,673,1153,1259,1472,1657,1845
588: 257,912,1783,16,1601,1715,391,509,1293,1461,1677,1663
589: 454,1813,446,34,666,1830,1589,444,952,861,820,1226,632,329,945,1323,1065,1572,133,821,1899,1775,616,645
590: 1125,113,516,1570,436,7,1201
591: 705,610,1635
592: 311,1356,1999,714,1860,676,74,1674,314,730,1073,1896,72,160,1358,1678,1759,999
593: 1139,1019,1628,505,1807,859,1338
594: 260,248,1126,784,520,504,1824,1895,1773,911
595: 1986,220,1665,642,1787,46,927,997,760,1109,1007,1488,1609,541
596: 938,308
597: 890,575,1904,1994,1045,1967,1266,1130,1624,523,718
598: 1917,1396,1357,1790,920
599: 1789,560,1136,694,1801,1689,1964,118,1105,146,1764
600: 1808,1394,1474,939,1911,518,904,932,707
601: 
602: 1135,1879,0,235
603: 973,1376,1698,1237,614,234,291,969,442
604: 1314,387,1402,349,836,467,1329,270,430,829,1101,887,901,1893,1416,747,1992
605: 181,657,731,466,35,1364,1936,888,1598,1796,1821,1464,740,1239,1673,1173
606: 11,1815,1741,1386,1728,1625,1395
607: 1516,240,805,383,1020,1727,294,565
1954: 1351,2015,521,108,1359,1747,438,582,613,870,1149,1565,1724,456,1753,1249
609: 
610: 705,591,1635
611: 1514,361,1720,782,81,1255,200,1634,435
612: 767,71,1014,1617,1181,1424,571,1448,1600
613: 1351,2015,521,108,1359,1747,438,582,870,1149,1565,456,1954,1753,1249
614: 973,603,1376,1698,1237,234,291,969,442
615: 367,1059,902,1825,464,527,940,1110,374,781,712,924,1026,98,754,1049,1498,484,1380,65,1491,1782
616: 454,1813,446,34,1830,1589,444,952,861,820,589,1226,632,329,945,1323,1065,1572,133,821,1775,645
617: 1037,143,1389,1494,1278,2003,530,955,1687,262,1459,211,908,1116
618: 1886,1312,1025,208,1484,923,1300,1111,1417,1575,362
619: 
620: 800,1703,1740,517,315,132,1131,30,1538,73,284
621: 931,507,1510,1969,885,1995,1408,643,1436,1442,151,1526,1371,1473,1080,1697,1034,1482
1956: 1060,966,979,763,1852,1161,1118,236,822,55,1890,185,1781
623: 1063,460,1091,417,832,2011,1581,136,1828,1311,1926,849,119,180,508
624: 301,502,1252,250,209,577,625,866,70,542,1334,1399,830,1283
625: 301,502,1252,250,209,577,866,70,542,1334,1399,830,1283,624
626: 864,28
627: 
628: 
629: 
630: 809,6,958,150
631: 2004,347,972,1557,1512,1621,252,168,1900,1021,1478,56,1774,1070,1836,83,405,1506,1649,1797,737,531,89,1040,697,1599,1468,1714,1725,243,724,748
632: 454,1813,446,34,666,1830,1589,444,952,861,820,589,1226,329,945,1323,1065,1572,133,821,1899,1775,616,645
1961: 
634: 1458,205,1633,1327,937,321,222,1043,458,86,983
635: 1810,759,1336
636: 1437,165,1321,256,1317,1935,1407,1369,1115,324,409,1123,325,289
637: 
638: 88,105,163,1406,487,93,264,304,1648,103
639: 204,386
640: 
641: 439,986,1533,1332,1011,1842,689,1388
642: 1986,220,1665,1787,46,927,997,760,1109,595,1007,1488,1609,541
643: 931,507,1510,1969,885,1995,1408,1436,1442,151,1526,1371,621,1473,1080,1697,1034,1482
644: 2012,1947,78,469,814,1429,1485,1997,1393,1256,398,719
645: 454,1813,446,34,666,1830,1589,444,952,861,820,589,1226,632,329,945,1323,1065,1572,133,821,1899,1775,616
646: 18,1685,765,1238,692,448,1003,1177,1560,1112,406,926
647: 288,1319,305,708,677,392,1639,1134
648: 238,1460,1151,1148,2009,292,1104,24,12,1834,1527,1188,1159,1719,276,141,1440,1718,488
649: 1915,970,661,334,865,1349,1222,1120,915,1028,874,1851
1992: 1314,387,1402,349,836,467,1329,270,430,829,1101,887,901,1893,1416,747,604
651: 
652: 1374,1420,106,1881,2002,1233,1529,201,1652,1555,357,1211,1959,947,513,1749,1220,550,1539
653: 1710,75,519,1496,894,773,337,1694,1847,1823,1403,244,100,1411,710
654: 1530,1035,1419,335,1691,1957,1950,326,728,1637,281,1582,545,1785
655: 1856,1264,1430,729,917,1094,925,1742,29,1227,944,1806,1346
656: 1277,1778,1515,1972
657: 181,731,466,35,1364,1936,888,1598,1796,605,1821,1464,740,1239,1673,1173
658: 52,1476,459,1483,1672,102,1071,25
659: 
660: 
661: 1915,970,334,865,1349,1222,1120,649,915,1028,874,1851
662: 1067,1985,1920,1780,461,873,1207,1605,953,1848,1378,1631
663: 
664: 369,486,1121,499,586,685,297,797
665: 242,691,569,1229,404,175
666: 454,1813,446,1830,1589,444,952,861,820,589,1226,632,945,1323,1065,1572,133,821,1899,1775,645
667: 
668: 
669: 871,1160,1607,1184,413,1849
670: 2013,178,1746,1029,1210,583,1901,1039,1299,1695
671: 394,2010,1189,1413,1660
672: 341,1218,581,1544,96,1690,1709,1770,743,1841,1596,1641
673: 82,1153,1259,1472,1657,1845,587,1367
674: 1146,1454,556,355,825,1176,1608,1702
675: 1809,1387,327,1643,777,1495,1925,1545,785,1586,1465
676: 311,1356,1999,714,1860,592,74,1674,314,730,1073,1896,1578,72,160,1358,1678,1759,999
677: 288,1319,305,708,647,392,1639,1134
678: 
679: 1923,1122,245
680: 
681: 1261,819,155,346,875
682: 941,162,323,711
2007: 31,1712,1853,1701,1410,450,1546,791
684: 
685: 369,486,1208,1121,499,664,586,297,797
686: 1355,846,1799,1612,1819,41,1347,375,309,483
687: 1373,833,1882,1914,1766,1175,229,1938,1263,1030
688: 
689: 986,1533,1332,1011,1388,641,439
690: 1385,1528,167,570,706,1427,1838,389,1246,991,1064
691: 242,569,665,68,1229,404,175,1501
692: 1241,18,1685,765,1238,448,1003,1177,646,1560,1112,406,926
693: 1353,837,1574,770,1282,376,994,1632,768,1944,1767
694: 1789,560,1136,599,1801,1689,1964,118,1105,146,1764
695: 1235,1794,1328,1803,734,63,1875,1804
696: 
697: 631,2004,347,972,1557,1512,1621,252,168,1900,1021,1478,56,1774,1070,1836,83,405,1506,1649,1797,737,531,89,1040,1599,1468,1714,1725,243,724,748
1980: 
699: 216,1878,1870,348,272,269,1195,1390,982,1027,215,1989,388,828,455,1826
700: 1223
701: 427,1170
702: 
2006: 1165,1230,544,302,1883,749,1315,365,44,395,1872,1661,1793,1519,1503,239,872,1540,1107,318,1795
704: 231,156,1354,4,313,149,1757,296,1276,1729,1138,827
705: 591,610,1635
706: 167,570,1427,538,1838,53,389,1246,991,1064,1385,1528,690
707: 939,1911,518,904,932,1808,1394,1474,600
708: 288,1319,305,647,677,392,1639,1134
709: 580,1199,1919,2014,364,1013,1521,1341,1031
710: 244,100,1411,1710,75,653,519,1496,894,773,337,1694,1847,1823,1403
711: 941,162,323,1361,682
712: 367,1059,902,1825,464,527,940,1110,374,781,924,615,1026,98,754,1049,1498,484,1380,65,1491,1782
713: 1171,1221,984,1339,1234,1075,104,803,1988,723,1095,1877,1324,1074,1640,1015,1580,990,328
714: 311,1356,1999,1860,592,676,74,1674,314,730,1073,1896,1578,72,160,1358,1678,1759,999
715: 921,187,1647,351,1480,1335,135,1144,50,249,1061,1763,783,1379,1155,1421,1042
716: 891,428,1444,919,1520,9,350,578,189,1352
2015: 1351,521,108,1359,1747,438,582,613,870,1149,1565,1724,456,1954,1753,1249
718: 890,575,1904,1994,1045,1967,1266,1130,1624,523,597
719: 2012,1947,644,78,469,814,1429,1485,1997,1393,1256,398
720: 847
721: 
722: 
723: 1171,1221,984,1339,1234,1075,104,803,1988,713,1095,1877,1324,1074,1640,1015,1580,990,328
724: 631,2004,347,972,1557,1512,1621,252,168,1900,1021,1478,56,1774,1070,1836,83,405,1506,1649,1797,737,531,89,1040,697,1599,1468,1714,1725,243,748
725: 1322,358,964,1002,1602,1765,511,1052,345,316,206
726: 884,1193
727: 422,909,557,1217,303,58,1502
728: 1530,1035,1419,335,1691,654,1957,1950,326,1637,281,1582,545,1785
729: 1856,655,1264,1430,917,1094,925,1742,29,1227,944,1806,1346
730: 1073,1896,1578,72,160,1358,1678,1759,999,311,1356,1999,714,1860,592,676,74,1674,314
731: 181,657,466,35,1364,1936,888,1598,1796,605,1821,1464,740,1239,1673,1173
732: 1038
733: 482,1197,1666,839,263,1132,1099
734: 1235,1794,1328,695,1803,63,1875,1804
735: 
736: 76,254,1615
737: 631,2004,347,972,1557,1512,1621,252,168,1900,1021,1478,56,1774,1070,1836,83,405,1506,1649,1797,531,89,1040,697,1599,1468,1714,1725,243,724,748
738: 905,857,1362,855,1288,1696,1537,443,1450,762,1522,1046,813,202,1302,993,1330,852,1629,1708
739: 1456,584,1162,111
740: 181,657,731,466,35,1364,1936,888,1598,1796,605,1821,1464,1239,1673,1173
741: 824,746,2016,1975,989,876,228,1983,524,761,1008,1941,1736
2003: 1037,143,1389,1494,1278,530,955,1687,262,1459,211,908,617,1116
743: 341,1218,581,1544,96,1690,1709,1770,1841,1248,672,1596,1641
744: 
745: 1423,1056,1991,1541,79,1779
746: 824,741,2016,1975,989,876,228,1983,524,761,1008,1941,1736
747: 1314,387,1402,349,836,467,1329,270,430,829,1101,887,901,1893,1416,1992,604
748: 631,2004,347,972,1557,1512,1621,252,168,1900,1021,1478,56,1774,1070,1836,83,405,1506,1649,1797,737,531,89,1040,697,1599,1468,1714,1725,243,724
749: 1165,2006,544,302,1883,1315,365,44,395,1872,1793,1519,1503,239,872,1540,1107,318,1795
750: 
751: 
752: 
753: 1597,2008,1939,1559,153,1001,343,64,20
754: 367,1059,902,1825,464,527,940,1110,374,781,712,924,615,1026,98,1049,1498,484,1380,65,1491,1782
755: 441,1079,479,62,67,1507,1573,889
756: 1577
757: 995
758: 397,1748,1792,551,1588,1928,372,867
759: 1810,1292,635,1336
760: 1986,220,1665,642,1787,46,927,997,1109,595,1007,1488,1609,541
761: 824,741,746,2016,1975,989,876,228,1983,524,1008,1941,1736
762: 905,738,857,1362,855,1493,1288,1696,1537,443,1450,1522,1650,251,1046,813,202,1302,993,1330,274,852,1629,1708
763: 1060,966,979,1852,1161,1118,236,822,55,1890,1956,185,1781
764: 1365,996,2019,13,1452,2017,140,918
765: 1241,18,1685,1238,692,448,1003,1177,646,1560,1112,406,926
1977: 219,191,1978
767: 71,612,1617,1424,571,1600
768: 376,994,1632,1944,1353,837,1574,770,1282,693,1767
769: 
770: 1353,837,1574,1282,693,376,994,1632,768,1944,1767
771: 856,1924,1623,1855,1447,1887,1721
772: 514,225,1953,1513,39,336,1670,377,470
773: 1710,75,653,519,1496,894,337,1694,1847,1823,1403,244,100,1411,710
774: 1550,1289,1463,880,494,841,1205,182
2019: 764,1365,996,13,1452,2017,140,918
776: 342,295,312,1090,47,850
777: 1809,1387,327,1643,1495,561,1925,1545,785,675,1586,1465
778: 
779: 445,268,954,1642,1531,1225,1761,1958,1604,1812
780: 1076,1873,793
781: 367,1059,902,1825,464,527,940,1110,374,712,924,615,1026,98,754,1049,1498,484,1380,65,1491,1782
782: 1514,361,1720,81,611,1255,200,1634,435
783: 921,715,187,1647,351,1480,1335,1432,135,1144,50,249,1061,1763,1379,1155,1421,1042
784: 594,260,248,1126,1614,520,504,1824,1895,1773,911
785: 1809,1387,327,1643,777,1495,561,1925,1545,675,1586,1465
786: 1750,1622,1536,130,170,886,352,1927,379,1054,385,1363
787: 491,414,154,1366,230,107,522,1833,1762,285,1733
788: 1303,1244,1017,897,1955,26,424,957,172,5,1874
2017: 764,1365,996,2019,13,1452,140,918
790: 913,948,138,1340,1945,480,1006,1561,1180,400,59,1307
791: 31,2007,1712,1853,1701,1410,450,1546
792: 
793: 780,1076,1873
794: 1275,214,129,1150,333,943,1370,998,1553,1905,1072,1564,1108,97
795: 
796: 
797: 369,486,1208,1121,499,664,586,685,297
798: 
799: 
800: 620,1703,1740,517,315,132,1131,30,1538,73,284
801: 860,437,1304,287,1862,145,247,1520,1216,9,1744,1078,558,1100,843
802: 1675,233
803: 1171,1221,984,1339,1234,1075,104,1988,723,713,1095,1877,1324,1074,1640,1015,1580,990,328
804: 
805: 1516,607,240,1885,383,1020,1727,294,565
806: 447,1228,40,1316,1738,525
807: 
808: 1303,1244,1017,897,1955,26,424,957,172,5,1909,1874
809: 6,1088,630,958,150
810: 1755,1119,380,1894,125,534,1861,1295,1654,1445
811: 
812: 
813: 905,738,857,1362,855,1493,1288,1537,443,1450,762,1522,1650,251,1046,202,1302,993,1330,274,852,1629,1708
814: 2012,1947,644,78,469,1429,1485,1997,1393,1256,398,719
815: 
816: 
1989: 699,216,1878,1870,348,272,269,1195,1390,982,1027,215,217,388,828,455,1826
818: 1196,1469,1477,61,1342,10,241,573,1717
819: 1261,155,681,346,875
820: 454,1813,446,34,666,1830,1589,444,952,861,589,1226,632,329,945,1323,1065,1572,133,821,1899,1775,616,645
821: 454,1813,446,34,666,1830,1589,444,952,861,820,589,1226,632,329,945,1323,1065,1572,133,1899,1775,616,645
822: 1060,966,979,763,1852,1161,1118,236,55,1890,1956,185,1781
823: 
824: 741,746,2016,1975,989,876,228,1983,524,761,1008,1941,1736
825: 1146,1454,556,826,355,1176,1608,1702,674
826: 1146,1454,556,355,825,1176,1608,1702
827: 1880,296,1198,1276,1729,1138,231,704,156,1354,4,313,149,1757
828: 699,216,1878,1870,348,272,269,1195,1390,982,1027,215,1989,217,388,455,1826
829: 1314,387,1402,349,836,467,1329,270,430,1101,887,901,1893,1416,747,1992,604
830: 301,502,1252,250,209,577,625,866,70,542,1334,1399,1283,624
831: 968,1951,1832,862,1613,1636
832: 1063,460,1091,417,2011,1581,136,1828,1311,1926,849,119,623,180,508
833: 687,1373,1882,1914,1766,1175,229,1938,1263,1030
834: 
835: 1587,307,1760,147,77,279,1182
836: 1314,387,1402,349,467,1329,270,430,829,1101,887,901,1893,1416,747,1992,604
837: 1353,1574,770,1282,693,376,994,1632,768,1944,1767
838: 440,1010,892,1486
839: 482,1197,1666,733,263,1132,1099
1991: 1423,1056,745,1541,79,1779
841: 1550,1289,1463,880,494,1205,774,182
1996: 1398,353,2001,1433,273,1871,883,1050,92,36
843: 1100,860,437,1304,287,1862,801,247,1520,1216,9,1078,558
2008: 1597,1939,1559,753,153,1001,343,64,20
1997: 2012,1947,644,78,469,814,1429,1485,1393,1256,398,719
846: 1355,686,1799,1612,1819,41,1347,563,375,309,483
847: 720
848: 
849: 1063,460,1091,417,832,2011,1581,136,1828,1311,1926,119,623,180,508
850: 776,295,1090,47
851: 176,331,2005,881,934,1889,579
852: 905,738,857,1362,855,1493,1288,1696,1537,443,1450,762,1522,1650,251,1046,813,202,1302,993,1330,274,1629,1708
853: 1962,69,32,967
854: 1141,1274,1891,585,1897,1183,1103
855: 905,738,857,1362,1493,1288,1696,1537,443,1450,762,1522,1650,251,1046,813,202,1302,993,1330,274,852,1629,1708
856: 771,1924,1623,1855,1447,1887,1721
857: 905,738,1362,855,1493,1288,1696,1537,443,1450,762,1522,1650,251,1046,813,202,1302,993,1330,274,852,1629,1708
1976: 
859: 1139,1019,1628,505,1807,1338,593
860: 437,1304,287,1862,145,801,247,1520,1216,9,1744,1078,558,1100,843
861: 454,1813,446,34,666,1830,1589,444,952,820,589,1226,632,329,945,1323,1065,1572,133,821,1899,1775,616,645
862: 1832,1613,1636,968,1951,831
863: 1686,1301,1287,85,1294,1630
864: 626,28
865: 1915,970,661,334,1349,1222,1120,649,915,1028,874,1851
866: 301,502,1252,250,209,577,625,70,542,1334,1399,830,1283,624
867: 397,758,1748,1792,551,1588,1928,372
868: 280,1585
869: 188,1057,971,1979,1441,1298,43,453,42
870: 1351,2015,521,108,1359,1747,438,582,613,1149,1565,1724,456,1954,1753,1249
871: 669,1160,1607,1184,413,1849
872: 1165,2006,1230,544,302,1883,749,1315,365,44,395,1872,1661,1793,1519,1503,239,1540,1107,318,1795
873: 1067,1985,1920,1780,461,1207,1605,953,1848,662,1378,1631
874: 915,1028,1851,1915,970,661,334,865,1222,1120,649
875: 819,155,681,346
876: 824,741,746,2016,1975,989,228,1983,524,761,1008,1941,1736
877: 1462,299,1297,1142,1884
878: 1525,1705
879: 1174,1000
880: 1550,1289,1463,494,841,1205,774,182
881: 176,331,2005,934,1889,851,579
882: 1083
883: 1398,353,2001,1433,273,1871,1050,92,1996,36
884: 726,1193
885: 931,507,1510,1969,1408,643,1436,1442,151,1526,1371,621,1473,1080,1697,1034,1482
886: 352,1927,379,1054,1363,1750,1622,786,1536,130
887: 1314,387,1402,349,836,467,1329,270,430,829,1101,901,1893,1416,747,1992,604
888: 181,657,731,466,35,1364,1936,1598,1796,605,1464,740,1239,1673,1173
889: 441,1079,479,62,67,1507,1573,755
890: 575,1904,1994,1045,1967,1266,1130,1624,523,597,718
891: 716,428,1444,919,350,578,189,1352
892: 1486,440,1010,838
893: 124,396,253,951,1524,1829,110,1022
894: 1710,75,653,519,1496,773,337,1694,1847,1823,1403,244,100,1411,710
895: 1124,949,1415,1948,431,1140,109,1443,1164,1158,213,317,207,224,2
896: 
897: 788,1303,808,1244,1017,1955,26,424,957,172,5,1909,1874
898: 
899: 
900: 
901: 1314,387,1402,349,836,467,1329,270,430,829,1101,887,1893,1416,747,1992,604
902: 367,1059,1825,464,527,940,374,781,712,924,615,1026,98,754,1049,1498,484,1380,65,1491,1782
903: 
904: 939,1911,518,932,707,1808,1394,1474,600
905: 738,857,1362,855,1493,1288,1696,1537,443,1450,762,1522,1650,251,1046,813,202,1302,993,1330,274,852,1629,1708
906: 1422,1619,478,1734,1769,1409,1754,1898,363
907: 410,310,1942,399,370,266,1606,84,1982
908: 1037,143,1389,1494,1278,2003,530,955,1687,262,1459,211,617
909: 422,727,557,1217,303,539,58,1502
910: 1590,1435,174,512,1145,1005
911: 594,260,248,1126,784,1614,520,504,1824,1895,1773
912: 257,1783,16,1601,1715,391,509,1461,1677,1663,588
913: 948,138,1340,1945,480,1006,1561,1180,400,790,1307
914: 1058,173,1231,196,1805,1651,1554,1481
915: 1028,874,1851,1915,970,661,334,865,1222,1120,649
916: 
917: 1856,655,1264,1430,729,1094,925,1742,29,1227,944,1806,1346
918: 764,1365,996,2019,13,1452,2017,140
919: 891,716,428,1444,350,578,189,1352
920: 1917,1396,1357,1790,598
921: 715,187,1647,351,1480,1335,1432,135,1144,50,249,1061,1763,783,1379,1155,1421,1042
922: 1081,80
923: 1300,1111,1417,1575,362,1886,1312,1025,208,1484,618
924: 367,1059,902,1825,464,527,940,1110,374,781,712,615,1026,98,754,1049,1498,484,1380,65,1491,1782
925: 1856,655,1264,1430,729,917,1094,1742,29,1227,944,1806,1346
926: 1241,18,1685,765,1238,692,448,1003,1177,646,1560,1112,406
927: 1986,220,1665,642,1787,46,997,760,1109,595,1007,1488,1609,541
928: 
1953: 514,772,225,1513,39,336,1670,377,470
930: 322,1041
931: 507,1510,1969,885,1995,1408,643,1436,1442,151,1526,1371,621,1473,1080,1697,1034,1482
932: 939,1911,518,904,707,1808,1394,1474,600
933: 1240,1051
934: 176,331,2005,881,1889,851,579
935: 1517,227,45,401,2018,1345,1089,95
1999: 311,1356,714,1860,592,676,74,1674,314,730,72,160,1358,1678,1759,999
937: 1458,205,1633,1327,321,222,1043,458,634,86,983
938: 596,308
939: 1911,518,904,932,707,1808,1394,1474,600
940: 367,902,1825,464,527,1110,374,781,712,924,615,1026,98,754,1049,1498,484,1380,65,1491,1782
941: 162,323,711,1361,682
942: 1837,117,1827,1867,1265,1285
943: 794,1275,214,129,1150,333,1370,998,1553,1905,1072,1564,1108,97
944: 1856,655,1264,1430,729,917,1094,925,1742,29,1227,1806,1346
945: 454,1813,446,34,666,1830,1589,444,952,861,820,589,1226,632,329,1323,1065,1572,133,821,1899,1775,616,645
946: 
947: 1374,1420,106,1881,2002,1233,1529,201,1652,1555,357,1211,652,1959,513,1749,1220,550,1539
948: 1284,913,138,1340,1945,480,1006,1561,1180,400,59,790,1307
949: 1124,1415,1948,895,431,1140,109,1443,1164,1158,213,317,207,224,2
950: 
951: 124,396,253,1524,893,1829,110,1022
952: 454,1813,446,34,666,1830,1589,444,861,820,589,1226,632,329,945,1323,1065,1572,133,821,1899,1775,616,645
953: 1067,1985,1920,1780,461,873,1207,1605,1848,662,1378
954: 445,268,1642,1531,1225,1761,1958,779,1604,1812
955: 1037,143,1389,1494,1278,2003,530,1687,262,1459,211,908,617,1116
956: 1993
957: 788,1303,808,1244,1017,897,1955,26,424,172,5,1909,1874
958: 809,6,1088,630,150
959: 
960: 554,1117
961: 
962: 137,1777,192,1932,1178,15,1772,1143,1505,1664,1949
963: 
964: 358,1002,275,1602,1765,511,1052,345,1593,316,206,1322,725
965: 
966: 1060,979,763,1852,1161,1118,236,822,55,1890,1956,185,1781
967: 1962,853,69,32,332
968: 1951,1832,862,1613,1636,831
969: 234,291,442,973,603,1376,1698,1237,614
970: 1915,661,334,865,1349,1222,1120,649,915,1028,874,1851
971: 188,1057,1979,1441,1298,43,453,869,42
972: 631,2004,347,1557,1512,1621,252,168,1021,1478,56,1774,1836,83,405,1506,1649,1797,737,531,1040,697,1599,1468,1714,1725,243,724,748
973: 603,1376,1698,1237,614,234,291,969,442
974: 
975: 
976: 
977: 
978: 1567,1508,1024,566,382,1224
979: 1060,966,763,1852,1161,1118,236,822,55,1890,1956,185,1781
980: 
981: 
982: 699,216,1878,1870,348,272,269,1390,1027,1989,388,828,455
983: 1458,205,1633,1327,937,321,222,1043,458,634,86
984: 1171,1221,1339,1234,1075,104,803,1988,723,713,1095,1877,1324,1074,1640,1015,1580,990,328
985: 
986: 1543,1533,1332,1011,1842,689,1388,641,439
987: 447,1228,40,525
988: 
989: 824,741,746,2016,1975,876,228,1983,524,761,1008,1941,1736
990: 1580,328,1171,1221,984,1234,1075,104,803,1988,723,713,1095,1877,1324,1074,1640,1015
991: 167,570,706,1427,538,1838,53,389,1246,1064,1385,1528,690
992: 
993: 905,738,857,1362,855,1493,1288,1696,1537,443,1450,762,1522,1046,813,202,1302,1330,274,852,1629,1708
994: 376,1632,768,1944,1353,837,1574,770,1282,693,1767
995: 757
996: 764,1365,2019,13,1452,2017,140,918
997: 1986,220,1665,642,1787,46,927,760,1109,595,1007,1488,1609,541
998: 794,1275,214,129,1150,333,943,1370,1553,1905,1072,1564,1108,97
999: 160,1358,1678,1759,730,1073,1896,1578,72,311,1356,1999,714,1860,592,676,74,1674,314
1000: 1174,879
1001: 153,343,64,20,753,1597,2008,1939,1559
1002: 275,1602,1765,511,1052,345,1593,316,206,358,964,1322,725
1003: 1241,18,1685,765,1238,692,448,1177,646,1560,1112,406,926
1004: 1154,493
1005: 174,512,1168,1745,1145,910,1590,1435
1006: 1284,913,948,138,1340,1945,480,1561,1180,400,59,790,1307
1007: 1986,220,1665,642,1787,46,927,997,760,1109,595,1488,1609,541
1008: 824,741,746,2016,1975,989,876,228,1983,524,761,1941,1736
1985: 1067,1920,1780,461,873,1207,1605,953,1848,662,1378,1631
1010: 440,838,892,1486
1011: 986,1543,1533,1332,1254,1842,689,1388,641,439
1012: 1038
1013: 580,1199,1919,2014,364,1521,1341,1031,709
1014: 71,612,1617,1181,1424,571,1448
1015: 1171,1221,984,1339,1234,1075,104,803,1988,723,713,1095,1877,1324,1074,1640,1580,990,328
1016: 169
1017: 788,1303,808,1244,897,1955,26,424,957,172,5,1909,1874
1018: 468,1469,1477,61,1342,1375,10,241,1331,573,1717
1019: 1139,1628,505,1807,859,1338,593
1020: 1885,383,1727,565,607,240,805
1021: 631,2004,347,972,1557,1512,1621,252,168,1900,1478,56,1774,1070,1836,83,405,1506,1649,1797,737,531,89,1040,697,1599,1468,1714,1725,243,724,748
1022: 124,396,253,951,1524,893,1829,110
1023: 
1024: 1567,1508,566,978,382,1224
1025: 1886,1312,208,1484,618,923,1300,1111,1417,1575,362
1026: 367,1059,902,1825,464,527,940,1110,374,781,712,924,615,98,754,1049,1498,484,1380,65,1491,1782
1027: 699,216,1878,1870,348,272,269,1390,982,215,1989,388,828,1826
1028: 915,874,1851,1915,970,661,334,865,1349,1222,1120,649
1029: 2013,178,1746,670,1210,583,1901,1039,1299,1695
1030: 1263,687,1373,833,1882,1914,1766,1175,229,1938
1031: 580,1199,1919,2014,364,1013,1521,1341,709
1032: 126,1846,1344,366,403,1902,223,371,1368,1044,94
1033: 199,1542,568,1987
1034: 931,507,1510,1969,885,1995,1408,643,1436,1442,151,1526,1371,621,1473,1080,1697,1482
1035: 1530,1419,335,1691,654,1957,1950,326,728,1637,281,1582,545,1785
1036: 
1037: 143,1389,1494,1278,2003,530,955,1687,262,1459,211,908,617
1038: 732,1012
1039: 2013,178,1746,670,1029,1210,583,1901,1299,1695
1040: 631,2004,347,972,1557,1512,1621,252,168,1900,1021,1478,56,1774,1070,1836,83,405,1506,1649,1797,737,531,89,697,1599,1468,1714,1725,243,724,748
1041: 322,930
1042: 921,715,187,1647,351,1480,1335,1432,135,1144,50,249,1061,1763,783,1379,1155,1421
1043: 1458,1633,1327,937,321,222,458,634,86,983
1044: 126,1846,1344,366,403,1902,223,371,1368,94,1032
1045: 890,575,1904,1994,1967,1266,1130,1624,523,597,718
1046: 905,738,857,1362,855,1493,1288,1696,1537,443,1450,762,1522,1650,251,813,202,1302,993,1330,274,852,1629,1708
1047: 
1048: 
1049: 367,1059,902,1825,464,527,940,1110,374,781,712,924,615,1026,98,754,1498,484,1380,65,1491,1782
1050: 1398,353,2001,1433,273,1871,883,92,1996,36
1051: 1240,933
1052: 1002,275,1602,1765,511,345,1593,316,206,358,964,1322,725
1053: 
1054: 886,352,1927,379,385,1363,1750,1622,786,1536,130
1055: 
1056: 1423,745,1991,1541,79,1779
1057: 188,971,1979,1441,1298,43,453,869,42
1058: 173,914,1231,196,1805,1651,1554,1481
1059: 367,902,1825,464,527,1110,374,781,712,924,615,1026,98,754,1049,1498,484,1380,65,1491,1782
1060: 966,979,763,1852,1161,1118,236,822,55,1890,1956,185,1781
1061: 921,715,187,1647,351,1480,1335,1432,135,1144,50,249,1763,783,1379,1155,1421,1042
1062: 1800,51,1269,1518
1063: 460,1091,417,832,2011,1581,136,1828,1311,1926,849,119,623,180,508
1064: 167,570,706,1427,538,1838,53,389,1246,991,1385,1528,690
1065: 454,1813,446,34,666,1830,1589,444,952,861,820,589,1226,632,329,945,1323,1572,133,821,1899,1775,616,645
1066: 
1067: 1985,1920,1780,461,873,1207,1605,953,1848,662,1378,1631
1068: 171,23
1069: 
1070: 631,2004,347,1557,1512,1621,252,168,1900,1021,1478,56,1774,1836,83,405,1506,1649,1797,737,531,89,1040,697,1599,1468,1714,1725,243,724,748
1071: 52,658,1476,459,1483,1672,102,25
1072: 794,1275,214,129,1150,333,943,1370,998,1553,1905,1564,1108,97
1073: 730,1896,1578,72,160,1358,1678,1759,999,311,1356,714,1860,592,676,74,1674,314
1074: 1171,1221,984,1339,1234,1075,104,803,1988,723,713,1095,1877,1324,1640,1015,1580,990,328
1075: 1171,1221,984,1339,1234,104,803,1988,723,713,1095,1877,1324,1074,1640,1015,1580,990,328
1076: 780,1873,793
1077: 498
1078: 860,437,1304,287,1862,145,801,247,1520,1216,9,1744,558,843
1079: 441,479,62,67,1507,1573,889,755
1080: 931,507,1510,1969,885,1995,1408,643,1436,1442,151,1526,1371,621,1473,1697,1034,1482
1081: 922,80
1082: 1326,278,1892,142,368,1786,1576,2000,91,533
1083: 882
1084: 
1085: 
1086: 
1087: 33,1281,1583,1626,1185,54,221,1219
1088: 809,958,150
1089: 1517,227,45,935,401,2018,1345,95
1090: 776,295,47,850
1091: 1063,460,417,832,2011,1581,136,1828,1311,1926,849,119,623,180,508
1092: 
1093: 
1094: 1856,655,1264,1430,729,917,925,1742,29,1227,944,1806,1346
1095: 1171,984,1339,1234,1075,104,803,1988,723,713,1877,1324,1074,1640,1015,1580,990,328
1096: 
1097: 
1098: 1907
1099: 482,1197,1666,733,839,263,1132
1100: 843,860,437,1304,287,1862,801,247,1520,1216,9,558
1101: 1314,387,1402,349,836,467,1329,270,430,829,887,901,1893,1416,747,1992,604
1102: 1279,116
1103: 1141,854,1274,1891,585,1897,1183
1104: 238,1460,1151,1148,2009,292,24,12,1834,1527,1188,1159,1719,276,648,141,1440,1718,488
1105: 1789,560,1136,694,599,1801,1689,1964,118,146,1764
1106: 
1107: 1165,2006,1230,544,302,1883,749,1315,365,44,395,1872,1661,1793,1519,1503,239,872,1540,318,1795
1108: 794,1275,214,129,1150,333,943,1370,998,1553,1905,1072,1564,97
1109: 1986,220,1665,642,1787,46,927,997,760,595,1007,1488,1609,541
1110: 367,1059,1825,464,527,940,374,781,712,924,615,1026,98,754,1049,1498,484,1380,65,1491,1782
1111: 923,1300,1417,1575,362,1886,1312,1025,208,1484,618
1112: 18,1685,765,1238,692,448,1003,1177,646,1560,406,926
1113: 157,1568
1114: 195
1115: 255,636,1437,165,1321,256,1317,1935,1407,1369,324,409,1123,325,289
1116: 143,1389,1278,2003,530,955,1687,262,1459,211,617
1117: 554,960
1118: 1060,966,979,763,1852,1161,822,1890,1956,1781
1119: 1755,380,1894,810,125,534,1861,1295,1654,1445
1120: 1915,970,661,334,865,1349,1222,649,915,1028,874,1851
1121: 369,486,499,664,586,685,297,797
1122: 1923,679,245
1123: 636,1437,165,1321,1935,1407,1369,1115,324,409,325,289
1124: 949,1415,1948,895,431,109,1443,1164,1158,213,317,224
1125: 113,516,590,1570,436,7,1201
1126: 594,260,248,784,1614,520,504,1824,1895,1773,911
1127: 
1128: 
1129: 1383,1236,1467,1722
1130: 890,575,1904,1994,1045,1967,1266,1624,523,597,718
1131: 132,30,1538,73,800,620,1703,1740,517,315,284
1132: 482,1197,1666,733,839,263,1099
1133: 1934,1453,1656
1134: 288,1319,305,708,647,677,392,1639
1135: 1879,602,0,235
1136: 1789,560,694,599,1801,1689,1964,118,1105,146,1764
1137: 
1138: 1880,296,1198,1276,1729,827,231,704,156,1354,4,313,149,1757
1139: 1019,1628,505,1807,859,1338,593
1140: 949,1415,1948,895,431,109,1443,1164,1158,213,317,207,2
1141: 854,1274,1891,585,1897,1183,1103
1142: 1462,299,1297,877,1884
1143: 137,1777,192,962,1932,1178,15,1772,1505,1664,1949
1144: 921,715,187,1647,351,1480,1335,1432,135,50,249,1061,1763,783,1379,1155,1421,1042
1145: 174,512,1168,1745,1005,910,1590,1435
1146: 1454,556,826,355,825,1176,1608,1702,674
1147: 
1148: 238,1460,1151,2009,292,1104,24,12,1834,1527,1188,1159,1719,276,648,141,1440,1718,488
1149: 1351,2015,521,108,1359,1747,438,582,613,870,1565,1724,456,1954,1753,1249
1150: 794,1275,214,129,333,943,1370,998,1553,1072,1564,1108,97
1151: 238,1460,1148,2009,292,1104,24,12,1834,1527,1188,1159,1719,276,648,141,1440,1718,488
1152: 
1153: 82,673,1259,1472,1657,1845,587,1367
1154: 1004,493
1155: 921,715,187,1647,351,1480,1335,1432,135,1144,50,249,1061,1763,783,1379,1421,1042
1156: 
1157: 3,1680
1158: 1164,213,317,207,224,2,1124,949,1415,1948,895,431,1140,109,1443
1159: 238,1460,1151,1148,2009,292,1104,24,12,1834,1527,1188,1719,276,648,141,1440,1718,488
1160: 669,871,1607,1184,413,1849
1161: 1060,966,979,763,1852,1118,236,822,55,1890,1956,185,1781
1162: 739,1456,584,111
1163: 
1164: 1158,213,317,207,224,2,1124,949,1415,1948,895,431,1140,109,1443
1165: 2006,1230,544,302,1883,749,1315,365,44,395,1872,1661,1793,1519,1503,239,872,1540,1107,318,1795
1166: 
1986: 220,1665,642,1787,46,927,997,760,1109,595,1007,1488,1609,541
1168: 174,512,1745,1145,1005,1435
1169: 1290,1931,344
1170: 701,427
1171: 1221,984,1339,1234,1075,104,803,1988,723,713,1095,1877,1324,1074,1640,1015,1580,990,328
1994: 890,575,1904,1045,1967,1266,1130,1624,597,718
1173: 181,657,731,466,35,1364,1936,888,1598,1796,605,1821,1464,740,1239,1673
1174: 1000,115,879
1175: 687,1373,833,1882,1914,1766,229,1938,1263,1030
1176: 1146,1454,556,826,355,825,1608,1702,674
1177: 1241,18,1685,765,1238,692,448,1003,646,1560,1112,406,926
1178: 137,192,962,1932,15,1772,1143,1505,1664,1949
1179: 
1180: 1284,913,948,138,1340,1945,480,1006,1561,400,59,790,1307
1181: 71,1014,612,1617,1424,571,1448,1600
1182: 1587,307,1760,147,77,279,835
1183: 1141,854,1274,1891,585,1897,1103
1184: 669,871,1160,1607,413,1849
1185: 1626,54,221,1219,33,1087,1583
1186: 
1187: 536
1188: 238,1460,1151,1148,2009,292,1104,24,12,1834,1527,1159,1719,276,648,141,1440,1718,488
1189: 394,2010,1413,671,1660
1190: 
1191: 574,528
1965: 
1193: 884,726
1194: 535,1922,1822
1195: 699,216,1878,1870,348,269,215,1989,217,388,828,455,1826
1196: 1469,1477,61,1342,10,241,573,1717,818
1197: 482,1666,733,839,263,1132,1099
1198: 1880,296,1276,1729,1138,827,156,313,149,1757
1199: 580,1919,2014,364,1013,1521,1341,1031,709
2012: 1947,644,78,469,814,1429,1485,1997,1393,1256,398,719
1201: 7,1125,113,516,590,1570,436
1202: 
1203: 
1204: 384,1591,1348,359,60
1205: 1550,1289,1463,880,494,841,774,182
1206: 
1207: 1067,1985,1920,1780,461,873,1605,953,1848,662,1378,1631
1208: 369,486,499,586,685,297,797
1209: 1966,203
1210: 2013,178,1746,670,1029,583,1901,1039,1299,1695
1211: 1374,1420,106,1881,2002,1233,1529,201,1652,1555,357,652,1959,947,513,1749,1220,550,1539
1212: 
1213: 
1214: 
1215: 
1216: 860,437,1304,287,1862,145,801,247,1520,9,1744,1078,558,1100,843
1217: 422,909,727,557,303,539,58,1502
1218: 341,581,1544,96,1690,1709,1770,743,1841,1248,672,1596,1641
1219: 1626,1185,54,221,33,1087,1583
1220: 1374,1420,106,1881,2002,1233,1529,201,1652,1555,357,1211,652,1959,947,513,1749,550,1539
1221: 1171,984,1234,1075,104,803,1988,723,713,1877,1324,1074,1640,1015,1580,990,328
1222: 1915,970,661,334,865,1349,1120,649,915,1028,874,1851
1223: 700
1224: 1567,1508,1024,566,978,382
1225: 445,268,954,1642,1531,1761,1958,779,1604,1812
1226: 454,1813,446,34,666,1830,1589,444,952,861,820,589,632,329,945,1323,1065,1572,133,821,1899,1775,616,645
1227: 1856,655,1264,1430,729,917,1094,925,1742,29,944,1806,1346
1228: 987,447,40,806,1316,1738,525
1229: 242,691,569,665,68,404,175,1501
1230: 1165,2006,544,302,1315,365,44,395,1872,1661,1793,1519,1503,239,872,1540,1107,318,1795
1231: 1058,173,914,196,1805,1651,1554,1481
1232: 
1233: 1374,1420,106,1881,2002,1529,201,1652,1555,357,1211,652,1959,947,513,1749,1220,550,1539
1234: 1171,1221,984,1339,1075,104,803,1988,723,713,1095,1877,1324,1074,1640,1015,1580,990,328
1235: 1794,1328,695,1803,734,63,1875,1804
1236: 1129,1383,1467,1722
1237: 973,603,1376,1698,614,234,291,969,442
1238: 1241,18,1685,765,692,448,1003,1177,646,1560,1112,406,926
1239: 181,657,731,466,35,1364,1936,888,1598,1796,605,1821,1464,740,1673,1173
1240: 933,1051
1241: 18,1685,765,1238,692,448,1003,1177,1560,406,926
1242: 
1243: 477,1743,1644,267,1840,1620,490,1428,1320,1439,1737
1244: 788,1303,808,1017,897,1955,26,424,957,172,5,1909,1874
1245: 1391,298
1246: 167,570,706,1427,538,1838,53,389,991,1064,1385,1528,690
1247: 
1248: 341,1218,581,1544,96,1690,1709,1770,743,1841,1596,1641
1249: 1351,2015,521,108,1359,1747,438,582,613,870,1149,1565,1724,456,1954,1753
1250: 
1251: 
1252: 301,502,250,209,577,625,866,70,542,1334,1399,830,1283,624
1253: 
1254: 1543,1332,1011,439
1255: 200,1634,435,1514,361,1720,782,81,611
1256: 2012,1947,644,78,469,814,1429,1485,1997,1393,398,719
1257: 1532,320,1595
1258: 283,131,402
1259: 82,673,1153,1472,1657,1845,587,1367
1260: 1768
1261: 819,155,681,346
1262: 562
1263: 1030,687,1373,833,1882,1914,1766,1175,229,1938
1264: 1856,655,1430,729,917,1094,925,1742,29,1227,944,1806,1346
1265: 1837,942,1827,1285
1266: 890,575,1904,1994,1045,1967,1130,1624,523,597,718
1267: 
1268: 423,501
1269: 1800,51,1062,1518
1270: 
1271: 425
1272: 1682
1984: 
1274: 1141,854,1891,585,1897,1183,1103
1275: 794,214,129,1150,333,943,1370,998,1553,1905,1072,1564,1108,97
1276: 1880,296,1198,1729,1138,827,231,704,156,1354,4,313,149,1757
1277: 656,1778,1515,1972
1278: 1037,143,1389,1494,2003,530,955,1687,262,1459,211,908,617,1116
1279: 1102,116
1280: 1974,159
1281: 1087,221
1282: 1353,837,1574,770,693,376,994,1632,768,1944,1767
1283: 502,1252,250,209,577,625,866,70,542,1334,1399,830,624
1284: 948,138,1340,480,1006,1561,1180,400,59,1307
1285: 1837,117,942,1827,1867,1265
1286: 
1287: 1686,1301,863,85,1294
1288: 905,738,857,1362,855,1493,1696,1537,443,1450,762,1522,1650,251,1046,813,202,1302,993,1330,274,852,1629,1708
1289: 1550,1463,880,494,841,1205,774,182
1290: 1169,1931,344
1291: 1906,1704
1292: 1810,759,1336
1293: 257,1783,16,1601,391,509,1461,1677,1663,588
1294: 1686,1301,863,1287,85,1630
1295: 1755,1119,380,1894,810,125,534,1861,1654,1445
1296: 407
1297: 1462,299,877,1142,1884
1298: 188,1057,971,1979,1441,43,453,869
1299: 2013,178,1746,670,1029,1210,583,1901,1039,1695
1300: 923,1111,1417,1575,362,1886,1312,1025,618
1301: 1686,863,1287,85,1294
1302: 905,738,857,1362,855,1493,1288,1696,1537,443,1450,762,1522,1650,251,1046,813,202,993,1330,274,852,1629,1708
1303: 788,808,1244,1017,897,1955,26,424,957,172,5,1909,1874
1304: 860,437,287,1862,145,801,247,1520,1216,9,1744,1078,558,1100,843
1305: 
1306: 1509
1307: 1284,913,948,138,1340,1945,480,1006,1561,1180,400,59,790
1308: 1835,1431
1978: 1977,219,191
1310: 
1311: 1063,460,1091,417,832,2011,1581,136,1828,1926,849,119,623,180,508
1312: 1886,1025,208,1484,618,923,1300,1111,1417,1575,362
1313: 
1314: 387,1402,349,836,467,1329,270,430,829,1101,887,901,1893,1416,747,1992,604
1315: 1165,2006,1230,544,302,1883,749,365,44,395,1872,1661,1793,1519,1503,239,872,1540,1107,318,1795
1316: 1738,525,447,1228,40,806
1317: 255,636,1437,165,1321,256,1935,1407,1369,1115,324,409,325,289
1318: 
1319: 288,305,708,647,677,392,1639,1134
1320: 477,1743,1644,267,1840,1243,1620,490,1428,1439,1737
1321: 255,636,1437,165,256,1317,1935,1407,1369,1115,324,409,1123,325,289
1322: 725,358,964,1002,275,1602,1765,511,1052,345,1593,316,206
1323: 454,1813,446,34,666,1830,1589,444,952,861,820,589,1226,632,329,945,1065,1572,133,821,1899,1775,616,645
1324: 1171,1221,984,1339,1234,1075,104,803,1988,723,713,1095,1877,1074,1640,1015,1580,990,328
1325: 1487,421,123,549,1418,553
1326: 278,1082,1892,142,368,1786,1576,2000,91,533
1327: 1458,205,1633,937,321,222,1043,458,634,86,983
1328: 1235,1794,695,1803,734,63,1875,1804
1329: 1314,387,1402,349,836,467,270,430,829,1101,887,901,1893,1416,747,1992,604
1330: 905,738,857,1362,855,1493,1288,1696,1537,443,1450,762,1522,1650,251,1046,813,202,1302,993,274,852,1629,1708
1331: 468,1469,1477,61,1375,1018,10,241,573,1717
1332: 986,1543,1533,1254,1011,1842,689,1388,641,439
1333: 
1334: 502,1252,250,209,577,625,866,70,542,1399,830,1283,624
1335: 921,715,187,1647,351,1480,1432,135,1144,50,249,1061,1763,783,1379,1155,1421,1042
1336: 1810,1292,635,759
1337: 
1338: 1139,1019,1628,505,1807,859,593
1339: 1171,984,1234,1075,104,803,1988,723,713,1095,1877,1324,1074,1640,1015,1580,328
1340: 1284,913,948,138,1945,480,1006,1561,1180,400,59,790,1307
1341: 580,1199,1919,2014,364,1013,1521,1031,709
1342: 468,1196,1469,1477,61,1375,1018,10,241,573,1717,818
1343: 500,197,1798,1438,1377
1344: 126,1846,366,403,1902,371,1368,1044,94,1032
1345: 1517,227,45,935,401,2018,1089,95
1346: 1856,655,1264,1430,729,917,1094,925,29,1227,944,1806
1347: 1612,1819,41,563,375,309,483,686,1355,846,1799
1348: 359,60,114,1591,1204
1349: 1915,970,661,334,865,1222,1120,649,1028,1851
1350: 
1351: 2015,521,108,1359,1747,438,582,613,870,1149,1565,1724,456,1954,1753,1249
1352: 891,716,428,1444,919,350,578,189
1353: 837,1574,770,1282,693,376,994,1632,768,1944,1767
1354: 156,4,313,149,231,704,1757,296,1276,1729,1138,827
1355: 846,686,1819,41,1347,375,309,483
1356: 311,1999,714,1860,592,676,74,1674,314,730,1073,1896,1578,72,160,1358,1678,1759,999
1357: 1917,1396,1790,920,598
1358: 160,1678,1759,999,730,1073,1896,1578,72,311,1356,1999,714,1860,592,676,74,1674,314
1359: 1351,2015,521,108,1747,438,582,613,870,1149,1565,1724,456,1954,1753,1249
1972: 1778,1515,1277,656
1361: 941,162,323,711
1362: 905,738,857,855,1493,1288,1696,1537,443,1450,762,1522,1650,251,1046,813,202,1302,993,1330,274,852,1629,1708
1363: 886,352,1927,379,1054,385,1750,1622,786,1536,130
1364: 181,657,731,466,35,1936,888,1598,1796,605,1821,1464,740,1239,1673,1173
1365: 764,996,2019,13,1452,2017,140,918
1366: 491,414,154,787,230,107,522,1833,1762,285,1733
1367: 587,82,673,1153,1259,1472,1657,1845
1368: 126,1846,1344,366,403,1902,223,371,1044,94,1032
1369: 255,636,1437,165,1321,1317,1935,1407,1115,324,409,1123,325,289
1370: 794,1275,214,129,1150,333,943,998,1553,1905,1072,1564,1108,97
1371: 931,507,1510,1969,885,1995,1408,643,1436,1442,151,1526,621,1473,1080,1697,1034,1482
1372: 
1373: 687,833,1882,1914,1766,1175,229,1938,1263,1030
1374: 1420,106,1881,2002,1233,1529,201,1652,1555,357,1211,652,1959,947,513,1749,1220,550,1539
1375: 468,1469,1477,61,1342,1018,10,241,1331,573,1717
1376: 973,603,1698,1237,614,234,291,969,442
1377: 1343,500,197,1798,1438
1378: 1067,1985,1920,1780,461,873,1207,1605,953,1848,662,1631
1379: 921,715,187,1647,351,1480,1335,1432,135,1144,50,249,1061,1763,783,1155,1421,1042
1380: 367,1059,902,1825,464,527,940,1110,374,781,712,924,615,1026,98,754,1049,1498,484,65,1491,1782
1381: 
1382: 
1383: 1129,1236,1467,1722
1384: 
1385: 1528,690,167,570,706,1427,538,1838,53,389,1246,991,1064
1386: 11,1815,1741,1728,606,1625,1395
1387: 1809,327,1643,777,1495,1925,1545,785,675,1586
1388: 986,1533,1332,1011,1842,689,641,439
1389: 1037,143,1494,1278,2003,530,955,1687,262,1459,211,908,617,1116
1390: 699,216,1878,1870,348,272,269,982,1027,215,1989,388,828,455,1826
1391: 1245,298
2002: 1374,1420,106,1881,1233,1529,201,1652,1555,357,1211,652,1959,947,513,1749,1220,550,1539
1393: 2012,1947,644,78,814,1429,1485,1997,1256,398,719
1394: 1808,1474,600,939,518,904,932,707
1395: 1815,1741,1386,1728,606,1625
1396: 1917,1357,1790,920,598
1969: 931,507,1510,885,1995,1408,643,1436,1442,151,1526,1371,621,1473,1080,1697,1034,1482
1398: 2001,273,1871,883,1050,92,1996,36
1399: 301,502,1252,250,209,577,625,866,70,542,1334,830,1283,624
1400: 
1401: 
1402: 1314,387,349,836,467,1329,270,430,829,1101,887,901,1893,1416,747,1992,604
1403: 1710,75,653,519,1496,894,773,337,1694,1847,1823,244,100,1411,710
1404: 420,492
1405: 
1406: 88,105,163,487,93,264,304,638,1648,103
1407: 255,636,1437,165,1321,256,1317,1935,1369,1115,324,409,1123,325,289
1408: 931,507,1510,1969,885,643,1436,1442,151,1526,1371,621,1473,1080,1697,1034,1482
1409: 1422,1619,478,1734,1769,1754,906,1898,363
1410: 31,2007,1712,1853,1701,450,1546,791
1411: 244,100,710,1710,75,653,519,1496,894,773,337,1694,1847,1823,1403
1412: 
1413: 394,2010,1189,671,1660
1414: 
1415: 1124,949,1948,895,431,1140,109,1443,1164,1158,213,317,207,224,2
1416: 1314,387,1402,349,836,467,1329,270,430,829,1101,887,901,1893,747,1992,604
1417: 923,1300,1111,1575,362,1886,1312,1025,208,1484,618
1418: 1487,421,123,549,1325,553
1419: 1530,1035,335,1691,654,1957,1950,326,728,1637,281,1582,545,1785
1420: 1374,106,1881,2002,1233,1529,201,1652,1555,357,1211,652,1959,947,513,1749,1220,550,1539
1421: 921,715,187,1647,351,1480,1335,1432,135,1144,50,249,1061,1763,783,1379,1155,1042
1422: 1619,478,1734,1769,1409,1754,906,1898,363
1423: 1056,745,1991,1541,79,1779
1424: 767,71,1014,612,1617,1181,571,1448,1600
1425: 
1426: 
1427: 167,570,706,538,1838,53,389,1246,991,1064,1385,1528,690
1428: 477,1743,1644,267,1840,1243,1620,490,1320,1439,1737
1429: 2012,1947,644,78,469,814,1485,1997,1393,1256,398,719
1430: 1856,655,1264,729,917,1094,925,1742,29,1227,944,1806,1346
1431: 1835,1308
1432: 921,187,1647,351,1480,1335,1144,50,249,1061,1763,783,1379,1155,1421,1042
1433: 353,2001,273,1871,883,1050,1996,36
1434: 
1435: 910,1590,174,512,1168,1745,1145,1005
1436: 931,507,1510,1969,885,1995,1408,643,1442,151,1526,1371,621,1473,1080,1697,1034,1482
1437: 255,636,165,1321,256,1317,1935,1407,1369,1115,324,409,1123,325,289
1438: 1343,500,197,1798,1377
1439: 477,1743,1644,267,1840,1243,1620,490,1428,1320,1737
1440: 238,1460,1151,1148,2009,292,1104,24,12,1834,1527,1188,1159,1719,276,648,141,1718,488
1441: 188,1057,971,1979,1298,43,453,869
1442: 931,507,1510,1969,885,1995,1408,643,1436,151,1526,1371,621,1473,1080,1697,1034,1482
1443: 1124,949,1415,1948,895,431,1140,109,1164,1158,213,317,207,224,2
1444: 891,716,428,919,350,578,189,1352
1445: 1654,1755,1119,380,1894,810,125,534,1861,1295
1446: 411
1447: 856,771,1924,1623,1855,1887,1721
1448: 71,1014,612,1617,1181,1424,571,1600
1449: 
1450: 905,738,857,1362,855,1493,1288,1696,1537,443,762,1522,1650,251,1046,813,202,1302,993,1330,274,852,1629,1708
1451: 1771,1706
1452: 764,1365,996,2019,13,2017,140,918
1453: 1133
1454: 1146,556,826,355,825,1176,1608,1702,674
1455: 
1456: 739,584,1162
1457: 
1458: 205,1633,1327,937,321,222,1043,458,634,86,983
1459: 1037,143,1389,1494,1278,2003,530,955,1687,262,211,908,617,1116
1460: 238,1151,1148,2009,292,1104,24,12,1834,1527,1188,1159,1719,276,648,141,1440,1718,488
1461: 257,912,1783,16,1601,1715,391,509,1293,1677,1663,588
1462: 299,1297,877,1142,1884
1463: 1550,1289,880,494,841,1205,774,182
1464: 181,657,731,466,35,1364,1936,888,1598,1796,605,1821,740,1239,1673,1173
1465: 1809,327,1643,777,1495,561,1925,1545,785,675,1586
1466: 
1467: 1129,1383,1236,1722
1468: 631,2004,347,972,1557,1512,1621,252,168,1900,1021,1478,56,1774,1070,1836,83,405,1506,1649,1797,737,531,89,1040,697,1599,1714,1725,243,724,748
1469: 468,1196,1477,61,1342,1375,1018,10,241,1331,573,1717,818
1470: 
1981: 
1472: 82,673,1153,1259,1657,1845,587,1367
1473: 931,507,1510,1969,885,1995,1408,643,1436,1442,151,1526,1371,621,1080,1697,1034,1482
1474: 1808,1394,600,939,518,904,932,707
1957: 1530,1035,1419,335,1691,654,1950,326,728,1637,281,1582,545,1785
1476: 52,658,459,1483,1672,102,1071,25
1477: 468,1196,1469,61,1342,1375,1018,10,241,1331,573,1717,818
1478: 631,2004,347,972,1557,1512,1621,252,168,1900,1021,56,1774,1070,1836,83,405,1506,1797,737,531,89,1040,697,1599,1468,1714,1725,243,724,748
1479: 1584,246
1480: 921,715,187,1647,351,1335,1432,135,1144,50,249,1061,1763,783,1379,1155,1421,1042
1481: 1651,1554,1058,173,914,1231,196,1805
1482: 931,507,1510,1969,885,1995,1408,643,1436,1442,151,1526,1371,621,1473,1080,1697,1034
1483: 52,658,1476,459,1672,102,1071,25
1484: 1886,1312,1025,208,618,923,1111,1417,1575,362
1485: 2012,1947,644,78,469,814,1429,1997,1393,1256,398,719
1486: 892,440,1010,838
1487: 421,123,549,1325,1418,553
1488: 1609,541,1986,220,1665,642,1787,46,927,997,760,1109,595,1007
1489: 
1490: 
1491: 367,1059,902,1825,464,527,940,1110,374,781,712,924,615,1026,98,754,1049,1498,484,1380,65,1782
1492: 
1493: 905,857,1362,855,1288,1537,443,1450,762,1522,1650,251,1046,813,202,1302,993,1330,274,852,1629,1708
1494: 1037,143,1389,1278,2003,955,1687,262,1459,211,908,617
1495: 1809,1387,327,1643,777,561,1925,1545,785,675,1586,1465
1496: 1710,75,653,519,894,773,337,1694,1847,1823,1403,244,100,1411,710
1497: 
1498: 367,1059,902,1825,464,527,940,1110,374,781,712,924,615,1026,98,754,1049,484,1380,65,1491,1782
2013: 178,1746,670,1029,1210,583,1901,1039,1299,1695
1967: 890,575,1904,1994,1045,1266,1130,1624,523,597,718
1501: 175,242,691,569,68,1229
1502: 303,58,422,909,727,557,1217
1503: 1165,2006,1230,544,302,1883,749,1315,365,44,395,1872,1661,1793,1519,239,872,1540,1107,318,1795
1504: 
1505: 137,1777,192,962,1932,1178,15,1772,1143,1664,1949
1506: 631,2004,347,972,1557,1512,1621,252,168,1900,1021,1478,56,1774,1070,1836,83,405,1649,1797,737,531,89,1040,697,1599,1468,1714,1725,243,724,748
1507: 441,1079,479,62,67,1573,889,755
1508: 1567,1024,566,978,382,1224
1509: 1306
1510: 931,507,1969,885,1995,1408,643,1436,1442,151,1526,1371,621,1473,1080,1697,1034,1482
2000: 1892,142,368,1786,1576,91,533,1326,278,1082
1512: 631,2004,347,972,1557,1621,252,168,1021,1478,56,1774,1070,1836,83,405,1506,1649,1797,737,531,89,1040,697,1599,1468,1714,1725,243,724,748
1513: 772,225,1953,336,1670,377,470
1514: 361,1720,782,81,611,1255,200,1634,435
1515: 1778,1972,1277,656
1516: 607,240,805,383,1727,294,565
1517: 227,45,935,401,2018,1345,1089,95
1518: 1800,51,1269,1062
1519: 1165,2006,1230,544,302,1883,749,1315,365,44,395,1872,1661,1793,1503,239,872,1540,1107,318,1795
1520: 860,437,1304,716,287,1862,145,801,247,1216,9,1744,1078,558,1100,843
1521: 580,1199,1919,2014,364,1013,1341,1031,709
1522: 905,738,857,1362,855,1493,1288,1696,1537,443,1450,762,1650,251,1046,813,202,1302,993,1330,274,852,1629,1708
1523: 
1524: 124,396,253,951,893,1829,110,1022
1525: 878,1705
1526: 931,507,1510,1969,885,1995,1408,643,1436,1442,151,1371,621,1473,1080,1697,1034,1482
1527: 238,1460,1151,1148,2009,292,1104,24,12,1834,1188,1159,1719,276,648,141,1440,1718,488
1528: 1385,690,167,570,706,1427,538,1838,389,1246,991,1064
1529: 1374,1420,106,1881,2002,1233,201,1652,1555,357,1211,652,1959,947,513,1749,1220,550,1539
1530: 1035,1419,335,1691,654,1957,1950,326,728,1637,281,1582,545,1785
1531: 445,268,954,1642,1225,1761,1958,779,1604,1812
1532: 1257,320,1595
1533: 986,1543,1332,1011,1842,689,1388,641,439
1534: 1788,1776
1535: 1653
1536: 1750,1622,786,130,170,886,352,1927,379,1054,385,1363
1537: 905,738,857,1362,855,1493,1288,1696,443,1450,762,1522,1650,251,1046,813,202,1302,993,1330,274,852,1629,1708
1538: 132,1131,30,73,800,620,1703,1740,517,315
1539: 1374,1420,106,1881,2002,1233,1529,201,1652,1555,357,1211,652,1959,947,513,1749,1220,550
1540: 1165,2006,1230,544,302,1883,749,1315,365,44,395,1872,1661,1793,1519,1503,239,872,1107,318,1795
1541: 79,1779,1423,1056,745,1991
1542: 199,1033,568,1987
1543: 986,1533,1332,1254,1011,1842,439
1544: 341,1218,581,96,1690,1709,1770,743,1841,1248,672,1596,1641
1545: 1809,1387,327,1643,777,1495,561,1925,785,675,1586,1465
1546: 31,2007,1712,1853,1701,1410,450,791
1547: 
1548: 
1549: 
1550: 1289,1463,880,494,841,1205,774,182
1551: 
1552: 
1553: 794,1275,214,129,1150,333,943,1370,998,1905,1072,1564,1108,97
1554: 1651,1481,1058,173,914,1231,196,1805
1555: 1374,1420,106,1881,2002,1233,1529,201,1652,357,1211,652,1959,947,513,1749,1220,550,1539
1556: 
1557: 631,2004,347,972,1512,1621,252,168,1900,1021,1478,56,1774,1070,1836,405,1506,1649,1797,737,531,89,1040,697,1599,1468,1714,1725,243,724,748
1558: 
1559: 1597,2008,1939,753,153,1001,343,64,20
1560: 1241,18,1685,765,1238,692,448,1003,1177,646,1112,406,926
1561: 1284,913,948,138,1340,1945,480,1006,1180,400,59,790,1307
1562: 
1563: 
1564: 794,1275,214,129,1150,333,943,1370,998,1553,1905,1072,1108,97
1565: 1351,2015,521,108,1359,1747,438,582,613,870,1149,1724,456,1954,1753,1249
1566: 
1567: 1508,1024,566,978,382,1224
1568: 157,1113
1569: 
1570: 1125,113,516,590,436,7,1201
1983: 824,741,746,2016,1975,989,876,228,524,761,1008,1941,1736
1572: 454,1813,446,666,1830,1589,444,952,861,820,589,1226,632,329,945,1323,1065,133,821,1899,1775,616,645
1573: 441,1079,479,62,67,1507,889,755
1574: 1353,837,770,1282,693,376,994,1632,768,1944,1767
1575: 923,1300,1111,1417,362,1886,1312,1025,208,1484,618
1576: 1892,142,368,1786,2000,91,533,1326,278,1082
1577: 756,300
1578: 1896,72,730,1073,160,1358,1678,1759,999,1356,714,1860,676,74,1674,314
1579: 
1580: 990,328,1171,1221,984,1339,1234,1075,104,803,1988,723,713,1095,1877,1324,1074,1640,1015
1581: 1063,460,1091,417,832,2011,136,1828,1311,1926,849,119,623,180,508
1582: 1530,1035,1419,335,1691,654,1957,1950,326,728,1637,281,545,1785
1583: 33,1087,1185,221,1219
1584: 1479,246
1585: 280,868
1586: 1809,1387,327,1643,777,1495,561,1925,1545,785,675,1465
1587: 307,147,279,1182,835
1588: 397,758,1748,1792,551,1928,372,867
1589: 454,1813,446,34,666,1830,444,952,861,820,589,1226,632,329,945,1323,1065,1572,133,821,1899,1775,616,645
1590: 910,1435,174,512,1745,1145,1005
1591: 384,1204,1348,359,60
1592: 
1593: 1002,275,1602,1765,511,1052,345,316,206,358,964,1322
1594: 
1595: 1257,1532,320
1596: 341,1218,581,1544,96,1690,1709,1770,743,1841,1248,672,1641
1597: 2008,1939,1559,753,153,1001,343,64,20
1598: 181,657,731,466,35,1364,1936,888,1796,605,1821,1464,740,1239,1673,1173
1599: 631,2004,347,972,1557,1512,1621,252,168,1900,1021,1478,56,1774,1070,1836,83,405,1506,1649,1797,737,531,89,1040,697,1468,1714,1725,243,724,748
1600: 767,71,612,1617,1181,1424,571,1448
1601: 257,912,1783,16,1715,391,509,1293,1461,1677,1663,588
1602: 1002,275,1765,511,1052,345,1593,316,206,358,964,1322,725
1603: 
1604: 445,268,954,1642,1531,1225,1761,1958,779,1812
1605: 1067,1985,1920,1780,461,873,1207,953,1848,662,1378,1631
1606: 410,310,1942,907,399,370,266,84,1982
1607: 669,871,1160,1184,413,1849
1608: 1146,1454,556,826,355,825,1176,1702,674
1609: 1488,541,1986,220,1665,642,1787,46,927,997,760,1109,595,1007
1610: 
1611: 
1612: 1819,41,1347,563,375,309,483,686,846,1799
1613: 1832,862,1636,968,1951,831
1614: 260,248,1126,784,520,504,1824,1895,1773,911
1615: 76,254,736
1616: 
1617: 767,71,1014,612,1181,1424,571,1448,1600
1618: 
1619: 1422,1769,1409,1754,906,1898,363
1620: 477,1644,267,1840,1243,490,1428,1320,1439,1737
1621: 631,2004,347,972,1557,1512,252,168,1021,1478,56,1774,1070,1836,83,405,1506,1649,1797,737,531,89,1040,697,1599,1468,1714,1725,243,724,748
1622: 1750,786,1536,130,886,352,1927,379,1054,385,1363
1623: 856,771,1924,1855,1447,1887,1721
1624: 890,575,1904,1994,1045,1967,1266,1130,523,597,718
1625: 1815,1741,1386,1728,606,1395
1626: 1185,54,221,1219,1087
1627: 1692
1628: 1139,1019,505,1807,859,1338,593
1629: 905,738,857,1362,855,1493,1288,1696,1537,443,1450,762,1522,1650,251,1046,813,202,1302,993,1330,274,852,1708
1630: 863,85,1294
1631: 1067,1985,1920,1780,461,873,1207,1605,1848,662,1378
1632: 376,994,768,1944,1353,837,1574,770,1282,693,1767
1633: 1458,205,1327,937,321,222,1043,458,634,86,983
1634: 1255,200,435,1514,361,1720,782,81,611
1635: 705,591,610
1636: 1832,862,1613,968,1951,831
1637: 1530,1035,1419,335,1691,654,1957,1950,326,728,281,1582,545,1785
1974: 1280,159
1639: 288,1319,305,708,647,677,392,1134
1640: 1171,1221,984,1339,1234,1075,104,803,1988,723,713,1095,1877,1324,1074,1015,1580,990,328
1641: 341,1218,581,1544,96,1690,1709,1770,743,1841,1248,672,1596
1642: 445,268,954,1531,1225,1761,1958,779,1604,1812
1643: 1809,1387,327,777,1495,561,1925,1545,785,675,1586,1465
1644: 477,1743,267,1840,1243,1620,490,1428,1320,1439,1737
1645: 
1646: 
1647: 921,715,187,351,1480,1335,1432,135,1144,50,249,1061,1763,783,1379,1155,1421,1042
1648: 88,105,163,1406,487,93,264,304,638,103
1649: 631,2004,347,972,1557,1512,1621,252,168,1900,1021,56,1774,1070,1836,83,405,1506,737,531,89,1040,697,1599,1468,1714,1725,243,724,748
1650: 905,857,1362,855,1493,1288,1537,443,1450,762,1522,251,1046,813,202,1302,1330,274,852,1629,1708
1651: 1554,1481,1058,173,914,1231,196,1805
1652: 1374,1420,106,1881,2002,1233,1529,201,1555,357,1211,652,1959,947,513,1749,1220,550,1539
1653: 1535
1654: 1445,1755,1119,380,1894,810,125,1861,1295
1968: 
1656: 1133,1934
1657: 82,673,1153,1259,1472,1845,587,1367
1658: 
1659: 
1660: 671,394,2010,1189,1413
1661: 1165,2006,1230,544,302,1883,1315,365,44,395,1872,1793,1519,1503,239,872,1540,1107,318,1795
1662: 1739
1663: 257,912,1783,16,1601,1715,391,509,1293,1461,1677,588
1664: 137,1777,192,962,1932,1178,15,1772,1143,1505,1949
1665: 1986,220,642,1787,46,927,997,760,1109,595,1007,1488,1609,541
1666: 482,1197,733,839,263,1132,1099
2009: 238,1460,1151,1148,292,1104,24,12,1834,1527,1188,1159,1719,276,648,141,1440,1718,488
1973: 
1669: 
1670: 514,772,225,1953,1513,39,336,377,470
1671: 
1672: 52,658,1476,459,1483,102,1071,25
1673: 181,657,731,466,35,1364,1936,888,1598,1796,605,1821,1464,740,1239,1173
1674: 311,1356,1999,714,1860,592,676,74,314,730,1073,1896,1578,72,160,1358,1678,1759,999
1675: 802,233
1676: 
1677: 257,912,1783,16,1601,1715,391,509,1293,1461,1663,588
1678: 160,1358,1759,999,730,1073,1896,1578,72,311,1356,1999,714,1860,592,676,74,1674,314
1679: 1998,481,1814
1680: 3,1157
1681: 
1682: 1272
1683: 
1684: 
1685: 1241,18,765,1238,692,448,1003,1177,646,1560,1112,406,926
1686: 1301,863,1287,85,1294
1687: 1037,143,1389,1494,1278,2003,530,955,262,1459,211,908,617,1116
1971: 
1689: 1789,560,1136,694,599,1801,1964,118,1105,146,1764
1690: 341,1218,581,1544,96,1709,1770,743,1841,1248,672,1596,1641
1691: 1530,1035,1419,335,654,1957,1950,326,728,1637,1582,545,1785
1692: 1627
1693: 
1694: 1710,75,653,519,1496,894,773,337,1847,1823,1403,244,100,1411,710
1695: 2013,178,1746,670,1029,1210,583,1901,1039,1299
1696: 905,738,857,1362,855,1288,1537,443,1450,762,1522,251,1046,202,1302,993,1330,274,852,1629,1708
1697: 931,507,1510,1969,885,1995,1408,643,1436,1442,151,1526,1371,621,1473,1080,1034,1482
1698: 973,603,1376,1237,614,234,291,969,442
1699: 1858,1868,1843
1700: 
1701: 31,2007,1712,1853,1410,450,1546,791
1702: 1146,1454,556,826,355,825,1176,1608,674
1703: 800,620,1740,517,315,132,1131,30,1538,73,284
1704: 1906,1291
1705: 878,1525
1706: 1771,1451
1707: 
1708: 905,738,857,1362,855,1493,1288,1696,1537,443,1450,762,1522,1650,251,1046,813,202,1302,993,1330,274,852,1629
1709: 341,1218,581,1544,96,1690,1770,743,1841,1248,672,1596,1641
1710: 75,653,519,1496,894,773,337,1694,1847,1823,1403,244,100,1411,710
1711: 
1712: 31,2007,1853,1701,1410,450,1546,791
2018: 1517,227,45,935,401,1345,1089,95
1714: 631,2004,347,972,1557,1512,1621,252,168,1900,1021,1478,56,1774,1070,1836,83,405,1506,1649,1797,737,531,89,1040,697,1599,1468,1725,243,724,748
1715: 257,912,1783,16,1601,391,509,1461,1677,1663,588
1716: 457,503
1717: 468,1196,1469,1477,61,1342,1375,1018,10,241,1331,573,818
1718: 238,1460,1151,1148,2009,292,1104,24,12,1834,1527,1188,1159,1719,276,648,141,1440,488
1719: 238,1460,1151,1148,2009,292,1104,24,12,1834,1527,1188,1159,276,648,141,1440,1718,488
1720: 1514,361,782,81,611,1255,200,1634,435
1721: 856,771,1924,1623,1855,1447,1887
1722: 1129,1383,1236,1467
1723: 158,1844
1724: 1351,2015,521,108,1359,1747,438,582,870,1149,1565,456,1954,1753,1249
1725: 631,2004,347,972,1557,1512,1621,252,168,1900,1021,1478,56,1774,1070,1836,83,405,1506,1649,1797,737,531,89,1040,697,1599,1468,1714,243,724,748
1726: 1940
1727: 1885,383,1020,294,565,1516,607,240,805
1728: 11,1815,1741,1386,606,1625,1395
1729: 1880,296,1198,1276,1138,827,231,704,156,1354,4,313,149,1757
1730: 506
1731: 
1732: 
1733: 491,414,154,787,1366,230,107,522,1833,1762,285
1734: 1422,478,1769,1409,1754,906,1898,363
1735: 210,57,463
1736: 824,741,746,2016,1975,989,876,228,1983,524,761,1008,1941
1737: 477,1743,1644,267,1840,1243,1620,490,1428,1320,1439
1738: 1316,525,447,1228,40,806
1739: 1756,1662
1740: 800,620,1703,517,315,132,1131,30,1538,73,284
1741: 11,1815,1386,1728,606,1625,1395
1742: 1856,655,1264,1430,729,917,1094,925,29,1227,944,1806
1743: 1644,267,1243,490,1428,1320,1439,1737
1744: 860,437,1304,287,1862,145,801,247,1520,1216,1078
1745: 174,512,1168,1145,1005,1590,1435
1746: 2013,178,670,1029,1210,583,1901,1039,1299,1695
1747: 1351,2015,521,108,1359,438,582,613,870,1149,1565,1724,456,1954,1753,1249
1748: 397,758,1792,551,1588,1928,372,867
1749: 1374,1420,106,1881,2002,1233,1529,201,1652,1555,357,1211,652,1959,947,513,1220,550,1539
1750: 1622,786,1536,130,170,886,352,1927,379,1054,385,1363
2001: 1398,353,1433,273,1871,883,1050,92,1996,36
1960: 429
1753: 1351,2015,521,108,1359,1747,438,582,613,870,1149,1565,1724,456,1954,1249
1754: 1422,1619,478,1734,1769,1409,906,1898,363
1755: 1119,380,1894,810,125,534,1861,1295,1654,1445
1756: 1739
1757: 231,704,156,1354,313,149,1880,296,1198,1276,1729,1138,827
1758: 
1759: 160,1358,1678,999,730,1073,1896,1578,72,311,1356,1999,714,1860,592,676,74,1674,314
1760: 307,147,77,279,1182,835
1761: 445,268,954,1642,1531,1225,1958,779,1604,1812
1762: 491,414,154,787,1366,230,107,522,1833,285,1733
1763: 921,715,187,1647,351,1480,1335,1432,135,1144,50,249,1061,783,1379,1155,1421,1042
1764: 1789,560,1136,694,599,1801,1689,1964,118,1105,146
1765: 1002,275,1602,511,1052,345,1593,316,206,358,964,1322,725
1766: 687,1373,833,1882,1914,1175,229,1938,1263,1030
1767: 376,994,1632,768,1944,1353,837,1574,770,1282,693
1768: 1260
1769: 1422,1619,478,1734,1409,1754,906,1898,363
1770: 341,1218,581,1544,96,1690,1709,743,1841,1248,672,1596,1641
1771: 1451,1706
1772: 137,1777,192,962,1932,1178,15,1143,1505,1664,1949
1773: 594,260,248,1126,784,1614,520,504,1824,1895,911
1774: 631,2004,347,972,1557,1512,1621,252,168,1900,1021,1478,56,1070,1836,83,405,1506,1649,1797,737,531,89,1040,697,1599,1468,1714,1725,243,724,748
1775: 454,1813,446,34,666,1830,1589,444,952,861,820,589,1226,632,329,945,1323,1065,1572,133,821,1899,616,645
1776: 1534,1788
1777: 137,192,962,1932,15,1772,1143,1505,1664,1949
1778: 1515,1972,1277,656
1779: 1541,79,1423,1056,745,1991
1780: 1067,1985,1920,461,873,1207,1605,953,1848,662,1378,1631
1781: 1060,966,979,763,1852,1161,1118,236,822,55,1890,1956,185
1782: 367,1059,902,1825,464,527,940,1110,374,781,712,924,615,1026,98,754,1049,1498,484,1380,65,1491
1783: 257,912,16,1601,1715,391,509,1293,1461,1677,1663,588
1784: 
1785: 1530,1035,1419,335,1691,654,1957,1950,326,728,1637,281,1582,545
1786: 1892,142,368,1576,2000,91,533,1326,278,1082
1787: 1986,220,1665,642,46,927,997,760,1109,595,1007,1488,1609,541
1788: 1534,1776
1789: 560,1136,694,599,1801,1689,1964,118,1105,146,1764
1790: 1917,1396,1357,920,598
1987: 199,1542,1033,568
1792: 397,758,1748,551,1588,1928,372,867
1793: 1165,2006,1230,544,302,1883,749,1315,365,44,395,1872,1661,1519,1503,239,872,1540,1107,318,1795
1794: 1235,1328,695,1803,734,63,1875,1804
1795: 1165,2006,1230,544,302,1883,749,1315,365,44,395,1872,1661,1793,1519,1503,239,872,1540,1107,318
1796: 181,657,731,466,35,1364,1936,888,1598,605,1821,1464,740,1239,1673,1173
1797: 631,2004,347,972,1557,1512,1621,252,168,1900,1021,1478,56,1774,1070,1836,405,1506,737,531,89,1040,697,1599,1468,1714,1725,243,724,748
1798: 1343,500,197,1438,1377
1799: 686,846,1612,1819,41,1347,563,375,309,483
1800: 51,1269,1062,1518
1801: 1789,560,1136,694,599,1689,1964,118,1105,146,1764
1802: 
1803: 1235,1794,1328,695,734,63,1875,1804
1804: 1235,1794,1328,695,1803,734,63,1875
1805: 1058,173,914,1231,196,1651,1554,1481
1806: 1856,655,1264,1430,729,917,1094,925,1742,29,1227,944,1346
1807: 1139,1019,1628,505,859,1338,593
1808: 1394,1474,600,939,518,904,932,707
1809: 1387,327,1643,777,1495,561,1925,1545,785,675,1586,1465
1810: 1292,635,759,1336
1811: 
1812: 445,268,954,1642,1531,1225,1761,1958,779,1604
1813: 454,446,34,666,1830,1589,444,952,861,820,589,1226,632,329,945,1323,1065,1572,133,821,1899,1775,616,645
1814: 1998,481,1679
1815: 11,1741,1386,1728,606,1625,1395
1816: 
1817: 8,576
1818: 
1819: 1612,41,1347,563,375,309,483,686,1355,846,1799
1820: 
1821: 181,657,731,466,35,1364,1936,1598,1796,605,1464,740,1239,1673,1173
1822: 1922,1194
1823: 1710,75,653,519,1496,894,773,337,1694,1847,1403,244,100,1411,710
1824: 594,260,248,1126,784,1614,520,504,1895,1773,911
1825: 367,1059,902,464,527,940,1110,374,781,712,924,615,1026,98,754,1049,1498,484,1380,65,1491,1782
1826: 699,216,1878,1870,348,272,269,1195,1390,1027,215,1989,217,388,828,455
1827: 1837,117,942,1867,1265,1285
1828: 1063,460,1091,417,832,2011,1581,136,1311,1926,849,119,623,180,508
1829: 124,396,253,951,1524,893,110,1022
1830: 454,1813,446,666,1589,444,952,861,820,589,1226,632,329,945,1323,1065,1572,133,821,1899,1775,616,645
1831: 
1832: 862,1613,1636,968,1951,831
1833: 491,414,154,787,1366,230,107,522,1762,285,1733
1834: 238,1460,1151,1148,2009,292,1104,24,12,1527,1188,1159,1719,276,648,141,1440,1718,488
1835: 1431,1308
1836: 631,2004,347,972,1557,1512,1621,252,168,1900,1021,1478,56,1774,1070,83,405,1506,1649,1797,737,531,89,1040,697,1599,1468,1714,1725,243,724,748
1837: 117,942,1827,1867,1265,1285
1838: 167,570,706,1427,538,53,389,1246,991,1064,1385,1528,690
1982: 410,310,1942,907,399,370,266,1606,84
1840: 477,1644,1243,1620,1428,1320,1439,1737
1841: 341,1218,581,1544,96,1690,1709,1770,743,1248,672,1596,1641
1842: 986,1543,1533,1332,1011,1388,641,439
1843: 1858,1699
1844: 1723,158
1845: 82,673,1153,1259,1472,1657,587,1367
1846: 126,1344,366,403,1902,371,1368,1044,94,1032
1847: 1710,75,653,519,1496,894,773,337,1694,1823,1403,244,100,1411,710
1848: 1067,1985,1780,873,1207,1605,953,662,1378,1631
1849: 669,871,1160,1607,1184,413
1850: 300
1851: 915,1028,874,1915,970,661,334,865,1349,1222,1120,649
1852: 1060,966,979,763,1161,1118,236,822,55,1890,1956,185,1781
1853: 31,2007,1712,1701,1410,450,1546,791
1854: 
1855: 856,771,1924,1623,1447,1887,1721
1856: 655,1264,1430,729,917,1094,925,1742,29,1227,944,1806,1346
1857: 
1858: 1868,1699,1843
1859: 
1860: 311,1356,1999,714,592,676,74,1674,314,730,1073,1896,1578,72,160,1358,1678,1759,999
1861: 1755,1119,380,1894,810,125,534,1295,1654,1445
1862: 860,437,1304,287,145,801,247,1520,1216,9,1744,1078,558,1100,843
1993: 956
2014: 580,1199,1919,364,1013,1521,1341,1031,709
1865: 
1866: 
1867: 1837,117,942,1827,1285
1868: 1858,1699
1869: 
1870: 699,216,1878,348,272,269,1195,1390,982,1027,215,1989,217,388,828,455,1826
1871: 1398,353,2001,1433,273,883,1050,92,1996,36
1872: 1165,2006,1230,544,302,1883,749,1315,365,44,395,1661,1793,1519,1503,239,872,1540,1107,318,1795
1873: 780,1076,793
1874: 788,1303,808,1244,1017,897,1955,26,424,957,172,5,1909
1875: 1235,1794,1328,695,1803,734,63,1804
1876: 
1877: 1171,1221,984,1339,1234,1075,104,803,1988,723,713,1095,1324,1074,1640,1015,1580,990,328
1878: 699,216,1870,348,272,269,1195,1390,982,1027,215,1989,217,388,828,455,1826
1879: 1135,602,0,235
1880: 296,1198,1276,1729,1138,827,231,156,4,313,149,1757
1881: 1374,1420,106,2002,1233,1529,201,1652,1555,357,1211,652,1959,947,1749,1220,550,1539
1882: 687,1373,833,1914,1766,1175,229,1938,1263,1030
1883: 1165,2006,544,302,749,1315,365,44,395,1872,1661,1793,1519,1503,239,872,1540,1107,318,1795
1884: 1462,299,1297,877,1142
1885: 383,1020,1727,565,240,805
1886: 1312,1025,208,1484,618,923,1300,1111,1417,1575,362
1887: 856,771,1924,1623,1855,1447,1721
1888: 
1889: 176,331,2005,881,934,851,579
1890: 1060,966,979,763,1852,1161,1118,236,822,55,1956,185,1781
1891: 1141,854,1274,585,1897,1183,1103
1892: 142,368,1786,1576,2000,91,533,1326,278,1082
1893: 1314,387,1402,349,836,467,1329,270,430,829,1101,887,901,1416,747,1992,604
1894: 1755,1119,380,810,125,534,1861,1295,1654,1445
1895: 594,260,248,1126,784,1614,520,504,1824,1773,911
1896: 1578,72,730,1073,160,1358,1678,1759,999,1356,714,1860,592,676,74,1674,314
1897: 1141,854,1274,1891,585,1183,1103
1898: 1422,1619,478,1734,1769,1409,1754,906,363
1899: 454,1813,446,34,666,1830,1589,444,952,861,820,589,1226,632,329,945,1323,1065,1572,133,821,1775,645
1900: 631,2004,347,1557,252,168,1021,1478,56,1774,1070,1836,83,405,1506,1649,1797,737,531,89,1040,697,1599,1468,1714,1725,243,724,748
1901: 2013,178,1746,670,1029,1210,583,1039,1299,1695
1902: 126,1846,1344,366,403,223,371,1368,1044,94,1032
1903: 
1904: 890,575,1994,1045,1967,1266,1130,1624,523,597,718
1905: 794,1275,214,129,333,943,1370,998,1553,1072,1564,1108,97
1906: 1291,1704
1907: 1098
1908: 
1909: 1303,808,1244,1017,897,1955,26,424,957,172,5,1874
1910: 
1911: 939,518,904,932,707,600
1912: 112,1946
1913: 
1914: 687,1373,833,1882,1766,1175,229,1938,1263,1030
1915: 970,661,334,865,1349,1222,1120,649,915,1028,874,1851
1958: 445,268,954,1642,1531,1225,1761,779,1604,1812
1917: 1396,1357,1790,920,598
1918: 
1919: 580,1199,2014,364,1013,1521,1341,1031,709
1920: 1067,1985,1780,461,873,1207,1605,953,662,1378,1631
1921: 
1922: 535,1194,1822
1923: 1122,679,245
1924: 856,771,1623,1855,1447,1887,1721
1925: 1809,1387,327,1643,777,1495,1545,785,675,1586,1465
1926: 1063,460,1091,417,832,2011,1581,136,1828,1311,849,119,623,180,508
1927: 886,352,379,1054,385,1363,1750,1622,786,1536,130
1928: 397,758,1748,1792,551,1588,372,867
1929: 
1930: 
1931: 1169,1290,344
1932: 137,1777,192,962,1178,15,1772,1143,1505,1664,1949
1933: 
1934: 1133,1656
1935: 255,636,1437,165,1321,256,1317,1407,1369,1115,324,409,1123,325,289
1936: 181,657,731,466,35,1364,888,1598,1796,605,1821,1464,740,1239,1673,1173
1937: 393
1938: 687,1373,833,1882,1914,1766,1175,229,1263,1030
1939: 1597,2008,1559,753,153,1001,343,64,20
1940: 1726
1941: 824,741,746,2016,1975,989,876,228,1983,524,761,1008,1736
1942: 410,310,907,399,370,266,1606,84,1982
1964: 1789,560,1136,694,599,1801,1689,118,1105,146,1764
1944: 376,994,1632,768,1353,837,1574,770,1282,693,1767
1945: 913,948,138,1340,480,1006,1561,1180,400,59,790,1307
1946: 1912,112
1947: 2012,644,78,469,814,1429,1485,1997,1393,1256,398,719
1948: 1124,949,1415,895,431,1140,109,1443,1164,1158,213,317,207,224,2
1949: 137,1777,192,962,1932,1178,15,1772,1143,1505,1664
1950: 1530,1035,1419,335,1691,654,1957,326,728,1637,281,1582,545,1785
1951: 968,1832,862,1613,1636,831
1952: 