0: 
1: 1542,963,609
2: 207,1158,1124,109,1415,1164,317,431,1948,895,1140,1443,949
3: 1042,853
4: 
5: 957,26,1955
6: 
7: 113,590,436,1933,1201,1125
8: 1817
9: 246,1623,1447
10: 1469,1342,1717,1375,61,1196,1477
11: 1790,1000,1815
12: 
13: 918,140,996,764,1365,2019,2017
14: 786,170,1927
15: 1932,1664,1143,137,1949,1777,1505,192
16: 509,912,1715,1461,1601
17: 1848
18: 1112,1238
19: 1079,755,62,479
20: 64,2008,343,753,1597
21: 946,1066
22: 
23: 1802,1154,1943,1213,171,1204
24: 488
25: 644
26: 424,1955,1017,5,957
27: 445,1225,954,360,1958
28: 1350,864
29: 1742,1346
30: 1131,132,1703,800,1740,315
31: 1495,622,1318,498,1497
32: 
33: 221,1219,1583
34: 454,632,861,1323,1775,133,820,1226,821,1572,1589,666,952,645,446,444
35: 466,1821,1239,605,1598,1796,888,1936,1464,1364,1673,1173,731,740
36: 2001,883,1050,1871,1398,273,1433,353
37: 
38: 
39: 320
40: 1434,806,148
41: 1819,1355,686,483,1347,375,1612,1799,309,563,846
42: 
43: 399,869,188,1448,410
44: 318,544,1540,1883,1519,1107,1795,365,2006,1793,1503,1872,749,395,1315,1165,872,1230,302,1661
45: 1517,95,935,2018,1089,227
46: 1609,1488,1787,1026,1109
47: 1090,342,776,312,295,1400
48: 1931,1250,1563
49: 356,1592
50: 1379,1432,1763,783,921,715,135,249,1335
51: 289,324,1518
52: 797
53: 991,1427,1528,538,389,1064,1838,570,1385,690,1246,167,706
54: 1087,1425
55: 1118,1956,763,1060,979,1161,1781,1852,966
56: 1599,1468,1836,737,1040,2004,1714,631
57: 1135,672
58: 557,1502,958,539
59: 1561,1340,138,1307,790,400,1945,948
60: 
61: 1469,1342,10,1375,1196,1477
62: 1079,755,19,479
63: 1794,1803,734
64: 20,2008,343,753,1597
65: 98,615,902,1491,1110,712,754,1059,1825,781,1782,1380,464
66: 1811
67: 1573
68: 242,1501,691,665,1229,898,175
69: 
70: 830,250,577,624,1283,625,1334,1252,209,542,301
71: 1617,1181,1424,571,612,1600,1014
72: 160,1073,1674,592,1358,1356,1896,999,74,1759,1999,314,730,1678
73: 1563
74: 160,1073,1674,592,1358,1356,1896,999,1759,1999,314,730,72,1678
75: 244,1403,1847,710,1411,1694,100,519,1823,773,1496
76: 
77: 307
78: 
79: 1541,1779,1423,745
80: 195
81: 200,1255,361,1720,435,1634,1514
82: 587,1367,319,1472
83: 1725,1557
84: 1982,370,1942
85: 1294
86: 1043,937,321,1327,458,1458,983,205,222,634
87: 
88: 638,93,105,304,163,1406,103,487,1648,264
89: 1506,531,1021,1070,1478,1621
90: 
91: 142,1082,1892,533,2000,1576,1786
92: 1467,502,1939,1552
93: 638,105,304,163,1406,103,487,1648,264,88
94: 1120,535,126,1902
95: 1517,935,2018,1089,45,227
96: 1964,146
97: 1072,1275,998,1108,333,129,943,1564,1905
98: 615,902,1491,1110,712,754,1059,1825,781,1782,65,464
99: 
100: 1694,519,1823,773,1496,244,1403,1847,75,710,1411
101: 1303,429,204,386,1874
102: 
103: 638,93,105,304,163,1406,487,1648,264,88
104: 1215,1081,1672
105: 638,93,304,163,1406,103,487,1648,264,88
106: 513,1529,1652,1374,2002,201,550,1211,1749,1555
107: 285,1833,787,1762
108: 
109: 2,207,1158,1124,1164,317,431,1948,895,1140,1443,949
110: 1022,951,1524
111: 1686,863,1630,1301
112: 
113: 590,436,1933,1201,1125,7
114: 
115: 
116: 
117: 1867,1837
118: 1764,560,599,694,1136,1105,1789,1689,1801
119: 1581,1091,417,2011,832,180,1311,136,1828,849
120: 
121: 
122: 
123: 1325,566,553,549,1418,1913
124: 1829,1163,893
125: 
126: 1120,535,1902,94
127: 938
128: 1357,598
129: 1072,1275,998,1108,333,97,1150,943,1564,1905,214,1370
130: 379,1268,501,1054,1622
131: 298,925,702
132: 1131,1703,800,30,1740,315
133: 454,632,861,34,1323,1775,820,1226,821,1572,1589,666,952,645,446,444
134: 1665,956
135: 1379,1432,1763,783,921,715,50,249,1335
136: 1581,1091,417,2011,119,832,180,1311,1828,849
137: 1932,1664,1143,15,1949,1777,1505,192
138: 1561,913,1340,1307,1284,790,400,1945,948,59
139: 
140: 13,918,996,764,1365,2019,2017
141: 330
142: 1082,1892,533,91,2000,1576,1786
143: 908,1389,1278,530,1494,1459,1687,1116,211,617,1037,2003,955,262
144: 328,1075,1234
145: 843,1093,1700,1100
146: 158,1964,96
147: 
148: 1434,806,40
149: 
150: 1523,942
151: 1510,1442,507,621,1436,1995,885,931,1969,1526,643,1697,1034,1371
152: 1394,639
153: 1722,1129
154: 
155: 1169,1888,346,1681
156: 1757,1880
157: 
158: 146,1964
159: 293,340,485,1178,226,707
160: 1073,1674,592,1358,1356,1896,999,74,1759,1999,314,730,72,1678
161: 852,627
162: 1336,682,1693
163: 638,93,105,304,1406,103,487,1648,264,88
164: 
165: 1369,1115,1317,409,636,255,256,1437,1321,1123
166: 1295,1711,1869,1669
167: 991,1427,1528,53,538,389,1064,1838,570,1385,690,1246,706
168: 
169: 
170: 786,14,1927
171: 1204,1802,1154,1943,23,1213
172: 
173: 1058,196,1554,811
174: 1435,1145,1168,992,910
175: 665,1229,898,242,1501,68,691
176: 
177: 
178: 
179: 
180: 1581,1091,417,2011,119,832,1311,136,1828,849
181: 899,657
182: 896,1396,880
183: 879,1191,1903
184: 471,419,1923,796,678
185: 1500
186: 
187: 351,1155,1480,1647
188: 43,399,869,1448,410
189: 
190: 1190
191: 
192: 1777,1505,1932,1664,1143,137,15,1949
193: 1361,323,711,941
194: 
195: 80,1610
196: 173,1058,1554,811
197: 401
198: 1937,616
199: 
200: 81,1255,361,1720,435,782,1634,1514
201: 513,1529,106,652,1652,1374,2002,550,1211,1881,1749,1555
202: 274,1362,1696,905,857,443,813,762,1302,1330,1493,855,1708,1522,1650,993,1288
203: 
204: 1303,429,101,386,1874
205: 1043,937,321,1327,458,1458,983,222,86,634
206: 964,1602
207: 2,1158,1124,109,1415,1164,317,431,1948,895,1140,1443,949
208: 1417,1025,1886
209: 1334,1252,542,830,250,577,624,70,625
210: 
211: 1116,617,1037,2003,955,262,908,1389,1278,530,1494,1459,143
212: 1676,629,1157,1910,837,994
213: 940,997
214: 1072,1275,1108,129,1150,943,1564,1905,1370
215: 216,348,388,1195,217
216: 215,348,388,1195,217
217: 216,215,348,388,1195
218: 
219: 
220: 1785
221: 1219,33,1583
222: 1043,937,321,1327,458,1458,983,205,86,634
223: 
224: 1651
225: 377,514,1513,470,772
226: 707,1178,293,340,159,485
227: 1517,95,935,2018,1089,45
228: 1941,746,1736,1975,524,2016,761,741,876,1008
229: 1882,555,1175,1030,1938
230: 1635,1590,1313
231: 1354,1198
232: 1069,1232
233: 1675,601,802,1534
234: 1376,1698
235: 
236: 822
237: 
238: 292,2009,1151,1718,1148,1188,648,1460
239: 
240: 294,1516
241: 1717,1196
242: 1501,68,691,665,1229,898,175
243: 
244: 1403,1847,75,710,1411,1694,100,519,1823,773,1496
245: 
246: 9,1623,1447
247: 1744,1304,1216,1520,801,558,437,1862
248: 
249: 1379,1432,1763,783,921,715,50,135,1335
250: 830,577,624,1283,70,625,1252,209,542
251: 
252: 1512,405,697,1649,1900
253: 
254: 1381
255: 1369,1115,1317,409,165,636,256,1437,1321,1123
256: 1369,1115,1317,409,165,636,255,1437,1321,1123
257: 
258: 1088,650
259: 836
260: 1126,594,784,504,1773,520
261: 
262: 1116,211,617,1037,2003,955,908,1389,1278,530,1494,1459,1687,143
263: 1666,733,1132,1197,839
264: 638,93,105,304,163,1406,103,487,1648,88
265: 
266: 493
267: 1428,1243,1644,1320,477,1743,1620,1737,490
268: 
269: 1878,1826
270: 901,887,1416,387,1329,747
271: 
272: 1826
273: 2001,883,36,1050,1871,1398,1433,353
274: 1362,202,1696,905,857,443,813,762,1302,1330,1493,1629,1450,855,1708,1522,1650,993,1288
275: 
276: 1898,1912
2010: 1413
278: 
279: 
280: 
281: 1289,1550
2011: 1581,1091,417,119,832,180,1311,136,1828,849
283: 
284: 480
285: 1833,107,787,608,1762
286: 
287: 1548,1810
288: 1012,372,1038,732,696
289: 51,324,1518
290: 
291: 442,969,973,614
292: 238,2009,1151,1718,1148,1188,648,1460
293: 340,159,485,1178,226,707
294: 805,240,1516
295: 1090,342,776,47,312,1400
296: 
297: 
298: 131,925,702
299: 1027,508,877,1297,1462,1390,1884,1926
300: 1405,1203,1055,808
301: 1334,1252,577,1283,70,625
302: 2006,1793,1503,1872,749,395,1315,1165,872,1230,318,544,1540,1883,44,1519,1107,1795,365,1661
303: 603
304: 638,93,105,163,1406,103,487,1648,264,88
305: 1134,552,1319,1639
306: 
307: 77
308: 585,1183
309: 1819,1355,686,483,1347,375,1612,1799,563,846,41
310: 1004
311: 
312: 1090,776,47,295,1400
313: 
314: 160,1073,1674,592,1358,1356,999,74,1759,1999,730,72,1678
315: 1131,132,1703,800,30,1740
316: 725,511,1002,1322,1765,345,358,1052
317: 2,207,1158,1124,109,1415,1164,431,1948,895,1140,1443,949
318: 544,1540,1883,44,1519,1107,1795,365,2006,1793,1503,1872,749,395,1315,1165,872,1230,302,1661
319: 587,1367,1472,82
320: 39
321: 1043,937,1327,458,1458,983,205,222,86,634
322: 
323: 1361,711,941,193
324: 289,51,1518
325: 866,1935
326: 654
327: 1084,475,1835
328: 144,1075,1234
329: 779
330: 141
331: 1889,2005,934,881,851,579
332: 
333: 1072,1275,998,1108,97,129,1564,1905
334: 1349,915,1915,874,649,1222,1851,970,865
335: 564,1950,1691,728
336: 
337: 640,1816
338: 344
339: 1414,756
340: 293,159,485,1178,226,707
341: 1641,1841,1709,1248,1218,743,581
342: 1090,776,47,295,1400
343: 2008,753,1597,64,20
344: 1791,338
345: 1765,358,1052,725,511,1002,316,1322
346: 1888,1681,1169,155
347: 
348: 216,215,388,1195,217
349: 
350: 1113
351: 187,1155,1480,1647
352: 
353: 2001,883,36,1050,1871,1398,273,1433
354: 
355: 
356: 49,1592
357: 
358: 1765,345,1052,725,511,1002,316,1322
359: 1866,1591,1348
360: 1958,27,445,1225,954
361: 1255,1720,81,200,1634,1514
362: 
363: 
364: 580,1521,1199,2014,1013,1031,709,1341
365: 318,544,1540,1883,44,1519,1107,1795,2006,1793,1503,1872,749,395,1315,1165,872,1230,302,1661
366: 
367: 1498,484
368: 
369: 1208,486,664,1121
370: 84,1982,1942
371: 1368,1846,1044,403,1344,1032
372: 1012,1038,732,288,696
373: 
374: 484,924
375: 1819,1355,686,483,1347,1612,1799,309,563,846,41
376: 1632,768,1353,770,1767,693
377: 514,1513,225,470,772
378: 
379: 130,1750,928,1268,501,1054,1622
380: 1731,1553
381: 995,1263
382: 1567,1607,1184,1224
383: 607,565,1885
384: 441
385: 1363,1536,1658
386: 1303,429,204,101,1874,449
387: 901,887,1416,1329,270
388: 216,215,348,1195,217
389: 991,1427,1528,53,538,1064,1838,570,1385,690,1246,167,706
390: 
391: 
392: 
393: 474,1907,945
394: 
395: 2006,1793,1503,1872,749,1315,1165,872,1230,302,318,544,1540,1883,44,1519,1107,1795,365,1661
396: 
397: 
398: 1429,469,2012,719,1256,1485
399: 43,869,188,1448,410
400: 1561,1340,138,1307,790,1945,948,59
401: 197
402: 
403: 1368,1846,371,1044,1344,1032
404: 
405: 1512,697,252,1649,1900
406: 
407: 847,1260
408: 
409: 1369,1115,1317,165,636,255,256,1437,1321,1123
410: 43,399,869,188,1448
411: 701,427
412: 
413: 
414: 1894,1984
415: 
416: 
417: 1581,1091,2011,119,832,180,1311,136,1828,849
418: 1261
419: 471,1923,184
420: 492
421: 1024,978
422: 
423: 1147
424: 26,1955,1017,957
425: 
426: 
427: 701,411
428: 
429: 1303,204,101,386,1874
430: 953,950
431: 2,207,1158,1124,109,1415,1164,317,1948,895,1140,1443,949
432: 1139,1807,1019
433: 
434: 
435: 782,1255,1720,81,200,1514
436: 113,590,1933,1201,1125,7
437: 1744,1304,1216,1520,801,558,1862,247
438: 521,1249,1351,456,1954,1747,2015,1724,1753,613
439: 1842,986,1254,1533,1388,1543,641
440: 
441: 384
442: 969,973,614,291
443: 274,1362,202,1696,905,857,813,762,1302,1330,1493,1629,1450,855,1708,1522,1650,993,1288
444: 454,632,861,34,1323,1775,133,820,1226,821,1572,1589,666,952,645,446
445: 27,1225,954,360,1958
446: 454,632,861,34,1323,1775,133,820,1226,821,1572,1589,666,952,645,444
447: 
448: 1685,1177
449: 1874,1303,386
450: 1546,2007,1410,1853,1712,1701,791
451: 
452: 862,1636,1832,1613,1971
453: 
454: 861,34,1323,1775,133,820,1226,821,1572,1589,666,952,645,446,444
455: 
456: 1249,1351,1954,1747,2015,1724,1753,613,438,521
457: 
458: 1043,937,321,1327,1458,983,205,222,86,634
459: 589
460: 623,1642
461: 1067,1605,1985,1920,662,1207,1780,873
462: 
463: 
464: 98,615,902,1491,1110,712,754,1059,1825,781,1782,65,1380
465: 
466: 1821,1239,605,1598,1796,888,1936,1464,35,1364,1673,1173,731,740
467: 
468: 
469: 1429,398,2012,719,1256,1485
470: 377,514,1513,225,772,1670
471: 419,1923,184,796,678
472: 
473: 
474: 393,1907,945
475: 1084,327,1835
2016: 1941,746,1736,1975,228,524,761,741,876,1008
477: 1428,1243,1644,1320,1743,1620,267,1737,490
478: 1409,1769,1754,906,1422
479: 1079,755,62,19
480: 284
481: 1998,798,1048
482: 1099,1666,733,1132
483: 1819,1355,686,1347,375,1612,1799,309,563,846,41
484: 1498,367,374,924
485: 293,340,159,1178,226,707
486: 1208,369,1121
487: 638,93,105,304,163,1406,103,1648,264,88
488: 24
489: 1466,1544
490: 1428,1243,1644,1320,477,1743,1620,267,1737
491: 
492: 420
493: 266,1916
494: 1205,841
495: 
496: 
497: 1223,1569,1490,757
498: 1495,622,1318,31,1497
499: 
500: 1438,1343,1377,1798
501: 130,379,1268,1054
502: 1467,92,1077,1939,1552
503: 1972,1515,1778
504: 1773,520,1126,594,260,784
505: 
506: 
507: 1510,1442,621,1436,1995,885,151,931,1969,1526,643,1697,1034,1371
508: 1027,299,877,1297,1462,1390,1884,1926
509: 912,1715,1461,16,1601
510: 1558,916,1186
511: 725,1002,316,1322,1765,345,358,1052
512: 
513: 1529,106,652,1652,1374,2002,201,550,1211,1881,1749,1555
514: 377,1513,225,470,772,1670
515: 1968,1431
516: 
517: 1041,1970
518: 932,600,1808,1911
519: 1694,100,1823,773,1496,244,1403,1847,75,710,1411
520: 504,1773,1126,594,260,784
521: 438,1249,1351,456,1954,1747,2015,1724,1753,613
522: 705
523: 
524: 1941,746,1736,1975,228,2016,761,741,876,1008
525: 1292,1316
526: 
527: 1919
528: 
529: 
530: 908,1389,1278,1494,1459,1687,143,1116,211,617,1037,2003,955,262
531: 1506,1021,1070,1478,1621,89
532: 1403,1847,710,1411,1823,773
533: 142,1082,1892,91,2000,1576,1786
534: 810,1445,1755
535: 1120,126,1902,94
536: 
537: 833,1182
538: 991,1427,1528,53,389,1064,1838,570,1385,690,1246,167,706
539: 557,1502,58,958
540: 
541: 760,595,1603
542: 1334,1252,209,830,250,577,624,70,625
543: 
544: 318,1540,1883,44,1519,1107,1795,365,2006,1793,1503,1872,749,395,1315,1165,872,1230,302,1661
545: 1127,1463,1637
2005: 1889,934,331,881,851,579
547: 1792,1748,867
548: 
549: 1325,566,553,1418,123,1913
550: 513,1529,106,652,1652,1374,2002,201,1211,1881,1749,1555
551: 
552: 1134,1319,1639,305
553: 1325,566,549,1418,123,1913
554: 1562,1547,1117
555: 1882,229,1175,1030,1938
556: 1608,1146
557: 1502,58,958,539
558: 1744,1304,1216,1520,801,437,1862,247
559: 1824,1895,1384,911,1876,1614
560: 1764,599,694,1136,1105,1789,118,1689,1801
561: 1465,1387,1586,785,1925
562: 1979,767
563: 1819,1355,686,483,1347,375,1612,1799,309,846,41
564: 1950,1691,728,335
565: 383,607,1885
566: 1325,553,549,1418,123,1913
567: 769,576
568: 
569: 
570: 991,1427,1528,53,538,389,1064,1838,1385,690,1246,167,706
571: 1617,71,1181,1424,612,1600,1014
572: 
573: 1631
574: 
575: 890,718,1994,1130,1045,597,1624
576: 567,769
577: 830,250,624,1283,70,625,1334,1252,209,542,301
578: 716,1023
579: 1889,2005,934,331,881,851
580: 364,1521,1199,2014,1013,1031,709,1341
581: 743,1641,1841,1709,341,1248,1218
582: 
583: 1695,1039,1746,2013,1029,1901,1299,670,1210
584: 739,1812,1453,1934,1656,1162
585: 1183,308
586: 
587: 1367,319,1472,82
588: 
589: 459
590: 113,436,1933,1201,1125,7
591: 
592: 160,1073,1674,1358,1356,1896,999,74,1759,1999,314,730,72,1678
593: 
594: 1126,260,784,504,1773,520
595: 760,961,541,642,1603
596: 
597: 890,718,1994,1130,1045,1624,575
598: 128,1357
599: 1764,560,694,1136,1105,1789,118,1689,1801
600: 932,518,1808,1911
601: 1675,233,802,1534
602: 
603: 303
604: 1402,1101,829,1314
605: 466,1821,1239,1598,1796,888,1936,1464,35,1364,1673,1173,731,740
606: 
607: 383,565
608: 1366,1762,285,787
609: 1542,963,1
610: 
611: 
612: 1617,71,1181,1424,571,1600,1014
613: 1249,1351,456,1954,1747,2015,1724,1753,438,521
614: 442,973,291
615: 98,902,1491,1110,712,754,1059,1825,781,1782,65,464
616: 1937,198
617: 1116,211,1037,2003,955,262,908,1389,1278,530,1494,1459,1687,143
618: 838,1756,792
619: 
620: 
621: 1510,1442,507,1436,1995,885,151,931,1969,1526,643,1697,1034,1371
622: 1495,1318,498,31,1497
623: 460,1642
624: 830,250,577,1283,70,625,1334,1252,209,542
625: 830,250,577,624,1283,70,1334,1252,209,542,301
626: 
627: 161,852
628: 
629: 1676,212,1157,1910,837,994
630: 
631: 2004,1714,1836,737,1040,1468,56
632: 34,1775,133,820,821,1572,1589,666,952,446,444
633: 
634: 1043,937,321,1327,458,1458,983,205,222,86
635: 1262,987
636: 1369,1115,1317,409,165,255,256,1437,1321,1123
637: 
638: 93,105,304,163,1406,103,487,1648,264,88
639: 152,1394
640: 337,1816
641: 1842,986,1254,439,1533,1388,1543
642: 760,961,595,1603
643: 1510,1442,507,621,1436,1995,885,151,931,1969,1526,1697,1034,1371
644: 25
645: 454,861,34,1323,1775,133,820,1226,821,1572,1589,666,952,446,444
646: 1560
647: 812
648: 2009,1151,1718,1148,1188,1460,238,292
649: 1349,915,1915,874,1222,334,1851,970
650: 1088,258
651: 900
652: 513,1529,1652,1374,2002,201,550,1211,1881,1749,1555
653: 
654: 326
655: 1806,1227,1264,944,917
656: 
657: 899,181
658: 
659: 
660: 1908,860,1721,771
661: 1906,1699
662: 461,1067,1605,1985,1920,1207,1780,873
663: 
664: 1121,1208,369
665: 1229,898,242,1501,68,691,175
666: 454,632,861,34,1323,1775,133,820,1226,821,1572,1589,952,645,446,444
667: 
668: 
669: 1784
670: 1695,1039,1746,2013,1029,1901,1299,583,1210
671: 1189,1660
672: 1135,57
673: 1153
674: 825,974
675: 
676: 
677: 
678: 471,1923,184,796
679: 1152,1953,799,1270
680: 
681: 
682: 1693,1336,162
2007: 450,1546,1410,1853,1712,1701,791
684: 1455
685: 1114,722
686: 1819,1355,483,1347,375,1612,1799,309,563,846,41
687: 
688: 
689: 
690: 991,1427,1528,53,538,389,1064,1838,570,1385,1246,167,706
691: 242,1501,68,665,1229,898,175
692: 1240,1051
693: 1632,768,1353,770,1767,376
694: 1764,560,599,1136,1105,1789,118,1689,1801
695: 
696: 1012,372,1038,732,288
697: 1512,405,252,1649,1900
698: 
699: 1565,1309
700: 1854
701: 427,411
702: 298,131,925
2006: 1793,1503,1872,749,395,1315,1165,872,1230,302,318,544,1540,1883,44,1519,1107,1795,365,1661
704: 
705: 522
706: 991,1427,1528,53,538,389,1064,1838,570,1385,690,1246,167
707: 226,1178,293,340,159,485
708: 
709: 1521,1199,2014,1013,1031,1341,580,364
710: 532,244,1403,1847,75,1411,1694,100,519,1823,773,1496
711: 1361,323,941,193
712: 98,615,902,1491,1110,754,1059,1825,781,1782,65,464
713: 1095,723,1640,803,1074,990,1221,1580,1015
714: 
715: 1379,1432,1763,783,921,50,135,249,1335
716: 578,1023,891
2015: 1249,1351,456,1954,1747,1724,1753,613,438,521
718: 890,1994,1130,1045,597,1624,575
719: 1429,398,469,2012,1256,1485
720: 
721: 
722: 1114,685
723: 1095,1640,713,1877,1074,990,1221,1580,1015
724: 
725: 511,1002,316,1322,1765,345,358,1052
726: 884,1726
727: 
728: 564,1950,1691,335
729: 
730: 160,1073,1674,592,1358,1356,1896,999,74,1759,1999,314,72,1678
731: 466,1821,1239,605,1598,1796,888,1936,1464,35,1364,1673,1173,740
732: 1012,372,1038,288,696
733: 1099,1666,1132,263,1197,482,839
734: 1794,63
735: 
736: 
737: 1836,1040,2004,1714,631,1599,1468,56
738: 1537,1046
739: 584,1812,1453,1934,1656,1162
740: 466,1821,1239,605,1598,1796,888,1936,1464,35,1364,1673,1173,731
741: 1941,746,1736,1975,228,524,2016,761,876,1008
742: 
743: 581,1641,1841,1709,341,1248,1218
744: 
745: 1541,79,1779,1423,1056
746: 1941,1736,1975,228,524,2016,761,741,876,1008
747: 901,887,1416,1329,270
748: 
749: 2006,1793,1503,1872,395,1315,1165,872,1230,302,318,544,1540,1883,44,1519,1107,1795,365,1661
750: 
751: 
752: 
753: 2008,343,1597,64,20
754: 98,615,902,1491,1110,712,1059,1825,781,1782,65,1380,464
755: 1079,62,19,479
756: 1414,339
757: 1223,497,1569,1490
758: 
759: 
760: 961,541,595,642,1603
761: 1941,746,1736,1975,228,524,2016,741,876,1008
762: 274,1362,202,1696,905,857,443,813,1302,1330,1493,1629,1450,855,1708,1522,1650,993,1288
763: 1118,1956,55,1060,979,1161,1781,1852,966
764: 13,918,140,996,1365,2019,2017
765: 1646,1241
766: 
767: 1979,562
768: 1632,1353,770,1767,693,376
769: 567,576
770: 1632,768,1353,1767,693,376
771: 1721,1908,860,660
772: 377,514,1513,225,470,1670
773: 1694,100,519,1823,1496,532,244,1403,1847,75,710,1411
774: 
2019: 13,918,140,996,764,1365,2017
776: 1090,342,47,312,295,1400
777: 
778: 1259,1657
779: 329
780: 
781: 98,615,902,1491,1110,712,754,1059,1825,1782,65,464
782: 435,1634,1255,1720,200,1514
783: 1379,1432,1763,921,715,50,135,249,1335
784: 1126,594,260,504,1773,520
785: 1809,1925,1465,561,1387,1586
786: 170,14,1927
787: 285,1833,107,608,1762
788: 
2017: 13,918,140,996,764,1365,2019
790: 1561,913,1340,138,1307,1284,400,1945,948,59
791: 450,1546,2007,1410,1853,1712,1701
792: 838,1756,618
793: 
794: 1840
795: 
796: 471,1923,184,678
797: 52
798: 1998,1048,481
799: 1152,1953,1270,679
800: 1131,132,1703,30,1740,315
801: 1744,1304,1216,1520,558,437,1862,247
802: 1675,601,233,1534
803: 1640,713,1074,990,1580,1015
804: 
805: 294,1516
806: 1434,40,148
807: 
808: 300,1405,1203,1055
809: 923,1484,1300
810: 1445,534,1755
811: 173,1058,196,1554
812: 647
813: 274,1362,202,1696,905,857,443,762,1302,1330,1493,1629,1450,855,1708,1522,1650,993,1288
814: 
815: 1408
816: 
817: 
818: 1859,892
819: 
820: 454,632,34,1775,133,821,1572,1589,666,952,645,446,444
821: 454,632,861,34,1323,1775,133,820,1226,1572,1589,666,952,645,446,444
822: 236
823: 1231,914
824: 
825: 674
826: 1308
827: 
828: 
829: 1402,1101,604,1314
830: 250,577,624,70,625,1252,209,542
831: 
832: 1581,1091,417,2011,119,180,1311,136,1828,849
833: 537,1182
834: 
835: 
836: 259
837: 1676,212,629,1157,1910,994
838: 1756,618,792
839: 1099,1666,733,1132,263,1197
840: 
841: 1205,494
842: 
843: 1093,145,1700,1100
2008: 343,753,1597,64,20
845: 
846: 1819,1355,686,483,1347,375,1612,1799,309,563,41
847: 407
848: 
849: 1828,1581,1091,417,2011,119,832,180,1311,136
850: 
851: 1889,2005,934,331,881,579
852: 161,627
853: 1042,3
854: 
855: 274,1362,202,1696,905,857,443,813,762,1302,1330,1493,1629,1450,1708,1522,1650,993,1288
856: 1623,1584,1887
857: 274,1362,202,1696,905,443,813,762,1302,1330,1493,1629,1450,855,1708,1522,1650,993,1288
858: 
859: 
860: 1908,660,771
861: 454,34,1323,1775,133,1226,821,1572,1589,666,952,645,446,444
862: 452,1636,1832,1613,1971
863: 1686,1630,1301,111
864: 1350,28
865: 915,1915,874,1222,334,1851,970
866: 325,1935
867: 1792,1748,547
868: 
869: 43,399,188,1448,410
870: 
871: 1217,1849
872: 2006,1793,1503,1872,749,395,1315,1165,1230,302,318,544,1540,1883,44,1519,1107,1795,365,1661
873: 461,1067,1605,1985,1920,662,1207,1780
874: 1349,915,1915,649,1222,334,1851,970,865
875: 
876: 1941,746,1736,1975,228,524,2016,761,741,1008
877: 1027,299,508,1297,1462,1390,1884,1926
878: 1479,1253
879: 183,1191,1903
880: 896,182,1396,1174,1551
881: 1889,2005,934,331,851,579
882: 
883: 2001,36,1050,1871,1398,273,1433,353
884: 726,1726,976
885: 1510,1442,507,621,1436,1995,151,931,1969,1526,643,1697,1034,1371
886: 1257,959,1595,1532
887: 901,1416,387,1329,747,270
888: 466,1821,1239,605,1598,1796,1936,1464,35,1364,1673,1173,731,740
889: 
890: 718,1994,1130,1045,597,1624,575
891: 1987,1444,716,1023
892: 818
893: 1829,1163,124
894: 
895: 1140,1443,949,2,207,1158,1124,109,1415,1164,317,431,1948
896: 182,1396,880,1551
897: 
898: 665,1229,242,1501,68,691,175
899: 181,657
900: 651
901: 887,1416,387,1329,747,270
902: 98,615,1491,1110,712,754,1059,1825,781,1782,65,1380,464
903: 
904: 1474
905: 274,1362,202,1696,857,443,813,762,1302,1330,1493,1629,855,1708,1522,1650,993,1288
906: 1409,1769,1754,478,1422
907: 
908: 1389,1278,530,1494,1459,1687,143,1116,211,617,1037,2003,955,262
909: 
910: 1435,174,1145,1168,992
911: 1895,1384,1876,1614,559,1824
912: 509,1715,1461,16,1601
913: 1561,1340,138,1307,1284,790,1945,948
914: 1231,823
915: 1349,1915,874,649,1222,334,1851,970,865
916: 510,1558,1102,1186
917: 1430,1264,944,1856,1806,655,1227
918: 13,140,996,764,1365,2019,2017
919: 
920: 
921: 1379,1432,1763,783,715,50,135,249,1335
922: 
923: 1484,1300,809
924: 374,484
925: 298,131,702
926: 
927: 
928: 1750,379,1268,1054,1622
929: 
930: 
931: 1510,1442,507,621,1436,1995,885,151,1969,1526,643,1697,1034,1371
932: 600,518,1808,1911
933: 1128
934: 1889,2005,331,881,851,579
935: 1517,95,2018,1089,45,227
936: 
937: 1043,321,1327,458,1458,983,205,222,86,634
938: 127
939: 
940: 213,997
941: 1361,323,711,193
942: 150,1523
943: 1072,1275,998,1108,97,129,1150,1564,1905,214,1370
944: 1430,1264,917,1856,1806,655,1227
945: 474,393,1907,1723
946: 1066,21
947: 
948: 1561,913,1340,138,1307,1284,790,400,1945,59
949: 895,1140,1443,2,207,1158,1124,109,1415,1164,317,431,1948
950: 953,430
951: 110,1022,1524
952: 454,632,861,34,1323,1775,133,820,1226,821,1572,1589,666,645,446,444
953: 430,950
954: 27,445,1225,360,1958
955: 1116,211,617,1037,2003,262,908,1389,1278,530,1494,1459,1687,143
956: 1665,134
957: 5,1017,424,26,1955
958: 557,1502,58,539
959: 886,1257,1595
960: 
961: 760,595,642,1603
962: 
963: 1542,609,1
964: 206,1602
965: 
966: 1781,1852,1161,1118,1956,763,55,1060,979
967: 1085
968: 1530,1951
969: 442,973,291
970: 1349,915,1915,874,649,1222,334,1851,865
971: 1705
972: 
973: 442,969,614,291
974: 674
975: 
976: 884,1726
977: 
978: 1024,421
979: 1118,1956,763,55,1060,1781,1852,966
980: 
981: 1020
982: 1549,1989,1133
983: 1043,937,321,1327,458,1458,205,222,86,634
984: 1988,1171
985: 1378
986: 1842,1254,439,1533,1388,1543,641
987: 635,1262
988: 
989: 
990: 1095,723,1640,713,1877,803,1074,1221,1580,1015
991: 1427,1528,53,538,389,1064,1838,570,1385,690,1246,167,706
992: 1435,174,1145,1168,910
993: 274,1362,202,1696,905,857,443,813,762,1302,1330,1493,1629,1450,855,1708,1522,1650,1288
994: 1676,212,629,1157,1910,837
995: 381,1263
996: 13,918,140,764,1365,2019,2017
997: 213,940
998: 1072,1275,1108,333,97,129,1150,943,1564,1905,1370
999: 160,1073,1674,592,1358,1356,1896,74,1759,1999,314,730,72,1678
1000: 1790,11,1815
1001: 1559
1002: 725,511,316,1322,1765,345,358,1052
1003: 
1004: 310
1005: 
1006: 
1007: 
1008: 1941,746,1736,1975,228,524,2016,761,741,876
1009: 
1010: 1237
1011: 
1012: 372,1038,732,288,696
1013: 1521,1199,2014,1031,709,1341,580,364
1014: 1617,71,1181,1424,571,612,1600
1015: 1095,723,1640,713,1877,803,1074,990,1221,1580
1016: 
1017: 424,26,1955,957
1018: 1739,1662,1312
1019: 1139,1807,432
1020: 981
1021: 1506,531,1070,1478,1621,89
1022: 110,951,1524
1023: 578,716,891
1024: 421,978
1025: 1417,208,1886
1026: 1609,1488,46,1787,1109
1027: 299,508,877,1297,1462,1390,1884,1926
1028: 1276,1194
1029: 1695,1039,1746,2013,1901,1299,583,670,1210
1030: 1938,1882,555,229,1175
1031: 1521,1199,2014,1013,709,1341,580,364
1032: 1846,371,1044,403,1344
1033: 
1034: 1510,1442,507,621,1436,1995,885,151,931,1969,1526,643,1697,1371
1035: 
1036: 
1037: 1116,211,617,2003,955,262,908,1389,1278,530,1494,1459,1687,143
1038: 1012,372,732,288,696
1039: 1695,1746,2013,1029,1901,1299,583,670,1210
1040: 1836,737,2004,1714,631,1599,1468,56
1041: 517,1970
1042: 3,853
1043: 937,321,1327,458,1458,983,205,222,86,634
1044: 1368,1846,371,403,1344,1032
1045: 890,718,1994,1130,597,1624,575
1046: 1537,738
1047: 
1048: 1998,798,481
1049: 1166
1050: 2001,883,36,1871,1398,273,1433,353
1051: 692,1240
1052: 1765,345,358,725,511,1002,316,1322
1053: 1899
1054: 130,1750,379,928,1268,501,1622
1055: 300,1405,1203,808
1056: 1541,745
1057: 
1058: 173,196,1554,811
1059: 98,615,902,1491,1110,712,754,1825,781,1782,65,1380,464
1060: 1118,1956,763,55,979,1161,1781,1852,966
1061: 1144,1962,1421
1062: 
1063: 
1064: 991,1427,1528,53,538,389,1838,570,1385,690,1246,167,706
1065: 1813
1066: 946,21
1067: 461,1605,1985,1920,662,1207,1780,873
1068: 1076
1069: 232,1232
1070: 1506,531,1021,1478,1621,89
1071: 1483,1081,1672
1072: 1275,998,1108,333,97,129,1150,943,1564,1905,214,1370
1073: 160,1674,592,1358,1356,1896,999,74,1759,1999,314,730,72,1678
1074: 1095,723,1640,713,1877,803,990,1221,1580,1015
1075: 144,328,1234,1339
1076: 1068
1077: 502,1939
1078: 
1079: 755,62,19,479
1080: 
1081: 1215,104,1672,1071
1082: 142,1892,533,91,2000,1576,1786
1083: 
1084: 475,327,1835
1085: 967
1086: 1209
1087: 54,1425
1088: 650,258
1089: 1517,95,935,2018,45,227
1090: 342,776,47,312,295,1400
1091: 1581,417,2011,119,832,180,1311,136,1828,849
1092: 1479
1093: 843,145,1700,1100
1094: 
1095: 723,1640,713,1877,1074,990,1221,1580,1015
1096: 
1097: 
1098: 
1099: 1666,733,1132,482,839
1100: 843,1093,145,1700
1101: 1402,604,829,1314
1102: 1186,916
1103: 1269,1141
1104: 1930,1719,1527,1834
1105: 1764,560,599,694,1136,1789,118,1689,1801
1106: 
1107: 318,544,1540,1883,44,1519,1795,365,2006,1793,1503,1872,749,395,1315,1165,872,1230,302,1661
1108: 1072,1275,998,333,97,129,1150,943,1564,1905,214,1370
1109: 1609,1488,46,1787,1026
1110: 98,615,902,1491,712,754,1059,1825,781,1782,65,1380,464
1111: 
1112: 1238,18
1113: 350
1114: 685,722
1115: 1369,1317,409,165,636,255,256,1437,1321,1123
1116: 211,617,1037,2003,955,262,908,1389,1278,530,1494,1459,1687,143
1117: 554,1562,1547
1118: 1956,763,55,1060,979,1161,1781,1852,966
1119: 
1120: 535,126,1902,94
1121: 664,1208,486,369
1122: 
1123: 1321,1369,1115,409,165,636,255,256,1437
1124: 2,207,1158,109,1415,1164,317,431,1948,895,1140,1443,949
1125: 113,590,436,1933,1201,7
1126: 594,260,784,504,1773,520
1127: 545,1463,1637
1128: 933
1129: 1383,153,1722
1130: 890,718,1994,1045,597,1624,575
1131: 132,1703,800,30,1740,315
1132: 1099,1666,733,263,1197,482,839
1133: 1549,1989,982
1134: 552,1319,1639,305
1135: 672,57
1136: 1764,560,599,694,1105,1789,118,1689,1801
1137: 
1138: 1446,1170
1139: 1807,1019,432
1140: 895,1443,949,2,207,1158,1124,109,1415,1164,317,431,1948
1141: 1269,1103
1142: 
1143: 1932,1664,137,15,1949,1777,1505,192
1144: 1061,1962,1421
1145: 1435,174,1168,992,910
1146: 1608,556
1147: 423
1148: 2009,1151,1718,1188,648,1460,238,292
1149: 
1150: 1072,1275,998,1108,129,943,1564,1905,214,1370
1151: 2009,1718,1148,1188,648,1460,238,292
1152: 799,1270,679
1153: 673
1154: 1802,1943,23,1213,171,1204
1155: 187,351,1480,1647
1156: 
1157: 1676,212,629,1910,837,994
1158: 2,207,1124,109,1415,1164,317,431,1948,895,1140,1443,949
1159: 
1160: 1575,1508
1161: 1781,1852,966,1118,1956,763,55,1060
1162: 1934,1656,739,584,1812,1453
1163: 1829,124,893
1164: 2,207,1158,1124,109,1415,317,431,1948,895,1140,1443,949
1165: 2006,1793,1503,1872,749,395,1315,872,1230,302,318,544,1540,1883,44,1519,1107,1795,365,1661
1166: 1049
1167: 
1168: 1435,174,1145,992,910
1169: 155,1888,346,1681
1170: 1138,1446
1171: 1904,1988,984
1172: 
1173: 466,1821,1239,605,1598,1796,888,1936,1464,35,1364,1673,731,740
1174: 880
1175: 1882,555,229,1030,1938
1176: 
1177: 448,1685
1178: 226,707,293,340,159,485
1179: 
1180: 1944
1181: 1617,71,1424,571,612,1600,1014
1182: 833,537
1183: 585,308
1184: 1567,1607,382,1224
1185: 1281,1626
1186: 1102,510,1558,916
1187: 
1188: 2009,1151,1718,1148,648,1460,238,292
1189: 671,1660
1190: 190
1191: 879,183,1903
1192: 1738
1193: 
1194: 1276,1028
1195: 216,215,348,388,217
1196: 1469,241,1342,10,1717,1375,61,1477
1197: 1666,733,1132,263,839
1198: 1354,231,1729
1199: 1521,2014,1013,1031,709,1341,580,364
2012: 1429,398,469,719,1256,1485
1201: 113,590,436,1933,1125,7
1202: 
1203: 300,1405,1055,808
1204: 171,1802,1154,1943,23,1213
1205: 841,494
1206: 
1207: 461,1067,1605,1985,1920,662,1780,873
1208: 486,369,664,1121
1209: 1086
1210: 1695,1039,1746,2013,1029,1901,1299,583,670
1211: 1881,1749,1555,513,1529,106,652,1652,1374,2002,201,550
1212: 1404,1333
1213: 1802,1154,1943,23,171,1204
1214: 
1215: 104,1081,1672
1216: 1744,1304,1520,801,558,437,1862,247
1217: 871,1849
1218: 1641,1841,1709,341,1248,743,581
1219: 221,33,1583
1220: 
1221: 1095,723,1640,713,1877,1074,990,1580,1015
1222: 1349,915,1915,874,649,334,1851,970,865
1223: 497,1569,1490,757
1224: 1567,1607,382,1184
1225: 27,445,954,360,1958
1226: 454,861,34,1323,1775,133,821,1572,1589,666,952,645,446,444
1227: 1806,655,1430,1264,944,917
1228: 1976
1229: 665,898,242,1501,68,691,175
1230: 2006,1793,1503,1872,749,395,1315,1165,872,302,318,544,1540,1883,44,1519,1107,1795,365,1661
1231: 823,914
1232: 1069,232
1233: 
1234: 144,328,1075
1235: 1875,1328
1236: 
1237: 1010
1238: 1112,18
1239: 466,1821,605,1598,1796,888,1936,1464,35,1364,1673,1173,731,740
1240: 692,1051
1241: 1646,765
1242: 
1243: 1428,1644,1320,477,1743,1620,267,490
1244: 
1245: 
1246: 991,1427,1528,53,538,389,1064,1838,570,1385,690,167,706
1247: 
1248: 1641,1841,1709,341,1218,743,581
1249: 1351,456,1954,1747,2015,1724,1753,613,438,521
1250: 1931,48,1563
1251: 
1252: 1334,209,542,301,830,250,577,624,1283,70,625
1253: 878
1254: 1842,986,439,1533,1388,1543,641
1255: 361,1720,81,200,435,782,1514
1256: 1485,1429,398,469,2012,719
1257: 886,959,1595,1532
1258: 
1259: 778,1657
1260: 407
1261: 418
1262: 635,987
1263: 381,995
1264: 1430,944,917,1856,1806,655,1227
1265: 
1266: 
1267: 1401,1918
1268: 130,1750,379,928,501,1054,1622
1269: 1103,1141
1270: 1152,1953,799,679
1271: 
1272: 
1273: 
1274: 1897
1275: 1072,998,1108,333,97,129,1150,943,1564,1905,214,1370
1276: 1194,1028
1277: 
1278: 908,1389,530,1494,1459,1687,143,1116,211,617,1037,2003,955,262
1279: 1470,1839
1280: 
1281: 1626,1185
1282: 
1283: 250,577,624,70,625,1334,1252,301
1284: 1561,913,1340,138,1307,790,948
1285: 
1286: 
1287: 
1288: 274,1362,202,1696,905,857,443,813,762,1302,1330,1493,1629,1450,855,1708,1522,1650,993
1289: 1550,281
1290: 
1291: 1573
1292: 525,1316
1293: 
1294: 85,1456
1295: 1711,1869,166,1669
1296: 1382
1297: 1462,1390,1884,1027,299,508,877,1926
1298: 
1299: 1695,1039,1746,2013,1029,1901,583,670,1210
1300: 923,1484,809
1301: 1686,863,1630,111
1302: 274,1362,202,1696,905,857,443,813,762,1330,1493,1629,1450,855,1708,1522,1650,993,1288
1303: 429,204,101,386,1874,449
1304: 1744,1216,1520,801,558,437,1862,247
1305: 
1306: 
1307: 1561,913,1340,138,1284,790,400,1945,948,59
1308: 826
1309: 1565,699
1310: 
1311: 1581,1091,417,2011,119,832,180,136,1828,849
1312: 1739,1662,1018
1313: 1635,1590,230
1314: 1402,1101,604,829
1315: 2006,1793,1503,1872,749,395,1165,872,1230,302,318,544,1540,1883,44,1519,1107,1795,365,1661
1316: 1292,525
1317: 1369,1115,409,165,636,255,256,1437
1318: 1495,622,498,31
1319: 1134,552,1639,305
1320: 1428,1243,1644,477,1743,1620,267,1737,490
1321: 1123,1369,1115,409,165,636,255,256,1437
1322: 725,511,1002,316,1765,345,358,1052
1323: 454,861,34,1775,133,1226,821,1572,1589,666,952,645,446,444
1324: 
1325: 566,553,549,1418,123,1913
1326: 
1327: 1043,937,321,458,1458,983,205,222,86,634
1328: 1875,1235
1329: 901,887,1416,387,747,270
1330: 274,1362,202,1696,905,857,443,813,762,1302,1493,1629,1450,855,1708,1522,1650,993,1288
1331: 
1332: 1633,1486
1333: 1404,1212
1334: 1252,209,542,301,577,624,1283,70,625
1335: 1379,1432,1763,783,921,715,50,135,249
1336: 162,682,1693
1337: 
1338: 
1339: 1075
1340: 1561,913,138,1307,1284,790,400,1945,948,59
1341: 1521,1199,2014,1013,1031,709,580,364
1342: 1469,10,1717,1375,61,1196,1477
1343: 1438,1377,500,1798
1344: 1368,1846,371,1044,403,1032
1345: 
1346: 1742,29
1347: 1819,1355,686,483,375,1612,1799,309,563,846,41
1348: 359
1349: 915,1915,874,649,1222,334,1851,970
1350: 28,864
1351: 1249,456,1954,1747,2015,1724,1753,613,438,521
1352: 1727
1353: 1632,768,770,1767,693,376
1354: 231,1198,1729
1355: 1819,686,483,1347,375,1612,1799,309,563,846,41
1356: 160,1073,1674,592,1358,1896,999,74,1759,1999,314,730,72,1678
1357: 128,598
1358: 160,1073,1674,592,1356,1896,999,74,1759,1999,314,730,72,1678
1359: 
1360: 
1361: 323,711,941,193
1362: 274,202,1696,905,857,443,813,762,1302,1330,1493,1629,1450,855,1708,1522,1650,993,1288
1363: 1536,385,1658
1364: 466,1821,1239,605,1598,1796,888,1936,1464,35,1673,1173,731,740
1365: 13,918,140,996,764,2019,2017
1366: 1762,608
1367: 587,319,1472,82
1368: 1846,371,1044,403,1344
1369: 1115,1317,409,165,636,255,256,1437,1321,1123
1370: 1072,1275,998,1108,129,1150,943,1564,1905,214
1371: 1510,1442,507,621,1436,1995,885,151,931,1969,1526,643,1697,1034
1372: 
1373: 1914,1766
1374: 513,1529,106,652,1652,2002,201,550,1211,1881,1749,1555
1375: 1469,1342,10,1717,61,1196,1477
1376: 1698,234
1377: 1438,1343,500,1798
1378: 985
1379: 1432,1763,783,921,715,50,135,249,1335
1380: 902,1491,1110,754,1059,1825,1782,65,464
1381: 254
1382: 1296
1383: 1129,1722
1384: 1895,911,1876,1614,559,1824
1385: 991,1427,1528,53,538,389,1064,1838,570,690,1246,167,706
1386: 1741,1395,1917
1387: 1465,561,1586,1809,785,1925
1388: 1842,986,1254,439,1533,641
1389: 908,1278,530,1494,1459,1687,143,1116,211,617,1037,2003,955,262
1390: 1297,1462,1884,1027,299,508,877,1926
1391: 
1392: 
1393: 
1394: 152,639
1395: 1741,1386,1917
1396: 896,182,880,1551
1397: 
1398: 2001,883,36,1050,1871,273,1433,353
1399: 
1400: 1090,342,776,47,312,295
1401: 1267,1918
1402: 1101,604,829,1314
1403: 532,244,1847,75,710,1411,1694,100,519,1823,773,1496
1404: 1212,1333
1405: 300,1203,1055,808
1406: 638,93,105,304,163,103,487,1648,264,88
1407: 
1408: 1473,815
1409: 1769,1754,478,906,1422
1410: 450,1546,2007,1853,1712,1701,791
1411: 532,244,1403,1847,75,710,1694,100,519,1823,773,1496
1412: 
1413: 2010
1414: 339,756
1415: 2,207,1158,1124,1164,317,431,1948,895,1140,949
1416: 901,887,387,1329,747,270
1417: 208,1025,1886
1418: 1325,566,553,549,123,1913
1419: 
1420: 
1421: 1061,1144,1962
1422: 1409,1769,1754,478,906
1423: 1541,79,1779,745
1424: 1617,71,1181,571,612,1600,1014
1425: 54,1087
1426: 
1427: 991,1528,53,538,389,1064,1838,570,1385,690,1246,167,706
1428: 1243,1644,1320,477,1743,1620,267,1737,490
1429: 398,469,2012,719,1256,1485
1430: 1264,944,917,1856,1806,1227
1431: 1968,515
1432: 1379,1763,783,921,715,50,135,249,1335
1433: 2001,883,36,1050,1871,1398,273,353
1434: 806,40,148
1435: 174,1145,1168,992,910
1436: 1510,1442,507,621,1995,885,151,931,1969,1526,643,1697,1034,1371
1437: 1369,1115,1317,409,165,636,255,256,1321,1123
1438: 1343,1377,500,1798
1439: 
1440: 
1441: 
1442: 1510,507,621,1436,1995,885,151,931,1969,1526,643,1697,1034,1371
1443: 895,1140,949,2,207,1158,1124,109,1164,317,431,1948
1444: 891,1987
1445: 810,534,1755
1446: 1138,1170
1447: 9,246
1448: 43,399,869,188,410
1449: 1492,1643
1450: 274,1362,1696,857,443,813,762,1302,1330,1493,1629,855,1708,1522,1650,993,1288
1451: 1745
1452: 
1453: 739,584,1812,1934,1656,1162
1454: 1571
1455: 684
1456: 1294
1457: 
1458: 1043,937,321,1327,458,983,205,222,86,634
1459: 908,1389,1278,530,1494,1687,143,1116,211,617,1037,2003,955,262
1460: 2009,1151,1718,1148,1188,648,238,292
1461: 509,912,1715,16,1601
1462: 1297,1390,1884,1027,299,508,877,1926
1463: 1127,545,1637
1464: 466,1821,1239,605,1598,1796,888,1936,35,1364,1673,1173,731,740
1465: 561,1387,1586,1809,785,1925
1466: 1544,489
1467: 502,92,1939,1552
1468: 1599,56,1836,737,1040,2004,1714,631
1469: 1342,10,1717,1375,61,1196,1477
1470: 1860,1839,1279
1471: 
1472: 587,1367,319,82
1473: 1408
1474: 904
1475: 
1476: 
1477: 1469,1342,10,1717,1375,61,1196
1478: 1506,531,1021,1070,1621,89
1479: 1092,878
1480: 1647,187,351,1155
1481: 
1482: 
1483: 1071,1672
1484: 923,1300,809
1485: 1256,1429,398,469,2012,719
1486: 1332,1633
1487: 
1488: 1609,46,1787,1026,1109
1489: 
1490: 1223,497,1569,757
1491: 98,615,902,1110,712,754,1059,1825,781,1782,65,1380,464
1492: 1449,1643
1493: 274,1362,202,1696,905,857,443,813,762,1302,1330,1629,1450,855,1708,1522,1650,993,1288
1494: 908,1389,1278,530,1459,1687,143,1116,211,617,1037,2003,955,262
1495: 622,1318,498,31,1497
1496: 1694,100,519,1823,773,244,1403,1847,75,710,1411
1497: 1495,622,498,31
1498: 367,484
2013: 1695,1039,1746,1029,1901,1299,583,670,1210
1500: 185
1501: 242,68,691,665,1229,898,175
1502: 557,58,958,539
1503: 2006,1793,1872,749,395,1315,1165,872,1230,302,318,544,1540,1883,44,1519,1107,1795,365,1661
1504: 
1505: 1777,1932,1664,1143,137,15,1949,192
1506: 531,1021,1070,1478,1621,89
1507: 
1508: 1575,1160
1509: 
1510: 1442,507,621,1436,1995,885,151,931,1969,1526,643,1697,1034,1371
1511: 
1512: 405,697,252,1649,1900
1513: 377,514,225,470,772,1670
1514: 1255,361,1720,81,200,435,782,1634
1515: 1972,1778,503
1516: 805,294,240
1517: 95,935,2018,1089,45,227
1518: 289,51,324
1519: 318,544,1540,1883,44,1107,1795,365,2006,1793,1503,1872,749,395,1315,1165,872,1230,302,1661
1520: 1744,1304,1216,801,558,437,1862,247
1521: 1199,2014,1013,1031,709,1341,580,364
1522: 274,1362,202,1696,905,857,443,813,762,1302,1330,1493,1629,1450,855,1708,1650,993,1288
1523: 150,942
1524: 110,1022,951
1525: 
1526: 1510,1442,507,621,1436,1995,885,151,931,1969,643,1697,1034,1371
1527: 1834,1930,1104,1719
1528: 991,1427,53,538,389,1064,1838,570,1385,690,1246,167,706
1529: 513,106,652,1652,1374,2002,201,550,1211,1749,1555
1530: 1951,968
1531: 
1532: 886,1257,1595
1533: 1842,986,1254,439,1388,641
1534: 1675,601,233,802
1535: 
1536: 1363,385,1658
1537: 738,1046
1538: 
1539: 
1540: 318,544,1883,44,1519,1107,1795,365,2006,1793,1503,1872,749,395,1315,1165,872,1230,302,1661
1541: 79,1779,1423,745,1056
1542: 963,609,1
1543: 1842,986,1254,439,641
1544: 1466,489
1545: 
1546: 450,2007,1410,1853,1712,1701,791
1547: 554,1562,1117
1548: 1810,287
1549: 1989,982,1133
1550: 1289,281
1551: 896,1396,880
1552: 1467,502,92,1939
1553: 380,1731
1554: 173,1058,196,811
1555: 1211,1881,1749,513,1529,106,652,1652,1374,2002,201,550
1556: 
1557: 1725,83
1558: 510,916,1186
1559: 1001
1560: 646
1561: 913,1340,138,1307,1284,790,400,1945,948,59
1562: 554,1547,1117
1563: 1931,48,1250,73
1564: 1072,1275,998,1108,333,97,129,1150,943,1905,214,1370
1565: 1309,699
1566: 
1567: 1607,382,1184,1224
1568: 
1569: 1223,497,1490,757
1570: 
1571: 1454
1572: 454,632,861,34,1323,1775,133,820,1226,821,1589,666,952,645,446,444
1573: 1291,67
1574: 
1575: 1160,1508
1576: 142,1082,1892,533,91,2000,1786
1577: 
1578: 
1579: 
1580: 1095,723,1640,713,1877,803,1074,990,1221,1015
1581: 1091,417,2011,119,832,180,1311,136,1828,849
1582: 
1583: 221,1219,33
1584: 1623,856,1887
1585: 
1586: 1465,561,1387,1809,785,1925
1587: 
1588: 1918
1589: 454,632,861,34,1323,1775,133,820,1226,821,1572,666,952,645,446,444
1590: 1635,230,1313
1591: 1866,359
1592: 49,356
1593: 
1594: 
1595: 886,1257,959,1532
1596: 
1597: 2008,343,753,64,20
1598: 466,1821,1239,605,1796,888,1936,1464,35,1364,1673,1173,731,740
1599: 1468,56,1836,737,1040,2004,1714
1600: 1617,71,1181,1424,571,612,1014
1601: 509,912,1715,1461,16
1602: 964,206
1603: 760,961,541,595,642
1604: 
1605: 461,1067,1985,1920,662,1207,1780,873
1606: 
1607: 1567,382,1184,1224
1608: 556,1146
1609: 1488,46,1787,1026,1109
1610: 195
1611: 
1612: 1819,1355,686,483,1347,375,1799,309,563,846,41
1613: 1971,1832,452,862,1636
1614: 1895,1384,911,1876,559,1824
1615: 
1616: 
1617: 71,1181,1424,571,612,1600,1014
1618: 
1619: 
1620: 1428,1243,1644,1320,477,1743,267,1737,490
1621: 1506,531,1021,1070,1478,89
1622: 130,1750,379,928,1268,1054
1623: 9,246,1584,856,1887
1624: 890,718,1994,1130,1045,597,575
1625: 
1626: 1281,1185
1627: 
1628: 
1629: 274,1362,1696,905,857,443,813,762,1302,1330,1493,1450,855,1708,1522,1650,993,1288
1630: 1686,863,1301,111
1631: 573
1632: 768,1353,770,1767,693,376
1633: 1332,1486
1634: 782,361,1720,81,200,1514
1635: 1590,230,1313
1636: 452,862,1613,1971
1637: 1127,545,1463
1638: 
1639: 1134,552,1319,305
1640: 1095,723,713,1877,803,1074,990,1221,1580,1015
1641: 1841,1709,341,1248,1218,743,581
1642: 460,623
1643: 1492,1449
1644: 1428,1243,1320,477,1743,1620,267,1737,490
1645: 
1646: 765,1241
1647: 1480,187,351,1155
1648: 638,93,105,304,163,1406,103,487,264,88
1649: 1900,1512,405,697,252
1650: 274,1362,202,1696,905,857,443,813,762,1302,1330,1493,1629,1450,855,1708,1522,993,1288
1651: 224
1652: 513,1529,106,652,1374,2002,201,550,1211,1881,1749,1555
1653: 
1654: 
1655: 
1656: 1934,1162,739,584,1812,1453
1657: 778,1259
1658: 1363,1536,385
1659: 
1660: 671,1189
1661: 318,544,1540,1883,44,1519,1107,1795,365,2006,1793,1503,1872,749,395,1315,1165,872,1230,302
1662: 1739,1312,1018
1663: 
1664: 1932,1143,137,15,1949,1777,1505,192
1665: 134,956
1666: 1099,733,1132,263,1197,482,839
2009: 1151,1718,1148,1188,648,1460,238,292
1668: 
1669: 1295,1711,1869,166
1670: 514,1513,470,772
1671: 
1672: 1215,104,1081,1483,1071
1673: 466,1821,1239,605,1598,1796,888,1936,1464,35,1364,1173,731,740
1674: 160,1073,592,1358,1356,1896,999,74,1759,1999,314,730,72,1678
1675: 601,233,802,1534
1676: 212,629,1157,1910,837,994
1677: 
1678: 160,1073,1674,592,1358,1356,1896,999,74,1759,1999,314,730,72
1679: 
1680: 
1681: 1888,346,1169,155
1682: 
1683: 
1684: 
1685: 448,1177
1686: 863,1630,1301,111
1687: 908,1389,1278,530,1494,1459,143,1116,617,1037,2003,955,262
1688: 
1689: 1801,1764,560,599,694,1136,1105,1789,118
1690: 
1691: 564,1950,728,335
1692: 
1693: 682,1336,162
1694: 100,519,1823,773,1496,244,1403,75,710,1411
1695: 1039,1746,2013,1029,1901,1299,583,670,1210
1696: 274,1362,202,905,857,443,813,762,1302,1330,1493,1629,1450,855,1708,1522,1650,993,1288
1697: 1510,1442,507,621,1436,1995,885,151,931,1969,1526,643,1034,1371
1698: 1376,234
1699: 1906,661
1700: 843,1093,145,1100
1701: 450,1546,2007,1410,1853,1712,791
1702: 
1703: 1131,132,800,30,1740,315
1704: 1843
1705: 971
1706: 
1707: 
1708: 274,1362,202,1696,905,857,443,813,762,1302,1330,1493,1629,1450,855,1522,1650,993,1288
1709: 1641,1841,341,1248,1218,743,581
1710: 
1711: 1295,1869,166,1669
1712: 450,1546,2007,1410,1853,1701,791
2018: 1517,95,935,1089,45,227
1714: 2004,631,1836,737,1040,1599,1468,56
1715: 509,912,1461,16,1601
1716: 
1717: 1469,241,1342,10,1375,1196,1477
1718: 2009,1151,1148,1188,648,1460,238,292
1719: 1930,1104,1527,1834
1720: 1255,361,81,200,435,782,1634,1514
1721: 771,1908,660
1722: 153,1129,1383
1723: 1907,945
1724: 1249,1351,456,1954,1747,2015,1753,613,438,521
1725: 83,1557
1726: 726,884,976
1727: 1352
1728: 
1729: 1198,1354
1730: 
1731: 380,1553
1732: 
1733: 
1734: 
1735: 
1736: 1941,746,1975,228,524,2016,761,741,876,1008
1737: 1428,1644,1320,477,1743,1620,267,490
1738: 1192
1739: 1662,1312,1018
1740: 1131,132,1703,800,30,315
1741: 1395,1386,1917
1742: 1346,29
1743: 1428,1243,1644,1320,477,1620,267,1737,490
1744: 1304,1216,1520,801,558,437,1862,247
1745: 1451
1746: 1695,1039,2013,1029,1901,1299,583,670,1210
1747: 1249,1351,456,1954,2015,1724,1753,613,438,521
1748: 1792,867,547
1749: 1211,1881,1555,513,1529,106,652,1652,1374,2002,201,550
1750: 379,928,1268,1054,1622
1751: 
1752: 
1753: 1249,1351,456,1954,1747,2015,1724,613,438,521
1754: 1409,1769,478,906,1422
1755: 810,1445,534
1756: 838,618,792
1757: 156,1817,1880
1758: 
1759: 160,1073,1674,592,1358,1356,999,74,314,730,72,1678
1760: 
1761: 
1762: 1366,608,285,1833,107,787
1763: 1379,1432,783,921,715,50,135,249,1335
1764: 560,599,694,1136,1105,1789,118,1689,1801
1765: 345,358,1052,725,511,1002,316,1322
1766: 1373,1914
1767: 1632,768,1353,770,693,376
1768: 
1769: 1409,1754,478,906,1422
1770: 1921
1771: 
1772: 
1773: 504,520,1126,594,260,784
1774: 
1775: 454,632,861,34,1323,133,820,1226,821,1572,1589,666,952,645,446,444
1776: 
1777: 1505,1932,1664,1143,137,15,1949,192
1778: 1972,1515,503
1779: 1541,79,1423,745
1780: 461,1067,1605,1985,1920,662,1207,873
1781: 1852,966,1161,1118,1956,763,55,1060,979
1782: 98,615,902,1491,1110,712,754,1059,1825,781,65,1380,464
1783: 
1784: 669
1785: 220
1786: 142,1082,1892,533,91,2000,1576
1787: 1609,1488,46,1026,1109
1788: 
1789: 1764,560,599,694,1136,1105,118,1689,1801
1790: 11,1000,1815
1791: 344
1792: 1748,867,547
1793: 2006,1503,1872,749,395,1315,1165,872,1230,302,318,544,1540,1883,44,1519,1107,1795,365,1661
1794: 1803,63,734
1795: 318,544,1540,1883,44,1519,1107,365,2006,1793,1503,1872,749,395,1315,1165,872,1230,302,1661
1796: 466,1821,1239,605,1598,888,1936,1464,35,1364,1673,1173,731,740
1797: 
1798: 1438,1343,1377,500
1799: 1819,1355,686,483,1347,375,1612,309,563,846,41
1800: 
1801: 1689,1764,560,599,694,1136,1105,1789,118
1802: 1154,1943,23,1213,171,1204
1803: 1794,63
1804: 
1805: 
1806: 655,1227,1430,1264,944,917,1856
1807: 1139,1019,432
1808: 1911,932,600,518
1809: 785,1925,1465,1387,1586
1810: 1548,287
1811: 66
1812: 739,584,1453,1934,1656,1162
1813: 1065
1814: 
1815: 1790,11,1000
1816: 337,640
1817: 1757,8
1818: 
1819: 1355,686,483,1347,375,1612,1799,309,563,846,41
1820: 
1821: 466,1239,605,1598,1796,888,1936,1464,35,1364,1673,1173,731,740
1822: 
1823: 1694,100,519,773,1496,532,244,1403,1847,75,710,1411
1824: 559,1895,1384,911,1876,1614
1825: 98,615,902,1491,1110,712,754,1059,781,1782,65,1380,464
1826: 1878,269,272
1827: 
1828: 849,1581,1091,417,2011,119,832,180,1311,136
1829: 1163,124,893
1830: 
1831: 
1832: 452,862,1613,1971
1833: 285,107,787,1762
1834: 1527,1930,1104,1719
1835: 1084,475,327
1836: 737,1040,2004,1714,631,1599,1468,56
1837: 1867,117
1838: 991,1427,1528,53,538,389,1064,570,1385,690,1246,167,706
1839: 1470,1860,1279
1840: 794
1841: 1641,1709,341,1248,1218,743,581
1842: 986,1254,439,1533,1388,1543,641
1843: 1704
1844: 
1845: 
1846: 1368,371,1044,403,1344,1032
1847: 532,244,1403,75,710,1411,100,519,1823,773,1496
1848: 17
1849: 871,1217
1850: 
1851: 1349,915,1915,874,649,1222,334,970,865
1852: 1781,966,1161,1118,1956,763,55,1060,979
1853: 450,1546,2007,1410,1712,1701,791
1854: 700
1855: 
1856: 1430,1264,944,917,1806
1857: 
1858: 
1859: 818
1860: 1470,1839
1861: 
1862: 1744,1304,1216,1520,801,558,437,247
1863: 
2014: 1521,1199,1013,1031,709,1341,580,364
1865: 
1866: 359,1591
1867: 117,1837
1868: 
1869: 1295,1711,166,1669
1870: 
1871: 2001,883,36,1050,1398,273,1433,353
1872: 2006,1793,1503,749,395,1315,1165,872,1230,302,318,544,1540,1883,44,1519,1107,1795,365,1661
1873: 
1874: 449,1303,429,204,101,386
1875: 1235,1328
1876: 1895,1384,911,1614,559,1824
1877: 1095,723,1640,1074,990,1221,1580,1015
1878: 1826,269
1879: 
1880: 1757,156
1881: 1211,1749,1555,513,652,1652,1374,2002,201,550
1882: 555,229,1175,1030,1938
1883: 318,544,1540,44,1519,1107,1795,365,2006,1793,1503,1872,749,395,1315,1165,872,1230,302,1661
1884: 1297,1462,1390,1027,299,508,877,1926
1885: 383,565
1886: 1417,208,1025
1887: 1623,1584,856
1888: 346,1681,1169,155
1889: 2005,934,331,881,851,579
1890: 
1891: 
1892: 142,1082,533,91,2000,1576,1786
1893: 
1894: 414
1895: 1384,911,1876,1614,559,1824
1896: 160,1073,1674,592,1358,1356,999,74,1999,730,72,1678
1897: 1274
1898: 1912,276
1899: 1053
1900: 1649,1512,405,697,252
1901: 1695,1039,1746,2013,1029,1299,583,670,1210
1902: 1120,535,126,94
1903: 879,183,1191
1904: 1171,1988
1905: 1072,1275,998,1108,333,97,129,1150,943,1564,214,1370
1906: 661,1699
1907: 474,393,945,1723
1908: 860,660,1721,771
1909: 
1910: 1676,212,629,1157,837,994
1911: 1808,932,600,518
1912: 1898,276
1913: 1325,566,553,549,1418,123
1914: 1373,1766
1915: 1349,915,874,649,1222,334,1851,970,865
1916: 493
1917: 1741,1395,1386
1918: 1588,1401,1267
1919: 527
1920: 461,1067,1605,1985,662,1207,1780,873
1921: 1770
1922: 
1923: 471,419,184,796,678
1924: 
1925: 1809,785,1465,561,1387,1586
1926: 1297,1462,1390,1884,1027,299,508,877
1927: 786,170,14
1928: 
1929: 
1930: 1104,1719,1527,1834
1931: 48,1250,1563
1932: 1664,1143,137,15,1949,1777,1505,192
1933: 113,590,436,1201,1125,7
1934: 1656,1162,739,584,1812,1453
1935: 325,866
1936: 466,1821,1239,605,1598,1796,888,1464,35,1364,1673,1173,731,740
1937: 198,616
1938: 1030,1882,555,229,1175
1939: 1467,502,92,1077,1552
1940: 
1941: 746,1736,1975,228,524,2016,761,741,876,1008
1942: 84,1982,370
1943: 1802,1154,23,1213,171,1204
1944: 1180
1945: 1561,913,1340,138,1307,790,400,948,59
1946: 
1947: 
1948: 2,207,1158,1124,109,1415,1164,317,431,895,1140,1443,949
1949: 1932,1664,1143,137,15,1777,1505,192
1950: 564,1691,728,335
1951: 1530,968
1952: 
1953: 799,1270,679
1954: 1249,1351,456,1747,2015,1724,1753,613,438,521
1955: 424,26,1017,5,957
1956: 1118,763,55,1060,979,1161,1781,1852,966
1957: 
1958: 360,27,445,1225,954
1959: 
1960: 
1961: 
1962: 1061,1144,1421
1963: 
1964: 158,146,96
1965: 
1966: 
1967: 
1968: 1431,515
1969: 1510,1442,507,621,1436,1995,885,151,931,1526,643,1697,1034,1371
1970: 517,1041
1971: 1613,1832,452,862,1636
1972: 1515,1778,503
1973: 
1974: 
1975: 1941,746,1736,228,524,2016,761,741,876,1008
1976: 1228
1977: 
1978: 
1979: 562,767
1980: 
1981: 
1982: 84,370,1942
1983: 
1984: 414
1985: 461,1067,1605,1920,662,1207,1780,873
1986: 
1987: 891,1444
1988: 984,1904,1171
1989: 1549,982,1133
1990: 
1991: 
1992: 
1993: 
1994: 890,718,1130,1045,597,1624,575
1995: 1510,1442,507,621,1436,885,151,931,1969,1526,643,1697,1034,1371
1996: 
1997: 
1998: 798,1048,481
1999: 160,1073,1674,592,1358,1356,1896,999,74,314,730,72,1678
2000: 142,1082,1892,533,91,1576,1786
2001: 883,36,1050,1871,1398,273,1433,353
2002: 513,1529,106,652,1652,1374,201,550,1211,1881,1749,1555
2003: 1116,211,617,1037,955,262,908,1389,1278,530,1494,1459,1687,143
2004: 1714,631,1836,737,1040,1599,1468,56