0: 1879,680,57,602,1135
1: 1033,526,1542,963,609,568
2: 1948,1158,213,207,949,1140,317,1415,1443,431,109,895,1124,1164
3: 1771,1157,1706
4: 1757,231,1880,1729,1276,1354,149,296,313,1198
5: 957,808,1955,1017,1244,172,424,1303,26,1874
6: 150,258,958
7: 1125,590,1201,436,113,1570
8: 
9: 1202,843,1479
10: 1717,1196,241,1375,61,1477,1342,1469
11: 1386,1395,1625,606,1741,1728,1815
12: 24,1440,292,2009,648,238,1718,1104,1151,1460,1834,1188,488,1148,1719,1159
13: 1452,140,1365,2019,918,2017,996,764
14: 385,1927,170,352
15: 1777,1505,1772,1178,1664,1143,1949,1932,192,137
16: 1601,1293,1663,1715,1677,588,257,391,509,912
17: 950,573
18: 646,1003,1685,1177,448,1241,926,1112,1238,1560,406
19: 1079,441,67,1573,479,1507,62,755
20: 1597,1001,753,2008,343,64,1559
21: 1066
22: 548,1046,897
23: 1204,171,1943,1154,1004
24: 1440,292,2009,648,238,1718,1104,1151,1460,1834,1188,488,12,1148,1719,1159
25: 658,1735
26: 957,808,1955,1017,1244,172,424,1303,1874,5,788
27: 1225,1958,954
28: 626,1350
29: 655,944,1227,1346,1430,917,1806,1856,1264,1742
30: 1703,620,315,1131,1740,800,132,517
31: 1546,1701,791,2007,1410,450,1712,1853
32: 332,853,967
33: 1281,1087,221,1185,1583,54,1219,1626
34: 1323,1899,820,1813,1589,952,446,454,1065,861,616,444,632,1572,1775,133,329,1226,666,589,1830
35: 1239,1673,605,657,466,1821,1464,731,1173,1598,888,740,1796,1936,1364
36: 1996,1398,2001,1871,353,883,1433
37: 639,152
38: 585,1183,127
39: 514,225,377,470,1670,772,336,1513
40: 1738,806,525,447,1228
41: 563,1819,686,846,483,1799,1612,1347,309,1355,375
42: 1298,1057,1979,453,188
43: 1298,1057,1979,869,1441,453,188
44: 365,1795,1230,1503,872,544,395,1872,1540,2006,1165,1107,1315,1661,749,1519,302,318,1793,1883,239
45: 95,1517,1089,2018,935,227
46: 1609,1665,1109,1986,1007,220,1488,1787
47: 295,776,312,1400,850,342,1090
48: 1931,1169,322,1290,1250
49: 
50: 1480,715,1647,1335,249,1042,783,135,1155,1379,1432,187,351,921,1763
51: 1062,324,1269,1518
52: 1071,1483,102,1672
53: 991,570,167,706,538,1528,1064,1427,1246,1838
54: 1281,1087,221,1185,1583,1219,1626,33
55: 822,1956,1118,185,1161,1781,236,763,1060
56: 748,1836,1040,1468,1599,1714,737,631,2004
57: 1879,680,0,602,1135
58: 422,539,727,909,557,1502
59: 1284,948,1006,138,1561,790,1340,1307,1180,1945,400,913
60: 359,1348,1866,1591,114
61: 1717,10,1196,241,1375,1477,1342,1469
62: 479,1507,755,1079,19,441,67,1573
63: 1328,1235,1803,1875,1794,1804,695,734
64: 1597,1001,753,2008,343,20,1559
65: 712,1491,754,484,781,940,1498,374,924,1825,1782,367,1380,615,464
66: 1730,506,1811,903
67: 1079,19,441,1573,479,1507,62,755
68: 1501,691,665,175,569,1229,898,242
69: 1655
70: 542,1399,1334,866,625,624,250,1283,830,301,1252,209,577
71: 1014,1424,1181,571,1600,1617,612
72: 1358,1678,1356,314,999,730,1896,592,1073,1999,160,1759,1674
73: 
74: 1358,1678,1356,314,999,730,1896,592,1073,1999,160,1759,1674
75: 1694,1411,100,337,710,894,1847,244,773,1403,519,1823,1496
76: 
77: 147,835,1587,1182,307,1760
78: 
79: 1423,745,1056,1541,1779
80: 1610,1081
81: 1720,611,361,435,1634,200,1255,782,1514
82: 1657,1367,673,1153,587,319,1845,1472
83: 1557,405,697,1900,1725,1512,1649,252,347
84: 907,370,1982
85: 1301,863,1294,1630
86: 1458,1043,983,458,1327,937,205,634,321,1633,222
87: 
88: 304,264,638,1406,103,93,487,1648,105
89: 1621,1797,531,1774,1478,1506,1070
2004: 748,1836,1040,1468,1599,1714,737,56,631
91: 278,2000,1576,142,1082,533,368,1892,1786
92: 1467,1077
93: 304,163,264,638,1406,103,88,487,1648,105
94: 1368,1032,126,223,403,366,1846,1344,1044
95: 1517,1089,2018,935,227,45
96: 1841,1218,581,1709,1596,1248,1641,743,1690,341
97: 1072,333,1564,1150,943,998,1905,1108,214,1370,794,1275,129
98: 712,1491,754,527,1059,484,781,940,1498,374,902,924,1825,1110,1782,367,1380,464
99: 1215
100: 1694,1411,75,337,894,1847,244,773,1403,1823,1496
101: 386,449
102: 52,1071,1483,1672
103: 304,163,264,638,1406,88,93,487,1648,105
104: 
105: 304,163,264,638,1406,103,88,93,487,1648
106: 513,201,2002,550,652,1220,1749,1881,1211,1555,1374,1539,1233,1652,357,1529
107: 1366,1762,1733,285,787,1833,154
108: 1351,1954,438,582,521,456,1747,1724,2015,870,1753,1359,613,1249,1149
109: 895,1124,1164,2,1948,213,207,949,1140,317,1415,1443,431
110: 
111: 1162
112: 
113: 1125,7,590,1201,436,1570
114: 359,1348,1866,1591,60
115: 
116: 457,1186,510,1102,1558,916
117: 942,1867,1827,1285,1265
118: 1789,1964,1136,599,1105,1764,560,694
119: 1311,849,1581,1828,832,1091,2011,180,136,417
120: 
121: 
122: 360
123: 553,1418,549,421,1325,1487
124: 759,415,735
125: 534,1755,1654,810,1119,1445,1894,1295,1861,380
126: 1032,94,223,403,1846,1902,371,1344,1044
127: 585,1183,38
128: 1396
129: 1072,333,1150,943,998,1905,1108,214,1370,794,1275,97
130: 1750,786,1536,928
131: 
132: 1740,800,517,1703,620,315,1131,30
133: 1323,1899,820,1813,1589,952,446,454,1065,645,861,616,821,34,444,632,1572,1775,329,1226,666,589,1830
134: 1492,1643,1449
135: 1480,715,1647,1335,249,1042,783,1155,1379,1432,187,50,351,921,1763
136: 1828,832,1091,2011,180,417,849,1311,119,1581
137: 1777,15,1505,1772,1178,1143,1949,1932,192
138: 1284,948,1006,1561,790,1340,1307,1180,1945,400,59,913
139: 
140: 1452,1365,2019,918,2017,13,996,764
141: 
142: 91,278,2000,1576,1082,533,368,1892,1786
143: 617,1389,1116,2003,1494,262,211,955,530,1459,1687,1037,1278,908
144: 
145: 1216,860,801,437,247,558,287,1078,1744,1520,1862,1304
146: 
147: 835,1587,77,1182,307,1760
148: 
149: 1757,4,231,1880,1729,1276,1354,296,313,1198
150: 6,258,958
151: 1034,931,1482,1080,643,507,1995,885,1510,621,1436,1526,1697,1442,1969
152: 639,37
153: 
154: 1366,1733,285,107,787,1833
155: 1566,1261
156: 1757,1880,1729,1276,1354,296,313,1198
157: 1305
158: 1723,1844,190
159: 485,293,226,1974,340
160: 72,1358,1678,1356,314,999,730,1896,592,1073,1999,1759,74,1674
161: 
162: 682,1361,711,941,323,193
163: 304,264,638,1406,103,93,487,1648,105
164: 1868,1704,1843,1699
165: 1123,636,1115,255,1317,256,1369,409,1437,1321
166: 
167: 706,991,570,53,538,1528,1064,1427,1385,1246,1838
168: 972,724,243
169: 
170: 1927,352,385,14
171: 23,1204,1943,1154,1004
172: 957,808,1955,1017,1244,424,1303,26,1874,5,788
173: 1231,1805,1481,196,1554,1058,914,811
174: 1168,1145,910,1745,1005
175: 569,1229,898,242,665,1501,68,691
176: 
177: 
178: 
179: 
180: 1828,832,1091,2011,136,417,849,1311,119,1581
181: 
182: 1205,880,896,494,1463,1550,841,1289,774
183: 1191,528
184: 678,419
185: 822,1956,1118,1161,55,1781,236,763,979,1060,1852,966
186: 
187: 1480,715,1647,1335,249,1042,783,135,1155,1379,1432,50,351,921,1763
188: 1298,1057,1979,43,42,869,1441,453
189: 891,428,1987,1444,578,1352,716,1023,472
190: 1844,1723,158
191: 219,1978,1977
192: 1777,15,1505,1772,1178,1664,1143,1949,1932,137
193: 682,1361,711,162,941,323
194: 
195: 
196: 1481,1554,1058,914,811,1231,1805,173
197: 1798,1438,1343,1377
198: 
199: 
200: 1720,611,361,435,81,1634,1255,782,1514
201: 513,2002,550,652,106,1220,1749,1881,1211,1555,1374,1539,1233,1652,357,1529
202: 1330,1288,993,857,762,1708,443,1522,1362,1537,274,1696,1629,1450,855,1493,1302,905,852,1650,813
203: 
204: 449,429
205: 1458,1043,983,458,1327,937,86,634,321,1633,222
206: 1002,1765,725,1322,1593,511,275,316,964,345,1602,1052
207: 2,1948,1158,213,949,1140,317,1415,1443,431,109,895,1124,1164
208: 1484,1025,1417,1111,362,1300,923,1886
209: 624,250,1283,830,301,1252,577,625,542,1399,1334,866,70
210: 1466,489
211: 617,1389,1116,2003,1494,262,955,530,1459,143,1687,1037,1278,908
212: 
213: 2,1948,1158,207,949,1140,317,1415,1443,431,109,895,1124,1164
214: 1072,333,1564,1150,943,998,1905,1108,1370,794,1275,97,129
215: 828,388,216,217
216: 455,828,388,348,1195,217,215
217: 455,828,388,348,216,1195,215
218: 721,1865,451
219: 191,1978,1977
220: 1986,1007,1488,1787,1609,1665,46
221: 1281,1087,1185,1583,54,1219,33
222: 1458,1043,983,458,1327,937,205,86,634,321,1633
223: 1368,1032,126,94,403,1846,1344,1044
224: 
225: 514,377,470,1670,772,336,1513,39
226: 159,485,293,707,1974,340
227: 95,1517,1089,2018,935,45
228: 1941,1975,524,824,2016,746,1008,1736,741,876,761
229: 833,1882,1175,1938,687,1030,1263
230: 
231: 1757,4,1880,1729,1276,1354,149,296,313,1198
232: 
233: 1534,1788,601,802
234: 603,1376,973,614,291,1698,442,969
235: 
236: 822,1956,1118,185,1161,55,1781,763,979,1060,1852,966
237: 
238: 24,1440,292,2009,648,1718,1104,1151,1460,1834,1188,488,12,1148,1719,1159
239: 365,1795,1230,44,1503,872,544,395,1872,1540,2006,1165,1315,1661,749,1519,302,318,1793,1883
240: 383,1516,565,805,294,607
241: 1717,10,1196,1375,61,1477,1342,1469
242: 175,569,1229,898,665,1501,68,691
243: 972,724,168
244: 710,894,1847,773,1403,519,1823,1496,1694,1411,100,75,337
245: 1923,679,796
246: 1584
247: 1216,860,801,437,558,287,145,1744,1520,1862,1304
248: 594,1614,1895,784,1126,260,1824,1773,911,504,520
249: 1480,715,1647,1335,1042,783,135,1155,1379,1432,187,50,351,921,1763
250: 624,1283,830,301,1252,209,577,625,542,1334,866,70
251: 
252: 1557,405,697,1900,1725,1512,1649,83,347
253: 951,893,1829,1524,396,1022
254: 
255: 1123,636,165,1115,1317,256,1369,409,1437,1321
256: 1123,636,165,1115,255,1317,1369,409,1437,1321
257: 1601,1293,1663,1715,1677,588,391,16,509,1461
258: 150,6,958
259: 
260: 1824,594,1614,1895,784,1126,248,1773,911,504,520
261: 
262: 617,1389,1116,2003,1494,211,955,530,1459,143,1687,1037,1278,908
263: 733,839,482,1132,1099,1666,1197
264: 304,163,638,1406,103,88,93,487,1648,105
1998: 481,798,1814,1679
266: 
267: 1840,1743,477,1243,490,1737,1428,1620,1320,1644
268: 
269: 272,1870,1826,699,1878
270: 1402,887,836,829,901,747,1416,430,1329,349,604,387,1101
271: 
272: 269,1870,1826,699,1878
273: 1996,1398,2001,353,883,1050,1433
274: 1330,1288,993,857,762,1708,443,1522,1362,1537,1696,1629,1450,202,855,1493,1302,905,852,1650,813
275: 1002,1765,725,1322,206,358,1593,511,316,964,345,1602,1052
276: 
2010: 671,394,1189,1413,1660
278: 91,2000,1576,142,1082,533,368,1892,1786
279: 1671
280: 
281: 1425
2011: 1828,832,1091,180,136,417,849,1311,119,1581
283: 
284: 892
285: 1366,1762,1733,107,787,1833,154
286: 
287: 1216,860,801,437,247,558,145,1078,1744,1520,1862,1304
288: 
289: 
290: 
291: 603,1376,973,614,1698,442,969,234
292: 24,1440,2009,648,238,1718,1104,1151,1460,1834,1188,488,12,1148,1719,1159
293: 159,485,226,1974,340
294: 383,1885,1516,565,805,240,607,1020
295: 47,776,312,1400,850,342,1090
296: 1757,4,231,1880,156,1729,1276,1354,149,313,1198
297: 664,499,1121,369,685,1208,797,486
298: 1187
299: 1884,1926,1027,1390,1297,1462,508,877,1142
300: 1850,1405,1203,1577,1055
301: 624,250,1283,830,1252,209,577,625,542,866,70
302: 365,1795,1230,44,1503,872,544,395,1872,1540,2006,1165,1107,1315,1661,749,1519,318,1793,1883,239
303: 1010,792,838
304: 163,264,638,1406,103,88,93,487,1648,105
305: 
306: 1253,1092
307: 147,835,1587,77,1182,1760
308: 1727
309: 41,563,1819,686,846,483,1799,1612,1347,1355,375
310: 399,410
311: 676,714,1578,1860
312: 295,47,776,1400,850,342,1090
313: 1757,4,231,1880,156,1729,1276,1354,149,296,1198
314: 72,1358,1678,1356,999,730,1896,592,1073,1999,160,1759,74,1674
315: 1703,620,1131,30,1740,800,132,517
316: 1002,1765,725,1322,206,358,1593,511,275,964,345,1602,1052
317: 2,1948,1158,213,207,949,1140,1415,1443,431,109,895,1124,1164
318: 365,1795,1230,44,1503,872,544,395,1872,1540,2006,1165,1107,1315,1661,749,1519,302,1793,1883,239
319: 82,1657,1367,673,1153,587,1845,1472
320: 959,501,1257,1532,1595
321: 1458,1043,983,458,1327,937,205,86,634,1633,222
322: 1931,48,1169,1290,1250
323: 682,1361,711,162,941,193
324: 1518,51
325: 1407,1935
326: 1957,335,1419,1691,728,1950
327: 1465,1387,1495,675,561,1809,1586,777,1925,785
328: 1171,1075,1988,1234,984
329: 1323,1899,820,1813,1589,446,454,1065,861,616,34,444,632,1572,1775,133,1226,666,589,1830
330: 
331: 2005,579,851,881,1889,934
332: 853,967,32
333: 1072,1564,1150,943,998,1905,1108,214,1370,794,1275,97,129
334: 649,1349,874,1222,915,1028,1120,970,1915,865,1851
335: 1957,326,1419,1691,728,1035,654,1950
336: 514,225,377,470,1670,772,1513,39
337: 1694,1411,100,75,710,894,1847,244,773,1403,519,1823,1496
338: 
339: 
340: 159,485,293,226,707,1974
341: 1248,1641,743,1690,96,1841,1218,581,1709,1596
342: 850,1090,295,47,776,312,1400
343: 1597,1001,753,2008,20,64,1559
344: 
345: 1002,1765,725,1322,206,1593,511,275,316,964,1602,1052
346: 
347: 1557,405,697,1900,1725,1512,1649,252,83
348: 455,828,388,216,1195,217
349: 1314,829,901,747,1416,430,1329,604,387,1101,836,1402,887,270
350: 
351: 1480,715,1647,1335,249,1042,783,135,1155,1379,1432,187,50,921,1763
352: 1927,170,14
353: 1996,1398,2001,1871,36,273,883,1433
354: 
355: 1146,826,556,674,825,1176,1608
356: 1592
357: 513,201,2002,550,652,106,1220,1749,1881,1211,1555,1374,1539,1233,1652,1529
358: 1002,1765,725,1322,511,275,316,964,1052
359: 1348,1866,1591,114,60
360: 122
361: 1720,611,435,81,1634,200,1255,782,1514
362: 1484,1025,1417,1111,1300,923,208,1886
363: 1734,1754,1422,478,1769,906,1898,1409
364: 1341,580,1031,2014,1013,1199,709,1521
365: 1795,1230,44,1503,872,544,395,1872,1540,2006,1165,1107,1315,1661,749,1519,302,318,1793,1883,239
366: 1846,1902,371,1344,1044,1368,1032,94,403
367: 712,1491,754,527,1059,484,781,940,1498,98,374,902,924,1825,1110,1782,1380,65,615,464
368: 91,278,2000,1576,142,1082,533,1892,1786
369: 664,499,1121,297,685,486
370: 907,84,1982
371: 366,1846,1902,1344,1044,1032,126,403
372: 
1988: 1171,1075,328,1234,984
374: 712,1491,754,527,1059,484,781,940,1498,98,902,924,1825,1110,1782,367,1380,65,615,464
375: 41,563,1819,686,846,483,1799,1612,1347,309,1355
376: 1282,1574,1632,768,837,1767,693,1353
377: 514,225,470,1670,772,336,1513,39
378: 
379: 886,1622,1054,1268
380: 534,1755,1654,810,1119,1445,1894,1295,1861,125
381: 
382: 566,1224,1508,1567,978,1024
383: 1885,1516,565,805,294,240,607
384: 1916
385: 14,1927,170
386: 101
387: 1314,829,901,747,1416,430,1329,349,604,1101,836,1402,887,270
388: 455,828,348,216,1195,217,215
389: 538,1528,690,991,570,706,1064,1427,1385,1246,1838
390: 
391: 1601,1293,1663,1715,1677,588,257,1783,16,509,912,1461
392: 
393: 
394: 2010,671,1189,1413,1660
395: 365,1795,1230,44,1503,872,544,1872,1540,2006,1165,1107,1315,1661,749,1519,302,318,1793,1883,239
396: 253,951,893,1829,1524,1022
397: 867,1748
398: 2012,1429,644,1485,1256,1997,719,469,814
399: 310,410
400: 1284,948,1006,138,1561,790,1340,1307,1180,1945,59
401: 
402: 
403: 1368,1032,126,94,223,366,1846,1902,371,1344,1044
404: 
405: 1557,697,1900,1725,1512,1649,252,83,347
406: 646,1003,18,1685,1177,448,1241,926,1112,1238,1560
407: 1497,847,1260
408: 
409: 1123,636,165,1115,255,1317,256,1369,1437,1321
410: 399,310
411: 427,701,1446
412: 
413: 1849
414: 
415: 759,124,735
416: 493
417: 1828,832,1091,2011,180,136,849,1311,119,1581
418: 
419: 678,184
420: 1434,1212
421: 123,553,1418,549,1325,1487
422: 58,539,727,909,557,1502
423: 
424: 957,808,1955,1017,1244,172,1303,26,1874,5,788
425: 1404,1414
426: 
427: 701,1446,411
428: 891,189,1987,1444,578,1352,716,1023,472
429: 204,449
430: 1314,829,901,747,1416,1329,349,604,387,1101,836,1402,887,270
431: 2,1948,213,207,949,1140,317,1415,1443,109,895,1124,1164
432: 
433: 
434: 
435: 1720,611,361,81,1634,200,1255,782,1514
436: 1125,7,590,1201,113,1570
437: 1216,860,801,247,558,287,145,1078,1744,1520,1862,1304
438: 1351,1954,582,521,456,1747,1724,2015,870,1753,108,1359,613,1249,1149
439: 1011,1533,1543,1388,1254,689,1332,641,986,1842
440: 
441: 1079,19,67,1573,479,1507,62,755
442: 603,1376,973,614,291,1698,969,234
443: 1330,1288,993,857,762,1708,1522,1362,1537,274,1696,1629,1450,202,855,1493,1302,905,852,1650,813
444: 1323,1899,820,1813,1589,952,446,454,1065,645,861,616,821,34,632,1572,1775,133,329,1226,666,589,1830
445: 1225,1958
446: 1323,1899,820,1813,1589,952,454,1065,645,861,616,821,34,444,632,1572,1775,133,329,1226,666,589,1830
447: 806,525,1228,40
448: 646,1003,18,1685,1177,1241,926,1112,1238,1560,406
449: 204,429,101
450: 1546,1701,791,2007,1410,1712,1853,31
451: 1865,218,721
452: 1613,1636,1971,1832,862
453: 1298,1057,1979,43,42,869,1441,188
454: 1323,1899,820,1813,1589,952,446,1065,645,861,616,821,34,444,632,1572,1775,133,329,1226,666,589,1830
455: 828,388,348,216,1195,217
456: 1351,1954,438,582,521,1747,1724,2015,870,1753,108,1359,613,1249,1149
457: 1186,116,510,1102,1558,916
458: 1458,1043,983,1327,937,205,86,634,321,1633,222
459: 
460: 
461: 1067,873,1605,1207,1848,662,1780,1378,1920,1985
462: 
463: 
464: 712,1491,754,527,1059,484,781,940,1498,98,374,902,924,1825,1110,1782,367,1380,65,615
465: 1683
466: 1239,1673,35,605,657,1821,1464,731,1173,1598,888,740,1796,1936,1364
467: 
468: 1631
469: 2012,1429,644,1485,398,1256,1997,719,814
470: 514,225,377,1670,772,336,1513,39
471: 
472: 1352,716,1023,891,189,428,1987,1444,578
473: 
474: 
475: 1835,1431
2016: 1941,1975,524,824,228,746,1008,1736,741,876,761
477: 1840,267,1743,1243,490,1737,1428,1620,1320,1644
478: 1734,1754,1422,1769,906,1898,1409,363
479: 1507,62,755,1079,19,441,67,1573
480: 1504
481: 1998,798,1814,1679
482: 733,839,1132,263,1099,1666,1197
483: 41,563,1819,686,846,1799,1612,1347,309,1355,375
484: 712,1491,754,527,1059,781,940,1498,98,374,902,924,1825,1110,1782,367,1380,65,615,464
485: 159,293,226,707,1974,340
486: 685,1208,797,499,297,369
487: 304,163,264,638,1406,103,88,93,1648,105
488: 24,1440,292,2009,648,238,1718,1104,1151,1460,1834,1188,12,1148,1719,1159
489: 1466,210
490: 1243,1737,1428,1620,1320,1644,267,1743,477
491: 
492: 
493: 416
494: 896,1463,1550,841,1289,774,1205,182,880
1995: 1034,931,1482,1080,643,507,885,1510,621,151,1436,1526,1473,1697,1442,1969,1371,1408
496: 
497: 1490
498: 
499: 664,1121,297,369,685,1208,797,486
500: 1438,1343,1377
501: 959,320,1257,1532,1595
502: 1552
503: 1972,1716,656,1515,1778,1470
504: 1773,911,520,260,1824,594,1614,1895,784,1126,248
505: 1019,1628,1807
506: 66,1730,1811,903
507: 1034,931,1482,1080,643,1995,885,1510,621,151,1436,1526,1697,1442,1969,1371
508: 877,1142,299,1884,1926,1027,1390,1297,1462
509: 1601,1293,1663,1715,1677,588,257,391,1783,16,912,1461
510: 457,1186,116,1102,1558,916
511: 1002,1765,725,1322,206,358,1593,275,316,964,345,1602,1052
512: 1590
513: 201,2002,550,652,106,1220,1749,1881,1211,1555,1374,1539,1233,1652,357,1529
514: 225,377,470,1670,772,336,1513,39
515: 1382,1961,1968,653,1816
516: 
517: 1740,800,132,1703,620,315,1131,30
518: 1474,600,939,1808,1911,1394,904,932
519: 710,894,1847,244,773,1403,1823,1496,75,337
520: 1773,911,504,260,1824,594,1614,1895,784,1126,248
521: 1351,1954,438,582,456,1747,1724,2015,870,1753,108,1359,613,1249,1149
522: 992,1711
523: 
524: 1941,1975,824,2016,228,746,1008,1736,741,876,761
525: 806,447,1228,1738,40
526: 1033,1542,963,1,609,568
527: 712,1491,754,1059,484,781,940,98,374,902,924,1825,1110,1782,367,1380,615,464
528: 1191,183
529: 
530: 617,1389,1116,2003,1494,262,211,955,1459,143,1687,1037,1278,908
531: 1621,89,1797,1774,1478,1506,1070
1979: 1298,1057,43,42,869,1441,453,188
533: 91,278,2000,1576,142,1082,368,1892,1786
534: 1755,1654,810,1119,1445,1894,1295,1861,380,125
535: 
536: 
537: 
538: 389,1528,690,991,570,53,167,706,1064,1427,1385,1246,1838
539: 58,422,727,909,557,1502
1975: 1941,524,824,2016,228,746,1008,1736,741,876,761
541: 642,595,961
542: 1399,1334,866,70,625,624,250,1283,830,301,1252,209,577
543: 
544: 365,1795,1230,44,1503,872,395,1872,1540,2006,1165,1107,1315,1661,749,1519,302,318,1793,1883,239
545: 
2005: 331,579,851,881,1889,934
547: 
548: 22,897
549: 123,553,1418,421,1325,1487
550: 513,201,2002,652,106,1220,1749,1881,1555,1374,1539,1233,1652,357,1529
551: 1928,1401
552: 
553: 123,1418,549,421,1325,1487
554: 
555: 
556: 1146,826,674,355,825,1176,1608
557: 58,422,539,727,909,1502
558: 1216,860,801,437,247,287,145,1078,1744,1520,1862,1304
559: 
560: 1764,1136,1801,599,1105,1689,118,1789,1964,694
561: 1465,1387,327,1495,675,1809,1586,777,1925,785
562: 1093
563: 41,1819,686,846,483,1799,1612,1347,309,1355,375
564: 
565: 383,1885,1516,805,294,240,607,1020
566: 1224,1508,1567,978,1024,382
567: 
568: 1033,526,1542,963,1,609
569: 175,1229,898,242,665,1501,68,691
570: 991,53,167,706,389,538,1528,690,1064,1246,1838
571: 1014,1424,71,1181,1600,1617,612
572: 778
573: 950,17
574: 879,1903
575: 1266,718,890,1045,1130,1904,597,1994,1624
576: 
577: 624,250,1283,830,301,1252,209,542,1399,1334,866,70
578: 891,189,428,1987,1444,1352,716,1023,472
579: 331,2005,851,881,1889,934
580: 1341,1031,2014,1013,1199,709,1521,364
581: 96,1841,1218,1709,1596,1248,1641,743,1690,341
582: 1351,1954,438,521,456,1747,1724,2015,870,1753,108,1359,613,1249,1149
583: 1210,1039,1029,670,1695,2013,1746,1901,1299
584: 739,1934,1656,1453
585: 1183,38,127
586: 1190
587: 82,1657,1367,673,319,1845,1472
588: 1601,1293,1663,1715,1677,257,391,1783,16,509,912,1461
589: 1226,666,1830,1323,1899,820,1813,1589,952,446,454,1065,645,861,616,821,34,444,632,1572,1775,133,329
590: 1125,7,1201,436,113,1570
591: 1635,705,610,1981
592: 72,1358,1678,1356,314,999,730,1896,1073,1999,160,1759,74,1674
593: 
594: 1614,1895,784,1126,248,260,1824,1773,911,504,520
595: 642,541,961
596: 1585
597: 1266,718,890,1045,1130,575,1904,1994,1624
598: 1357,1790,920,1917
599: 1136,1801,1105,1689,118,1789,1964,1764,560,694
600: 518,1474,939,1808,1911,1394,904,932
601: 1534,1788,802,233
602: 1135,1879,680,57,0
603: 1376,973,614,291,1698,442,969,234
604: 1314,829,901,747,1416,430,1329,349,387,1101,836,1402,887,270
605: 1239,1673,35,657,466,1821,1464,731,1173,1598,888,740,1796,1936,1364
606: 1625,1741,1728,1815,1386,11,1395
607: 1020,383,1885,1516,565,805,294,240
608: 1313
609: 1033,526,1542,963,1,568
610: 591,1635,705,1981
611: 1720,361,435,81,1634,200,1255,782,1514
612: 1014,1424,71,1181,571,1600,1617
613: 1351,1954,438,582,521,456,1747,1724,2015,870,1753,108,1359,1249,1149
614: 603,1376,973,291,1698,442,969,234
615: 712,1491,754,527,1059,484,781,940,1498,374,902,924,1825,1110,1782,367,1380,65,464
616: 1323,1899,820,1813,1589,952,446,454,1065,645,861,821,34,444,632,1572,1775,133,329,1226,666,589,1830
617: 1389,1116,2003,1494,262,211,955,530,1459,143,1687,1037,1278,908
618: 
619: 
620: 315,1131,30,132,517
621: 1034,931,1482,1080,643,507,1995,885,1510,151,1436,1526,1473,1697,1442,1969,1371
622: 1318
623: 
624: 250,1283,830,301,1252,209,577,625,542,1334,866,70
625: 542,1399,1334,866,70,624,250,1283,830,301,1252,209
626: 1350,28
627: 
628: 1535,1457
629: 994
630: 1088,809
631: 748,1836,1040,1468,1599,1714,737,56,2004
632: 1323,1899,820,1813,1589,952,446,454,1065,645,861,616,821,34,444,1572,1775,133,329,1226,666,589,1830
633: 
634: 1458,1043,983,458,1327,937,205,86,321,1633,222
635: 1810
636: 1123,165,1115,255,1317,256,1369,409,1437,1321
637: 
638: 304,163,264,1406,103,88,93,487,1648,105
639: 152,37
640: 
641: 1011,1533,1543,1388,1254,689,1332,439,986,1842
642: 595,541,961
643: 1034,931,1482,1080,507,1995,885,1510,621,151,1436,1526,1473,1697,1442,1969,1371,1408
644: 2012,1429,1485,398,1256,1997,719,469,814
645: 1323,1899,820,1813,1589,952,446,454,1065,861,616,821,444,632,1572,1775,133,1226,666,589,1830
646: 1003,18,1685,1177,448,1241,926,1112,1238,1560,406
647: 
648: 24,1440,292,2009,238,1718,1104,1151,1460,1834,1188,488,12,1148,1719,1159
649: 1349,661,874,1222,915,1028,1120,334,970,1915,865,1851
1992: 
651: 
652: 513,201,2002,550,106,1220,1749,1881,1211,1555,1374,1539,1233,1652,357,1529
653: 1382,1961,1968,1816,515
654: 1957,335,1419,1691,728,1035,1950
655: 29,944,1227,1346,1430,917,1806,1856,1742
656: 503,1972,1716,1515,1778,1470
657: 1239,1673,35,605,466,1821,1464,731,1173,1598,888,740,1796,1936,1364
658: 1735,25
659: 
660: 1924,1179,771,1721,1908
661: 649,1349,1222,915,1028,1120,970
662: 1067,873,1605,1207,1848,1780,461,1378,1920,1985,953
663: 
664: 499,297,369,685
665: 175,569,1229,898,242,1501,68,691
666: 1226,589,1830,1323,1899,820,1813,1589,952,446,454,1065,645,861,616,821,34,444,632,1572,1775,133,329
667: 
668: 
669: 
670: 583,1210,1039,1029,1695,2013,1746,1901,1299
671: 2010,394,1189,1413,1660
672: 
673: 82,1657,1367,1153,587,319,1845,1472
674: 1146,826,556,355,825,1176,1608
675: 1465,1387,327,1495,561,1809,1586,777,1925,785
676: 714,1578,311,1860
677: 1319,708,1639,1134
678: 184,419
679: 1923,245,796
680: 1879,57,0,602,1135
681: 
682: 1361,711,162,941,323,193
2007: 1546,1701,791,1410,450,1712,1853,31
684: 1455,1963
685: 1208,797,486,664,499,297,369
686: 41,563,1819,846,483,1799,1612,1347,309,1355,375
687: 1938,1030,1263,833,1882,1175,229
688: 1049
689: 1011,1533,1543,1388,1254,1332,439,641,986,1842
690: 389,538,1528,991,570,706,1064,1427,1385,1246,1838
691: 1501,68,665,175,569,1229,898,242
692: 
693: 1353,376,770,1574,1632,768,837,1767
694: 1136,1801,599,1105,1689,118,1789,1964,1764,560
695: 1328,63,1235,1803,1875,1794,1804,734
696: 1038,1012,732
697: 1557,405,1900,1725,1512,1649,252,83,347
1980: 
699: 1826,1878,272,269,1870
700: 
701: 427,1446,411
702: 
2006: 365,1795,1230,44,1503,872,544,395,1872,1540,1165,1107,1315,1661,749,1519,302,318,1793,1883,239
704: 
705: 591,1635,610,1981
706: 167,991,570,53,389,538,1528,690,1064,1427,1385,1246,1838
707: 485,226,1974,340
708: 677,1319,1639,1134
709: 1031,2014,1013,1199,1521,1341,580,364
710: 894,1847,244,773,1403,519,1823,1496,1694,1411,75,337
711: 682,1361,162,941,323,193
712: 1491,754,527,484,781,940,1498,98,374,902,924,1825,1110,1782,367,1380,65,615,464
713: 990,1877,1580,1074,1095,1221,1640,1015,723,1339,803
714: 676,1578,311,1860
715: 1480,1647,1335,249,1042,783,135,1155,1379,1432,187,50,351,921,1763
716: 1352,1023,472,891,189,428,1987,1444,578
2015: 1351,1954,438,582,521,456,1747,1724,870,1753,108,1359,613,1249,1149
718: 1266,890,1045,1130,575,1904,597,1994,1624
719: 2012,1429,644,1485,398,1256,1997,469,814
720: 1768,1260,1497,847
721: 218,1865,451
722: 
723: 990,713,1877,1580,1074,1095,1221,1640,1015,1339,803
724: 972,243,168
725: 1002,1765,1322,206,358,1593,511,275,316,964,345,1602,1052
726: 884,1213,1193
727: 58,422,539,909,557
728: 1957,335,326,1419,1691,1035,654,1950
729: 1094
730: 72,1358,1678,1356,314,999,1896,592,1073,1999,160,1759,74,1674
731: 1173,1598,888,740,1796,1239,1673,35,605,657,466,1821,1464,1936,1364
732: 1038,696,1012
733: 839,482,1132,263,1099,1666,1197
734: 1328,63,1235,1803,1875,1794,1804,695
735: 759,415,124
736: 
737: 748,1836,1040,1468,1599,1714,56,631,2004
738: 
739: 1934,1656,1453,584
740: 731,1173,1598,888,1796,1239,1673,35,605,657,466,1821,1464,1936,1364
741: 1941,1975,524,824,2016,228,746,1008,1736,876,761
2003: 617,1389,1116,1494,262,211,955,530,1459,143,1687,1037,1278,908
743: 1248,1641,1690,341,96,1841,1218,581,1709,1596
744: 
745: 1423,79,1056
746: 1941,1975,524,824,2016,228,1008,1736,741,876,761
747: 1314,829,901,1416,430,1329,349,604,387,1101,836,1402,887,270
748: 1836,1040,1468,1599,1714,737,56,631,2004
749: 365,1795,1230,44,1503,872,544,395,1872,1540,2006,1165,1107,1315,1661,1519,302,318,1793,1883,239
750: 
751: 
752: 
753: 1597,1001,2008,343,20,64,1559
754: 712,1491,527,1059,484,781,940,1498,98,374,902,924,1825,1110,1782,367,1380,65,615,464
755: 479,1507,62,1079,19,441,67,1573
756: 
757: 1569
758: 1792,1857
759: 415,124,735
760: 
761: 1941,1975,524,824,2016,228,746,1008,1736,741,876
762: 1330,1288,993,857,1708,443,1522,1362,1537,274,1696,1629,1450,202,855,1493,1302,905,852,1650,813
763: 822,1956,1118,185,1161,55,1781,236,979,1060,1852,966
764: 1452,140,1365,2019,918,2017,13,996
765: 1646
1977: 1978,191,219
767: 
768: 1282,376,770,1574,1632,837,1767,693,1353
769: 1933
770: 1282,1574,1632,768,837,1767,693,1353
771: 1924,1179,660,1721,1908
772: 514,225,377,470,1670,336,1513,39
773: 710,894,1847,244,1403,519,1823,1496,1694,1411,100,75,337
774: 896,494,1463,1550,841,1289,1205,182,880
2019: 1452,140,1365,918,2017,13,996,764
776: 295,47,312,1400,850,342,1090
777: 1465,1387,327,1495,675,561,1809,1586,1925,785
778: 572
779: 
780: 1873
781: 712,1491,754,527,1059,484,940,1498,98,374,902,924,1825,1110,1782,367,1380,65,615,464
782: 1514,1720,611,361,435,81,1634,200,1255
783: 1480,715,1647,1335,249,1042,135,1155,1379,1432,187,50,351,921,1763
784: 594,1614,1895,1126,248,260,1824,1773,911,504,520
785: 1465,1387,327,675,561,1809,1586,777,1925
786: 1750,130,1536,928
787: 1366,1762,1733,285,107,1833,154
788: 957,808,1955,1017,172,424,26,1874
2017: 1452,140,1365,2019,918,13,996,764
790: 1284,948,1006,138,1561,1340,1307,1180,1945,400,59,913
791: 1546,1701,2007,1410,450,1712,1853,31
792: 838,1010,303
793: 
794: 1072,333,1564,1150,943,998,1905,1108,214,1370,1275,97,129
795: 
796: 1923,679,245
797: 685,1208,486,499,297
798: 1998,481,1814
799: 1147
800: 1740,132,517,1703,315,1131,30
801: 1216,860,437,247,558,287,145,1078,1744,1520,1862,1304
802: 1534,1788,601,233
803: 990,713,1877,1580,1074,1095,1221,1640,1015,723,1339
804: 
805: 383,1885,1516,565,294,240,607
806: 525,447,1228,1738,40
807: 
808: 957,1955,1017,1244,172,424,1303,26,1874,5,788
809: 630,1088,958
810: 534,1755,1654,1119,1445,1894,1295,1861,380,125
811: 1481,196,1554,1058,914,1231,1805,173
812: 1114
813: 1330,1288,993,857,762,1708,443,1522,1362,1537,274,1696,1450,202,855,1493,1302,852,1650
814: 2012,1429,644,1485,398,1256,1997,719,469
815: 
816: 
1989: 
818: 
819: 
820: 1323,1899,1813,1589,952,446,454,1065,645,861,616,821,34,444,632,1572,1775,133,329,1226,666,589,1830
821: 1323,1899,820,1813,1589,952,446,454,1065,645,861,616,444,632,1572,1775,133,666,589,1830
822: 1956,1118,185,1161,55,1781,236,763,979,1060,1852,966
823: 
824: 1941,1975,524,2016,228,746,1008,1736,741,876,761
825: 1146,826,556,674,355,1176,1608
826: 1146,556,674,355,825,1176,1608
827: 
828: 455,388,348,216,1195,217,215
829: 1314,901,747,1416,430,1329,349,604,387,1101,836,1402,887,270
830: 624,250,1283,301,1252,209,577,625,542,1399,1334,866,70
831: 
832: 1828,1091,2011,180,136,417,849,1311,119,1581
833: 1882,1175,229,1938,687,1030,1263
834: 854,868
835: 147,1587,77,1182,307,1760
836: 829,901,747,1416,430,1329,349,604,387,1101,1402,887,270
837: 1282,376,770,1574,1632,768,1767,693,1353
838: 792,1010,303
839: 733,482,1132,263,1099,1666,1197
1991: 
841: 896,494,1463,1550,1289,774,1205,182,880
1996: 1398,2001,353,36,273,883,1050,1433
843: 1202,9,1479
2008: 1597,1001,753,343,20,64,1559
1997: 2012,1429,644,1485,398,1256,719,469,814
846: 41,563,1819,686,483,1799,1612,1347,309,1355,375
847: 1497,407,720,1768,1260
848: 
849: 1311,119,1581,1828,832,1091,2011,180,136,417
850: 342,1090,295,47,776,312,1400
851: 331,2005,579,881,1889,934
852: 855,1493,1302,905,1650,1330,1288,993,857,762,1708,443,1522,1362,1537,274,1696,1629,1450,202,813
853: 332,967,32
854: 834,868
855: 1493,1302,905,852,1650,1330,1288,993,857,762,1708,443,1522,1362,1537,274,1696,1629,1450,202,813
856: 1426,1623,1855,1447,1887
857: 1330,1288,993,762,1708,443,1522,1362,1537,274,1696,1629,1450,202,855,1493,1302,852,1650,813
1976: 
859: 
860: 1216,801,437,247,558,287,145,1078,1744,1520,1862,1304
861: 1323,1899,820,1813,1589,952,446,454,1065,645,616,821,34,444,632,1572,1775,133,329,1226,666,589,1830
862: 1832,1613,452,1636,1971
863: 1301,1294,85,1630
864: 
865: 649,1349,874,1222,915,1028,1120,334,970,1915,1851
866: 542,1399,1334,70,625,624,250,1283,830,301,1252,209,577
867: 1748,397
868: 854,834
869: 1057,1979,43,1441,453,188
870: 1351,1954,438,582,521,456,1747,1724,2015,1753,108,1359,613,1249,1149
871: 1160,1184
872: 365,1795,1230,44,1503,544,395,1872,1540,2006,1165,1107,1315,1661,749,1519,302,318,1793,1883,239
873: 1067,1605,1207,1848,662,1780,461,1378,1920,1985,953
874: 649,1349,1222,915,1028,1120,334,970,1915,865,1851
875: 1681
876: 1941,1975,524,824,2016,228,746,1008,1736,741,761
877: 508,1142,299,1884,1926,1027,1390,1297,1462
878: 
879: 574,1903
880: 1205,182,896,494,1463,1550,841,1289,774
881: 331,2005,579,851,1889,934
882: 
883: 1996,1398,2001,1871,353,36,273,1050,1433
884: 726,1213,1193
885: 1034,931,1482,1080,643,507,1995,1510,621,151,1436,1526,1473,1697,1442,1969,1371,1408
886: 1622,1054,379
887: 1402,270,836,1314,829,901,747,1416,430,1329,349,604,387,1101
888: 731,1173,1598,740,1796,1239,1673,35,605,657,466,1821,1464,1936,1364
889: 
890: 1266,718,1045,1130,575,1904,597,1994,1624
891: 189,428,1987,1444,578,716,1023,472
892: 284
893: 253,951,1829,1524,396,1022
894: 710,1847,244,773,1403,519,1823,1496,1694,1411,100,75,337
895: 109,1124,1164,2,1948,1158,213,207,949,1140,317,1415,1443,431
896: 494,1463,1550,841,1289,774,182,880
897: 548,22,1046
898: 175,569,1229,242,665,1501,68,691
899: 
900: 1381,1615
901: 1314,829,747,1416,430,1329,349,604,387,1101,836,1402,887,270
902: 712,1491,754,527,1059,484,781,940,1498,98,374,924,1825,1110,1782,367,1380,615,464
903: 1811,66,506
904: 518,1474,600,939,1808,1911,1394,932
905: 855,1493,1302,852,1650,1330,1288,762,1708,443,1522,1362,1537,274,1696,1629,1450,202
906: 1734,1754,1422,478,1769,1898,1409,363
907: 370,84,1982
908: 617,1389,1116,2003,1494,262,211,955,530,1459,143,1687,1037,1278
909: 58,422,539,727,557,1502
910: 1168,1145,1745,174,1005
911: 1773,504,520,260,1824,594,1614,1895,784,1126,248
912: 1601,1293,1663,1715,1677,588,391,1783,16,509,1461
913: 1284,948,1006,138,1561,790,1340,1307,1945,59
914: 1481,196,1554,1058,811,1231,1805,173
915: 649,1349,661,874,1222,1028,1120,334,970,1915,865,1851
916: 1102,1558,457,1186,116,510
917: 944,1227,1346,1430,655,29,1806,1856,1264,1742
918: 1452,140,1365,2019,2017,13,996,764
919: 
920: 1357,1790,598,1917
921: 1480,715,1647,1335,249,1042,783,135,1155,1379,1432,187,50,351,1763
922: 
923: 1484,1025,1417,1111,362,1300,208,1886
924: 712,1491,754,527,1059,484,781,940,1498,98,374,902,1825,1110,1782,367,1380,65,615,464
925: 
926: 646,1003,18,1685,1177,448,1241,1112,1238,1560,406
927: 
928: 1536,1750,786,130
929: 
930: 
931: 1034,1482,1080,643,507,1995,885,1510,621,151,1436,1526,1473,1697,1442,1969,1371,1408
932: 518,1474,600,1808,1911,1394,904
933: 
934: 331,2005,579,851,881,1889
935: 95,1517,1089,2018,227,45
1999: 72,1358,1678,1356,314,999,730,1896,592,1073,160,1759,74,1674
937: 1458,1043,983,458,1327,205,86,634,321,1633,222
938: 
939: 518,1474,600,1808,1911,1394,904
940: 712,1491,754,527,1059,484,781,1498,98,374,902,924,1825,1110,1782,367,1380,65,615,464
941: 682,1361,711,162,323,193
942: 117,1867,1827
943: 1072,333,1564,1150,998,1905,1108,214,1370,794,1275,97,129
944: 1227,1346,1430,917,655,29,1806,1856,1264,1742
945: 
946: 
947: 
948: 1284,1006,138,1561,790,1340,1307,1180,1945,400,59,913
949: 2,1948,1158,213,207,1140,317,1415,1443,431,109,895,1124,1164
950: 17,573
951: 253,893,1829,1524,396,1022
952: 1323,1899,820,1813,1589,446,454,1065,645,861,616,821,34,444,632,1572,1775,133,1226,666,589,1830
953: 1067,873,1605,1207,1848,662,1780,1378,1920
954: 27
955: 617,1389,1116,2003,1494,262,211,530,1459,143,1687,1037,1278,908
956: 
957: 808,1955,1017,1244,172,424,1303,26,1874,5,788
958: 1088,809,150,6,258
959: 501,320,1257,1532,1595
960: 1117,1710,1547,1562
961: 642,595,541
962: 
963: 1033,526,1542,1,609,568
964: 1002,1765,725,1322,206,358,1593,511,275,316,345,1602,1052
965: 
966: 1852,822,1956,1118,185,1161,1781,236,763,979,1060
967: 332,853,32
968: 
969: 603,1376,973,614,291,1698,442,234
970: 649,1349,661,874,1222,915,1028,1120,334,1915,865,1851
971: 
972: 724,243,168
973: 603,1376,614,291,1698,442,969,234
974: 1509
975: 
976: 
977: 
978: 566,1224,1508,1567,1024,382
979: 822,1956,1118,185,1161,1781,236,763,1060,1852,966
980: 
981: 
982: 1549,1133
983: 1458,1043,458,1327,937,205,86,634,321,1633,222
984: 1171,1075,328,1988,1234
985: 
986: 1842,1011,1533,1543,1388,1254,689,1332,439,641
987: 
988: 
989: 
990: 713,1877,1580,1074,1095,1221,1640,1015,723,1339,803
991: 570,53,167,706,389,538,1528,690,1064,1427,1385,1246,1838
992: 1711,522
993: 1330,1288,857,762,1708,443,1522,1362,1537,274,1696,1629,1450,202,855,1493,1302,852,1650,813
994: 629
995: 
996: 1452,140,1365,2019,918,2017,13,764
997: 
998: 1072,333,1564,1150,943,1905,1108,214,1370,794,1275,97,129
999: 72,1358,1678,1356,314,730,1896,592,1073,1999,160,1759,74,1674
1000: 1357,1790
1001: 1597,753,2008,343,20,64,1559
1002: 1765,725,1322,206,358,1593,511,275,316,964,345,1602,1052
1003: 646,18,1685,1177,448,1241,926,1112,1238,1560,406
1004: 23,1204,171,1943,1154
1005: 1168,910,174
1006: 1284,948,138,1561,790,1340,1307,1180,1945,400,59,913
1007: 1986,220,1488,1787,1609,1665,46,1109
1008: 1941,1975,524,824,2016,228,746,1736,741,876,761
1985: 1067,873,1605,1207,1848,662,1780,461,1378,1920
1010: 303,792,838
1011: 1533,1543,1388,1254,689,1332,439,641,986,1842
1012: 1038,696,732
1013: 1031,2014,1199,709,1521,1341,580,364
1014: 1424,71,1181,571,1600,1617,612
1015: 990,713,1877,1580,1074,1095,1221,1640,723,1339,803
1016: 
1017: 957,808,1955,1244,172,424,1303,26,1874,5,788
1018: 1756,1331,1662
1019: 1628,1807,505
1020: 607,1885,1516,565,294
1021: 
1022: 253,951,893,1829,1524,396
1023: 1352,716,472,891,189,428,1987,1444,578
1024: 566,1224,1508,1567,978,382
1025: 1484,1417,1111,362,1300,923,208,1886
1026: 
1027: 299,1884,1926,1390,1297,1462,508,877,1142
1028: 649,1349,661,874,1222,915,1120,334,970,1915,865,1851
1029: 583,1210,1039,670,1695,2013,1746,1901,1299
1030: 1938,687,1263,833,1882,1175,229
1031: 2014,1013,1199,709,1521,1341,580,364
1032: 1368,126,94,223,403,366,1846,1902,371,1344,1044
1033: 526,1542,963,1,609,568
1034: 931,1482,1080,643,507,1995,885,1510,621,151,1436,1526,1473,1697,1442,1969,1371
1035: 1957,335,1419,1691,728,654,1950
1036: 
1037: 617,1389,1116,2003,1494,262,211,955,530,1459,143,1687,1278,908
1038: 696,1012,732
1039: 583,1210,1029,670,1695,2013,1746,1901,1299
1040: 748,1836,1468,1599,1714,737,56,631,2004
1041: 
1042: 1480,715,1647,1335,249,783,135,1155,1379,1432,187,50,351,921,1763
1043: 1458,983,458,1327,937,205,86,634,321,1633,222
1044: 366,1846,1902,371,1344,1368,1032,126,94,223,403
1045: 1266,718,890,1130,575,1904,597,1994,1624
1046: 22,897
1047: 
1048: 1237
1049: 688
1050: 1996,1398,2001,1871,273,883,1433
1051: 1240,1645
1052: 1602,1002,1765,725,1322,206,358,1593,511,275,316,964,345
1053: 
1054: 886,1622,1268,379
1055: 1850,300,1405,1203,1577
1056: 1423,745,79,1541,1779
1057: 1298,1979,43,42,869,1441,453,188
1058: 1481,196,1554,914,811,1231,1805,173
1059: 1491,754,527,484,781,940,98,374,902,924,1825,1110,1782,367,1380,615,464
1060: 822,1956,1118,185,1161,55,1781,236,763,979,1852,966
1061: 1421,1144,1085,1962
1062: 1800,1269,1518,51
1063: 
1064: 1427,1385,1246,1838,991,570,53,167,706,389,538,1528,690
1065: 1323,1899,820,1813,1589,952,446,454,645,861,616,821,34,444,632,1572,1775,133,329,1226,666,589,1830
1066: 21
1067: 873,1605,1207,1848,662,1780,461,1378,1920,1985,953
1068: 
1069: 1280
1070: 1506,89,1797,531
1071: 52,1483,102,1672
1072: 333,1564,1150,943,998,1905,1108,214,1370,794,1275,97,129
1073: 72,1358,1678,1356,314,999,730,1896,592,1999,160,1759,74,1674
1074: 990,713,1877,1580,1095,1221,1640,1015,723,1339,803
1075: 328,1988,1234,984
1076: 
1077: 92,1467
1078: 1216,860,801,437,558,287,145,1744,1520,1304
1079: 19,441,67,1573,479,1507,62,755
1080: 1034,931,1482,643,507,1995,885,1510,621,151,1436,1526,1473,1697,1442,1969,1371
1081: 80,1610
1082: 91,278,2000,1576,142,533,368,1892,1786
1083: 
1084: 
1085: 1144,1962,1061,1421
1086: 
1087: 1281,221,1185,1583,54,1219,1626,33
1088: 630,809,958
1089: 95,1517,2018,935,227,45
1090: 850,342,295,47,776,312,1400
1091: 1828,832,2011,180,136,417,849,1311,119,1581
1092: 306,1253
1093: 562
1094: 729
1095: 990,713,1877,1580,1074,1221,1640,1015,723,1339,803
1096: 
1097: 
1098: 
1099: 733,839,482,1132,263,1666,1197
1100: 
1101: 1314,829,901,747,1416,430,1329,349,604,387,836,1402,887,270
1102: 1558,916,457,1186,116,510
1103: 1891,1274,1141,1897
1104: 24,1440,292,2009,648,238,1718,1151,1460,1834,1188,488,12,1148,1719,1159
1105: 1136,1801,599,1689,118,1789,1964,1764,560,694
1106: 
1107: 365,1795,1230,44,1503,872,544,395,1872,1540,2006,1165,1315,1661,749,1519,302,318,1793,1883
1108: 1072,333,1564,1150,943,998,1905,214,1370,794,1275,97,129
1109: 1609,1665,46,1986,1007,1488,1787
1110: 712,1491,754,527,1059,484,781,940,1498,98,374,902,924,1825,1782,367,1380,615,464
1111: 1484,1025,1417,362,1300,923,208,1886
1112: 646,1003,18,1685,1177,448,1241,926,1238,1560,406
1113: 
1114: 812
1115: 1123,636,165,255,1317,256,1369,409,1437,1321
1116: 617,1389,2003,1494,262,211,955,530,1459,143,1687,1037,1278,908
1117: 960,1710,1547,1562
1118: 822,1956,185,1161,55,1781,236,763,979,1060,1852,966
1119: 534,1755,1654,810,1445,1894,1295,1861,380,125
1120: 649,1349,661,874,1222,915,1028,334,970,1915,865,1851
1121: 499,297,369
1122: 
1123: 636,165,1115,255,1317,256,1369,409,1437,1321
1124: 109,895,1164,2,1948,1158,213,207,949,1140,317,1415,1443,431
1125: 7,590,1201,436,113,1570
1126: 594,1614,1895,784,248,260,1824,1773,911,504,520
1127: 1637,1582
1128: 
1129: 1383,1236,1918,1722
1130: 1266,718,890,1045,575,1904,597,1994,1624
1131: 1703,620,315,30,1740,800,132,517
1132: 733,839,482,263,1099,1197
1133: 1549,982
1134: 677,1319,708,1639
1135: 602,1879,680,57,0
1136: 1801,599,1105,1689,118,1789,1964,1764,560,694
1137: 
1138: 
1139: 
1140: 2,1948,1158,213,207,949,317,1415,1443,431,109,895,1124,1164
1141: 1891,1103,1274,1897
1142: 508,877,299,1884,1926,1027,1390,1297,1462
1143: 1777,15,1505,1772,1178,1664,1949,1932,192,137
1144: 1085,1962,1061,1421
1145: 1168,910,1745,174
1146: 826,556,674,355,825,1176,1608
1147: 1270,799
1148: 24,1440,292,2009,648,238,1718,1104,1151,1460,1834,1188,488,12,1719,1159
1149: 1351,1954,438,582,521,456,1747,1724,2015,870,1753,108,1359,613,1249
1150: 1072,333,1564,943,998,1905,1108,214,1370,794,1275,97,129
1151: 24,1440,292,2009,648,238,1718,1104,1460,1834,1188,488,12,1148,1719,1159
1152: 1270
1153: 82,1657,1367,673,319,1845,1472
1154: 23,1204,171,1943,1004
1155: 1480,715,1647,1335,249,1042,783,135,1379,1432,187,50,351,921,1763
1156: 
1157: 1771,3,1706
1158: 2,1948,213,207,949,1140,317,1415,1443,895,1124,1164
1159: 1719,24,1440,292,2009,648,238,1718,1104,1151,1460,1834,1188,488,12,1148
1160: 871,1184
1161: 822,1956,1118,185,55,1781,236,763,979,1060,1852,966
1162: 111
1163: 
1164: 109,895,1124,2,1948,1158,213,207,949,1140,317,1415,1443,431
1165: 365,1795,1230,44,1503,872,544,395,1872,1540,2006,1107,1315,1661,749,1519,302,318,1793,1883,239
1166: 
1986: 1007,220,1488,1787,1609,1665,46,1109
1168: 1145,910,1745,174,1005
1169: 1931,48,322,1290,1250
1170: 
1171: 328,1988,1234,984
1994: 1266,718,890,1045,1130,575,1904,597,1624
1173: 731,1598,888,740,1796,1239,1673,35,605,657,466,1821,1464,1936,1364
1174: 
1175: 833,1882,229,1938,687,1030,1263
1176: 1146,826,556,674,355,825,1608
1177: 646,1003,18,1685,448,1241,926,1112,1238,1560,406
1178: 1777,15,1505,1772,1664,1143,1949,1932,192,137
1179: 771,660,1908
1180: 1284,948,1006,138,1561,790,1340,1307,1945,400,59
1181: 1014,1424,71,571,1600,1617,612
1182: 147,835,1587,77,307,1760
1183: 585,38,127
1184: 871,1160
1185: 1281,1087,221,1583,54,1219,1626,33
1186: 457,116,510,1102,1558,916
1187: 298
1188: 24,1440,292,2009,648,238,1718,1104,1151,1460,1834,488,12,1148,1719,1159
1189: 2010,671,394,1413,1660
1190: 586
1191: 183,528
1192: 
1193: 726,884,1213
1194: 1922
1195: 455,828,388,348,216,217
1196: 1717,10,241,1375,61,1477,1342,1469
1197: 733,839,482,1132,263,1099,1666
1198: 1757,4,231,1880,156,1729,1276,1354,149,296,313
1199: 1031,2014,1013,709,1521,1341,580,364
2012: 1429,644,1485,398,1256,1997,719,469,814
1201: 1125,7,590,436,113
1202: 843,9,1479
1203: 1850,300,1405,1577,1055
1204: 23,171,1943,1154,1004
1205: 182,880,494,1463,1550,841,1289,774
1206: 
1207: 1067,873,1605,1848,662,1780,461,1378,1920,1985,953
1208: 685,797,486,499,297
1209: 1784
1210: 583,1039,1029,670,1695,2013,1746,1901,1299
1211: 513,201,2002,652,106,1220,1749,1881,1555,1374,1539,1652,357,1529
1212: 1434,420
1213: 726,884,1193
1214: 
1215: 99
1216: 860,801,437,247,558,287,145,1078,1744,1520,1862,1304
1217: 
1218: 96,1841,581,1709,1596,1248,1641,743,1690,341
1219: 1281,1087,221,1185,1583,54,1626,33
1220: 513,201,2002,550,652,106,1749,1881,1211,1555,1374,1539,1233,1652,357,1529
1221: 990,713,1877,1580,1074,1095,1640,1015,723,1339,803
1222: 649,1349,661,874,915,1028,1120,334,970,1915,865,1851
1223: 
1224: 566,1508,1567,978,1024,382
1225: 1958,27,445
1226: 666,589,1830,1323,1899,820,1813,1589,952,446,454,1065,645,861,616,34,444,632,1572,1775,133,329
1227: 944,1346,1430,917,655,29,1742
1228: 806,525,447,1738,1316,40
1229: 175,569,898,242,665,1501,68,691
1230: 365,1795,44,1503,872,544,395,1872,1540,2006,1165,1107,1315,1661,749,1519,302,318,1793,1883,239
1231: 1805,173,1481,196,1554,1058,914,811
1232: 
1233: 513,201,2002,550,652,106,1220,1749,1881,1374,1539,1652,357,1529
1234: 1171,1075,328,1988,984
1235: 1328,63,1803,1875,1794,1804,695,734
1236: 1383,1129,1918,1722
1237: 1048
1238: 646,1003,18,1685,1177,448,1241,926,1112,1560,406
1239: 1673,35,605,657,466,1821,1464,731,1173,1598,888,740,1796,1936,1364
1240: 1645,1051
1241: 646,1003,18,1685,1177,448,926,1112,1238,1560,406
1242: 
1243: 490,1737,1428,1620,1320,1644,1840,267,1743,477
1244: 957,808,1955,1017,172,424,1303,26,1874,5
1245: 
1246: 1064,1427,1385,1838,991,570,53,167,706,389,538,1528,690
1247: 
1248: 1641,743,1690,341,96,1841,1218,581,1709,1596
1249: 1351,1954,438,582,521,456,1747,1724,2015,870,1753,108,1359,613,1149
1250: 48,1169,322,1290
1251: 
1252: 624,250,1283,830,301,209,577,625,542,1334,866,70
1253: 306,1092
1254: 1011,1533,1543,1388,689,1332,439,641,986,1842
1255: 1720,611,361,435,81,1634,200,782,1514
1256: 2012,1429,644,1485,398,1997,719,469,814
1257: 959,501,320,1532,1595
1258: 
1259: 
1260: 720,1768,1497,407,847
1261: 155,1566
1262: 
1263: 1938,687,1030,833,1882,1175,229
1264: 1806,1856,1742,29,944,1346,1430,917
1265: 1285,117,1867,1827
1266: 718,890,1045,1130,575,1904,597,1994,1624
1267: 
1268: 1622,1054,379
1269: 1062,1800,1518,51
1270: 1147,1152
1271: 
1272: 
1984: 
1274: 1891,1103,1141,1897
1275: 1072,333,1564,1150,943,998,1905,1108,214,1370,794,97,129
1276: 1757,4,231,1880,156,1729,1354,149,296,313,1198
1277: 
1278: 617,1389,1116,2003,1494,262,211,955,530,1459,143,1687,1037,908
1279: 
1280: 1069
1281: 1087,221,1185,1583,54,1219,33
1282: 376,770,1574,1632,768,837,1767,1353
1283: 624,250,830,301,1252,209,577,625,542,1399,866,70
1284: 948,1006,138,1561,790,1340,1307,1180,1945,400,59,913
1285: 1265,117,1867,1827
1286: 
1287: 
1288: 1330,993,857,762,1708,443,1522,1362,1537,274,1696,1629,1450,202,855,1493,1302,905,852,1650,813
1289: 896,494,1463,1550,841,774,1205,182,880
1290: 48,1169,322,1250
1291: 
1292: 
1293: 1601,1663,1715,1677,588,257,391,1783,16,509,912,1461
1294: 1301,863,85,1630
1295: 534,1755,1654,810,1119,1445,1894,1861,380,125
1296: 
1297: 299,1884,1926,1027,1390,1462,508,877,1142
1298: 1057,1979,43,42,1441,453,188
1299: 1901,583,1210,1039,1029,670,1695,2013,1746
1300: 1484,1025,1417,1111,362,923,208,1886
1301: 863,1294,85,1630
1302: 855,1493,905,852,1650,1330,1288,993,857,762,1708,443,1522,1362,1537,274,1696,1629,1450,202,813
1303: 957,808,1955,1017,1244,172,424,26,1874,5
1304: 1862,1216,860,801,437,247,558,287,145,1078,1744,1520
1305: 157
1306: 
1307: 1284,948,1006,138,1561,790,1340,1180,1945,400,59,913
1308: 
1978: 1977,191,219
1310: 
1311: 119,849,1581,1828,832,1091,2011,180,136,417
1312: 
1313: 608
1314: 829,901,747,1416,430,1329,349,604,387,1101,1402,887
1315: 365,1795,1230,44,1503,872,544,395,1872,1540,2006,1165,1107,1661,749,1519,302,318,1793,1883,239
1316: 1738,1228
1317: 1123,636,165,1115,255,256,1369,409,1437,1321
1318: 622
1319: 677,708,1639,1134
1320: 1644,1243,490,1737,1428,1620,267,1743,477
1321: 1437,1123,636,165,1115,255,1317,256,1369,409
1322: 1002,1765,725,206,358,1593,511,275,316,964,345,1602,1052
1323: 1899,820,1813,1589,952,446,454,1065,645,861,616,821,34,444,632,1572,1775,133,329,1226,666,589,1830
1324: 
1325: 123,553,1418,549,421,1487
1326: 
1327: 1458,1043,983,458,937,205,86,634,321,1633,222
1328: 63,1235,1803,1875,1794,1804,695,734
1329: 1314,829,901,747,1416,430,349,604,387,1101,836,1402,887,270
1330: 1288,993,857,762,1708,443,1522,1362,1537,274,1696,1629,1450,202,855,1493,1302,905,852,1650,813
1331: 1756,1662,1018
1332: 1011,1533,1543,1388,1254,689,439,641,986,1842
1333: 
1334: 542,1399,866,70,625,624,250,830,1252,209,577
1335: 1480,715,1647,249,1042,783,135,1155,1379,1432,187,50,351,921,1763
1336: 
1337: 
1338: 
1339: 990,713,1877,1580,1074,1095,1221,1640,1015,723,803
1340: 1284,948,1006,138,1561,790,1307,1180,1945,400,59,913
1341: 580,1031,2014,1013,1199,709,1521,364
1342: 1717,10,1196,241,1375,61,1477,1469
1343: 1438,500,1377,1798,197
1344: 366,1846,1902,371,1044,1368,1032,126,94,223,403
1345: 
1346: 944,1227,1430,917,655,29,1806,1856,1264,1742
1347: 41,563,1819,686,846,483,1799,1612,309,1355,375
1348: 359,1866,1591,114,60
1349: 649,661,874,1222,915,1028,1120,334,970,1915,865,1851
1350: 626,28
1351: 1954,438,582,521,456,1747,1724,2015,870,1753,108,1359,613,1249,1149
1352: 716,1023,472,189,428,1987,1444,578
1353: 693,1282,376,770,1574,1632,768,837,1767
1354: 1757,4,231,1880,156,1729,1276,149,296,313,1198
1355: 41,563,1819,686,846,483,1799,1612,1347,309,375
1356: 72,1358,1678,314,999,730,1896,592,1073,1999,160,1759,74,1674
1357: 1790,1000,598,920
1358: 72,1678,1356,314,999,730,1896,592,1073,1999,160,1759,74,1674
1359: 1351,1954,438,582,521,456,1747,1724,2015,870,1753,108,613,1249,1149
1972: 503,1716,656,1515,1778,1470
1361: 682,711,162,941,323,193
1362: 1330,1288,993,857,762,1708,443,1522,1537,274,1696,1629,1450,202,855,1493,1302,905,852,1650,813
1363: 
1364: 731,1173,1598,888,740,1796,1239,1673,35,605,657,466,1821,1464,1936
1365: 1452,140,2019,918,2017,13,996,764
1366: 1762,1733,285,107,787,1833,154
1367: 82,1657,673,1153,587,319,1845,1472
1368: 1032,94,223,403,366,1846,1902,1344,1044
1369: 1123,636,165,1115,255,1317,256,409,1437,1321
1370: 1072,333,1564,1150,943,998,1905,1108,214,794,1275,97,129
1371: 1034,931,1080,643,507,1995,885,1510,621,1436,1526,1473,1697,1442,1969
1372: 
1373: 1766
1374: 513,201,2002,550,652,106,1220,1749,1881,1211,1555,1539,1233,1652,357,1529
1375: 1717,10,1196,241,61,1477,1342,1469
1376: 603,973,614,291,1698,442,969,234
1377: 1438,1343,500,1798,197
1378: 1067,873,1605,1207,1848,662,1780,461,1920,1985,953
1379: 1480,715,1647,1335,249,1042,783,135,1155,1432,187,50,351,921,1763
1380: 712,1491,754,527,1059,484,781,940,1498,98,374,902,924,1825,1110,1782,367,65,615,464
1381: 1615,900
1382: 1961,1968,653,1816,515
1383: 1236,1129,1918,1722
1384: 
1385: 1064,1427,1246,1838,991,167,706,389,538,1528,690
1386: 11,1395,1625,606,1741,1728,1815
1387: 1465,327,1495,675,561,1809,1586,777,1925,785
1388: 1011,1533,1543,1254,689,1332,439,641,986,1842
1389: 617,1116,2003,1494,262,211,955,530,1459,143,1687,1037,1278,908
1390: 299,1884,1926,1531,1027,1297,1462,508,877,1142
1391: 
2002: 513,201,550,652,106,1220,1749,1881,1211,1555,1374,1539,1233,1652,357,1529
1393: 
1394: 518,1474,600,939,1808,1911,904,932
1395: 1386,11,1625,606,1741,1728,1815
1396: 128
1397: 
1398: 1996,2001,1871,353,36,273,883,1050,1433
1399: 542,1334,866,70,625,1283,830,209,577
1400: 295,47,776,312,850,342,1090
1401: 551,1928
1402: 887,270,836,1314,829,901,747,1416,430,1329,349,604,387,1101
1403: 710,894,1847,244,773,519,1823,1496,1694,1411,100,75,337
1404: 1414,425
1405: 1850,300,1203,1577,1055
1406: 304,163,264,638,103,88,93,487,1648,105
1407: 325,1935
1408: 931,643,1995,885,1510,1473,1697
1409: 1734,1754,1422,478,906,1898,363
1410: 1546,1701,791,2007,450,1712,1853,31
1411: 1694,100,75,337,710,894,1847,244,773,1403,1823,1496
1412: 
1413: 2010,671,394,1189,1660
1414: 1404,425
1415: 2,1948,1158,213,207,949,1140,317,1443,431,109,895,1124,1164
1416: 1314,829,901,747,430,1329,349,604,387,1101,836,1402,887,270
1417: 1484,1025,1111,362,1300,923,208,1886
1418: 123,553,549,421,1325,1487
1419: 1957,335,326,1691,728,1035,654,1950
1420: 
1421: 1061,1144,1085,1962
1422: 1734,1754,478,1769,906,1898,1409,363
1423: 745,79,1056,1541
1424: 1014,71,1181,571,1600,1617,612
1425: 281
1426: 1623,1855,1447,1887,856
1427: 1064,1385,1246,1838,991,53,167,706,389,538,1528,690
1428: 1243,490,1737,1620,1320,1644,1840,267,1743,477
1429: 2012,644,1485,398,1256,1997,719,469,814
1430: 944,1227,1346,917,655,29,1806,1856,1264,1742
1431: 1835,475
1432: 1480,715,1647,1335,249,1042,783,135,1155,1379,187,50,351,921,1763
1433: 1996,1398,2001,1871,353,36,273,883,1050
1434: 1212,420
1435: 
1436: 1034,931,1482,1080,643,507,1995,885,1510,621,151,1526,1473,1697,1442,1969,1371
1437: 1321,1123,636,165,1115,255,1317,256,1369,409
1438: 1343,500,1377,1798,197
1439: 
1440: 24,292,2009,648,238,1718,1104,1151,1460,1834,1188,488,12,1148,1719,1159
1441: 1298,1057,1979,43,869,453,188
1442: 1034,931,1482,1080,643,507,1995,885,1510,621,151,1436,1526,1473,1697,1969,1371
1443: 2,1948,1158,213,207,949,1140,317,1415,431,109,895,1124,1164
1444: 891,189,428,1987,578,1352,716,1023,472
1445: 534,1755,1654,810,1119,1894,1295,1861,380,125
1446: 427,701,411
1447: 1426,1623,1855,1887,856
1448: 
1449: 1492,1643,134
1450: 1330,1288,993,857,762,1708,443,1522,1362,1537,274,1696,1629,202,855,1493,1302,905,852,1650,813
1451: 
1452: 140,1365,2019,918,2017,13,996,764
1453: 739,1934,1656,584
1454: 
1455: 684,1963
1456: 
1457: 1535,628
1458: 1043,983,458,1327,937,205,86,634,321,1633,222
1459: 617,1389,1116,2003,1494,262,211,955,530,143,1687,1037,1278,908
1460: 24,1440,292,2009,648,238,1718,1104,1151,1834,1188,488,12,1148,1719,1159
1461: 1601,1293,1663,1715,1677,588,257,391,1783,509,912
1462: 299,1884,1926,1027,1390,1297,508,877,1142
1463: 896,494,1550,841,1289,774,1205,182,880
1464: 1239,1673,35,605,657,466,1821,731,1173,1598,888,740,1796,1936,1364
1465: 1387,327,1495,675,561,1809,1586,777,1925,785
1466: 210,489
1467: 92,1077
1468: 748,1836,1040,1599,1714,737,56,631,2004
1469: 1717,10,1196,241,1375,61,1477,1342
1470: 1778,503,1972,1716,656,1515
1981: 591,1635,705,610
1472: 82,1657,1367,673,1153,587,319,1845
1473: 1034,931,1482,1080,643,1995,885,1510,621,1436,1526,1697,1442,1969,1371,1408
1474: 518,600,939,1808,1911,1394,904,932
1475: 
1476: 
1477: 1717,10,1196,241,1375,61,1342,1469
1478: 1506,1621,89,1797,531,1774
1479: 1202,843,9
1480: 715,1647,1335,249,1042,783,135,1155,1379,1432,187,50,351,921,1763
1481: 196,1554,1058,914,811,1231,1805,173
1482: 1034,931,1080,643,507,1995,885,1510,621,151,1436,1526,1473,1697,1442,1969
1483: 52,1071,102,1672
1484: 1025,1417,1111,362,1300,923,208,1886
1485: 2012,1429,644,398,1256,1997,719,469,814
1486: 
1487: 123,553,1418,549,421,1325
1488: 1986,1007,220,1787,1609,1665,46,1109
1489: 
1490: 497
1491: 712,754,527,1059,484,781,940,1498,98,374,902,924,1825,1110,1782,367,1380,65,615,464
1492: 1643,1449,134
1493: 855,1302,905,852,1650,1330,1288,993,857,762,1708,443,1522,1362,1537,274,1696,1629,1450,202,813
1494: 617,1389,1116,2003,262,211,955,530,1459,143,1687,1037,1278,908
1495: 1465,1387,327,675,561,1809,1586,777,1925
1496: 710,894,1847,244,773,1403,519,1823,1694,1411,100,75,337
1497: 407,847,720,1768,1260
1498: 712,1491,754,484,781,940,98,374,902,924,1825,1110,1782,367,1380,65,615,464
2013: 583,1210,1039,1029,670,1695,1746,1901,1299
1500: 
1501: 68,691,665,175,569,1229,898,242
1502: 58,422,539,909,557
1503: 365,1795,1230,44,872,544,395,1872,1540,2006,1165,1107,1315,1661,749,1519,302,318,1793,1883,239
1504: 480
1505: 1777,15,1772,1178,1664,1143,1949,1932,192,137
1506: 1478,1621,89,1797,531,1774,1070
1507: 479,62,755,1079,19,441,67,1573
1508: 566,1224,1567,978,1024,382
1509: 974
1510: 1034,931,1482,1080,643,507,1995,885,621,151,1436,1526,1473,1697,1442,1969,1371,1408
2000: 91,278,1576,142,1082,533,368,1892,1786
1512: 1557,405,697,1900,1725,1649,252,83,347
1513: 514,225,377,470,1670,772,336,39
1514: 782,1720,611,361,435,81,1634,200,1255
1515: 503,1972,1716,656,1778,1470
1516: 383,1885,565,805,294,240,607,1020
1517: 95,1089,2018,935,227,45
1518: 1062,324,1269,51
1519: 365,1795,1230,44,1503,872,544,395,1872,1540,2006,1165,1107,1315,1661,749,302,318,1793,1883,239
1520: 1216,860,801,437,247,558,287,145,1078,1744,1862,1304
1521: 1031,2014,1013,1199,709,1341,580,364
1522: 1330,1288,993,857,762,1708,443,1362,1537,274,1696,1629,1450,202,855,1493,1302,905,852,1650,813
1523: 
1524: 253,951,893,1829,396,1022
1525: 
1526: 1034,931,1482,1080,643,507,1995,885,1510,621,151,1436,1473,1697,1442,1969,1371
1527: 
1528: 389,538,690,991,570,53,167,706,1064,1427,1385,1246,1838
1529: 513,201,2002,550,652,106,1220,1749,1881,1211,1374,1539,1233,1652,357
1530: 
1531: 1390
1532: 959,501,320,1257,1595
1533: 1011,1543,1388,1254,689,1332,439,641,986,1842
1534: 1788,601,802,233
1535: 1457,628
1536: 928,1750,786,130
1537: 1330,1288,993,857,762,1708,443,1522,1362,274,1696,1629,1450,202,855,1493,1302,905,852,1650,813
1538: 
1539: 513,201,2002,550,652,106,1220,1749,1881,1211,1374,1233,1652,357,1529
1540: 365,1795,1230,44,1503,872,544,395,1872,2006,1165,1107,1315,1661,749,1519,302,318,1793,1883,239
1541: 1423,79,1056,1779
1542: 1033,526,963,1,609,568
1543: 1011,1533,1388,1254,689,1332,439,641,986,1842
1544: 1921,1770
1545: 
1546: 1701,791,2007,1410,450,1712,1853,31
1547: 960,1117,1710,1562
1548: 
1549: 1133,982
1550: 896,494,1463,841,1289,774,1205,182,880
1551: 
1552: 502
1553: 
1554: 1481,196,1058,914,811,1231,1805,173
1555: 513,201,2002,550,652,106,1220,1749,1881,1211,1374,357
1556: 
1557: 405,697,1900,1725,1512,1649,252,83,347
1558: 1102,916,457,1186,116,510
1559: 1597,1001,753,2008,343,20,64
1560: 646,1003,18,1685,1177,448,1241,926,1112,1238,406
1561: 1284,948,1006,138,790,1340,1307,1180,1945,400,59,913
1562: 960,1117,1710,1547
1563: 
1564: 1072,333,1150,943,998,1905,1108,214,1370,794,1275,97
1565: 
1566: 155,1261
1567: 566,1224,1508,978,1024,382
1568: 
1569: 757
1570: 1125,7,590,436,113
1983: 1603
1572: 1323,1899,820,1813,1589,952,446,454,1065,645,861,616,821,34,444,632,1775,133,329,1226,666,589,1830
1573: 1079,19,441,67,479,1507,62,755
1574: 1282,376,770,1632,768,837,1767,693,1353
1575: 
1576: 91,278,2000,142,1082,533,368,1892,1786
1577: 1850,300,1405,1203,1055
1578: 676,714,311,1860
1579: 
1580: 990,713,1877,1074,1095,1221,1640,1015,723,1339,803
1581: 849,1311,119,1828,832,1091,2011,180,136,417
1582: 1637,1127
1583: 1281,1087,221,1185,54,1219,1626,33
1584: 246
1585: 596
1586: 1465,1387,327,1495,675,561,1809,777,1925,785
1587: 147,835,77,1182,307,1760
1588: 
1589: 1323,1899,820,1813,952,446,454,1065,645,861,616,821,34,444,632,1572,1775,133,329,1226,666,589,1830
1590: 512
1591: 359,1348,1866,114,60
1592: 356
1593: 1002,1765,725,1322,206,511,275,316,964,345,1602,1052
1594: 
1595: 959,501,320,1257,1532
1596: 96,1841,1218,581,1709,1248,1641,743,1690,341
1597: 1001,753,2008,343,20,64,1559
1598: 731,1173,888,740,1796,1239,1673,35,605,657,466,1821,1464,1936,1364
1599: 748,1836,1040,1468,1714,737,56,631,2004
1600: 1014,1424,71,1181,571,1617,612
1601: 1293,1663,1715,1677,588,257,391,1783,16,509,912,1461
1602: 1052,1002,1765,725,1322,206,1593,511,275,316,964,345
1603: 1983
1604: 
1605: 1067,873,1207,1848,662,1780,461,1378,1920,1985,953
1606: 
1607: 
1608: 1146,826,556,674,355,825,1176
1609: 1665,46,1109,1986,1007,220,1488,1787
1610: 80,1081
1611: 
1612: 41,563,1819,686,846,483,1799,1347,309,1355,375
1613: 452,1636,1971,1832,862
1614: 594,1895,784,1126,248,260,1824,1773,911,504,520
1615: 1381,900
1616: 
1617: 1014,1424,71,1181,571,1600,612
1618: 
1619: 
1620: 1243,490,1737,1428,1320,1644,1840,267,1743,477
1621: 89,1797,531,1774,1478,1506
1622: 886,1054,1268,379
1623: 1426,1855,1447,1887,856
1624: 1266,718,890,1045,1130,575,1904,597,1994
1625: 606,1741,1728,1815,1386,11,1395
1626: 1087,1185,1583,54,1219,33
1627: 
1628: 1019,1807,505
1629: 1330,1288,993,857,762,1708,443,1522,1362,1537,274,1696,1450,202,855,1493,1302,905,852,1650
1630: 1301,863,1294,85
1631: 468
1632: 1282,376,770,1574,768,837,1767,693,1353
1633: 1458,1043,983,458,1327,937,205,86,634,321,222
1634: 1720,611,361,435,81,200,1255,782,1514
1635: 591,705,610,1981
1636: 1613,452,1971,1832,862
1637: 1127,1582
1974: 159,485,293,226,707,340
1639: 677,1319,708,1134
1640: 990,713,1877,1580,1074,1095,1221,1015,723,1339,803
1641: 1248,743,1690,341,96,1841,1218,581,1709,1596
1642: 
1643: 1492,1449,134
1644: 1320,1243,490,1737,1428,1620,1840,267,1743,477
1645: 1240,1051
1646: 765
1647: 1480,715,1335,249,1042,783,135,1155,1379,1432,187,50,351,921,1763
1648: 304,163,264,638,1406,103,88,93,487,105
1649: 1557,405,697,1900,1725,1512,252,83,347
1650: 855,1493,1302,905,852,1330,1288,993,857,762,1708,443,1522,1362,1537,274,1696,1629,1450,202,813
1651: 
1652: 513,201,2002,550,652,106,1220,1749,1881,1211,1374,1539,1233,357,1529
1653: 
1654: 534,1755,810,1119,1445,1894,1295,1861,380,125
1655: 69
1656: 739,1934,1453,584
1657: 82,1367,673,1153,587,319,1845,1472
1658: 
1659: 
1660: 2010,671,394,1189,1413
1661: 365,1795,1230,44,1503,872,544,395,1872,1540,2006,1165,1107,1315,749,1519,302,318,1793,1883,239
1662: 1756,1331,1018
1663: 1601,1293,1715,1677,588,257,391,1783,16,509,912,1461
1664: 1777,15,1505,1772,1178,1143,1949,1932,192
1665: 1609,46,1109,1986,1007,220,1488,1787
1666: 733,839,482,263,1099,1197
2009: 24,1440,292,648,238,1718,1104,1151,1460,1834,1188,488,12,1148,1719,1159
1973: 
1669: 
1670: 514,225,377,470,772,336,1513,39
1671: 279
1672: 52,1071,1483,102
1673: 1239,35,605,657,466,1821,1464,731,1173,1598,888,740,1796,1936,1364
1674: 72,1358,1678,1356,314,999,730,1896,592,1073,1999,160,1759,74
1675: 
1676: 1944
1677: 1601,1293,1663,1715,588,257,391,1783,16,509,912,1461
1678: 72,1358,1356,314,999,730,1896,592,1073,1999,160,1759,74,1674
1679: 1998,481,1814
1680: 
1681: 875
1682: 
1683: 465
1684: 
1685: 646,1003,18,1177,448,1241,926,1112,1238,1560,406
1686: 
1687: 617,1389,1116,2003,1494,262,211,955,530,1459,143,1037,1278,908
1971: 1613,452,1636,1832,862
1689: 1136,1801,599,1105,1789,1964,1764,560,694
1690: 1248,1641,743,341,96,1841,1218,581,1709,1596
1691: 1957,335,326,1419,728,1035,654,1950
1692: 
1693: 
1694: 1411,100,75,337,710,894,1847,244,773,1403,1823,1496
1695: 583,1210,1039,1029,670,2013,1746,1901,1299
1696: 1330,1288,993,857,762,1708,443,1522,1362,1537,274,1629,1450,202,855,1493,1302,905,852,1650,813
1697: 1034,931,1482,1080,643,507,1995,885,1510,621,151,1436,1526,1473,1442,1969,1371,1408
1698: 603,1376,973,614,291,442,969,234
1699: 1704,1843,1868,164
1700: 
1701: 1546,791,2007,1410,450,1712,1853,31
1702: 
1703: 315,1131,30,1740,800,132,517
1704: 1843,1699,1868,164
1705: 
1706: 1771,3,1157
1707: 
1708: 1330,1288,993,857,762,443,1522,1362,1537,274,1696,1629,1450,202,855,1493,1302,905,852,1650,813
1709: 96,1841,1218,581,1596,1248,1641,743,1690,341
1710: 960,1117,1547,1562
1711: 992,522
1712: 1546,1701,791,2007,1410,450,1853,31
2018: 95,1517,1089,935,227,45
1714: 748,1836,1040,1468,1599,737,56,631,2004
1715: 1601,1293,1663,1677,588,257,391,1783,16,509,912,1461
1716: 503,1972,656,1515,1778,1470
1717: 10,1196,241,1375,61,1477,1342,1469
1718: 24,1440,292,2009,648,238,1104,1151,1460,1834,1188,488,12,1148,1719,1159
1719: 1159,24,1440,292,2009,648,238,1718,1104,1151,1460,1834,1188,488,12,1148
1720: 611,361,435,81,1634,200,1255,782,1514
1721: 1924,771,660,1908
1722: 1918,1383,1236,1129
1723: 158,1844,190
1724: 1351,1954,438,582,521,456,1747,2015,870,1753,108,1359,613,1249,1149
1725: 1557,405,697,1900,1512,1649,252,83,347
1726: 
1727: 308
1728: 1625,606,1741,1815,1386,11,1395
1729: 1757,4,231,1880,156,1276,1354,149,296,313,1198
1730: 66,506,1811
1731: 
1732: 
1733: 1366,1762,285,107,787,1833,154
1734: 1754,1422,478,1769,906,1898,1409,363
1735: 658,25
1736: 1941,1975,524,824,2016,228,746,1008,741,876,761
1737: 1243,490,1428,1620,1320,1644,1840,267,1743,477
1738: 1316,40,806,525,1228
1739: 
1740: 800,132,517,1703,315,1131,30
1741: 1625,606,1728,1815,1386,11,1395
1742: 1806,1856,1264,655,29,944,1227,1346,1430,917
1743: 1840,267,477,1243,490,1737,1428,1620,1320,1644
1744: 1216,860,801,437,247,558,287,145,1078,1520,1862,1304
1745: 1168,1145,910,174
1746: 583,1210,1039,1029,670,1695,2013,1901,1299
1747: 1351,1954,438,582,521,456,1724,2015,870,1753,108,1359,613,1249,1149
1748: 867,397
1749: 513,201,2002,550,652,106,1220,1881,1211,1555,1374,1539,1233,1652,357,1529
1750: 786,130,1536,928
2001: 1996,1398,1871,353,36,273,883,1050,1433
1752: 
1753: 1351,1954,438,582,521,456,1747,1724,2015,870,108,1359,613,1249,1149
1754: 1734,1422,478,1769,906,1898,1409,363
1755: 534,1654,810,1119,1445,1894,1295,1861,380,125
1756: 1331,1662,1018
1757: 4,231,1880,156,1729,1276,1354,149,296,313,1198
1758: 
1759: 72,1358,1678,1356,314,999,730,1896,592,1073,1999,160,74,1674
1760: 147,835,1587,77,1182,307
1761: 
1762: 1366,1733,285,107,787,1833
1763: 1480,715,1647,1335,249,1042,783,135,1155,1379,1432,187,50,351,921
1764: 560,1136,1801,599,1105,1689,118,1789,1964,694
1765: 1002,725,1322,206,358,1593,511,275,316,964,345,1602,1052
1766: 1373
1767: 1282,376,770,1574,1632,768,837,693,1353
1768: 720,1260,1497,847
1769: 1734,1754,1422,478,906,1898,363
1770: 1921,1544
1771: 3,1157,1706
1772: 1777,15,1505,1178,1664,1143,1949,1932,192,137
1773: 911,504,520,260,1824,594,1614,1895,784,1126,248
1774: 1621,89,1797,531,1478,1506
1775: 1323,1899,820,1813,1589,952,446,454,1065,645,861,616,821,34,444,632,1572,133,329,1226,666,589,1830
1776: 
1777: 15,1505,1772,1178,1664,1143,1949,1932,192,137
1778: 1470,503,1972,1716,656,1515
1779: 79,1056,1541
1780: 1067,873,1605,1207,1848,662,461,1378,1920,1985,953
1781: 822,1956,1118,185,1161,55,236,763,979,1060,1852,966
1782: 712,1491,754,527,1059,484,781,940,1498,98,374,902,924,1825,1110,367,1380,65,615,464
1783: 1601,1293,1663,1715,1677,588,391,509,912,1461
1784: 1209
1785: 
1786: 91,278,2000,1576,142,1082,533,368,1892
1787: 1986,1007,220,1488,1609,1665,46,1109
1788: 1534,601,802,233
1789: 118,1964,1136,1801,599,1105,1689,1764,560,694
1790: 1357,1000,598,920
1987: 891,189,428,1444,578,1352,716,1023,472
1792: 758
1793: 365,1795,1230,44,1503,872,544,395,1872,1540,2006,1165,1107,1315,1661,749,1519,302,318,1883,239
1794: 1328,63,1235,1803,1875,1804,695,734
1795: 365,1230,44,1503,872,544,395,1872,1540,2006,1165,1107,1315,1661,749,1519,302,318,1793,1883,239
1796: 731,1173,1598,888,740,1239,1673,35,605,657,466,1821,1464,1936,1364
1797: 1621,89,531,1774,1478,1506,1070
1798: 197,1438,1343,1377
1799: 41,563,1819,686,846,483,1612,1347,309,1355,375
1800: 1062,1269
1801: 1136,599,1105,1689,1789,1964,1764,560,694
1802: 
1803: 1328,63,1235,1875,1794,695,734
1804: 1328,63,1235,1875,1794,695,734
1805: 1231,173,1481,196,1554,1058,914,811
1806: 1856,1264,1742,655,29,944,1346,1430,917
1807: 1019,1628,505
1808: 518,1474,600,939,1911,1394,904,932
1809: 1465,1387,327,1495,675,561,1586,777,1925,785
1810: 635
1811: 903,66,1730,506
1812: 
1813: 1323,1899,820,1589,952,446,454,1065,645,861,616,821,34,444,632,1572,1775,133,329,1226,666,589,1830
1814: 1998,481,798,1679
1815: 1625,606,1741,1728,1386,11,1395
1816: 1382,1961,1968,653,515
1817: 
1818: 
1819: 41,563,686,846,483,1799,1612,1347,309,1355,375
1820: 
1821: 1239,1673,35,605,657,466,1464,731,1173,1598,888,740,1796,1936,1364
1822: 
1823: 710,894,1847,244,773,1403,519,1496,1694,1411,100,75,337
1824: 260,594,1614,1895,784,1126,248,1773,911,504,520
1825: 712,1491,754,527,1059,484,781,940,1498,98,374,902,924,1110,1782,367,1380,65,615,464
1826: 699,1878,272,269,1870
1827: 942,117,1867,1285,1265
1828: 832,1091,2011,180,136,417,849,1311,119,1581
1829: 253,951,893,1524,396,1022
1830: 1226,666,589,1323,1899,820,1813,1589,952,446,454,1065,645,861,616,821,34,444,632,1572,1775,133,329
1831: 
1832: 862,1613,452,1636,1971
1833: 1366,1762,1733,285,107,787,154
1834: 24,1440,292,2009,648,238,1718,1104,1151,1460,1188,488,12,1148,1719,1159
1835: 475,1431
1836: 748,1040,1468,1599,1714,737,56,631,2004
1837: 
1838: 1064,1427,1385,1246,991,570,53,167,706,389,538,1528,690
1982: 907,370,84
1840: 267,1743,477,1243,1737,1428,1620,1644
1841: 96,1218,581,1709,1596,1248,1641,743,1690,341
1842: 986,1011,1533,1543,1388,1254,689,1332,439,641
1843: 1704,1699,1868,164
1844: 190,1723,158
1845: 82,1657,1367,673,1153,587,319,1472
1846: 366,1902,371,1344,1044,1368,1032,126,94,223,403
1847: 710,894,244,773,1403,519,1823,1496,1694,1411,100,75,337
1848: 1067,873,1605,1207,662,1780,461,1378,1920,1985,953
1849: 413
1850: 300,1405,1203,1577,1055
1851: 649,1349,874,1222,915,1028,1120,334,970,1915,865
1852: 966,822,1956,1118,185,1161,1781,236,763,979,1060
1853: 1546,1701,791,2007,1410,450,1712,31
1854: 
1855: 1426,1623,1447,1887,856
1856: 1806,1264,1742,655,29,944,1346,1430,917
1857: 758
1858: 
1859: 
1860: 676,714,1578,311
1861: 534,1755,1654,810,1119,1445,1894,1295,380,125
1862: 1304,1216,860,801,437,247,558,287,145,1744,1520
1993: 
2014: 1031,1013,1199,709,1521,1341,580,364
1865: 451,218,721
1866: 359,1348,1591,114,60
1867: 942,117,1827,1285,1265
1868: 164,1704,1843,1699
1869: 
1870: 272,269,1826,699,1878
1871: 1398,2001,353,36,883,1050,1433
1872: 365,1795,1230,44,1503,872,544,395,1540,2006,1165,1107,1315,1661,749,1519,302,318,1793,1883,239
1873: 780
1874: 957,808,1955,1017,1244,172,424,1303,26,5,788
1875: 1328,63,1235,1803,1794,1804,695,734
1876: 
1877: 990,713,1580,1074,1095,1221,1640,1015,723,1339,803
1878: 1826,699,272,269,1870
1879: 680,57,0,602,1135
1880: 1757,4,231,156,1729,1276,1354,149,296,313,1198
1881: 513,201,2002,550,652,106,1220,1749,1211,1555,1374,1539,1233,1652,357,1529
1882: 833,1175,229,1938,687,1030,1263
1883: 365,1795,1230,44,1503,872,544,395,1872,1540,2006,1165,1107,1315,1661,749,1519,302,318,1793,239
1884: 299,1926,1027,1390,1297,1462,508,877,1142
1885: 383,1516,565,805,294,607,1020
1886: 1484,1025,1417,1111,362,1300,923,208
1887: 1426,1623,1855,1447,856
1888: 
1889: 331,2005,579,851,881,934
1890: 
1891: 1103,1274,1141,1897
1892: 91,278,2000,1576,142,1082,533,368,1786
1893: 
1894: 534,1755,1654,810,1119,1445,1295,1861,380,125
1895: 594,1614,784,1126,248,260,1824,1773,911,504,520
1896: 72,1358,1678,1356,314,999,730,592,1073,1999,160,1759,74,1674
1897: 1891,1103,1274,1141
1898: 1734,1754,1422,478,1769,906,1409,363
1899: 1323,820,1813,1589,952,446,454,1065,645,861,616,821,34,444,632,1572,1775,133,329,1226,666,589,1830
1900: 1557,405,697,1725,1512,1649,252,83,347
1901: 1299,583,1210,1039,1029,670,1695,2013,1746
1902: 366,1846,371,1344,1044,1368,1032,126,403
1903: 574,879
1904: 1266,718,890,1045,1130,575,597,1994,1624
1905: 1072,333,1564,1150,943,998,1108,214,1370,794,1275,97,129
1906: 
1907: 
1908: 1924,1179,771,660,1721
1909: 
1910: 
1911: 518,1474,600,939,1808,1394,904,932
1912: 1946
1913: 
1914: 
1915: 649,1349,874,1222,915,1028,1120,334,970,865,1851
1916: 384
1917: 598,920
1918: 1722,1383,1236,1129
1919: 
1920: 1067,873,1605,1207,1848,662,1780,461,1378,1985,953
1921: 1544,1770
1922: 1194
1923: 679,245,796
1924: 771,660,1721,1908
1925: 1465,1387,327,1495,675,561,1809,1586,777,785
1926: 299,1884,1027,1390,1297,1462,508,877,1142
1927: 170,352,385,14
1928: 551,1401
1929: 
1930: 
1931: 48,1169,322
1932: 1777,15,1505,1772,1178,1664,1143,1949,192,137
1933: 769
1934: 739,1656,1453,584
1935: 325,1407
1936: 731,1173,1598,888,740,1796,1239,1673,35,605,657,466,1821,1464,1364
1937: 
1938: 687,1030,1263,833,1882,1175,229
1939: 
1940: 
1941: 1975,524,824,2016,228,746,1008,1736,741,876,761
1942: 
1943: 23,1204,171,1154,1004
1944: 1676
1945: 1284,948,1006,138,1561,790,1340,1307,1180,400,59,913
1946: 1912
1947: 
1948: 2,1158,213,207,949,1140,317,1415,1443,431,109,895,1124,1164
1949: 1777,15,1505,1772,1178,1664,1143,1932,192,137
1950: 1957,335,326,1419,1691,728,1035,654
1951: 
1952: 
1953: 
1954: 1351,438,582,521,456,1747,1724,2015,870,1753,108,1359,613,1249,1149
1955: 957,808,1017,1244,172,424,1303,26,1874,5,788
1956: 822,1118,185,1161,55,1781,236,763,979,1060,1852,966
1957: 335,326,1419,1691,728,1035,654,1950
1958: 1225,27,445
1959: 
1960: 
1961: 1382,1968,653,1816,515
1962: 1144,1085,1061,1421
1963: 1455,684
1964: 118,1789,1136,1801,599,1105,1689,1764,560,694
1965: 
1966: 
1967: 
1968: 1382,1961,653,1816,515
1969: 1034,931,1482,1080,643,507,1995,885,1510,621,151,1436,1526,1473,1697,1442,1371
1970: 