0: 1238,1194,560,404,535,629,557,2001,39,172,701,900,312,642,921,142
1: 1508,1490,848,1074,1401,546,1326,129,1912,1140,915,1583,168,1538,987,2019,671,965,64,620,1171,870
1946: 
3: 1049
4: 1008
5: 
6: 687,1058,707,1393,1167,1294,550,1576,660,478,1546,2014,1103,1146,1888,654,860,1918,1383,100,850,97,385,1044
7: 1516,1628,8
8: 7,1516,1628
2008: 1705,283,1131,907,1618,305,847,1902,1600,1193,1951,226,451,1715,1428,917,681,322,447,99,709,315,1229,1465,1368,154,1969,263,1266,661,1529,1621,1482,89,286,527,401,1580,1154,1910,1381,1322,469
1287: 1487,1281,1647,495,1995,521,1645,729,2009,1278,697,1976,1046,1296,232,1943,1170,477
1292: 1076,456,176,1885,617,1700,190,1699,1017,1371,40,1283,2004,695,1994,1863
1628: 7,1516,8
13: 
14: 1451,810,1255,1352,195,1772,1483,2000,844,1671,133,814,644,1630,1096,751,1680,1526,882,2013,798,1748,1555,1935
1922: 
2007: 1150,1828,276,1288,2006,73,1081,1698,1535,1758,1552,331,1886,249,257,1011,466,1665,58,945,1334,972,808,1826,817,1608,1367,1687
1405: 
18: 
1496: 
20: 25
21: 
1826: 1150,1828,276,2006,1698,1535,1758,2007,1552,249,1665,58,1334,972,808,1608,1367
1487: 1647,495,1287,1625,1995,521,2009,1278,697,1976,1046,1296,232,1943,1170,477,1638
1611: 1533
25: 20
26: 
1995: 1487,1281,1647,495,1287,1625,521,1645,729,2009,1395,1278,697,1976,1046,1943
1493: 759,1650,329,1587,1356
29: 1914
1577: 
1853: 
1994: 1017,1371,1648,756,337,40,1760,1739,1283,450,2004,1327,1863,456,176,1292,1700,190,1699
33: 886
34: 950,1916
1303: 109,1620,2011,2017,261,511,1119,1718,291,1632,1023,703,609,1882,1795,544
36: 
37: 
38: 596,1197
39: 1238,1194,1563,560,404,535,629,0,2001,674,172,316,701,900,312,1466,1952,142,335
40: 1017,1142,1371,1648,337,1760,1739,1283,2004,695,1994,1327,1863,1076,456,176,1292,1885,617,1700,190,1699
41: 
42: 1964,1646
43: 
44: 
45: 1250,293,287,1626,1050,1543,737,990,1584,117,1797,91,1048,1261,1166,150,561,107,66,2016
1412: 758
47: 
1465: 1131,907,1618,305,1902,1600,1951,1428,2008,315,154,263,1266,661,1621,1482,286,401,1154
1441: 
50: 1523,414
2017: 109,1303,1620,2011,261,511,1119,1718,291,1632,1023,703,609,1882,1795,544
52: 479
53: 554,1253
1426: 
1535: 1150,1828,2006,1698,2007,1552,1665,58,1334,972,808,1826,1367
56: 319,1604,810,1255,1257,1352,1915,1772,1855,485,1483,173,2000,669,1671,133,814,644,1630,1096,751,1526,1524,298,2013,798,970,1569,1629,119,1748,1230,197,1555,202,1935,1644
57: 251
58: 1150,1828,276,1288,2006,73,1081,1698,1535,1758,2007,1552,1886,257,1011,1665,1334,972,808,1826,1608,1367,1687
59: 
1703: 
1368: 1131,907,305,847,451,1428,2008,681,447,99,154,263,1266,661,1621,1482,527,401
62: 1423,991
1688: 
64: 1070,1538,987,2019,1115,671,1196,965,1171,1867,870,1508,1490,1074,1401,129,1,915,168
65: 828,1633,1666,638,1007,1095,723,2005,522,532,1572,1852,1390,1749,1878
66: 1261,1166,150,561,107,2016,737,1584,117,1222,1797,91,1048,1626,45,1543
1345: 
68: 
1898: 265
70: 
1896: 
1618: 1705,283,1131,907,305,847,1902,1600,1193,1951,226,1715,1428,2008,917,322,447,99,709,315,1229,1465,1969,263,1266,661,1621,1482,286,527,401,1580,1154,1910,1381,1322
73: 1150,1828,276,1288,2006,1081,1698,1758,2007,331,1886,249,257,1011,466,1665,58,1334,972,808,817,1608,1687
1728: 
1848: 982,920,1606
2010: 980,296,1169,615,1053,458,481,350,1501,383,1736,1945,792,1734,1509,1029,856,1684,727,1717,1702,1476,1386,1101,144,555,223,1332,1080,633,887,446,1602,934
1634: 
1680: 1451,810,1255,1352,195,1772,1483,2000,844,133,644,1630,1096,751,1526,882,2013,1748,1230,14,1052,1935
1737: 
1508: 1490,1074,1401,546,129,1140,1,915,168,1538,987,2019,1115,965,64,1171
81: 
1352: 319,1451,1604,56,810,1255,1257,1915,195,1772,360,1855,485,1483,173,2000,669,844,1671,133,814,644,474,1630,1096,751,1680,1526,1524,882,298,2013,798,970,1569,1629,1748,1230,14,197,1555,1052,202,1935,1644
83: 1353,580,180,147
84: 
1866: 1984,750
86: 1767,1312,683,753
1781: 
88: 
89: 283,305,1715,2008,917,99,709,1229,1969,1529,1580,1381
90: 
91: 117,1222,1797,1048,737,990,1584,1626,45,1166,150,561,107,66,2016
92: 
1366: 1683
94: 
1743: 785,1488
96: 1519,1177
97: 850,385,1044,1058,707,1294,550,1576,660,6,2014,1888,654,1918,1383,100
1683: 1366
99: 283,1131,1618,305,847,1600,1951,226,1715,1428,2008,917,681,709,315,1229,1368,1969,263,1266,1529,1621,1482,89,527,1580,1154,1381,1322
100: 687,1058,707,1393,1167,1294,550,1576,660,6,2014,1103,1146,1888,654,860,1918,1383,850,97,385,1044
101: 1384,103,818
102: 806,1245
103: 1384,818,101
104: 
1841: 
106: 1164,911
107: 1166,150,561,66,2016,737,990,1584,117,1222,1797,91,1048,1250,293,1626,45,1050,1543
1623: 1732,1030,415
109: 1303,1620,2011,2017,261,511,1119,291,1632,1023,609,1882,1795,544
110: 775
1589: 139,1277,1478,579
112: 
1614: 
1371: 1017,1142,1648,40,1760,1739,1283,2004,695,1994,1327,1863,1076,456,176,1292,1885,1700,190,1699
1585: 
1316: 
117: 1222,1797,91,1048,737,990,1584,1626,45,1261,1166,150,561,107,66,2016
118: 
119: 319,1604,56,1257,1915,360,1855,485,173,2000,474,1524,298,2013,1569,1748,1230,1052,202
1339: 1216
1821: 
122: 
123: 
1886: 1828,276,2006,73,1081,1698,1758,2007,331,249,257,1011,466,1665,58,972,817,1608,1687
1323: 
1693: 1027,1444
1543: 1250,293,287,1626,45,1050,1584,1261,1166,150,561,107,66,2016
128: 
129: 1508,1490,848,1074,1401,546,1326,1912,1140,1,625,915,1583,168,1538,987,2019,1115,671,965,64,620,1171,1867,1382,870
1867: 1070,1538,987,2019,1115,1938,671,1196,965,64,620,1171,1382,870,848,1074,129,915
1576: 687,1058,707,1294,660,6,478,2014,1888,654,860,1918,1383,100,97,385,1044
132: 1190
133: 1451,1604,56,810,1255,1257,1352,195,1772,1483,2000,844,1671,814,1096,751,1680,1526,882,2013,1748,1230,14,1555,1052,1935
134: 
135: 1431,825,531,1213,639,1753,542,1059,2018,922
136: 529,1251,782,1182,165
137: 153
138: 
139: 1589,1277,1478,579
1856: 
141: 
142: 335,1238,1194,1563,560,404,535,0,2001,674,39,172,701,900,312,642,1952,921
143: 256,788
144: 555,223,1080,633,980,1169,615,481,1501,383,2010,1945,1734,1029,856,1717,1476
1481: 
1278: 1487,1281,1647,1287,1625,1995,521,1645,729,2009,697,1976,1046,1296,232,1943,477
147: 1353,83,580,180
148: 
149: 
150: 1261,1166,561,107,66,2016,737,990,1584,117,1797,91,1048,1250,287,1626,45,1543
151: 
152: 
153: 137
154: 1131,907,305,847,1902,1951,451,1428,2008,447,315,1465,1368,263,1266,661,1621,1482,527,401
155: 1652,995
1332: 555,223,1080,633,446,1602,934,980,296,1169,383,2010,1945,792,856,1684,727,1717,1476,1386
157: 
158: 659
159: 1889,652,1880
160: 416,1773
1704: 
1895: 
1294: 687,1058,707,1393,1167,550,1576,660,6,1546,2014,1103,1146,1888,654,1918,1383,100,850,97,385,1044
1529: 283,305,1715,2008,917,681,99,709,1229,1969,263,89,1580,1381,1322
165: 136,782,1182
1824: 1784
1813: 1890
168: 1508,1490,1074,1401,129,1140,1,915,1538,987,2019,1115,671,1196,64,1171
169: 
170: 
1764: 942
172: 1238,1194,1563,560,404,535,629,557,0,2001,674,39,316,701,900,312,1466,642,1952,921,142,335
173: 319,1604,56,1255,1257,1352,1915,1772,1855,485,2000,669,474,298,2013,1569,119,1748,1230,197,1052,202,1935
174: 310,1469,1932,2002,1735,778,1564,461,610,1872,898,752,309,830,857,1558,2003,1944,1163,1780,694,323
175: 
176: 1076,456,1292,1885,617,1700,190,1699,1017,1142,1371,337,40,1760,1283,2004,695,1994,1863
1787: 1657,745
178: 523,984
179: 
180: 1353,83,580,147,1643
181: 581
1901: 1724,395,264,676
183: 
184: 
1612: 1210,899
1702: 980,296,1169,1053,458,1501,383,2010,1736,792,856,1684,727,1717,1476,1386,1101,633,887,1602
187: 790,2018,597,1083,922,1149,1431,825,531,1213,542,1059
1932: 310,1469,2002,1735,778,387,1111,1663,1564,1763,519,461,592,299,1887,610,1872,634,600,898,752,1120,309,830,857,1771,1558,2003,1944,1163,174
189: 656,891
190: 456,176,1292,1700,1699,1017,1371,1648,756,337,40,1739,1283,450,2004,1994,1327,1863
1865: 297,779,2015,231,255,547,1022,339,1679,1175,1209,338
2000: 319,1451,1604,56,810,1255,1257,1352,1915,195,1772,360,1855,485,1483,173,669,844,1671,133,814,644,474,1630,1096,751,1680,1526,1524,882,298,2013,798,970,1569,1629,119,1748,1230,14,197,1555,1052,202,1935,1644
193: 
194: 300,1299
195: 1451,1255,1257,1352,1772,1855,485,1483,2000,844,133,644,474,1630,751,1680,882,298,2013,1748,1230,14,1052,1935
1283: 1017,1142,1371,337,40,1760,1739,450,2004,695,1994,1327,1863,1076,456,176,1292,1885,617,1700,190,1699
197: 319,1604,56,810,1255,1257,1352,1915,1772,1855,173,2000,669,1671,814,1096,751,2013,798,1629,1555,202,1935,1644
1619: 
1791: 211,279,1453
1621: 1705,283,1131,907,1618,305,847,1902,1600,1951,226,451,1428,2008,681,447,99,315,1229,1465,1368,154,263,1266,661,1482,286,527,401,1580,1154,1381,1322
201: 
202: 319,1604,56,810,1255,1257,1352,1915,1855,485,173,2000,669,1671,814,1524,2013,970,1569,1629,119,197,1644
203: 
204: 
205: 1845,1239,1854,2012,317,284
1657: 1787,745
1315: 
2001: 1238,1194,1563,560,404,535,629,557,0,674,39,172,316,701,900,312,1466,642,1952,921,142,335
209: 735
1580: 283,1618,305,1951,1715,2008,681,99,709,1229,1969,263,1529,1621,89,527,1381
211: 1791,279,1453
212: 
213: 509,412
2002: 310,1469,1932,1735,778,387,1111,1663,1564,1763,519,461,592,299,1887,610,1872,634,600,898,747,752,1120,309,830,1843,857,1771,1548,1558,2003,1944,1436,1163,174,437,1780,694,323
215: 
1592: 
1944: 310,1469,1932,2002,778,387,1564,461,610,1872,898,752,309,830,1771,1558,2003,1163,174,694
1772: 1604,56,810,1255,1257,1352,1915,195,1855,485,1483,173,2000,669,1671,133,814,1096,751,1680,1526,882,2013,1748,1230,14,197,1555,1052,1935
219: 
1520: 
221: 
222: 1350
223: 144,555,1332,1080,633,980,1169,615,481,383,2010,1945,1734,1029,856,727,1717,1476,1386
1827: 1710,876,307
1771: 1932,2002,1735,778,387,1111,1663,1564,461,592,610,1872,634,600,747,752,1120,1843,1548,2003,1944,1436,1163,437,694
226: 1705,283,1131,907,1618,305,847,1902,1600,1193,1951,1715,1428,2008,917,322,447,99,709,315,1969,1266,661,1621,286,527,401,1154,1910,1381,1322
1984: 1866,750
228: 235,1607
1413: 
1980: 1384,818
231: 1188,670,1754,297,1198,779,2015,255,1051,547,1022,339,777,1837,1679,494,1175,338,1865
232: 1487,1647,1287,1625,521,2009,1278,697,1976,1046,1296,1170,477,1638
1724: 1901,395,264
234: 604
235: 228,1607
236: 
1877: 
1504: 598
239: 
240: 
241: 1479,1595
1639: 
243: 
244: 1802
1756: 1871,1706,1199
246: 
247: 
1329: 
249: 1828,276,2006,73,1081,1698,1758,2007,1552,1886,1011,466,945,1334,972,1826,817
1934: 1572,1852,1071,1390,1999,828,1633,1095,723,2005,522
251: 57
252: 1077,563
1938: 1070,987,2019,671,965,620,1867,1382,870,848,625,915,1583
254: 
255: 1188,670,1754,1427,297,1198,779,2015,231,1051,547,1022,339,1173,777,1837,1679,1175,1209,338,1865
256: 788,143
257: 1150,1828,1288,2006,73,1081,1758,2007,331,1886,1011,58,972,1608,1687
1949: 1110
259: 
1691: 
261: 109,1303,1620,2011,2017,511,1119,1718,291,1632,1023,703,609,1882,1795,544
262: 1492,1854,755,2012,317,1379,284,1845,1225,960,1239,1834
263: 283,1131,907,1618,305,847,1951,451,1715,1428,2008,681,99,315,1229,1465,1368,154,1266,661,1529,1621,1482,527,1580,1154,1381,1322
264: 1901,1724,395
265: 1898,1706
266: 1906
1891: 
1808: 1065
1645: 1281,1287,1995,521,729,2009,1395,1278,1976,1943
1880: 159,1889,533,652
2019: 1070,1538,987,1115,1938,671,1196,965,64,620,1171,1867,1382,870,1508,1490,848,1074,1401,546,1326,129,1912,1140,1,625,915,1583,168
1305: 361,1178
273: 1978
274: 
275: 
276: 1828,2006,73,1081,1698,1758,2007,1552,1886,249,1011,466,1665,58,945,1334,972,808,1826,817,1608
277: 874
1312: 1767,86,683,753
279: 211,1791,1453
1918: 687,1058,707,1393,1294,1576,660,6,478,2014,1888,654,860,1383,100,97,385
1501: 980,1169,615,1053,458,481,350,383,2010,1736,1945,792,1734,1509,1029,856,1717,1702,1476,144,633
1606: 982,1848,920
283: 1705,1131,1618,305,847,1600,1951,226,1715,1428,2008,917,681,322,99,709,1229,1969,263,1266,1529,1621,89,527,1580,1154,1910,1381,1322
284: 1492,1854,755,2012,317,262,1379,1845,1225,205,960,1239,1834
1632: 109,1303,2011,2017,261,1119,1718,291,1023,703,609
286: 1705,1131,907,1618,305,1902,1600,1193,1951,226,1428,2008,322,315,1465,1621,401,1154,1910,1381,469
287: 1250,293,1626,45,1050,1543,990,1584,150,561,2016
288: 1319
1935: 319,1451,1604,56,810,1255,1257,1352,195,1772,360,1855,485,1483,173,2000,669,844,1671,133,814,644,474,1630,1096,751,1680,1526,882,298,2013,798,1569,1748,1230,14,197,1555,1052
1629: 319,56,810,1352,1915,360,1855,485,2000,669,1671,814,644,1630,751,1526,1524,2013,798,970,1569,197,202,1644
291: 109,1303,2011,2017,261,1119,1632,1023,609,1795,544
292: 1182,520
293: 1250,287,1626,45,1050,1543,990,1584,561,107,2016
1910: 1705,283,1131,907,1618,305,1902,1600,1193,1951,226,1428,2008,917,322,447,315,1229,1969,286,401,1154,1381,1322,469
1652: 155,995
296: 980,1169,1053,458,383,2010,1736,792,856,1684,727,1717,1702,1476,1386,1101,555,1332,1080,633,887,446,1602,934
297: 670,1754,779,2015,231,255,1051,547,1022,339,777,1679,494,1175,338,1865
298: 319,1604,56,1255,1257,1352,1915,195,360,1855,485,1483,173,2000,644,474,1524,2013,1569,119,1748,1230,1052,1935
299: 310,1469,1932,2002,1735,778,387,1111,1564,1763,592,1887,610,1872,634,600,898,1120,309,830,857,1558,2003
300: 194,1299
1469: 310,1932,2002,1735,778,387,1111,1564,519,461,592,299,1887,610,1872,634,747,752,309,830,857,1548,1558,2003,1944,1436,1163,174,437,1780,694,323
302: 
303: 
304: 
305: 1705,283,1131,907,1618,847,1902,1600,1951,226,1715,1428,2008,917,681,99,709,315,1229,1465,1368,154,1969,263,1266,661,1529,1621,1482,89,286,527,401,1580,1154,1910,1381,1322
1635: 
307: 1827,1710,876
1527: 
309: 310,1469,1932,2002,1735,778,387,1111,1564,519,461,592,299,1887,610,1872,898,752,830,857,1558,2003,1944,1163,174,1780,694,323
310: 1469,1932,2002,778,1564,1763,592,299,1887,610,1872,898,1120,309,830,1558,2003,1944,174
311: 
312: 1238,1194,1563,560,404,535,629,557,0,2001,674,39,172,316,701,900,642,1952,921,142,335
1990: 
314: 
315: 1705,1131,907,1618,305,847,1902,1600,1193,1951,226,1428,2008,322,447,99,1229,1465,154,263,1266,661,1621,1482,286,401,1154,1910,1381
316: 1238,1563,560,404,629,557,2001,674,39,172,701,312,1466,1952,335
317: 1492,1854,755,2012,262,284,1845,205,1239,1834
1483: 319,1451,56,810,1255,1257,1352,195,1772,360,1855,485,2000,669,844,1671,133,814,644,474,1630,1096,751,1680,1526,1524,882,298,2013,798,970,1569,1748,1230,14,1052,1935
319: 1604,56,810,1255,1257,1352,1915,360,1855,485,1483,173,2000,669,1671,814,644,474,1630,751,1524,298,2013,798,970,1569,1629,119,1748,197,202,1935,1644
320: 
1482: 1131,907,1618,305,1951,1428,2008,99,315,1229,1465,1368,154,263,1266,661,1621,401,1154
322: 1705,283,1131,907,1618,847,1902,1600,1193,1951,226,1428,2008,917,447,315,1266,661,286,401,1154,1910,1381,1322,469
323: 1780,694,1469,2002,1735,1564,519,461,1887,752,309,830,857,1548,1558,2003,1163,174,437
1732: 1623,1030,415
325: 791
326: 
1625: 1487,1647,1995,521,729,2009,1278,697,1976,1046,1296,232
328: 
329: 1254,1493,1233,1650
1751: 
331: 1150,1828,1288,2006,73,1081,1698,1758,2007,1886,257,1011,466,972,817,1687
1825: 
333: 
1733: 1904
335: 142,1238,1194,1563,560,404,535,629,2001,674,39,172,316,701,900,312,1466,1952
1862: 1221,939,1183
337: 1017,1142,1648,756,40,1760,1739,1283,450,2004,1994,1327,1863,1076,456,176,1700,190,1699
338: 670,297,779,2015,231,255,1051,547,1022,339,1173,777,1679,494,1175,1209,1865
339: 1188,670,1754,297,1198,779,2015,231,255,1051,547,1022,777,1679,494,1175,338,1865
340: 
1454: 776
342: 
343: 1208,1609
344: 1118
345: 
346: 
347: 
1609: 1208,343
1726: 630
350: 615,1053,481,1501,383,2010,1736,1945,792,1509,1476
351: 1174,712
352: 961,1364
353: 
354: 
355: 1249,653
1735: 1469,1932,2002,778,387,1111,1663,1564,519,461,592,299,1887,610,1872,634,747,752,1120,309,830,1843,857,1771,1548,1558,2003,1436,1163,174,437,1780,323
1584: 737,990,117,1222,1797,91,1048,1250,293,287,1626,45,1050,1543,1166,150,561,107,66,2016
1468: 406
359: 
360: 319,1451,1257,1352,1915,1855,485,1483,2000,814,644,474,1630,1524,298,2013,970,1569,1629,119,1748,1052,1935
361: 1305,1178
1974: 
363: 1335,1876
1854: 1492,755,2012,317,262,1379,284,1845,1225,205,960,1239,1834
1398: 
366: 1472
1266: 1705,283,1131,907,1618,305,847,1902,1600,1193,1951,226,451,1428,2008,917,681,322,447,99,315,1465,1368,154,263,661,1621,1482,527,401,1154,1381,1322
368: 
369: 
1755: 621
1277: 139,1589,1478,579
1796: 967,1654,1298
373: 
1531: 998
1439: 
1524: 319,56,1257,1352,1915,360,1855,485,1483,2000,669,814,644,474,1630,751,298,2013,798,970,1569,1629,119,1748,202,1644
1356: 1493,759,1650,1587
378: 
379: 1079,1141
1828: 1150,276,1288,2006,73,1081,1698,1535,1758,2007,1552,331,1886,249,257,1011,466,1665,58,945,1334,972,808,1826,817,1608,1687
1964: 1646,42
382: 664
383: 980,296,1169,615,1053,458,481,350,1501,2010,1736,1945,792,1734,1509,1029,856,727,1717,1702,1476,1386,144,555,223,1332,1080,633
1602: 887,446,934,1332,1080,296,1169,1053,458,2010,1736,792,856,1684,727,1717,1702,1476,1386,1101
385: 850,97,1044,687,1058,707,1294,550,1576,660,6,2014,1103,1146,1888,654,1918,1383,100
386: 
387: 1469,1932,2002,1735,778,1111,1663,1564,1763,519,461,592,299,1887,610,1872,634,600,898,747,752,1120,309,830,1843,857,1771,1548,2003,1944,1436,1163,437
388: 
1513: 
390: 942
391: 815
1836: 
393: 
1423: 1711,991,62
395: 1901,1724,264,676
1383: 687,1058,707,1393,1167,1294,550,1576,660,6,478,1546,2014,1103,1888,654,860,1918,100,850,97,385,1044
397: 
1845: 1225,205,960,1239,1834,1492,1854,755,2012,317,262,284
399: 1996
400: 935,515,1409,1810,1060,730
401: 1705,1131,907,1618,305,847,1902,1600,1193,1951,226,451,1428,2008,322,447,315,1465,1368,154,1266,661,1621,1482,286,1154,1910,1322,469
1519: 96
403: 
404: 1238,1194,1563,560,535,629,557,0,2001,39,172,316,701,900,312,642,1952,921,142,335
1579: 
406: 1468
2014: 687,1058,707,1393,1167,1294,550,1576,660,6,478,1546,1103,1146,1888,654,860,1918,1383,100,850,97,385,1044
1700: 1076,456,176,1292,1885,617,190,1699,1017,1371,1648,337,40,1760,1739,1283,450,2004,695,1994,1327,1863
1359: 
410: 
1969: 283,1131,1618,305,1600,1951,226,1715,2008,917,99,709,1229,1529,89,1580,1154,1910,1381,1322
412: 509,213
1654: 1796,1298
414: 1523,50
415: 1623,1732,1030
416: 160
1382: 1070,1538,987,2019,1115,1938,671,965,620,1867,870,848,129,915,1583
1526: 1451,56,810,1255,1352,1772,1855,1483,2000,669,844,1671,133,814,644,1630,1096,751,1680,2013,798,970,1629,14,1555,1935,1644
419: 
420: 
1840: 
422: 
1992: 1812
424: 
1649: 
426: 
427: 771
1581: 622,692,584
1988: 1089
1326: 1490,848,1074,1401,546,129,1912,1,625,915,1583,1538,2019,671,965,620,870
1705: 283,1131,907,1618,305,847,1902,1600,1193,1951,226,451,1428,2008,917,322,447,315,1266,661,1621,286,527,401,1154,1910,1322,469
432: 
1313: 994,1900,630
1551: 
1348: 459
436: 837,574
437: 1469,2002,1735,778,387,1111,1663,1564,519,461,592,1887,634,747,752,830,1843,857,1771,1548,2003,1436,1163,1780,323
1375: 
439: 
440: 
441: 
1644: 319,1604,56,810,1255,1352,1855,2000,669,1671,814,1630,1096,751,1526,1524,2013,798,970,1629,197,1555,202
1267: 
444: 1653
1878: 1749,1852,1390,65,828,1666,638,1007,1095,723,2005,532
446: 887,1602,934,555,1332,1080,633,296,1169,2010,792,856,1684,727,1717,1476,1386,1101
447: 1705,1131,907,1618,847,1902,1193,226,451,1428,2008,322,315,1368,154,1266,661,1621,527,401,1154,1910,1322
1730: 1696
449: 
450: 1017,1648,756,337,1739,1283,2004,1994,1327,1863,456,1700,190,1699
451: 1705,1131,907,847,1428,2008,447,1368,154,263,1266,661,1621,527,401
1834: 1845,1225,960,1239,1492,1854,755,2012,317,262,1379,284
1966: 
454: 
455: 
456: 176,1292,617,1700,190,1699,1017,1371,337,40,1283,450,2004,1994,1327,1863
457: 
458: 980,296,1169,1053,481,1501,383,2010,1736,792,1734,856,1684,1717,1702,1386,1101,555,1080,633,887,1602,934
459: 1348
460: 
461: 1469,1932,2002,1735,778,387,1111,1564,519,1887,610,634,747,752,309,830,857,1771,1548,1558,2003,1944,1436,1163,174,437,1780,694,323
462: 
1665: 1150,1828,276,1288,2006,73,1535,1758,2007,1552,1886,1011,58,1334,972,808,1826,1608,1367
464: 720
1385: 
466: 1828,276,2006,73,1081,1698,1758,2007,1552,331,1886,249,1011,945,1334,972,817,1687
1428: 1705,283,1131,907,1618,305,847,1902,1600,1193,1951,226,451,2008,917,322,447,99,315,1229,1465,1368,154,263,1266,661,1621,1482,286,527,401,1154,1910,1381,1322
1748: 319,1451,56,1255,1257,1352,1915,195,1772,360,1855,485,1483,173,2000,844,133,814,644,474,1630,751,1680,1524,882,298,2013,970,1569,119,1230,14,1052,1935
469: 1705,907,1902,1193,2008,322,286,401,1154,1910
1676: 
471: 
1452: 
1630: 319,1451,56,810,1255,1257,1352,195,360,1855,485,1483,2000,669,844,1671,814,644,1096,751,1680,1526,1524,2013,798,970,1569,1629,1748,14,1935,1644
474: 319,1451,1255,1257,1352,1915,195,360,1855,485,1483,173,2000,644,1524,882,298,2013,1569,119,1748,1230,1052,1935
475: 
1837: 1188,670,1754,1427,1198,2015,231,255,1051,547,1022,1173,777,1679,494
477: 1638,1487,1287,521,2009,1278,697,1296,232,1170
478: 687,1058,1393,1576,6,1546,2014,1888,654,860,1918,1383
479: 52
1763: 310,1932,2002,778,387,1111,1564,592,299,1887,610,1872,600,898,1120,1558,2003
481: 980,1169,615,1053,458,350,1501,383,2010,1736,1945,792,1734,1509,1029,1717,1476,144,555,223,633
1801: 
1885: 1076,176,1292,617,1700,1699,1142,1371,40,1760,1283,2004,695
1942: 
485: 319,1451,1604,56,810,1255,1257,1352,1915,195,1772,360,1855,1483,173,2000,669,814,644,474,1630,751,1524,882,298,2013,970,1569,1629,119,1748,1230,1052,202,1935
1259: 
1664: 
1648: 1017,1142,1371,756,337,40,1760,1739,450,2004,1994,1327,1863,1700,190,1699
489: 1253
1857: 
491: 
492: 
493: 
494: 670,1754,1427,297,1198,2015,231,1051,547,1022,339,777,1837,1679,338
495: 1487,1647,1287,1995,2009,1395,1976,1046,1943,1170
496: 
1761: 
498: 
1302: 
1400: 1107
501: 
502: 1336,1794
1948: 1960
1574: 
1999: 1572,1934,1852,1071,1390,723,2005,532
506: 
507: 
508: 
509: 412,213
510: 
511: 109,1303,1620,2011,2017,261,1119,1718,1023,703,609,1882,1795,544
1320: 1155
513: 
1409: 935,400,1060,730
515: 935,400,1810,730
1699: 1076,456,176,1292,1885,617,1700,190,1017,1142,1371,1648,337,40,1760,1739,1283,450,2004,695,1994,1327,1863
517: 
1505: 
519: 1469,1932,2002,1735,778,387,1111,1564,461,592,1887,634,752,309,830,1843,857,1548,1558,2003,1436,437,1780,323
520: 529,1251,292,782,1182
521: 1487,1281,1647,1287,1625,1995,1645,729,2009,1278,697,1976,1046,1296,232,1943,1170,477,1638
522: 65,828,1633,1666,638,1007,1095,723,2005,532,1572,1934,1852,1071,1390
523: 178,984
524: 780
1831: 
526: 
527: 1705,283,1131,1618,305,847,226,451,1715,1428,2008,681,447,99,1368,154,263,1266,661,1621,1580,1322
1855: 319,1604,56,810,1255,1257,1352,1915,195,1772,360,485,1483,173,2000,669,844,1671,814,644,474,1630,751,1526,1524,882,298,2013,798,970,1569,1629,119,1748,1230,197,1555,1052,202,1935,1644
529: 1251,136,782,1182,520
1809: 1511
531: 1431,825,1213,135,639,1753,958,542,1059,187,2018,597,922
532: 65,828,1633,1666,638,1007,1095,723,2005,522,1999,1572,1852,1390,1749,1878
533: 1889,652,1880
534: 
535: 1238,1194,1563,560,404,629,557,0,2001,39,172,701,900,312,642,1952,921,142,335
536: 1472
1300: 
538: 
539: 
540: 1068,1489,1246
541: 
542: 1431,825,531,1213,135,958,1059,187,2018,922
543: 
544: 1795,109,1303,1620,2011,2017,261,511,1119,291,1023,609,1882
545: 
546: 1508,1490,848,1074,1401,1326,129,1912,1140,1,625,915,1583,1538,2019,671,965,620
547: 1188,670,1754,1427,297,1198,779,2015,231,255,1051,1022,339,1173,777,1837,1679,494,1175,1209,338,1865
548: 
549: 589,1330,836
550: 1058,1393,1167,1294,660,6,1546,2014,1103,1146,654,860,1383,100,850,97,385,1044
551: 
552: 787,1087
1812: 1992
554: 53,1253
555: 144,223,1332,1080,633,446,934,980,296,1169,615,1053,458,481,383,2010,1945,792,1734,856,1684,727,1717,1476,1386
556: 
557: 1238,1194,1563,560,404,535,629,0,2001,172,316,701,312,642,1952,921
1906: 266
1991: 
560: 1238,1194,1563,404,535,629,557,0,2001,39,172,316,701,900,312,642,1952,921,142,335
561: 1261,1166,150,107,66,2016,737,990,1584,117,1797,91,1048,1250,293,287,1626,45,1050,1543
2006: 1150,1828,276,1288,73,1081,1698,1535,1758,2007,1552,331,1886,249,257,1011,466,1665,58,945,1334,972,808,1826,817,1608,1367,1687
563: 1077,252
1600: 1705,283,1131,907,1618,305,1902,1193,1951,226,1428,2008,917,322,99,315,1229,1465,1969,1266,1621,286,401,1154,1910,1381
565: 913,1098
1673: 
1888: 687,1058,707,1294,1576,660,6,478,2014,654,860,1918,1383,100,97,385
1557: 
569: 1234
1261: 1166,150,561,66,2016,117,1048,1626,45,1543
571: 816
1488: 1743,785
573: 
574: 837,436
575: 
1586: 
1904: 1733
1448: 
579: 1478,139,1589,1277
580: 1353,83,180,147
581: 181
582: 
1744: 
584: 1581,622,692
585: 1040
1760: 1017,1142,1371,1648,337,40,1739,1283,2004,695,1994,1327,1863,1076,176,1885,1700,1699
587: 1227,831
1968: 1636,1220
589: 549,1330,836
590: 1311,1036
591: 
592: 310,1469,1932,2002,1735,778,387,1111,1663,1564,1763,519,299,1887,610,1872,634,600,898,752,1120,309,1843,857,1771,1558,2003,1436,437
593: 
1962: 1252
1766: 1914
596: 38,1197
597: 790,187,2018,1083,922,1149,1431,825,531,639,1059
598: 1504
1515: 
600: 1932,2002,778,387,1111,1663,1564,1763,592,299,610,1872,898,1120,1771,2003
1653: 444
1296: 1487,1281,1287,1625,521,729,2009,1278,697,1976,1046,232,477
1353: 83,580,180,147
604: 234
605: 
606: 
1670: 
1747: 
609: 109,1303,1620,2011,2017,261,511,1119,1718,291,1632,1023,703,1882,544
610: 310,1469,1932,2002,1735,778,387,1111,1564,1763,461,592,299,1887,1872,600,898,752,1120,309,830,857,1771,1558,2003,1944,1163,174,694
611: 
612: 
1800: 
614: 1037,623
615: 980,1169,1053,481,350,1501,383,2010,1736,1945,792,1509,1029,1717,1476,1386,144,555,223
1479: 241,1595
617: 1076,456,176,1292,1885,1700,1699,40,1283,2004,1863
1336: 1794,502
619: 
620: 1070,1538,987,2019,1938,671,965,1867,1382,870,1490,848,1074,1401,546,1326,129,1912,1,625,915,1583
621: 1755
622: 1581,692,584
623: 614
1594: 
625: 1490,848,546,1326,129,1912,915,1583,2019,1938,965,620
626: 
1722: 1200
1569: 319,1604,56,1257,1352,1915,360,1855,485,1483,173,2000,669,814,644,474,1630,1524,298,2013,970,1629,119,1748,1230,1052,202,1935
629: 1238,1563,560,404,535,557,0,2001,39,172,316,701,900,312,642,1952,335
630: 1313,1726
1471: 742
1708: 
633: 144,555,223,1332,1080,887,446,934,980,296,1169,458,481,1501,383,2010,1945,792,1734,856,1684,727,1717,1702,1476,1386
634: 1469,1932,2002,1735,778,387,1111,1663,1564,519,461,592,299,1887,747,752,1120,830,1843,857,1771,1548,2003,1436,1163,437
635: 
636: 
1509: 980,1169,615,1053,481,350,1501,383,2010,1736,1945,792,1029,1476
638: 65,828,1633,1666,1007,1095,723,2005,522,532,1852,1390,1749,1878
639: 1431,825,531,135,1753,1059,2018,597,1149
640: 
641: 
642: 1238,1194,1563,560,404,535,629,557,0,2001,172,701,900,312,1952,921,142
1522: 
644: 319,1451,56,810,1255,1257,1352,195,360,1855,485,1483,2000,669,844,814,474,1630,751,1680,1526,1524,298,2013,798,970,1569,1629,1748,14,1052,1935
1806: 
646: 
1289: 944
1603: 
1395: 1281,1647,495,1995,1645,2009,1976,1046,1943
1745: 
1379: 1492,1854,755,2012,262,284,1225,960,1239,1834
652: 159,1889,533,1880
653: 1249,355
654: 687,1058,707,1393,1167,1294,550,1576,660,6,478,1546,2014,1103,1146,1888,860,1918,1383,100,97,385,1044
655: 
656: 189,891
657: 1165
658: 
659: 158
660: 687,1058,707,1393,1167,1294,550,1576,6,2014,1103,1146,1888,654,1918,1383,100,850,97,385,1044
661: 1705,1131,907,1618,305,847,1902,1193,1951,226,451,1428,2008,322,447,315,1465,1368,154,263,1266,1621,1482,527,401,1154,1322
662: 
1671: 319,1604,56,810,1255,1352,1772,1855,1483,2000,669,844,133,814,1630,1096,751,1526,2013,798,970,1629,14,197,1555,202,1935,1644
664: 382
665: 
666: 1844,1139
1595: 241,1479
668: 
669: 319,1604,56,810,1255,1257,1352,1915,1772,1855,485,1483,173,2000,1671,814,644,1630,1096,751,1526,1524,2013,798,970,1569,1629,197,1555,202,1935,1644
670: 1188,1754,1427,297,1198,779,2015,231,255,1051,547,1022,339,1173,777,1837,1679,494,338
671: 1070,1538,987,2019,1115,1938,1196,965,64,620,1171,1867,1382,870,1490,848,1074,1401,546,1326,129,1912,1,915,1583,168
1472: 536,366
1687: 1150,1828,1288,2006,73,1081,1698,1758,2007,331,1886,257,1011,466,58,1334,972,817,1608
674: 1238,1563,2001,39,172,316,701,900,312,1466,1952,142,335
1672: 
676: 1901,395
1882: 109,1303,1620,2011,2017,261,511,1119,1023,703,609,1795,544
1663: 1932,2002,1735,778,387,1111,1564,592,1887,1872,634,600,747,752,1120,1843,1771,2003,1436,1163,437
1477: 
680: 
681: 283,305,847,1715,2008,99,1368,263,1266,1529,1621,527,1580
1810: 935,515,400
683: 1767,86,1312,753
1983: 1105,1195
1711: 1423,991
686: 
687: 1058,707,1393,1167,1294,1576,660,6,478,1546,2014,1146,1888,654,860,1918,1383,100,385
1643: 180
689: 
690: 
1965: 
692: 1581,622,584
1993: 
694: 1780,323,1469,2002,1564,461,610,747,752,309,830,857,1771,1548,2003,1944,1163,174
695: 1017,1142,1371,40,1760,1283,2004,1863,1076,176,1292,1885,1700,1699
696: 
697: 1487,1647,1287,1625,1995,521,2009,1278,1976,1046,1296,232,1943,1170,477,1638
698: 
699: 
1916: 34,950
701: 1238,1194,1563,560,404,535,629,557,0,2001,674,39,172,316,900,312,1466,642,1952,921,142,335
702: 
703: 1303,1620,2011,2017,261,511,1119,1718,1632,1023,609,1882
1506: 
1971: 
706: 
707: 687,1058,1294,1576,660,6,2014,1146,1888,654,1918,1383,100,850,97,385
1982: 
709: 283,1618,305,226,1715,2008,917,99,1229,1969,1529,89,1580,1381,1322
1490: 1508,848,1074,1401,546,1326,129,1912,1140,1,625,915,1583,168,1538,2019,671,965,64,620,870
1590: 
712: 1174,351
713: 1740
714: 
715: 1244,1350
1489: 1068,1246,540
1566: 
1662: 
719: 
720: 464
721: 
1567: 
723: 65,828,1633,1666,638,1007,1095,2005,522,532,1999,1572,1934,1852,1071,1390,1749,1878
1758: 1150,1828,276,1288,2006,73,1081,1698,2007,1552,331,1886,249,257,1011,466,1665,58,1334,972,808,1826,817,1608,1687
1775: 
1550: 1241
727: 980,296,1169,1053,383,2010,1945,792,856,1684,1717,1702,1476,1386,1101,555,223,1332,1080,633,887,446,1602,934
1785: 
729: 1281,1287,1625,1995,521,1645,2009,1278,1976,1296
730: 935,515,400,1409,1060
1575: 
732: 936
1684: 980,296,1169,458,2010,792,1734,856,727,1717,1702,1386,1101,555,1332,1080,633,887,446,1602,934
1977: 
735: 209
1533: 1611
737: 990,1584,117,1222,1797,91,1048,1250,1626,45,1166,150,561,107,66,2016
1997: 
739: 
1552: 1150,1828,276,2006,1698,1535,1758,2007,249,1011,466,1665,58,945,1334,972,808,1826,817
1912: 1490,848,1074,1401,546,1326,129,1,625,915,1583,2019,671,965,620
742: 1471
1710: 1827,307
744: 
745: 1657,1787
1330: 589,549,836
747: 1469,2002,1735,778,387,1111,1663,1564,461,634,752,830,1843,857,1771,1548,2003,1436,1163,437,1780,694
1637: 
1817: 
750: 1866,1984
751: 319,1451,1604,56,810,1255,1257,1352,195,1772,1855,485,1483,2000,669,844,1671,133,814,644,1630,1096,1680,1526,1524,882,2013,798,970,1629,1748,1230,14,197,1555,1935,1644
752: 1469,1932,2002,1735,778,387,1111,1663,1564,519,461,592,1887,610,634,747,309,830,1843,857,1771,1548,1558,2003,1944,1436,1163,174,437,1780,694,323
753: 1767,86,1312,683
1928: 
755: 1492,1854,2012,317,262,1379,284,1845,960,1239,1834
756: 1017,1648,337,1739,450,2004,1994,1327,1863,190
757: 1960
758: 1412
759: 1493,1650,1587,1356
760: 
761: 
1838: 1094
763: 
1753: 1431,825,531,135,639,1059,2018
765: 
766: 
767: 1328
1453: 211,1791,279
2004: 1017,1142,1371,1648,756,337,40,1760,1739,1283,450,695,1994,1327,1863,1076,456,176,1292,1885,617,1700,190,1699
770: 937
771: 427
1401: 1508,1490,848,1074,546,1326,129,1912,1140,1,915,168,1538,2019,671,965,64,620,1171
1281: 1287,1995,521,1645,729,2009,1395,1278,1976,1296,1943
1622: 
775: 110
776: 1454
777: 670,1754,1427,297,779,2015,231,255,1051,547,1022,339,1173,1837,1679,494,338
778: 310,1469,1932,2002,1735,387,1111,1663,1564,1763,519,461,592,299,1887,610,1872,634,600,898,747,752,1120,309,830,1843,857,1771,1558,2003,1944,1436,1163,174,437
779: 1188,670,1754,297,2015,231,255,1051,547,1022,339,1173,777,1679,1175,1209,338,1865
780: 524
781: 
782: 529,1251,136,1182,520,165
783: 
1863: 1017,1142,1371,1648,756,337,40,1760,1739,1283,450,2004,695,1994,1327,1076,456,176,1292,617,1700,190,1699
785: 1743,1488
1903: 
787: 1087,552
788: 256,143
1588: 
790: 187,2018,597,1083,922,1149
791: 325
792: 980,296,1169,615,1053,458,481,350,1501,383,2010,1736,1945,1734,1509,856,1684,727,1717,1702,1476,1386,1101,555,1332,1080,633,887,446,1602,934
1429: 
1889: 159,533,652,1880
1367: 1150,1288,2006,1535,2007,1665,58,1334,808,1826
796: 834,1539
1696: 1730
798: 319,56,810,1255,1352,1855,1483,2000,669,844,1671,814,644,1630,1096,751,1526,1524,2013,970,1629,14,197,1555,1935,1644
799: 
1553: 
1626: 1250,293,287,45,1050,1543,737,990,1584,117,1797,91,1048,1261,1166,150,561,107,66,2016
2012: 1492,1854,755,317,262,1379,284,1845,1225,205,960,1239,1834
1900: 994,1313
1779: 
805: 
806: 102,1245
807: 
808: 1150,1828,276,1288,2006,73,1698,1535,1758,2007,1552,1011,1665,58,1334,972,1826,1608,1367
1890: 1813
810: 319,1604,56,1255,1257,1352,1772,1855,485,1483,2000,669,844,1671,133,814,644,1630,1096,751,1680,1526,882,2013,798,970,1629,1230,14,197,1555,202,1935,1644
1365: 
1494: 
1893: 
814: 319,1604,56,810,1255,1257,1352,1915,1772,360,1855,485,1483,2000,669,844,1671,133,644,1630,1096,751,1526,1524,2013,798,970,1569,1629,1748,14,197,1555,202,1935,1644
815: 391
816: 571
817: 1828,276,2006,73,1081,1698,1758,2007,1552,331,1886,249,1011,466,945,1334,972,1687
818: 1384,103,1980,101
1299: 300,194
1271: 
2011: 109,1303,1620,2017,261,511,1119,1718,291,1632,1023,703,609,1882,1795,544
822: 
1518: 
824: 
825: 1431,531,1213,135,639,1753,542,1059,187,2018,597,1083,922,1149
1640: 
827: 
828: 65,1633,1666,638,1007,1095,723,2005,522,532,1572,1934,1852,1071,1390,1878
1392: 
830: 310,1469,1932,2002,1735,778,387,1111,1564,519,461,299,1887,610,634,747,752,309,857,1548,1558,2003,1944,1163,174,437,1780,694,323
831: 587
1399: 
1754: 1188,670,1427,297,1198,779,2015,231,255,1051,547,1022,339,1173,777,1837,1679,494,1175
834: 796,1539
1909: 
836: 589,549,1330
837: 436,574
838: 
839: 
1466: 1563,2001,674,39,172,316,701,1952,335
841: 
1427: 1188,670,1754,1198,2015,255,1051,547,1022,1173,777,1837,1679,494
1887: 310,1469,1932,2002,1735,778,387,1111,1663,1564,1763,519,461,592,299,610,634,752,1120,309,830,1843,857,1558,2003,1436,1163,437,323
844: 1451,810,1255,1352,195,1855,1483,2000,1671,133,814,644,1630,1096,751,1680,1526,882,2013,798,970,1748,14,1935
845: 1066,1002,1158,1237,905,1473
846: 
847: 1705,283,1131,907,1618,305,1902,1193,1951,226,451,1715,1428,2008,917,681,322,447,99,315,1368,154,263,1266,661,1621,527,401,1154,1381,1322
848: 1490,1074,1401,546,1326,129,1912,1140,1,625,915,1583,1538,2019,1938,671,965,620,1867,1382,870
1774: 
850: 97,385,1044,1058,707,1393,1167,1294,550,660,6,2014,1103,1146,1383,100
1651: 
1272: 
853: 
1431: 825,531,1213,135,639,1753,542,1059,187,2018,597,922,1149
855: 
856: 980,296,1169,1053,458,1501,383,2010,1736,1945,792,1734,1684,727,1717,1702,1476,1386,1101,144,555,223,1332,1080,633,887,446,1602,934
857: 1469,1932,2002,1735,778,387,1111,1564,519,461,592,299,1887,610,634,747,752,309,830,1843,1548,1558,2003,1436,1163,174,437,1780,694,323
858: 
859: 
860: 687,1058,1393,1167,550,1576,6,478,1546,2014,1888,654,1918,1383,100
861: 
862: 
1718: 1303,2011,2017,261,511,1119,1632,1023,703,609
1596: 
1978: 273
1784: 1824
867: 1378,1919
1539: 834,796
869: 
870: 1070,1538,987,2019,1115,1938,671,1196,965,64,620,1867,1382,1490,848,1074,1326,129,1,915,1583
871: 
872: 
2009: 1487,1281,1647,495,1287,1625,1995,521,1645,729,1395,1278,697,1976,1046,1296,232,1943,1170,477,1638
874: 277
1572: 1934,1852,1071,1390,1999,65,828,1633,1666,1095,723,2005,522,532
876: 1827,1462,307
1723: 
878: 
1620: 109,1303,2011,2017,261,511,1023,703,609,1882,1795,544
880: 
1610: 
882: 1451,1604,810,1255,1257,1352,195,1772,1855,485,1483,2000,844,133,474,1096,751,1680,2013,1748,1230,14,1555,1052,1935
883: 1054
1293: 
1736: 980,296,1169,615,1053,458,481,350,1501,383,2010,1945,792,1509,856,1717,1702,1476,1386,1101,887,1602
886: 33
887: 446,1602,934,1080,633,980,296,1169,1053,458,2010,1736,792,856,1684,727,1717,1702,1386,1101
888: 
1996: 399
1852: 1572,1934,1071,1390,1999,1749,1878,65,828,1633,1666,638,1007,1095,723,2005,522,532
891: 189,656
1871: 1756
1563: 1238,560,404,535,629,557,2001,674,39,172,316,701,312,1466,642,1952,142,335
1411: 
895: 
1958: 
1346: 
898: 310,1932,2002,778,387,1564,1763,592,299,610,1872,600,1120,309,1558,2003,1944,174
899: 1210,1612
900: 1238,1194,560,404,535,629,0,2001,674,39,172,701,312,642,1952,921,142,335
901: 952
902: 
903: 
904: 
905: 1066,1002,1473,845
1473: 1066,1002,1158,905,845
907: 1705,1131,1618,305,847,1902,1600,1193,1951,226,451,1428,2008,322,447,315,1465,1368,154,263,1266,661,1621,1482,286,401,1154,1910,469
908: 
1915: 319,1604,56,1255,1257,1352,1772,360,1855,485,173,2000,669,814,474,1524,298,2013,1569,1629,119,1748,1230,197,1052,202
910: 
911: 106,1164
1319: 288
913: 565,1098
914: 
915: 1508,1490,848,1074,1401,546,1326,129,1912,1140,1,625,1583,168,1070,1538,987,2019,1938,671,965,64,620,1171,1867,1382,870
1881: 
917: 1705,283,1131,1618,305,847,1902,1600,1951,226,1715,1428,2008,322,99,709,1229,1969,1266,1529,89,1154,1910,1381,1322
1511: 1809
919: 
920: 1848,1606
921: 1238,1194,560,404,535,557,0,2001,172,701,900,312,642,142
922: 790,187,2018,597,1083,1149,1431,825,531,1213,135,958,542,1059
1658: 
924: 
1495: 
1716: 
1288: 1150,1828,2006,73,1081,1698,1758,2007,331,257,1011,1665,58,1334,972,808,1608,1367,1687
1902: 1705,1131,907,1618,305,847,1600,1193,1951,226,1428,2008,917,322,447,315,1465,154,1266,661,1621,286,401,1154,1910,1381,469
1364: 961,352
1334: 1150,1828,276,1288,2006,73,1081,1698,1535,1758,2007,1552,249,1011,466,1665,58,945,972,808,1826,817,1367,1687
1830: 
1650: 1254,1493,759,1233,329,1587,1356
1381: 283,1131,1618,305,847,1902,1600,1951,226,1715,1428,2008,917,322,99,709,315,1229,1969,263,1266,1529,1621,89,286,1580,1154,1910,1322
934: 887,446,1602,555,1332,1080,633,296,1169,458,2010,792,856,1684,727,1717,1386,1101
935: 515,400,1409,1810,1060,730
936: 732
937: 770
1797: 117,1222,91,1048,737,1584,1626,45,1166,150,561,107,66,2016
939: 1862,1221
940: 
1847: 
942: 1764,390
943: 
944: 1289
945: 1828,276,2006,1698,2007,1552,249,1011,466,1334,972,817
1402: 
1573: 
1492: 1854,755,2012,317,262,1379,284,1845,960,1239,1834
1555: 1604,56,810,1255,1257,1352,1772,1855,2000,669,1671,133,814,1096,751,1526,882,2013,798,1230,14,197,1935,1644
950: 34,1916
1843: 2002,1735,778,387,1111,1663,519,592,1887,634,747,752,857,1771,1548,2003,1436,437
952: 901
1884: 
1327: 1017,1142,1371,1648,756,337,40,1760,1739,1283,450,2004,1994,1863,456,1700,190,1699
955: 
1391: 
957: 
958: 531,1213,542,2018,922
1523: 414,50
960: 1845,1225,1239,1834,1492,1854,755,2012,262,1379,284
961: 352,1364
1945: 980,1169,615,1053,481,350,1501,383,2010,1736,792,1734,1509,1029,856,727,1717,1476,1386,144,555,223,1332,1080,633
1638: 477,1487,521,2009,697,232,1170
964: 
965: 1070,1538,987,2019,1115,1938,671,64,620,1171,1867,1382,870,1508,1490,848,1074,1401,546,1326,129,1912,1140,1,625,915,1583
966: 
967: 1796,1298
968: 
969: 
970: 319,56,810,1255,1352,360,1855,485,1483,2000,669,844,1671,814,644,1630,751,1526,1524,2013,798,1569,1629,1748,202,1644
2003: 310,1469,1932,2002,1735,778,387,1111,1663,1564,1763,519,461,592,299,1887,610,1872,634,600,898,747,752,1120,309,830,1843,857,1771,1548,1558,1944,1436,1163,174,437,1780,694,323
972: 1150,1828,276,1288,2006,73,1081,1698,1535,1758,2007,1552,331,1886,249,257,1011,466,1665,58,945,1334,808,1826,817,1608,1687
973: 
974: 
1933: 
1950: 
977: 
1706: 1756,1199,265
1451: 1255,1352,195,360,485,1483,2000,844,133,644,474,1630,751,1680,1526,882,2013,1748,14,1052,1935
980: 296,1169,615,1053,458,481,1501,383,2010,1736,1945,792,1734,1509,1029,856,1684,727,1717,1702,1476,1386,1101,144,555,223,1332,1080,633,887
1846: 
982: 1848,1606,1804
1583: 1490,848,1074,546,1326,129,1912,1,625,915,1538,2019,1938,671,965,620,1382,870
984: 178,523
1818: 
986: 
987: 1070,1538,2019,1115,1938,671,1196,965,64,620,1171,1867,1382,870,1508,1074,129,1,915,168
1681: 
1306: 
990: 737,1584,117,91,1048,1250,293,287,1626,45,1050,150,561,107,2016
991: 1423,1711,62
992: 
993: 
994: 1900,1313
995: 155,1652
1783: 
1349: 
998: 1531
1460: 
1284: 
1384: 103,818,1980,101
1002: 1066,905,1473,845
1276: 
1322: 1705,283,1131,1618,305,847,1951,226,1715,1428,2008,917,322,447,99,709,1969,263,1266,661,1529,1621,527,401,1154,1910,1381
1005: 
1006: 
1007: 65,828,1633,1666,638,1095,723,2005,522,532,1852,1749,1878
1008: 4
1009: 
1749: 1878,1852,65,638,1007,1095,723,2005,532
1011: 1150,1828,276,1288,2006,73,1081,1698,1758,2007,1552,331,1886,249,257,466,1665,58,945,1334,972,808,817,1608,1687
1636: 1968,1220
1647: 1487,495,1287,1625,1995,521,2009,1395,1278,697,1976,1046,232,1943,1170
1290: 
1767: 86,1312,683,753
1740: 713
1017: 1142,1371,1648,756,337,40,1760,1739,1283,450,2004,695,1994,1327,1863,1076,456,176,1292,1700,190,1699
1459: 
1793: 
1587: 1493,759,1650,1356
1291: 
1022: 1188,670,1754,1427,297,1198,779,2015,231,255,1051,547,339,1173,777,1837,1679,494,1175,1209,338,1865
1023: 109,1303,1620,2011,2017,261,511,1119,1718,291,1632,703,609,1882,1795,544
1298: 1796,967,1654
1960: 757,1948
1026: 
1027: 1444,1693
1931: 
1029: 980,1169,615,481,1501,383,2010,1945,1734,1509,1476,144,223
1030: 1623,1732,415
1715: 283,1618,305,847,226,2008,917,681,99,709,1229,1969,263,1529,89,527,1580,1381,1322
1604: 319,56,810,1255,1257,1352,1915,1772,1855,485,173,2000,669,1671,133,814,751,882,298,2013,1569,119,1230,197,1555,1052,202,1935,1644
1350: 222,715
1034: 
1378: 867,1919
1036: 590,1311
1037: 614
1561: 
1436: 1469,2002,1735,778,387,1111,1663,1564,519,461,592,1887,634,747,752,1843,857,1771,1548,2003,1163,437,1780
1040: 585
1311: 590,1036
1957: 
2016: 1261,1166,150,561,107,66,737,990,1584,117,1222,1797,91,1048,1250,293,287,1626,45,1050,1543
1044: 850,97,385,1058,1393,1167,1294,550,1576,660,6,2014,1103,1146,654,1383,100
1970: 
1046: 1487,1647,495,1287,1625,1995,521,2009,1395,1278,697,1976,1296,232,1943,1170
1335: 1876,363
1048: 117,1222,1797,91,737,990,1584,1250,1626,45,1261,1166,150,561,107,66,2016
1049: 1155,3
1050: 1250,293,287,1626,45,1543,990,1584,561,107,2016
1051: 1188,670,1754,1427,297,1198,779,2015,231,255,547,1022,339,1173,777,1837,1679,494,1209,338
1052: 1451,1604,1255,1257,1352,1915,195,1772,360,1855,485,1483,173,2000,133,644,474,1680,882,298,2013,1569,119,1748,1230,1935
1053: 980,296,1169,615,458,481,350,1501,383,2010,1736,1945,792,1509,856,727,1717,1702,1476,1386,1101,555,887,1602
1054: 883
1055: 
1056: 
1582: 
1058: 687,707,1393,1167,1294,550,1576,660,6,478,1546,2014,1103,1146,1888,654,860,1918,1383,100,850,97,385,1044
1059: 1431,825,531,1213,135,639,1753,542,187,2018,597,1083,922,1149
1060: 935,400,1409,730
1061: 
1975: 
1063: 
1925: 
1065: 1808
1066: 1002,1158,1237,905,1473,845
1773: 160
1068: 1489,1246,540
1963: 
1070: 1538,987,2019,1115,1938,671,1196,965,64,620,1867,1382,870,915
1071: 1572,1934,1852,1390,1999,828,723,2005,522
1072: 
1725: 
1074: 1508,1490,848,1401,546,1326,129,1912,1140,1,915,1583,168,1538,987,2019,671,965,64,620,1171,1867,870
2018: 790,187,597,1083,922,1149,1431,825,531,1213,135,639,1753,958,542,1059
1076: 176,1292,1885,617,1700,1699,1017,1142,1371,337,40,1760,1283,2004,695,1863
1077: 563,252
1802: 244
1079: 379,1141
1080: 144,555,223,1332,633,887,446,1602,934,980,296,1169,458,383,2010,1945,792,1734,856,1684,727,1717,1476,1386,1101
1081: 1150,1828,276,1288,2006,73,1698,1758,2007,331,1886,249,257,1011,466,58,1334,972,817,1608,1687
1690: 
1083: 790,187,2018,597,922,1149,825,1059
1084: 
1517: 
1328: 767
1087: 787,552
1521: 
1089: 1988
1090: 
1091: 
1092: 
1795: 544,109,1303,1620,2011,2017,261,511,291,1023,1882
1094: 1838
1095: 65,828,1633,1666,638,1007,723,2005,522,532,1572,1934,1852,1390,1749,1878
1096: 56,810,1255,1352,1772,1483,2000,669,844,1671,133,814,1630,751,1680,1526,882,2013,798,14,197,1555,1935,1644
1097: 
1098: 913,565
1099: 
1961: 
1101: 980,296,1169,1053,458,2010,1736,792,856,1684,727,1717,1702,1476,1386,1080,887,446,1602,934
1514: 
1103: 1058,1393,1167,1294,550,660,6,1546,2014,1146,654,1383,100,850,385,1044
1104: 
1105: 1195,1983
1106: 
1107: 1400
1108: 
1548: 1469,2002,1735,387,1111,1564,519,461,634,747,752,830,1843,857,1771,2003,1436,1163,437,1780,694,323
1110: 1949
1111: 1469,1932,2002,1735,778,387,1663,1564,1763,519,461,592,299,1887,610,1872,634,600,747,752,1120,309,830,1843,857,1771,1548,1558,2003,1436,1163,437
1739: 1017,1142,1371,1648,756,337,40,1760,1283,450,2004,1994,1327,1863,1700,190,1699
1113: 
1538: 1070,987,2019,1115,671,1196,965,64,620,1171,1867,1382,870,1508,1490,848,1074,1401,546,1326,129,1140,1,915,1583,168
1115: 1070,1538,987,2019,671,1196,965,64,1171,1867,1382,870,1508,129,1140,168
1876: 1335,363
1564: 310,1469,1932,2002,1735,778,387,1111,1663,1763,519,461,592,299,1887,610,1872,634,600,898,747,752,1120,309,830,857,1771,1548,1558,2003,1944,1436,1163,174,437,1780,694,323
1118: 344
1119: 109,1303,2011,2017,261,511,1718,291,1632,1023,703,609,1882,544
1120: 310,1932,2002,1735,778,387,1111,1663,1564,1763,592,299,1887,610,1872,634,600,898,1771,2003
1307: 
1122: 
1123: 
1897: 
1125: 
1126: 1248
1127: 
1919: 1378,867
1951: 1705,283,1131,907,1618,305,847,1902,1600,226,1428,2008,917,322,99,315,1229,1465,154,1969,263,1266,661,1621,1482,286,401,1580,1154,1910,1381,1322
1309: 
1131: 1705,283,907,1618,305,847,1902,1600,1193,1951,226,451,1428,2008,917,322,447,99,315,1229,1465,1368,154,1969,263,1266,661,1621,1482,286,527,401,1154,1910,1381,1322
1607: 228,235
1372: 
1976: 1487,1281,1647,495,1287,1625,1995,521,1645,729,2009,1395,1278,697,1046,1296,232,1943
2015: 1188,670,1754,1427,297,1198,779,231,255,1051,547,1022,339,1173,777,1837,1679,494,1175,1209,338,1865
1646: 1964,42
1390: 1572,1934,1852,1071,1999,1878,65,828,1633,1666,638,1095,723,2005,522,532
1476: 980,296,1169,615,1053,481,350,1501,383,2010,1736,1945,792,1509,1029,856,727,1717,1702,1386,1101,144,555,223,1332,1080,633,446,1602
1139: 1844,666
1140: 1508,1490,848,1074,1401,546,129,1,915,168,1538,2019,1115,965,1171
1141: 379,1079
1142: 1017,1371,1648,337,40,1760,1739,1283,2004,695,1327,1863,1076,176,1885,1699
1444: 1027,1693
1780: 694,323,1469,2002,1735,1564,519,461,747,752,309,830,857,1548,2003,1436,1163,174,437
1437: 
1146: 687,1058,707,1393,1167,1294,550,660,6,2014,1103,654,100,850,385,1044
1147: 
1717: 980,296,1169,615,1053,458,481,1501,383,2010,1736,1945,792,1734,856,1684,727,1702,1476,1386,1101,144,555,223,1332,1080,633,887,446,1602,934
1149: 790,187,2018,597,1083,922,1431,825,639,1059
1150: 1828,1288,2006,73,1081,1698,1535,1758,2007,1552,331,257,1011,1665,58,1334,972,808,1826,1608,1367,1687
1386: 980,296,1169,615,1053,458,383,2010,1736,1945,792,856,1684,727,1717,1702,1476,1101,555,223,1332,1080,633,887,446,1602,934
1844: 1139,666
1659: 
1154: 1705,283,1131,907,1618,305,847,1902,1600,1193,1951,226,1428,2008,917,322,447,99,315,1229,1465,1969,263,1266,661,1621,1482,286,401,1910,1381,1322,469
1155: 1320,1049
1156: 
1157: 
1158: 1066,1237,1473,845
1159: 
1160: 
1393: 687,1058,1167,1294,550,660,6,478,1546,2014,1103,1146,654,860,1918,1383,100,850,1044
2005: 65,828,1633,1666,638,1007,1095,723,522,532,1999,1572,1934,1852,1071,1390,1749,1878
1163: 1469,1932,2002,1735,778,387,1111,1663,1564,461,1887,610,1872,634,747,752,309,830,857,1771,1548,2003,1944,1436,174,437,1780,694,323
1164: 106,911
1165: 657
1166: 1261,150,561,107,66,2016,737,1584,117,1797,91,1048,1626,45,1543
1167: 687,1058,1393,1294,550,660,6,1546,2014,1103,1146,654,860,1383,100,850,1044
1168: 
1169: 980,296,615,1053,458,481,1501,383,2010,1736,1945,792,1734,1509,1029,856,1684,727,1717,1702,1476,1386,1101,144,555,223,1332,1080,633,887,446,1602,934
1170: 1487,1647,495,1287,521,2009,697,1046,232,477,1638
1171: 1538,987,2019,1115,671,1196,965,64,1867,1508,1074,1401,129,1140,1,915,168
1698: 1150,1828,276,1288,2006,73,1081,1535,1758,2007,1552,331,1886,249,1011,466,58,945,1334,972,808,1826,817,1687
1173: 1188,670,1754,1427,1198,779,2015,255,1051,547,1022,777,1837,1679,1175,1209,338
1174: 351,712
1175: 1188,1754,297,1198,779,2015,231,255,547,1022,339,1173,1679,1209,338,1865
1872: 310,1469,1932,2002,1735,778,387,1111,1663,1564,1763,592,299,610,600,898,1120,309,1771,2003,1944,1163,174
1177: 96
1178: 1305,361
1943: 1487,1281,1647,495,1287,1995,521,1645,2009,1395,1278,697,1976,1046
1546: 687,1058,1393,1167,1294,550,6,478,2014,1103,654,860,1383
1181: 
1182: 529,1251,136,292,782,520,165
1183: 1862
1184: 
1185: 
1719: 
1187: 
1188: 670,1754,1427,1198,779,2015,231,255,1051,547,1022,339,1173,1837,1679,1175,1209
1727: 
1190: 132
1798: 
1192: 1227
1193: 1705,1131,907,1618,847,1902,1600,226,1428,2008,322,447,315,1266,661,286,401,1154,1910,469
1194: 1238,560,404,535,557,0,2001,39,172,701,900,312,642,1952,921,142,335
1195: 1105,1983
1196: 1070,1538,987,2019,1115,671,64,1171,1867,870,168
1197: 38,596
1198: 1188,670,1754,1427,2015,231,255,1051,547,1022,339,1173,1837,1679,494,1175
1199: 1706,1756
1200: 1722
1201: 
1202: 
1203: 
1204: 
1734: 980,1169,458,481,1501,383,2010,1945,792,1029,856,1684,1717,144,555,223,1080,633
1842: 
1544: 
1208: 1609,343
1209: 1188,779,2015,255,1051,547,1022,1173,1679,1175,338,1865
1210: 899,1612
1794: 1336,502
1769: 
1213: 1431,825,531,135,958,542,1059,187,2018,922
1952: 1194,1563,560,404,535,629,557,2001,674,39,172,316,701,900,312,1466,642,142,335
1804: 982
1216: 1339
1217: 
1218: 
1558: 310,1469,1932,2002,1735,778,1111,1564,1763,519,461,592,299,1887,610,898,752,309,830,857,2003,1944,174,323
1220: 1636,1968
1221: 1862,939
1222: 117,1797,91,1048,737,1584,107,66,2016
1516: 7,1628,8
1478: 579,139,1589,1277
1225: 1845,960,1239,1834,1854,2012,262,1379,284
1679: 1188,670,1754,1427,297,1198,779,2015,231,255,1051,547,1022,339,1173,777,1837,494,1175,1209,338,1865
1227: 1192,587
2013: 319,1451,1604,56,810,1255,1257,1352,1915,195,1772,360,1855,485,1483,173,2000,669,844,1671,133,814,644,474,1630,1096,751,1680,1526,1524,882,298,798,970,1569,1629,119,1748,1230,14,197,1555,1052,202,1935,1644
1229: 283,1131,1618,305,1600,1951,1715,1428,2008,917,99,709,315,1969,263,1529,1621,1482,89,1580,1154,1910,1381
1230: 1604,56,810,1255,1257,1352,1915,195,1772,1855,485,1483,173,2000,133,474,751,1680,882,298,2013,1569,119,1748,1555,1052,1935
1462: 876
1721: 
1233: 1254,1650,329
1234: 569
1914: 29,1766
1868: 
1237: 1066,1158,845
1238: 1194,1563,560,404,535,629,557,0,2001,674,39,172,316,701,900,312,642,921,142,335
1239: 1845,1225,205,960,1834,1492,1854,755,2012,317,262,1379,284
1936: 
1241: 1550
1297: 
1633: 65,828,1666,638,1007,1095,723,2005,522,532,1572,1934,1852,1390
1244: 715
1245: 102,806
1246: 1068,1489,540
1608: 1150,1828,276,1288,2006,73,1081,1758,2007,1886,257,1011,1665,58,972,808,1826,1687
1248: 1126
1249: 653,355
1250: 293,287,1626,45,1050,1543,737,990,1584,1048,150,561,107,2016
1251: 529,136,782,1182,520
1252: 1962
1253: 489,53,554
1254: 1233,1650,329
1255: 319,1451,1604,56,810,1257,1352,1915,195,1772,1855,485,1483,173,2000,669,844,1671,133,814,644,474,1630,1096,751,1680,1526,882,298,2013,798,970,1748,1230,14,197,1555,1052,202,1935,1644
1256: 
1257: 319,1604,56,810,1255,1352,1915,195,1772,360,1855,485,1483,173,2000,669,133,814,644,474,1630,751,1524,882,298,2013,1569,119,1748,1230,197,1555,1052,202,1935
1666: 65,828,1633,638,1007,1095,723,2005,522,532,1572,1852,1390,1878