0: 629,2001,1238,921,560,1194,1466,335,39,674
1: 987,1171,1583,1070,915,2019,129,1115,1912,835,671,1938,1074,848,965,1867,1401,1326,444,625,403
1946: 70,955,1412
3: 90,47,1499,1505,978
4: 
5: 1290,1248
6: 
7: 
8: 
9: 939,1997,1841
1461: 
1617: 
12: 125
13: 1515,89,805,393,736,1427,1823
14: 119,133,1526,1052,1255,56,882,1555,996,810,644,202,474,1451,844,1569,2000,195,751,1604,916,1680,1483,2013,1772,970,1644,1257,1230,1915,360,669,1629,1671,814,173,1630,1935
15: 
2007: 817,1758,1535,2006,1826,1150,1035,249,1698,1828,58,466,1552,1665,1011,945,73,972,808,257,1334,1687,331,276,1886
17: 
18: 273,1891,1141
1496: 455
20: 101,1055
21: 
1826: 817,2006,2007,1698,1828,58,466,1552,1665,1011,945,73,972,808,1334,1687,331,276
1487: 1046,1976,2009,1287,1170,729,697,1625,1278,1281,1296,1395,521,1943
1611: 
25: 1027,1550,1488
26: 1237
1995: 1046,2009,1287,495,1645,1647,1638,1170,729,697,1625,1278,1281,1296,1395,521,477,1943
1493: 1779,767,1097,589,1965,203,106,1519,862,1587
29: 
1577: 84
1853: 
1994: 456,176,1648,1142,2004,1700,1961,1760,1739,1017,1863,695,617
33: 806,886
34: 690,1272
1689: 300,189
36: 
37: 
38: 
39: 629,2001,1238,921,560,1194,557,1466,335,312,0,404,674,172,1952,316,900,1563
40: 337,756,1885,1699,1327,2004,1700,1283,190,1739,450,1682,1987
41: 
42: 
43: 1745
44: 
45: 91,287,1250,2016,1584,117,1261,1797,561,1222,1626,1543,107,1050,150
1989: 
47: 3,90,1499,1505,978
1465: 1368,681,1428,1229,527,661,322,1381,305,2008,1322,226,451,401,1951,1969,154,1618,1482,1193,1715,1266
1441: 
50: 
2017: 1718,609,261,1119,1620,1303,2011,1882,1632,109,1023,544,1795,291,703,511
52: 924
53: 
1426: 311,1157,234
55: 
56: 1526,1052,1255,882,1555,996,810,644,202,474,1569,2000,195,14,916,1680,2013,970,1257,1230,360,1855,669,1629,1671,1935
57: 353,1346
58: 817,1758,1535,2006,1826,1150,1035,2007,1698,1828,466,1552,1665,1011,945,73,972,808,257,1334,1687,331,276,1886
59: 
1703: 1306,1683,1595
61: 
62: 572,869,612
1688: 
64: 
65: 2005,1390,1666,1007,638,1878,1934,723,1071,1095,1852,522,492,1572
66: 91,287,1250,2016,1584,117,1261,1797,561,1222,1626,1166,1048,1050,737,150
1832: 1970,974
68: 1949
1898: 1693,1479,183,1384,1733,1098
70: 955,1946,471
1896: 
1618: 681,1229,527,661,322,1381,1621,305,2008,1322,1271,1154,263,451,401,1131,1951,1705,1910,1969,154,1580,1902,447,1482,1193,1715,1368,1465
73: 817,1758,1535,2006,1826,2007,1698,1828,58,466,1552,1665,945,808,1334,1687,331,276,1886
1728: 1305,1982,1054,706
1848: 
2010: 727,1509,1684,223,1053,1101,156,446,1717,934,1945,1602,296,1386,615,792,1702,1476,350,1332,383,856,1736,1734,1025,458
1634: 
1680: 1526,1052,1255,56,882,1555,996,810,644,474,1569,2000,195,751,1604,14,916,1483,2013,1772,970,1644,1257,1230,360,669,1629,1671,173,1935
1737: 
1508: 987,1171,1583,1070,2019,546,1115,1912,835,1938,1074,870,848,965,1326,168,1196
81: 1197,1323,554
1981: 
83: 1392
84: 1577
1866: 891,1901,1984,1288
86: 
87: 
88: 1344
89: 1515,805,393,13,736
90: 3,47,1499,1505,978
91: 66,287,1250,2016,45,1584,117,1261,1797,561,1222,1543,107,1166,1048,1050,737
92: 
93: 
94: 
1743: 
96: 
97: 707,654,1546,2014,1044,1146,550,1383,687,100,1888,860,1058,660
1683: 1703,1306,1595,1221,698
99: 681,1428,1229,527,322,1381,305,286,2008,1322,226,1154,1529,1600,1705,1910,154,1580,1902,447,315,1482,1715,1266,1368
100: 707,654,1546,2014,478,1044,1146,850,550,1383,687,1099,1167,1888,1294,860,385,1058,660,97
101: 20,1055
102: 683
103: 1302,1607,582,180
104: 1385,1801
1841: 9,939,1997
106: 1779,767,1097,589,1965,203,1493,1519,862,1587
107: 1166,1050,737,150,91,287,1250,2016,45,1797,561,1222,1626,1543
1623: 256
109: 1718,609,261,1119,1620,1303,2011,1882,1632,1023,544,2017,1795,291,703,511
110: 
1589: 
112: 1056
1614: 
114: 
1585: 1304,1319,1204,596,333
116: 
117: 91,66,287,1250,2016,45,1584,1261,1797,561,1222,1050
118: 221,1125
119: 133,1526,1052,1255,882,1555,996,810,644,202,474,1451,844,1569,2000,195,751,1604,14,1483,2013,298,970,1644,1257,1230,360,814,173,1630
1656: 
1821: 
122: 1725
123: 
1886: 331,276,817,1758,2006,249,2007,1698,58,1665,1011,945,73,257,1334
125: 12
1693: 1479,1898,183,1384,1733
1543: 91,287,1250,2016,45,1584,1261,1797,561,1222,1626,107,1166,1050,150
128: 
129: 1171,1070,915,2019,1912,1,671,1938,870,848,965,1401,444,403
1867: 987,1171,1583,1070,915,2019,546,1115,1912,1,835,1938,965,1401,1326,444,168,625,403
131: 
132: 
133: 119,1526,1052,1255,1555,996,810,644,202,474,1451,844,1569,2000,195,751,1604,14,1483,2013,970,1644,1230,360,814,173,1630,1935
134: 254
135: 
136: 422
137: 410,908
138: 
139: 
1856: 
141: 551
142: 1952,701,316,900,1563,2001,557,312,172
143: 1651,1320,1673
144: 
1481: 1249,1980,355,1948
146: 
147: 1817,209,636
148: 1640
149: 
150: 107,1166,1048,1050,737,66,287,1250,2016,45,1797,561,1222,1626,1543
151: 
152: 
153: 
154: 681,1428,1229,527,661,322,1381,1621,305,99,2008,1322,1271,226,1154,451,401,1131,1529,1951,1600,1705,1910,1969,1580,1902,1618,447,315,1482,1193,1715,1266,1368,1465
155: 
156: 1509,1684,223,1053,1101,446,2010,934,296,1386,615,1025
157: 326
158: 
159: 1983
160: 591,944,170
1704: 
1895: 1764,1156,1732,439
163: 
1529: 681,1428,1229,527,661,1381,305,99,2008,1322,1271,226,1705,154,1902,447,315,1482,1266,1368
165: 307
1824: 1825
1813: 
168: 444,625,403,987,1583,1070,2019,546,1912,1508,671,1938,965,1867,1401,1326
169: 352
170: 591,160,944
1764: 1895,1156,1732,439
172: 629,2001,1238,921,560,557,39,312,404,1952,142,701,316,900,1563
173: 1483,2013,1772,970,1644,1230,1915,360,485,669,1629,1671,814,1630,1935,119,133,1255,1555,810,644,2000,195,751,1604,14,1680
174: 694,2003,830,461,884,519,1663,2002,634,1469,1735,1120,299,898,1780,1771,752,610,310,1843,309,1887,1944,437,747,592,1436,1111,600,323,1932,1163,1763,1558,387,1548,778
175: 
176: 456,1648,1994,1142,756,1699,2004,1700,1961,1760,1739,1017,1863,695,617,1076
1787: 
178: 
179: 
180: 1302,103,1607,582
181: 914
1901: 891,1866,1984,1288
183: 303,1693,1479,1898,1384,1733,1098
184: 1002,713
1612: 1642,1105,899
1702: 792,350,1332,383,856,1101,1717,2010,1945
187: 1753,542,1083,2018,958,1431,597,639
1932: 1436,1111,600,323,1163,1763,1558,387,1548,778,1887,1944,437,747,1564,694,2003,830,519,1663,2002,174,1469,1735,1120,299,1780,1771,752,610,310,1843,309
189: 300,1689
190: 337,1885,1327,2004,1283,1961,1292,450,1682,1987,40,1863,695
1865: 1022,779,2015,297,1209,777,1839,255,1188,1173
2000: 119,133,1526,1052,1255,56,882,1555,996,810,644,202,474,1451,844,1569,195,751,1604,14,916,1096,1680,1483,2013,298,1772,1352,970,1644,1257,1230,1915,360,1855,485,669,1629,1671,814,173,1630,1935
193: 
194: 1533,885,1029
195: 119,133,1526,1052,1255,56,882,1555,996,810,644,202,474,1451,844,1569,2000,751,1604,14,1680,2013,970,1644,1230,360,1671,173,1630,1935
1601: 1592
197: 
1619: 1217
1791: 
1621: 681,1229,527,661,322,286,2008,1322,1271,1154,263,451,401,1131,1951,1910,1969,154,1580,1902,1618,447,315,1193,1715
201: 
202: 119,133,1526,1052,1255,56,882,996,810,644,474,1451,844,1569,2000,195,751,1604,14,916,2013,970,1644,1257,1230,1630
203: 1779,767,1097,1965,106,1493,1519,862,1587
204: 
205: 262,1845,2012,960,1225,284,1239,1854,1834
1657: 1842,571
207: 707,654,1546,2014,1576,478,1146,850,550,687,1099,1167,1888,1294,860,385,1058,660,1393
2001: 629,1238,921,560,1194,557,1466,335,39,312,0,404,674,172,1952,142,701,316,900,1563
209: 1817,147,636
1580: 681,1229,527,661,322,1381,1621,305,99,286,2008,1322,1271,226,1154,263,451,401,1131,1951,1705,1910,1969,154,1902,1618,447,315,1193
211: 
212: 1450
213: 1960,1316,1066
2002: 694,2003,830,461,884,519,1663,174,634,1469,1735,1120,299,898,1780,857,1771,752,610,310,1843,309,1887,1944,437,747,1564,592,1436,1111,600,323,1932,1163,1763,1558,387,1548,778
215: 
1592: 1601
1944: 1887,437,747,1564,2003,519,1663,2002,174,1469,1735,1120,299,898,1771,752,610,310,1843,309,1436,1111,323,1932,1163,1763,387,1548,778
1772: 1483,2013,1352,970,1644,1230,1915,360,1855,485,669,1629,1671,814,173,1630,1935,1255,1555,810,644,2000,751,1604,14,1680
219: 
1520: 1836
221: 1125,118
222: 1818,626
223: 727,1509,1684,1053,156,446,2010,934,296,1386,615,1025,458
1827: 867,1328
1771: 694,2003,830,461,884,519,1663,2002,174,634,1469,1735,1120,299,898,1780,857,752,610,310,1843,309,1887,1944,437,747,1564,1436,1111,323,1932,1163,1763,387,1548,778
226: 681,1428,1229,527,661,322,1381,305,99,286,2008,1322,1154,451,1131,1529,1951,1600,1705,1910,1969,154,1580,1902,447,315,1482,1715,1266,1368,1465
1984: 891,1901,1866,1288
228: 533,612
229: 
1980: 1249,1481,355,1948
231: 277,702
232: 
1724: 
234: 311,1157,1426
235: 1909,1359
236: 
1877: 633
1504: 984,240
239: 760
240: 984,1504
241: 
1639: 
243: 
244: 1551
1756: 
246: 
247: 
1921: 
249: 817,1758,1535,2006,1150,1035,2007,466,1665,1011,945,972,257,1334,1886
1934: 535,2005,828,1390,1666,1007,638,1878,723,1071,1095,1852,65,1485,465,522,492,1572,1999
251: 
252: 
1938: 987,1171,1583,1070,915,2019,129,546,1115,1912,1,835,1508,671,1074,870,848,965,1867,1401,1326,444,168,625,403
254: 134
255: 1198,1380,1022,547,779,670,1754,1865,2015,339,1209,777,1839,1391,1188,338
256: 1420,1623
257: 817,1758,1535,2006,1150,1035,249,2007,1698,58,466,1665,1011,945,972,1334,331,1886
1949: 68
259: 1531,1727
260: 388,1315
261: 1718,609,1119,1620,1303,2011,1882,1632,109,1023,544,2017,1795,291,703
262: 1845,205,317,755,2012,960,1225,284,1239,1854,1834
263: 681,322,1621,286,2008,1322,1271,1154,451,1131,1600,1910,1580,1902,1618,447,315
264: 1831,1802
265: 
266: 
1891: 273,1141,18
268: 827
269: 
1880: 
2019: 987,1171,1583,1070,915,129,546,1115,1912,1,835,1508,671,1938,1074,870,848,965,1867,1401,1326,444,168,625,403,1538,1196
272: 
273: 1891,1141,18
274: 
275: 621,569
276: 331,1886,817,2006,1826,2007,1698,1828,58,466,1552,1665,1011,945,73,808,1334,1687
277: 702,231
278: 
279: 1065
1918: 
1501: 
1606: 839
283: 709
284: 262,1845,205,317,2012,960,1225,1239,1854,1834
1632: 1718,609,261,1119,1620,1303,2011,1882,109,1023,544,2017,1795,703
286: 681,1229,322,1621,99,2008,226,1154,263,451,1131,1600,1910,1580,1902,447,315
287: 91,66,1250,2016,45,1584,117,1261,1797,561,1222,1626,1543,107,1166,1048,1050,737,150
288: 858,1775,1643,1253
1935: 1483,2013,1772,970,1644,1230,1915,360,669,1629,1671,173,1630,133,1052,1255,56,1555,996,810,644,2000,195,751,1604,14,1680
1629: 1483,2013,298,1772,1352,970,1644,1257,1230,1915,360,1855,485,669,1671,814,173,1630,1935,1255,56,810,644,1569,2000,14,916,1680
291: 1718,609,261,1119,1620,1303,2011,1882,109,1023,544,2017,1795,703,511
292: 883,876,1730,1590,977
293: 
1910: 681,1428,1229,527,322,1381,1621,99,286,2008,1322,226,1154,263,451,1131,1951,1600,1969,154,1580,1902,1618,447,315,1715,1266
1652: 
296: 727,1509,1684,223,1053,1101,156,446,1717,2010,934,1945,1602,1386,615,1332,1736,1734,1025
297: 1865,2015,777,1839,1188,1173
298: 1483,2013,1352,970,1644,1257,360,1855,485,669,1629,1671,814,1630,119,1526,1255,810,644,844,1569,2000,916,1096
299: 694,2003,461,519,2002,174,634,1469,1735,1120,898,1780,857,1771,752,610,310,1843,309,1887,1944,437,747,1932
300: 189,1689
301: 
302: 
303: 1479,183,1384,1733,1098
304: 
305: 1428,1229,527,661,322,1381,99,2008,1322,1271,226,401,1529,1705,1969,154,1580,1902,1618,447,315,1482,1193,1368,1465
1635: 
307: 165
1527: 
309: 2003,461,884,519,1663,2002,174,634,1469,1735,299,898,857,1771,610,310,1843,1887,1944,437,747,1564,1932,1163,778
310: 694,2003,830,461,884,519,1663,2002,174,634,1469,1735,1120,299,898,1780,1771,752,610,1843,309,1887,1944,437,747,1564,1436,1111,600,323,1932,1163,1763,1558,387,1548,778
311: 1157,1426,234
312: 629,2001,1238,921,560,557,1466,39,404,674,172,1952,142,701,316,900,1563
1990: 
314: 1889
315: 681,1428,1229,527,322,1381,1621,305,99,286,2008,1322,1271,226,1154,263,1131,1529,1600,1705,1910,154,1580,1902,447,1482,1715,1266
316: 1952,142,701,900,1563,629,2001,1238,921,560,557,335,39,312,404,674,172
317: 262,1845,755,2012,960,1225,284,1239,1854
318: 
319: 
320: 
1482: 681,1428,1229,527,661,322,1381,305,99,2008,1322,1271,226,401,1529,1705,1969,154,1902,1618,315,1193,1715,1266,1368,1465
322: 681,1428,1229,527,661,1381,1621,305,99,286,2008,1322,1271,226,1154,263,451,401,1131,1951,1600,1705,1910,1969,154,1580,1902,1618,447,315,1482,1193,1715,1266,1368,1465
323: 592,1436,1111,600,1932,1163,1763,1558,387,1548,778,1887,1944,694,2003,830,519,2002,174,1120,1780,1771,752,610,310
1732: 439,1659,1764,1895,1156,1030
325: 
326: 157
1625: 1046,1976,2009,1287,495,1995,1170,1487,697,1278,1281,1943
328: 
329: 581,1650
1751: 
331: 276,1886,817,1758,2006,1826,2007,1698,58,466,1665,1011,945,73,808,257,1334,1687
1825: 1824
333: 1304,1319,1204,596,1585
1733: 303,1693,1479,1898,183,1384,1098
335: 629,2001,1238,921,1194,557,1466,39,0,674,316,1563
1862: 
337: 1142,1885,1699,1327,2004,1700,1283,1961,190,1292,1739,1017,450,1682,1987,40,1863,695
338: 1173,494,1198,1022,547,779,1754,1175,2015,339,1837,1839,255,1391,1188
339: 1198,1380,1022,547,779,670,1754,1175,2015,1209,1837,255,1391,338
340: 1942,1847,1513
1454: 
342: 1103,1546,2014,1576,1044,1146,1383,1167,1888,1294,1058,660,1393
343: 1781,1722
344: 
345: 
346: 
347: 1256,603
1609: 791
1726: 1197,1323
350: 792,1702,1476,1332,383,856,1101,1717,2010,1945,1602
351: 836,969
352: 169
353: 1346,57
354: 502,1460
355: 1948,1249,1481,1980
1735: 694,2003,830,461,884,519,1663,2002,174,634,1469,1120,299,898,1780,857,1771,752,610,310,1843,309,1887,1944,437,747,1564,1932,1763,1548
1584: 91,66,287,1250,2016,45,117,1261,1797,561,1222,1626,1543
1468: 630
359: 
360: 1483,2013,298,1772,1352,970,1644,1257,1230,1915,1855,485,669,1629,1671,814,173,1630,1935,119,133,1526,1052,1255,56,882,1555,810,644,1569,2000,195,751,14,916,1680
361: 
1974: 
363: 
1854: 262,1845,205,317,2012,960,1225,284,1239,1834
1667: 
366: 
1860: 
368: 1477
369: 1691
1755: 
1631: 
1796: 
373: 
1531: 259,1727
1439: 
1524: 
377: 
378: 
379: 
1828: 817,1758,1535,2006,1826,1150,1035,2007,1698,58,466,1552,1665,73,972,808,1334,1687,276
1964: 
382: 641,782
383: 792,1702,1476,350,1332,856,1717,2010,1945
1602: 727,1509,1684,1053,1101,446,1717,2010,934,1945,296,1386,615,792,1476,350,1332,856,1736,1734,1025,458
385: 707,654,1546,2014,1576,478,1146,850,550,207,687,100,1099,1167,1294,1058
386: 
387: 592,1436,1111,600,323,1932,1163,1763,1558,1548,778,1944,694,2003,830,884,519,1663,2002,174,1469,1780,1771,752,610,310
388: 260,1315
389: 
390: 
391: 
1836: 1520
393: 1515,89,805,13,1427,1823
1423: 
395: 1773,656
396: 668
397: 1097,1251,1448,1519
1845: 262,205,317,755,2012,960,1225,284,1239,1854,1834
399: 
400: 
401: 1229,527,661,322,1381,1621,305,2008,1322,1271,1951,1705,1969,154,1580,1902,1618,1482,1193,1368,1465
1519: 1779,767,1097,1251,1448,589,203,397,106,1493,862
403: 444,168,625,1171,1583,1070,915,2019,129,1115,1,671,1938,965,1867,1401,1326
404: 629,2001,1238,921,560,557,1466,39,312,172,1952,701,316
1579: 
406: 652
1677: 
1700: 1142,337,756,1699,1327,2004,1283,1961,1760,1292,1739,1017,450,1987,40,1863,695,617,1076,456,176,1648,1994
1712: 
410: 908,137
1969: 681,1428,1229,527,661,322,1381,1621,305,2008,1322,1271,226,1154,451,401,1131,1951,1910,154,1580,1902,1618,1482,1193,1715,1266,1368,1465
412: 1106,841,623,580,1711
1654: 1185,1897
414: 
415: 1437,964
416: 
417: 
1526: 119,133,1052,1255,56,882,996,810,644,202,474,1451,844,1569,2000,195,751,14,916,1096,1680,2013,298,970,1644,1257,1230,360,1671,1630
419: 
420: 1108
1840: 1581,1084,489
422: 136
1992: 1557,1335,815
424: 
1649: 
426: 
427: 
1581: 1084,1840,489
1988: 1298
430: 
1705: 1229,527,661,322,1381,305,99,2008,1322,1271,226,1154,401,1529,154,1580,1902,1618,447,315,1482,1193
432: 
1642: 1612,1105,899
1551: 244
1547: 
436: 
437: 1887,1944,747,1564,2003,461,519,1663,2002,174,634,1469,1735,1120,299,898,1780,857,1771,610,310,1843,309,1436,1932,1163,1763,778
438: 
439: 1732,1659,942,1764,1895,1156,1030
440: 
441: 982
1644: 1483,2013,298,1772,970,1257,1230,1915,360,1855,485,669,1629,1671,814,173,1630,1935,119,133,1526,1255,1555,810,644,202,474,844,1569,2000,195,751,1604,14,916,1680
1839: 1198,1380,1022,547,779,1754,1175,1865,2015,297,1209,777,255,1391,1188,1173,494,338
444: 168,625,403,1171,1583,1070,915,2019,129,546,1912,1,671,1938,965,1867,1401,1326
1878: 535,2005,828,1390,1666,1007,638,1934,1633,723,532,1838,1071,1095,1852,65,522,492,1572,1999
446: 727,1509,1684,223,1053,156,2010,934,1945,1602,296,1386,615,1736,1025,458
447: 681,1428,1229,527,322,1381,1621,305,99,286,2008,1322,1271,226,1154,263,451,1131,1529,1600,1705,1910,154,1580,1902,1618,315
1697: 
449: 
450: 337,756,1885,1699,1327,2004,1700,1283,1961,190,1760,1292,1739,1017,1987,40,1863,695,1076,456,1648
451: 681,1229,661,322,1621,286,2008,1322,226,1154,263,1131,1951,1600,1910,1969,154,1580,1902,1618,447,1193,1715,1465
1834: 262,1845,205,2012,1225,284,1854
453: 
454: 585,1603
455: 1496
456: 176,1648,1994,1142,1699,2004,1700,1760,1292,1739,1017,450,1863,695,617,1076
457: 735
458: 1736,1734,1025,792,1476,856,727,1509,1684,223,1053,446,2010,934,1945,1602,1386,615
459: 
460: 911,1164,529
461: 694,2003,884,519,2002,174,634,1469,1735,1120,299,898,1780,857,1771,752,610,310,1843,309,437,747
462: 
1665: 817,1758,1535,2006,1826,1150,1035,249,2007,1698,1828,58,466,1552,1011,945,73,972,808,257,1334,331,276,1886
464: 1139
465: 1485,522,1999,1749,2005,828,1007,1934,1071,1095,1852
466: 817,1758,1535,2006,1826,1150,1035,249,2007,1698,1828,58,1552,1665,945,73,972,808,257,1334,331,276
1428: 681,1229,527,661,322,1381,305,99,2008,1322,226,1529,1600,1910,1969,154,1902,447,315,1482,1715,1266,1368,1465
1748: 
469: 1248,1515,1427
1676: 
471: 70
1452: 1462
1630: 1483,2013,298,1772,970,1644,1257,1230,1915,360,1855,485,669,1629,814,173,1935,119,133,1526,1255,1555,810,644,202,844,1569,2000,195,751,1604,14
474: 119,133,1526,1052,1255,56,882,996,810,644,202,1451,844,1569,2000,195,14,916,1680,2013,970,1644,1257,1230,1671
475: 
1837: 1198,1380,1022,547,670,1754,1175,2015,339,1391,338
477: 1296,1395,521,1943,1046,2009,1287,1995,1645,1647,1638,1170,729,1278,1281
478: 654,1546,2014,1576,1044,1146,850,550,207,687,100,1099,1167,1294,385,1058,1393
479: 1269
1763: 1436,1111,323,1932,1163,1558,387,1548,778,1887,1944,437,1564,2003,519,1663,2002,174,1735,1771,610,310
481: 
1801: 104
1885: 337,1699,1327,2004,1283,190,1292,1739,450,1682,1987,40,695
1942: 340,1847,1513
485: 1483,2013,298,1772,1352,970,1644,1257,1230,1915,360,1855,669,1629,1671,814,173,1630,810,644,2000,751
486: 
1664: 1330
488: 1978,1646,659
489: 1581,1084,1840
1857: 1089,1968,846,1411
491: 
492: 522,1572,1999,1749,2005,1390,1666,638,1878,1934,1633,532,1071,1095,65
493: 
494: 1173,338,1022,779,1175,2015,1839,1391,1188
495: 1046,1976,2009,1287,1995,1645,1647,1638,1170,729,697,1625,1278,1281
496: 1190,1331
1761: 
498: 
499: 
1770: 
501: 1706
502: 354,1460
1948: 355,1249,1481,1980
1574: 1721,845
1999: 1485,465,522,492,1572,1749,2005,828,1007,1878,1934,1633,532,1071,1095,1852
506: 
507: 730
508: 
509: 
510: 
511: 703,1718,609,1119,2011,1882,109,1023,544,2017,1795,291
512: 771
513: 1906
514: 
515: 
1699: 1142,337,756,1885,1327,2004,1700,1283,1760,1292,1739,1017,450,1987,40,1863,695,1076,456,176,1648
517: 
1505: 3,90,47,1499,978
519: 694,2003,830,461,884,1663,2002,174,634,1469,1735,1120,299,898,1780,857,1771,752,610,310,1843,309,1887,1944,437,747,1436,1111,600,323,1932,1163,1763,387,1548,778
520: 
521: 1296,1395,477,1943,1046,2009,1287,1995,1170,1487,729,697,1278,1281
522: 1485,465,492,1572,1999,1749,2005,828,1007,1878,1934,1633,1071,1095,1852,65
523: 
524: 
1831: 1802,264
526: 
527: 681,1428,1229,661,322,1381,1621,305,99,2008,1322,1271,226,1154,401,1529,1951,1705,1910,1969,154,1580,1902,1618,447,315,1482,1193,1715,1266,1368,1465
1855: 1483,2013,298,1772,1352,970,1644,1257,1230,360,485,669,1629,1671,814,1630,1255,56,810,644,844,1569,2000,916,1096
529: 911,460
1809: 
531: 1149,790,1059,1753,542,1083,2018,958,1431,825,1213,597,922,639
532: 535,2005,828,1390,1666,1007,638,1878,1633,723,1838,1071,1095,1852,492,1572,1999
533: 869,612,228
534: 
535: 2005,828,1666,1007,1878,1934,1633,723,532,1838,1071,1095,1852,1485
536: 
1420: 256
538: 
539: 578,781
540: 
541: 1353
542: 1149,790,1753,531,1083,2018,958,187,1431,1213,597,922,639
543: 1317
544: 1718,609,261,1119,1303,2011,1882,1632,109,1023,2017,1795,291,703,511
545: 
546: 987,1171,1583,1070,2019,1115,1912,835,1508,1938,1074,870,965,1867,1326,444,168,625,1196
547: 1198,1380,1022,779,670,1754,1175,2015,339,1209,1837,1839,255,1391,338
548: 
549: 
550: 707,654,1546,2014,1576,478,1146,850,1383,207,687,100,1099,1167,1888,1294,860,385,1058,660,97
551: 141
552: 
1812: 
554: 81,1197,1323
555: 
556: 
557: 629,2001,1238,921,560,1466,335,39,312,404,674,172,1952,142,701,316,900,1563
1906: 513
1991: 565
560: 629,2001,1238,921,557,1466,39,312,0,404,674,172,1952,701,316,900,1563
561: 91,66,287,1250,2016,45,1584,117,1261,1797,1222,1626,1543,107,1166,1048,1050,737,150
2006: 817,1758,1535,1826,1150,1035,249,2007,1698,1828,58,466,1552,1665,1011,945,73,972,808,257,1334,1687,331,276,1886
563: 888
1600: 681,1428,1229,322,99,286,2008,1322,226,1154,263,451,1131,1910,154,1902,447,315,1715,1266
565: 1991
1673: 1651,143,1320
567: 
1557: 1992,1335,815
569: 621,275
570: 
571: 1657
572: 62,869
573: 1155
574: 
575: 
1586: 
1904: 785,951
578: 539
579: 
580: 1711,412,1106,841,623
581: 1650,329
582: 1302,103,1607,180
1744: 
584: 
585: 1603,454
1760: 1142,1699,1327,2004,1700,1283,1961,1292,1739,1017,450,1863,695,617,1076,456,176,1648,1994
587: 1514
1968: 1089,1857,846,1411
589: 1779,767,1097,1251,1448,1965,106,1493,1519
590: 1784
591: 160,944,170
592: 1436,600,323,1163,1558,387,1548,778,694,2003,830,884,2002,174
593: 
1962: 
1766: 
596: 1304,1319,1204,333,1585
597: 1149,790,1059,1753,542,531,1083,2018,958,187,1431,825,1213,922,639
598: 
1515: 89,393,13,1427,469
600: 592,1436,1111,323,1932,1558,387,1548,778,694,2003,830,884,519,2002,174,1120,1780,752,610,310
1653: 1091
602: 
603: 1256,347
604: 1378
605: 
606: 837,1566,1900,1259
1670: 
1747: 
609: 261,1119,1620,1303,2011,1882,1632,109,1023,544,2017,291,703,511
610: 694,2003,830,461,884,519,1663,2002,174,634,1469,1735,1120,299,898,1780,1771,752,310,1843,309,1887,1944,437,747,1564,1436,1111,600,323,1932,1163,1763,1558,387,1548,778
611: 
612: 533,869,228,62
1800: 
614: 1575,1723
615: 727,1509,1684,223,1053,1101,156,446,1717,2010,934,1945,1602,296,1386,792,1476,1332,856,1736,1734,1025,458
1479: 303,1693,1898,183,1384,1733,1098
617: 1142,2004,1700,1283,1961,1760,1292,1739,1017,1863,695,1076,456,176,1648,1994
618: 
619: 943
620: 
621: 275,569
622: 
623: 412,841,580,1711
1464: 
625: 444,168,403,987,1171,1583,1070,915,2019,546,1115,1912,1,835,1938,965,1867,1401,1326
626: 1818,222
1722: 1781,343
628: 
629: 2001,1238,921,560,1194,557,1466,335,39,312,0,404,674,172,1952,701,316,900,1563
630: 1468
1471: 
1708: 
633: 1877
634: 694,2003,830,461,884,519,1663,2002,174,1469,1735,1120,299,898,1780,857,1771,752,610,310,1843,309,437,747,1548,778
635: 1804
636: 1817,209,147
1509: 727,1684,223,1053,1101,156,446,1717,2010,934,1945,1602,296,1386,615,1332,1025,458
638: 2005,1390,1666,1007,1878,1934,1633,723,532,1838,1071,1095,65,492,1572
639: 1149,790,1753,542,531,1083,2018,958,187,1431,1213,597,922
640: 
641: 782,382
642: 931,917
1522: 
644: 119,133,1526,1052,1255,56,882,1555,996,810,202,474,1451,844,1569,2000,195,751,1604,14,916,1096,1680,1483,2013,298,1772,970,1644,1257,1230,1915,360,1855,485,669,1629,1671,814,173,1630,1935
1806: 
646: 
647: 
1603: 585,454
649: 
1745: 43
651: 1541
652: 406
653: 
654: 707,1546,2014,478,1146,850,550,1383,207,687,100,1099,1167,1294,385,1058,97
655: 
656: 1773,395
657: 1402,1876,1201
658: 
659: 488,1646
660: 707,1546,2014,1576,1044,1146,550,1383,207,687,100,1167,1888,1294,860,1058,97,1393,1103,342
661: 681,1428,1229,527,322,1381,1621,305,2008,1322,1271,226,451,401,1529,1951,1705,1969,154,1580,1902,1618,1482,1193,1715,1266,1368,1465
662: 
663: 
664: 
665: 
666: 775,1290,1248
1599: 
668: 396
669: 1483,2013,298,1772,1352,970,1644,1257,1230,1915,360,1855,485,1629,1671,814,173,1630,1935,1255,56,1555,810,644,2000,751,14,1680
670: 1198,1380,1022,547,1754,1175,2015,339,1209,1837,255
671: 1171,1070,915,2019,129,1912,1,1938,965,1401,1326,444,168,403
1472: 
1687: 817,2006,1826,2007,1698,1828,58,1552,73,808,1334,331,276
674: 629,2001,1238,921,560,557,1466,335,39,312,0,1952,316,900,1563
1672: 
676: 1181
1882: 1718,609,261,1620,1303,2011,1632,109,1023,544,2017,1795,291,703,511
1663: 694,2003,884,519,2002,174,634,1469,1735,898,1771,610,310,1843,309,1887,1944,437,747,1564,1436,1111,1932,1163,1763,387,1548,778
1477: 368
680: 
681: 1428,1229,527,661,322,1381,1621,99,286,2008,1322,226,1154,263,451,1131,1529,1951,1600,1910,1969,154,1580,1902,1618,447,315,1482,1193,1715,1266,1368,1465
1810: 1517
683: 102
1983: 159
1711: 580,412,1106,841,623
686: 1922,1006
687: 707,654,1546,2014,478,1146,550,1383,207,100,1099,1167,1294,860,385,1058,660,97
1643: 858,288,1775,1253
689: 
690: 1272,34
1965: 1779,767,1097,1448,589,203,106,1493
692: 1970
1993: 
694: 2003,830,461,884,519,1663,2002,174,634,1469,1735,1120,299,898,1780,857,1771,752,610,310,1843,592,600,323,1932,1163,1558,387,1548,778
695: 1142,337,756,1885,1699,1327,2004,1700,1283,1961,190,1760,1292,1739,1017,450,1987,1863,617,1076,456,176,1648,1994
696: 
697: 1046,1976,2009,1287,495,1995,1645,1647,1638,1170,1487,729,1625,1278,1281,1395,521,1943
698: 1595,1221,1306,1683
699: 1147
700: 
701: 1952,142,316,900,1563,629,2001,921,560,557,312,404,172
702: 277,231
703: 511,1718,609,261,1119,1303,2011,1882,1632,109,1023,544,2017,1795,291
1883: 998
1971: 
706: 1728
707: 654,1546,2014,1146,550,1383,207,687,100,1099,1888,860,385,1058,660,97
1982: 1728,1305,1054
709: 283
1490: 
1590: 876,292
712: 721,1365
713: 1002,184
714: 
715: 1077
1489: 
1566: 837,606,1900,1259
1662: 
719: 
720: 
721: 712,1365
1567: 1061,952
723: 535,2005,1390,1666,1007,638,1878,1934,532,1838,1071,1095,1852,65
1758: 817,1535,2006,1150,1035,249,2007,1828,58,466,1552,1665,945,73,972,808,257,1334,331,1886
1775: 858,288,1643,1253
1550: 25,1027,1488
727: 1509,1684,223,1053,1101,446,1717,2010,934,1945,1602,296,1386,615,792,1476,1332,856,1736,1734,1025,458
728: 
729: 1046,2009,495,1995,1645,1647,1638,1170,1487,697,1278,1281,1296,1395,521,477,1943
730: 507
731: 
732: 
733: 
1977: 
735: 457
736: 89,805,13
737: 107,1166,1048,1050,150,91,66,287,2016,1797,561,1222
1997: 939,9,1841
739: 
1552: 817,1758,1535,2006,1826,1150,2007,1828,58,466,1665,945,73,972,808,1687,276
1912: 987,1171,1583,1070,2019,129,546,1115,1,835,1508,671,1938,1074,870,848,965,1867,1401,1326,444,168,625,1196
742: 761
1710: 
744: 780
745: 1636
1911: 
747: 1887,1944,437,1564,2003,461,519,1663,2002,174,634,1469,1735,1120,299,898,1780,857,1771,752,610,310,1843,309,1932
1637: 
1817: 209,147,636
750: 
751: 119,133,1526,1052,1255,1555,996,810,644,202,1451,2000,195,1604,14,1680,1483,2013,1772,970,1644,1230,1915,360,485,669,814,173,1630,1935
752: 694,2003,830,461,519,2002,174,634,1735,1120,299,1780,1771,610,310,1887,1944,747,1111,600,323,1932,387,1548
753: 
1928: 
755: 262,1845,317,2012,960,1225,1239
756: 1699,1327,2004,1700,1283,1739,1017,450,1987,40,695,1076,176
757: 
758: 1494
759: 
760: 239
761: 742
1838: 535,2005,828,1666,1007,638,1878,1633,723,532,1071,1095,1852
763: 
1753: 1149,790,1059,542,531,1083,2018,958,187,1431,1213,597,922,639
765: 1372
766: 
767: 1779,1097,1251,1448,589,1965,203,106,1493,1519
1453: 
2004: 1142,337,756,1885,1699,1327,1700,1283,1961,190,1760,1292,1739,1017,450,1682,1987,40,1863,695,617,1076,456,176,1648,1994
770: 
771: 512
772: 
1954: 
1622: 1351,1975,1208
775: 666,1427,1248
776: 
777: 1380,1022,779,1754,1865,2015,297,1209,1839,255,1391,1188,1173
778: 592,1436,1111,600,323,1932,1163,1763,1558,387,1548,1944,437,694,2003,830,884,519,1663,2002,174,634,1469,1771,610,310,309
779: 1022,547,1754,1175,1865,2015,339,1209,777,1839,255,1391,1188,1173,494,338
780: 744
781: 539
782: 641,382
783: 
1863: 1142,337,1699,1327,2004,1700,1283,1961,190,1760,1292,1739,1017,450,1987,695,617,1076,456,176,1648,1994
785: 1904,951
786: 
787: 
788: 
1588: 
790: 1149,1059,1753,542,531,1083,2018,958,1431,825,1213,597,922,639
791: 1609
792: 1702,1476,350,1332,383,856,727,1684,1101,1717,2010,1945,1602,615,1736,1734,1025,458
793: 
794: 
795: 
796: 
1696: 
798: 
799: 
1553: 
801: 
2012: 262,1845,205,317,755,960,1225,284,1239,1854,1834
1900: 1259,1566,837,606
1779: 767,1097,1251,1448,589,1965,203,106,1493,1519,1587
805: 89,393,13,736,1823
806: 886,33
807: 
808: 817,1758,1535,2006,1826,2007,1698,1828,58,466,1552,1665,73,972,1687,331,276
809: 
810: 119,133,1526,1052,1255,56,882,1555,996,644,202,474,844,1569,2000,195,751,14,916,1096,1680,1483,2013,298,1772,970,1644,1257,1230,360,1855,485,669,1629,1671,814,173,1630,1935
1768: 
1494: 758
1893: 
814: 1483,2013,298,1772,1352,970,1644,1257,1230,1915,360,1855,485,669,1629,173,1630,119,133,810,644,2000,751,14
815: 1335,908,1992,1557
816: 
817: 1758,1535,2006,1826,1150,1035,249,2007,1698,1828,58,466,1552,1665,1011,945,73,972,808,257,1334,1687,331,276,1886
818: 
1499: 3,90,47,1505,978
1823: 805,393,13
2011: 1718,609,261,1119,1620,1303,1882,1632,109,1023,544,2017,1795,291,703,511
822: 
1518: 
824: 
825: 1149,790,1059,531,1083,2018,958,1431,1213,597,922
1640: 148
827: 268
828: 535,2005,1666,1007,1878,1934,1633,532,1838,1071,1095,1852,1485,465,522,1999,1749
829: 
830: 694,2003,884,519,2002,174,634,1469,1735,1120,1780,1771,752,610,310,592,1436,1111,600,323,1932,1163,1558,387,1548,778
831: 
832: 
1754: 1198,1380,1022,547,779,670,1175,2015,339,1209,777,1837,1839,255,1391,1188,338
834: 1881
835: 987,1171,1583,2019,546,1115,1912,1,1508,1938,1074,870,965,1867,1326,625,1538,1196
836: 351,969
837: 606,1566,1900
838: 
839: 1606
1466: 629,2001,1238,921,560,1194,557,335,39,312,0,404,674,1563
841: 412,1106,623,580,1711
1427: 1515,393,13,775,1248,469
1887: 1944,437,747,1564,2003,519,1663,2002,174,1735,1120,299,1771,752,610,310,1843,309,1111,323,1932,1763
844: 119,133,1526,1255,882,810,644,202,474,1569,2000,195,14,916,1096,2013,298,970,1644,1257,1855,1630
845: 1574,1721
846: 1411,1968,1857
847: 
848: 987,1171,1070,915,2019,129,1115,1912,1,1508,1938,1074,870,965
849: 
850: 654,1546,2014,1576,478,1044,1146,550,207,100,1099,1167,1294,385,1058,1393
851: 
852: 
853: 
1431: 1149,790,1059,1753,542,531,1083,2018,958,187,825,1213,597,922,639
855: 
856: 792,1702,1476,350,1332,383,727,1717,2010,1945,1602,615,1736,1734,1025,458
857: 694,2003,461,519,2002,634,1469,1735,1120,299,898,1780,1771,1843,309,437,747
858: 288,1775,1643,1253
859: 
860: 707,2014,1576,1146,550,1383,207,687,100,1099,1888,1058,660,97
861: 
862: 1587,203,106,1493,1519
1718: 261,1119,1620,1303,2011,1882,1632,109,1023,544,2017,1795,291,703,511
1596: 1868,1092
1978: 488
1784: 590
867: 1827,1328
1485: 465,522,1999,1749,535,2005,828,1007,1934,1633,1095,1852
869: 533,612,572,62
870: 987,1171,1583,1070,2019,129,546,1912,835,1508,1938,1074,848,965,1196
871: 
872: 
2009: 1046,1976,1287,495,1995,1645,1647,1638,1170,1487,729,697,1625,1278,1281,1296,1395,521,477,1943
874: 
1572: 522,492,1999,2005,1390,1666,1007,638,1878,1934,532,1071,1095,1852,65
876: 292,1590
1723: 614,1575
878: 
1620: 1718,609,261,1119,1303,2011,1882,1632,109,1023,2017,1795,291
880: 
1610: 
882: 119,1526,1052,1255,56,996,810,644,202,474,1451,844,1569,2000,195,14,916,1096,1680,2013,970,1257,1230,360,1671
883: 1957,292,1730,1356
884: 694,2003,830,461,519,1663,2002,174,634,1469,1735,1120,898,1780,1771,610,310,309,592,1436,600,1163,1558,387,1548,778
885: 1533,1029,194
886: 806,33
887: 
888: 563
1996: 
1852: 535,2005,828,1666,1007,1878,1934,1633,723,532,1838,1071,1095,65,1485,465,522,1572,1999,1749
891: 1081,1901,1866,1984
1871: 
893: 
894: 
895: 
1958: 
897: 
898: 694,2003,461,884,519,1663,2002,174,634,1469,1735,1120,299,1780,857,1771,610,310,1843,309,1944,437,747
899: 1612,1642,1105
900: 1952,142,701,316,1563,629,2001,560,557,39,312,674,172
901: 
902: 
903: 
904: 
905: 
1473: 
907: 
908: 410,137,815
1915: 1483,2013,1772,1352,970,1644,1230,360,485,669,1629,814,173,1630,1935,1555,644,2000,751,1604,14
910: 
911: 1164,460,529
1972: 
913: 
914: 181
915: 1171,1070,2019,129,1115,1,671,1938,848,965,1867,1401,1326,444,625,403
916: 1526,1255,56,882,810,644,202,474,844,1569,2000,14,1096,1680,2013,298,970,1644,1257,360,1855,1629,1671
917: 931,642,1090
1511: 1359,1909
919: 
920: 1361,1407
921: 629,2001,1238,560,1194,557,1466,335,39,312,0,404,674,172,1952,701,316,1563
922: 1149,790,1059,1753,542,531,1083,2018,958,1431,825,1213,597,639
1450: 212
924: 52
1495: 
1716: 
927: 1421
1902: 681,1428,1229,527,661,322,1381,1621,305,99,286,2008,1322,1271,226,1154,263,451,401,1131,1529,1951,1600,1705,1910,1969,154,1580,1618,447,315,1482,1193,1715,1266,1368
1899: 
930: 1521
931: 917,642
1650: 581,329
933: 
934: 727,1509,1684,223,1053,1101,156,446,2010,1945,1602,296,1386,615,1736,1025,458
935: 
936: 
937: 
1790: 
939: 1997,9,1841
940: 1830,1227
1847: 340,1942,1513
942: 1659,439,1156,1030
943: 619
944: 591,160,170
945: 817,1758,1535,2006,1826,1150,1035,249,2007,1698,58,466,1552,1665,1011,73,972,257,1334,331,276,1886
946: 
1573: 
1492: 
1555: 119,133,1052,1255,56,996,810,644,1451,2000,195,751,1604,14,1680,1483,2013,1772,970,1644,1230,1915,360,669,1671,173,1630,1935
950: 1094
951: 785,1904
952: 1003,1061,1567
1884: 
1953: 
955: 70,1946,1412
1541: 651
957: 
958: 1149,790,1059,1753,542,531,1083,2018,187,1431,825,1213,597,922,639
1523: 
960: 262,1845,205,317,755,2012,1225,284,1239,1854
961: 
1945: 727,1509,1684,1053,1101,446,1717,2010,934,1602,296,615,792,1702,1476,350,1332,383,856,1736,1025,458
1638: 1046,1976,2009,495,1995,1645,1647,1170,729,697,1278,477
964: 415,1437
965: 987,1171,1583,1070,915,2019,129,546,1115,1912,1,835,1508,671,1938,1074,870,848,1867,1401,1326,444,168,625,403
966: 
967: 
968: 
969: 836,351
970: 1483,2013,298,1772,1352,1644,1257,1230,1915,360,1855,485,669,1629,1671,814,173,1630,1935,119,133,1526,1052,1255,56,882,1555,810,644,202,474,844,1569,2000,195,751,14,916,1096,1680
971: 
972: 817,1758,1535,2006,1826,1150,1035,249,2007,1698,1828,58,466,1552,1665,1011,945,808,257,1334
973: 1594
974: 1970,1832
1933: 1202,1324
1950: 
977: 292,1730
978: 3,90,47,1499,1505
1451: 119,133,1526,1052,1255,882,1555,996,644,202,474,2000,195,751,1604,14,2013,1230
980: 
1846: 
982: 441
1583: 987,1171,1070,2019,546,1115,1912,1,835,1508,1938,1074,870,965,1867,1326,444,168,625,403,1196
984: 240,1504
985: 
986: 
987: 1171,1583,1070,2019,546,1115,1912,1,835,1508,1938,1074,870,848,965,1867,1326,168,625,1196
1681: 
1905: 
990: 
991: 
992: 
993: 
994: 
995: 
996: 119,133,1526,1052,1255,56,882,1555,810,644,202,474,1451,2000,195,751,1604,14,1680,2013,1230,1935
997: 
998: 1883
1460: 354,502
1000: 
1571: 1350
1002: 713,184
1003: 952
1686: 
1005: 
1006: 686,1922
1007: 535,2005,828,1390,1666,638,1878,1934,1633,723,532,1838,1071,1095,1852,65,1485,465,522,1572,1999
1008: 
1009: 
1749: 1485,465,522,492,1999,2005,828,1633,1071,1095,1852
1011: 817,2006,1826,1150,1035,249,2007,1698,58,1665,945,972,257,1334,331,276,1886
1636: 745
1647: 1046,2009,1287,495,1995,1645,1638,729,697,1278,477
1685: 
1767: 
1740: 
1017: 1142,337,756,1699,1327,2004,1700,1283,1961,1760,1292,1739,450,1987,1863,695,617,1076,456,176,1648,1994
1459: 
1793: 
1587: 862,1779,203,106,1493
1987: 1142,337,756,1885,1699,1327,2004,1700,1283,1961,190,1739,1017,450,1682,40,1863,695
1022: 1198,1380,547,779,670,1754,1175,1865,2015,339,1209,777,1837,1839,255,1391,1188,494,338
1023: 1718,609,261,1119,1620,1303,2011,1882,1632,109,544,2017,1795,291,703,511
1682: 337,1885,1327,2004,1283,190,1987,40
1025: 1736,1734,458,792,1476,856,727,1509,1684,223,1053,156,446,1717,2010,934,1945,1602,296,1386,615
1026: 
1027: 25,1550,1488
1931: 
1029: 1533,885,194
1030: 1732,439,1659,942,1156
1715: 681,1428,1229,527,661,322,1381,1621,99,2008,1322,226,1154,451,1131,1951,1600,1910,1969,154,1902,1618,315,1482,1193,1266,1368,1465
1604: 119,133,1052,1255,1555,996,644,202,1451,2000,195,751,14,1680,2013,1772,1644,1230,1915,173,1630,1935
1033: 
1034: 
1035: 817,1758,1535,2006,1150,249,2007,1698,1828,58,466,1665,1011,945,972,257,1334
1036: 1366,1311
1037: 1375
1561: 
1436: 592,1111,600,323,1932,1163,1763,1558,387,1548,778,1944,437,1564,2003,830,884,519,1663,2002,174,1771,610,310
1040: 
1041: 1241
1957: 883,1730,1356
2016: 91,66,287,1250,45,1584,117,1261,1797,561,1222,1626,1543,107,1166,1048,1050,737,150
1044: 1546,2014,1576,478,1146,850,1383,100,1167,1888,1294,1058,660,97,1393,1103,342
1970: 692,1832,974
1046: 1976,2009,1287,495,1995,1645,1647,1638,1170,1487,729,697,1625,1278,1281,1395,521,477,1943
1047: 
1048: 1166,1050,737,150,91,66,287,2016,1261,561,1222
1049: 
1050: 107,1166,1048,737,150,91,66,287,1250,2016,45,117,1261,1797,561,1222,1626,1543
1051: 
1052: 119,133,1526,1255,56,882,1555,996,810,644,202,474,1451,1569,2000,195,751,1604,14,1680,2013,970,1230,360,1671,1935
1053: 727,1509,1684,223,1101,156,446,2010,934,1945,1602,296,1386,615,1476,1332,1736,1025,458
1054: 1728,1305,1982
1055: 20,101
1056: 112
1582: 
1058: 707,654,1546,2014,1576,478,1044,1146,850,550,1383,207,687,100,1099,1167,1888,1294,860,385,660,97,1393,342
1059: 1149,790,1753,531,1083,2018,958,1431,825,1213,597,922
1060: 1216,1413
1061: 1567,952
1975: 1622,1351,1208
1063: 1310
1925: 
1065: 279
1066: 1960,1316,213
1067: 
1068: 
1963: 
1070: 987,1171,1583,915,2019,129,546,1912,1,1508,671,1938,870,848,965,1867,1401,1326,444,168,625,403
1071: 535,2005,828,1390,1666,1007,638,1878,1934,1633,723,532,1838,1095,1852,65,465,522,492,1572,1999,1749
1072: 
1725: 122
1074: 987,1171,1583,2019,546,1115,1912,1,835,1508,1938,870,848,965,1196
2018: 1149,790,1059,1753,542,531,1083,958,187,1431,825,1213,597,922,639
1076: 756,1699,1327,2004,1700,1283,1760,1292,1739,1017,450,1863,695,617,456,176,1648
1077: 715
1802: 1831,264
1079: 1399
1080: 
1081: 891
1690: 
1083: 1149,790,1059,1753,542,531,2018,958,187,1431,825,1213,597,922,639
1084: 1581,1840,489
1517: 1810
1528: 
1087: 
1521: 930
1089: 1857,1968,1411
1090: 917
1091: 1653
1092: 1868,1596
1795: 1718,261,1119,1620,1303,2011,1882,1632,109,1023,544,2017,291,703,511
1094: 950
1095: 535,2005,828,1390,1666,1007,638,1878,1934,1633,723,532,1838,1071,1852,65,1485,465,522,492,1572,1999,1749
1096: 1526,882,810,644,844,1569,2000,916,2013,298,970,1257,1855
1097: 1779,767,1251,1448,589,1965,203,397,106,1493,1519
1098: 303,1479,1898,183,1384,1733
1099: 707,654,1546,2014,478,1146,850,550,207,687,100,1167,860,385,1058
1961: 1142,337,1327,2004,1700,1283,190,1760,1292,1739,1017,450,1987,1863,695,617,176,1648,1994
1101: 727,1509,1684,1053,156,1717,2010,934,1945,1602,296,615,792,1702,350,1332
1514: 587
1103: 342,2014,1576,1044,1294,660,1393
1104: 
1105: 1612,1642,899
1106: 412,841,580,1711
1107: 
1108: 420
1109: 
1110: 
1111: 1436,600,323,1932,1163,1763,1558,387,1548,778,1887,1944,1564,2003,830,519,1663,2002,174,1771,752,610,310
1739: 1142,337,756,1885,1699,1327,2004,1700,1283,1961,1760,1292,1017,450,1987,40,1863,695,617,1076,456,176,1648,1994
1113: 
1538: 1382,1196,2019,835
1115: 987,1171,1583,915,2019,546,1912,1,835,1508,1938,1074,848,965,1867,1401,1326,625,403,1196
1876: 1402,657
1564: 1887,1944,437,747,2003,1663,2002,1735,1771,610,310,309,1436,1111,1932,1163,1763
1118: 1309
1119: 1718,609,261,1620,1303,2011,1632,109,1023,544,2017,1795,291,703,511
1120: 694,2003,830,461,884,519,2002,174,634,1469,1735,299,898,1780,857,1771,752,610,310,1843,1887,1944,437,747,600,323,1932,1548
1421: 927
1122: 1199,1183
1123: 
1897: 1654,1185
1125: 221,118
1126: 
1127: 
1919: 
1951: 681,1229,527,661,322,1621,2008,1322,226,1154,451,401,1131,1910,1969,154,1580,1902,1618,1193,1715,1266,1368,1465
1130: 1344
1131: 681,1229,322,1621,286,2008,1322,226,1154,263,451,1951,1600,1910,1969,154,1580,1902,1618,447,315,1715,1266
1607: 1302,103,582,180
1133: 
1976: 1046,2009,1287,495,1638,1170,1487,697,1625,1278,1281
2015: 1198,1380,1022,547,779,670,1754,1175,1865,339,297,1209,777,1837,1839,255,1391,1188,1173,494,338
1646: 488,659
1137: 
1476: 792,350,1332,383,856,727,1684,1053,1717,2010,1945,1602,615,1736,1734,1025,458
1139: 464
1140: 
1141: 273,1891,18
1142: 337,1699,1327,2004,1700,1283,1961,1760,1292,1739,1017,1987,1863,695,617,456,176,1648,1994
1444: 
1780: 694,2003,830,461,884,519,2002,174,634,1469,1735,1120,299,898,857,1771,752,610,310,1843,437,747,600,323,1932,387,1548
1437: 415,964
1146: 707,654,1546,2014,1576,478,1044,850,550,1383,207,687,100,1099,1167,1888,1294,860,385,1058,660,97,1393,342
1147: 699,1267
1717: 727,1509,1684,1101,2010,1945,1602,296,615,792,1702,1476,350,1332,383,856,1736,1734,1025
1149: 790,1059,1753,542,531,1083,2018,958,1431,825,1213,597,922,639
1150: 817,1758,1535,2006,1035,249,2007,1828,58,466,1552,1665,1011,945,972,257
1151: 
1844: 
1659: 942,1732,439,1156,1030
1154: 681,1229,527,322,1381,1621,99,286,2008,1322,1271,226,263,451,1131,1951,1600,1705,1910,1969,154,1580,1902,1618,447,315,1715
1155: 573
1156: 1764,1895,1732,439,1659,942,1030
1157: 311,1426,234
1158: 
1159: 
1160: 
1161: 
2005: 535,828,1390,1666,1007,638,1878,1934,1633,723,532,1838,1071,1095,1852,65,1485,465,522,492,1572,1999,1749
1163: 592,1436,1111,323,1932,1763,1558,387,1548,778,1944,437,1564,694,2003,830,884,519,1663,2002,174,1469,1771,610,310,309
1164: 911,460
1165: 
1166: 107,1048,1050,737,150,91,66,287,1250,2016,1797,561,1222,1543
1167: 654,1546,2014,1576,478,1044,1146,850,550,207,687,100,1099,1888,1294,385,1058,660,1393,342
1168: 
1169: 
1170: 1046,1976,2009,1287,495,1995,1645,1638,1487,729,697,1625,1278,1281,1296,1395,521,477,1943
1171: 987,1583,1070,915,2019,129,546,1115,1912,1,835,1508,671,1938,1074,870,848,965,1867,1401,1326,444,625,403,1196
1698: 817,1535,2006,1826,1035,2007,1828,58,466,1665,1011,945,73,972,808,257,1334,1687,331,276,1886
1173: 494,338,779,1865,2015,297,777,1839,1391,1188
1174: 
1175: 1198,1022,547,779,670,1754,2015,339,1209,1837,1839,1391,1188,494,338
1872: 
1177: 
1178: 
1943: 1296,1395,521,477,1046,2009,1287,1995,1170,1487,729,697,1625,1278,1281
1546: 707,654,2014,1576,478,1044,1146,850,550,1383,207,687,100,1099,1167,1888,1294,385,1058,660,97,1393,342
1181: 676
1182: 
1183: 1199,1122
1184: 
1185: 1654,1897
1719: 
1187: 
1188: 1198,1022,779,1754,1175,1865,2015,297,1209,777,1839,255,1391,1173,494,338
1727: 259,1531
1190: 496,1331
1798: 
1192: 
1193: 681,1229,527,661,322,1381,1621,305,2008,1322,1271,451,401,1951,1705,1969,154,1580,1902,1618,1482,1715,1368,1465
1194: 629,2001,1238,921,1466,335,39,0
1195: 
1196: 1538,987,1171,1583,2019,546,1115,1912,835,1508,1074,870
1197: 81,1323,1726,554
1198: 1380,1022,547,670,1754,1175,2015,339,1209,1837,1839,255,1391,1188,338
1199: 1122,1183
1200: 
1201: 1402,657
1202: 1933,1324
1203: 
1204: 1319,596,333,1585
1734: 1736,1025,458,792,1476,856,727,1717,2010,1602,296,615
1842: 1657
1544: 1658
1208: 1622,1351,1975
1209: 1198,1380,1022,547,779,670,1754,1175,1865,2015,339,777,1839,255,1391,1188
1210: 
1794: 
1769: 
1213: 1149,790,1059,1753,542,531,1083,2018,958,1431,825,597,922,639
1952: 142,701,316,900,1563,629,2001,1238,921,560,557,39,312,404,674,172
1804: 635
1216: 1413,1060
1217: 1619
1218: 
1558: 592,1436,1111,600,323,1932,1163,1763,387,1548,778,694,2003,830,884,2002,174,610,310
1220: 
1221: 1595,1306,1683,698
1222: 91,66,287,1250,2016,45,1584,117,1261,1797,561,1626,1543,107,1166,1048,1050,737,150
1516: 
1478: 
1225: 262,1845,205,317,755,2012,960,284,1239,1854,1834
1679: 
1227: 940,1830
2013: 1483,298,1772,1352,970,1644,1257,1230,1915,360,1855,485,669,1629,1671,814,173,1630,1935,119,133,1526,1052,1255,56,882,1555,996,810,644,202,474,1451,844,1569,2000,195,751,1604,14,916,1096,1680
1229: 681,1428,527,661,322,1381,1621,305,99,286,2008,1322,1271,226,1154,451,401,1131,1529,1951,1600,1705,1910,1969,154,1580,1902,1618,447,315,1482,1193,1715,1266,1368,1465
1230: 1483,2013,1772,970,1644,1257,1915,360,1855,485,669,1629,1671,814,173,1630,1935,119,133,1526,1052,1255,56,882,1555,996,810,644,202,474,1451,1569,2000,195,751,1604,14,1680
1462: 1452
1721: 1574,845
1233: 
1234: 
1914: 
1868: 1092,1596
1237: 26
1238: 629,2001,921,560,1194,557,1466,335,39,312,0,404,674,172,1952,316,1563
1239: 262,1845,205,317,755,2012,960,1225,284,1854
1936: 
1241: 1041
1242: 
1633: 535,2005,828,1666,1007,638,1878,532,1838,1071,1095,1852,1485,522,492,1999,1749
1244: 1350
1245: 1312,1300
1246: 
1608: 
1248: 1290,5,469,666,775,1427
1249: 1481,1980,355,1948
1250: 91,66,287,2016,45,1584,117,1261,1797,561,1222,1626,1543,107,1166,1050,150
1251: 1779,767,1097,1448,589,397,1519
1252: 
1253: 858,288,1775,1643
1254: 1966
1255: 119,133,1526,1052,56,882,1555,996,810,644,202,474,1451,844,1569,2000,195,751,1604,14,916,1680,1483,2013,298,1772,970,1644,1257,1230,360,1855,669,1629,1671,173,1630,1935
1256: 347,603
1257: 1483,2013,298,1352,970,1644,1230,360,1855,485,669,1629,1671,814,1630,119,1526,1255,56,882,810,644,202,474,844,1569,2000,14,916,1096,1680
1666: 535,2005,828,1390,1007,638,1878,1934,1633,723,532,1838,1071,1095,1852,65,492,1572
1259: 1900,1566,606
1533: 885,1029,194
1261: 91,66,287,1250,2016,45,1584,117,1797,561,1222,1626,1543,1048,1050
1890: 
1658: 1544
1960: 1316,1066,213
1797: 91,66,287,1250,2016,45,1584,117,1261,561,1222,1626,1543,107,1166,1050,737,150
1266: 681,1428,1229,527,661,322,1381,99,2008,1322,226,1131,1529,1951,1600,1910,1969,154,1902,315,1482,1715,1368,1465
1267: 1147
1628: 
1269: 479
1563: 1952,142,701,316,900,629,2001,1238,921,560,557,1466,335,39,312,674,172
1271: 1229,527,661,322,1381,1621,305,2008,1322,1154,263,401,1529,1705,1969,154,1580,1902,1618,447,315,1482,1193
1272: 690,34
1684: 727,1509,223,1053,1101,156,446,1717,2010,934,1945,1602,296,1386,615,792,1476,1332,1736,1025,458
1671: 1483,2013,298,1772,1352,970,1644,1257,1230,360,1855,485,669,1629,173,1935,1526,1052,1255,56,882,1555,810,644,474,1569,2000,195,14,916,1680
1818: 222,626
1276: 
1277: 1364
1278: 1046,1976,2009,1287,495,1995,1645,1647,1638,1170,1487,729,697,1625,1281,1296,1395,521,477,1943
1279: 
1448: 1779,767,1097,1251,589,1965,397,1519
1281: 1046,1976,2009,1287,495,1995,1170,1487,729,697,1625,1278,1296,1395,521,477,1943
1506: 
1283: 1142,337,756,1885,1699,1327,2004,1700,1961,190,1760,1292,1739,1017,450,1682,1987,40,1863,695,617,1076,1648
1284: 
1488: 25,1027,1550
1440: 
1287: 1046,1976,2009,495,1995,1647,1170,1487,697,1625,1278,1281,1296,1395,521,477,1943
1288: 1901,1866,1984
1289: 
1290: 5,1248,666
1291: 
1292: 1142,337,1885,1699,1327,2004,1700,1283,1961,190,1760,1739,1017,450,1863,695,617,1076,456,1648
1293: 
1294: 654,1546,2014,1576,478,1044,1146,850,550,1383,207,687,100,1167,1888,385,1058,660,1393,1103,342
1888: 707,1546,2014,1576,1044,1146,550,1383,207,100,1167,1294,860,1058,660,97,1393,342
1296: 1395,521,477,1943,2009,1287,1995,1170,1487,729,1278,1281
1297: 
1298: 1988
1299: 
1300: 1245
1881: 834
1302: 103,1607,582,180
1303: 1718,609,261,1119,1620,2011,1882,1632,109,1023,544,2017,1795,291,703
1304: 1319,596,333,1585
1305: 1728,1982,1054
1306: 1703,1683,1595,1221,698
1307: 
1830: 940,1227
1309: 1118
1310: 1063
1311: 1366,1036
1312: 1245
1313: 
1569: 119,133,1526,1052,1255,56,882,810,644,202,474,844,2000,195,14,916,1096,1680,1483,2013,298,970,1644,1257,1230,360,1855,1629,1671,1630
1315: 260,388
1316: 1960,1066,213
1317: 543
1651: 143,1320,1673
1319: 1304,1204,596,333,1585
1320: 1651,143,1673
1808: 
1322: 681,1428,1229,527,661,322,1381,1621,305,99,2008,1271,226,1154,263,451,401,1131,1529,1951,1600,1705,1910,1969,154,1580,1902,1618,447,315,1482,1193,1715,1266,1368,1465
1323: 81,1197,1726,554
1324: 1933,1202
1539: 
1326: 987,1171,1583,1070,915,2019,546,1115,1912,1,835,1508,671,1938,965,1867,1401,444,168,625,403
1327: 1142,337,756,1885,1699,2004,1700,1283,1961,190,1760,1292,1739,1017,450,1682,1987,40,1863,695,1076
1328: 867,1827
1329: 
1330: 1664
1331: 496,1190
1332: 792,1702,1476,350,383,856,727,1509,1684,1053,1101,1717,2010,1945,1602,296,615,1736
1736: 1734,1025,458,792,1476,1332,856,727,1684,1053,446,1717,2010,934,1945,1602,296,1386,615
1334: 817,1758,2006,1826,1035,249,2007,1698,1828,58,466,1665,1011,945,73,972,257,1687,331,276,1886
1335: 815,1992,1557
1336: 
1483: 2013,298,1772,1352,970,1644,1257,1230,1915,360,1855,485,669,1629,1671,814,173,1630,1935,119,133,1255,1555,810,644,1569,2000,751,14,1680
1338: 
1339: 
1340: 
2003: 694,830,461,884,519,1663,2002,174,634,1469,1735,1120,299,898,1780,857,1771,752,610,310,1843,309,1887,1944,437,747,1564,592,1436,1111,600,323,1932,1163,1763,1558,387,1548,778
1576: 1546,2014,478,1044,1146,850,550,207,1167,1888,1294,860,385,1058,660,1393,1103,342
1691: 369
1344: 88,1130
1345: 
1346: 353,57
1909: 235,1511,1359
1348: 
1349: 
1350: 1244,1571
1351: 1622,1975,1208
1352: 1483,2013,298,1772,970,1257,1915,360,1855,485,669,1629,1671,814,2000
1353: 541
1535: 817,1758,2006,1150,1035,249,2007,1698,1828,58,466,1552,1665,945,73,972,808,257
1843: 694,2003,461,519,1663,2002,174,634,1469,1735,1120,299,898,1780,857,1771,610,310,309,1887,1944,437,747,1932
1356: 1957,883,1730
1548: 592,1436,1111,600,323,1932,1163,1763,1558,387,778,1944,694,2003,830,884,519,1663,2002,174,634,1469,1735,1120,1780,1771,752,610,310
1513: 340,1942,1847
1359: 1511,1909,235
1648: 456,176,1994,1142,1699,2004,1700,1283,1961,1760,1292,1739,1017,450,1863,695,617,1076
1361: 920,1407
1706: 501
1645: 1046,2009,495,1995,1647,1638,1170,729,697,1278,1395,477
1364: 1277
1365: 712,721
1366: 1036,1311
1367: 
1368: 1465,681,1428,1229,527,661,322,1381,305,99,2008,1322,226,401,1529,1951,1969,154,1902,1618,1482,1193,1715,1266
1369: 
1774: 
1371: 
1372: 765
1783: 
1575: 614,1723
1375: 1037
1773: 395,656
1377: 
1378: 604
1379: 
1380: 1198,1022,547,670,1754,2015,339,1209,777,1837,1839,255
1381: 681,1428,1229,527,661,322,305,99,2008,1322,1271,226,1154,401,1529,1705,1910,1969,154,1580,1902,1618,447,315,1482,1193,1715,1266,1368,1465
1382: 1538
1383: 707,654,1546,2014,1044,1146,550,687,100,1888,1294,860,1058,660,97,342
1384: 303,1693,1479,1898,183,1733,1098
1385: 104
1386: 727,1509,1684,223,1053,156,446,2010,934,1602,296,615,1736,1025,458
2008: 681,1428,1229,527,661,322,1381,1621,305,99,286,1322,1271,226,1154,263,451,401,1131,1529,1951,1600,1705,1910,1969,154,1580,1902,1618,447,315,1482,1193,1715,1266,1368,1465
2014: 707,654,1546,1576,478,1044,1146,850,550,1383,207,687,100,1099,1167,1888,1294,860,385,1058,660,97,1393,1103,342
1785: 
1390: 2005,1666,1007,638,1878,1934,723,532,1071,1095,65,492,1572
1391: 1198,1022,547,779,1754,1175,2015,339,1209,777,1837,1839,255,1188,1173,494,338
1392: 83
1393: 1546,2014,1576,478,1044,1146,850,207,1167,1888,1294,1058,660,1103,342
1731: 
1395: 1296,521,477,1943,1046,2009,1287,1995,1645,1170,1487,729,697,1278,1281
1922: 686,1006
1916: 
1398: 
1399: 1079
1400: 
1401: 1171,1070,915,2019,129,1115,1912,1,671,1938,965,1867,1326,444,168,625,403
1402: 1876,1201,657
1781: 343,1722
1404: 
1405: 
1889: 314
1407: 1361,920
1730: 1957,883,292,1356,977
1409: 
1595: 1221,1703,1306,1683,698
1411: 846,1968,1089,1857
1412: 955,1946
1413: 1216,1060
1903: 
1469: 694,2003,830,461,884,519,1663,2002,174,634,1735,1120,299,898,1780,857,1771,610,310,1843,309,1944,437,747,1932,1163,387,1548,778
1429: 
1594: 973
1966: 1254
1626: 66,287,1250,2016,45,1584,1261,1797,561,1222,1543,107,1050,150