0: 39,560,335,2001,404,629,1466,900,172,921,701,722,316
1: 403,2019,64,168,1538,1382,1938,1326,1074,1171,444,848,1070,1508,1401,1912,1531
1946: 274
3: 1252,1571
4: 
5: 1290
6: 
7: 
8: 462,1745
9: 1706,501
10: 
1617: 
12: 1609,1975,1125
13: 1201
14: 
15: 984,1177,1426
2007: 945,1698,972,257,1886,1687,1828,1552,1535,2006,249,1039,1150,1758,1011,1318,466,73,1665
17: 
18: 
19: 
20: 1677,593,250,1756,1185,1743,1804,25
21: 
1826: 1334
23: 
1611: 
25: 1677,20,250,1756,1185,1743
26: 1989,1721
1995: 1638,729,1102,1943,1170,1976,477,1625,2009,1487,1647
28: 
29: 937
30: 
1853: 876,1254,1981,1696
1994: 40,756,1739,1974,1142,1885,1017,2004,1648,617,450,1961,1292,1682,1760,1699,695,1700,456,1987,337,1863,176,1327
33: 1945,1533
34: 915
1689: 1034
36: 
37: 
38: 
39: 0,560,142,1194,1952,335,2001,404,629,1466,172,921,701,722,316,674
40: 1994,756,1739,1974,1142,1885,1017,2004,1648,617,450,1961,1292,1682,1760,1699,695,1700
41: 
42: 49
43: 496,132,222,415
44: 913
45: 117,2016,150,1261,91,1543,287,1797,1191,107
1989: 26,1721
47: 
1692: 834,1304,1253
49: 42
50: 1481,441,554,1631
2017: 1620,2011,1718,1632,1023,1303,511,609,291,109,1795,1119,1908,544,1882,261
52: 572,605
53: 1848,1581,1751,1084
54: 
55: 414,538
56: 1096,970,1052,1821,1451,669,195,133,2000,1915,1257,2013,1230,119,1255,1555,1855,882,810,916,474,197,1671
57: 1773,144,1923
58: 
59: 
1703: 
61: 
62: 612,665
1688: 138
64: 403,2019,168,1538,1382,546,1938,1,1326,444,848,1070,1508,1401,1912,1531
65: 1095,1999,1633,2005,723,1007,1485,1878,1666,638,1852,1934,535,828,522
66: 561,1797,1250,1626,1048,107,2016,1261,1543
67: 2010,350,1053,856,156,1602,223,727,1717,296,1101,792,458,1386,1332,1476
68: 
1898: 
70: 
1896: 1026,664
1618: 447,1424,1580,1482,305,661,315,1266,154,2008,1271,322,1529,1465,1428,286,1229,1322,1368
73: 945,1698,972,257,1886,2007,1828,1552,1535,2006,249,1039,1150,1758,1011,1318
1728: 901,422,936,957,662
1848: 1581,1751,53,1084
2010: 350,1053,67,856,156,1602,223,727,1717,296,1101,792,458,1386,934,1332,1509,1476,1169,615,1702
1634: 246
1680: 133,2000,1915,1630,298,1257,996,844,2013,1935,1230,119,1255,1526,814,1569,1772,644,1855,882,202,1483,751,810,916,474,197,173,1671,1096
1737: 
1986: 
81: 1319
1981: 876,1254,1853
83: 
84: 
1866: 750,861
86: 104,266
87: 
88: 543,1453
89: 229,880,1248
90: 
91: 117,2016,45,150,1261,1543,287,1797,1250,1626,1048,1191,737,107
92: 
93: 1939
94: 
1743: 1677,20,250,1756,1185,25
96: 
97: 1167
1683: 
99: 447,1381,1424,1600,1580,1482,1621,661,315,1969,1715,1266,681,2008,1271,1114,1465,1428,401,1902,286,226,1229,1322,527,1368
100: 207,1888,1103,1393,2014,1146,550,654,478,860,1383,687
101: 
102: 344,395
103: 1809
104: 266,86
1841: 
106: 
107: 66,561,1797,1584,1250,1626,1048,1191,737,117,2016,45,150,1261,91,1543,287
1623: 1420,1473,256
109: 1620,2011,1718,1632,1303,511,609,2017,1795,1119,1908,261
110: 
111: 
112: 
1614: 
114: 234,307
115: 
116: 
117: 2016,45,150,91,1543,287,1797,1191,737,107
118: 
119: 133,2000,1915,1630,298,1257,996,844,2013,1935,1230,1255,1569,1555,1680,1855,882,202,1483,751,810,916,474,197,173,1671,1096,970,1052,1821,56,1451,195
120: 
1821: 1096,970,1052,56,1451,195,133,2000,1915,298,1257,2013,1230,119,1255,1555,882,1483,810,916,474,197,173,1671
122: 
123: 977,1636
1886: 945,1698,972,257,2007,1828,1552,1535,2006,249,1039,1150,1758,1011,1318,466,73,1665
125: 
1693: 1610,1922
127: 
128: 
129: 
1867: 
131: 
132: 496,222,415,43
133: 2000,1915,1630,298,1257,996,844,2013,1935,1230,119,1255,1526,814,1569,1555,1772,644,1680,1855,882,202,1483,751,810,916,474,197,173,1671,1096,1052,1821,56,1451,669,195
134: 1035
135: 1213,1753,922,2018,1674,597,1059,639
136: 905
137: 
138: 275,1688
139: 
140: 1450
141: 1279,155,1550
142: 39,560,1194,1952,335,2001,404,629,1238,1466,557,172,921,701,722,316
143: 
144: 1773,57,1923
145: 
146: 649
147: 1723
148: 1299
149: 
150: 117,2016,45,1261,91,1543,287,1797,1584,1250,1626,1191,737,107
151: 
152: 
153: 1742
154: 447,1381,1424,1600,1580,1705,1482,907,305,315,1969,1715,1266,681,2008,1618,1271,322,1114,1529,1465,1428
155: 1279,1550,141
156: 2010,350,1053,67,856,1602,1717,296,1101,792,458,1386,934,1332,1509,1476
157: 
158: 1691,369
159: 539
160: 1972,853,1141
1704: 1353,541,1900
1895: 1649
163: 
1605: 
165: 
1824: 1365,1925
167: 
168: 403,2019,64,1382,546,1938,1,987,1326,1074,1171,444,848,1070
169: 
170: 
1764: 1516
172: 0,39,560,142,1194,1952,335,2001,404,629,1238,1466,557,900,921,701,722,316
173: 133,2000,1915,1630,298,1257,996,844,2013,1935,1230,119,1526,814,1569,1555,644,1680,1855,882,202,1483,751,810,916,197,1671,1096,970,1821,1451,195
174: 1548,1120,747,752,310,519,830,2002,437,1163,592,1771,1843,309,387,1469
175: 379
176: 1700,456,1076,1987,337,190,1863,1327,1961,1699,695,1994,756,1739,1142,1017,2004
1787: 
178: 
179: 
180: 1344
181: 1231
1901: 
183: 
184: 374,355,988,655,1523,816
1612: 899,1511,906,1475
1702: 1169,615,2010,856,1602,223,727,1717,1101,792,1386,934,1332,1509,1476
187: 1431,790,922,2018,597,1059,1083,1849
1932: 
189: 
190: 1700,456,1076,1987,337,1863,176,1327,2004
1865: 339,779,494,1209,547,1022,2015,670,1198,1754,1175,1380,338
2000: 133,1915,1630,298,1257,996,844,2013,1935,1230,119,1255,1526,814,1569,1555,1772,644,1680,1855,882,202,1483,751,810,916,474,197,173,1671,1096,970,1052,1821,56,1451,669,195
193: 1656,1712
194: 
195: 1096,970,1052,1821,56,1451,669,133,2000,1915,1630,1257,844,2013,1230,119,1255,1772,1855,810,916,474,197,173,1671
1601: 983,831
197: 133,2000,1915,1630,298,1257,996,844,2013,1935,1230,119,1569,1772,644,1680,1855,810,916,474,173,1671,1096,970,1052,1821,56,1451,669,195
1619: 
1791: 574,794,389,1284
1621: 1381,1600,1482,1266,2008,1271,322,1114,1465,99,1428,401,1902,1229,1322,527,1368
201: 982
202: 133,2000,298,996,2013,1935,119,1255,1526,814,1569,1555,1680,882,1483,751,810,916,173,1671,1052,1451
203: 
204: 
205: 1834,1854,1239,284,2012,1100,755,317
1657: 
207: 1888,1103,1393,850,2014,1146,1167,342,100,654,1383
2001: 0,39,560,142,1194,1952,335,404,629,1238,1466,557,900,172,921,701,722,316,674
209: 
210: 
211: 1747,1769
212: 
213: 1420,1473,256
1789: 931
215: 426,1298
216: 1539
1944: 
1772: 133,2000,1630,1257,2013,1935,1230,1255,1526,644,1680,1855,474,197,1671,1096,669,195
219: 232
220: 352
221: 
222: 132,415,43,1190
223: 2010,1053,67,856,1602,727,1717,296,792,1386,1509,1476,1169,1702
1827: 1504
1771: 1548,1120,747,752,310,519,2002,437,1163,174,1843,309
226: 401,1902,286,1229,1322,527,1368,1482,2008,99,1428
1984: 
228: 924,1106,1151,1809
229: 89,880,1248
1980: 
231: 
232: 219
233: 
234: 1164,114,307
235: 
236: 819
1877: 
238: 
239: 637,715
240: 618,311,1783
241: 1595,611,951
1639: 
243: 
244: 1459
1756: 1677,20,250,1185,1743,25
246: 1634
247: 
1921: 1840,1970
249: 945,1698,257,1886,2007,1828,1552,1535,2006,1039,1150,1758,1011,1318,466,73
250: 1677,20,1756,1185,1743,1804,25
251: 378,703
252: 1786,1049
1938: 403,2019,64,168,1538,1382,546,1,1326,1074,444,848,1070,1508,1531
254: 852,569
255: 
256: 1420,1473,1623,213
257: 945,1698,972,1886,1687,2007,1828,1552,1535,2006,249,1150,1758,1011,1318,73
1923: 1773,144,57
259: 1746,1883,897,950
260: 
261: 2011,1718,1632,511,2017,291,109,1795,1119,1908,544
262: 1225,1854,1239,284,2012,1100,755,866,317
263: 447,1580,1705,907,1969,1715,681,2008
264: 
265: 603
266: 104,86
1891: 
268: 758,824,811,517,1411
269: 
1880: 1506,1830
271: 
272: 
273: 
274: 1946
275: 656,138,1608
276: 513,808
277: 
278: 946,1184,1547
279: 
1918: 812,600,299,2003,694,610
281: 
1606: 1204,1197,1983
283: 
284: 1225,1834,1854,1239,2012,1100,755,262,317,205
1632: 1620,2011,1718,1023,1303,511,609,2017,291,109,1795,1119,1908,544,1882,261
286: 1902,226,1229,1322,527,1368,1424,1600,1482,661,315,1266,681,2008,1618,1271,1114,1465,99,1428
287: 117,2016,45,150,1261,91,1543,1797,1584,1250,1048,1191,737,107
288: 
289: 
290: 
291: 1620,2011,1718,1632,1023,1303,511,609,2017,1795,1119,1908,544,1882,261
292: 
293: 360,1193,1352
1910: 
1746: 259,1883,897,950
296: 2010,1053,67,856,156,1602,223,1717,792,1386
297: 1837
298: 133,2000,1915,1630,1257,996,844,2013,119,1569,1555,1680,202,1483,751,810,916,197,173,1671,970,1821,1451
299: 1918,812,600,2003,694,610,1663,1111
300: 
301: 
302: 
303: 914
304: 
305: 447,1424,1580,1705,907,661,315,1266,154,681,2008,1618,1529,1465,1428
1635: 
307: 234,114
308: 
309: 1548,1120,747,752,310,519,830,2002,437,1163,592,174,1771,1843,387,1469,1558,1763
310: 1548,1120,747,752,519,830,2002,437,1163,592,174,1771,1843,309,1469,1558,857,1763,1887,1729
311: 240,618
312: 
1990: 664,419,1982
314: 1269,1345,636
315: 447,1424,1600,1580,1705,1482,907,305,661,1969,1715,1266,154,681,2008,1618,1271,322,1114,1529,1465,99,1428,286,527,1368
316: 0,39,560,142,1194,1952,335,2001,404,629,1466,900,172,701,722,674
317: 1225,1834,1854,1239,284,2012,1100,755,262,866,205
318: 
319: 1629,1024
320: 1958,1068,1054,1160
321: 
322: 447,1381,1424,1600,1580,1705,1482,1621,315,1969,1266,154,2008,1618,1271,1114,1529,1465,1428,1368
323: 778,1780,461,1763,1887,1729,1564,747,2002,1843,1469,1558,857
1732: 
325: 
326: 714
327: 
328: 
329: 
1751: 1848,1581,53,1084
331: 363
1825: 
333: 
1733: 1897
335: 0,39,560,142,1194,1952,2001,404,629,1238,1466,557,172,921,701,722,316
336: 
337: 1700,456,1076,1987,190,1863,176,1327,1961,1682,1699,695,1994,756,1739,1142,1017,2004
338: 1380,339,1209,1022,1865,2015,670,1175,1391
339: 779,494,1209,547,1022,1865,2015,670,1198,1754,1391,1173,338
340: 1033
341: 529,1528
342: 707,1393,850,2014,1146,1058,1167,207,1888,1103,385,550,654,1383,1576,1099,687
343: 1579
344: 102,971,395
345: 1658
346: 
347: 
1609: 1125,12
1726: 
350: 2010,1053,67,156,1602,1717,1101,792,458,1386,934,1332,1476
351: 
352: 220
353: 
354: 
355: 184,374,988,655,1523,816
1735: 2003,694,1663,898
357: 
358: 1065
359: 
360: 293,1193,1352
361: 
1974: 40,1994,756,1739,1142,1885,1017,2004,1648,617,450,1682,1760,1699,1700,1327
363: 331
1854: 1834,1239,284,2012,1100,755,262,866,317,205
1667: 
366: 
1860: 1147
368: 
369: 158,1691
1755: 
1631: 1481,50,554,1413
1796: 
373: 
374: 184,355,988,1523,816
375: 
376: 
377: 651,782
378: 251,703
379: 175
1828: 945,1698,972,257,1886,1687,2007,1535,2006,249,1039,1150,1758,1011,1318,466,73,1665
1964: 1425
382: 
383: 625
1602: 2010,350,1053,67,856,156,223,727,1717,296,1101,792,458,1386,934,1332,1509,1476,1702
385: 550,654,478,860,1294,1546,1383,1576,1099,687,1888,707,1393,2014,1146,1058,342
386: 
387: 1120,747,752,519,830,2002,592,174,1843,309,1469,461,1564
388: 
389: 574,794,1791,1284
390: 1320,1305
391: 1972
1836: 
393: 1286
394: 
395: 971,102,344
396: 1800
397: 
1845: 
399: 
400: 
401: 1902,226,1229,527,1368,1381,1600,1482,1621,2008,1271,1114,99
402: 
403: 2019,64,168,1538,1382,546,1938,1,987,1326,1074,1171,444,848,1070,1401
404: 0,39,560,142,1194,1952,335,2001,629,1238,1466,557,900,172,921,701,722,316,674
405: 1518,1110
406: 
1677: 20,250,1756,1185,1743,25
1700: 456,1076,1987,337,190,1863,176,1327,450,1961,1699,695,40,1994,756,1739,1974,1142,1885,1017,2004,1648
1712: 193
410: 
1969: 447,1381,1424,1600,1580,1705,907,263,315,1715,154,681,2008,1271,322,1114,1529,1465,99,1428
412: 
1654: 
414: 55
415: 496,132,222,43,1190
416: 
417: 
1805: 1139
419: 1990,664,1982
420: 966,1439,1115
1840: 1921
422: 901,936,662,1728
1992: 
424: 602
1649: 1895
426: 215,1954
427: 
428: 
1988: 
430: 
1705: 447,1424,1600,1580,907,305,263,315,1969,1715,154,681,2008,1271,322,1114,1529,1465
432: 
1642: 728
434: 
1792: 
436: 
437: 1548,310,519,2002,174,1771,309
438: 
439: 1725
440: 
441: 1481,50
1644: 
1839: 666,895,657,1079,1280
444: 403,2019,64,168,1538,1382,1938,1,987,1326,1171,1070,1508,1401,1912,1531
1878: 1095,1999,65,1633,2005,723,1007,1379,1485,1666,1572,1694,1838,1852,1390,532,535,1071,1749,465,522
446: 
447: 1424,1600,1580,1705,907,305,661,263,315,1969,1715,1266,154,681,2008,1618,1271,322,1114,1529,1465,99,1428
448: 
449: 
450: 1961,1292,1682,1760,1699,695,40,1994,1739,1974,1142,1885,2004,1648,617,1700,1987
451: 
1834: 1854,284,2012,1100,755,317,205
453: 
454: 1005,925
455: 
456: 1700,1076,1987,337,190,1863,176,1327,1994,1017,2004
457: 1316,1066
458: 2010,350,1053,67,156,1602,727,1717,1101,792,1386,934,1332,1476
459: 
460: 
461: 778,1780,1763,1887,1564,323,1120,747,752,830,2002,1163,592,1843,387,1469,1558,857
462: 1348,8,1745
1665: 1698,1886,1687,2007,1828,1535,2006,1039,1150,1758,1011,466
464: 
465: 1694,1838,1390,492,532,535,1071,1749,522,1095,1633,2005,1007,1379,1878,1572
466: 945,1698,1886,1687,2007,1828,1535,2006,249,1039,1150,1758,1011,1665
467: 
1748: 
469: 
1676: 759,883
471: 1586,1220
472: 
1630: 133,2000,1915,298,1257,996,844,2013,1935,1230,119,1526,814,1569,1772,644,1680,1855,751,810,197,173,1671,195
474: 133,2000,1257,2013,1935,1230,119,1255,1526,1772,644,1680,1855,882,751,810,916,197,1671,1096,1052,1821,56,669,195
475: 785
1837: 297,1161
477: 1287,1976,1296,1278,1625,2009,1487,1046,1647,1995,1638,1645,729,1102,1943,1395,1170
478: 385,550,654,860,1294,1383,1576,1099,687,1888,1103,707,1393,2014,100
479: 
1763: 778,1780,461,1887,1729,1564,323,1120,747,752,310,2002,1163,592,1843,309,1469,1558,857
481: 
1801: 
1885: 40,1994,756,1739,1974,1142,1017,2004,1648,617,450,1760,1699,1700,1987,1327
1616: 
485: 
486: 
1664: 1377
488: 
489: 
1857: 
491: 888,1121
492: 1694,1838,638,1852,1934,1390,532,535,1071,828,1749,465,522,1095,1633,2005,1007,1485,1666
493: 
494: 339,779,1209,547,1865,2015,670,1198,1754,1175,1391,1173
495: 1638,1645,1281,697,1943,1145,1395,1170,1296,1278,1625,2009
496: 132,415,43
497: 
498: 
499: 
1770: 
501: 1706,9
502: 
1948: 
504: 
1999: 1095,65,1633,2005,723,1007,1379,1485,1878,1666,1572,638,1852,1934,532,535,1071,828,1749,522
506: 
507: 
508: 
509: 
510: 
511: 1620,2011,1718,1632,609,2017,291,109,1795,1119,1908,544,261
512: 1490,1551
513: 276,808
514: 
515: 742
1699: 450,1961,1292,1682,1760,695,40,1994,756,1739,1974,1142,1885,1017,2004,1648,617,1700,1987,337,1863,176
517: 758,824,811,268,1411
1908: 1620,2011,1718,1632,1023,1303,511,609,2017,291,109,1795,1119,544,1882,261
519: 1548,1120,747,752,310,830,2002,437,1163,592,174,1771,1843,309,387
520: 
521: 
522: 1694,1838,638,1852,1934,1390,492,532,535,1071,828,1749,465,1095,1999,65,1633,2005,723,1007,1379,1485,1878,1666
523: 1328,1251,1440
524: 1563
1831: 
526: 596
527: 401,1902,286,226,1229,1368,1381,1600,1482,1621,315,2008,1271,1114,1465,99,1428
1913: 
529: 341,1528
1809: 1106,228,103
531: 
532: 1694,1838,1852,1934,1390,492,535,1071,828,1749,465,522,1095,1999,1633,2005,1007,1379,1485,1878,1572
533: 1375
534: 1808,1123,1241
535: 1694,1838,638,1852,1934,1390,492,532,1071,828,1749,465,522,1095,1999,65,1633,2005,1007,1379,1485,1878,1572
536: 671,1727
537: 
538: 55
539: 630,159
540: 
541: 1900,1704,1353
542: 958,1059,1083,1149,639,1849,1213,1753,790,922,2018,597
543: 1453,88
544: 1620,2011,1718,1632,1023,1303,511,2017,291,1795,1119,1908,1882,261
545: 995,1567
546: 403,2019,64,168,1382,1938,987,1326,1074,848,1070
547: 339,779,494,1209,1022,1865,2015,1198,1754,1175,1173
548: 
549: 
550: 385,654,478,860,1294,1546,1383,1576,1099,687,1888,707,1393,2014,342,100
551: 
552: 942,787
1812: 1806
554: 1481,50,1413,1631
555: 
556: 759,883
557: 142,335,2001,404,629,1238,1466,172,921
1906: 
1991: 
560: 0,39,142,1194,1952,335,2001,404,629,1238,1466,172,921,701,722,316
561: 66,1797,1584,1250,1626,1048,107,2016,1543
562: 
563: 
1600: 447,1381,1424,1580,1705,1482,1621,315,1969,1715,1266,154,681,2008,1271,322,1114,1529,1465,99,1428,401,1902,286,527,1368
565: 1122,712
1701: 
567: 
1870: 
569: 254
570: 
571: 
572: 52,605
573: 1158,1077
574: 794,1791,389,1284
575: 1289
1819: 
1904: 
578: 
579: 1267
580: 
581: 851
582: 788
1744: 
584: 1581
585: 
1760: 450,1961,1292,1682,1699,695,40,1994,756,1739,1974,1142,1885,2004,1648,617
587: 
1968: 
589: 
590: 
591: 886
592: 1120,747,752,310,519,830,2002,1163,174,1843,309,387,1469,1558,857,461,1763,1887,1564
593: 20,1804
1962: 1818,893,894
1766: 
596: 526
597: 1213,1753,1431,790,922,2018,1674,187,135,542,1059,639,1849
598: 
599: 1681
600: 1918,812,299,2003,694,610,1663,1111
1653: 
602: 424
603: 265
604: 1959,1157
605: 52,572
606: 940,818
1670: 
1747: 1769,211
609: 1620,2011,1718,1632,1303,511,2017,291,109,1119,1908
610: 1918,812,600,299,2003,694,1111
611: 1595,241,951
612: 62,665
1800: 396
614: 
615: 1169,1702,2010,727,1717,1101,934,1332,1509,1476
616: 
617: 40,1994,756,1739,1974,1142,1885,1017,2004,1648,450,1961,1292,1682,1760,1699
618: 240,311
619: 1734,943,1893,1272
620: 
621: 
622: 
623: 
624: 1133
625: 383
626: 
1722: 
628: 
629: 0,39,560,142,1952,335,2001,404,1238,1466,557,172,921,701,316
630: 1936,539
631: 1316,1066
1708: 
633: 
634: 
635: 
636: 1269,1345,314
637: 239
638: 1852,1934,492,535,1071,828,1749,522,1095,1999,65,2005,723,1007,1485,1666
639: 958,542,1059,1083,1149,1849,1213,1753,790,922,2018,135,597
640: 
641: 
642: 
643: 1036
644: 133,2000,1630,1257,2013,1935,1230,1255,1526,814,1772,1680,1855,882,751,810,474,197,173,1671,1096,1052,669
1806: 1812
646: 1441,711,753
647: 
1603: 1005,925
649: 146
1745: 8,1348,462
651: 377,782
652: 
653: 1499
654: 385,550,478,860,1294,1383,1576,1099,687,207,1888,1103,707,1393,2014,1146,1058,342,100
655: 184,355,1523,816
656: 275,1608
657: 666,895,1079,1839,1280
658: 
659: 
660: 1044,1131
661: 447,1424,1580,305,315,1266,681,2008,1618,1529,1465,99,1428,286,1322,1368
662: 901,422,936,957,1728
663: 
664: 1990,1026,1896,419,1982
665: 612,62
666: 895,657,1839
667: 
668: 
669: 1096,1052,56,195,133,2000,1257,2013,1935,1230,1255,1526,1772,644,1855,882,474,197,1671
670: 339,779,494,1209,1022,1865,2015,1198,1175,1391,1173,1380,338
671: 1727,536
672: 1942,1462
1687: 945,1698,972,257,2007,1828,1552,1535,2006,1150,1758,466,1665
674: 39,1194,1952,2001,404,1466,900,701,722,316
1672: 
676: 1724
1882: 1620,2011,1632,1023,1303,2017,291,1795,1119,1908,544
1663: 1111,898,812,600,299,2003,694,1735
679: 1087,1002
680: 1333
681: 447,1424,1600,1580,1705,907,305,661,263,315,1969,1715,154,2008,1114,1465,99,1428,286,1368
1810: 
683: 699,973
1983: 1197,1204,1606
1711: 924,1151
686: 1293
687: 385,550,654,478,860,1294,1546,1383,1576,1099,1103,707,1393,2014,1146,1058,342,100
1643: 
689: 
690: 1385,1768,1697
1965: 
692: 1832
1993: 
694: 1918,812,600,299,2003,610,1735,1663,1111,898
695: 450,1961,1292,1682,1760,1699,40,1994,1739,1142,2004,1648,1700,1987,337,1863,176
696: 1090
697: 1638,1645,1281,729,1943,1145,1395,495,1170,1296,1278,1625,2009,1647
698: 
699: 683,1245,973
700: 
701: 0,39,560,142,1194,1952,335,2001,404,629,1466,900,172,722,316,674
702: 
703: 251,378
1883: 1746,259,897,950
1971: 1842,1774
706: 
707: 1393,850,2014,1146,1058,342,1888,1103,385,550,654,478,860,1294,1546,1383,1576,1099,687
1982: 1990,664,419
709: 
710: 
711: 646
712: 1122,565
713: 
714: 326
715: 239
716: 
717: 
1662: 1673,1505
719: 1779
720: 
721: 
722: 0,39,560,142,1194,1952,335,2001,404,1466,900,172,701,316,674
723: 1095,1999,65,2005,1007,1485,1878,1666,638,1852,1934,828,1749,522
1758: 945,1698,972,257,1886,1687,2007,1828,1552,1535,2006,249,1039,1150,1011,1318,466,73,1665
1775: 
726: 
727: 2010,1053,67,856,1602,223,1717,1101,792,458,1386,934,1332,1509,1476,615,1702
728: 1830,1642
729: 1995,1638,1645,1281,1102,697,1943,1395,1170,477,1278,1625,2009,1647
730: 
731: 
732: 
733: 
1977: 1488,1862
735: 
736: 
737: 1797,1584,1250,1191,107,117,2016,150,91,287
1997: 
739: 
740: 
1912: 1508,1401,1531,2019,64,1538,1382,1,444
742: 515
1710: 846
744: 
745: 
1911: 1793
747: 1548,1120,752,310,519,830,2002,1163,592,174,1771,1843,309,387,1469,1558,857,778,1780,461,1763,1887,1729,1564,323
1637: 1596
1817: 1607
750: 1866
751: 133,2000,1630,298,1257,996,2013,1935,1230,119,1255,1526,814,1569,1555,644,1680,882,202,1483,810,916,474,173,1671,1096,1052
752: 1548,1120,747,310,519,830,2002,1163,592,174,1771,1843,309,387,1469,1558,857,778,461,1763,1887,1564
753: 646,1441
1928: 
755: 1834,1854,1239,284,2012,1100,262,866,317,205
756: 40,1994,1739,1974,1142,1885,1017,2004,617,1961,1682,1760,1699,1700,1076,1987,337,1863,176,1327
757: 1117,1685
758: 824,811,517,268,1411
759: 556,1676,883
760: 
761: 
1838: 1694,1852,1934,1390,492,532,535,1071,1749,465,522,2005,1007,1485,1878,1666
763: 1244
1753: 1213,1431,790,922,2018,1674,135,597,542,1059,1083,1149,639,1849
765: 
766: 
767: 1330,1996
768: 
2004: 40,1994,756,1739,1974,1142,1885,1017,1648,617,450,1961,1292,1682,1760,1699,695,1700,456,1076,1987,337,190,1863,176,1327
770: 
771: 1140,780
772: 
1954: 426
1622: 1340
775: 
776: 
777: 
778: 1780,461,1763,1887,1729,1564,323,747,752,2002,1163,1843,1469,1558,857
779: 339,494,1209,547,1022,1865,2015,670,1198,1754,1175,1173
780: 1684,771,1140
781: 
782: 377,651
783: 
1863: 1700,456,1076,1987,337,190,176,1327,1961,1699,695,1994,756,1739,1142,1017,2004
785: 475
786: 
787: 552,942,1030,1659
788: 582
789: 
790: 1213,1753,1431,922,2018,187,597,958,542,1059,1083,639,1849
791: 
792: 2010,350,1053,67,856,156,1602,223,727,1717,296,1101,458,1386,1332,1509,1476,1702
793: 
794: 574,1791,389,1284
795: 
796: 
1696: 876,1254,1853
798: 
799: 
800: 
801: 
2012: 1225,1834,1854,1239,284,1100,755,262,866,317,205
1900: 541,1704
1779: 719
805: 
806: 
807: 
808: 1844,276,513
809: 
810: 133,2000,1915,1630,298,1257,996,844,2013,1935,1230,119,1255,1526,814,1569,1555,644,1680,1855,882,202,1483,751,916,474,197,173,1671,1096,970,1052,1821,56,1451,195
811: 758,824,517,268,1411
812: 1918,600,299,2003,694,610,1663,1111
1893: 1734,619,943,1094
814: 133,2000,1630,996,844,2013,1935,1526,1569,644,1680,202,751,810,173,1671
815: 
816: 184,374,355,988,655,1523
817: 1582,1181
818: 940,606
819: 236
1823: 
2011: 1620,1718,1632,1023,1303,511,609,2017,291,109,1795,1119,1908,544,1882,261
822: 
1849: 958,542,1059,1083,1149,639,1213,1753,790,922,2018,187,597
824: 758,811,517,268,1411
825: 
1640: 
827: 1143
828: 638,1852,1934,1390,492,532,535,1071,1749,522,1095,1999,65,1633,2005,723,1007,1485
829: 
830: 1548,1120,747,752,310,519,2002,1163,592,174,1843,309,387,1469,1558,461,1887,1564
831: 1601,983
832: 1409
1754: 339,779,494,1209,547,1865,2015,1198,1173
834: 1692,1304,1253
835: 
836: 
837: 1956
838: 
839: 1585
1851: 
841: 1137
1741: 1522
1887: 778,1780,461,1763,1729,1564,323,1120,747,752,310,830,2002,1163,592,1843,1469,1558,857
844: 133,2000,1915,1630,298,1257,996,2013,1935,119,814,1569,1680,1855,1483,810,916,197,173,1671,970,195
845: 
846: 1710
847: 
848: 403,2019,64,168,1538,1382,546,1938,1,1326,1074,1171,1070,1508,1531
849: 
850: 707,1393,2014,1146,1058,1167,342,207,1103,1383
851: 581
852: 254
853: 1972,1141,160
854: 
855: 968
856: 2010,1053,67,156,1602,223,727,1717,296,1101,792,1386,1509,1476,1169,1702
857: 747,752,310,2002,1163,592,1843,1558,778,1780,461,1763,1887,1729,323
858: 
859: 1899
860: 385,550,654,478,1294,1546,1383,1576,1099,687,1103,707,1393,2014,100
861: 1866
862: 1474
1718: 1620,2011,1632,1023,1303,511,609,2017,291,109,1795,1119,1908,544,261
1752: 
1978: 
866: 1854,1239,2012,1100,755,262,317
867: 
1892: 1021,1113
869: 1359,1652
870: 
871: 
872: 1966
2009: 1287,1976,477,1296,1278,1625,1487,1046,1647,1995,1638,1645,1281,729,1102,697,1943,1145,1395,495,1170
874: 
875: 
876: 1254,1981,1853,1696
1723: 147
878: 
1620: 2011,1718,1632,1023,1303,511,609,2017,291,109,1795,1119,1908,544,1882
880: 229,89,1248
1610: 1693,1922
882: 133,2000,1257,996,2013,1935,1230,119,1255,1526,1555,644,1680,202,1483,751,810,916,474,173,1671,1096,1052,1821,56,1451,669
883: 556,1676,759
884: 
885: 
886: 591
887: 
888: 1121,491
889: 
1852: 1694,1838,638,1934,1390,492,532,535,1071,828,1749,522,1095,1999,65,1633,2005,723,1007,1485,1878,1666
891: 
1871: 
893: 1962,1818,894
894: 1962,1818,893
895: 666,657,1079,1839,1280
1958: 1068,1054,1160,320
897: 1746,259,1883,950
898: 1663,2003,694,1735
899: 1612,1511,906,1475
900: 0,1194,1952,2001,404,1466,172,701,722,316,674
901: 422,936,662,1728
902: 1361
903: 
904: 
905: 136
906: 1105,1475,1511,899,1612
907: 447,1424,1580,1705,305,263,315,1969,1715,154,681,2008,1529,1465
908: 
1915: 133,2000,1630,298,1257,996,844,2013,1935,1230,119,1569,1555,1680,1855,1483,810,916,197,173,1671,1096,970,1052,1821,56,1451,195
910: 
911: 
1972: 391,853,1141,160
913: 1006,44
914: 303
915: 34
916: 133,2000,1915,298,1257,996,844,2013,1230,119,1255,1569,1555,1680,882,202,1483,751,810,474,197,173,1671,1096,970,1052,1821,56,1451,195
917: 1200,997
1674: 1213,1753,1431,922,2018,135,597
919: 
920: 
921: 0,39,560,142,1952,335,2001,404,629,1238,557,172
922: 1213,1753,1431,790,2018,1674,187,135,597,542,1059,1083,639,1849
1956: 837
924: 1711,1106,1151,228
925: 1603,1005,454
1716: 
927: 
1902: 401,286,226,1229,1322,527,1368,1600,1482,1621,1266,2008,1271,99,1428
1899: 859
930: 
931: 1789
1650: 
933: 
934: 2010,350,156,1602,727,1717,1101,458,1386,1332,1509,1476,615,1702
935: 
936: 901,422,957,662,1728
937: 29
1790: 
939: 
940: 818,606
1847: 
942: 552,787,1030,1659
943: 1734,619,1893,1094
944: 
945: 1698,972,257,1886,1687,2007,1828,1552,1535,2006,249,1039,1150,1758,1011,1318,466,73
946: 278,1184,1547
947: 
948: 
1959: 604,1157
950: 1746,259,1883,897
951: 1595,611,241
952: 
1858: 
1953: 
955: 1089
956: 
957: 936,662,1728
958: 542,1059,1083,1149,639,1849,790,2018
959: 
960: 
961: 980,1802
1945: 33,1533
1638: 1995,1645,1281,729,1102,697,1943,1145,1395,495,1170,477,1296,1278,2009
964: 
965: 
966: 420,1439,1115
967: 1593
968: 855
969: 
970: 1096,1052,1821,56,1451,195,2000,1915,298,1257,844,2013,1230,119,1555,810,916,197,173,1671
971: 395,344
972: 945,1698,257,1886,1687,2007,1828,1552,1535,2006,1150,1758,1011,1318,73
973: 683,1245,699
974: 
1933: 1939
1950: 
977: 123,1636
978: 1310,1794
979: 
980: 961,1802
1846: 1289
982: 201,1259
983: 1601,831
984: 15,1177,1426
985: 
986: 
987: 403,2019,168,1382,546,1326,1074,1171,444,1070
988: 184,374,355,1523,816
1905: 
990: 
991: 
992: 
993: 
994: 
995: 1567,545
996: 133,2000,1915,1630,298,844,2013,1935,1230,119,1526,814,1569,1680,882,202,1483,751,810,916,197,173,1671
997: 917,1200
998: 
999: 
1000: 1324
1001: 
1002: 1087,679,1237
1003: 1107,1030,1659
1686: 
1005: 1603,925,454
1006: 913
1007: 1095,1999,65,1633,2005,723,1379,1485,1878,1666,1572,1694,1838,638,1852,1934,1390,492,532,535,1071,828,1749,465,522
1008: 
1009: 
1749: 1694,1838,638,1852,1934,1390,492,532,535,1071,828,465,522,1095,1999,1633,2005,723,1007,1379,1485,1878,1666,1572
1011: 945,1698,972,257,1886,2007,1828,1552,1535,2006,249,1039,1150,1758,1318,466,73,1665
1636: 123,977
1013: 1415
1014: 
1767: 
1740: 
1017: 40,1994,756,1739,1974,1142,1885,2004,1648,617,1699,1700,456,1076,1987,337,1863,176,1327
1018: 
1793: 1911
1020: 
1021: 1892,1113
1022: 339,779,1209,547,1865,2015,670,1198,1175,1391,1380,338
1023: 1620,2011,1718,1632,1303,2017,291,1795,1119,1908,544,1882
1024: 319,1629
1025: 
1026: 664,1896
1027: 1306
1931: 
1029: 
1030: 1003,1107,1659,942,787
1715: 447,1424,1600,1580,1705,907,263,315,1969,154,681,2008,1114,1529,1465,99
1604: 1557,1589
1033: 340
1034: 1081,1291,1689
1035: 134
1036: 643
1037: 
1038: 
1039: 945,1698,1886,2007,1828,1535,2006,249,1150,1758,1011,466,73,1665
1040: 
1041: 1517
1957: 
1043: 
1044: 660,1131
1970: 1921
1046: 1287,1976,477,1296,1278,1625,2009,1487,1647,1645,1170
1047: 
1048: 66,561,1797,1584,1250,1626,1191,107,2016,1261,91,1543,287
1049: 1786,252
1050: 
1051: 
1052: 1096,970,1821,56,1451,669,195,133,2000,1915,1257,2013,1230,119,1255,1526,1555,644,882,202,1483,751,810,916,474,197,1671
1053: 2010,350,67,856,156,1602,223,727,1717,296,1101,792,458,1386,1332,1509,1476
1054: 1958,1068,1160,320
1055: 
1056: 
1057: 
1058: 707,1393,850,2014,1146,342,1103,385,654,1294,1383,1576,1099,687
1059: 958,542,1083,1149,639,1849,1213,1753,790,922,2018,187,135,597
1060: 
1061: 
1975: 1125,12
1063: 
1925: 1365,1824
1065: 358
1066: 1316,457,631
1067: 1460,1553
1068: 1958,1054,1160,320
1963: 
1070: 403,2019,64,168,1382,546,1938,1,987,1326,1074,1171,444,848
1071: 1694,1838,638,1852,1934,1390,492,532,535,828,1749,465,522,1095,1999,1633,2005,1007,1379,1485,1878,1666,1572
1072: 
1725: 439
1074: 403,2019,168,1538,1382,546,1938,1,987,1326,1171,848,1070
2018: 1213,1753,1431,790,922,1674,187,135,597,958,542,1059,1083,1149,639,1849
1076: 1700,456,1987,337,190,1863,176,1327,756,1017,2004
1077: 1158,573
1802: 980,961
1079: 895,657,1839,1280
1080: 
1081: 1034,1291
1690: 
1083: 958,542,1059,1149,639,1849,1213,1753,790,922,2018,187
1084: 1848,1751,53
1085: 
1939: 1933,93
1087: 679,1237,1002
1088: 
1089: 955
1090: 696
1091: 1501
1092: 
1795: 1620,2011,1718,1632,1023,1303,511,2017,291,109,1119,1908,544,1882,261
1094: 1734,943,1893
1095: 1999,65,1633,2005,723,1007,1379,1485,1878,1666,1572,1694,638,1852,1934,1390,492,532,535,1071,828,1749,465,522
1096: 970,1052,1821,56,1451,669,195,133,2000,1915,1257,2013,1935,1230,119,1255,1526,1555,1772,644,1680,1855,882,751,810,916,474,197,173,1671
1097: 
1098: 
1099: 385,550,654,478,860,1294,1546,1383,1576,687,707,1393,2014,1058,342
1100: 1225,1834,1854,1239,284,2012,755,262,866,317,205
1101: 2010,350,1053,67,856,156,1602,727,1717,792,458,1386,934,1332,1509,1476,615,1702
1102: 1995,1638,1645,1281,729,1943,1395,1170,477,2009,1647
1103: 207,1888,707,1393,850,2014,1146,1058,1167,342,100,654,478,860,1383,687
1104: 
1105: 906,1475,1511
1106: 924,228,1809
1107: 1003,1030,1659
1108: 
1109: 
1110: 405,1518,1353
1111: 1663,812,600,299,2003,694,610
1739: 40,1994,756,1974,1142,1885,1017,2004,1648,617,450,1961,1292,1682,1760,1699,695,1700,1987,337,1863,176,1327
1113: 1021,1892
1114: 447,1381,1424,1600,1580,1705,1482,1621,315,1969,1715,1266,154,681,2008,1271,322,1465,99,1428,401,286,527,1368
1115: 966,420,1439
1876: 
1117: 757,1685
1118: 
1119: 1620,2011,1718,1632,1023,1303,511,609,2017,291,109,1795,1908,544,1882,261
1120: 1548,747,752,310,519,830,2002,1163,592,174,1771,1843,309,387,1469,1558,461,1763,1887,1564
1121: 888,491
1122: 565,712
1123: 1808,534,1241
1897: 1733
1125: 1609,1975,12
1126: 
1127: 
1919: 
1951: 
1130: 1592
1131: 660,1044
1607: 1817
1133: 624
1976: 1287,477,1296,1278,1625,2009,1487,1046,1647,1995,1645,1395,1170
2015: 339,779,494,1209,547,1022,1865,670,1198,1754,1175,1391,1173,1380,338
1646: 
1137: 841
1729: 778,1780,1763,1887,323,747,310,2002,1163,1843,1469,1558,857
1139: 1805
1140: 771,780,1684
1141: 1972,853,160
1142: 40,1994,756,1739,1974,1885,1017,2004,1648,617,450,1961,1292,1682,1760,1699,695,1700,337,1863,176,1327
1143: 827
1780: 778,461,1763,1887,1729,1564,323,747,2002,1469,1558,857
1145: 1638,1645,1281,697,1943,1395,495,1170,1287,1296,1278,2009
1146: 707,1393,850,2014,1058,1167,342,207,1888,1103,100,385,654,1383,687
1147: 1860
1717: 2010,350,1053,67,856,156,1602,223,727,296,1101,792,458,1386,934,1332,1509,1476,1169,615,1702
1149: 958,542,1059,1083,639,1849,1213,1753,2018
1150: 945,1698,972,257,1886,1687,2007,1828,1535,2006,249,1039,1758,1011,1318,466,73,1665
1151: 1711,924,228
1844: 808
1659: 1003,1107,1030,942,787
1154: 
1155: 
1156: 
1157: 604,1959
1158: 1077,573
1159: 
1160: 1958,1068,1054,320
1161: 1837
2005: 1095,1999,65,1633,723,1007,1379,1485,1878,1666,1572,1694,1838,638,1852,1934,1390,492,532,535,1071,828,1749,465,522
1163: 1548,1120,747,752,310,519,830,2002,592,174,1771,1843,309,1469,1558,857,778,461,1763,1887,1729
1164: 234
1165: 
1166: 
1167: 1393,850,2014,1146,342,207,97,1888,1103,1383
1168: 
1169: 615,1702,2010,856,223,1717,1509
1170: 1995,1638,1645,1281,729,1102,697,1943,1145,1395,495,1287,1976,477,1296,1278,1625,2009,1487,1046,1647
1171: 403,2019,168,1538,1382,1,987,1326,1074,444,848,1070,1401
1777: 
1173: 339,779,494,1209,547,2015,670,1198,1754,1391
1174: 
1175: 779,494,1209,547,1022,1865,2015,670,1198,1391,1380,338
1872: 
1177: 984,15,1426
1178: 
1943: 1995,1638,1645,1281,729,1102,697,1145,1395,495,1170,477,1296,1278,1625,2009,1647
1180: 
1181: 817,1582
1182: 
1183: 
1184: 1547,946,278
1185: 1677,20,250,1756,1743,25
1719: 1628
1187: 
1188: 
1727: 671,536
1190: 222,415
1191: 1797,1584,1250,1048,737,107,117,2016,45,150,91,1543,287
1192: 
1193: 360,293,1352
1194: 39,560,142,1952,335,2001,404,1466,900,172,701,722,316,674
1195: 
1196: 
1197: 1983,1204,1606
1198: 339,779,494,1209,547,1022,1865,2015,670,1754,1175,1391,1173
1199: 
1200: 917,997
1201: 13
1202: 
1203: 1366
1204: 1606,1197,1983
1734: 619,943,1893,1094
1842: 1971,1774
1207: 
1208: 
1209: 339,779,494,547,1022,1865,2015,670,1198,1754,1175,1391,1173,338
1210: 
1794: 978,1310
1769: 1747,211
1213: 1753,1431,790,922,2018,1674,135,597,542,1059,1083,1149,639,1849
1952: 39,560,142,1194,335,2001,404,629,1466,900,172,921,701,722,316,674
1804: 20,593,250
1216: 
1217: 
1218: 
1219: 
1220: 1586,471
1221: 
1222: 
1742: 153
1224: 
1225: 1239,284,2012,1100,262,317
1679: 
1227: 
2013: 133,2000,1915,1630,298,1257,996,844,1935,1230,119,1255,1526,814,1569,1555,1772,644,1680,1855,882,202,1483,751,810,916,474,197,173,1671,1096,970,1052,1821,56,1451,669,195
1229: 401,1902,286,226,1322,527,1368,1424,1482,1621,1266,2008,1618,1271,99,1428
1230: 133,2000,1915,1630,1257,996,2013,1935,119,1255,1526,1772,644,1680,1855,882,751,810,916,474,197,173,1671,1096,970,1052,1821,56,669,195
1231: 181
1232: 
1233: 
1234: 
1914: 
1868: 
1237: 1087,1002
1238: 560,142,335,2001,404,629,557,172,921
1239: 1225,1854,284,2012,1100,755,262,866,317,205
1936: 630
1241: 1808,1123,534
1242: 
1633: 1095,1999,65,2005,1007,1379,1485,1878,1666,1572,1694,1852,1390,492,532,535,1071,828,1749,465,522
1244: 763
1245: 699,973
1246: 
1608: 275,656
1248: 229,89,880
1249: 
1250: 66,561,1797,1584,1626,1048,1191,737,107,2016,150,91,1543,287
1251: 1328,1440,523
1252: 1571,3
1253: 1692,834,1304
1254: 876,1981,1853,1696
1255: 133,2000,1257,2013,1935,1230,119,1526,1555,1772,644,1680,1855,882,202,751,810,916,474,1671,1096,1052,1821,56,1451,669,195
1256: 
1257: 133,2000,1915,1630,298,844,2013,1935,1230,119,1255,1555,1772,644,1680,1855,882,1483,751,810,916,474,197,173,1671,1096,970,1052,1821,56,1451,669,195
1666: 1095,1999,65,1633,2005,723,1007,1379,1485,1878,1694,1838,638,1852,1934,492,1071,1749,522
1259: 982
1669: 
1261: 2016,45,150,91,1543,287,66,1797,1626,1048,107
1890: 1336,1454
1658: 345
1960: 
1797: 66,561,1584,1250,1626,1048,1191,737,107,117,2016,45,150,1261,91,1543,287
1266: 447,1424,1600,1580,1482,1621,305,661,315,154,2008,1618,1271,322,1114,1529,1465,99,1428,1902,286,1229,1322,1368
1267: 579
1628: 1719
1269: 1345,636,314
1270: 
1271: 447,1381,1424,1600,1580,1705,1482,1621,315,1969,1266,154,2008,1618,322,1114,1529,1465,99,1428,401,1902,286,1229,1322,527,1368
1272: 619
1684: 780,1140
1671: 133,2000,1915,1630,298,1257,996,844,2013,1935,1230,119,1255,1526,814,1569,1772,644,1680,1855,882,202,1483,751,810,916,474,197,173,1096,970,1052,1821,56,669,195
1818: 1962,893,894
1276: 
1277: 
1278: 1287,1976,477,1296,1625,2009,1487,1046,1647,1638,1645,1281,729,697,1943,1145,1395,495,1170
1279: 155,1550,141
1280: 895,657,1079,1839
1281: 1638,1645,729,1102,697,1943,1145,1395,495,1170,1278,2009
1678: 
1283: 
1284: 574,794,1791,389
1285: 
1286: 393
1287: 1976,477,1296,1278,1625,2009,1487,1046,1645,1145,1170
1288: 
1289: 575,1846
1290: 5
1291: 1081,1034
1292: 450,1961,1682,1760,1699,695,40,1994,1739,1142,2004,1648,617
1293: 686
1294: 385,550,654,478,860,1546,1383,1576,1099,687,707,1393,2014,1058
1888: 207,1103,707,1393,2014,1146,1167,342,100,385,550,654,478,1383
1296: 1287,1976,477,1278,1625,2009,1487,1046,1647,1638,1645,697,1943,1145,1395,495,1170
1297: 
1298: 215
1299: 148
1300: 
1881: 
1302: 
1303: 1620,2011,1718,1632,1023,609,2017,291,109,1795,1119,1908,544,1882
1304: 1692,834,1253
1305: 1320,390
1306: 1027
1307: 
1308: 
1309: 
1310: 978,1794
1311: 1329,1706
1312: 
1313: 
1314: 
1315: 
1316: 1066,457,631
1317: 1813
1318: 945,1698,972,257,1886,2007,1828,1552,1535,2006,249,1150,1758,1011,73
1319: 81
1320: 1305,390
1808: 1123,534,1241
1322: 1902,286,226,1229,1368,1424,1482,1621,661,1266,2008,1618,1271,99,1428
1323: 
1324: 1000
1325: 
1326: 403,2019,64,168,1538,1382,546,1938,1,987,1074,1171,444,848,1070,1508,1401,1531
1327: 1700,456,1076,1987,337,190,1863,176,1994,756,1739,1974,1142,1885,1017,2004
1328: 1251,1440,523
1329: 1706,1311
1330: 767,1996
1331: 
1332: 2010,350,1053,67,156,1602,727,1717,1101,792,458,1386,934,1509,1476,615,1702
1333: 680
1334: 1826
1335: 
1336: 1890,1454
1337: 
1338: 
1339: 
1340: 1622
2003: 1918,812,600,299,694,610,1735,1663,1111,898
1762: 
1691: 158,369
1344: 180
1345: 1269,636,314
1346: 
1909: 
1348: 462,1745
1349: 
1350: 
1351: 
1352: 360,293,1193
1353: 1704,1110,541
1354: 
1355: 
1356: 
1668: 
1358: 
1359: 869,1652
1648: 40,1994,1739,1974,1142,1885,1017,2004,617,450,1292,1760,1699,695,1700,1987
1361: 902
1706: 1329,9,501,1311
1645: 1638,1281,729,1102,697,1943,1145,1395,495,1170,1287,1976,477,1296,1278,1625,2009,1487,1046,1647
1364: 
1365: 1925,1824
1366: 1203
1367: 
1368: 401,1902,286,226,1229,1322,527,1381,1424,1600,1482,1621,661,315,1266,681,2008,1618,1271,322,1114,1465,99,1428
1369: 
1774: 1971,1842
1371: 
1372: 
1783: 240
1374: 
1375: 533
1773: 144,57,1923
1377: 1664
1378: 
1379: 1095,1999,1633,2005,1007,1485,1878,1666,1572,1694,1390,532,535,1071,1749,465,522
1380: 338,1022,1865,2015,670,1175,1391
1381: 1600,1482,1621,1969,154,2008,1271,322,1114,1465,99,401,527,1368
1382: 403,2019,64,168,1538,546,1938,1,987,1326,1074,1171,444,848,1070,1508,1401,1912,1531
1383: 385,550,654,478,860,1294,1576,1099,687,207,1888,1103,707,1393,850,2014,1146,1058,1167,342,100
1384: 
1385: 1768,1697,690
1386: 2010,350,1053,67,856,156,1602,223,727,1717,296,1101,792,458,934,1332,1509,1476,1702
2008: 447,1381,1424,1600,1580,1705,1482,907,1621,305,661,263,315,1969,1715,1266,154,681,1618,1271,322,1114,1529,1465,99,1428,401,1902,286,226,1229,1322,527,1368
1894: 
1785: 
1390: 1694,1838,1852,1934,492,532,535,1071,828,1749,465,522,1095,1633,2005,1007,1379,1485,1878,1572
1391: 339,494,1209,1022,2015,670,1198,1175,1173,1380,338
1392: 
1393: 707,850,2014,1146,1058,1167,342,207,1888,1103,100,385,550,654,478,860,1294,1383,1576,1099,687
1731: 
1395: 1638,1645,1281,729,1102,697,1943,1145,495,1170,1976,477,1296,1278,1625,2009,1647
1922: 1693,1610
1916: 
1398: 
1399: 
1400: 
1401: 1508,1912,1531,403,2019,64,1538,1382,1,1326,1171,444
1402: 
1781: 
1404: 
1405: 
1889: 
1407: 1468
1730: 
1409: 832
1410: 
1411: 758,824,811,517,268
1412: 
1413: 1481,554,1631
1903: 
1415: 1013
1416: 
1694: 1838,1852,1390,492,532,535,1071,1749,465,522,1095,1633,2005,1007,1379,1485,1878,1666,1572
1966: 872
1626: 66,561,1797,1584,1250,1048,107,2016,150,1261,91,1543
1420: 1473,256,1623,213
1421: 
1855: 133,2000,1915,1630,1257,844,2013,1935,1230,119,1255,1526,1772,644,1680,810,474,197,173,1671,1096,56,669,195
1423: 
1424: 447,1600,1580,1705,1482,907,305,661,315,1969,1715,1266,154,681,2008,1618,1271,322,1114,1529,1465,99,1428,286,1229,1322,1368
1425: 1964
1426: 984,15,1177
1427: 
1428: 447,1424,1600,1580,1482,1621,305,661,315,1969,1266,154,681,2008,1618,1271,322,1114,1529,1465,99,1902,286,226,1229,1322,527,1368
1429: 
1736: 
1431: 1213,1753,790,922,2018,1674,187,597
1784: 
1433: 
1434: 
1682: 450,1961,1292,1760,1699,695,40,1994,756,1739,1974,1142,2004,617,337
1436: 
1437: 
1438: 
1439: 966,420,1115
1440: 1328,1251,523
1441: 646,753
1442: 
1942: 1462,672
1444: 
1599: 
1721: 1989,26
1862: 1977,1488
1448: 
1449: 
1450: 140
1451: 1096,970,1052,1821,56,195,133,2000,1915,298,1257,2013,119,1255,1555,882,202,1483,810,916,197,173
1452: 
1453: 543,88
1454: 1336,1890
2016: 117,45,150,1261,91,1543,287,66,561,1797,1584,1250,1626,1048,1191,737,107
1949: 
1681: 599
1798: 
1459: 244
1460: 1553,1067
1461: 
1462: 1942,672
2019: 403,64,168,1538,1382,546,1938,1,987,1326,1074,1171,444,848,1070,1508,1401,1912,1531
1464: 
1465: 447,1381,1424,1600,1580,1705,1482,907,1621,305,661,315,1969,1715,1266,154,681,2008,1618,1271,322,1114,1529,99,1428,286,527,1368
1466: 0,39,560,142,1194,1952,335,2001,404,629,557,900,172,701,722,316,674
2002: 1548,1120,747,752,310,519,830,437,1163,592,174,1771,1843,309,387,1469,1558,857,778,1780,461,1763,1887,1729,1564,323
1468: 1407
1469: 1120,747,752,310,830,2002,1163,592,174,1843,309,387,1558,778,1780,461,1763,1887,1729,1564,323
1685: 757,1117
1471: 
1472: 
1473: 1420,256,1623,213
1474: 862
1475: 1105,906,1511,899,1612
1476: 2010,350,1053,67,856,156,1602,223,727,1717,1101,792,458,1386,934,1332,1509,615,1702
1477: 
1478: 
1479: 
1935: 133,2000,1915,1630,1257,996,844,2013,1230,119,1255,1526,814,1569,1772,644,1680,1855,882,202,751,810,474,197,173,1671,1096,669
1481: 50,441,554,1413,1631
1482: 1381,1424,1600,1621,315,1266,154,2008,1618,1271,322,1114,1529,1465,99,1428,401,1902,286,226,1229,1322,527,1368
1483: 133,2000,1915,298,1257,996,844,2013,119,1569,1555,1680,882,202,751,810,916,173,1671,1052,1821,1451
1856: 
1485: 1095,1999,65,1633,2005,723,1007,1379,1878,1666,1572,1694,1838,638,1852,1934,1390,492,532,535,1071,828,1749,522
1486: 
1487: 1287,1976,477,1296,1278,1625,2009,1046,1647,1995,1645,1170
1488: 1977,1862
1489: 
1490: 512,1551
1961: 450,1292,1682,1760,1699,695,40,1994,756,1739,1142,2004,617,1700,1987,337,1863,176
1492: 
1493: 
1494: 
1495: 
1496: 
1768: 1385,1697,690
1698: 945,972,257,1886,1687,2007,1828,1552,1535,2006,249,1039,1150,1758,1011,1318,466,73,1665
1499: 653
2014: 707,1393,850,1146,1058,1167,342,207,1888,1103,100,385,550,654,478,860,1294,1546,1383,1576,1099,687
1501: 1091
1832: 692
1503: 
1504: 1827
1505: 1662
1506: 1880
1656: 193
1508: 1401,1912,1531,2019,64,1538,1382,1938,1,1326,444,848
1509: 2010,1053,856,156,1602,223,727,1717,1101,792,1386,934,1332,1476,1169,615,1702
1625: 1287,1976,477,1296,1278,2009,1487,1046,1647,1995,1645,729,697,1943,1395,495,1170
1511: 1105,906,1475,899,1612
1830: 728,1880
1513: 
1514: 
1515: 
1516: 1764
1517: 1041
1518: 405,1110
1519: 
1520: 
1521: 
1522: 1741
1523: 184,374,355,988,655,816
1524: 
1525: 
1526: 133,2000,1630,996,2013,1935,1230,1255,814,1772,644,1680,1855,882,202,751,810,474,173,1671,1096,1052,669
1527: 
1528: 341,529
1529: 447,1424,1600,1580,1705,1482,907,305,661,315,1969,1715,1266,154,2008,1618,1271,322,1465,1428
1629: 319,1024
1531: 1508,1401,1912,2019,64,1538,1382,1938,1,1326,444,848
1647: 1976,477,1296,1278,1625,2009,1487,1046,1995,1645,729,1102,697,1943,1395,1170
1533: 33,1945
1987: 1700,456,1076,337,190,1863,176,1327,450,1961,1699,695,1994,756,1739,1885,1017,2004,1648
1535: 945,1698,972,257,1886,1687,2007,1828,1552,2006,249,1039,1150,1758,1011,1318,466,73,1665
1536: 
1813: 1317
1538: 403,2019,64,1382,1938,1,1326,1074,1171,444,848,1508,1401,1912,1531
1539: 216
1697: 1385,1768,690
1541: 
1673: 1662
1543: 117,2016,45,150,1261,91,287,66,561,1797,1584,1250,1626,1048,1191,107
1544: 
1724: 676
1546: 385,550,860,1294,1576,1099,687,707,2014
1547: 1184,946,278
1548: 1120,747,752,310,519,830,2002,437,1163,174,1771,1843,309,1558
1786: 1049,252
1550: 1279,155,141
1551: 512,1490
1552: 945,1698,972,257,1886,1687,2007,1535,2006,249,1758,1011,1318,73
1553: 1460,1067
1761: 
1555: 133,2000,1915,298,1257,2013,119,1255,882,202,1483,751,810,916,173,1096,970,1052,1821,56,1451
1996: 1330,767
1557: 1604,1589
1558: 1548,1120,747,752,310,830,2002,1163,592,1843,309,1469,857,778,1780,461,1763,1887,1729,1564,323
1835: 
2006: 945,1698,972,257,1886,1687,2007,1828,1552,1535,249,1039,1150,1758,1011,1318,466,73,1665
1561: 
1562: 
1563: 524
1564: 778,1780,461,1763,1887,323,1120,747,752,830,2002,592,1843,387,1469,1558
1934: 1838,638,1852,1390,492,532,535,1071,828,1749,522,1095,1999,65,2005,723,1007,1485,1666
1566: 
1567: 995,545
1568: 
1569: 133,2000,1915,1630,298,996,844,2013,1935,119,814,1680,202,1483,751,810,916,197,173,1671
1652: 869,1359
1571: 1252,3
1572: 1095,1999,1633,2005,1007,1379,1485,1878,1694,1390,532,535,1071,1749,465
1573: 
1574: 
1575: 
1576: 385,550,654,478,860,1294,1546,1383,1099,687,707,1393,2014,1058,342
1577: 
1578: 
1579: 343
1580: 447,1424,1600,1705,907,305,661,263,315,1969,1715,1266,154,681,2008,1618,1271,322,1114,1529,1465,99,1428
1581: 1848,1751,53,584
1582: 817,1181
1583: 
1584: 561,1797,1250,1626,1048,1191,737,107,2016,150,1543,287
1585: 839
1586: 471,1220
1587: 
1588: 
1589: 1557,1604
1590: 
1884: 
1592: 1130
1593: 967
1594: 
1595: 611,241,951
1596: 1637
1843: 1548,1120,747,752,310,519,830,2002,1163,592,174,1771,309,387,1469,1558,857,778,461,1763,1887,1729,1564,323
1651: 