0: 1238,1952,2001,701,172,316,557,1466,404,921,78
1: 
1946: 876
3: 1553,1244,1350,1155,1331
4: 
5: 
6: 215,1131,1166
7: 1659
8: 1026
9: 1306,1683,1199,874,611
10: 
11: 742
12: 898,221
13: 
14: 1161
15: 
16: 301
17: 735
18: 352
19: 1993,1307
20: 517
21: 
1826: 
23: 534,937,643,1220,303
1985: 801
25: 1311,1614
26: 108,927
1995: 1281,1145,1976,1296,1287,1638,697,1943,2009,1278
28: 
29: 
30: 
1853: 
1994: 456,695,1974,1700,1017,1987,1739,1142,756,2004,190,1682,1760,1961,176,1327,1292,450,1699,337
33: 264,1831,1021,973,1245
34: 
35: 
36: 
37: 454,123
38: 1581,834,539
39: 1952,2001,701,722,557,629,404,921,78,335
40: 
41: 649
42: 1875
43: 
44: 
45: 1626,1797,1584,117,2016,561,287,1048,1261,91,150
1989: 
47: 715
48: 
49: 
50: 441
2017: 2011,1718,1632,544,109,1119,609,1882,511,261,291,1908,748,1620,1023
52: 1325,1960
53: 1898,1525,1585,1084,407
54: 575,766,432
55: 1835,1392
56: 
57: 
58: 
59: 
60: 1588
61: 
62: 228,1308,612,636
1822: 
64: 444,671,1382,1531
65: 1095,1379,449,1838,522,535,1666,2005,1934,532,1633,638,465,1071,723,1749,492,1390,1694
66: 561,287,1048,150,1626,1797,1584,1543,2016
67: 615,1717,1476,156,1332,223,1702,1053,2010
68: 1642,1110,1442,614
1898: 53,1525,1585,407,1848,1692
70: 758,1743
1896: 
72: 1715,1969,1705,1114,1600,1266,2008,1465,1618,1482,1428,447,1580,226,1621,1529,305,1229,315,322,99,429
73: 1011,1039,1318,1758,972,1535,2007,2006,1552,1698,74,1687,1886,1150,249
74: 972,1535,2007,2006,1552,1698,945,1665,1687,1886,1150,466,249,73,1011,1039,1318,1758
1848: 1692,1898,1585,1084,407
2010: 1386,1053,615,1717,67,1476,1169,727,156,1332,223,1702
77: 
78: 1238,1952,39,2001,701,316,0,557,404,921
79: 
1986: 
81: 183
1981: 1448,308,776,1254,1486,1965
83: 
84: 
1866: 
86: 
87: 
88: 
89: 1132,1402,1280
90: 787,143
91: 561,287,1048,1261,150,1626,1797,1584,45,117,2016
92: 
93: 
94: 358,204,1098
95: 
96: 
97: 293
98: 
99: 1715,1969,1705,1114,1600,1902,72,1266,2008,1465,1618,1381,1482,1428,447,1322,1580,226,1621,1529,305,1229,315,322,286,429
100: 385,1016,654,1383,1058,478,207,1103,2014,1294,860,1167,1576,1146,707
101: 562
102: 1755
103: 336,899
104: 133,144
1841: 
106: 1847,782,598,901,422
107: 
108: 927,1061,26
109: 2017,2011,1718,1632,544,1119,609,1882,291,1908,748,1620,1023
110: 
111: 
112: 1635,1928
113: 252,1553
114: 529
115: 694,1436,812,1918,2003,1111,1944,1872
116: 
117: 1626,1797,1584,45,2016,561,287,1048,1261,91,150
118: 
119: 1855,882,202,2000,1257,1915,1859,751,1483,2013,1772,1555,844,1630,1451,996,1569,197,281,173,1052
120: 1963
1821: 1855,1935,202,2000,1859,751,814,2013,844,996,1569,810,916,1671,408,1526,1680,1255
122: 1685,1270
123: 37,454
1886: 972,1535,2007,2006,1552,1698,74,945,1665,1687,1150,466,249,73,1011,1039,1318,1758
125: 931
126: 
127: 
128: 1933
129: 1091,1611
1867: 
131: 
132: 396,1793
133: 104,144
134: 666,1844,808
135: 926,1849,2018,1149,542,1213,1431
136: 
137: 
138: 
139: 1101
140: 
141: 
142: 2001,722,557,629,335,900,1194
143: 787,90
144: 104,133,266
145: 
146: 
147: 1956
148: 887
149: 
150: 561,287,1048,66,1261,91,1626,1797,1584,45,117,2016
151: 845,1049
152: 1399
153: 
154: 990,1248
155: 836,347,785
156: 1476,1169,727,615,1717,67,223,1386,1053,2010
157: 279,1468
158: 
159: 
160: 
161: 
1895: 1057
163: 
164: 499,1320
165: 
1824: 1977
167: 1978
168: 206,870
169: 
170: 659,852
1764: 
172: 1238,1952,2001,722,0,557,1466,629,404,900,1194
173: 1671,1230,408,1526,195,1052,1855,119,2000,1257,1915,1859,2013,1772,1555,1630,1451,970,996,1569,644,197,916,281
174: 747,1120,857,1469,1771,310,437,752,519,592,830,1729,1763,2002,1564,1558,387
175: 
176: 1648,2004,190,1760,617,1076,1885,1327,1863,450,1699,337,1739,456,695,1974,1017,1987,1994
1787: 
178: 
179: 
180: 1909,1601
181: 1231,471
1901: 1605
183: 81
184: 537
1920: 
186: 
187: 2018,1059,1149,922,542,1431
1932: 
189: 635,809
190: 1648,2004,1682,1760,617,1961,1076,1885,176,1327,1292,1863,450,1699,337,1739,456,695,1974,1700,1017,1987,1994,756
1865: 338,779,1209,339,2015,1391,1198,670,1022
2000: 1855,882,1935,119,202,1257,1915,1859,1821,751,1483,814,2013,1772,1555,844,1630,1451,970,996,1569,810,644,197,916,281,1671,1230,408,1526,173,195,1680,1255,1052
193: 1496,1445
194: 
195: 1671,1230,408,1526,173,1680,1255,1052,1935,2000,1859,2013,1772,1630,970,996,1569,916
196: 619,1858
197: 1855,119,2000,1257,1915,1859,1483,2013,1772,1555,1630,1451,970,996,1569,916,281,1671,1230,1526,173,1255,1052
198: 235
1791: 1092,1253
200: 907
201: 
202: 1855,882,1935,119,2000,1257,1859,1821,751,1483,814,2013,1772,1555,844,1630,1451,996,1569,810,916,281,408,1255
203: 
204: 1098,358,94
205: 262,1239,1100,1834,1854,2012,866,755,1225,284
206: 168,870
207: 478,1103,385,1016,654,1383,1058,100,2014,860,1167,1576,1146,1099,1546,1393,707
2001: 1238,1952,142,39,701,722,172,316,0,557,1466,629,404,921,78,335,900,1194
209: 
210: 
211: 1413,1242,1279
212: 1090,1126,1200
213: 354
1789: 871,696
215: 6,1131
216: 
1944: 1918,1708,2003,1111,600,1872,694,1436,812,115
1772: 1855,882,1935,119,202,2000,1257,1915,1859,751,1483,814,2013,1555,844,1630,1451,970,996,1569,644,197,916,281,1671,1230,408,1526,173,195,1052
219: 
220: 1891
221: 898,12
222: 1794,888,1489,1354,1369,1571,376
223: 1332,1702,615,1717,67,156,1053,2010
1827: 
1771: 1548,747,1120,857,1469,174,310,437,752,519,592,323,778,1887,309,830,1729,1763,1780,2002,1843,1564,1558,387
226: 1715,1969,1705,1600,72,1424,1266,2008,1465,1428,1621,1529,305,1229,315,99
1984: 1008,1945
228: 62,1308,612,636
229: 775,1175,1079
1980: 242
231: 276
232: 1170
233: 
234: 
235: 198
236: 
1877: 244
238: 1991
239: 
240: 618,1966,604
241: 1904,1871
242: 1980
243: 
244: 980,1877
1756: 
246: 
247: 
1921: 
249: 972,1535,2007,2006,1552,1698,74,945,1665,1687,1886,1150,466,73,1011,1039,1318,1758
250: 
251: 
252: 113,1553,1244
1938: 2019,1401,848,1508,1912,987,1171,1326,1074,403,1070,546
254: 
255: 1335,700,1873
256: 
257: 
1923: 
259: 269,690,1568
260: 
261: 2017,2011,1718,1632,544,1119,609,1882,511,1908,748,1620
262: 1239,1100,1834,1854,2012,866,755,284,205
263: 353,527
264: 1831,33,1021,973,1245
265: 
266: 144
1891: 220
268: 1384
269: 259,690,1568
1880: 606,506
271: 1192
272: 
273: 
274: 
275: 1478,891
276: 231
277: 
278: 
279: 794,157,1468
1918: 312,1708,2003,1111,1944,600,1872,694,1436,115
281: 1855,882,119,202,2000,1257,1915,1859,751,1483,814,2013,1772,1555,844,1630,1451,996,1569,810,197,916,1671,1230,1526,173,1680,1255,1052
282: 
283: 
284: 262,1239,1100,1834,1854,2012,866,755,1225,205
285: 
286: 401,1114,1902,1266,2008,1618,1381,1482,1428,447,1322,1580,1621,315,322,99,429
287: 561,1048,66,1261,91,150,1626,1797,1584,45,1543,117,2016
288: 
289: 
290: 
291: 2017,2011,1718,1632,544,109,1119,609,1882,1908,748,1023
292: 
293: 97
1910: 375,521
1746: 870
296: 458,1860,620,1583,1883,1020,966,968,1734
297: 
298: 
299: 
300: 
301: 16
302: 1825,475,593,1634,1329
303: 643,23,1220
304: 
305: 1715,1969,1705,1600,1902,72,1424,2008,1465,1618,1381,1580,226,1621,1529,1229,315,322,99,429
306: 
307: 
308: 776,1254,1981,1965,1097
309: 323,778,1887,830,1729,1763,1780,2002,1843,1564,1558,387,1548,747,1120,1469,1771,752,592
310: 1548,747,1120,857,1469,1771,174,437,752,519,592,1729,2002,1558,387
311: 590,1874,515
312: 1918,1708,2003,1111,1872
1990: 320
314: 
315: 1715,1969,401,1114,1600,1902,72,1266,2008,1465,1618,1381,1482,661,1428,447,1322,1580,226,1621,1529,305,322,99,286,429
316: 1238,1952,2001,701,0,557,404,921,78
317: 
318: 
319: 
320: 1990
321: 
322: 1715,1969,401,1114,1600,1902,72,1266,2008,1465,1618,1381,1482,661,1428,447,1322,1580,1621,1529,305,1229,315,99,286,429
323: 778,1887,309,830,1729,1780,2002,1843,1564,1558,387,1548,747,1469,1771,752,592
324: 
325: 
326: 1127,574
327: 
328: 
329: 686
1751: 
331: 391
1825: 302,475,593,1634,1329
333: 
334: 
335: 142,39,2001,701,722,557,629,404,900
336: 103,899
337: 1648,2004,190,1682,1760,617,1961,1076,176,1327,450,1699,1739,1142,456,695,1974,1017,1987,1994,756
338: 1865,779,339,2015,1380,1173,1198,670,1022
339: 1865,338,779,1209,2015,1380,1173,1391,1198,670,1022
340: 1513,1033
341: 
342: 
343: 
344: 
345: 571,1246,1494,487
346: 
347: 155,836,785
348: 
349: 
350: 446
351: 
352: 18
353: 263,527
354: 213
355: 543,1041
1778: 
357: 
358: 94,204,1098
359: 
360: 
361: 809
1974: 456,695,1700,1017,1987,1994,1739,1648,2004,190,1760,1076,1885,176,1327,1292,1863,1699,337
363: 1608
1854: 262,1100,1834,2012,866,755,1225,284,205
365: 
366: 
1860: 458,296,620,1583,1883,1020,966,968
368: 
369: 1509
1755: 102
371: 581,486,1336
1796: 718
373: 
374: 
375: 1910,521
376: 888,1489,1354,222,1369,1571
377: 1377,599,862,1544
378: 
379: 1876
1828: 
1964: 1689,1641
382: 807,462
383: 
384: 
385: 1016,654,1383,1058,100,478,207,1103,2014,1294,860,1167,1576,1146,1099,1546,1393,707
386: 
387: 323,1887,309,830,1729,2002,1843,1564,1558,1548,747,1120,1469,1771,174,310,752,519,592
388: 
389: 
390: 
391: 1051,331
1836: 430,514
393: 1679
394: 1388
395: 1520
396: 132
397: 
1845: 
399: 1448,1254,1097,1246,1494,487
400: 
401: 1715,1114,1600,1266,2008,1465,1381,661,447,1322,1621,315,322,286
402: 1958,1818
403: 1326,1074,1070,546,2019,848,1508,1912,987,1171,1938
404: 1238,1952,39,2001,701,722,172,316,0,557,1466,629,921,78,335,900,1194
405: 
406: 
407: 53,1898,1525,1585,1084,1848,1692
408: 1671,1230,1526,173,195,1680,1052,1855,1935,202,2000,1257,1859,1821,751,814,2013,1772,844,1630,970,996,1569,644,916
409: 
410: 
1969: 1715,1705,1600,72,1424,2008,1465,1618,1428,1580,226,1621,1529,305,1229,315,322,99,429
412: 572
1979: 
414: 1302
415: 
416: 
417: 1851
1805: 1924
419: 
420: 915,948,1490
1840: 
422: 1847,782,598,901,106
1992: 
424: 
425: 1668
426: 1693
427: 
428: 
429: 1969,1114,1600,1902,72,1266,2008,1618,1381,1482,1428,447,1322,1580,1621,1529,305,315,322,99,286
430: 1836
431: 1191
432: 575,54,766
433: 1779
434: 1678,1156,548
1792: 
436: 841
437: 1120,857,1469,1771,174,310,752,519,1729,1763,2002,1558
438: 
439: 1107
440: 
441: 50
442: 
1839: 
444: 64,1382,1531,1577
1878: 2005,1934,638,828,465,1071,1749,492,1390,1007,1379
446: 350
447: 1715,401,1114,1600,1902,72,1266,2008,1465,1381,1482,661,1322,1580,1621,315,322,99,286,429
448: 
449: 1095,1379,1838,65,535,1666,2005,532,465,1071,1749,492,1390,1007
450: 1648,2004,190,1682,1760,617,1961,1076,176,1327,1292,1863,337,1994,756
451: 
1834: 262,1239,1100,1854,2012,866,755,1225,284,205
453: 
454: 37,123
455: 1609,1125
456: 695,1974,1700,1017,1987,1994,1739,1142,2004,190,1760,176,1327,1699,337
457: 665
458: 296,1860,620,1583,1883,1020,966,1734
459: 706
460: 1474,1177
461: 639,958,1395
462: 936,641,807,382
463: 
464: 
465: 2005,1934,532,1633,638,1878,1071,723,1749,492,1390,1007,1694,1379,449,1838,65,1666
466: 972,1535,2007,2006,1552,1698,74,945,1665,1886,1150,249,1011,1039,1318,1758
467: 
468: 
469: 817,1181
470: 
471: 181,1231
472: 819
1940: 
474: 
475: 302,1825,593,1634,1329
1837: 709
477: 1102,1647,1943,729,2009,495,1487,1046,1976,1296,1638
478: 207,1103,385,1016,654,1383,100,2014,1576,1146,1099,1393,707
479: 
1763: 778,1887,309,830,1729,1780,2002,1843,1564,1558,1771,174,437,752
481: 1798,1490,1272,948
1801: 
1885: 1648,2004,190,1682,1760,1076,176,1327,1292,1863,1974,1017,1987
484: 
485: 
486: 1336,581,371
487: 571,1246,345,1494,399,1448,1254,1097
488: 
489: 999,630
1857: 
491: 
492: 2005,1934,532,1633,638,828,1878,465,1071,723,1749,1390,1007,1694,1379,449,1838,65,1666
493: 
494: 1754,1823
495: 1102,1647,1943,729,2009,477,1278,1487,697,1046,1145,1976,1296,1638
496: 905,964,995
497: 1511,772,930
498: 1931,1593,1922
499: 164,1320,1237,1107,1310
1770: 
501: 1365,1804
502: 637
1948: 925
504: 
1999: 
506: 1880
507: 
508: 
509: 
510: 
511: 2017,2011,1718,1632,544,1119,609,1882,261,1908,748,1620
512: 
513: 
514: 1836
515: 590,311
1788: 
517: 20
1908: 2017,2011,1718,1632,544,109,1119,1882,511,261,291
519: 747,1120,857,1469,1771,174,310,437,752,592,1729,2002,1558,387
520: 
521: 1910,375
522: 1095,1838,65,2005,532,1633,1071,723,1749,1694
523: 604,1504
524: 
1831: 264,33,973,1245
526: 
527: 263,353
1913: 1495
529: 114
1809: 631
531: 
532: 2005,1934,1633,638,828,465,1071,723,1749,492,1390,1007,1694,1095,1379,449,1838,65,522,1666
533: 1317,956,587
534: 937,643,23,1220
535: 1095,1379,449,1838,65,1666,2005
536: 934
537: 952,184
538: 1247,822,1523
539: 1581,834,38
540: 1681
541: 652
542: 926,790,135,1849,2018,1059,1149,922,187,1431
543: 1041,355
544: 2017,2011,1718,1632,109,1119,609,1882,511,261,291,1908,748,1620,1023
545: 
546: 1326,1074,403,1070,2019,848,1508,1912,987,1171,1938
547: 779,1209,2015,1173,670,1022
548: 1678,1156,434
549: 1293
550: 
551: 1639
552: 1067
1812: 
554: 1643,1707,623
555: 
556: 
557: 1238,1952,142,39,2001,701,722,172,316,0,1466,629,404,921,78,335,900,1194
1906: 1201
1991: 238
560: 
561: 287,1048,66,1261,91,150,1626,1797,1584,45,117,2016
562: 101
563: 
564: 
565: 1781,913,1997
1924: 1805
567: 
1870: 
569: 
570: 
571: 1246,345,1494,487,1097
572: 412,1192
573: 
574: 326,1127
575: 54,766,432
1819: 
1904: 1871,241
578: 
579: 806
580: 
581: 371,486,1336
582: 
1744: 
584: 781,1983,818
585: 
1760: 1648,2004,190,1682,617,1961,1076,1885,176,1327,1292,1863,450,1699,337,1739,1142,456,695,1974,1700,1017,1987,1994,756
587: 956,533,1317
588: 
589: 
590: 1874,311,515
591: 
592: 1548,747,1120,1469,1771,174,310,752,519,323,778,1887,309,830,1729,1780,2002,1843,1564,1558,387
593: 302,1825,475,1634,1329
1962: 1400,1800,1355
1766: 
596: 
597: 
598: 1847,782,901,422,106
599: 1377,862,377,1544
600: 1918,1708,2003,1111,1944,694,1436,812
601: 
602: 798
603: 1256
604: 240,618,1966,523,1504
605: 
606: 1880
607: 
1747: 
609: 2017,2011,1718,1632,544,109,1119,1882,511,261,291,748,1620,1023
610: 1735,1338
611: 874,1306,1683,9,1199
612: 62,228,1308,636
1800: 1962,1400,1355
614: 994,1442,68
615: 1717,67,1476,1169,156,1332,223,1702,1386,1053,2010
616: 
617: 1648,2004,190,1682,1760,1961,1076,176,1327,1863,450,1699,337,756
618: 240,1966,604
619: 196
620: 458,296,1860,1883,1020,966,968,1734,950
621: 
622: 1832,1159
623: 1643,554
624: 
625: 
626: 1187
627: 
628: 
629: 142,39,2001,722,172,557,1466,404,335,900,1194
630: 999,489
631: 1809
1799: 
633: 
634: 
635: 809,189
636: 612,62,228,1308
637: 502
638: 2005,1934,532,1633,828,1878,465,1071,723,1749,492,1390,1007,1694,1379,1838,65,1666
639: 461,958,1395
640: 703
641: 936,462
642: 
643: 534,937,23,1220,303
644: 1935,2000,1257,1915,1859,2013,1772,1555,844,1630,1451,970,996,1230,408,173,1052
1806: 
646: 
647: 
1859: 1855,882,1935,119,202,2000,1257,1915,1821,751,1483,814,2013,1772,1555,844,1630,1451,970,996,1569,644,197,916,281,1671,1230,408,1526,173,195,1680,1255,1052
649: 41
1745: 
651: 1233
652: 541
653: 1884,1541,1623
654: 385,1016,1383,1058,100,478,207,1103,2014,1294,860,1167,1576,1146,1393,707
655: 893,788
656: 
657: 895
658: 
659: 170,852
660: 
661: 1715,401,1600,2008,1465,1381,447,315,322
662: 
663: 1762,1006
664: 
665: 457
666: 134,1844,808
667: 750,1557,1425,1972
668: 1420
669: 
670: 1865,547,338,779,1209,339,2015,1380,1173,1198,1022
671: 64,1382
672: 
673: 
674: 
675: 
676: 
1882: 2017,2011,1718,1632,544,109,1119,609,511,261,291,1908,748,1620,1023
678: 
679: 1030
680: 1096
681: 1424
1810: 
683: 1604
1983: 781,584,818
685: 
686: 329
687: 2014,1294,860,1167,1576,1546,707
688: 
689: 
690: 269,259,1568
1965: 1448,308,776,1254,1981,1097
692: 
1993: 19,1307
694: 1436,812,115,1918,1708,2003,1111,1944,600,1872
695: 456,1974,1700,1017,1987,1994,1739,1142,756,2004,190,1760,1961,1076,176,1327,1699,337
696: 871,1789
697: 1976,1296,1287,1995,1638,1943,729,2009,495,1278
698: 
699: 
700: 1335,255
701: 1952,39,2001,722,316,0,557,404,921,78,335
702: 
703: 640
1883: 458,296,1860,620,1583,1020,966,1734
1971: 1444
706: 459
707: 1146,1099,1546,1393,385,1016,654,1383,1058,100,478,207,1103,687,2014,1294,860,1167,1576
1982: 
709: 1837
710: 1501
711: 
712: 
713: 
714: 
715: 47
716: 
717: 
718: 1796
719: 1378,770
720: 1875
721: 
722: 1238,1952,142,39,2001,701,172,557,1466,629,404,921,335,900,1194
723: 2005,1934,532,1633,638,465,1071,1749,492,1390,1694,1379,1838,65,522
1758: 73,1011,1039,1318,972,1535,2007,2006,1552,1698,74,945,1665,1687,1886,1150,466,249
1775: 
726: 
727: 1476,1169,156,1717,1386,2010
728: 1813
729: 1102,1647,1943,2009,495,477,1278,1487,697,1046,1145,1976,1296,1287,1638
730: 1953
731: 
732: 
733: 
1977: 1824
735: 17
736: 768
737: 1368,1250
1997: 913,1781,565
739: 1477
740: 
1912: 2019,1401,848,1508,987,1171,1938,1326,1074,403,546
742: 11
743: 
744: 1291,1032
745: 1479
1911: 
747: 1548,1120,857,1469,1771,174,310,752,519,592,323,309,2002,387
748: 2017,2011,1718,1632,544,109,1119,609,1882,511,261,291,1620,1023
1817: 
750: 667,1557,1425,1972
751: 1855,882,1935,119,202,2000,1859,1821,1483,814,2013,1772,844,1630,1451,996,1569,810,916,281,1671,408,1526,1680,1255
752: 1548,747,1120,857,1469,1771,174,310,437,519,592,323,778,309,830,1729,1763,1780,2002,1558,387
753: 904
1928: 112,1635
755: 262,1239,1100,1834,1854,2012,866,1225,284,205
756: 1142,695,1994,1648,2004,190,1682,1760,617,1961,1327,450,337
757: 1270
758: 1743,70
759: 
760: 1398
761: 1790
1838: 1095,1379,449,65,522,535,1666,2005,532,1633,638,465,1071,723,1749,492,1390,1694
763: 
1753: 926,790,1849,2018,1059,1149,922,1213,1431,1674
765: 
766: 575,54,432
767: 
768: 736
2004: 1648,190,1682,1760,617,1961,1076,1885,176,1327,1292,1863,450,1699,337,1739,1142,456,695,1974,1700,1017,1987,1994,756
770: 719
771: 856
772: 1511,497
1954: 
774: 
775: 1175,229,1079
776: 1448,308,1254,1981,1486,1965,1097
777: 
778: 323,1887,309,830,1729,1763,1780,2002,1564,1558,1548,1469,1771,752,592
779: 1865,547,338,1209,339,2015,1173,1391,1198,670,1022
780: 
781: 1983,584,818
782: 598,901,422,106
783: 
1863: 1648,2004,190,1682,1760,617,1961,1076,1885,176,1327,1292,450,1974,1017,1987
785: 155,836,347
786: 
787: 90,143
788: 893,655
789: 
790: 926,1849,2018,1059,1753,1149,922,542,1213,1431,1674
791: 
792: 
793: 
794: 1274,279
795: 
796: 1232
797: 
798: 602
799: 
800: 
801: 1985,853
2012: 262,1239,1100,1834,1854,866,755,1225,284,205
1900: 
1779: 433
805: 1515
806: 579
807: 382,462
808: 1201,1844,134,666
809: 635,361,189
810: 1855,882,202,2000,1821,751,1483,814,2013,844,1569,916,281,1671,1680,1255
811: 
812: 694,1436,115,2003,1111,1944,600,1872
1893: 1611
814: 1855,882,1935,202,2000,1257,1859,1821,751,1483,2013,1772,1555,844,1630,1451,970,996,1569,810,916,281,1230,408,1526,1680,1255
815: 1267
816: 1897,914
817: 469
818: 781,1983,584
819: 472
1823: 1754,494
2011: 2017,1718,1632,544,109,1119,609,1882,511,261,291,1908,748,1620,1023
822: 1247,1178,1523,538
1849: 926,790,135,2018,1059,1753,1149,922,542,1213,1431
824: 
825: 
826: 1288,1047
827: 1595
828: 2005,1934,532,1633,638,1878,1071,1749,492,1390,1007,1666
829: 
830: 323,778,1887,309,1729,1763,1780,2002,1843,1564,1558,387,1469,1771,174,752,592
831: 
832: 
1754: 494,1823
834: 1581,38,539
835: 
836: 155,347,785
837: 930
838: 1612,1105
839: 902
1851: 417
841: 436
842: 
1887: 323,778,309,830,1729,1763,1780,2002,1843,1564,1558,387,1771,592
844: 1855,882,1935,119,202,2000,1257,1859,1821,751,1483,814,2013,1772,1555,1630,1451,970,996,1569,810,644,916,281,408,1052
845: 151,1049
846: 1696
847: 
848: 2019,1401,1508,1912,987,1171,1938,403,546
849: 1539
850: 
851: 
852: 170,659
853: 801
854: 
855: 
856: 771
857: 1548,747,1120,1469,1771,174,310,437,752,519,2002,1558
858: 1242
859: 1344
860: 687,2014,1294,1167,1576,385,1016,654,1058,100,207,1103,1146,1099,1546,1393,707
861: 
862: 1377,599,377,1544
863: 
1752: 
1978: 167
866: 262,1239,1100,1834,1854,2012,755,1225,284,205
867: 984,1251
1892: 
869: 1575
870: 1746,168,206
871: 696,1789
872: 
2009: 1102,1647,1943,729,495,477,1278,1487,697,1046,1281,1145,1976,1296,1287,1995,1638
874: 611,1306,1683,9,1199
875: 
876: 1946
877: 
878: 
879: 1536
880: 
881: 
882: 1855,1935,119,202,2000,1257,1859,751,1483,814,2013,1772,1555,844,1630,1451,996,1569,810,916,281
883: 1031,1616
884: 
885: 
886: 
887: 148
888: 1794,1489,1354,222,1369,1571,376
889: 
1852: 1916
891: 275
1871: 1904,241
893: 655,788
894: 
895: 657
1958: 1818,402
897: 
898: 12,221
899: 336,103
900: 142,2001,722,172,557,1466,629,404,335,1194
901: 1847,782,598,422,106
902: 839
903: 
904: 753
905: 496
906: 
907: 200
908: 
1915: 1855,119,2000,1257,1859,2013,1772,1555,1630,1451,970,996,644,197,281,1230,173,1052
910: 
911: 
1972: 1557,1425,667,750
913: 1781,565,1997
914: 816,1897
915: 420,948,1798,1490
916: 1855,882,1935,202,2000,1257,1859,1821,751,1483,814,2013,1772,844,1630,970,996,1569,810,197,281,1671,1230,408,1526,173,195,1680,1255,1052
917: 
1955: 
919: 
920: 
921: 1238,1952,39,2001,701,722,316,0,557,1466,404,78
922: 790,1849,2018,1059,1753,1149,542,187,1431,1674
1956: 147
924: 1137
925: 1948
926: 790,135,1849,2018,1059,1753,1149,542,1213,1431
927: 108,1061,26
1902: 1600,1266,2008,1465,1618,1381,1482,447,1322,1580,1621,305,315,322,99,286,429
1899: 
930: 1511,837,497
931: 125
932: 
933: 1429,1404
934: 536
935: 
936: 641,462
937: 534,1093,643,23,1220
1790: 761
939: 
940: 
941: 
942: 1574,1276
943: 
944: 
945: 972,1535,2007,2006,1698,74,1665,1886,1150,466,249,1039,1758
946: 
947: 
948: 420,915,1798,1490,481
1959: 
950: 1734,620
951: 
952: 537
1858: 196
1953: 730
955: 
956: 587,533,1317
957: 1657
958: 639,461,1395
959: 
960: 1285
961: 1300,986
1945: 1008,1984
963: 
964: 496,995
965: 
966: 458,296,1860,620,1583,1883,1020,968,1734
967: 
968: 296,1860,620,1583,1020,966,1734
969: 1372
970: 1855,1935,2000,1257,1915,1859,814,2013,1772,1555,844,1630,1451,996,1569,644,197,916,1671,1230,408,1526,173,195,1052
971: 1605
972: 1535,2007,2006,1552,1698,74,945,1665,1687,1886,466,249,73,1011,1039,1758
973: 264,1831,33,1021,1245
974: 
1933: 128
1950: 1690
977: 
978: 
979: 1499
980: 244
1846: 
982: 1599
983: 1514
984: 867,1251
985: 
986: 961,1300
987: 2019,1401,848,1508,1912,1171,1938,1326,1074,403,1070,546
988: 
1905: 1676
990: 154,1248
991: 
992: 
993: 
994: 1442,614
995: 496,964
996: 1855,882,1935,119,202,2000,1257,1915,1859,1821,751,1483,814,2013,1772,1555,844,1630,1451,970,1569,644,197,916,281,1671,1230,408,1526,173,195,1680,1255,1052
997: 
998: 
999: 489,630
1000: 1691,1802
1001: 
1002: 
1003: 1421
1004: 
1005: 
1006: 663
1007: 2005,1934,532,638,828,1878,465,1071,1749,492,1390,1379,449,1666
1008: 1984,1945
1009: 
1749: 2005,1934,532,1633,638,828,1878,465,1071,723,492,1390,1007,1694,1095,1379,449,1838,65,522,1666
1011: 73,1039,1318,1758,972,1535,2007,2006,1552,1698,74,1665,1687,1886,1150,466,249
1012: 
1013: 1415
1014: 
1767: 
1016: 385,654,1383,1058,100,478,207,1103,2014,1294,860,1167,1576,1146,1393,707
1017: 456,695,1974,1700,1987,1994,1739,1142,2004,190,1682,1760,1961,1885,176,1327,1292,1863,1699,337
1018: 
1793: 132
1020: 458,296,1860,620,1583,1883,966,968
1021: 264,33,973,1245
1022: 1865,547,338,779,1209,339,2015,1380,1173,1391,1198,670
1023: 2017,2011,1718,1632,544,109,1119,609,1882,291,748,1620
1024: 1029,1629
1025: 
1026: 8
1027: 
1931: 1593,1922,498
1029: 1629,1024
1030: 679
1031: 1616,883
1032: 744,1291
1033: 340,1942
1034: 
1035: 
1036: 
1037: 
1038: 
1039: 73,1011,1318,1758,972,1535,2007,2006,1552,1698,74,945,1665,1687,1886,1150,466,249
1040: 
1041: 543,355
1957: 1550
1043: 
1044: 
1970: 1561,1517
1046: 1281,1145,1976,1296,1287,1638,1102,1647,729,2009,495,477,1487
1047: 826,1288
1048: 561,287,66,1261,91,150,1626,1797,1584,45,117,2016
1049: 845,151
1050: 1362
1051: 391
1052: 1671,1230,408,1526,173,195,1855,1935,119,2000,1257,1915,1859,2013,1772,1555,844,1630,1451,970,996,1569,644,197,916,281
1053: 1386,2010,615,1717,67,1476,156,1332,223
1054: 
1055: 
1056: 1093
1057: 1895
1058: 385,1016,654,1383,100,207,2014,1294,860,1167,1576,1146,707
1059: 926,790,1849,2018,1753,1149,922,542,187,1213,1431,1674
1060: 
1061: 108,927
1975: 
1063: 1732,1649
1925: 
1065: 
1066: 
1067: 552
1068: 
1963: 120
1070: 1326,1074,403,546,2019,987,1171,1938
1071: 2005,1934,532,1633,638,828,1878,465,723,1749,492,1390,1007,1694,1095,1379,449,1838,65,522,1666
1072: 
1073: 
1074: 1326,403,1070,546,2019,1912,987,1938
2018: 926,790,135,1849,1059,1753,1149,922,542,187,1213,1431,1674
1076: 1648,2004,190,1682,1760,617,1885,176,1327,1292,1863,450,1699,337,695,1974,1987
1077: 
1802: 1691,1000
1079: 775,1175,229
1080: 
1081: 
1874: 590,311
1083: 
1084: 53,1585,407,1848,1692
1085: 
1939: 1147
1087: 
1088: 
1089: 1650
1090: 212,1126,1200
1091: 129,1611
1092: 1791,1253
1093: 937,1056
1094: 
1095: 1379,449,1838,65,522,535,1666,2005,1934,532,1633,1071,1749,1694
1096: 680
1097: 399,1448,308,776,1254,1965,571,1246,487
1098: 204,358,94
1099: 1146,1546,1393,707,385,478,207,1103,2014,860
1100: 262,1834,1854,2012,866,755,1225,284,205
1101: 139
1102: 1647,729,2009,495,477,1487,1046
1103: 478,207,385,1016,654,1383,100,2014,860,1167,1576,1146,1099,1546,1393,707
1104: 1515
1105: 1612,838
1106: 
1107: 499,1320,1237,1310,439
1108: 
1109: 
1110: 68,1642
1111: 312,1918,1708,2003,1944,600,1872,694,1436,812,115
1112: 
1113: 
1114: 1715,401,72,1266,2008,1381,1482,1428,447,1322,1580,1621,315,322,99,286,429
1115: 
1876: 379
1117: 
1118: 1684
1119: 2017,2011,1718,1632,544,109,609,1882,511,261,291,1908,748,1620,1023
1120: 1548,747,857,1469,1771,174,310,437,752,519,592,309,2002,1558,387
1121: 
1122: 
1123: 
1897: 816,914
1125: 1609,455
1126: 1090,212,1200
1127: 326,574
1919: 1452
1951: 
1130: 
1131: 6,215,1166
1132: 89,1402,1280
1133: 
1976: 1046,1281,1145,1296,1287,1995,1638,697,1943,729,2009,495,477,1278,1487
2015: 1865,547,338,779,1209,339,1380,1173,1391,1198,670,1022
1136: 
1137: 924
1138: 
1139: 
1140: 
1141: 
1142: 1739,456,695,1700,1017,1994,756,2004,1760,1961,1327,1699,337
1143: 
1780: 323,778,1887,309,830,1729,1763,2002,1843,1564,1558,1469,1771,752,592
1145: 1046,1281,1976,1296,1287,1995,1638,1647,729,2009,495,1487
1146: 1099,1546,1393,707,385,1016,654,1383,1058,100,478,207,1103,2014,1294,860,1167,1576
1147: 1939
1148: 
1149: 926,790,135,1849,2018,1059,1753,922,542,187,1213,1431
1150: 1535,2007,2006,1698,74,945,1886,466,249,73,1011,1039,1318,1758
1151: 1186
1844: 134,666,808
1153: 
1154: 
1155: 1350,1553,3,1331
1156: 1678,548,434
1157: 
1158: 
1159: 622,1832
1160: 1356,1996
1161: 14
2005: 1934,532,1633,638,828,1878,465,1071,723,1749,492,1390,1007,1694,1095,1379,449,1838,65,522,535,1666
1163: 
1164: 
1165: 
1166: 6,1131
1167: 687,2014,1294,860,1576,385,1016,654,1383,1058,100,207,1103,1146,1546,1393,707
1168: 
1169: 1476,727,156,615,1717,1386,2010
1170: 232
1171: 2019,1401,848,1508,1912,987,1938,403,1070,546
1777: 1631
1173: 547,338,779,1209,339,2015,1380,1198,670,1022
1174: 
1175: 775,229,1079
1872: 312,1918,2003,1111,1944,694,1436,812,115
1177: 1474,460
1178: 1247,822
1943: 729,2009,495,477,1278,697,1976,1296,1287,1995,1638
1180: 
1181: 469
1182: 
1183: 
1184: 
1185: 
1186: 1151
1187: 626
1188: 
1189: 
1190: 
1191: 431
1192: 271,572
1193: 
1194: 142,2001,722,172,557,1466,629,404,900
1195: 
1196: 
1197: 
1198: 1865,338,779,339,2015,1380,1173,1391,670,1022
1199: 1306,1683,9,874,611
1200: 1090,212,1126
1201: 808,1906
1202: 
1203: 1216,1323,1769
1204: 
1205: 
1842: 
1207: 
1208: 
1209: 1865,547,779,339,2015,1173,1391,670,1022
1210: 
1794: 888,1354,222,1369,1571
1769: 1203
1213: 926,790,135,1849,2018,1059,1753,1149,1431
1952: 1238,39,2001,701,722,172,316,0,557,1466,404,921,78
1804: 501
1216: 1203,1323
1217: 
1218: 
1219: 1785
1220: 534,937,643,23,303
1221: 1372
1222: 
1223: 
1224: 1503,1936
1225: 1100,1834,1854,2012,866,755,284,205
1226: 
1227: 
2013: 1855,882,1935,119,202,2000,1257,1915,1859,1821,751,1483,814,1772,1555,844,1630,1451,970,996,1569,810,644,197,916,281,1671,1230,408,1526,173,195,1680,1255,1052
1229: 1715,1969,1705,1600,72,1424,2008,1465,226,1621,1529,305,322,99
1230: 1671,408,1526,173,195,1680,1255,1052,1855,1935,2000,1257,1915,1859,814,2013,1772,1555,1630,970,996,1569,644,197,916,281
1231: 181,471
1232: 796
1233: 651
1234: 
1914: 
1868: 1357
1237: 499,1320,1107,1310
1238: 1952,2001,722,172,316,0,557,1466,404,921,78
1239: 262,1834,2012,866,755,284,205
1936: 1224,1503
1241: 
1242: 1413,858,1279,211
1243: 
1244: 252,1553,3
1245: 264,1831,33,1021,973
1246: 571,345,1494,487,399,1448,1097
1247: 822,1178,1523,538
1248: 990,154
1249: 
1250: 737
1251: 984,867
1252: 
1253: 1791,1092
1254: 399,1448,308,776,1981,1486,1965,1097,487
1255: 1671,1230,1526,195,1680,1855,202,2000,1859,1821,751,1483,814,2013,1630,996,1569,810,197,916,281
1256: 603
1257: 1855,882,1935,119,202,2000,1915,1859,1483,814,2013,1772,1555,844,1630,1451,970,996,1569,644,197,916,281,1230,408,173,1052
1258: 
1259: 
1260: 
1261: 561,287,1048,91,150,45,117,2016
1890: 
1263: 
1960: 52,1325
1797: 1626,1584,45,1543,117,2016,561,287,1048,66,91,150
1266: 1715,401,1114,1600,1902,72,2008,1618,1381,1482,1428,447,1322,1580,226,1621,1529,315,322,99,286,429
1267: 815
1268: 
1269: 
1270: 1685,122,757
1271: 
1272: 1798,1490,481
1273: 
1274: 794
1818: 1958,402
1276: 942,1574
1277: 
1278: 1943,729,2009,495,697,1976,1296,1287,1995,1638
1279: 1413,1242,211
1280: 89,1132,1402
1281: 1046,1145,1976,1296,1287,1995,1638,1647,2009
1282: 
1283: 
1284: 1506
1285: 960
1286: 
1287: 1046,1281,1145,1976,1296,1995,1638,697,1943,729,2009,1278
1288: 826,1047
1289: 
1290: 
1291: 1604,744,1032
1292: 1648,2004,190,1682,1760,1961,1076,1885,1327,1863,450,1974,1700,1017,1987,1994
1293: 549
1294: 687,2014,860,1167,1576,385,1016,654,1058,100,1146,1546,1393,707
1888: 
1296: 1046,1281,1145,1976,1287,1995,1638,697,1647,1943,729,2009,495,477,1278,1487
1297: 
1298: 
1299: 
1300: 961,986
1881: 
1302: 414
1303: 
1304: 
1305: 1473
1306: 1683,9,1199,874,611
1307: 1993,19
1308: 62,228,612,636
1309: 
1310: 499,1237,1107
1311: 1614,25
1312: 
1313: 
1314: 
1315: 
1316: 1721,1725
1317: 533,956,587
1318: 73,1011,1039,1758,1535,2007,2006,1552,1698,74,1886,1150,466,249
1319: 
1320: 499,164,1237,1107
1808: 
1322: 1715,401,1114,1902,1266,2008,1465,1381,1482,447,1580,1621,315,322,99,286,429
1323: 1216,1203
1324: 
1325: 52,1960
1326: 1074,403,1070,546,2019,1912,987,1938
1327: 1648,2004,190,1682,1760,617,1961,1076,1885,176,1292,1863,450,1699,337,1739,1142,456,695,1974,1700,1017,1987,1994,756
1328: 
1329: 302,1825,475,593
1330: 
1331: 3,1350,1155
1332: 223,1702,615,1717,67,1053,2010
1333: 
1334: 
1335: 700,255,1873
1336: 486,581,371
1337: 
1338: 610,1735
1339: 
1340: 
2003: 312,1918,1708,1111,1944,600,1872,694,1436,812,115
1762: 663
1343: 
1344: 859
1345: 
1346: 
1776: 
1348: 
1349: 
1350: 1155,3,1331
1351: 
1352: 1533
1353: 
1354: 1794,888,1489,222,1369,1571,376
1355: 1962,1400,1800
1356: 1160,1996
1357: 1868
1358: 
1359: 1461
1360: 
1361: 
1362: 1050
1363: 
1364: 
1365: 501
1366: 1672
1367: 
1368: 737,1667
1369: 1794,888,1489,1354,222,1571,376
1774: 
1371: 
1372: 969,1221
1783: 
1374: 
1375: 
1773: 
1377: 599,862,377,1544
1378: 719
1379: 1095,449,1838,65,535,1666,2005,1934,532,1633,638,1878,465,1071,723,1749,492,1390,1007,1694
1380: 338,339,2015,1173,1198,670,1022
1381: 1715,401,1114,1600,1902,1266,2008,1465,1482,661,447,1322,1580,1621,305,315,322,99,286,429
1382: 444,671,64,1531
1383: 385,1016,654,1058,100,478,207,1103,2014,1167,1576,1146,707
1384: 268
1385: 
1386: 1053,2010,615,1717,1476,1169,727,156
2008: 1715,1969,1705,401,1114,1600,1902,72,1424,1266,1465,1618,1381,1482,661,1428,447,1322,1580,226,1621,1529,305,1229,315,322,99,286,429
1388: 394
1785: 1219
1390: 2005,1934,532,1633,638,828,1878,465,1071,723,1749,492,1007,1694,1379,449,1838,65,1666
1391: 1865,779,1209,339,2015,1198,1022
1392: 1617,55,1835
1393: 1146,1099,1546,707,385,1016,654,478,207,1103,2014,1294,860,1167,1576
1394: 
1395: 639,461,958
1922: 1931,1593,498
1916: 1852
1398: 760
1399: 152
1400: 1962,1800,1355
1401: 2019,848,1508,1912,987,1171,1938
1402: 89,1132,1280
1781: 565,913,1997
1404: 1429,933
1405: 
1889: 
1407: 
1408: 
1409: 
1410: 
1411: 
1412: 
1413: 1242,1279,211
1903: 
1415: 1013
1416: 
1417: 
1966: 240,618,604
1419: 
1420: 668
1421: 1003
1855: 882,1935,119,202,2000,1257,1915,1859,1821,751,1483,814,2013,1772,1555,844,1630,1451,970,996,1569,810,197,916,281,1671,1230,408,1526,173,1680,1255,1052
1423: 1521
1424: 1969,1705,1600,2008,1465,226,1621,1529,305,1229,681
1425: 1557,1972,667,750
1426: 
1427: 1522
1428: 1715,1969,1114,1600,72,1266,2008,1618,1482,1580,226,1621,1529,315,322,99,286,429
1429: 933,1404
1430: 
1431: 926,790,135,1849,2018,1059,1753,1149,922,542,187,1213
1784: 1706
1433: 
1434: 
1435: 
1436: 694,812,115,1918,2003,1111,1944,600,1872
1437: 
1438: 
1439: 
1440: 1493
1441: 1589
1442: 994,614,68
1443: 
1444: 1971
1445: 193,1496
1446: 
1862: 
1448: 399,776,1254,1981,1486,1965,1097,1246,487
1449: 
1450: 
1451: 1855,882,1935,119,202,2000,1257,1915,1859,751,1483,814,2013,1772,1555,844,1630,970,996,1569,644,197,281,173,1052
1452: 1919
1453: 
1454: 1657
2016: 1626,1797,1584,45,1543,117,561,287,1048,66,1261,91,150
1949: 
1457: 
1458: 
1459: 
1460: 
1461: 1359
1462: 
2019: 1401,848,1508,1912,987,1171,1938,1326,1074,403,1070,546
1464: 
1465: 1715,1969,401,1600,1902,72,1424,2008,1381,661,447,1322,1580,226,1621,1529,305,1229,315,322,99
1466: 1238,1952,2001,722,172,0,557,629,404,921,900,1194
2002: 323,778,1887,309,830,1729,1763,1780,1843,1564,1558,387,1548,747,1120,857,1469,1771,174,310,437,752,519,592
1468: 157,279
1469: 1548,747,1120,857,1771,174,310,437,752,519,592,323,778,309,830,1729,1780,2002,1564,1558,387
1873: 1335,255
1471: 1636
1472: 
1473: 1305
1474: 1177,460
1475: 
1476: 1169,727,156,615,1717,67,1386,1053,2010
1477: 739
1478: 1605,275
1479: 745
1935: 1855,882,202,2000,1257,1859,1821,751,814,2013,1772,1555,844,1630,1451,970,996,1569,644,916,1230,408,1526,195,1680,1052
1481: 
1482: 1114,1902,72,1266,2008,1618,1381,1428,447,1322,1580,1621,315,322,99,286,429
1483: 1855,882,119,202,2000,1257,1859,751,814,2013,1772,1555,844,1630,1451,996,1569,810,197,916,281,1671,1255
1856: 
1485: 
1486: 1448,776,1254,1981
1487: 1102,1647,729,2009,495,477,1046,1145,1976,1296,1638
1488: 
1489: 888,1354,222,1369,1571,376
1490: 1798,481,1272,420,915,948
1961: 1648,2004,190,1682,1760,617,1327,1292,1863,450,337,1142,695,1700,1017,1987,1994,756
1492: 
1493: 1440
1494: 571,1246,345,487,399
1495: 1913
1496: 193,1445
1768: 
1498: 
1499: 979
2014: 687,1294,860,1167,1576,385,1016,654,1383,1058,100,478,207,1103,1146,1099,1546,1393,707
1501: 710
1832: 622,1159
1503: 1224,1936
1504: 523,604
1505: 
1506: 1284
1507: 
1508: 2019,1401,848,1912,987,1171,1938,403,546
1509: 369
1510: 1563
1511: 772,930,497
1512: 
1513: 340
1514: 983
1515: 1104,805
1516: 
1517: 1561,1970
1518: 
1519: 
1520: 395
1521: 1423
1522: 1427
1523: 1247,822,538
1524: 
1525: 53,1898,1585,407
1526: 1671,1230,408,173,195,1680,1255,1052,1855,1935,2000,1859,1821,751,814,2013,1772,1630,970,996,1569,197,916,281
1527: 
1528: 
1529: 1715,1969,1705,1600,72,1424,1266,2008,1465,1618,1428,1580,226,1621,305,1229,315,322,99,429
1530: 
1531: 444,64,1382,1577
1532: 
1533: 1352
1987: 456,695,1974,1700,1017,1994,1648,2004,190,1682,1760,1961,1076,1885,176,1327,1292,1863,1699,337
1535: 972,2007,2006,1698,74,945,1665,1687,1886,1150,466,249,73,1011,1039,1318,1758
1536: 879
1813: 728
1538: 
1539: 849
1540: 
1541: 1623,653,1884
1542: 
1543: 1626,1797,1584,2016,287,66
1544: 1377,599,862,377
1864: 
1546: 1146,1099,1393,707,385,207,1103,687,2014,1294,860,1167,1576
1547: 
1548: 747,1120,857,1469,1771,310,752,592,323,778,309,2002,1558,387
1786: 
1550: 1957
1551: 1602
1552: 972,2007,2006,1698,74,1665,1687,1886,466,249,73,1011,1039,1318,1758
1553: 252,113,3,1244,1155
1761: 
1555: 1855,882,1935,119,202,2000,1257,1915,1859,1483,814,2013,1772,844,1630,1451,970,996,1569,644,197,281,1230,173,1052
1996: 1160,1356
1557: 1425,1972,667,750
1558: 323,778,1887,309,830,1729,1763,1780,2002,1843,1564,387,1548,1120,857,1469,1771,174,310,437,752,519,592
1835: 55,1392,1617
2006: 972,1535,2007,1552,1698,74,945,1665,1687,1886,1150,466,249,73,1011,1039,1318,1758
1561: 1517,1970
1562: 
1563: 1510
1564: 323,778,1887,309,830,1729,1763,1780,2002,1843,1558,387,1469,1771,174,592
1934: 2005,532,1633,638,828,1878,465,1071,723,1749,492,1390,1007,1694,1095,1379,65,1666
1566: 
1567: 
1568: 269,259,690
1569: 1855,882,1935,119,202,2000,1257,1859,1821,751,1483,814,2013,1772,1555,844,1630,1451,970,996,810,197,916,281,1671,1230,408,1526,173,195,1680,1255,1052
1570: 
1571: 1794,888,1489,1354,222,1369,376
1572: 
1573: 
1574: 942,1276
1575: 1652,869
1576: 687,2014,1294,860,1167,385,1016,654,1383,1058,100,478,207,1103,1146,1546,1393,707
1577: 444,1531
1578: 
1579: 
1580: 1715,1969,1114,1600,1902,72,1266,2008,1465,1618,1381,1482,1428,447,1322,1621,1529,305,315,322,99,286,429
1581: 834,38,539
1582: 
1583: 458,296,1860,1883,1020,966,968
1584: 1626,1797,45,1543,117,2016,561,287,1048,66,91,150
1585: 53,1898,1525,1084,407,1848
1586: 
1587: 
1588: 60
1589: 1441
1590: 
1884: 653,1541,1623
1592: 
1593: 1931,1922,498
1594: 
1595: 827
1596: 1658
1843: 323,1887,309,830,1729,1763,1780,2002,1564,1558,387,1771,592
1598: 
1599: 982
1600: 1715,1969,1705,401,1902,72,1424,1266,2008,1465,1618,1381,661,1428,447,1580,226,1621,1529,305,1229,315,322,99,429
1601: 1909,180
1602: 1551
1603: 
1604: 683,1291
1605: 1901,1478,971
1606: 
1607: 
1608: 363
1609: 455,1125
1610: 
1611: 129,1091,1893
1612: 838,1105
1894: 
1614: 1311,25
1988: 
1616: 1031,883
1617: 1392,1835
1618: 1969,1600,1902,72,1266,2008,1482,1428,1580,1621,1529,305,315,322,99,286,429
1619: 
1620: 2017,2011,1718,1632,544,109,1119,609,1882,511,261,748,1023
1621: 1715,1969,1705,401,1114,1600,1902,72,1424,1266,2008,1465,1618,1381,1482,1428,447,1322,1580,226,1529,305,1229,315,322,99,286,429
1622: 
1623: 1541,653,1884
1847: 598,901,422,106
1625: 
1626: 1797,1584,45,1543,117,2016,561,287,1048,66,91,150
2007: 972,1535,2006,1552,1698,74,945,1665,1687,1886,1150,466,249,73,1011,1039,1318,1758
1628: 
1629: 1029,1024
1630: 1855,882,1935,119,202,2000,1257,1915,1859,751,1483,814,2013,1772,1555,844,1451,970,996,1569,644,197,916,281,1671,1230,408,1526,173,195,1255,1052
1631: 1777
1632: 2017,2011,1718,544,109,1119,609,1882,511,261,291,1908,748,1620,1023
1633: 2005,1934,532,638,828,465,1071,723,1749,492,1390,1694,1095,1379,1838,65,522,1666
1634: 302,1825,475,593
1635: 112,1928
1636: 1471
1637: 
1638: 1046,1281,1145,1976,1296,1287,1995,697,1943,729,2009,495,477,1278,1487
1639: 551
1640: 
1641: 1964,1689
1642: 68,1110
1643: 1707,554,623
1644: 
1645: 
1646: 
1647: 1102,729,2009,495,477,1487,1046,1281,1145,1296
1648: 2004,190,1682,1760,617,1961,1076,1885,176,1327,1292,1863,450,337,1974,1987,756
1649: 1063,1732
1650: 1089
1651: 
1652: 1575
1653: 
1654: 
1798: 1490,481,1272,915,948
1656: 
1657: 957,1454
1658: 1596
1659: 7
1942: 1033
1748: 
1662: 
1663: 
1664: 
1665: 972,1535,2007,2006,1552,1698,74,945,1687,1886,466,249,1011,1039,1758
1666: 1095,1379,449,1838,65,535,2005,1934,532,1633,638,828,465,1071,1749,492,1390,1007,1694
1667: 1368
1668: 425
1669: 
1670: 
1671: 1230,408,1526,173,195,1680,1255,1052,1855,2000,1859,1821,751,1483,2013,1772,1630,970,996,1569,810,197,916,281
1672: 1366
1673: 
1674: 790,2018,1059,1753,922
1830: 
1676: 1905
1677: 
1678: 1156,548,434
1679: 393
1680: 1671,1230,408,1526,195,1255,1855,1935,2000,1859,1821,751,814,2013,996,1569,810,916,281
1681: 540
1682: 1648,2004,190,1760,617,1961,1076,1885,1327,1292,1863,450,337,1700,1017,1987,1994,756
1683: 1306,9,1199,874,611
1684: 1118
1685: 122,1270
1686: 
1687: 972,1535,2007,2006,1552,1698,74,1665,1886,249,73,1011,1039,1758
1688: 
1689: 1964,1641
1690: 1950
1691: 1802,1000
1692: 1848,1898,1084,407
1693: 426
1694: 2005,1934,532,1633,638,465,1071,723,1749,492,1390,1095,1379,1838,65,522,1666
1795: 
1696: 846
1697: 
1698: 972,1535,2007,2006,1552,74,945,1665,1687,1886,1150,466,249,73,1011,1039,1318,1758
1699: 2004,190,1760,617,1076,176,1327,337,1739,1142,456,695,1974,1017,1987,1994
1700: 456,695,1974,1017,1987,1994,1739,1142,2004,190,1682,1760,1961,1327,1292
1701: 
1702: 1332,223,615,1717,67,2010
1703: 
1704: 
1705: 1715,1969,1600,72,1424,2008,226,1621,1529,305,1229,99
1706: 1784
1707: 1643,554
1708: 312,1918,2003,1111,1944,600,694
1709: 
1710: 
1711: 
1712: 
1909: 1601,180
1714: 
1715: 1969,1705,401,1114,1600,72,1266,2008,1465,1381,661,1428,447,1322,1580,226,1621,1529,305,1229,315,322,99
1716: 
1717: 615,67,1476,1169,727,156,1332,223,1702,1386,1053,2010
1718: 2017,2011,1632,544,109,1119,609,1882,511,261,291,1908,748,1620,1023
1719: 
1968: 
1721: 1316,1725
1722: 
1723: 
1724: 
1725: 1721,1316
1726: 
1727: 
1728: 
1729: 323,778,1887,309,830,1763,1780,2002,1843,1564,1558,387,1469,1771,174,310,437,752,519,592
1730: 
1731: 
1732: 1063,1649
1733: 
1734: 458,296,620,1883,966,968,950
1735: 610,1338
1736: 
1737: 
1875: 720,42
1739: 1142,456,695,1974,1700,1017,1994,2004,190,1760,176,1327,1699,337
1740: 
1741: 
1742: 
1743: 758,70