0: 
1: 1352,1510
1946: 
3: 1117,496
4: 1653,259,1382
5: 1154
6: 1365,1991
7: 1800,1732,324,1061,1725
8: 422
9: 1824
10: 626,1398,1033
11: 854,872,1157
12: 1449,1208,786
13: 1367
14: 1132
15: 510,1783,624
16: 
17: 636,1899
18: 
19: 1307,1619,384
20: 1432
21: 711,1589,1441
22: 
23: 
1985: 33,1629,683,801,1219,961,567
25: 83,1970,765
26: 
27: 1519,515
28: 980,446
29: 1842,1504
30: 
31: 
1994: 1699,1700,2004,1739,1760,1885,617,695,450,176,1863,1142,337,1974
33: 1629,683,1985,801,1219,961,567
34: 1337,269,206,1101
35: 1953,1092
36: 
37: 1662
38: 245,539,349
39: 722,1466,557,78,2001,784,1238,172,921,900,404,335
40: 731
41: 563,122
42: 395
43: 706,143
44: 
45: 1048,117,91,2016,561,1261,66,287,1797,1926,1626
1989: 228,1592
47: 252,1373
48: 538,1911
49: 1767
50: 623,1601
51: 1982
52: 1430,947
53: 1585,551,714,1561
54: 646
55: 
56: 1923
57: 425
58: 
59: 1610
60: 720,86
61: 
62: 572,373,1960,838
63: 
64: 
65: 449,465,522,532,535,638,1934,1095,1838,1007,1633,1694,2005,1878,1390
66: 1048,117,91,2016,561,1261,45,287,1797,1926,1626
67: 1476,1702,727,1332,1717,2010,1347,1053,1386
68: 1956,982,1889,201
1898: 1314,1639,1503,1936,1642
70: 1696,1339,824
1896: 
72: 2008,1715,1266,322,1618,661,1902,1580
73: 466,1535,1886,1758,2006,1665,74,1698,972,2007,1318,945,249
74: 466,1535,1886,1758,2006,1665,73,1698,972,2007,1318,945,249
75: 
2010: 1476,1702,727,1332,1169,67,1717,1347,1053,1386
77: 
78: 722,1466,557,2001,784,1238,172,921,39,900,404,335,701
79: 780,289,220,1267,591,815,1081
1986: 
81: 
1981: 
83: 25,1970,765
84: 948
85: 
86: 720,60
87: 1291
88: 1628,1678,899
89: 
90: 1464
91: 1048,117,2016,561,1261,45,66,287,1797,1926,1626
92: 
93: 158
94: 1005,988
95: 
96: 
97: 
98: 
99: 
100: 207,1016,1597,2014,385,1153,1146,1383
101: 1056,759
102: 750
103: 1813,1325,1156
104: 
105: 
106: 
107: 
108: 1800,324,1061,1725
109: 1718,2011,1620,1119,1882,2017,261,511,291,748,1023
110: 663
111: 1776
112: 1635
113: 
114: 1246
115: 
116: 
117: 1048,91,2016,561,1261,45,66,287,1797,1926,1626
118: 608,737,163
119: 521,1257,644,1772,916,1935,1859,1915,1630,2000,844,197,996,408,882,1680,1255,1451
120: 143
121: 1445,1200,1090
122: 41,563
123: 434
1886: 466,1535,1758,2006,1665,74,73,1698,972,2007,1318,945,249
125: 681,200,243,1894,161
126: 
127: 
128: 
129: 
130: 
131: 
132: 491,502,995
133: 144
134: 1175,805,513,1754
135: 2018,1753,1431,1149,542,790,926,187,1674
136: 
137: 1011
138: 886
139: 
140: 990
141: 
142: 722,1466,557,2001,172,921,404,701
143: 120,43
144: 133
145: 1513
146: 545,479
147: 724,1461,1375
148: 
149: 282,1032
150: 
151: 1130,1276,888,1189,879,1817
152: 1280,775,379,1079,826,1826,277
153: 1141
154: 365,903,1979
155: 1221
156: 675
157: 
158: 93
159: 
160: 853,175,659
161: 125,681,243,1894
1895: 1623
163: 118,1436
164: 1320
165: 
166: 
167: 275,1978,891,1901,971,1478,1333
168: 1472,1833
169: 
170: 
171: 
172: 722,1466,557,78,2001,784,1238,921,39,404,142,335,701
173: 202,1052,1855,1555,1671,2013,1569,1483,1230,281,751
174: 592,1469,309,1763,747,1887,437,1843,1729,1780,387,2002,1771,1558,857,778
175: 853,160,659
176: 1699,1700,2004,1739,1760,1885,1994,695,450,1017,1863,190,1142,1987,337,1974,456
177: 
178: 1530,285,1452,1919
179: 1399
180: 
181: 
1901: 167,1978,891,971,1478,1333,1891
183: 858,932,288,818
184: 
1920: 199,1748
186: 
187: 2018,1753,1431,542,790,135,926,1674
188: 
189: 
190: 1863,1142,1987,337,1974,456,2004,1739,1760,1885,450,176,1017
191: 
2000: 521,1257,644,1772,916,1935,119,1859,195,1915,1630,1821,844,197,996,408,882,1680,1255,1451
193: 
194: 1172
195: 521,1772,916,1915,1821,2000
196: 
197: 996,408,882,1680,1255,1451,521,1257,644,1935,119,1859,1630,2000,844
198: 1259,956
199: 1920,1748
200: 125,243
201: 68,982,1889
202: 1052,1555,173,1671,2013,1569,1483,1230
203: 
204: 1996
205: 1239,755,1834,2012,284,1225,262
206: 1337,269,34,1101
207: 1393,1016,100,1597,2014,385,1153,1146,1383,687
2001: 722,1466,557,78,784,1238,172,921,39,900,404,142,335,701
209: 412,1308
210: 
211: 
212: 
213: 
214: 
215: 913
216: 
1944: 1564,610,2003,299,600
218: 
219: 1485
220: 780,289,1267,591,815,79,1081
221: 312,1708
222: 1155,452
223: 
224: 
225: 
226: 1705
1984: 1924,1096
228: 1989,1592
229: 254,657
1980: 570
231: 
232: 1735
233: 
234: 317
235: 1575
236: 
1877: 
238: 
239: 1421,1158
240: 
241: 1610,475
242: 
243: 125,681,200,1894,161
244: 1691,327
245: 38,539,349
246: 1824,1787
247: 1231,329
1921: 832
249: 466,1535,1886,1758,2006,1665,74,73,1698,972,2007,1318,945
250: 1784,1199,1862
251: 
252: 47,1373
1938: 
254: 657,229
255: 1288
256: 
257: 
1923: 56
259: 1653,4,1382,766,368
260: 
261: 1718,2011,1620,1119,1882,609,109,2017,511,291,748,1023
262: 1239,755,205,1834,2012,284,1225,1854
263: 
264: 
265: 
266: 970
1891: 891,1901,1333
268: 883,937
269: 1337,206,34,1101
1880: 1112
271: 572,612,838,1192
272: 
273: 
274: 749
275: 167,891,1540,971,1478,1333,1608
276: 1051,1906
277: 1280,775,379,152,1079,826,1826
278: 1020,1547,1690,647
279: 1573,1475,580,859
1918: 
281: 1526,751,1052,1855,1555,173,1671,2013,1569,1483
282: 1032,149
283: 1873,1335
284: 1239,755,205,1834,2012,1225,262,1854,1100
285: 1530,1452,178,1919
286: 1381,1482,1290,447,1822,1529,847,1819,1600
287: 1048,117,91,2016,561,1261,45,66,1797,1926,1626
288: 858,183,932,818
289: 780,220,1267,591,815,79,1081
290: 655
291: 1718,2011,1620,1119,1882,1908,544,109,2017,261,511,748,1023
292: 
293: 1741,1438,1714
1910: 
295: 
296: 1091,1950
297: 1038
298: 
299: 1564,610,2003,600,1944
300: 
301: 1634,611
302: 1661,1358
303: 1550,1160,1206,1357,1928,1658,1957
304: 1349,834,606,1242
305: 
306: 969,1706
307: 1590
308: 
309: 174,1469,1763,747,1887,437,1843,1729,1780,387,2002,1771,1558,857,778,519
310: 825,1932,634
311: 
312: 221,1708
1990: 
314: 1073
315: 2008,1715,1266,322,1618,661,401,1322
316: 
317: 234
318: 
319: 
320: 
321: 
322: 2008,1715,1266,315,72,1618,429,661,1902,401,1580,1322
323: 592,1469,1887,437,1729,387,2002,1548,857,830,778,1120,519
324: 108,1800,1732,7,1061,1725
325: 
326: 
327: 1691,244
328: 415,1659
329: 1093,846,247,1231
330: 
331: 
332: 
333: 
334: 
335: 722,1466,557,78,2001,1238,172,921,39,900,404,701
336: 554,1344
337: 1863,190,1142,1987,1974,456,1699,1700,2004,1739,1760,1885,1994,450,176,1017
338: 344,1839
339: 1198,1549,1391,1022,1865,2015,1973,1173,670,1380,547
340: 
341: 
342: 495,470
343: 1168,696,1975
344: 338,1839
345: 
346: 
347: 
348: 
349: 539,38,245
350: 856
351: 
352: 
353: 1381,1482,1822,1529,702
354: 1793,1107
355: 1274
356: 
357: 770
358: 658
359: 1330,1097
360: 1492
361: 809,739
1974: 1863,190,1142,1987,337,456,1699,1700,2004,1739,1760,1885,1994,695,450,176,1017
363: 1021,1689,579,369
364: 574,1224
365: 154,903,1979
366: 
367: 
368: 1507,467,766,1846,1653,259,1382
369: 579,1021,1689,363
1926: 1797,1626,1048,117,91,2016,561,1261,45,66,287
371: 438
372: 
373: 572,1960,612,838,62
374: 
375: 493
376: 763,1310,1354
377: 1847,719
378: 
379: 1280,775,152,1079,826,1826,277
380: 
1964: 717,1459
382: 1590
383: 
384: 1307,1619,19,1509
385: 1393,207,1546,1016,1167,100,1597,2014,707,1103,1153,1146,1383,687,1099,1576
386: 
387: 592,174,1469,309,1763,747,1887,437,1843,1729,1780,2002,1771,1558,1548,857,830,778,519,323
388: 1851
389: 1848,974
390: 
391: 
392: 
393: 
394: 
395: 1277,514,42
396: 1437,499,1002
397: 742,523
398: 699,1604,1312
399: 984
400: 
401: 429,661,1902,1580,1322,2008,1715,322,315
402: 959
403: 1070,1326,546,2019,987,1401,1074,1171
404: 722,1466,557,78,2001,1238,172,921,39,900,142,335,701
405: 1631
406: 
407: 839,1195
408: 197,996,882,1680,1255,1451,644,1935,119,1859,1630,2000,844
409: 1004
410: 
1969: 527
412: 209,1308
1979: 903,365,154
414: 
415: 1659,1516,328,845
416: 1141
417: 
418: 
419: 
420: 948
421: 
422: 8
1992: 
424: 
425: 57
426: 
427: 1028
428: 471,1457
429: 661,1902,401,1580,1322,2008,322,1618
430: 
431: 812,1191,1888
432: 633,635
433: 1696,824
434: 123
435: 1026
436: 
437: 592,174,1469,309,1763,747,1887,1843,1729,387,2002,1558,1548,857,830,778,1120,519,323
438: 952,371
439: 1066,1237
440: 915
441: 574
442: 
443: 
444: 993,1734
1878: 1095,1007,1633,1694,1379,828,2005,492,1390,449,65,465,522,532,638
446: 28,980,1709
447: 1381,286,1290,1822,1529,847,1819,1600
448: 
449: 65,465,522,532,535,638,1007,1633,1694,2005,1878,492,1390
450: 1699,1700,2004,1739,1760,1885,617,1994,695,176,1017,1863,190,1142,337,1974,456
451: 1912,1458
452: 1155,222
453: 1223
454: 
455: 1815,1622,791
456: 1863,190,1142,1987,337,1974,1700,2004,1739,1885,450,176,1017
457: 
458: 
459: 
460: 
461: 875
462: 
463: 
464: 
465: 449,65,522,532,535,638,1007,1633,1694,1379,2005,1878,492,1390
466: 1535,1886,2006,1665,74,73,1698,2007,1318,945,249
467: 368,1507,1846
468: 
469: 
470: 495,342
471: 428,1457
472: 
1940: 
474: 512
475: 1610,241
476: 
477: 1995,1102,1976,586,1046,2009,729,697,1943,1296,1647,1278
478: 
479: 146,545
480: 
481: 
482: 
1885: 1699,1700,2004,1739,1760,617,1994,450,176,1017,1863,190,1142,337,1974,456
484: 
485: 
486: 
487: 590,876,1254
488: 711,1589,1520,1441
489: 
490: 1442
491: 502,132
492: 1007,1633,1694,1379,2005,1878,1390,449,465,522,532,535,638
493: 375
494: 
495: 470,342
496: 1117,3
497: 652
498: 877
499: 396,1437,1002
500: 
501: 
502: 491,132
1948: 935
504: 
1999: 
506: 
507: 
508: 
509: 
510: 15,1783,624
511: 1718,2011,1620,1119,1882,609,1908,544,109,2017,261,291,748,1023
512: 474
513: 1688,1754,134,805
514: 1737,395,1277
515: 776,1650,1519,27,767
516: 
517: 1593,1761,758
1908: 1718,2011,1620,1119,1882,609,544,2017,511,291,748,1023
519: 592,1469,309,1763,1887,437,1843,1729,387,2002,1558,1548,857,830,778,1120,323
520: 
521: 1257,644,1772,916,119,1859,195,1915,1630,1821,2000,844,197,1451
522: 449,65,465,532,535,638,1934,1095,723,1838,1007,1633,1694,1379,828,2005,1666,1878,492,1390
523: 742,1440,397
524: 
525: 
526: 
527: 1969,1543
1913: 
529: 
530: 
531: 
532: 449,65,465,522,535,638,1095,1007,1633,1694,1379,2005,1878,492,1390
533: 1359
534: 
535: 449,65,465,522,532,638,1007,2005,492,1390
536: 
537: 
538: 1911,48
539: 349,38,245
540: 
541: 
542: 2018,1753,1431,1149,790,135,187,1674
543: 
544: 1718,2011,1620,1119,1882,609,1908,2017,511,291,748,1023
545: 146,479
546: 1070,1326,403,2019,1508,1401,1074,1171
547: 1173,670,1380,1198,1865,2015,1973,339
548: 1319
549: 851,816
550: 850
551: 53
552: 
553: 
554: 1344,336
555: 
556: 1494
557: 722,1466,78,2001,784,1238,172,921,39,404,142,335,701
1906: 276,1051
1991: 1365,6
560: 1638,588
561: 1048,117,91,2016,1261,45,66,287,1926,1626
562: 
563: 41,122
564: 1076
565: 
1924: 1096,1984
567: 1219,961,33,1629,683,1985,801
568: 
569: 
570: 1980
571: 1378
572: 373,1960,612,838,271,62,1192
573: 
574: 364,441
575: 1796
576: 1369,757
1904: 1922,785,1586
578: 
579: 1021,363,369
580: 279
581: 893
582: 
583: 1054,1544
584: 
585: 
586: 1995,477,1046,2009,729,697,1943,1296,1647,1278
587: 1575
588: 1638,560
589: 773
590: 487,876,1254
591: 780,289,220,1267,815,79,1081
592: 174,1469,1763,1887,437,1843,1729,1780,387,2002,1548,857,830,778,1120,519,323
593: 1954
1962: 1574
595: 
596: 1769
597: 
598: 
599: 1182,1403,1942,1348,1018,1537
600: 1564,610,2003,299,1450,1944
601: 
602: 1625,1404
603: 1001
604: 1251
605: 
606: 919,304,1349,834,1040,1242
607: 
608: 737,118
609: 1718,2011,1620,1119,1882,1908,544,2017,261,511,748,1023
610: 1564,2003,299,600,1944
611: 1634,301
612: 572,373,1960,838,271,1192
613: 
614: 1345
615: 771,1025
616: 1477
617: 1699,1700,2004,1739,1760,1885,1994,695,450
618: 749
619: 
620: 1893
621: 
622: 1983,1832,1870
623: 50,1601
624: 1783,15,510
625: 
626: 1903,10,1398,1033
627: 
628: 1583
629: 
630: 
631: 1186,938
632: 1014
633: 432,635
634: 825,1932,310
635: 432,633
636: 17,1899
637: 1489
638: 449,65,465,522,532,535,1934,723,1838,1007,1633,1694,1379,2005,1666,1878,492,1390
639: 
640: 
641: 
642: 
643: 773
644: 521,1257,1772,916,1935,119,1859,1915,1630,1821,2000,844,197,408,882,1680,1451
645: 
646: 54
647: 1547,1690,278,1020
648: 
649: 
650: 
651: 1528,1348,1018,1537
652: 497,1284
653: 
654: 1395
655: 290
656: 
657: 254,229
658: 358
659: 853,175,160
660: 
661: 429,1902,401,1580,1322,2008,1715,1266,322,315,72,1618
662: 862,1730
663: 110
664: 1827,1328,1233
665: 869,1353
666: 
667: 1866,1425
668: 1400
669: 
670: 1173,1380,547,1198,1391,1865,2015,1973,339
671: 1531,1577
672: 1664
673: 
674: 
675: 156
676: 
1882: 1718,2011,1620,1119,609,1908,544,109,2017,261,511,291,748,1023
678: 1651,1794,978
679: 1673
680: 
681: 125,243,1894,161
682: 
683: 33,744,1629,1985,801,1219,961,567
1983: 622,1832,1870
685: 
686: 
687: 1099,1576,1393,207,1016,1597,2014,385,1103,1153,1146,1383
688: 
689: 
690: 
1965: 
692: 1249
1993: 950
694: 
695: 1699,1700,2004,1739,1760,617,1994,450,176,1974
696: 1712,1168,343
697: 1102,586,477,1046,2009,729,1943,1647,1278
698: 874
699: 398,1604,1312
700: 
701: 722,1466,557,78,2001,172,921,404,142,335
702: 353
703: 
1883: 1933,1217
1971: 
706: 43
707: 1546,1167,2014,385,1103,1383
1982: 1681,51
709: 
710: 855
711: 488,1589,21,1441
712: 1693,1841
713: 
714: 53,1561
715: 
716: 736,1488
717: 1459,1709,1964
718: 
719: 377,1847
720: 86,60
721: 
722: 1466,557,78,2001,172,921,39,404,142,335,701
723: 1095,1749,1838,1007,1633,1694,1379,828,2005,1666,1390,522,638,1934
724: 147,1461,1375,1949
725: 
726: 
727: 1476,1702,1332,1169,67,1717,2010,1347,1053,1386
728: 1612
729: 1995,1102,586,477,1046,2009,697,1943
730: 939,1010,1407,1517
731: 40
732: 1818
733: 914
1977: 1427,1372
735: 
736: 716,1488
737: 608,118
1997: 
739: 809,361
740: 
1912: 451,1458
742: 1440,523,397
743: 1174
744: 683,801
745: 1384
1911: 538,48
747: 174,1469,309,1763,437,1843,1729,1780,387,2002,1771,1558,778
748: 1023,1718,2011,1620,1119,1882,609,1908,544,109,2017,261,511,291
749: 618,274
750: 102
751: 281,1526,1052,1855,173,1671,2013,1569
752: 
753: 
1928: 1550,1206,1357,303,1658,1957
755: 1239,205,1834,2012,284,262,1854,1100
756: 
757: 1369,576
758: 1593,1761,517
759: 1056,101
760: 
761: 
762: 
763: 1310,1354,376
764: 
765: 25,83,1970
766: 368,1653,259,1382
767: 1650,776,515
768: 
2004: 1699,1700,1739,1760,1885,617,1994,695,450,176,1017,1863,190,1142,1987,337,1974,456
770: 357
771: 615,1025
772: 
773: 589,643
774: 1711,1909
775: 1280,379,152,1079,826,1826,277
776: 515,1650,767
777: 
778: 592,174,1469,309,1763,747,1887,437,1843,1729,387,2002,1558,1548,830,519,323
779: 
780: 289,220,1267,591,815,79,1081
781: 1279
782: 
783: 
784: 557,78,2001,1238,172,921,39,900
785: 1922,1586,1904
786: 12,1449,1208
787: 1305
788: 
789: 1470
790: 2018,1753,1431,1149,542,135,187,1674
791: 1622,455
792: 915
793: 
794: 
795: 
796: 
797: 
798: 
799: 
800: 1126
801: 33,744,1629,683,1985,1219,961,567
2012: 1239,755,205,1834,284,1225,262,1854,1100
1900: 
804: 1423
805: 134,1175,1688,513,1754
806: 
807: 1068
808: 
809: 739,361
810: 
811: 
812: 1191,431,1888
1893: 620
814: 
815: 780,289,220,1267,591,79,1081
816: 549,851
817: 1876
818: 858,183,288
819: 910
820: 
2011: 1718,1620,1119,1882,609,1908,544,109,2017,261,511,291,748,1023
822: 
823: 
824: 1696,70,433
825: 1932,634,310
826: 1280,775,379,152,1079,1826,277
827: 
828: 1095,1749,723,1838,1007,1633,1694,1379,2005,1666,1878,1390,522
829: 
830: 592,1469,1763,437,1843,387,2002,1558,1548,857,778,1120,519,323
831: 
832: 1921
833: 
834: 919,304,1349,606,1040,1242
835: 968
836: 
837: 
838: 572,373,1960,612,271,62,1192
839: 1195,407
1907: 
841: 
842: 
1887: 592,174,1469,309,1763,437,1843,1729,1780,387,2002,1548,857,778,1120,519,323
844: 521,1257,644,1772,916,119,1859,1630,1821,2000,197,408,1680,1451
845: 415,1659
846: 1093,329,1231
847: 286,1290,447,1822,1819,1600
848: 
849: 
850: 550
851: 549,816
852: 
853: 175,160,659
854: 11,872,1157
855: 710
856: 350
857: 592,174,1469,309,1763,1887,437,1843,1729,1780,387,2002,1771,1548,830,1120,519,323
858: 183,932,288,818
859: 1573,279,1475
860: 1363
861: 1866,1425
862: 662,1730
863: 
864: 1027
1978: 167,891,1901,1478
866: 
867: 
1892: 
869: 1353,665
870: 1443,1640,1429
871: 1126,1445,1200,1090
872: 854,11,1157
2009: 1995,1102,1976,586,477,1046,729,697,1943,1145,1296,1647,1278
874: 698
875: 461
876: 1254,487,590
877: 498
878: 
879: 1817,1130,151,888,1189
880: 
881: 1399,892
882: 197,996,408,1680,1255,1451,1257,644,1935,119,1859,1630,2000
883: 268,937
884: 
885: 1163
886: 138
887: 
888: 1130,151,1276,1189,879,1817
889: 1860
890: 1313
891: 167,275,1978,1901,971,1478,1333,1608,1891
892: 881
893: 581
894: 
895: 
1958: 
897: 1094,1939
898: 
899: 1628,88,1678
900: 1466,78,2001,784,1238,921,39,404,335
901: 
902: 
903: 1979,365,154
904: 
905: 
906: 
907: 
908: 
1915: 521,1257,644,1772,916,119,1859,195,1630,1821,2000
910: 819
911: 
1972: 1785
913: 215
914: 733
915: 792,440
916: 521,1257,644,1772,119,195,1915,1630,1821,2000,844
917: 
918: 
919: 1349,834,606,1040,1242
920: 
921: 722,1466,557,78,2001,784,1238,172,39,900,404,142,335,701
922: 1849
1956: 68,982,1889
924: 1723,1137
925: 
926: 2018,1753,1431,135,187,1674
927: 
1902: 429,661,401,1580,1322,2008,1715,322,72
1899: 636,17,1192
930: 1043
931: 
932: 858,183,288
933: 
934: 
935: 1948
936: 
937: 883,268
938: 631,1186
939: 730,1010,1407,1517
940: 
941: 
942: 
943: 
944: 1828
945: 466,1535,1886,1758,2006,1665,74,73,1698,972,2007,1318,249
946: 
947: 1430,52
948: 420,84
1959: 1164,1133
950: 1993
951: 1871,1804
952: 438
953: 
1953: 1092,35
955: 
956: 1259,198
957: 
958: 
959: 402
960: 
961: 1219,567,33,1629,683,1985,801
1945: 
963: 
964: 
965: 
966: 
967: 
968: 835
969: 306
970: 266,1088
971: 167,275,891,1901,1540,1478,1333,1608
972: 1535,1886,1758,2006,1665,74,73,2007,1318,945,249
973: 1684
974: 389,1848,1701
1933: 1883,1217
1950: 1091,296
977: 1636
978: 1651,678,1794
979: 1499
980: 28,446
981: 
982: 1956,68,1889,201
983: 
984: 399
985: 
986: 
987: 1070,1326,403,2019,1508,1401,1074,1171
988: 94
1905: 
990: 140
991: 1237,1884
992: 
993: 444,1746,1734
994: 
995: 1963,132
996: 197,408,882,1680,1255,1451,1935,119,1630,2000
997: 
998: 
999: 
1000: 
1001: 603
1002: 396,1437,499
1003: 
1004: 409
1005: 94
1006: 1762,1578
1007: 1095,1749,723,1838,1633,1694,1379,828,2005,1666,1878,492,1390,449,65,465,522,532,535,638,1934
1008: 1770,1557,1644
1009: 
1010: 730,939,1407,1517
1011: 137
1012: 
1013: 1536,1106
1014: 632
1015: 
1016: 1393,207,1167,100,1597,2014,385,1103,1153,1146,1383,687,1099,1576
1017: 1699,1700,2004,1739,1760,1885,450,176,1863,190,1142,1987,337,1974,456
1018: 1182,1942,599,1348,1537,651
1019: 
1020: 278,1547,1690,647
1021: 1689,363,579,369
1022: 1198,1549,1391,2015,1973,339,1173
1023: 748,1718,2011,1620,1119,1882,609,1908,544,109,2017,261,511,291
1024: 
1025: 771,615
1026: 435
1027: 864
1028: 427
1029: 
1030: 
1031: 
1032: 282,149
1033: 1903,626,10,1398
1034: 1594
1035: 1552,1724
1036: 
1037: 1057
1038: 297
1039: 
1040: 919,1349,834,606,1242
1041: 
1957: 1550,1160,1206,1357,303,1928,1658
1043: 930
1044: 
1970: 25,83,765
1046: 1995,1102,1976,586,477,2009,729,697,1943
1047: 
1048: 117,91,2016,561,1261,45,66,287,1926
1049: 
1050: 1188
1051: 276,1906
1052: 202,1855,173,1671,2013,1569,1483,1230,281,751
1053: 1476,1702,727,1332,1169,67,1717,2010,1347,1386
1054: 583,1544
1055: 
1056: 759,101
1057: 1037
1058: 
1059: 
1060: 
1061: 108,1800,1732,324,7,1725
1975: 343
1063: 
1925: 
1065: 
1066: 439,1237,1884
1067: 
1068: 807
1963: 995,1489
1070: 1326,546,403,2019,987,1508,1401,1074,1171
1071: 
1072: 
1073: 314
1074: 1070,1326,546,403,2019,987,1508,1401,1171
2018: 1753,1431,1149,542,790,135,926,187,1674
1076: 564
1077: 
1078: 1139
1079: 1280,775,379,152,826,277
1080: 
1081: 780,289,220,1267,591,815,79
1082: 
1083: 1213
1084: 
1085: 
1939: 897,1094
1087: 
1088: 970
1089: 
1090: 871,1126,1445,1200,121
1091: 1950,296
1092: 1953,35
1093: 846,329,1231
1094: 897,1939
1095: 1749,723,1838,1007,1633,1694,1379,828,2005,1666,1878,1390,65,522,532,1934
1096: 1924,1984
1097: 1330,359,1378
1098: 1686
1099: 687,1576,1393,1016,1167,1597,2014,385,1103,1146,1383
1100: 1239,755,1834,2012,284,1854
1101: 1337,269,206,34
1102: 477,1046,2009,729,697,1943
1103: 1393,1546,1016,1167,2014,385,707,1146,1383,687,1099,1576
1104: 
1105: 
1106: 1013,1536
1107: 354,1793
1108: 1507,1165,1846,1773
1109: 
1110: 1394
1111: 
1112: 1880
1113: 
1114: 
1115: 
1116: 
1117: 3,496
1118: 
1119: 1718,2011,1620,1882,609,1908,544,109,2017,261,511,291,748,1023
1120: 592,1469,1763,1887,437,1729,2002,1548,857,830,519,323
1121: 
1122: 1131
1123: 1160
1897: 
1125: 
1126: 871,800,1090
1127: 
1919: 1530,285,1452,178
1951: 
1130: 151,1276,888,1189,879,1817,1275
1131: 1122
1132: 14
1133: 1164,1959
1976: 1995,477,1046,2009,1943,1145,1296,1647
2015: 1198,1549,1391,1022,1865,1973,339,1173,670,1380,547
1136: 
1137: 1723,924
1138: 
1139: 1078
1140: 
1141: 416,153
1142: 1863,190,337,1974,456,1699,1700,2004,1739,1760,1885,1994,450,176,1017
1143: 
1144: 
1145: 1296,1647,1995,1976,2009,1943
1146: 1393,207,1016,1167,100,1597,2014,385,1103,1153,1383,687,1099,1576
1147: 
1148: 
1149: 2018,1753,1431,542,790,135
1150: 
1151: 
1152: 
1153: 207,1016,100,1597,2014,385,1146,1383,687,1576
1154: 5
1155: 222,452
1156: 1813,1325,103
1157: 854,11,872
1158: 1421,239
1159: 
1160: 1550,1206,303,1123,1658,1957
1161: 1844
2005: 1095,1749,723,1838,1007,1633,1694,1379,828,1666,1878,492,1390,449,65,465,522,532,535,638,1934
1163: 885
1164: 1959,1133
1165: 1108,1507,1773
1166: 
1167: 1393,1546,1016,2014,385,707,1103,1146,1383,1099,1576
1168: 1712,696,343
1169: 1476,727,1332,1717,2010,1053
1170: 
1171: 1070,1326,546,403,2019,987,1508,1401,1074
1172: 194
1173: 670,1380,547,1198,1391,1022,1865,2015,1973,339
1174: 743
1175: 134,805,1754
1941: 
1177: 
1178: 
1943: 1995,1102,1976,586,477,1046,2009,729,697,1145,1296,1647,1278
1180: 
1181: 1823,1234
1182: 1942,599,1348,1018,1537
1183: 
1184: 1495
1185: 
1186: 631,938
1187: 
1188: 1050
1189: 1130,151,1276,888,879,1817,1275
1190: 
1191: 812,431,1888
1192: 572,1960,612,838,271,1899
1193: 
1194: 
1195: 839,407
1196: 
1197: 1581
1198: 1549,1391,1022,1865,2015,1973,339,1173,670,1380,547
1199: 250,1784,1862,1268
1200: 871,1445,1090,121
1201: 
1202: 
1203: 
1204: 
1205: 
1206: 1550,1160,1357,303,1928,1658,1957
1207: 
1208: 12,1449,786
1209: 1688
1210: 1518
1211: 
1212: 1402
1213: 1083
1952: 
1879: 
1216: 
1217: 1933,1883
1218: 
1219: 961,567,33,1629,683,1985,801
1220: 
1221: 155
1222: 
1223: 453
1224: 364
1225: 1239,205,1834,2012,284,262
1226: 
1227: 
2013: 202,1052,1855,1555,173,1671,1569,1483,1230,281,1526,751
1229: 
1230: 202,1052,173,1671,2013,1569
1231: 247,1093,846,329
1232: 
1233: 1827,664,1328
1234: 1181
1914: 
1236: 
1237: 1066,439,1884,991
1238: 1466,557,78,2001,784,172,921,39,900,404,335
1239: 755,205,1834,2012,284,1225,262,1854,1100
1936: 1314,1503,1898
1241: 
1242: 919,304,1349,834,606,1040
1243: 
1244: 1270
1245: 
1246: 114
1247: 
1248: 1869,1271
1249: 692
1250: 1543
1251: 604
1252: 
1253: 
1254: 876,487,590
1255: 197,996,408,882,1680,1451,1935,119,1630,2000
1256: 1361
1257: 521,644,1772,916,1935,119,1859,1915,1630,1821,2000,844,197,882,1451
1258: 
1259: 956,198
1260: 1525,1323
1261: 1048,117,91,2016,561,45,66,287,1797,1926,1626
1890: 
1263: 
1960: 572,373,612,838,62,1192
1265: 
1266: 2008,1715,322,315,72,1618,661
1267: 780,289,220,591,815,79,1081
1268: 1199
1269: 
1270: 1244
1271: 1869,1248
1272: 
1273: 
1274: 355
1275: 1130,1189
1276: 1130,151,888,1189
1277: 395,514,1737
1278: 1296,1647,1995,586,477,2009,697,1943
1279: 781
1280: 775,379,152,1079,826,1826,277
1281: 
1282: 
1283: 
1284: 652
1285: 
1286: 
1287: 
1288: 255
1289: 
1290: 286,447,1822,847,1819,1600
1291: 87
1292: 1321
1293: 
1294: 
1888: 812,1191,431
1296: 1145,1647,1278,1995,1976,586,477,2009,1943
1297: 
1298: 
1299: 
1300: 
1881: 1468
1302: 
1303: 
1304: 
1305: 787
1306: 
1307: 1619,384,19,1509
1308: 412,209
1309: 
1310: 763,1354,376
1311: 
1312: 699,398,1604
1313: 890
1314: 1639,1503,1898,1936,1642
1315: 
1316: 
1317: 
1318: 466,1535,1886,1758,2006,1665,74,73,1698,972,2007,945,249
1319: 548
1320: 164
1321: 1292
1322: 429,661,1902,401,1580,2008,1715,322,315
1323: 1525,1260
1324: 
1325: 1813,1156,103
1326: 1070,546,403,2019,987,1508,1401,1074,1171
1327: 
1328: 1827,664,1233
1329: 
1330: 359,1378,1097
1331: 
1332: 1476,1702,727,1169,67,1717,2010,1347,1053
1333: 167,275,891,1901,971,1891
1334: 
1335: 1873,283
1336: 
1337: 269,206,34,1101
1338: 
1339: 70
1340: 
2003: 1564,610,299,1450,600,1944
1342: 
1343: 
1344: 554,336
1345: 614
1346: 
1347: 1476,1702,727,1332,67,1717,2010,1053,1386
1348: 1182,1403,1942,599,1528,1018,1537,651
1349: 919,304,834,606,1040,1242
1350: 
1351: 
1352: 1,1510
1353: 869,665
1354: 763,1310,376
1355: 1420
1356: 
1357: 1550,1206,303,1928,1658,1957
1358: 302,1661
1359: 533
1360: 
1361: 1256
1362: 
1363: 860
1364: 
1365: 6,1991
1366: 
1367: 13
1368: 
1369: 576,757
1370: 
1371: 
1372: 1427,1977
1373: 47,252
1374: 
1375: 724,147,1461
1376: 
1377: 
1378: 1330,571,1097
1379: 1095,1749,723,1838,1007,1633,1694,828,2005,1666,1878,492,1390,465,522,532,638
1380: 1173,670,547,1198,2015,1973,339
1381: 353,1482,286,447,1822,1529,1600
1382: 1653,4,259,766,368
1383: 1393,207,1016,1167,100,1597,2014,385,707,1103,1153,1146,687,1099,1576
1384: 1654,745
1385: 
1386: 1476,1702,727,67,1717,2010,1347,1053
2008: 1715,1266,322,315,72,1618,429,661,1902,401,1580,1322
1388: 
1389: 
1390: 1095,723,1007,1633,1694,1379,828,2005,1666,1878,492,449,65,465,522,532,535,638,1934
1391: 1198,1549,1022,2015,1973,339,1173,670
1392: 
1393: 207,1546,1016,1167,1597,2014,385,1103,1146,1383,687,1099,1576
1394: 1110
1395: 654
1922: 785,1586,1904
1916: 
1398: 1903,626,10,1033
1399: 881,179
1400: 668
1401: 1070,1326,546,403,2019,987,1508,1074,1171
1402: 1212
1403: 1942,599,1528,1348,1537
1404: 1625,602
1405: 
1889: 1956,68,982,201
1407: 730,939,1010,1517
1408: 
1409: 
1410: 
1411: 
1412: 1448,1850
1413: 
1903: 626,1398,1033
1415: 
1416: 
1417: 
1966: 1527,1587
1419: 
1420: 1355
1421: 239,1158
1422: 
1423: 804
1424: 
1425: 861,667,1866
1426: 
1427: 1372,1977
1428: 
1429: 1640,870,1443
1430: 52,947,1723
1431: 2018,1753,1149,542,790,135,926,187,1674
1432: 20
1433: 
1434: 
1435: 
1436: 163
1437: 396,499,1002
1438: 1741,293,1714
1439: 
1440: 742,523
1441: 488,711,1589,21
1442: 490
1443: 870,1429
1444: 
1445: 871,1200,1090,121
1446: 
1447: 1652,1599
1448: 1412,1850
1449: 12,1208,786
1450: 1564,2003,600
1451: 197,996,408,882,1680,1255,521,1257,644,1772,1935,119,1859,1630,2000,844
1452: 1530,285,178,1919
1453: 
1454: 
2016: 1048,117,91,561,1261,45,66,287,1797,1926,1626
1949: 724
1457: 471,428
1458: 1912,451
1459: 717,1964
1460: 
1461: 724,147,1375
1462: 
2019: 1070,1326,546,403,987,1508,1401,1074,1171
1464: 1818,90
1465: 
1466: 722,557,78,2001,1238,172,921,39,900,404,142,335,701
2002: 592,174,1469,309,1763,747,1887,437,1843,1729,1780,387,1771,1558,1548,857,830,778,1120,519,323
1468: 1881
1469: 592,174,309,1763,747,1887,437,1843,1729,387,2002,1558,1548,857,830,778,1120,519,323
1470: 789
1471: 1616
1472: 168,1833
1473: 
1474: 
1475: 1573,279,859
1476: 1702,727,1332,1169,67,1717,2010,1347,1053,1386
1477: 616
1478: 167,275,1978,891,1901,971,1608
1479: 
1935: 1257,644,119,1859,1630,2000,197,996,408,882,1680,1255,1451
1481: 
1482: 1381,353,286,1529
1483: 202,1052,1855,1555,173,1671,2013,1569,281,1526
1484: 
1485: 219
1486: 
1487: 
1488: 736,716
1489: 637,1963
1490: 
1961: 
1492: 360
1493: 1527,1587
1494: 556
1495: 1184
1496: 
1497: 
1498: 
1499: 979
2014: 1393,207,1546,1016,1167,100,1597,385,707,1103,1153,1146,1383,687,1099,1576
1501: 
1502: 
1503: 1314,1639,1898,1936,1642
1504: 29,1842
1505: 
1506: 
1507: 368,1108,1165,467,1846,1773
1508: 1070,1326,546,2019,987,1401,1074,1171
1509: 1307,384
1510: 1352,1
1511: 
1512: 
1513: 145
1514: 
1515: 
1516: 415
1517: 730,939,1010,1407
1518: 1210
1519: 1650,27,515
1520: 488
1521: 1617
1522: 
1523: 
1524: 
1525: 1260,1323
1526: 281,751,1855,1555,1671,2013,1569,1483
1527: 1966,1493,1587
1528: 1403,1348,651
1529: 1381,353,1482,286,447,1822,1600
1530: 285,1452,178,1919
1531: 671,1577
1532: 
1533: 
1987: 1863,190,337,1974,456,2004,1739,176,1017
1535: 466,1886,1758,2006,1665,74,73,1698,972,2007,1318,945,249
1536: 1013,1106
1537: 1182,1403,1942,599,1348,1018,651
1538: 
1539: 1775
1540: 275,971,1608
1541: 
1542: 
1543: 527,1250
1544: 1054,583
1545: 
1546: 1393,1167,2014,385,707,1103
1547: 1690,647,278,1020
1548: 592,1469,1763,1887,437,1843,1729,387,2002,857,830,778,1120,519,323
1549: 1198,1391,1022,1865,2015,1973,339
1550: 1160,1206,1357,303,1928,1658,1957
1551: 
1552: 1035,1724
1553: 
1554: 
1555: 202,1855,173,1671,2013,1569,1483,281,1526
1996: 204
1557: 1770,1644,1008
1558: 174,1469,309,1763,747,437,1843,1729,387,2002,1771,830,778,519
1559: 
2006: 466,1535,1886,1758,1665,74,73,1698,972,2007,1318,945,249
1561: 1585,53,714
1562: 
1563: 
1564: 610,2003,299,1450,600,1944
1934: 65,522,638,1095,1749,723,1838,1007,1633,2005,1666,1390
1566: 1642
1567: 
1568: 
1569: 202,1052,1855,1555,173,1671,2013,1483,1230,281,1526,751
1570: 
1571: 
1572: 
1573: 279,1475,859
1574: 1962
1575: 587,235
1576: 687,1099,1393,1016,1167,1597,2014,385,1103,1153,1146,1383
1577: 671,1531
1578: 1006,1762
1579: 
1580: 429,661,1902,401,1322,2008,1715,322,72,1618
1581: 1197
1582: 
1583: 628
1584: 
1585: 53,1561
1586: 1922,785,1904
1587: 1966,1493,1527
1588: 
1589: 488,711,21,1441
1590: 307,382
1884: 1066,1237,991
1592: 228,1989
1593: 1761,758,517
1594: 1034
1595: 
1596: 
1597: 1393,207,1016,100,2014,385,1153,1146,1383,687,1099,1576
1598: 
1599: 1447,1652
1600: 1381,286,1290,447,1822,1529,847,1819
1601: 50,623
1602: 
1603: 
1604: 699,398,1312
1605: 
1606: 
1607: 1652
1608: 275,891,1540,971,1478
1609: 
1610: 475,59,241
1611: 
1612: 728
1894: 125,681,243,161
1614: 
1988: 
1616: 1471
1617: 1521
1618: 2008,1715,1266,322,315,72,429,661,1580
1619: 1307,384,19
1620: 1718,2011,1119,1882,609,1908,544,109,2017,261,511,291,748,1023
1621: 
1622: 791,455
1623: 1895
1624: 
1625: 602,1404
1626: 1797,1926,117,91,2016,561,1261,45,66,287
2007: 466,1535,1886,1758,2006,1665,74,73,1698,972,1318,945,249
1628: 88,1678,899
1629: 33,683,1985,801,1219,961,567
1630: 521,1257,644,1772,916,1935,119,1859,1915,2000,844,197,996,408,882,1680,1255,1451
1631: 405
1632: 
1633: 1095,1749,723,1838,1007,1694,1379,828,2005,1666,1878,492,1390,449,65,465,522,532,638,1934
1634: 301,611
1635: 112
1636: 977
1637: 
1638: 560,588
1639: 1314,1503,1898,1642
1640: 870,1429
1641: 
1642: 1314,1639,1503,1898,1566
1643: 
1644: 1770,1557,1008
1645: 
1646: 
1647: 1145,1296,1278,1995,1976,586,477,2009,697,1943
1648: 
1649: 1673
1650: 1519,767,776,515
1651: 678,1794,978
1652: 1447,1599,1607
1653: 4,259,1382,766,368,1846
1654: 1384
1973: 1198,1549,1391,1022,2015,339,1173,670,1380,547
1656: 
1657: 
1658: 1550,1160,1206,1357,303,1928,1957
1659: 415,328,845
1942: 1182,1403,599,1348,1018,1537
1661: 302,1358
1662: 37
1663: 
1664: 672
1665: 466,1535,1886,1758,2006,74,73,1698,972,2007,1318,945,249
1666: 1095,1749,723,1838,1007,1633,1379,828,2005,1390,522,638,1934
1667: 
1668: 
1669: 
1670: 
1671: 202,1052,1855,1555,173,2013,1569,1483,1230,281,1526,751
1672: 
1673: 1649,679
1674: 2018,1431,542,790,135,926,187
1675: 
1676: 
1677: 
1678: 1628,88,899
1679: 
1680: 197,996,408,882,1255,1451,644,1935,119,1630,2000,844
1681: 1982
1682: 
1683: 
1684: 973
1685: 
1686: 1098
1687: 
1688: 513,805,1209
1689: 1021,363,369
1690: 1547,647,278,1020
1691: 244,327
1692: 
1693: 712,1841
1694: 1095,1749,723,1007,1633,1379,828,2005,1878,492,1390,449,65,465,522,532,638
1695: 
1696: 824,70,433
1697: 
1698: 466,1535,1886,1758,2006,1665,74,73,2007,1318,945,249
1699: 1700,2004,1739,1760,1885,617,1994,695,450,176,1017,1142,337,1974
1700: 1699,2004,1739,1760,1885,617,1994,695,450,176,1017,1142,337,1974,456
1701: 974
1702: 1476,727,1332,67,1717,2010,1347,1053,1386
1703: 
1704: 
1705: 226
1706: 306
1707: 
1708: 221,312
1709: 446,717
1710: 
1711: 774,1909
1712: 1168,696
1909: 1711,774
1714: 1741,293,1438
1715: 2008,1266,322,315,72,1618,661,1902,401,1580,1322
1716: 
1717: 1476,1702,727,1332,1169,67,2010,1347,1053,1386
1718: 2011,1620,1119,1882,609,1908,544,109,2017,261,511,291,748,1023
1719: 
1968: 
1721: 
1722: 
1723: 1137,924,1430
1724: 1552,1035
1725: 108,1732,324,7,1061
1726: 1777
1727: 
1728: 
1729: 592,174,1469,309,1763,747,1887,437,1843,1780,387,2002,1771,1558,1548,857,778,1120,519,323
1730: 862,662
1731: 
1732: 324,7,1061,1725
1733: 
1734: 1746,993,444
1735: 232
1736: 
1737: 514,1277
1738: 
1739: 1699,1700,2004,1760,1885,617,1994,695,450,176,1017,1863,190,1142,1987,337,1974,456
1740: 
1741: 293,1438,1714
1742: 
1743: 
1744: 
1745: 
1746: 1734,993
1747: 
1748: 199,1920
1749: 1095,723,1838,1007,1633,1694,1379,828,2005,1666,1934
1750: 
1751: 
1752: 
1753: 2018,1431,1149,542,790,135,926,187
1754: 513,134,1175,805
1755: 
1756: 
1757: 
1758: 1535,1886,2006,1665,74,73,1698,972,2007,1318,945,249
1759: 
1760: 1699,1700,2004,1739,1885,617,1994,695,450,176,1017,1863,190,1142,337,1974
1761: 1593,758,517
1762: 1006,1578
1763: 592,174,1469,309,747,1887,437,1843,1729,1780,387,2002,1771,1558,1548,857,830,778,1120,519
1764: 
2017: 1718,2011,1620,1119,1882,609,1908,544,109,261,511,291,748,1023
1766: 
1767: 49
1768: 
1769: 596
1770: 1557,1644,1008
1771: 174,309,1763,747,1843,1729,1780,387,2002,1558,857
1772: 521,1257,644,916,119,1859,195,1915,1630,1821,2000,844,1451
1773: 1846,1108,1507,1165
1774: 
1775: 1539
1776: 111
1777: 1726
1778: 
1779: 
1780: 592,174,309,1763,747,1887,1843,1729,387,2002,1771,857
1781: 
1782: 
1783: 624,15,510
1784: 250,1199,1862
1785: 1972
1786: 
1787: 1824,246
1788: 
1789: 
1790: 
1791: 1848
1792: 
1793: 354,1107
1794: 1651,678,978
1795: 
1796: 575
1797: 1926,1626,117,91,2016,1261,45,66,287
1798: 
1799: 
1800: 108,324,7,1061
1801: 
1802: 
1931: 
1804: 1871,951
1805: 
1806: 
1807: 
1808: 
1809: 
1810: 1868
1927: 
1812: 
1813: 1325,1156,103
1814: 
1815: 455
1954: 593
1817: 879,1130,151,888,1189
1818: 732,1464
1819: 286,1290,447,1822,847,1600
1932: 825,634,310
1821: 521,1257,644,1772,916,1859,195,1915,2000,844
1822: 1381,353,286,1290,447,1529,847,1819,1600
1823: 1181
1824: 1787,246,9
1825: 
1826: 1280,775,379,152,826,277
1827: 664,1328,1233
1828: 944
1955: 
1830: 
1831: 
1832: 1870,622,1983
1833: 1472,168
1834: 1239,755,205,2012,284,1225,262,1854,1100
1835: 
1836: 
1837: 
1838: 1095,1749,723,1007,1633,1379,828,2005,1666,65,522,638,1934
1839: 344,338
1840: 
1841: 712,1693
1842: 29,1504
1843: 592,174,1469,309,1763,747,1887,437,1729,1780,387,2002,1771,1558,1548,857,830,778,519
1844: 1161
1845: 
1846: 1773,467,368,1108,1507,1653
1847: 377,719
1848: 389,974,1791
1849: 922
1850: 1412,1448
1851: 388
1852: 
1853: 
1854: 1239,755,1834,2012,284,262,1100
1855: 1052,1555,173,1671,2013,1569,1483,281,1526,751
1856: 
1857: 
1858: 
1859: 521,1257,644,1772,1935,119,1915,1630,1821,2000,844,197,408,882,1451
1860: 889
1995: 1976,586,477,1046,2009,729,1943,1145,1296,1647,1278
1862: 250,1784,1199
1863: 190,1142,1987,337,1974,456,2004,1739,1760,1885,1994,450,176,1017
1864: 
1865: 1198,1549,2015,339,1173,670,547
1866: 861,667,1425
1867: 
1868: 1810
1869: 1248,1271
1870: 1832,622,1983
1871: 1804,951
1872: 
1873: 1335,283
1874: 
1875: 
1876: 817