0: 
1: 
1946: 
3: 
4: 
5: 
6: 702,1667,215
7: 552,1740,1732,1190,328,1063,92
8: 1681,320
9: 1862,1586,1183,1683,241
10: 
11: 523,1426
12: 
13: 513
14: 1823
15: 
16: 1298,301,1925,1610,1824,306,1329,1954,716
17: 735,1192
18: 
19: 
20: 
21: 1589,711
1826: 817
23: 
1985: 1333
25: 
26: 
1995: 1287,1638,1976,2009,1278,697,477,1647,1943,1046
28: 
29: 
30: 
1853: 
1994: 2004,190,1974,1648,1760,456,450,1863,1987,176,695,1076,1961,1739,1017,1699,1700
33: 1709,1689,1641
34: 1551,1108
35: 1953
36: 829
37: 184,925
38: 1084,818,1983
39: 2001,316,722,1952,335,921,78,701,1238,1466,142,404,557,1194,900,172
40: 
41: 
42: 1588
43: 760
44: 1122
45: 1048,1797,1626,1543,2016,561,66,287,1261,117,1584,1926
1989: 
47: 1077,1121,715
48: 1911
49: 
50: 441
51: 
52: 
53: 1701,1581
54: 1714,575,318
55: 1498,374,453
56: 
57: 
58: 799,321,416
59: 
60: 1364,395,1875
61: 
62: 572,271,636,612
1822: 161,1126,193
64: 
65: 723,638,1934,449,535,465,1633,1666,1071,492,1749,2005,1838,1007,1095,532,1694,1390
66: 91,1048,45,1797,1626,1543,2016,561,287,1261,117,1584,1926
67: 1717,1347,615,2010,1169,223,1702,1053,1332,1386,727,1476,156
68: 
1898: 1639
70: 181,1036,1710,1654
1896: 911,599
72: 447,315,429,1600,1618,661,2008,1529,1229,226,322,286,305,1715,1381,401
73: 74,1665,1150,2007,1886,1318,1552,1039,249,466,1698,1758,2006,945,972,1535
74: 1665,1150,2007,1886,73,1318,1552,1039,466,1698,1758,2006,945,972,1535
1848: 
2010: 1717,1347,615,1169,223,1702,1053,1332,1386,727,1476,67,156
77: 
78: 2001,316,722,1952,39,335,921,701,1238,1466,142,1194,900,172
79: 
1986: 
81: 1349
1981: 776,308
83: 
84: 
1866: 567,149,1901,1478
86: 646,144,133,1562,266,104
87: 973,806,1309
88: 548,405
89: 1280,1402
90: 
91: 150,1048,1797,1543,2016,561,66,287,1926
92: 552,1732,328,1063,7
93: 
94: 
95: 
96: 
97: 1969
98: 
99: 315,1600,1902,661,2008,322,1114,286,1266,1381,1580
100: 2014,1153,1099,1393,687,207,860,1016,707,1576
101: 1123,1471,1658
102: 750
103: 1573,1156
104: 646,86,144,133,1562
1841: 
106: 
107: 
108: 1061,1721,1316,1725
109: 1620,2011,1908,544,2017,511,261,1882,1632,1023,1718,748
110: 913,1997
111: 
112: 
113: 
114: 1452,529,1157,520,292
115: 2003,1872,1918,1111,299,1436,694,312,600,1944
116: 
117: 1584,1926,150,45,1626,2016,561,66,287,1261
118: 163
119: 2000,1935,1630,1569,882,751,1255,1257,1821,810,1230,2013,1451,1772,1915,408,195,814,996
120: 1963
1821: 1555,2000,1935,1630,844,119,1569,882,751,1255,1483,1257,173,810,1230,1680,2013,1859,1451,916,1772,1915,408,195,814,281,996,1671,1855,202
122: 1350,1331
123: 1662
1886: 74,1665,1150,2007,73,1318,1552,1039,466,1698,1758,2006,945,1535
125: 
126: 
127: 
128: 
129: 710,1583,1746,968,966
1867: 1920
131: 
132: 787,1793,649,995
133: 646,86,144,1562,266,104
134: 283,775,379
135: 542,1059,790,2018,1149,1849,1674,1753,922,187
136: 1942
137: 153,1141
138: 971,659
139: 430
140: 
141: 714,1253,355,1256,932
142: 701,1238,1466,557,1194,900,172,2001,722,1952,39,335,921,78
143: 1464,1398
144: 646,86,133,1562,266,104
145: 977,272,1636,1160
146: 1516
147: 1394
148: 
149: 567,1866,1901,1478
150: 91,1048,1797,1626,1543,2016,561,287,117,1926
151: 
152: 
153: 1141,137
154: 
155: 
156: 1347,615,2010,1169,223,727,67
157: 1631,279,1777,1361,574
158: 
159: 
160: 1540,852
161: 1822,1126,193
1895: 1673,563
163: 118
164: 496,1305,439,396,964
165: 
1824: 1298,301,1925,1610,306,16,1329,1954,1804,716
167: 1978,1608
168: 1950
169: 
170: 
171: 
172: 701,1238,1466,142,404,557,1194,900,2001,316,722,1952,39,335,921,78
173: 1555,2000,1935,1630,844,644,1569,882,751,1255,1483,1052,1821,1230,197,1680,2013,916,1915,408,195,814,281,1855,202
174: 747,857,1763,2002,1771,778,1843,437,1887,1729,309,1548,519,310,1120,323,1780
175: 
176: 2004,1292,1994,190,1974,1648,1760,456,450,1863,1987,695,337,1076,1961,1739,1327,1142,1682,1017,1699,1700,1885
1787: 475,1634,1372
178: 
179: 666
180: 
181: 70,1036
1901: 567,149,1866,1478
183: 
184: 925,37
1920: 1867
186: 
187: 1431,542,2018,1149,1849,1674,135,1753,922
1932: 812,1338
189: 432,635,809,616,361
190: 2004,1994,1974,1648,1760,456,450,1863,1987,176,695,1076,1961,1739,1017
1865: 547,1209,1198,339,338,1173,2015,1022,1391,670
2000: 1555,1935,1630,844,119,644,1569,882,751,1255,1483,1257,1052,173,1821,810,1230,197,1680,1526,2013,1859,1451,916,1772,1915,408,195,814,281,996,1671,1855,202
193: 161,1822,1126
194: 
195: 1555,2000,1935,1630,844,119,644,1569,882,751,1255,1483,1257,1052,173,1821,810,1230,197,1680,2013,1859,1451,916,1772,1915,408,814,281,996,1671,1855,202
196: 
197: 2000,1935,1630,844,644,1569,751,1483,1052,173,810,1230,1680,1526,2013,1915,195,281
198: 
1791: 
200: 
201: 1503
202: 1555,2000,844,751,173,1821,1230,1680,2013,1859,1451,916,408,195,814,281,1671,1855
203: 604,1504,618,1966
204: 
205: 262,284,1834,1225,2012,1854,1239
206: 225
207: 478,2014,1153,1146,1099,1393,385,687,1383,860,1016,707,1103,1576,100
2001: 316,722,1952,39,335,921,78,701,1238,1466,142,404,557,1194,900,172
209: 1344
210: 
211: 
212: 
213: 
1789: 871,642
215: 702,6,1667
216: 939,1407
1944: 694,312,600,2003,1872,1918,115,1436
218: 
219: 
220: 1891,1416
221: 
222: 1489
223: 1717,1347,615,2010,1169,1702,1053,1386,727,1476,67,156
1827: 
225: 206
226: 1424,447,429,1600,1465,1618,1902,661,2008,72,1529,1705,1229,322,305,1715,401,1482,1322
1984: 
228: 
229: 895
1980: 1628,242
231: 1367,1181,1806,1035
232: 
233: 1795
234: 
235: 
236: 
1877: 1598
238: 498,1922
239: 1489
240: 
241: 1862,9,1586,1183,1683,1306
242: 1628,1980
243: 
244: 
1782: 
246: 
247: 
1921: 832
249: 1665,1150,2007,73,1318,1552,1039,466,2006,945,1535
250: 
251: 
252: 1786,394,1155,1252,1388,1553
1938: 
254: 1688
255: 1335
256: 1962,1603
257: 
1923: 863
259: 1477,269,368
260: 1585
261: 544,2017,511,1119,1882,1632,609,1023,1718,748,109,1620,2011,1908
262: 205,284,1834,1225,2012,755,1854,1100,1239
263: 1250,660,527
264: 1964
265: 
266: 646,86,144,133,1562
1891: 1416,220
268: 
269: 1477,259,368
1880: 506
271: 572,636,612,62
272: 977,145,1636,1160
273: 1924
274: 
275: 
276: 1724,1399,881
277: 808,1844,1906
278: 
279: 1631,157,1777,1361,574
1918: 2003,1872,1111,299,115,1436,694,600,1944
281: 1555,2000,1935,1630,844,644,1569,751,1483,173,1821,1230,197,1680,2013,1859,1451,916,1915,408,195,814,1855,202
282: 
283: 775,134
284: 262,205,1834,1225,2012,755,1854,1100,1239
285: 1177,460
286: 1424,315,99,1600,1902,661,2008,72,1529,1229,322,1114,305,1715,1381
287: 91,150,1048,45,1797,1626,1543,2016,561,66,117,1584,1926
288: 
289: 
290: 1002,1400
291: 2017,511,1119,1882,1632,609,1023,748,1620,2011,1908
292: 1452,529,1157,114,520
293: 
1910: 669
295: 
296: 458,620,1883,1020,1734
297: 805,1038
298: 
299: 2003,1872,1918,1111,115,694,600
300: 
301: 1298,1610,1824,306,16,1329,1954,1804,716
302: 1825
303: 1093
304: 543
305: 1424,447,315,429,1600,1465,1618,1902,661,2008,72,1529,1229,226,322,286,1715,401
306: 1298,301,1925,1610,1824,16,1329,1954,1804,716
307: 
308: 1981,776
309: 747,857,1763,752,2002,1469,1771,778,437,387,1887,1564,174,519,323,1558
310: 747,857,1763,2002,778,1843,437,1887,1729,1564,1548,174,519,1120,830,592,1780
311: 1650,1874,1089
312: 694,1944,2003,1872,115,1436
1990: 
314: 
315: 447,99,429,1600,1618,1902,661,2008,72,1529,1229,322,1114,286,305,1266,1715,1381,1580,1482
316: 2001,722,1952,39,335,921,78,701,1194,172
317: 1303,1795
318: 54,424,575
319: 344
320: 8,1681
321: 799,58,416
322: 1424,447,315,99,429,1600,1618,1902,661,2008,72,1529,1229,226,286,305,1266,1715,1381,401,1580,1482
323: 747,857,1763,752,2002,1469,1771,778,437,387,1887,1729,309,1564,174,1120,1558
324: 
325: 997
326: 
327: 1691
328: 552,1740,1732,1190,1063,7,92
329: 
330: 
331: 
1825: 302
333: 
334: 
335: 2001,316,722,1952,39,921,78,1238,1466,142,557,900,172
336: 1899
337: 2004,1292,1974,1648,1760,456,450,1863,1987,176,695,1076,1961,1739,1327,1142,1682,1017,1699,617,1700,1885
338: 547,1209,1198,339,1865,1173,2015,1022,1391,670
339: 547,1209,1198,338,1865,2015,1391,670
340: 1513,1033
341: 
342: 
343: 
344: 319
345: 
346: 1290,990
347: 1677
348: 
349: 
350: 
351: 
352: 591,986
353: 
354: 402
355: 1253,141,932
356: 
357: 
358: 
359: 
360: 
361: 635,809,189,432
1974: 2004,1292,1994,190,1648,1760,456,450,1863,1987,176,695,337,1076,1961
363: 
1854: 262,205,284,1834,1225,2012,755,1100,1239
365: 
366: 
1860: 943,647,1184,897
368: 1477,259,269
369: 
1926: 117,1584,91,150,1048,45,1797,1626,1543,2016,561,66,287,1261
371: 
372: 
373: 1375,1210
374: 1498,55,453
375: 
376: 1354,1369,888
377: 
378: 1385
379: 1876,775,134
1828: 
1964: 264
382: 664,1348
383: 740,625
384: 
385: 478,2014,1153,1146,1099,687,1546,1383,207,1294,1016,1167,1103,1576,654
386: 
387: 752,2002,1469,437,309,1564,323,1558
388: 
389: 1204,999,489
390: 
391: 
1836: 
393: 
394: 1786,252,1155,1252,1388,1553
395: 1364,60,1875
396: 164,496,1305,439,964
397: 
1845: 
399: 
400: 1006,1661
401: 1424,447,429,1600,1465,1618,1902,661,2008,72,1705,1229,226,322,305,1715,1482,1322
402: 354
403: 1326,2019,987,1074,546,1401,1171,1070,848
404: 701,1238,1466,557,1194,900,172,2001,39
405: 548,88
406: 
407: 551,630
408: 1555,2000,1935,1630,119,1569,882,751,1255,1257,173,1821,810,1230,2013,1859,1451,916,1772,1915,195,814,281,996,1671,1855,202
409: 
410: 904
1969: 97
412: 
1979: 
414: 899
415: 1117,1237
416: 799,321,58
417: 
1805: 
419: 1596,1356
420: 915,1272,887
1840: 
422: 1847,901
1992: 
424: 575,318
425: 1668
426: 
427: 
428: 
429: 1424,447,315,1600,1465,1618,1902,661,2008,72,1529,1705,1229,226,322,305,1266,1715,1381,401,1580,1482,1322
430: 139
431: 
432: 189,635,809,361
433: 
434: 1302
1792: 703
436: 1809
437: 747,857,1763,752,2002,1469,1771,778,387,1887,1729,309,1564,174,519,310,323,1558
438: 
439: 164,496,1305,396,964
440: 717
441: 50
442: 1774
1839: 1288
444: 
1878: 723,638,1934,449,535,465,1666,492,2005,828
446: 
447: 1424,315,429,1600,1465,1618,661,2008,72,1529,1229,226,322,305,1715,401,1482
448: 
449: 723,638,1934,535,1878,465,1633,65,1666,1071,492,1749,2005,1838,828,1007,1095,532,1694,1390
450: 2004,1292,1994,190,1974,1648,456,1863,1987,176,695,337,1076,1961,1142,1017,1885
451: 
1834: 262,205,284,1225,2012,755,1854,1100
453: 55,374
454: 581,1247
455: 
456: 2004,1292,1994,190,1974,1648,1760,450,1863,1987,176,695,337,1076,1961,1739,1327,1142,1682,1017,1699,617,1700,1885
457: 841
458: 620,1883,1020,1734,296
459: 
460: 1177,285
461: 588,1395
462: 
463: 
464: 
465: 723,638,1934,449,535,1878,65,1666,1071,492,1749,2005,828,532,1390
466: 74,1665,1150,2007,1886,73,1318,1552,1039,249,1698,1758,2006,945,972,1535
467: 
468: 
469: 
470: 
471: 
472: 
1940: 
474: 
475: 1787,1634,1372
1837: 
477: 1995,1287,729,1638,1976,2009,1102,1278,1647,1943,1296,1046,1281
478: 2014,1153,1146,1099,1393,385,687,1546,1383,207,1294,1016,1167,707,1103,1576,654
479: 
480: 
481: 
1801: 
1885: 1961,1327,1142,1682,1017,1699,1700,2004,1292,1648,456,450,1987,176,695,337,1076
484: 
485: 
486: 952
487: 1965
488: 
489: 1204,389,999
1857: 
491: 1158
492: 1666,1071,522,1749,2005,828,1007,1095,532,1390,723,638,449,535,1878,465,65
493: 
494: 1234
495: 
496: 164,1305,439,396,964
497: 1511,541,652,772
498: 238,1922
499: 1460,1505,1107
1850: 
501: 969,1221
502: 
1948: 
504: 1415
1999: 
506: 1880,994
507: 1304,1747
508: 
509: 
510: 
511: 544,2017,291,261,1119,1882,1632,609,1023,1718,748,109,1620,2011,1908
512: 
513: 13
514: 
515: 1254
1788: 
517: 
1908: 1620,2011,109,2017,511,291,261,1119,1882,1632,1023,1718,748
519: 747,1763,752,2002,1771,778,1843,437,1887,309,1548,174,310
520: 1452,529,1157,114,292
521: 1188
522: 1379,1666,1071,492,1749,2005,1838,1007,1095,1694,1390
523: 11,1426
524: 1563
1831: 579,973
526: 
527: 1250,660,263
1913: 1080
529: 1452,1157,114,520,292
1809: 436
531: 
532: 1666,1071,492,1749,2005,828,1007,1095,1390,723,638,1934,449,535,465,1633,65
533: 1317,605,1612
534: 1055
535: 723,638,1934,449,1878,465,65,1666,1071,492,1749,2005,828,1007,532,1390
536: 1798,948
537: 
538: 1005,988
539: 
540: 1982
541: 652,772,497,1511
542: 1431,926,1059,790,2018,1149,1849,1674,135,1753,922,187
543: 304,1413
544: 2017,511,261,1119,1882,1632,609,1023,1718,748,109,2011
545: 
546: 2019,403,1074,1171,1070,1508,848
547: 1209,1198,339,338,1865,2015,1391,670
548: 405,88
549: 1293
550: 
551: 407,630
552: 1740,1732,1190,328,1063,7,92
1812: 
554: 774,728,1707,1643
555: 1619
556: 
557: 1238,1466,142,404,1194,172,2001,722,39,335
1906: 808,277
1991: 768,1931,1593
560: 
561: 91,150,1048,45,1797,1626,1543,2016,66,287,117,1584,1926
562: 
563: 1895,1673
564: 
565: 1819,1427
1924: 273,1557
567: 149,1866,1901,1478
1870: 
569: 683
570: 
571: 1412,1965
572: 271,636,612,62
573: 
574: 1631,157,279,1777
575: 424,54,318
1819: 1427,565
1904: 
578: 
579: 1831,973,1309
580: 859,623
581: 454,1247
582: 
583: 
584: 1581
585: 1596,1996,1356,658
1869: 1248
587: 956,1345,1105
588: 1395,461
589: 
590: 
591: 986,352
592: 830,1780,857,1763,2002,778,1843,1729,1564,1548,310,1120
593: 
1962: 256,1603,1355
595: 
596: 1525,1159,1832
597: 1645
598: 1182,664,1377,641,1348,1728
599: 911,1054,1528,1896
600: 694,1944,2003,1872,1918,1111,299,115
601: 
602: 
603: 
604: 203,1504
605: 1317,533,956,1612
606: 
607: 1572,1916
608: 
609: 544,2017,511,291,261,1119,1882,1632,1023,1718,748,1620,2011
610: 
611: 874,1743
612: 572,271,636,62
1800: 
614: 
615: 1717,1347,2010,1169,223,727,1476,67,156
616: 809,189
617: 1961,1739,1327,1142,1682,1017,1699,1700,2004,456,337,1076
618: 1966,203
619: 1858,1202
620: 458,1020,296
621: 779
622: 1525,1159,1832
623: 859,1813,580,1643
624: 1133,1959
625: 383,740
626: 1963
627: 
628: 
629: 
630: 551,407
631: 1423,924
1799: 
633: 
634: 
635: 809,361,189,432
636: 572,271,612,62
637: 
638: 723,1934,449,535,1878,465,1633,65,1666,1071,492,1749,2005,828,532,1390
639: 
640: 
641: 1182,664,1377,782,598,1728
642: 871,1789
643: 
644: 2000,1935,1630,844,751,1483,1052,173,197,1680,1526,2013,1915,195,281
1806: 1367,1181,231,1035
646: 86,144,133,1562,266,104
647: 1860,1184,897
1859: 1555,2000,751,1483,1257,1821,810,1230,1680,2013,1451,916,1772,408,195,814,281,996,1671,1855,202
649: 787,132,1793,995
650: 1740
651: 1233
652: 541,772,497,1511
653: 
654: 478,2014,1153,1146,385,1546,1383,1294,1016,1167,1103
655: 1499
656: 
657: 1175,1161
658: 1596,1356,585
659: 971,138
660: 1250,263,527
661: 1424,447,315,99,429,1600,1465,1618,1902,2008,72,1705,1229,226,322,1114,286,305,1266,1715,1381,401,1580,1482,1322
662: 1218
663: 1762
664: 1182,641,1348,598,1728,382
665: 
666: 179
667: 683
668: 
669: 1910
670: 1173,2015,1022,1391,1380,547,1209,1198,339,338,1865
671: 1856
672: 
673: 1051
674: 
675: 950
676: 880,1754
1882: 544,2017,511,291,261,1119,1632,609,1023,1718,748,109,1620,2011,1908
678: 
679: 1151
680: 
681: 
1810: 
683: 569,667
1983: 1084,38,818
685: 
686: 
687: 478,2014,1153,1146,1099,1393,385,207,860,1016,707,1103,1576,100
688: 855
689: 
690: 
1965: 487,1412,571
692: 
1993: 
694: 312,600,1944,2003,1872,1918,299,115,1436
695: 2004,1292,1994,190,1974,1648,1760,456,450,1863,1987,176,337,1076,1961,1739,1327,1142,1682,1017,1699,1700,1885
696: 
697: 1995,1287,1638,1976,2009,1102,1278,1647,1943,1046,1487
698: 758,1411,1706,1784
699: 961,1945,1892
700: 
701: 1238,1466,142,404,1194,900,172,2001,316,39,921,78
702: 6,1667,215
703: 1792
1883: 458,1020,1734,296
1971: 
706: 
707: 478,2014,1153,1099,1393,687,1383,207,1016,1167,1103,1576,100
1982: 540
709: 1951,1104
710: 1893,1583,1746,1611,968,129,966
711: 1589,21
712: 
713: 
714: 141,1256,932
715: 1121,47,1077
716: 1804,1298,301,1925,1610,1824,306,16,1329,1954
717: 440
718: 1438
719: 1330,1246,770
720: 783,1737
721: 745
722: 2001,316,1952,39,335,921,78,1466,142,557,1194,172
723: 638,1934,449,535,1878,465,1633,65,1666,1071,492,1749,2005,1838,1007,532,1390
724: 
725: 
726: 907,1286
727: 1717,1347,615,2010,1169,223,1476,67,156
728: 554,774,1707,1643,859,1813
729: 1287,1638,1976,2009,1102,1278,477,1647,1296,1145,1046,1487
730: 
731: 
732: 
733: 
1977: 1578
735: 17,1192
736: 
737: 
1997: 913,110
739: 
740: 383,625
1912: 
742: 1493,1440
743: 
744: 1008
745: 721
1911: 48
747: 857,1763,752,2002,1469,1771,778,1843,437,1887,1729,309,1548,174,519,310,1120,323,1558
748: 544,2017,511,291,261,1882,1632,609,1023,1718,109,1620,2011,1908
1817: 
750: 102
751: 2000,1935,1630,844,119,644,1569,1255,1483,1052,173,1821,810,1230,197,1680,1526,2013,1859,1451,916,1915,408,195,814,281,996,1855,202
752: 747,857,1763,2002,1469,778,437,387,1887,1729,309,1564,519,323,1558
753: 1346
1928: 
755: 262,284,1834,1225,2012,1854,1100
756: 
757: 1270,1685
758: 1411,1784,698
759: 1494
760: 43
761: 
1838: 1379,1666,1071,522,1749,2005,1007,1095,1694,1390,723,449,1633,65
763: 1794,1421
764: 
765: 1747
766: 
767: 
768: 1991,1931,1593
2004: 1292,1994,190,1974,1648,1760,456,450,1863,1987,176,695,337,1076,1961,1739,1327,1142,1682,1017,1699,617,1700,1885
770: 1330,719,1246
771: 
772: 541,652,497,1511
1954: 1298,301,1925,1610,1824,306,16,1329,1804,716
774: 554,728,1707,1643,859,1813
775: 283,134,1876,379
776: 1981,308
777: 
778: 747,857,1763,752,2002,1469,1843,437,1887,1729,309,1564,1548,174,519,310,1120,323,830,592,1780
779: 621
780: 
781: 1585
782: 1182,1377,641,1544,1348
783: 720,1737
1863: 2004,1292,1994,190,1974,1648,1760,456,450,1987,176,695,337,1961,1739,1327,1142,1017
785: 1009,1677,836
786: 
787: 132,1793,649,995
788: 1757
789: 
790: 926,542,1059,2018,1149,1849,135,1753,922
791: 
792: 
793: 
794: 1060,1274
795: 
796: 
797: 
798: 
799: 321,58,416
800: 
801: 1291,1300,853,861
2012: 262,205,284,1834,1225,755,1854,1100,1239,866
1900: 
804: 
805: 297
806: 973,1309,87
807: 1454
808: 1399,1844,277,1906
809: 635,616,361,189,432
810: 2000,1935,1630,119,1569,751,1255,1483,1257,1052,1821,1230,197,2013,1859,1451,1915,408,195,814,996,1855
811: 
812: 1338,1932
1893: 710,1746,1611,968
814: 1555,2000,1935,119,1569,882,751,1255,1257,173,1821,810,1230,2013,1859,1451,916,1772,1915,408,195,281,996,1671,1855,202
815: 
816: 1616,914,883
817: 1826
818: 38,1983
819: 
1823: 14
2011: 1620,1908,109,544,2017,511,291,261,1119,1882,1632,609,1023,1718,748
822: 1523
1849: 1431,926,542,1059,790,2018,1149,1674,135,1753,922,187
824: 
825: 
826: 
827: 1595,951
828: 1666,1071,492,1749,2005,532,638,449,535,1878,465
829: 36
830: 592,1780,857,1763,2002,778,1843,1548,310,1120
831: 
832: 1921,1001
1807: 
834: 
835: 
836: 785,1009,1677
837: 
838: 983
839: 1481,902
1851: 
841: 457
842: 
1887: 747,857,1763,752,2002,1469,1771,778,1843,437,309,1564,1548,174,519,310,323
844: 2000,1935,1630,644,751,1483,1052,173,1821,1230,197,1680,1526,2013,1451,1915,195,281,1855,202
845: 
846: 1988
847: 1435
848: 1508,1326,2019,403,987,1074,546,1171,1070
849: 
850: 
851: 
852: 160,1540
853: 1291,801,1300,861
854: 
855: 998,688
856: 
857: 747,1763,752,2002,1469,778,1843,437,1887,1729,309,1564,1548,174,310,1120,323,830,592,1780
858: 1242,1279
859: 1813,623,580,774,728,1707,1643
860: 2014,1099,1393,687,207,1016,1103,1576,100
861: 1291,801,1300,853
862: 
863: 1923
864: 
1978: 167,1608
866: 2012,1239
867: 984
1892: 961,1945,699
869: 
870: 
871: 1789,642
872: 1519
2009: 1995,1287,729,1638,1976,1102,1278,697,477,1647,1943,1296,1145,1046,1487,1281
874: 1743,611
875: 
876: 955
877: 
878: 
879: 
880: 676,1754
881: 1201,1724,1399,1844,276
882: 1555,2000,119,1569,1255,1257,173,1821,1230,2013,916,1772,408,195,814,996,1671,1855
883: 914,1616,816
884: 
885: 
886: 
887: 420,1798
888: 1354,1369,376
889: 
1852: 
891: 
1871: 
893: 
894: 
895: 1079,1679,229
1958: 
897: 647,1860,1184
898: 1340
899: 414
900: 701,1238,1466,142,404,1194,172,2001,39,335,921,78
901: 1847,422
902: 839,1481,1314
903: 
904: 410
905: 
906: 
907: 726,1286
908: 1034
1915: 2000,1935,1630,844,119,644,1569,751,1255,1483,1052,173,1821,810,1230,197,1680,1526,2013,1451,408,195,814,281,996,1855
910: 
911: 599,1054,1896
1972: 
913: 1997,110
914: 883,1616,816
915: 1272,420
916: 1555,2000,1630,1569,882,751,1255,1257,173,1821,1230,1680,2013,1859,1451,1772,408,195,814,281,996,1671,1855,202
917: 
1955: 
919: 
920: 
921: 2001,316,722,1952,39,335,78,701,1238,1466,142,1194,900,172
922: 1431,926,542,1059,790,2018,1149,1849,135,1753,187
1956: 1514,1353,1359
924: 1106,631,1423
925: 184,37
926: 1431,542,1059,790,2018,1849,1753,922
927: 
1902: 1424,315,99,429,1600,1465,1618,661,2008,1705,1229,226,322,1114,286,305,1266,1715,1381,401,1580,1482,1322
1899: 336
930: 
931: 
932: 714,1253,355,141,1256
933: 
934: 1094
935: 
936: 
937: 
1790: 
939: 216,1407
940: 
941: 
942: 1415
943: 1860,1184
944: 
945: 1698,1758,1011,2006,972,1535,74,1665,1150,2007,1886,73,1318,1552,249,466
946: 
947: 
948: 1798,536
1959: 1133,624
950: 675
951: 1595,827
952: 486
1858: 619,1202
1953: 35
955: 876
956: 587,1345,1612,1317,605
957: 
958: 
959: 1657
960: 
961: 1945,1892,699
1945: 961,1892,699
963: 
964: 164,496,1305,439,396
965: 
966: 710,1583,1746,129
967: 
968: 710,1893,1746,1611,129
969: 1221,501
970: 
971: 138,659
972: 1698,1758,1011,2006,945,74,2007,73,1318,1552,466
973: 806,1309,87,1831,579
974: 1197
1933: 
1950: 168
977: 145,272,1636,1160
978: 
979: 
980: 1140
1846: 
982: 1442
983: 838
984: 867
985: 1357
986: 591,352
987: 1326,2019,403,1074,1401,1171,1070,848
988: 1005,538
1905: 1676
990: 1290,346
991: 1437
992: 
993: 
994: 506
995: 649,787,132,1793
996: 1555,2000,1935,119,1569,882,751,1255,1257,1821,810,1230,2013,1859,1451,916,1772,1915,408,195,814,1671,1855
997: 325
998: 855
999: 1204,389,489
1000: 1342
1001: 832
1002: 290,1400
1003: 
1004: 
1005: 988,538
1006: 1661,400
1007: 1379,1666,1071,522,492,1749,2005,1838,1095,532,1694,1390,723,449,535,1633,65
1008: 744
1009: 785,1677,836
1010: 
1011: 1698,1758,2006,945,972,2007
1012: 
1013: 1276
1014: 
1015: 1231
1016: 478,2014,1153,1146,1099,1393,385,687,1383,207,1294,860,1167,707,1103,1576,654,100
1017: 1961,1739,1327,1142,1682,1699,617,1700,1885,2004,1292,1994,190,1648,1760,456,450,1863,1987,176,695,337,1076
1018: 
1793: 787,132,649,995
1020: 458,620,1883,1734,296
1021: 
1022: 1173,2015,1391,1380,670,1209,1198,338,1865
1023: 544,2017,511,291,261,1119,1882,1632,609,1718,748,109,1620,2011,1908
1024: 
1025: 1602,1577,1856
1026: 1903
1027: 
1931: 1991,768
1029: 
1030: 1151
1031: 
1032: 1219
1033: 340,1513
1034: 908
1035: 1367,1181,231,1806
1036: 70,181,1710,1654
1037: 
1038: 297
1039: 74,1665,1150,2007,1886,73,1318,1552,249,466,2006,1535
1040: 1670
1041: 
1957: 
1043: 
1044: 
1970: 
1046: 1995,1287,729,1638,1976,2009,1102,1278,697,477,1647,1943,1296,1145,1487,1281
1047: 
1048: 91,150,45,1797,1626,1543,2016,561,66,287,1926
1049: 
1050: 
1051: 673
1052: 2000,1935,1630,844,644,1569,751,1483,173,810,1230,197,1526,2013,1915,195
1053: 1717,1347,2010,1169,223,1702,1332,1386,1476,67
1054: 911,599,1528
1055: 534
1056: 
1057: 
1058: 
1059: 926,542,790,2018,1149,1849,135,1753,922
1060: 794
1061: 1721,108,1725
1975: 1168,1125
1063: 552,1740,1732,1190,328,7,92
1925: 1298,1610,1824,306,16,1954,716
1065: 
1066: 
1067: 1649,1659
1068: 
1963: 120,626
1070: 1326,2019,403,987,1074,546,1171,1508,848
1071: 1379,1666,522,492,1749,2005,1838,828,1007,1095,532,1694,1390,723,638,449,535,465,1633,65
1072: 
1073: 
1074: 1326,2019,403,987,546,1401,1171,1070,1508,848
2018: 1431,926,542,1059,790,1149,1849,1674,135,1753,922,187
1076: 2004,1994,190,1974,1648,1760,456,450,1987,176,695,337,1961,1739,1142,1682,1017,1699,617,1700,1885
1077: 47,1121,715
1802: 
1079: 1679,895
1080: 1913
1081: 
1874: 1650,311,1089
1083: 
1084: 38,1983
1085: 
1939: 
1087: 
1088: 
1089: 1650,1874,311
1090: 1496,1205
1091: 
1092: 
1093: 303
1094: 934
1095: 1379,1666,1071,522,492,1749,2005,1838,1007,532,1694,1390,449,1633,65
1096: 1193,1180
1097: 
1098: 
1099: 478,2014,1153,1146,1393,385,687,1383,207,860,1016,1167,707,1103,1576,100
1100: 262,284,1834,1225,2012,755,1854
1101: 
1102: 1287,729,1638,2009,1278,697,477,1647,1296,1145,1046,1487,1281
1103: 478,2014,1153,1146,1099,1393,385,687,207,860,1016,707,1576,654
1104: 1951,709
1105: 1317,587
1106: 924,1423
1107: 1460,1505,499
1108: 1551,34
1109: 
1110: 1642
1111: 2003,1872,1918,299,115,1436,600
1112: 
1113: 
1114: 1424,315,99,1600,1465,1902,661,2008,1705,286,1266,1715,1381,1580,1482
1115: 1531
1876: 379,775
1117: 415,1237
1118: 
1119: 544,2017,511,291,261,1882,1632,609,1023,1718,1620,2011,1908
1120: 747,857,1763,2002,778,1843,1729,1548,174,310,323,830,592,1780
1121: 715,47,1077
1122: 44
1123: 101,1471,1658
1897: 
1125: 1975
1126: 161,1822,193
1127: 
1919: 
1951: 1104,709
1130: 
1131: 
1132: 
1133: 624,1959
1976: 1995,1287,729,1638,2009,1278,697,477,1647,1943,1046
2015: 1173,1022,1391,1380,670,547,1209,1198,339,338,1865
1136: 1842
1137: 
1138: 
1139: 1154
1140: 980
1141: 153,137
1142: 1961,1739,1327,1682,1017,1699,617,1700,1885,2004,1292,1648,456,450,1863,1987,176,695,337,1076
1143: 
1144: 
1145: 729,2009,1102,1278,1296,1046,1487
1146: 478,2014,1153,1099,385,687,1546,1383,207,1294,1016,1167,1103,1576,654
1147: 1439
1148: 
1149: 542,1059,790,2018,1849,1674,135,1753,922,187
1150: 74,1665,2007,1886,73,1318,1552,1039,249,466,1758,2006,945,1535
1151: 1030,679
1844: 1399,881,808,277
1153: 478,2014,1146,1099,1393,385,687,1383,207,1016,1167,707,1103,1576,654,100
1154: 1139
1155: 1786,252,394,1252,1388
1156: 103,1573
1157: 1452,529,114,520,292
1158: 491
1159: 1525,622,1832,596
1160: 977,145,272,1636
1161: 657,1175
2005: 1379,1666,1071,522,492,1749,1838,828,1007,1095,532,1694,1390,723,638,1934,449,535,1878,465,1633,65
1163: 
1164: 
1165: 
1166: 
1167: 478,2014,1153,1146,1099,385,1546,1383,1294,1016,707,654
1168: 1975
1169: 1717,1347,615,2010,223,1702,1053,1332,1386,727,1476,67,156
1170: 
1171: 1326,2019,403,987,1074,546,1401,1070,1508,848
1172: 
1173: 2015,1022,1391,1380,670,1209,1198,338,1865
1174: 
1175: 657,1161
1872: 2003,1918,1111,299,115,1436,694,312,600,1944
1177: 460,285
1178: 
1943: 1995,1287,1638,1976,2009,1278,697,477,1647,1046
1180: 1096,1193
1181: 1367,231,1806,1035
1182: 664,1377,641,782,1544,1348,598,1728
1183: 1862,9,1586,1683,1306,241
1184: 943,647,1860,897
1185: 
1186: 
1187: 
1188: 521
1189: 
1190: 552,1740,1732,328,1063,7
1191: 
1192: 17,735
1193: 1096,1180
1194: 701,1238,1466,142,404,557,900,172,2001,316,722,39,921,78
1195: 1936
1196: 
1197: 974
1198: 547,1209,339,338,1865,1173,2015,1022,1391,1380,670
1199: 
1200: 
1201: 1724,881
1202: 1858,619
1203: 
1204: 389,999,489
1205: 1090
1842: 1136
1207: 1532
1208: 
1209: 547,1198,339,338,1865,1173,2015,1022,1391,1380,670
1210: 1375,373
1794: 1421,763
1212: 
1213: 
1952: 2001,316,722,39,335,921,78,1466,142,172
1804: 716,301,1610,1824,306,1329,1954
1216: 
1217: 
1218: 662
1219: 1032
1220: 
1221: 969,501
1222: 
1223: 
1224: 
1225: 262,205,284,1834,2012,755,1854,1100,1239
1226: 
1227: 
2013: 1555,2000,1935,1630,844,119,644,1569,882,751,1255,1483,1257,1052,173,1821,810,1230,197,1680,1526,1859,1451,916,1772,1915,408,195,814,281,996,1671,1855,202
1229: 1424,447,315,429,1600,1465,1902,661,2008,72,1529,226,322,286,305,1715,401
1230: 1555,2000,1935,1630,844,119,1569,882,751,1255,1483,1257,1052,173,1821,810,197,1680,2013,1859,1451,916,1772,1915,408,195,814,281,996,1671,1855,202
1231: 1015
1232: 
1233: 651
1234: 494
1914: 
1868: 
1237: 415,1117
1238: 701,1466,142,404,557,1194,900,172,2001,39,335,921,78
1239: 262,205,284,1225,2012,1854,866
1936: 1195
1241: 
1242: 858,1279
1243: 1808,1881
1244: 
1245: 
1246: 1330,719,770
1247: 581,454
1248: 1869
1249: 
1250: 660,263,527
1251: 
1252: 1388,1553,252,394,1155
1253: 355,141,1256,932
1254: 515
1255: 2000,1935,1630,119,1569,882,751,173,1821,810,1230,2013,916,1772,1915,408,195,814,996,1855
1256: 714,1253,141,932
1257: 1555,2000,119,882,1821,810,1230,2013,1859,1451,916,1772,408,195,814,996,1671,1855
1258: 
1259: 1344
1260: 
1261: 45,1626,1543,2016,66,117,1584,1926
1890: 1818
1263: 
1960: 
1797: 91,150,1048,45,1626,1543,2016,561,66,287,1584,1926
1266: 315,99,429,1600,1618,1902,661,2008,322,1114,1715,1381,1580,1482
1267: 
1268: 
1269: 1475
1270: 757
1271: 
1272: 915,420
1273: 
1274: 794
1818: 1890
1276: 1013
1277: 
1278: 1995,1287,729,1638,1976,2009,1102,697,477,1647,1943,1296,1145,1046,1487
1279: 1242,858
1280: 89,1402
1281: 1287,1638,2009,1102,477,1647,1296,1046
1282: 
1283: 
1284: 1506,1518
1285: 
1286: 907,726
1287: 1995,729,1638,1976,2009,1102,1278,697,477,1647,1943,1296,1046,1487,1281
1288: 1839
1289: 
1290: 346,990
1291: 801,1300,853,861
1292: 2004,1974,1648,456,450,1863,1987,176,695,337,1739,1327,1142,1017,1885
1293: 549
1294: 478,2014,1146,385,1546,1383,1016,1167,654
1888: 1368
1296: 1287,729,1638,2009,1102,1278,477,1145,1046,1487,1281
1297: 
1298: 301,1925,1610,1824,306,16,1329,1954,716
1299: 
1300: 1291,801,853,861
1881: 1243,1808
1302: 434
1303: 317,1795
1304: 507,1747
1305: 164,496,439,396,964
1306: 1862,1586,1183,1683,241
1307: 1619
1308: 
1309: 973,806,87,579
1310: 
1311: 
1312: 
1313: 
1314: 902,1481
1315: 
1316: 108
1317: 605,1105,533,956,1612
1318: 74,1665,1150,2007,1886,73,1552,1039,249,466,1698,1758,2006,945,972,1535
1319: 
1320: 
1808: 1243,1881
1322: 1424,429,1465,1618,1902,661,2008,1705,226,401,1580,1482
1323: 
1324: 
1325: 
1326: 2019,403,987,1074,1401,1171,1070,848
1327: 1961,1739,1142,1682,1017,1699,617,1700,1885,2004,1292,1648,456,1863,176,695,337
1328: 
1329: 1298,301,1610,1824,306,16,1954,1804,716
1330: 719,1246,770
1331: 1350,122
1332: 1717,1347,2010,1169,1702,1053,1386,1476,67
1333: 1985
1334: 
1335: 255
1336: 
1337: 
1338: 812,1932
1339: 
1340: 898
2003: 1872,1918,1111,299,115,1436,694,312,600,1944
1342: 1000
1343: 
1344: 209,1259
1345: 587,956
1346: 753
1347: 615,2010,1169,223,1702,1053,1332,1386,727,67,156
1348: 1182,664,782,598,1728,382
1349: 81
1350: 1331,122
1351: 
1352: 
1353: 1956,1514,1704,1359
1354: 1369,376,888
1355: 1962
1356: 1596,585,419,658
1357: 985
1358: 
1359: 1956,1514,1704,1353
1360: 
1361: 1631,157,279,1777
1362: 
1363: 
1364: 395,60,1875
1365: 
1366: 
1367: 1181,231,1806,1035
1368: 1888
1369: 1354,376,888
1370: 
1371: 
1372: 475,1787,1634
1783: 
1374: 
1375: 373,1210
1376: 
1377: 1182,641,782,1544,598
1378: 
1379: 1071,522,2005,1838,1007,1095,1694
1380: 1173,2015,1022,1391,670,1209,1198
1381: 1424,315,99,429,1600,1465,1618,1902,661,2008,72,1705,322,1114,286,1266,1715,1580,1482
1382: 
1383: 478,2014,1153,1146,1099,385,1546,207,1294,1016,1167,707,654
1384: 
1385: 378
1386: 1717,1347,2010,1169,223,1702,1053,1332,1476,67
2008: 1424,447,315,99,429,1600,1465,1618,1902,661,72,1529,1705,1229,226,322,1114,286,305,1266,1715,1381,401,1580,1482,1322
1388: 1252,1786,252,394,1155
1785: 
1390: 1666,1071,522,492,1749,2005,1838,1007,1095,532,1694,723,638,1934,449,535,465,1633,65
1391: 1173,2015,1022,1380,670,547,1209,1198,339,338,1865
1392: 1617
1393: 478,2014,1153,1099,687,207,860,1016,707,1103,1576,100
1394: 147
1395: 588,461
1922: 498,238
1916: 1572,607
1398: 1464,143
1399: 1724,881,808,1844,276
1400: 1002,290
1401: 1326,2019,403,987,1074,1171
1402: 89,1280
1403: 
1404: 1485
1405: 
1889: 
1407: 216,939
1408: 
1409: 
1410: 
1411: 758,1706,1784,698
1412: 1965,571
1413: 543
1903: 1026
1415: 504,942
1416: 1891,220
1417: 
1966: 618,203,1504
1419: 
1420: 
1421: 1794,763
1855: 1555,2000,1935,1630,844,1569,882,751,1255,1483,1257,173,1821,810,1230,1680,2013,1859,1451,916,1772,1915,408,195,814,281,996,1671,202
1423: 631,924,1106
1424: 447,429,1600,1465,1618,1902,661,2008,1529,1705,1229,226,322,1114,286,305,1715,1381,401,1580,1482,1322
1425: 
1426: 523,11
1427: 1819,565
1428: 
1429: 
1430: 
1431: 926,542,2018,1849,1753,922,187
1784: 758,1411,1706,698
1433: 
1434: 
1435: 847
1436: 2003,1872,1918,1111,115,694,312,1944
1437: 991
1438: 718
1439: 1147
1440: 1493,742
1441: 
1442: 982
1443: 
1444: 
1445: 
1446: 
1447: 
1448: 
1449: 
1450: 
1451: 1555,2000,844,119,1569,751,1483,1257,1821,810,1230,1680,2013,1859,916,1915,408,195,814,281,996,1671,1855,202
1452: 529,1157,114,520,292
1453: 
1454: 807
2016: 91,150,1048,45,1797,1626,1543,561,66,287,1261,117,1584,1926
1949: 
1457: 
1458: 
1459: 
1460: 1505,1107,499
1461: 
1462: 
2019: 1326,403,987,1074,546,1401,1171,1070,1508,848
1464: 1398,143
1465: 1424,447,429,1600,1618,1902,661,2008,1705,1229,226,1114,305,1715,1381,401,1580,1482,1322
1466: 701,1238,142,404,557,1194,900,172,2001,722,1952,39,335,921,78
2002: 747,857,1763,752,1469,1771,778,1843,437,387,1887,1729,309,1564,1548,174,519,310,1120,323,1558,830,592,1780
1468: 
1469: 747,857,1763,752,2002,778,437,387,1887,1729,309,1564,323,1558
1873: 1524
1471: 1123,101,1658
1472: 
1473: 
1474: 
1475: 1269
1476: 1717,615,2010,1169,223,1702,1053,1332,1386,727,67
1477: 259,269,368
1478: 567,149,1866,1901
1479: 
1935: 2000,1630,844,119,644,1569,751,1255,1483,1052,173,1821,810,1230,197,2013,1915,408,195,814,281,996,1855
1481: 839,902,1314
1482: 1424,447,315,429,1600,1465,1618,1902,661,2008,1705,226,322,1114,1266,1715,1381,401,1580,1322
1483: 2000,1935,1630,844,644,1569,751,1052,173,1821,810,1230,197,1680,1526,2013,1859,1451,1915,195,281,1855
1856: 1602,1577,1025,671
1485: 1404
1486: 
1487: 1287,729,2009,1102,1278,697,1296,1145,1046
1488: 
1489: 239,222
1490: 1716
1961: 1739,1327,1142,1682,1017,1699,617,1700,1885,2004,1994,190,1974,1648,1760,456,450,1863,1987,176,695,337,1076
1492: 
1493: 1440,742
1494: 759
1495: 
1496: 1090
1497: 
1498: 55,374
1499: 655
2014: 478,1153,1146,1099,1393,385,687,1546,1383,207,1294,860,1016,1167,707,1103,1576,654,100
1501: 
1832: 1525,622,1159,596
1503: 201
1504: 604,203,1966
1505: 1460,1107,499
1506: 1518,1284
1507: 
1508: 848,2019,1074,546,1171,1070
1509: 
1510: 
1511: 497,541,652,772
1512: 
1513: 340,1033
1514: 1956,1704,1353,1359
1515: 
1516: 146
1517: 
1518: 1506,1284
1519: 872
1520: 
1521: 
1522: 
1523: 822
1524: 1873
1525: 622,1159,1832,596
1526: 2000,844,644,751,1483,1052,197,1680,2013,1915
1527: 
1528: 599,1054
1529: 1424,447,315,429,1600,2008,72,1229,226,322,286,305,1715
1530: 
1531: 1115
1532: 1207
1533: 
1987: 2004,1292,1994,190,1974,1648,1760,456,450,1863,176,695,337,1076,1961,1739,1142,1017,1699,1700,1885
1535: 1698,1758,2006,945,74,1665,1150,2007,1886,73,1318,1552,1039,249,466
1536: 
1813: 859,623,774,728,1707,1643
1538: 
1539: 
1540: 160,852
1541: 
1542: 
1543: 91,150,1048,45,1797,1626,2016,561,66,287,1261,1584,1926
1544: 1182,1377,782
1864: 
1546: 478,2014,1146,385,1383,1294,1167,654
1547: 
1548: 747,857,1763,2002,778,1843,1887,174,519,310,1120,830,592,1780
1786: 252,394,1155,1388
1550: 
1551: 1108,34
1552: 74,1665,1150,2007,1886,73,1318,1039,249,466,1698,1758,2006,945,972,1535
1553: 1252,252,394
1554: 
1555: 2000,882,1257,173,1821,1230,1680,2013,1859,1451,916,1772,408,195,814,281,996,1671,1855,202
1996: 1596,585
1557: 1924
1558: 747,1763,752,2002,1469,437,387,309,1564,323
1835: 
2006: 1698,1758,1011,945,972,1535,74,1665,1150,2007,1886,73,1318,1552,1039,249,466
1561: 
1562: 646,86,144,133,266,104
1563: 524
1564: 857,1763,752,2002,1469,778,437,387,1887,1729,309,310,323,1558,592
1934: 723,638,449,535,1878,465,1633,65,1666,2005,532,1390
1566: 
1567: 
1568: 
1569: 2000,1935,1630,119,882,751,1255,1483,1052,173,1821,810,1230,197,2013,1451,916,1915,408,195,814,281,996,1855
1570: 
1571: 
1572: 607,1916
1573: 103,1156
1574: 
1575: 
1576: 478,2014,1153,1146,1099,1393,385,687,207,860,1016,707,1103,100
1577: 1602,1856,1025
1578: 1977
1579: 
1580: 1424,315,99,429,1600,1465,1618,1902,661,2008,1705,322,1114,1266,1715,1381,1482,1322
1581: 53,584
1582: 
1583: 710,1746,129,966
1584: 117,1926,45,1797,1626,1543,2016,561,66,287,1261
1585: 260,781
1586: 1862,9,1183,1683,1306,241
1587: 
1588: 42
1589: 21,711
1590: 
1884: 
1592: 
1593: 1991,768
1594: 
1595: 827,951
1596: 1996,1356,585,419,658
1843: 747,857,1763,2002,1771,778,1887,1548,174,519,310,1120,830,592,1780
1598: 1877
1599: 
1600: 1424,447,315,99,429,1465,1618,1902,661,2008,72,1529,1705,1229,226,322,1114,286,305,1266,1715,1381,401,1580,1482
1601: 1909
1602: 1577,1856,1025
1603: 1962,256
1604: 
1605: 
1606: 
1607: 
1608: 1978,167
1609: 
1610: 1298,301,1925,1824,306,16,1329,1954,1804,716
1611: 710,1893,1746,968
1612: 956,1317,605,533
1894: 1722
1614: 
1988: 846
1616: 914,883,816
1617: 1392
1618: 1424,447,315,429,1600,1465,1902,661,2008,72,1705,226,322,305,1266,1715,1381,401,1580,1482,1322
1619: 1307,555
1620: 2011,1908,109,2017,511,291,261,1119,1882,1632,609,1023,1718,748
1621: 
1622: 
1623: 
1847: 422,901
1625: 
1626: 150,1048,45,1797,1543,2016,561,66,287,1261,117,1584,1926
2007: 74,1665,1150,1886,73,1318,1552,1039,249,466,1698,1758,1011,2006,945,972,1535
1628: 242,1980
1629: 
1630: 2000,1935,844,119,644,1569,751,1255,1483,1052,173,1821,810,1230,197,2013,916,1915,408,195,281,1855
1631: 157,279,1777,1361,574
1632: 544,2017,511,291,261,1119,1882,609,1023,1718,748,109,1620,2011,1908
1633: 723,638,1934,449,65,1666,1071,2005,1838,1007,1095,532,1694,1390
1634: 475,1787,1372
1635: 
1636: 977,145,272,1160
1637: 
1638: 1995,1287,729,1976,2009,1102,1278,697,477,1647,1943,1296,1046,1281
1639: 1898
1640: 
1641: 1709,33
1642: 1110
1643: 554,774,728,1707,859,1813,623
1644: 
1645: 597
1646: 
1647: 1995,1287,729,1638,1976,2009,1102,1278,697,477,1943,1046,1281
1648: 2004,1292,1994,190,1974,1760,456,450,1863,1987,176,695,337,1076,1961,1739,1327,1142,1017,1699,1885
1649: 1764,1067,1659
1650: 1874,311,1089
1651: 
1652: 
1653: 
1654: 1710,70,1036
1798: 887,536,948
1656: 
1657: 959
1658: 1123,101,1471
1659: 1764,1649,1067
1942: 136
1661: 1006,400
1662: 123
1663: 
1664: 
1665: 74,1150,2007,1886,73,1318,1552,1039,249,466,1698,1758,2006,945,1535
1666: 1071,522,492,1749,2005,1838,828,1007,1095,532,1694,1390,723,638,1934,449,535,1878,465,1633,65
1667: 702,6,215
1668: 425
1669: 
1670: 1040
1671: 1555,2000,882,1257,1821,1230,2013,1859,1451,916,1772,408,195,814,996,1855,202
1672: 
1673: 1895,563
1674: 542,2018,1149,1849,135,1753,187
1830: 
1676: 1905
1677: 347,785,1009,836
1678: 
1679: 1079,895
1680: 1555,2000,844,644,751,1483,173,1821,1230,197,1526,2013,1859,1451,916,1915,195,281,1855,202
1681: 8,320
1682: 1961,1739,1327,1142,1017,1699,617,1700,1885,2004,456,176,695,337,1076
1683: 1862,9,1586,1183,1306,241
1684: 
1685: 757
1686: 
1687: 
1688: 254
1689: 1709,33
1690: 
1691: 327
1692: 
1693: 
1694: 1379,1666,1071,522,1749,2005,1838,1007,1095,1390,449,1633,65
1795: 1303,317,233
1696: 
1697: 
1698: 1758,1011,2006,945,972,1535,74,1665,2007,1886,73,1318,1552,466
1699: 1961,1739,1327,1142,1682,1017,617,1700,1885,2004,1994,1648,1760,456,1987,176,695,337,1076
1700: 1961,1739,1327,1142,1682,1017,1699,617,1885,2004,1994,456,1987,176,695,337,1076
1701: 53
1702: 1347,2010,1169,223,1053,1332,1386,1476,67
1703: 
1704: 1514,1353,1359
1705: 1424,429,1600,1465,1618,1902,661,2008,226,1114,1715,1381,401,1580,1482,1322
1706: 1411,1784,698
1707: 554,774,728,1643,859,1813
1708: 
1709: 33,1689,1641
1710: 1654,70,1036
1711: 
1712: 
1909: 1601
1714: 54
1715: 1424,447,315,429,1600,1465,1618,1902,661,2008,72,1529,1705,1229,226,322,1114,286,305,1266,1381,401,1580,1482
1716: 1490
1717: 615,2010,1169,223,1053,1332,1386,727,1476,67
1718: 544,2017,511,261,1119,1882,1632,609,1023,748,109,1620,2011,1908
1719: 
1968: 
1721: 1061,108,1725
1722: 1894
1723: 
1724: 1201,1399,881,276
1725: 1061,1721,108
1726: 
1727: 
1728: 1182,664,641,1348,598
1729: 747,857,1763,752,2002,1469,778,437,1564,174,310,1120,323,592,1780
1730: 
1731: 
1732: 552,1740,1190,328,1063,7,92
1733: 
1734: 458,1883,1020,296
1735: 
1736: 
1737: 720,783
1875: 1364,395,60
1739: 1961,1327,1142,1682,1017,1699,617,1700,2004,1292,1994,190,1648,1760,456,1863,1987,176,695,337,1076
1740: 552,1732,650,1190,328,1063,7
1741: 
1742: 
1743: 874,611
1744: 
1745: 
1746: 710,1893,1583,1611,968,129,966
1747: 1304,507,765
1748: 
1749: 1666,1071,522,492,2005,1838,828,1007,1095,532,1694,1390,723,638,449,535,465,65
1862: 9,1586,1183,1683,1306,241
1751: 
1752: 
1753: 1431,926,542,1059,790,2018,1149,1849,1674,135,922,187
1754: 880,676
1755: 
1756: 
1757: 788
1758: 1698,1011,2006,945,972,1535,74,1665,1150,2007,1886,73,1318,1552,466
1796: 
1760: 2004,1994,190,1974,1648,456,1863,1987,176,695,337,1076,1961,1739,1017,1699
1761: 
1762: 663
1763: 747,857,752,2002,1469,1771,778,1843,437,1887,1729,309,1564,1548,174,519,310,1120,323,1558,830,592,1780
1764: 1649,1659
2017: 544,511,291,261,1119,1882,1632,609,1023,1718,748,109,1620,2011,1908
1766: 
1767: 
1768: 
1769: 
1770: 
1771: 747,1763,2002,1843,437,1887,309,174,519,323
1772: 1555,2000,119,882,1255,1257,1821,1230,2013,1859,916,408,195,814,996,1671,1855
1773: 
1774: 442
1775: 
1776: 
1777: 1631,157,279,1361,574
1778: 
1779: 
1780: 830,592,857,1763,2002,778,1843,1729,1548,174,310,1120
1781: 