0: 
1: 299
2: 1195,1111,1594
3: 823
4: 1715,1410
5: 1445
6: 
7: 842,2013,227,1810,1331,1541,141,567,777,808,1496,582,514,1224,1745,1338,86,1409,1863,1073,26,12,1857,1225,58,1570
8: 
9: 1705
10: 577,691
11: 1126,1604
12: 1073,26,1857,1496,582,514,1224,1745,1338,86,1409,1863,842,2013,1810,1541,7,1225,58,314,1570
13: 98,1974,201,1360,718,862,2015,1926,769,121,1401,1883,1622,130,1957,267
14: 1479
15: 1039,174,210,453,80
16: 
17: 1325
18: 1228,2016,1381,1924,1713,1295,206,597,1724
19: 347,1832
20: 
21: 
22: 
23: 731,312
24: 1994,425
25: 
26: 1073,12,1857,582,1409,1863,2013,227,1810,7,567,1225,58,314,1570
27: 1292
28: 
29: 658
30: 779,462,2009,1971,403,178,1288,225,331,1892,1534,1614,145
1994: 1663,24
32: 
33: 651,257
34: 
35: 680,859,1451,891,439
36: 350,502,906
37: 
38: 1870,363
39: 1058
40: 1369
41: 
42: 
43: 1684,820,927,1784,495,1668
1934: 1611,1825,2014,1901,756,650,131,1587
45: 
46: 1328,1704
47: 1690,1263,949,1394,1429,856,1487,1588,2017,83,692,163,1774,1752,1560,1079,123
48: 
49: 2008,208,850,1521,1275,1060,1783,1896,929,1257,1029,1167,1061,1598,1763,1736,1043,1042,879,249,1992,1091
50: 
51: 
52: 
53: 1426
54: 365,1823,2007,1202,408,965,1318
55: 1679,1650
56: 315,603,63
57: 
58: 1225,314,1570,1409,1863,1073,26,12,1857,2013,227,1810,1541,7,567,777
59: 
60: 
61: 1355,2003,426,1179,441,1575,760,1417,236,1023,1591,200,491,1260,807,578,1217,928,876
62: 112,833,2004,1383,263,1858,1972,882,1579,361,635,1677
63: 96,529,315,56
64: 
65: 275
66: 746,442,280
67: 1949
68: 1428,1122
69: 1212
70: 1928
71: 1605
72: 1944,1949
73: 934
74: 874,1795,270,1080,1853,1435,2011,475,184,1737,1523,528,313
75: 
76: 1438
77: 2001,114,1770,1276,1787,657,942,1005
78: 199
79: 1491
80: 15,210,453
81: 611,785
82: 1463,1220,1307
83: 1690,1263,949,1429,1487,2017,692,156,163,1774,1752,1560,47
84: 1283
85: 
86: 1496,582,514,1224,1745,1338,1409,1863,12,1857,842,2013,227,1810,1331,1541,141,7,567,777,808
87: 1659,666,562,146,1816,2002,1308,296,1240,1719,378
88: 
89: 1327
90: 
91: 
92: 
93: 1139,938,1581,1319
94: 
95: 873,204,1012,1809,1666
96: 529,63,315
97: 1088,1764
98: 122,1974,13,1360,718,2015,1926,769,532,121,1883,1622,130,1957,267
99: 591
100: 2008,850,929,1029,333,1598,1763,1736,249,1091,1923
1978: 1996,981
102: 1486,232,1817
103: 1208
1925: 329
105: 
106: 
107: 
108: 152,1912,468
109: 237,574
110: 
111: 1665,1291,431,781,763
112: 62,2004,263,1858,1579,361,1677
113: 
114: 2001,1902,77,1770,1276,657,942,1005
115: 1427,600,1987,770,1938
116: 1316
117: 1422,404
118: 851
119: 390,717
120: 2003,426,220,558,1575,760,1417,1023,1633,491,1260,1217,876
121: 122,98,1762,13,201,1360,718,862,2015,1926,532,1883,1622,1957,267,416
122: 98,1974,1762,862,2015,1926,532,121,1883,1622,130,1957,267,416
123: 1690,1263,949,1429,856,1280,1487,1588,2017,156,163,1774,1560,1079,47
124: 986,946
125: 
126: 
127: 
128: 
129: 1245,410,1492
130: 122,98,1974,1762,13,201,1360,718,862,2015,769,532,1401,1883,1622,1957,267,416
131: 1611,1825,2014,1901,555,756,650,1934,1587,448,1475
132: 1349
133: 1922,1557,1450,1493,1544,364,1812
134: 1965,1341,1708,1996,981
135: 1184,1804
136: 
137: 
138: 186,773,1645
139: 1208
140: 
141: 842,2013,227,1810,1331,7,567,777,808,514,1338,86
1963: 
143: 624,575
144: 1046
145: 30,2009,403,178,225,727,331,1892,1534,1614
146: 666,562,499,1816,2002,1308,296,1240,1719,87,1659,378
1916: 
148: 1506,795,871
149: 1192,1792
150: 1250,1646
151: 1248,1674,1500,195
152: 108,1912,468
153: 
154: 1980
155: 
156: 1690,1263,949,1429,1280,1487,1588,2017,83,1774,1752,123
157: 
158: 
159: 1586,1067
1957: 122,98,1974,1762,13,201,1360,718,862,2015,1926,769,532,121,1401,1883,1622,130,267,416
161: 
162: 1801,584,344,1510
163: 1690,1263,949,1394,1429,856,1487,1588,2017,83,692,1774,1752,1560,1079,47,123
1998: 
165: 1524,444,1458
166: 
167: 
168: 
169: 
170: 590
171: 628,1898,1127
172: 
173: 744
174: 15,1039,453
175: 
176: 1054
177: 1654
178: 779,30,462,2009,1971,403,1288,225,727,331,1166,1892,1534,1614,145
179: 1578,1961,1568,1419,435,251,940,1977,2019,956,670
180: 
181: 
182: 
183: 625,1840,1577,1558,804,682,1322,618,1150,2018,1027,1356,376,262,699,1159,831,1189
184: 270,1080,1853,1435,2011,475,1737,1523,74,874,1795,528,313
185: 549,196,1968
186: 138,773
1975: 1361,1311
188: 1436
2001: 1040,114,482,1902,77,1770,1345,1276,1787,754,657,942,1799,1678,1005,1062
190: 1158,1443,905,1084,255
191: 1454
192: 1599,417,1895,1332,730,1424,1482,2012,238,351,1256,1859,1533,1564
193: 1595,1964,1099,2004,1383,662,1972,635,1884,1997
194: 1014,980
195: 151,1674,1500
196: 549,185,1968
197: 1754,1593,349
198: 
199: 78,517
200: 1355,2003,1179,441,253,61,1575,236,1591,807,928
201: 1974,1762,13,1360,718,862,2015,769,121,1401,1883,1622,130,1957,416
202: 
203: 
204: 873,1012,95,1666
205: 828,815,644
206: 1228,18,2016,1381,1924,1295,597
207: 
208: 2008,850,1521,1275,1060,1783,1896,1257,1029,1167,49,1061,1598,1736,1043,1042,879,249,1992,1091
209: 
210: 15,453,80
211: 837,1193
212: 
213: 
214: 510
215: 
216: 
217: 1800,685,1602,229,870,1160,2000,1499,1550,1130,1015,1432
218: 
219: 783,660,1309,1494,890,716,362
220: 2003,426,441,558,1575,760,1417,1633,491,1260,807,578,1217,876,120
221: 1004,2010,1120,1476,963,1641,319,1190,780,811,1446
222: 1891
223: 818,860,1966,629
224: 982,1431
225: 30,462,2009,1971,403,178,1288,727,331,1166,1892,1534,1614,145
226: 
227: 842,2013,1810,1331,1541,141,7,567,777,808,1338,86,1409,1863,26,1857,1225,58,314,1570
228: 
229: 1800,685,217,1602,870,1160,2000,1499,1550,1712,1130,1015
230: 787,1411
231: 680,859,1451
232: 102,1817
233: 1004,2010,1120,1476,936,1554,1641,816,1190,985,1024,780,811,1116,1933,1446
234: 1698,703
235: 
236: 1355,2003,1179,441,253,61,1575,760,1417,1023,1591,200,807,578,1217,928,876
237: 109,713,939,574
238: 1599,417,1895,1332,730,1424,192,1482,293,2012,351,1859,1533,1564
239: 2005,286,1407,1315,1032,303
240: 
241: 1854
242: 
243: 1714,1953,566
244: 865,352,656,400,971,739
245: 
246: 
247: 
248: 
249: 2008,208,850,1060,1783,1896,929,1029,49,333,1598,1763,1736,879,1992,1091,100
250: 
251: 1578,1961,1568,1419,435,179,1128,940,1977,2019,956,670
252: 345,438
253: 2003,1179,441,236,200,928
254: 768,1680
255: 1158,1443,905,1084,1340,334,190
256: 1152,594,1738
257: 651,33
258: 
259: 
260: 
261: 
262: 625,1840,1577,1558,804,682,183,1322,618,1150,2018,1356,376,901,493,1159,1983,831,1189
263: 112,62,833,2004,1858,662,1972,882,1579,361,635,1677,1884,1997
264: 1921,446,1505
265: 
266: 
267: 122,98,1974,1762,13,1360,718,862,2015,1926,769,532,121,1883,1622,130,1957,416
268: 
269: 1230,1069
270: 1080,1853,1435,2011,475,184,1737,1523,74,874,1795,528,313
271: 
272: 846
273: 1216
274: 
275: 65
276: 
277: 586
278: 
279: 1512
280: 746,66,442
281: 715
282: 
283: 
284: 1542,864
285: 
286: 2005,1407,1315,1032,303,239
287: 
288: 1313
289: 
290: 
291: 984
292: 1686
293: 1599,417,1332,730,1424,1482,2012,238,351,1948,1256,821,1859,1533,1564
294: 
295: 
296: 562,499,146,1816,2002,1308,1719,87,1659,387,378
297: 1808
298: 587,1765
299: 1
300: 1629,457
301: 1775,1687
302: 996
303: 2005,286,1407,1315,1032,239,1676,1233
304: 924,1592
305: 1613
306: 437,1640
307: 655,1124
1938: 1427,600,1987,115
309: 
310: 
311: 1766
312: 731,23
313: 528,270,1853,1435,2011,184,1737,74,874,1795
314: 1225,58,1570,1863,1073,26,12,1857,2013,227,1810,567
315: 603,56,96,529,63
1993: 
317: 
318: 
319: 1214,2010,1120,1476,936,221,963,1123,1190,1116,1933,1446
320: 
321: 1170,542,1655,1785
322: 1885,847,1453
323: 1386,1089
1902: 2001,1040,114,482,1770,1276,1787,754,942
325: 
326: 
1953: 243,1714,566
328: 
329: 1925
330: 
331: 727,1166,1892,779,30,462,2009,1971,403,178,1288,225,1534,1614,145
332: 
333: 2008,850,1896,929,1598,1736,1043,879,249,1091,100,1923
334: 1443,905,1084,1340,255
335: 340
336: 1437,432,683
337: 
338: 592
339: 1769,784
340: 790,335,1824
341: 1648
342: 1051
343: 1552,638,872
344: 1801,584,162,1510
345: 252,438
1933: 1214,2010,1120,1476,936,1554,963,1123,816,233,319,1190,985,780,1116,1446
347: 19,1832
1911: 878,1344
349: 1754,197,1593
350: 36,502,906
351: 417,1332,192,1482,293,2012,238,1948,1256,821,1859,1533,1564
352: 865,244,656,841,400,739
1970: 737
354: 
355: 
356: 
357: 
358: 478,1399,487,653,2006,1529,732,1555,1000,494,836,1237,564,935
359: 
360: 
361: 112,62,833,2004,1383,263,1858,662,1972,882,1579,635,1677,1595,1099,1884,1997
362: 1739,660,1494,890,716,219
363: 38,1870
364: 1922,1557,1450,969,1544,133,1748
365: 1823,2007,1202,408,1945,965,463,54,1318,1988
366: 877
367: 
368: 
369: 
370: 1362,910,1265
371: 
372: 764
373: 
374: 1398
1913: 
376: 625,1840,1577,1558,183,1322,618,1150,2018,1356,262,493,1159,1983,831,1189
377: 
378: 87,1659,387,562,146,1816,2002,1308,296,1719
379: 
1901: 1611,1825,2014,555,756,650,131,1934,1587,448,1475
381: 1860,551,1563,1565
382: 1147,1685
383: 1078,1430
384: 
1974: 122,98,1762,13,201,1360,718,2015,1926,769,532,1401,1883,1622,130,1957,267,416
386: 
387: 1659,562,2002,296,1719,378
388: 470
389: 
390: 119,717
391: 759,1048
392: 
393: 
394: 
395: 
396: 
397: 1262,1107
398: 420,952,866,460,1976,1930,959,1644,1379
399: 
400: 865,352,244,656,971,739
401: 515,649,1346
402: 1647,1842
403: 779,30,462,2009,1971,178,1288,225,727,331,1166,1892,1534,1614,145
404: 117
405: 
406: 
1958: 
408: 365,1823,2007,1202,1945,965,463,54,1318,1988
409: 
410: 1245,129,1492
411: 1875,1605
412: 
413: 1954,1694,1164,1397
414: 
415: 
416: 122,1974,1762,201,862,2015,532,121,1883,1622,130,1957,267
417: 1599,1332,1424,192,1482,293,2012,238,351,1948,1256,821,1859,1533,1564
418: 
419: 
420: 952,866,398,1976,1930,959,1379
1930: 420,952,866,398,959,1644,1379
422: 
423: 661,1981
1937: 
425: 957,24
426: 2003,61,220,558,1575,760,1417,1023,491,1260,578,1217,876,120
427: 
428: 1363,1543,1716,464
1956: 
430: 813
431: 1665,1291,111,781,763
432: 1437,683,336
433: 1021
1939: 1778,1497
435: 1578,1568,1419,179,1128,251,940,1977,2019,956,670,1520
436: 1287
437: 1640,306
438: 345,252
439: 35,680,859,1451,891
440: 1108,1421
441: 2003,1179,253,61,220,1575,760,1417,236,1591,200,1633,807,1217,928
442: 746,66,280
443: 
444: 1458,1524,165
445: 
446: 1921,264,631,1505
447: 
448: 1611,1825,2014,1901,555,756,131,1587,1475
449: 
450: 
451: 
452: 1613,1337
453: 15,1039,174,210,80
454: 
455: 1036
456: 
457: 1629,800,1626,300
458: 1728,1353
459: 
460: 398,1976,959,1644,1379
461: 1834,1700,1251
462: 779,30,2009,1971,403,178,1288,225,331,1892,1534,1614
463: 365,1823,2007,1202,408,1945,965,1318,1988
464: 897,1363,1543,428,1716
465: 1115
466: 1717
1945: 365,1823,2007,1202,408,965,463,1318,1988
468: 108,152,1912
469: 902,797,676
470: 388
471: 
472: 1697
473: 1221
474: 
475: 270,1080,1853,1435,2011,184,1737,1523,74,874,1795
476: 
477: 1940,614
478: 1399,487,653,2006,1529,732,1555,358,494,1237,564,935,573
479: 
480: 
481: 1962,688
482: 2001,1040,1902,1770,1345,1276,1787,754,942,1799
483: 
1980: 154
485: 1231,1294
486: 
487: 478,653,2006,732,1555,358,1000,494,836,1237,564
1898: 628,748,1127,171
489: 
490: 1118,803
491: 2003,426,61,220,1575,760,1417,1023,1260,807,578,1217,876,120
492: 1597,1223,911,1537,1333,636,1022,1148
493: 625,1577,682,1322,618,1150,2018,376,901,262,1159,1983,831,1189
494: 478,1399,487,653,2006,1529,732,358,836,1237,564,935,573
495: 820,927,1699,1606,1784,1668,43
496: 1786
497: 1518
1968: 549,185,196
499: 562,146,1816,2002,1308,296
500: 1194
501: 1478,944
502: 36,350,1985,906
503: 
504: 
2010: 1004,1214,1120,1476,936,1554,221,963,1641,1123,816,233,319,1190,985,1024,780,811,1116,1933,1446
506: 
507: 
508: 
509: 
510: 214
511: 
512: 
513: 
514: 1496,582,1224,1745,1338,86,1409,1863,12,842,2013,1810,1331,1541,141,7,777,808,1570
515: 649,401,1346
516: 
517: 788,199
518: 1057
519: 
520: 
521: 
1977: 1578,1961,1419,435,179,251,940,2019,956,670
523: 
524: 712,1874
525: 1526
526: 
527: 
528: 313,270,1853,1435,2011,184,1737,74,874
529: 96,63,315
530: 
531: 
532: 122,98,1974,718,2015,1926,769,121,1883,1622,130,1957,267,416
533: 834
534: 1011
535: 
536: 
2003: 1355,426,1179,441,253,61,220,558,1575,760,1417,236,1023,1591,200,1633,491,1260,807,578,1217,928,876,120
538: 
539: 
540: 
541: 
542: 321,1170,1655,1785
543: 
544: 
545: 595
546: 
547: 
548: 762
549: 185,196,1968
1997: 193,1099,2004,263,662,882,361,635,1677,1884
551: 1860,381,1563,1565
552: 
553: 1441,554,1835
554: 1441,1835,553
555: 1611,2014,1901,756,650,131,1587,448
556: 854
557: 
558: 2003,426,220,1575,760,1417,1633,1260,1217,120
559: 695
560: 
561: 
562: 499,146,1816,2002,1308,296,1719,87,1659,387,378
563: 
564: 478,487,653,2006,732,1555,358,1000,494,836,1237
565: 
566: 243,1714,1953
567: 842,2013,227,1810,1331,141,7,777,808,582,1338,86,1409,1863,26,1857,1225,58,314,1570
568: 
2013: 842,227,1810,1331,1541,141,7,567,777,808,1496,582,514,1224,1745,1338,86,1409,1863,1073,26,12,1857,1225,58,314,1570
570: 
571: 
572: 
573: 478,1399,2006,1529,494,1237,935
574: 109,237,713,939
575: 143,624
576: 1509,630
577: 691,10
578: 1355,2003,426,61,220,1575,760,1417,236,1023,1591,491,1260,807,1217,876
579: 1805,892
580: 
581: 
582: 1496,514,1224,1745,1338,86,1409,1863,1073,26,12,1857,842,2013,1810,1331,1541,7,567,1225,1570
1910: 
584: 1801,344,162,1510
585: 
586: 277
587: 1765,298
588: 741
589: 
590: 170
591: 99
592: 338
593: 
594: 1738,1152,256
595: 545
596: 1171
597: 1228,18,2016,1381,1924,1295,206,1724
598: 1897,1071
599: 1760,1848
600: 1427,1987,770,1938,115
601: 835
2012: 1599,417,1895,1332,730,1424,192,1482,293,238,351,1948,1256,821,1859,1533,1564
603: 315,56
604: 1894
605: 1856,672
606: 
607: 1888
608: 
1929: 
610: 
611: 902,1852,797,676,81,785
612: 1547
613: 1252,1941
614: 1940,477
615: 
616: 
617: 1244
618: 625,1840,1577,804,682,183,1322,1150,2018,376,901,262,493,1159,1983,831,1189
619: 
620: 
621: 1198
622: 
623: 
624: 143,575
625: 1840,1577,1558,804,682,183,618,1150,2018,376,901,262,493,1983,831,1189
626: 1406
627: 
628: 748,1898,1127,171
629: 818,860,1966,223
630: 1509,576
631: 1921,446
632: 
633: 1855
634: 1815
635: 62,833,2004,1383,263,1858,662,1972,882,361,1595,1964,193,1099,1884,1997
636: 1223,932,911,970,1537,1333,766,1022,1148,1597,492
637: 
638: 343,1552,872
639: 
640: 
641: 
642: 1041,806
643: 1252,1941,1074
644: 815,828,205
645: 
1920: 
647: 
1943: 
649: 515,401,1346
650: 1611,2014,1901,555,756,131,1934,1587
651: 257,33
1922: 1557,1450,969,1493,1544,364,133,1812
653: 478,1399,487,2006,732,1555,358,1000,494,836,1237,564,935
654: 
655: 307,1124
656: 865,352,244,841,400,971,739
657: 2001,114,77,1770,1276,1787,942,1005
658: 29
659: 
660: 1309,1494,890,716,362,219
661: 423
662: 2004,1383,263,1858,1972,882,1579,361,635,1595,1964,193,1099,1884,1997
663: 
664: 
1921: 446,264,631
666: 146,1816,2002,1308,1240,87,1659
667: 
668: 709
669: 1052,687,1001
670: 1578,1961,1568,1419,435,179,1128,251,940,1977,2019,956
671: 
672: 1856,605
673: 1387,810
1931: 
675: 
676: 469,902,1852,611,797,785
677: 681
678: 
679: 745
680: 35,859,1451,231,891,439
681: 677
682: 625,1840,1577,1558,804,183,618,1150,2018,1027,901,262,699,493,831
683: 1437,432,336
684: 
685: 217,1602,229,870,1160,2000,1550,1712,1130,1015
686: 1567
687: 669,1052,1001
688: 1962,481
689: 
690: 1596,1489
691: 577,10
692: 1690,1263,949,1394,856,1487,2017,83,163,1774,1752,1560,47
693: 
694: 1906,734,1389,1488
695: 559
696: 
697: 
698: 
699: 1840,1577,1558,804,682,183,2018,1027
700: 
701: 
2009: 779,30,462,1971,403,178,1288,225,727,331,1166,1892,1534,1614,145
703: 234,1698
704: 
705: 
706: 
707: 1045
708: 1003,1382
709: 1142,668
710: 1293
711: 
712: 1874,524
713: 237,939,574
2011: 270,1080,1853,1435,475,184,1737,1523,74,874,1795,528,313
715: 281
716: 660,1309,1494,890,362,783,219
717: 390,119
718: 98,1974,13,201,1360,862,2015,1926,769,532,121,1401,1883,1622,130,1957,267
719: 791
720: 1046,1035,1734
1941: 1252,643,613,1074
722: 1969
723: 787,1411
724: 
725: 1703,1218
726: 
727: 331,1166,1892,2009,403,178,1288,225,1534,1614,145
728: 
729: 999
730: 1599,1332,1424,192,293,2012,238,1859,1533,1564
731: 312,23
732: 478,1399,487,653,2006,1529,1555,358,1000,494,836,1237,564
733: 743
734: 1906,1389,1488,694
735: 
1983: 625,1577,804,1322,618,1150,2018,376,901,262,493,1159,831,1189
737: 1970
738: 858
739: 971,992,865,352,244,656,841,400
740: 
741: 588
1989: 
743: 733
744: 173
745: 679
746: 66,442,280
747: 
748: 628,1898
749: 1481
750: 
751: 1809,1758,1889
752: 
753: 
754: 2001,1040,482,1902,1345,1799
755: 
756: 1611,1825,2014,1901,555,650,131,1934,1587,448,1475
757: 1132,1470
758: 
759: 1048,391
760: 2003,426,441,61,220,558,1575,1417,236,1023,1633,491,1260,807,578,1217,876,120
761: 
762: 548
763: 1665,1291,111,431,781
764: 372
765: 
766: 932,911,970,1333,636,1022
767: 1616
768: 1680,254
769: 98,1974,13,201,1360,718,2015,1926,532,1401,1883,1622,130,1957,267
770: 1427,600,1987,115
771: 1138,1284
772: 
773: 186,138,926,1645
774: 
775: 
776: 1702
777: 842,2013,227,1810,1331,1541,141,7,567,808,514,1224,1338,86,1409,1863,1225,58,1570
2015: 122,98,1974,1762,13,201,1360,718,862,1926,769,532,121,1401,1883,1622,130,1957,267,416
779: 30,462,2009,1971,403,178,1288,331,1166,1892,1534,1614
780: 1004,1214,2010,1120,1476,936,1554,221,963,1641,233,1190,985,1024,811,1116,1933,1446
781: 1665,1291,111,431,763
782: 
783: 219,1494,716
784: 1769,1772,339
785: 1852,611,676,81
786: 
787: 230,1411,723
788: 517
789: 
790: 340,1824
791: 719
792: 
793: 853,1477
794: 1114,915
795: 1506,824,871,148
796: 
797: 469,902,1852,611,676
798: 
799: 
800: 1629,457,1626
801: 1449
802: 
803: 1118,490
804: 625,1840,1577,1558,682,183,1322,618,1150,2018,1027,901,262,699,1159,1983,831,1189
805: 1637,1743
806: 1041,642
807: 1355,2003,1179,441,61,220,1575,760,1417,236,1023,1591,200,491,578,1217,876
808: 842,2013,227,1810,1331,1541,141,7,567,777,514,1224,86,1409,1863,1570
809: 
810: 1387,673
811: 1004,2010,1120,1476,936,1554,221,963,1641,233,1190,1024,780,1116,1446
812: 
813: 430
814: 
815: 644,205
816: 1214,2010,936,1554,1123,233,1190,985,1116,1933
817: 
818: 860,1966,629,223
819: 
820: 927,1699,1606,1784,495,1668,1684,43
821: 417,1332,1482,293,2012,351,1948,1256,1564
822: 
823: 3
824: 1506,795,871
2017: 1690,1263,949,1394,1429,856,1280,1487,1588,83,692,156,163,1774,1752,1560,1079,47,123
826: 1510
827: 1589
828: 205,644
829: 
830: 
831: 625,1840,1577,1558,804,682,183,1322,618,1150,2018,376,901,262,493,1159,1983,1189
832: 
833: 62,2004,1383,263,1858,1972,882,361,635,1677,1595,1964,1099
834: 533
835: 601
836: 487,653,2006,732,1555,358,1000,494,1237,564
837: 211,1193,1831
1985: 502
839: 1352
1984: 1211
841: 865,352,656,739
842: 2013,227,1810,1331,1541,141,7,567,777,808,1496,582,514,1224,1745,1338,86,1409,1863,12,1570
843: 
844: 1302
845: 1438
846: 272
847: 1453,322,1885
2004: 112,62,833,1383,263,1858,662,1972,882,1579,361,635,1677,1595,1964,193,1099,1884,1997
849: 
850: 2008,208,1521,1275,1060,1783,1896,929,1257,1029,1167,49,333,1598,1763,1736,1043,879,249,1992,1091,100
851: 118
852: 
853: 793,1477
854: 556
855: 
856: 1690,1263,949,1394,1429,1280,1487,1588,2017,692,163,1774,1752,1560,1079,47,123
857: 1704
858: 738
859: 35,680,1451,231,891,439
860: 818,1966,629,223
861: 
862: 122,1762,13,201,1360,718,2015,1926,121,1883,1622,130,1957,267,416
863: 
864: 1542,284
865: 352,244,656,841,400,739
866: 420,952,398,1930,959,1644,1379
867: 
868: 1232,1352
1950: 
870: 1800,685,217,1602,229,1160,2000,1499,1550,1272,1015,1432
871: 1506,795,824,148
872: 343,638
873: 204,1012,95,1666
874: 74,1795,270,2011,475,184,1737,1523,528,313
875: 
876: 2003,426,61,220,1575,760,1417,236,1023,1591,491,1260,807,578,1217,120
877: 366
878: 1911,1344
879: 2008,208,850,1060,1896,929,1257,49,333,1598,1736,1043,249
880: 887,1942,1359
881: 
882: 62,833,2004,1383,263,1858,662,1972,1579,361,635,1677,1595,1964,1099,1884,1997
883: 
884: 
885: 
886: 
887: 880,1942
888: 
889: 
890: 660,1309,1494,716,362,219
891: 35,680,859,1451,439
892: 1805,579
893: 1623
894: 
895: 1191
896: 1657,1392,1979
897: 1543,1716,464
898: 
899: 1707,1176
1960: 
901: 625,1840,1577,804,682,618,1150,2018,262,493,1159,1983,831
902: 469,1852,611,797,676
903: 
904: 1425
905: 1158,1443,1084,1340,334,255,190
906: 36,350,502
2007: 365,1823,1202,408,1945,965,463,54,1318,1988
908: 
909: 1498,1034
910: 1265,370
911: 1223,970,1537,1333,766,636,1022,1148,1597,492
912: 1794
913: 
914: 
915: 1114,794
916: 
917: 
918: 
1959: 
920: 
1986: 
922: 
923: 
924: 304,1592
925: 1054
926: 1645,773
927: 820,1699,1606,1784,495,1668,1684,43
928: 1355,2003,1179,441,253,61,236,200
929: 2008,850,1896,1029,49,333,1598,1763,1736,879,249,1091,100,1923
930: 
931: 
932: 970,1333,766,636,1022
933: 1117
934: 73
935: 478,1399,653,2006,1529,358,494,1237,573
936: 1214,2010,1120,1476,1554,963,1123,816,233,319,1190,985,780,811,1116,1933,1446
937: 
938: 1139,1581,1319,93
939: 237,713,574
940: 1578,1961,1568,1419,435,179,1128,251,1977,2019,956,670
941: 
942: 2001,114,482,1902,77,1770,1276,1787,657,1005
943: 
944: 501
945: 
946: 124
947: 
948: 
949: 1690,1263,1429,856,1280,1487,1588,2017,83,692,156,163,1774,1752,1560,47,123
950: 1462
951: 1045
952: 420,866,398,1930,959,1644,1379
953: 1491
954: 
1907: 
956: 1578,1568,1419,435,179,1128,251,940,1977,2019,670,1520
957: 425
958: 1991,1498,1660,1083,1034
959: 420,952,866,398,460,1976,1930,1644,1379
960: 
961: 
962: 
963: 1214,2010,1120,1476,936,1554,221,1123,319,1190,780,811,1116,1933,1446
964: 1230
965: 365,1823,2007,1202,408,1945,463,54,1318,1988
966: 
967: 
968: 
969: 1922,1557,1450,364
970: 1223,932,911,1537,1333,766,636,1022,1148
971: 739,992,244,656,400
1965: 1341,1708,134,1452
973: 
974: 1203
975: 
976: 
977: 
978: 
979: 
980: 194,1014
981: 1978,1996,1708,134
982: 224,1431
983: 
984: 291
985: 1004,1214,2010,1120,936,1554,816,233,1190,1024,780,1116,1933
986: 124
987: 1845
988: 
989: 
990: 
991: 1081
992: 971,739
993: 1268
994: 
995: 1655
996: 302
997: 
998: 
999: 729
1000: 487,653,2006,732,1555,358,836,564
1001: 669,687
1904: 
1003: 1639,1382,708
1004: 2010,1120,1476,1554,221,1641,233,1190,985,1024,780,811,1116
1005: 1678,2001,114,77,1770,1276,1787,657,942
1006: 
1952: 1455,1634
1008: 1239
1009: 
1010: 
1011: 534
1012: 873,204,95,1666
1013: 
1014: 194,980
1015: 2000,1499,1550,1272,1432,1800,685,217,1602,229,870,1160
1016: 
1017: 
1018: 
1019: 1788
1020: 
1021: 433
1022: 1223,932,911,970,1537,1333,766,636,1597,492
1023: 1355,2003,426,1179,61,1575,760,1417,236,1591,491,1260,807,578,876,120
1024: 1004,2010,1554,1641,233,1190,985,780,811
1025: 
1026: 
1027: 1840,1558,804,682,183,2018,699
1028: 
1029: 2008,208,850,1060,1783,1896,929,1167,49,1061,1598,1763,1736,249,1992,1091,100
1030: 
1903: 1504
1032: 2005,286,1407,1315,303,239,1243,1033,1676,1233
1033: 1243,1676,1233,2005,1407,1315,1032
1034: 1991,1498,1660,909,958
1035: 1046,1734,720
1036: 455
1037: 
1038: 
1039: 15,174,453
1040: 2001,482,1902,1345,1787,754,1799,1062
1041: 642,806
1042: 2008,208,1521,1275,1060,1783,1257,1167,49,1061,1992
1043: 2008,208,850,1521,1896,1257,1167,49,333,1598,1736,879,1992,1091
1044: 
1045: 707,951
1046: 144,1035,1734,720
1047: 
1048: 759,391
1049: 
1050: 
1051: 342
1052: 669,687
1053: 1672,1204
1054: 176,925
1055: 
1056: 
1057: 518
1058: 39
1059: 
1060: 2008,208,850,1521,1275,1783,1896,1257,1029,1167,49,1061,1598,1763,1736,1042,879,249,1992,1091
1061: 2008,208,1521,1275,1060,1783,1029,1167,49,1042,1992
1062: 2001,1040,1345,1799
1063: 
1064: 
1936: 
1066: 
1067: 1586,159
1899: 
1069: 1230,269
1070: 1839
1071: 1897,598
1072: 1112,1261
1073: 26,12,1857,1496,582,1224,1409,1863,2013,1810,1541,7,1225,58,314,1570
1074: 1252,1941,643,1831
1075: 
1979: 1657,1548,896
1077: 
1078: 383,1430
1079: 1690,1263,1394,1429,856,1487,1588,2017,163,1774,1560,47,123
1080: 270,1853,1435,2011,475,184,1737,1523,74,1795
1081: 991
1082: 
1083: 1991,1660,958
1084: 1158,1443,905,1340,334,255,190
1973: 1661
2002: 666,562,499,146,1816,1308,296,1240,1719,87,1659,387,378
1087: 1546
1088: 97,1764
1089: 323
1948: 417,1332,1482,293,2012,351,1256,821,1533,1564
1091: 2008,208,850,1521,1060,1783,1896,929,1029,1167,49,333,1598,1763,1736,1043,249,1992,100
1092: 
1093: 
1094: 
1095: 
1096: 1727
1097: 1370
1098: 
1099: 1595,1964,193,833,2004,1383,662,1972,882,361,635,1884,1997
1100: 
1988: 365,1823,2007,408,1945,965,463,1318
1102: 
1103: 
1104: 
1105: 
1106: 
1107: 1262,397
1108: 1773,440
1109: 
1110: 
1111: 1195,1594,2
1112: 1261,1314,1072
1944: 72,1949
1114: 794,915
1115: 465
1116: 1004,1214,2010,1120,1476,936,1554,963,1123,816,233,319,1190,985,780,811,1933,1446
1117: 933
1118: 490,803
1119: 
1120: 1004,1214,2010,1476,936,1554,221,963,1641,233,319,1190,985,780,811,1116,1933,1446
1121: 
1122: 68,1428
1123: 1214,2010,1476,936,1554,963,816,319,1116,1933,1446
1124: 655,307
1125: 
1126: 11,1604
1127: 628,1898,171
1128: 1578,1568,1419,435,251,940,2019,956,670,1520
1905: 
1130: 2000,1550,1712,685,217,1602,229,1160
1131: 
1132: 1157,757,1470
1133: 
1134: 
1135: 1873,1405
1136: 
1991: 1660,958,1083,1034
1138: 771,1284
1139: 938,1581,1319,93
1140: 
1141: 
1142: 709,1444
1143: 
1144: 1241
1145: 
1146: 
1147: 1685,382
1148: 1223,911,970,1537,1333,636,1597,492
1962: 688,481
1150: 625,1840,1577,1558,804,682,183,1322,618,2018,376,901,262,493,1159,1983,831,1189
1151: 
1152: 256,594,1738
1153: 
1154: 
1155: 
2019: 1578,1961,1568,1419,435,179,1128,251,940,1977,956,670,1520
1157: 1132,1470
1158: 1443,905,1084,1340,255,190
1159: 1577,804,183,1322,618,1150,2018,1356,376,901,262,493,1983,831,1189
1160: 1800,685,217,1602,229,870,2000,1550,1712,1272,1130,1015
1161: 
1162: 1631
1163: 
1164: 1954,1694,413,1397
1923: 2008,929,333,1598,100
1166: 727,331,1892,779,2009,1971,403,178,1288,225
1167: 2008,208,850,1521,1275,1060,1783,1257,1029,49,1061,1043,1042,1992,1091
1168: 1867
1967: 
1170: 321,542,1655,1785
1171: 596
1172: 
1173: 
1174: 
1175: 
1176: 1707,899
1177: 
1940: 477,614
1179: 1355,2003,441,253,61,1575,236,1023,1591,200,807,928
1180: 
1181: 
1182: 
1183: 1483
1184: 135,1804
1185: 
1186: 
1187: 1539
1188: 
1189: 625,1840,1577,1558,804,183,1322,618,1150,2018,1356,376,262,493,1159,1983,831
1190: 1004,1214,2010,1120,1476,936,1554,221,963,1641,816,233,319,985,1024,780,811,1116,1933,1446
1191: 895
1192: 1792,149
1193: 837,211,1831
1194: 500
1195: 1111,1594,2
1196: 
1197: 1826
1198: 621
1199: 
1200: 
1201: 
1202: 365,1823,2007,408,1945,965,463,54,1318
1203: 974
1204: 1672,1053
1205: 1545
1987: 1427,600,770,1938,115
1207: 
1208: 103,139
1209: 
1210: 
1211: 1984
1212: 69
1213: 
1214: 2010,1120,936,1554,963,1123,816,319,1190,985,780,1116,1933
1215: 1915
1216: 273
1217: 2003,426,441,61,220,558,1575,760,1417,236,1633,491,1260,807,578,876,120
1218: 725,1703
1219: 
1220: 82,1463,1307
1221: 473
1222: 
1223: 911,970,1537,1333,636,1022,1148,1597,492
1224: 1496,582,514,1745,1338,86,1409,1863,1073,12,1857,842,2013,1810,1331,1541,7,777,808,1570
1225: 58,314,1570,582,1338,1409,1863,1073,26,12,1857,2013,227,1810,1331,1541,7,567,777
1226: 
1227: 
1228: 18,2016,1381,1924,1713,1295,206,597
1229: 1796
1230: 1069,964,269
1231: 485,1294
1232: 1352,868
1233: 1243,1033,1676,2005,1407,1315,1032,303
1234: 1908
1896: 2008,208,850,1275,1060,929,1257,1029,49,333,1598,1763,1736,1043,879,249,1992,1091
1236: 
1237: 478,1399,487,653,2006,1529,732,1555,358,494,836,564,935,573
1238: 
1239: 1008
1240: 666,146,1816,2002,1308,1719,87,1659
1241: 1144
1914: 1526
1243: 1033,1233,2005,1032
1244: 617
1245: 410,129,1492
1246: 
1247: 
1248: 151,1674
1249: 
1250: 150,1646
1251: 1700,461,1834
1252: 1941,643,613,1074
1253: 
1254: 
1255: 
1256: 417,1332,192,1482,293,2012,351,1948,821,1859,1533,1564
1257: 2008,208,850,1521,1275,1060,1896,1167,49,1736,1043,1042,879,1992
1258: 
1259: 
1260: 2003,426,61,220,558,1575,760,1417,1023,491,578,1217,876,120
1261: 1112,1072
1262: 397,1107
1263: 1690,949,1394,1429,856,1487,1588,2017,83,692,156,163,1774,1752,1560,1079,47,123
1264: 
1265: 1362,910,370
1266: 
1267: 
1268: 993
1912: 108,152,468
1270: 1662
1271: 
1272: 2000,1499,1550,1712,1015,1432,870,1160
1273: 1777,1281
1274: 
1275: 2008,208,850,1521,1060,1783,1896,1257,1167,49,1061,1042,1992
1276: 2001,114,482,1902,77,1770,1787,657,942,1005
1277: 
1278: 
1279: 
1280: 1690,949,1429,856,1487,1588,2017,156,1774,1752,123
1281: 1777,1273
1282: 
1283: 84
1284: 771,1138
1285: 
1961: 1578,179,251,940,1977,2019,670
1287: 436
1288: 779,30,462,2009,1971,403,178,225,727,331,1166,1892,1534,1614
1289: 
1290: 
1291: 1665,111,431,781,763
1292: 27
1293: 710
1294: 1231,485
1295: 1228,18,2016,1381,1924,1713,206,597,1724
1296: 
1297: 1508
1298: 
1299: 
1300: 
1301: 
1302: 844
1303: 
1954: 1694,1164,413,1397
1305: 1747
1306: 
1307: 82,1463,1220
1308: 666,562,499,146,1816,2002,296,1240,1719,87,1659,378
1309: 660,1494,890,716,219
1310: 
1311: 1975,1395,1361
1932: 1372
1313: 288
1314: 1112
1315: 2005,286,1407,1032,303,239,1033,1676,1233
1316: 116
1317: 
1318: 365,1823,2007,1202,408,1945,965,463,54,1988
1319: 1139,938,1581,93
2014: 1611,1825,1901,555,756,650,131,1934,1587,448,1475
1321: 
1322: 1577,1558,804,183,618,1150,2018,1356,376,262,493,1159,1983,831,1189
1918: 
1324: 
1325: 17
1326: 
1327: 89
1328: 46,1704
1329: 
1330: 
1331: 842,2013,227,1810,1541,141,7,567,777,808,1496,582,514,1224,1338,86,1409,1863,1857,1225,1570
1332: 417,730,1424,192,1482,293,2012,238,351,1948,1256,821,1859,1533,1564
1333: 1223,932,911,970,1537,766,636,1022,1148,1597,492
1334: 1682
1335: 
1336: 
1337: 1613,452
1338: 1496,582,514,1224,1745,86,1409,1863,12,1857,842,2013,227,1810,1331,1541,141,7,567,777,1225
1339: 1376
1340: 1158,1443,905,1084,334,255
1341: 1965,1708,134,1452,1996
1342: 
1343: 
1344: 878,1911
1345: 2001,1040,482,754,1799,1062
1346: 515,649,401
1347: 1706,1468
1348: 
1349: 132
1350: 
1351: 
1352: 839,1232,868
1353: 458
1354: 
1355: 2003,1179,61,1575,236,1023,1591,200,807,578,928
1356: 1577,1558,183,1322,2018,376,262,1159,1189
1951: 
1358: 
1359: 880
1360: 98,1974,1762,13,201,718,862,2015,769,121,1401,1883,1622,130,1957,267
1361: 1975,1395,1311
1362: 1265,370
1363: 1543,428,1716,464
1364: 
1365: 
1366: 1688,1621
1367: 
1368: 
1369: 40
1370: 1097
1371: 
1372: 1932
1373: 
1996: 1978,981,1341,1708,134
1375: 
1376: 1339
1377: 
1378: 
1379: 420,952,866,398,460,1976,1930,959,1644
1380: 
1381: 1228,18,2016,1924,1713,1295,206,597,1724
1382: 1003,1639,708
1383: 62,833,2004,1858,662,1972,882,361,635,1595,1964,193,1099
1384: 1385
1385: 1384,1582
1386: 323
1387: 673,810
1388: 
1389: 1906,734,1488,694
1390: 
1391: 
1392: 1657,896
1393: 
1394: 1690,1263,856,1588,2017,692,163,1774,1752,1560,1079,47
1395: 1361,1311
1396: 
1397: 1954,1694,1164,413
1398: 374
1399: 478,653,2006,1529,732,1555,358,494,1237,935,573
1400: 
1401: 1974,13,201,1360,718,2015,769,1622,130,1957
1908: 1234
1403: 
1404: 
1405: 1135,1873
1406: 626
1407: 2005,286,1315,1032,303,239,1033,1676,1233
1408: 
1409: 1496,582,514,1224,1745,1338,86,1863,1073,26,12,1857,842,2013,227,1810,1331,1541,7,567,777,808,1225,58,1570
1410: 1715,4
1411: 787,230,723
1412: 
1413: 
1414: 
1926: 122,98,1974,13,718,862,2015,769,532,121,1883,1622,1957,267
1416: 
1417: 2003,426,441,61,220,558,1575,760,236,1023,1591,491,1260,807,578,1217,876,120
1418: 
1419: 1578,1568,435,179,1128,251,940,1977,2019,956,670,1520
1420: 
1421: 440
1422: 117
1992: 2008,208,850,1521,1275,1060,1783,1896,1257,1029,1167,49,1061,1736,1043,1042,249,1091
1424: 1599,417,1332,730,192,1482,293,2012,238,1859,1533,1564
1425: 904
1426: 53
1427: 600,1987,770,1938,115
1428: 68,1122
1429: 1690,1263,949,856,1280,1487,1588,2017,83,156,163,1774,1752,1560,1079,47,123
1430: 383,1078
1431: 224,982
1432: 2000,1499,1550,1272,1015,1800,217,1602,870
1433: 
1434: 
1435: 270,1080,1853,2011,475,184,1737,1523,74,528,313
1436: 188
1437: 432,683,336
1438: 845,76
1439: 
1440: 
1441: 554,1835,553
1949: 67,72,1944
1443: 1158,905,1084,1340,334,255,190
1444: 1142
1445: 5
1446: 2010,1120,1476,936,1554,221,963,1123,233,319,1190,780,811,1116,1933
1447: 
1448: 
1449: 801
1450: 1922,1557,969,1493,1544,364,133,1812
1451: 35,680,859,231,891,439
1452: 1965,1341,1708
1453: 847,322,1885
1454: 191
1455: 1952,1634
1917: 
1457: 
1458: 444,1524,165
1459: 
1460: 
2005: 286,1407,1315,1032,303,239,1243,1033,1676,1233
1462: 950
1463: 82,1220,1307
1464: 
1465: 
1466: 
1928: 70
1468: 1347,1706
1469: 
1470: 1157,1132,757
1471: 
1472: 
1473: 
1474: 
1475: 1825,2014,1901,756,131,1587,448
1476: 1004,2010,1120,936,1554,221,963,1641,1123,233,319,1190,780,811,1116,1933,1446
1477: 853,793
1478: 501
1479: 14
1947: 
1481: 1515,1683,749
1482: 1599,417,1895,1332,1424,192,293,2012,238,351,1948,1256,821,1859,1533,1564
1483: 1183
1484: 
1915: 1215
1486: 102,1817
1487: 1690,1263,949,1429,856,1280,1588,2017,83,692,156,163,1774,1752,1560,1079,47,123
1488: 1906,734,1389,694
1489: 690
1490: 
1491: 953,79
1492: 1245,410,129
1493: 1922,1450,1544,133,1812
1494: 660,1309,890,716,362,783,219
1495: 
1496: 582,514,1224,1745,1338,86,1409,1863,1073,12,1857,842,2013,1810,1331,1541,7,1570
1497: 1939,1778
1498: 909,958,1034
1499: 2000,1550,1272,1015,1432,1800,217,1602,229,870
1500: 1674,151,195
1501: 
1502: 
1503: 
1504: 1903
1505: 446,264,1687
1506: 795,824,871,148
1507: 
1508: 1297
1509: 630,576
1510: 826,584,344,162
1511: 
1512: 279
1513: 
1514: 
1515: 1481,1683
1516: 
1517: 
1518: 497,1608
1519: 
1520: 1568,1419,435,1128,2019,956
1521: 2008,208,850,1275,1060,1783,1257,1167,49,1061,1736,1043,1042,1992,1091
2008: 208,850,1521,1275,1060,1783,1896,929,1257,1029,1167,49,1061,333,1598,1763,1736,1043,1042,879,249,1992,1091,100,1923
1523: 270,1080,1853,1435,2011,475,184,1737,74,874,1795
1524: 165,444,1458
1525: 1681
1526: 525,1914
1527: 
1528: 
1529: 478,1399,2006,732,358,494,1237,935,573
1530: 
1531: 
1532: 
1533: 1599,417,1895,1332,730,1424,192,1482,293,2012,238,351,1948,1256,1859,1564
1534: 1614,779,30,462,2009,1971,403,178,1288,225,727,331,1892,145
1535: 
1536: 
1537: 1223,911,970,1333,636,1022,1148,1597,492
1538: 
1539: 1187
1540: 
1541: 842,2013,227,1810,1331,7,777,808,1496,582,514,1224,1745,1338,86,1409,1863,1073,12,1857,1225,58,1570
1542: 284,864
1543: 897,1363,428,1716,464
1544: 1922,1450,1493,364,133,1748,1812
1545: 1205
1546: 1087
1547: 612
1548: 1979
1897: 598,1071
1550: 2000,1499,1712,1272,1130,1015,1432,685,217,229,870,1160
1551: 
1552: 343,638
1553: 
1554: 1004,1214,2010,1120,1476,936,963,1641,1123,816,233,1190,985,1024,780,811,1116,1933,1446
1555: 478,1399,487,653,2006,732,358,1000,836,1237,564
1556: 
1557: 1922,1450,969,364,133
1558: 625,1840,1577,804,682,183,1322,1150,2018,1027,1356,376,262,699,831,1189
1559: 
1560: 1690,1263,949,1394,1429,856,1487,2017,83,692,163,1774,1079,47,123
1561: 
1562: 
1563: 1860,381,551,1565
1564: 1599,417,1332,730,1424,192,1482,293,2012,238,351,1948,1256,821,1859,1533
1565: 1563,1860,381,551
1566: 
1567: 686
1568: 1578,1419,435,179,1128,251,940,2019,956,670,1520
1964: 1595,193,1099,833,2004,1383,662,1972,882,635,1884
1570: 1225,58,314,1496,582,514,1224,1409,1863,1073,26,12,1857,842,2013,227,1810,1331,1541,7,567,777,808
1990: 
1572: 
1573: 
1574: 
1575: 1355,2003,426,1179,441,61,220,558,760,1417,236,1023,1591,200,491,1260,807,578,1217,876,120
1576: 
1577: 625,1840,1558,804,682,183,1322,618,1150,2018,1356,376,901,262,699,493,1159,1983,831,1189
1578: 1961,1568,1419,435,179,1128,251,940,1977,2019,956,670
1579: 112,62,2004,263,1858,662,882,361,1677
1580: 
1581: 1139,938,1319,93
1582: 1385
2016: 1228,18,1381,1924,1713,1295,206,597,1724
1584: 
1585: 1861
1586: 1067,159
1587: 1611,1825,2014,1901,555,756,650,131,1934,448,1475
1588: 1690,1263,949,1394,1429,856,1280,1487,2017,156,163,1774,1752,1079,47,123
1589: 827
1590: 
1591: 1355,2003,1179,441,61,1575,1417,236,1023,200,807,578,876
1592: 924,304
1593: 1754,197,349
1594: 1195,1111,2
1595: 1964,193,1099,833,2004,1383,1858,662,1972,882,361,635
1596: 690
1597: 492,1223,911,1537,1333,636,1022,1148
1598: 2008,208,850,1060,1783,1896,929,1029,49,333,1763,1736,1043,879,249,1091,100,1923
1599: 417,1895,730,1424,192,1482,293,2012,238,1859,1533,1564
1600: 
1601: 
1602: 1800,685,217,229,870,1160,2000,1499,1130,1015,1432
1603: 
1604: 11,1126
1605: 71,1875,411
1606: 820,927,1699,1784,495
1607: 
1608: 1518
1927: 
1610: 
1611: 1825,2014,1901,555,756,650,131,1934,1587,448
1909: 
1613: 452,1337,305
1614: 1534,779,30,462,2009,1971,403,178,1288,225,727,331,1892,145
1615: 
1616: 767
1617: 
1618: 1653
1919: 
1620: 
1621: 1688,1366,1627
1622: 122,98,1974,1762,13,201,1360,718,862,2015,1926,769,532,121,1401,1883,130,1957,267,416
1623: 893
1624: 
1625: 
1626: 1629,800,457
1627: 1688,1621
1628: 1849
1629: 800,457,1626,300
1630: 
1631: 1162
1632: 
1633: 2003,441,220,558,760,1217,120
1634: 1952,1455
1635: 
1636: 
1637: 1743,805
1638: 
1639: 1003,1382
1640: 437,306
1641: 1004,2010,1120,1476,1554,221,233,1190,1024,780,811
1642: 
1643: 
1644: 952,866,398,460,1976,1930,959,1379
1645: 926,138,773
1646: 150,1250
1647: 402,1842
1648: 341
1924: 1228,18,2016,1381,1295,206,597
1650: 55,1679
1651: 
1652: 
1653: 1618
1654: 177
1655: 321,1170,995,542,1785
1656: 
1657: 1392,1979,896
1658: 1839,1846
1659: 87,387,666,562,146,2002,1308,296,1240,1719,378
1660: 1991,958,1083,1034
1661: 1973
1662: 1270
1663: 1994
1664: 
1665: 1291,111,431,781,763
1666: 873,204,1012,1809,95
2000: 1499,1550,1712,1272,1130,1015,1432,1800,685,217,1602,229,870,1160
1668: 820,927,1784,495,1684,1878,1893,43
1669: 
1670: 
1671: 
1672: 1204,1053
1673: 
1674: 1500,151,1248,195
1675: 
1676: 1033,1233,2005,1407,1315,1032,303
1677: 112,62,833,2004,263,1858,882,1579,361,1997
1678: 1005,2001,1787
1679: 55,1650
1680: 768,254
1681: 1525
1682: 1334
1683: 1481,1515
1684: 1878,820,927,1784,1668,1893,43
1685: 1147,382
1686: 292
1687: 1505,301
1688: 1366,1621,1627
1942: 880,887
1690: 1263,949,1394,1429,856,1280,1487,1588,2017,83,692,156,163,1774,1752,1560,1079,47,123
1691: 
1692: 
1969: 722
1694: 1954,1164,413,1397
1695: 
1696: 
1697: 472
1698: 234,703
1699: 820,927,1606,495
1700: 1251,461
1701: 
1702: 776
1703: 725,1218
1704: 46,1328,857
1705: 9
1706: 1347,1468
1707: 899,1176
1708: 1965,1341,134,1452,1996,981
1709: 
1710: 
1711: 
1712: 2000,1550,1272,1130,685,229,1160
1713: 1228,18,2016,1381,1295,1724
1714: 243,1953,566
1715: 4,1410
1716: 897,1363,1543,428,464
1717: 466
1718: 
1719: 562,146,1816,2002,1308,296,1240,87,1659,387,378
1720: 
1721: 
1722: 
1723: 
1724: 18,2016,1381,1713,1295,597
1725: 
1726: 
1727: 1096
1728: 458
1729: 
1730: 
1731: 
1732: 
1733: 
1734: 1046,1035,720
1735: 1819,1866
1736: 2008,208,850,1521,1060,1896,929,1257,1029,49,333,1598,1763,1043,879,249,1992,1091,100
1737: 270,1080,1853,1435,2011,475,184,1523,74,874,1795,528,313
1738: 594,1152,256
1739: 362
1740: 
1741: 
1742: 
1743: 1637,805
1744: 
1745: 1496,582,514,1224,1338,86,1409,1863,12,842,2013,1541,7
1746: 
1747: 1305
1748: 1544,364
2006: 478,1399,487,653,1529,732,1555,358,1000,494,836,1237,564,935,573
1750: 
1751: 
1752: 1690,1263,949,1394,1429,856,1280,1487,1588,2017,83,692,156,163,1774,47
1753: 
1754: 197,1593,349
1755: 
1756: 
1757: 
1758: 1809,751,1889
1759: 
1760: 1848,599
1761: 
1762: 122,1974,201,1360,862,2015,121,1883,1622,130,1957,267,416
1763: 2008,850,1060,1783,1896,929,1029,49,1598,1736,249,1091,100
1764: 1088,97
1765: 587,298
1766: 311
1767: 
1768: 
1769: 784,1772,339
1770: 2001,114,482,1902,77,1276,1787,657,942,1005
1972: 62,833,2004,1383,263,1858,662,882,361,635,1595,1964,193,1099,1884
1772: 1769,784
1773: 1108
1774: 1690,1263,949,1394,1429,856,1280,1487,1588,2017,83,692,156,163,1752,1560,1079,47,123
1775: 301
1776: 
1777: 1281,1273
1778: 1939,1497
1976: 420,398,460,959,1644,1379
1780: 
1781: 
1782: 
1783: 2008,208,850,1521,1275,1060,1029,1167,49,1061,1598,1763,1042,249,1992,1091
1784: 820,927,1606,495,1668,1684,1878,43
1785: 321,1170,542,1655
1786: 496
1787: 2001,1040,482,1902,77,1770,1276,657,942,1678,1005
1788: 1019
1789: 
1790: 
1791: 
1792: 1192,149
1793: 
1794: 912
1795: 74,874,270,1080,2011,475,184,1737,1523,313
1796: 1229
1797: 
1798: 
1799: 2001,1040,482,1345,754,1062
1800: 217,1602,229,870,1160,2000,1499,1015,1432
1801: 584,344,162
1966: 818,860,629,223
1803: 
1804: 135,1184
1805: 892,579
1806: 
1807: 
1808: 297
1809: 95,1666,751,1758
1810: 842,2013,227,1331,1541,141,7,567,777,808,1496,582,514,1224,1338,86,1409,1863,1073,26,12,1857,1225,58,314,1570
1811: 
1812: 1922,1450,1493,1544,133
1813: 
1814: 
1815: 634
1816: 666,562,499,146,2002,1308,296,1240,1719,87,378
1817: 1486,102,232
1818: 
1819: 1866,1735
1999: 
1821: 
1822: 
1823: 365,2007,1202,408,1945,965,463,54,1318,1988
1824: 340,790
1825: 1611,2014,1901,756,131,1934,1587,448,1475
1826: 1197
1827: 
1828: 
1829: 
1830: 
1831: 1074,837,1193
1832: 19,347
1833: 
1834: 461,1251
1835: 1441,554,553
1836: 
1837: 
1838: 
1839: 1070,1846,1658
1840: 625,1577,1558,804,682,183,618,1150,2018,1027,376,901,262,699,831,1189
1841: 
1842: 1647,402
2018: 625,1840,1577,1558,804,682,183,1322,618,1150,1027,1356,376,901,262,699,493,1159,1983,831,1189
1844: 
1845: 987
1846: 1839,1658
1906: 734,1389,1488,694
1848: 1760,599
1849: 1628
1850: 
1851: 
1852: 902,611,797,676,785
1853: 270,1080,1435,2011,475,184,1737,1523,74,528,313
1854: 241
1855: 633
1856: 672,605
1857: 1073,26,12,1496,582,1224,1338,86,1409,1863,2013,227,1810,1331,1541,7,567,1225,58,314,1570
1858: 112,62,833,2004,1383,263,662,1972,882,1579,361,635,1677,1595
1859: 1599,417,1895,1332,730,1424,192,1482,293,2012,238,351,1256,1533,1564
1860: 381,551,1563,1565
1861: 1585
1862: 
1863: 1496,582,514,1224,1745,1338,86,1409,1073,26,12,1857,842,2013,227,1810,1331,1541,7,567,777,808,1225,58,314,1570
1864: 
1865: 
1866: 1819,1735
1867: 1168
1868: 
1869: 
1870: 38,363
1871: 
1872: 
1873: 1135,1405
1874: 712,524
1875: 1605,411
1876: 
1955: 
1878: 1684,1784,1668,1893
1879: 
1982: 
1995: 
1882: 
1883: 122,98,1974,1762,13,201,1360,718,862,2015,1926,769,532,121,1622,130,1957,267,416
1884: 1964,193,1099,2004,263,662,1972,882,361,635,1997
1885: 322,847,1453
1971: 779,30,462,2009,403,178,1288,225,331,1166,1892,1534,1614
1887: 
1888: 607
1889: 751,1758
1981: 423
1891: 222
1892: 727,331,1166,779,30,462,2009,1971,403,178,1288,225,1534,1614,145
1893: 1684,1878,1668
1894: 604
1895: 1599,192,1482,2012,238,1859,1533