0: 
1: 279,1531,1680,1512
2: 1268,188,1590
1842: 
1687: 1706,666,1816,146,499,378,562,1046,1659,1240,2002,1339,374,172,1719,1308,1791,796,1472
5: 1336
6: 1497,911,1947,860
7: 1810,1584,1224,663,314,86,12,1863,2013,777,58,842,1745,1221,514
8: 486,1733,148,1812
9: 114,713,2001,261,1276,1421,593,1160,933,1185,45
10: 242,1574
1781: 786,1977,179,477,1943,1535,940,1798,1479,1780,1498,2019,1595,1128,1903,41
12: 1225,1570,1409,1810,1541,1828,808,1584,1224,663,314,86,7,1863,2013,567,227,777,1019,58,1857,842,141,1745,1221,514
13: 72,416,526,1965,719,1926,469,1944,1464,1606,201,121,1360,902,1246,862,2015,130,660,971,122,1883,267,797,1138,1957,532,820,1852,1452,1199
14: 
15: 1289,743
16: 1368,240,1510
17: 
18: 479,597,1713,1330,1381,2016,1953,1714,1295,1228,1724
1824: 1555,377,836,358,1152,494,2006,1350,1518,362,1095,935,1000,1303,934,176,653,264,1035,1697,561
1718: 
1579: 1964,798,1677,2004,62,361,1858,833,263,1997,1124,112,882,1077,946,1972,747,662,690
22: 1383,662,690,1964,2004,833,263,1124,112,882,946,1972
23: 
24: 982,793
25: 
26: 1863,1265,2013,567,227,777,783,1455,1338,1857,1221,514,1331,1225,1570,1073,1409,1561,1828,808,1584,1224,663,1610,314,86,1496
27: 530,341,1888
28: 425,95
1694: 
30: 756,1288,1971,727,1371,1049,1483,331,145,1892,317,462,503,1166,403,2009,343,1614
1703: 
32: 
33: 402,632
34: 1360,902,98,1974,2015,1622,660,1562,122,1883,267,797,1158,769,1138,532,904,820,1852,1452,1121
1852: 1360,902,98,862,1974,2015,1622,660,1562,122,34,267,797,769,1138,1957,532,820,1452,1121,1199,416,13,1965,719,1926,201,121
36: 
37: 1087,1040
38: 1870
39: 
40: 1839
41: 786,435,1977,251,179,1419,477,1943,1520,1535,940,1798,1780,1498,2019,1595,1045,1249,1083,1128,294,1484,1903,1781,1961,1756,180,1088
42: 668
43: 
1934: 
45: 1185,9,2001,261,1421,1160
46: 
47: 1177,1690,1181,2017,1710,1487,1588,949,856,863,1263,1774,1280,163,1394,156,1740,1560,83,692,1752,1429
48: 1426
49: 333,850,929,1061,249,100,1029,1091,2008,800,655
1606: 72,416,13,526,1965,1926,469,1944,1464,121,1360,1246,862,2015,130,267,797,1957,532,820,1199
51: 
52: 917
53: 318
54: 463,990,495,1052,1341,408,1202,965,1945,2007,1267,1684,222,1013,1823,1318,687,1837,1408
55: 
56: 1111,974,1050
57: 792,592
58: 1863,2013,567,227,777,1857,842,1745,1221,514,1225,1810,1828,1584,1224,663,314,86,12,7
59: 
60: 1245,70
61: 
62: 1964,798,1677,2004,361,1858,833,1997,1124,1579,882,1077,946,747
63: 
1794: 1444,165,694
1589: 1177,1079,1181,2017,1710,1588,1860,856,1263,1394,1740,1560,1752,1319,945
66: 
1864: 1028,1980
68: 1556
69: 
70: 60,1245,881,1146
71: 586
72: 416,13,526,1965,1926,469,1944,1464,1606,201,121,1246,1297,862,2015,130,971,1883,797,1957,532,820,1199
1735: 
74: 184,528,475,2011,1699,1284,1853,1103,1469,914,874,1523
75: 
76: 
77: 716,409,1819,685,307,339,1728,132,903,394,629,2000,818,196,1993,870,1770,1499,1712,916
78: 942,617,1787,114,939,713,2001,261,1062,1276,1421,593,1160,1866
1744: 
1746: 541,1983,1840,1577,2018,1356,844,1750,625,203,405,1737,1545,183,493
81: 669,785,222,1988,134,1013,463,990,495,1052,1341,1202,1945,2007,1267
82: 1799,1291,1317
83: 1177,47,1690,1181,2017,1487,1588,949,863,1774,1280,156,1560,692,1429
84: 
85: 1208,1546,1329,1766,500
86: 1225,1570,1764,1073,1409,1810,1561,1541,1828,808,193,1584,1224,663,314,12,7,1863,26,2013,567,777,1019,58,1857,514
87: 1351,1240,1921,2002,1339,296,535,374,172,1719,273,387,1308,1791,796,1472,1706,1816,378
88: 
89: 173
90: 366,1247
1966: 1986
92: 
93: 392
1737: 625,203,804,405,1545,183,493,541,1983,1840,1027,2018,1356,1746,844,1750
95: 28,425
96: 626,1796
97: 1952
98: 902,1974,2015,1622,660,122,1883,34,769,1138,532,820,1852,1452,1121,1199,719,201,121
1750: 682,541,1983,1322,1840,1027,1159,618,1577,1558,2018,1356,901,699,1746,844,1822,831,203,804,1737,1545,183,493
100: 1275,1043,1521,929,1061,249,1216,1029,1091,1060,2008,208,800,1257,1736,1167,655,879,333,49,850
1978: 
2006: 732,573,1529,478,1555,335,377,594,836,1824,358,1152,494,1350,1237,1518,362,1095,487,935,1000,1303,1494,934,176,653,264,1035,1697,561
103: 
1925: 143,1936,510
1662: 
106: 1411,1963
107: 1682,641,151,999
108: 257,152
109: 1819,339,458,132,903,394,1015,2000,818,196,870,237,217,1770,1712,916
1833: 805
111: 
112: 1964,798,2004,833,1124,1579,882,1077,1972,747,1383,662,22,690
113: 1537
114: 942,9,617,1787,939,713,78,2001,261,1062,1276,1421,593,1160,933,1185,304,1866
115: 
116: 
117: 
118: 771
1725: 206,1924,1724,479,597,1713,1330,1381,2016,1953,1714,1295,701,1228
120: 807,253,1141,1023,181,578,262,200,1355,1969,1653,1440,2003,1591,1183,220,1260,1417,1575,426,928,558,491,1804,1633,760
121: 72,416,13,526,1965,719,1926,469,1944,1606,201,1360,902,1246,98,862,2015,1622,660,122,1883,267,797,1138,1957,532,820,1852,1452,1199
122: 1360,902,1246,1297,98,862,1974,2015,1622,130,660,1562,1883,34,267,797,1158,769,1138,1957,532,904,820,1852,1452,1121,1199,416,13,526,719,469,201,121
123: 1210,945,1177,1079,2017,1487,1588,1860,863,1280,163,692,1752,1319,1429
1673: 
125: 
126: 738
1775: 
128: 461
129: 
130: 1246,1297,862,2015,1622,971,122,1883,267,797,1158,1957,904,820,1199,938,718,72,416,13,526,469,1944,1464,1606
131: 1258,1475,2014,650,448,247,225,1938,1127,1300,1215,1118
132: 716,409,1819,685,339,1244,458,903,394,1015,1204,109,2000,818,302,196,1993,870,237,217,77,1770,1712,916
133: 
134: 669,1684,785,81,222,1988,1013,463,495,1341,408,1202,965,1945,2007,1267,1823,1318,687,1837,365,1377,1784
135: 
136: 1795,184,1838,528,1708,981,2011,1080,1699,1284,611,1433,270,1435
137: 
138: 384,1548,987
139: 
140: 
141: 1863,1265,2013,567,227,1019,783,582,1857,1221,514,1331,663,12
1963: 106,1411
143: 1925,1936,510
144: 298,1738,1250,1650,811,599,1446,1190,2010,816,1309,319,1848,1476,1933,1123,430,1116,1024,170,1554,590
145: 1892,317,462,503,1166,403,2009,1205,178,343,1614,1483,756,1971,727,30,1371
146: 1706,666,1816,499,562,1046,1687,1659,1240,1921,2002,1339,296,535,374,172,1719,1308,796
1591: 807,253,1141,1023,181,876,200,1355,1969,1653,1440,2003,1552,1260,1417,1575,120,928,558,491
148: 486,157,1733,1812,1748,8
149: 
150: 
151: 1682,107,641,999
152: 108,257
1892: 145,317,462,503,1166,403,2009,1205,427,178,779,1534,343,1614,1049,1483,331,1528,1288,30,1371
154: 
155: 1386
156: 1177,47,1690,1181,2017,1710,1487,1588,949,856,863,1774,1280,163,83,692,1429
157: 486,1733,148,1812,1748
158: 
159: 269,624,1358
1957: 1360,1246,1297,862,2015,1622,130,660,1562,122,267,797,769,1138,532,904,820,1852,1121,1199,72,416,13,526,1965,1944,1464,1606,121
161: 1279
162: 
163: 1177,1079,47,1181,2017,1487,1588,1860,856,863,1774,1280,156,1752,1429,123,1210,945
1810: 1225,1570,1764,1409,1541,1828,808,1584,1224,663,314,86,12,7,1863,2013,567,777,58,1857,842,1745,1221,514
165: 1444,1794,694
166: 
167: 864,1660
168: 
169: 
170: 1024,1554,590,811,1190,2010,1848,1476,1933,1641,1123,430,298,144,1250,1650
171: 1504
172: 87,1351,1240,1921,2002,1339,296,535,374,1719,273,387,1308,1791,796,1472,1706,666,1816,146,499,378,562,1046,1687,1659
173: 89
174: 
1638: 1532
176: 732,573,1529,478,1555,335,836,1824,358,1152,494,2006,1350,1237,1518,362,1095,1000,1303,934,264,561
177: 
178: 145,1892,317,462,503,1166,2009,1205,427,779,1534,343,1614,1528
179: 786,435,1977,251,1419,477,1943,1535,940,1798,1479,1780,1498,2019,1595,1045,1249,1083,1128,294,1484,1903,41,1781,418,1961,1756,1088,855,1099
180: 1968,251,1943,1520,940,1798,2019,1045,1249,1083,1128,1038,1484,41,1961,1756,1568,1088,1342
181: 807,253,1141,1023,578,1355,1969,1653,1440,2003,1591,1260,1575,120,928,558,491,1804,1633
182: 791,556
183: 625,203,1150,804,405,1737,1545,1189,493,1983,1322,1840,1027,2018,506,1356,901,1746,844,1750,831
184: 136,1838,528,475,2011,1080,1699,1284,1853,1103,1433,270,74,914,874
185: 566,1427
1615: 367,741,538,684,1327,1645,455
1975: 
188: 1268,2,1590
2001: 942,9,617,1787,114,939,713,78,261,1062,1276,1421,593,1160,933,920,1185,924,1005,304,45,1056,1772,1866,1434
190: 244
191: 
192: 2012,1599,417,1895,1859,1256,1948,351,821,1564,1471,238
193: 1225,1570,1764,1073,1409,1561,1541,1828,808,1584,1224,663,1610,86,1496,2013
194: 
195: 1493,753
196: 716,1819,685,307,339,1244,458,1728,132,903,394,1015,1168,629,1204,109,2000,818,302,1993,574,1432,229,870,1800,237,217,77,635,1770,1499,1712
1688: 1193,552
1995: 1701
199: 
200: 807,253,1141,1023,262,876,1355,1969,638,1653,1440,2003,1591,1552,220,1260,1417,1575,120,928,558
201: 72,416,13,526,1965,719,1926,469,1944,121,902,98,862,2015,1622,660,971,122,1883,797,1138,532,820,1852,1452,1199
1626: 
203: 625,1150,804,405,1737,1545,1189,183,493,1983,1322,1840,1027,1577,2018,506,1356,901,1746,844,814,1750,831
204: 511,1290,1366,1008,1532
205: 1231,546
206: 1725,1924,1724,1713,1381,2016,1953,1714,701
207: 1942
208: 266,1923,1275,1043,1521,929,1061,1042,249,1216,100,1992,1029,1091,1060,2008,800,1598,1257,1736,1167,655,879,333
209: 664,1147,1180
1826: 1321,539,812,1130
211: 1373,1605
1753: 
213: 
1803: 
1854: 703
216: 1059,282
217: 339,132,394,1015,109,2000,818,196,574,870,237,1770,1712
218: 1692,1437,1683
1675: 843,1326
220: 807,1141,1023,578,262,200,1355,1969,638,1440,2003,1183,1260,1417,120,426,558,1633,760
221: 527,948,811,559,473,599,1004,1446,1190,2010,816,1309,319,1848,233,936,1399,1476,1214,1933,1120,430,1116
222: 669,1684,785,81,1988,134,1013,463,495,1052,1341,408,1202,965,1945,54,2007,1823,1318,1377
1575: 807,253,1141,1023,181,876,200,1969,1653,1440,2003,1591,1552,120,928,558,491
224: 1644
225: 1258,1475,2014,131,650,448,247,555,1938,1587,1127,1300,1215,1118
226: 810
227: 1863,26,1265,2013,567,777,1019,783,1455,58,1338,582,1857,141,1221,514,1331,1225,1570,1409,1828,1224,663,314,12,1496
228: 737
229: 685,1728,394,1168,629,2000,302,196,1993,574,1432,1800,237,635,1770
230: 547,1789,1525,689
231: 
232: 
233: 963,1670,936,1399,1476,1214,985,1933,1641,1123,780,1120,430,1116,811,473,599,1004,1446,1190,2010,221,1848,1250,1024,1554
234: 1272
1906: 
236: 
237: 1819,458,1728,132,394,1015,1168,629,1204,109,2000,818,302,196,1993,574,1432,229,217,635,1770
238: 1564,1471,2012,192,730,1599,417,1895,1859,1256,1948,351,1332,821
239: 1884,1407,2005,1191,1940,1315,1243,286,1676,370,1020
240: 1368,250,16,1510
1766: 85,1329,500,754
242: 1574,10
1865: 1668,587,1468,676
244: 190
245: 
246: 1151
247: 1258,803,1475,2014,131,1879,650,555,225,1938,1587,1127,1300,1215,1118,1901
248: 
249: 266,1923,1275,1043,1521,929,1061,1042,1216,100,1992,1029,1091,1060,2008,208,800,1896,1257,1736,1167,655,879,49,850
250: 240,1510
251: 786,1968,435,179,1520,1535,940,1798,1780,1498,2019,1595,698,1045,1249,1083,1128,294,1038,1484,1903,41,1961,1756,1568,180,1088,962,1099,1342,958
2016: 479,597,1713,1330,1381,1953,1714,1295,701,1228,18,206,1725,1924,1724
253: 807,1141,1023,181,876,200,1969,1653,1440,2003,1591,1552,1260,1575,120,928,558,491
254: 
255: 
256: 
257: 108,152,1999
258: 
259: 
1862: 1491
261: 9,617,114,713,78,2001,1062,1276,1421,1160,933,45
262: 807,1141,1023,578,200,1355,1969,638,2003,1183,220,1260,1417,120,426,928,558,1633,760
263: 1964,798,1677,2004,361,1858,833,1124,1579,882,946,1972,747,1383,662,22,690
264: 478,377,1824,358,1152,494,2006,1350,1518,362,1095,1000,1303,934,176,653,1035,1697,561
1884: 239,1407,2005,1233,1191,1940,1563,1243,286,1676,370,947,1270,1020
266: 1923,1275,1521,1061,1042,249,1216,1992,1091,2008,208,800,1896,1598,1736,879
267: 1360,902,1246,1297,862,1974,2015,1622,130,660,1562,122,1883,34,797,1158,769,1138,1957,532,904,820,1852,1121,1199,416,13,526,1606,121
268: 454
269: 159,624,1358
270: 1795,136,184,1838,528,475,1708,981,2011,1080,1699,1284,1853,611,1103,1433,1469,874,1435
1774: 1177,47,1690,1181,2017,1487,1588,856,863,1280,163,156,83,692,1429,1210,945
1811: 
273: 87,1351,1921,2002,1339,296,374,172,387,1308,1791,796,1472,1706,1816,499,378
274: 
1924: 206,1725,1724,597,1713,1381,2016,1714,701
276: 
277: 
278: 
279: 1531,1,1680,1512
1804: 1633,760,181,578,1355,1969,1653,2003,1260,120,426,558,491
281: 1548,987
282: 216,1059
1866: 1434,920,924,1005,304,1772,942,617,1787,114,939,713,78,2001,1276,593,933
284: 
1882: 
286: 1172,1407,1032,2005,1233,1191,1940,1315,1563,1243,1676,370,1033,1020,239,1884
1657: 
288: 927
289: 
290: 
1736: 266,1923,1275,1521,929,1061,1042,249,1216,100,1992,1029,1091,2008,208,800,1896,1598,1257,1167,655,879,333,850
292: 1273,1106
293: 1533,1564,1471,2012,1859,1332,821,1783,1424,1482,1956
294: 786,1968,1540,435,1977,251,179,1419,477,1943,1520,1535,940,1798,1479,1780,1498,2019,1362,1595,698,1249,670,1128,1038,1903,41,1634,418,1578,1961,1756,1088,855,962,1099
1650: 298,1738,144,1250,948,811,473,599,1446,1190,2010,1760,816,319,1848,1476,985,1933,1116,1024,170,1554,590
296: 87,1351,1240,1921,2002,1339,535,374,172,273,387,1308,1791,796,1706,1816,146,378
297: 861,770
298: 1738,144,1250,1650,811,1446,1190,2010,1760,816,1309,319,1848,1933,170,1554,590
299: 
300: 1730
301: 890
302: 409,1819,685,339,1244,458,1728,132,903,394,1015,1168,629,1204,2000,818,196,1993,574,1432,229,1800,237,635,1770,1499
303: 1033,947,1270,1020,1172,1407,1032,2005,1563,1676
304: 920,1185,924,1005,1056,1772,942,1787,114,939,713,2001,1276,593,1160,933,1866,1434
305: 772
306: 389
307: 716,409,1819,685,339,1244,458,1728,903,394,629,2000,196,1993,1800,77,1770,1499,1712,916,1053
1938: 1258,1475,2014,131,650,448,247,555,225,1587,1127,1215
1869: 
310: 
1593: 1716
312: 1104,548,496
313: 1523,1795,475,1708,2011,1080,1284,1853,611,1469,1435
314: 1225,1570,1764,1073,1409,1810,1561,1541,1828,1584,1224,663,86,12,1496,7,1863,26,2013,567,227,777,58,1745,1221,514,1331
1714: 479,597,1713,1330,1381,2016,1953,1295,701,1228,18,206,1725,1924,1724
1993: 716,409,1819,685,307,339,1244,458,1728,132,903,394,1015,629,1204,2000,818,302,196,574,1432,229,1800,237,77,635,1770,1499,1712,916
317: 145,1892,462,503,1166,403,2009,1205,427,178,779,1534,343,1614,1049,1483,331,1528,30,1371
318: 53
319: 527,948,811,559,473,599,1004,1446,1190,2010,221,1760,816,1309,1848,1476,985,1933,1116,298,1738,144,1250,1650,1554
320: 
321: 1722,885
322: 748,1501,456,490,1115
323: 
1902: 
1733: 486,157,148,1812,1748,8
326: 
1953: 479,597,1713,1330,1381,2016,1714,1295,701,1228,18,206,1725,1724
1851: 1098
329: 
330: 
331: 1528,1049,1483,30,1892,317,503,1166,403,2009,427,779,343
332: 1283,1251
333: 49,850,929,1061,100,1029,1091,2008,208,1736,655,879
1578: 786,1540,1977,1419,1535,1479,2019,1362,670,294,1634,418,855,962,1099
335: 732,573,1529,478,1555,358,1152,2006,1350,1237,1518,1095,487,1303,1494,934,176
1708: 1795,136,1838,528,475,981,2011,1080,1699,1284,611,1433,1469,270,874,1435,1523,313
337: 1500
338: 1917,1051,401
339: 716,409,1819,685,307,458,1728,132,903,394,1015,629,109,2000,818,302,196,1993,870,217,77,1770,1499,1712,916
340: 
341: 530,27
1976: 
343: 145,1892,317,462,503,1166,403,2009,1205,427,178,779,1534,1614,1049,1483,331,1528,756,30,1371
344: 
1719: 87,1240,1921,2002,1339,535,172,387,1308,1791,796,1472,1816,146,1046,1687,1659
1933: 233,1670,936,1399,1476,1214,985,1641,1123,1120,430,1116,948,811,473,599,1004,1446,1190,2010,221,816,1309,319,1848,298,144,1250,1650,1024,170,1554,590
347: 1142
1911: 
349: 1875
350: 
351: 2012,192,730,1599,417,1895,1859,1256,1948,1763,414,1332,821,1564,238,1482
352: 881,1146
1970: 1328
354: 
355: 511,1290,1008
356: 
357: 
358: 732,478,1555,335,377,594,836,1824,1152,494,2006,1350,1237,362,1095,487,935,1000,1303,934,176,653,264,561
1796: 96,626
360: 
361: 798,1677,2004,62,1858,833,263,1997,1124,1579,882,946,1972,662
362: 1555,377,594,836,1824,358,494,2006,1350,935,1000,1303,934,176,653,264,1697
363: 
364: 
365: 1377,1784,408,965,1945,2007,1684,785,134,1013,1823,1318,687,1837
366: 90,1247
367: 741,538,1615,684,1327,1645,455
1676: 1172,1407,1032,2005,1233,1191,1315,1563,1243,286,370,303,1033,947,1270,1020,239,1884
369: 
370: 1172,1407,1032,2005,1233,1191,1940,1315,1243,286,1676,1033,947,1270,1020,239,1884
1838: 1795,136,184,528,475,1708,981,2011,1080,1699,1284,611,1433,270,1435
372: 815
1893: 
374: 87,1351,1240,1921,2002,1339,296,172,273,387,1308,1791,796,1472,1706,666,1816,146,499,378,562,1687,1659
1913: 
376: 
377: 1555,594,1824,358,494,2006,1350,362,1095,487,935,1000,1303,934,653,264,1035,1697,561
378: 1706,666,1816,499,562,1687,1659,87,1351,1921,2002,1339,296,374,172,273,1791,796,1472
1812: 486,157,1733,148,1748,8
1901: 1258,803,1475,2014,1879,1611,448,247,555,1587,1300,1215,1825,1118
381: 
382: 
383: 
384: 138,1548,987
1974: 1360,902,98,2015,1622,660,1562,122,34,267,797,769,1138,532,1852,1452,1121
1715: 976,1937
387: 87,1351,1240,1921,2002,1339,296,535,374,172,1719,273,1791,796,1472,1816,1046,1659
1713: 479,597,1330,1381,2016,1953,1714,1295,701,1228,18,206,1725,1924,1724
389: 306
390: 1769,799
391: 
392: 93,905
393: 1359
394: 716,1819,685,307,339,458,1728,132,903,1015,629,109,2000,818,302,196,1993,574,1432,229,870,237,217,77,1770,1712,916
395: 
1595: 786,435,251,179,477,1943,1535,940,1798,1780,1498,2019,1045,1083,1128,294,1484,1903,41,1781,1756
1592: 1070,1182,1117
1730: 300
399: 441,912,983,1652
400: 656
401: 1917,338
402: 33,632
403: 145,1892,317,503,1166,2009,1205,427,343,1614,1049,1483,331,756,1288,727,30,1371
404: 
405: 625,203,1150,804,1737,1545,1189,183,493,1840,2018,1746,844,831
406: 
1958: 
408: 463,495,1052,1341,1202,965,1945,54,2007,1267,1684,222,134,1013,1823,1318,687,1837,1408,365,1377,1784
409: 716,1819,685,307,339,1244,458,1728,132,903,1204,2000,302,1993,1800,77,635,1499,1712,916,1053
410: 
411: 1918
412: 
413: 
414: 2012,730,1599,417,1895,1859,1256,1948,351,1763,1332,821,1783,1424,1482
415: 
416: 72,13,526,1965,719,1926,469,1944,1464,1606,201,121,1360,902,1246,862,2015,1622,130,660,1562,122,1883,267,797,769,1138,1957,532,820,1852,1452,1121,1199
417: 2012,192,730,1599,1895,1859,1256,1948,351,1763,414,821,1564,1471,238
418: 786,435,1977,179,1419,477,1535,1479,2019,1362,670,1128,294,1903,1634,1578,1088,855,962,1099
419: 
420: 
1930: 877
1894: 
423: 1359
1937: 1715
425: 28,95
426: 1023,578,262,1355,1969,2003,1183,220,1260,1417,120,1804,1633,760
427: 1892,317,503,1166,403,2009,1205,178,779,1534,343,1483,331,1528
428: 
1956: 1783,1424,1482,1564,1471,2012,1599,1859,1332,821,293,1533
430: 233,1476,1214,1933,1641,1123,1120,1116,811,599,1446,1190,2010,221,816,1309,1848,144,1250,170,1554
431: 979
432: 
433: 518
1939: 
435: 786,1968,1977,251,179,1419,477,1520,1535,940,1798,1479,1780,1498,2019,1362,1595,698,1045,1249,1128,294,1038,1903,41,1634,418,1756,1088,855,962,1099
436: 1162,1954
1654: 1616
438: 
439: 
440: 
441: 399,912,983,1652
1716: 1593
443: 1022,595
444: 1161
445: 
446: 
447: 
448: 1258,803,1475,2014,131,1879,1611,555,225,1938,1587,1300,1215,1825,1118,1901
449: 
450: 
451: 
452: 
453: 755,628
454: 268,852
455: 367,741,538,1615,684,1645
456: 748,1501,490,322,1115
457: 1768,1767
458: 716,409,1819,685,307,339,1244,1728,132,903,394,1015,629,1204,109,2000,818,302,196,1993,1432,1800,237,635,1770,1499,1712,916
459: 
460: 1171
461: 128
462: 145,1892,317,503,1166,2009,1205,178,1534,343,1614,1971,727,30,1371
463: 990,495,1052,1341,408,1202,965,1945,54,2007,1267,81,222,134,1013,1823,1318,687,1837,1408,1784
464: 
465: 
466: 
1945: 463,990,495,1052,1341,408,1202,965,54,2007,1267,669,1684,785,81,222,1988,134,1013,1823,1318,687,1837,1408,365,1377,1784
468: 
469: 72,416,13,526,1965,719,1926,1944,1464,1606,201,121,902,1246,862,2015,130,660,971,122,1883,797,1158,1138,532,820,1452,1199
470: 1058,659
1927: 1632
472: 1404
473: 527,948,811,559,599,1004,1446,2010,221,1760,816,1309,319,1848,233,1670,936,1476,985,1933,1641,1116,1738,1250,1650,1024
1610: 1570,1073,1409,1561,1828,808,193,663,1496,1863,26,1265,2013,1019,783,1455,1338,582,1857,1331
475: 1795,184,1838,528,1708,2011,1080,1699,1284,1853,611,1103,1469,270,74,914,874,1435,1523,313
476: 897,1122,1218,1277,712,867
477: 786,435,1977,179,1419,1535,940,1798,1479,1780,1498,2019,1595,670,1128,294,1903,41,1781,1634,418,855,1099
478: 732,1529,1555,335,358,1152,2006,1518,1095,1303,934,176,653,264,1035,561
479: 597,1713,1330,1381,2016,1953,1714,1295,701,1228,18,1725,1724
480: 
481: 516
1668: 587,1865,1468,676
1710: 1177,1079,47,1690,1181,2017,1487,1588,949,856,1589,1263,1280,1394,156,1740,1560,692,1752
1980: 1036,1028,1864
485: 1218,1428,637,1277,712,867,1122
486: 157,1733,148,1812,1748,8
487: 732,573,1555,335,377,594,836,358,1152,494,2006,1350,1237,1095,935,1000,1303,1494,934
1879: 1258,803,1475,2014,1611,448,247,555,1587,1300,1215,1825,1118,1901
1787: 942,617,114,939,713,78,2001,1276,593,1160,933,920,1185,924,1005,304,1056,1772,1866,1434
490: 1501,456,322,1115
491: 807,253,1141,1023,181,578,1355,1969,1653,2003,1591,1260,1575,120,928,558,1804,1633,760
492: 
493: 625,203,804,405,1737,1545,1189,183,541,1983,1322,1840,1027,2018,1356,901,1746,844,1750,831
494: 732,1555,377,594,836,1824,358,1152,2006,1350,1237,1518,362,1095,487,935,1000,1303,934,176,653,264,1697,561
495: 463,990,1052,1341,408,1202,965,1945,54,2007,1267,669,1684,81,222,134,1013,1823,1318,1408
496: 548,1104,312
497: 697
1968: 786,435,251,1520,940,1798,1498,2019,698,1045,1249,1128,294,1038,1756,1568,180,1088,962,1099,1342,958
499: 1706,666,1816,146,378,562,1687,1659,1351,2002,1339,374,172,273,1791,796,1472
500: 85,1208,1546,1329,1766
501: 
502: 
503: 145,1892,317,462,1166,403,2009,1205,427,178,343,1614,1049,1483,331,756,1288,1971,727,30,1371
504: 
2010: 527,948,811,559,473,599,1004,1446,1190,221,1760,816,1309,319,1848,963,233,1670,936,1399,1476,1214,985,1933,1641,1123,780,1120,430,1116,298,1738,144,1250,1650,1024,170,1554,590
506: 682,1322,1840,1027,2018,1356,901,844,814,831,203,1150,804,1545,1189,183
1759: 
1770: 1819,685,307,339,458,1728,132,394,1015,1168,629,109,2000,818,302,196,1993,574,1432,229,870,237,217,77,1712
509: 1366
510: 1936,1925,143
511: 1290,1366,355,204,1008,1532
1697: 1035,561,377,1824,494,2006,362,1000,1303,934,653,264
513: 
514: 1863,26,2013,567,227,777,1019,783,58,1857,842,141,1745,1221,1331,1225,1570,1409,1810,1828,808,1584,1224,663,314,86,12,7
515: 1637
516: 481
517: 
518: 433,543
519: 
520: 
1849: 1266
1977: 786,1540,435,179,1419,477,1943,1535,1798,1479,1780,2019,1362,1249,670,1128,294,1903,41,1781,1634,418,1578,1961,1756,1088,855,962,1099
523: 896
524: 
1599: 2012,192,730,417,1895,1859,1256,1948,351,1763,414,1332,821,1564,238,1783,1482,1956
526: 72,416,13,1965,719,1926,469,1944,1464,1606,201,121,718,1246,1297,862,2015,130,660,971,122,1883,267,797,1158,1957,532,820,1199
527: 948,811,559,473,599,1004,1446,1190,2010,221,1760,816,1309,319,1848,1116,1738
528: 1795,136,184,1838,475,1708,2011,1080,1699,1284,1853,1103,1433,1469,270,74,914,874,1523
529: 1743
530: 27,341,1888
531: 
532: 1360,902,1246,98,862,1974,2015,1622,660,1562,122,1883,34,267,797,1158,769,1138,1957,904,820,1852,1452,1121,1199,72,416,13,526,1965,719,469,1606,201,121
533: 
534: 1192
535: 87,1240,1921,2002,1339,296,172,1719,387,1308,796,146,1046,1659
1682: 107,641,151,999
2003: 807,253,1141,1023,181,578,262,876,200,1355,1969,638,1653,1440,1591,1183,1552,220,1260,1417,1575,120,426,928,558,491,1804,1633,760
538: 367,741,1615,684,1327,1645,455
539: 1321,1826,812,1130
540: 1201,722
541: 682,1983,1840,1027,1159,618,1577,1558,2018,1356,901,699,1746,844,1822,1750,1737,493
1789: 547,230,1525,689
543: 518,735
1573: 
1768: 457,1767
546: 1231,205
547: 1789,230,1525,689
548: 496,1104,312
549: 
1997: 1964,798,1677,2004,62,361,1858,833,1579,882,1077,946
551: 
552: 1193,1688
553: 
1643: 
555: 1258,803,1475,2014,1879,650,1611,448,247,225,1938,1587,1127,1300,1215,1825,1118,1901
556: 791,182
557: 
558: 807,253,1141,1023,181,262,876,200,1355,1969,1653,1440,2003,1591,1552,220,1260,1417,1575,120,928,491,1804,1633,760
559: 527,948,473,599,1004,1446,2010,221,1760,816,1309,319,936,1399,1116
560: 717
561: 1035,1697,732,1529,478,1555,377,1824,358,1152,494,2006,1518,1095,1000,1303,934,176,653,264
562: 1706,666,1816,146,499,378,1046,1687,1659,1240,2002,374,172,1308,796
1727: 1536,1505,1742,1401,1293
564: 
565: 596,1982,1157
566: 1427,185
567: 1863,26,1265,2013,227,777,1019,783,58,582,1857,842,141,1745,1221,514,1331,1225,1570,1810,1224,663,314,86,12
568: 1502
2013: 1863,26,1265,567,227,777,1019,783,1455,58,1338,582,1857,842,141,1745,1221,514,1331,1225,1570,1764,1073,1409,1810,1561,1541,1828,808,193,1584,1224,663,1610,314,86,12,1496,7
570: 
571: 
572: 746
573: 732,1529,1555,335,1152,2006,1350,1237,1518,1095,487,1303,1494,176
574: 685,1728,394,1015,1168,629,1204,2000,818,302,196,1993,1432,229,1800,237,217,1770
575: 
576: 
1690: 1177,47,1181,2017,1710,1487,1588,949,856,1263,1774,1280,156,1560,83,692
578: 1141,1023,181,262,1969,2003,1183,220,1260,120,426,491,1804,1633,760
579: 
580: 
1830: 
582: 1863,1265,2013,567,227,1019,783,1455,1338,1857,141,1331,1570,1409,1610
1910: 
584: 
585: 
586: 71
587: 1668,1865
588: 1845
1829: 
590: 1024,170,1554,811,2010,1848,1933,298,1738,144,1250,1650
591: 
592: 792,57
593: 942,9,617,1787,114,939,713,78,2001,1276,1160,933,920,1185,924,1005,304,1056,1772,1866,1434
594: 1555,377,836,358,494,2006,1350,1237,362,487,935,1000,1303,1494
595: 443
596: 565,1982,1157
597: 479,1713,1330,1381,2016,1953,1714,1295,701,1228,18,1725,1924,1724
1642: 1369
599: 527,948,811,559,473,1004,1446,1190,2010,221,1760,816,1309,319,1848,233,1670,936,1399,1476,1214,985,1933,1641,1123,1120,430,1116,1738,144,1250,1650,1554
600: 
601: 1006,1747
2012: 192,730,1599,417,1895,1859,1256,1948,351,1763,414,1332,821,1564,1471,238,293,1533,1783,1424,1482,1956
603: 
604: 
605: 
606: 837
607: 
608: 1132
1929: 
610: 1705,853
611: 1795,136,1838,475,1708,981,2011,1080,1699,1284,1853,1469,270,874,1435,1523,313
612: 
613: 
1652: 983,399,441,912
615: 1382
616: 
617: 942,1787,114,939,713,78,2001,261,1062,1276,593,1160,933,1866
618: 682,541,1983,1322,1027,1159,1577,1558,2018,1356,901,699,814,1822,1750,831
619: 
620: 
621: 708
622: 1629
1859: 2012,192,730,1599,417,1895,1256,1948,351,1763,414,1332,821,1564,1471,238,293,1533,1783,1424,1482,1956
624: 269,159,1358
625: 203,1150,804,405,1737,1545,1189,183,493,1840,2018,1746
626: 96,1796
627: 1758,680
628: 453,1990,755
629: 716,1819,685,307,339,1244,458,1728,394,1015,1168,2000,818,302,196,1993,574,1432,229,1800,237,77,635,1770,1499
630: 1754
631: 
632: 402,33
633: 
634: 
635: 409,1819,685,1244,458,1728,903,1168,629,1204,2000,302,196,1993,1432,229,1800,237,1499
636: 
637: 1218,485,1277,897,1122
638: 807,1141,1023,262,200,1440,2003,1183,220,1417
1855: 
1844: 1439,708
641: 1682,107,151,999
642: 
643: 
1712: 716,409,1819,685,307,339,458,1728,132,903,394,1015,109,2000,818,196,1993,870,217,77,1770,916
645: 
1742: 1727,1536,761,1505,1401,1293
1828: 1225,1570,1764,1073,1409,1810,1561,1541,808,193,1584,1224,663,1610,314,86,12,1496,1863,26,2013,227,777,58,1338,1857,1221,514,1331
1943: 786,1977,179,1419,1520,1535,940,1798,1780,2019,1595,1045,1249,1083,1128,294,1484,41,1781,1961,1756,180
649: 
650: 1475,2014,131,247,555,225,1938,1587,1127,1300,1215,1118
651: 
1922: 
653: 478,377,1824,358,494,2006,1350,1518,362,1095,935,1000,1303,934,264,1035,1697,561
1659: 666,1816,146,499,378,562,1046,1687,1240,1921,2002,1339,535,374,172,1719,387,1308,1791,796,1472
655: 1275,1043,1521,929,1061,1042,249,1216,100,1029,1091,2008,208,800,1257,1736,1167,879,333,49,850
656: 400
657: 
1795: 136,1838,528,475,1708,981,2011,1080,1699,1284,1853,611,1469,270,874,1435,1523,313
659: 470
660: 1360,902,1246,98,862,1974,2015,1622,122,1883,34,267,797,1158,769,1138,1957,532,820,1852,1452,1121,1199,416,13,526,1965,719,1926,469,1944,201,121
1706: 666,1816,146,499,378,562,1046,1687,87,1351,1240,1921,2002,1339,296,374,172,273,1308,796,1472
662: 1383,22,690,1964,798,2004,361,833,263,1124,1579,112,882,946,1972,747
663: 1225,1570,1764,1073,1409,1810,1561,1541,1828,808,193,1584,1224,1610,314,86,12,1496,7,1863,26,1265,2013,567,227,777,1019,783,58,1338,1857,141,1221,514,1331
664: 209,673,1147,787,1180
1921: 87,1351,1240,2002,1339,296,535,374,172,1719,273,387,1308,1791,796,1472,1706,1816,146,378,1046,1659
666: 1706,1816,146,499,378,562,1046,1687,1659,1240,2002,374,172,796,1472
1748: 486,157,1733,148,1812
668: 42
669: 1684,785,81,222,1988,134,1013,495,1341,1202,1945,2007,1377
670: 786,1540,1977,1419,477,1535,1479,2019,1362,294,1634,418,1578,855,1099
1635: 
2000: 716,409,1819,685,307,339,1244,458,1728,132,903,394,1015,1168,629,1204,109,818,302,196,1993,574,1432,229,870,1800,237,217,77,635,1770,1499,1712,916,1053
673: 664,1147,787,1180,723
1806: 
675: 1623,927
676: 1668,1865,1468
677: 
678: 1188,1325,858,1818
679: 1201,722,852
680: 1758,627
681: 
682: 541,1322,1840,1027,1159,618,1577,1558,2018,506,1356,901,699,844,814,1822,1750,831
683: 
684: 367,741,538,1615,1645,455
685: 716,409,1819,307,339,1244,458,1728,132,903,394,629,2000,818,302,196,1993,574,1432,229,870,1800,77,635,1770,1499,1712,916
686: 
687: 1823,1318,1837,1408,463,408,965,1945,54,2007,1267,1684,134,1013,365,1377,1784
688: 
689: 547,1789,230,1525
690: 1383,662,22,1964,798,2004,833,263,1124,1579,112,882,1077,946,1972,747
691: 1313
692: 1177,1079,47,1690,1181,2017,1710,1487,1588,949,863,1774,1280,1394,156,1740,1560,83,1752,1319,1429,123,1210
693: 829
694: 1444,1794,165
695: 
696: 
697: 497
698: 1968,1540,435,251,1419,1520,2019,1362,1249,1128,294,1038,1568,1088,962,1099,958
699: 682,541,1983,1322,1027,1159,618,1577,1558,2018,1356,901,814,1822,1750,831
700: 
701: 479,597,1713,1330,1381,2016,1953,1714,1295,1228,206,1725,1924,1724
2009: 145,1892,317,462,503,1166,403,1205,427,178,779,1534,343,1614,1049,1483,331,1528,756,1288,1971,727,30,1371
703: 1854
704: 1504
705: 894,1112
1620: 
1655: 
708: 621,1844,1439
709: 
710: 
711: 
712: 1218,1428,485,1277,867,476
713: 942,9,617,1787,114,939,78,2001,261,1062,1276,1421,593,1160,933,1185,924,304,1056,1866
2011: 1795,136,184,1838,528,475,1708,981,1080,1699,1284,1853,611,1103,1433,1469,270,74,914,874,1435,1523,313
1780: 786,435,1977,251,179,1419,477,1943,1535,940,1798,1479,1498,2019,1595,1249,1083,1128,294,1484,1903,41,1781,1961,1756,855
716: 409,1819,685,307,339,1244,458,1728,132,903,394,629,2000,818,196,1993,77,1499,1712,916,1053
717: 560,744
718: 938,1246,1297,862,2015,130,971,1883,1158,904,820,526,1464
719: 416,13,526,1965,1926,469,1944,201,121,1360,902,98,862,2015,660,122,1883,797,1138,532,820,1852,1452,1121,1199
720: 
1941: 806
722: 679,1201,540
723: 673,787
1636: 
725: 926,1709,1973
1887: 
727: 756,1288,1971,30,1371,1483,145,462,503,403,2009
728: 
729: 
730: 2012,1599,417,1895,1859,1256,1948,351,1763,414,1332,821,1471,238,1533,1783,1424,1482
731: 
732: 573,1529,478,1555,335,836,358,1152,494,2006,1350,1237,1518,1095,487,1000,1303,1494,934,176,561
1867: 
1717: 976
735: 543
1983: 541,1322,1840,1027,1159,618,1577,1558,2018,1356,901,699,1746,1822,1750,831,203,804,1737,183,493
737: 228
738: 126
739: 
740: 
741: 367,538,1615,684,1645,455
1848: 527,948,811,473,599,1004,1446,1190,2010,221,1760,816,1309,319,233,1670,936,1476,1214,985,1933,1641,1123,430,1116,298,1738,144,1250,1650,1024,170,1554,590
743: 1289,15
744: 717
745: 1524
746: 572
747: 1964,798,2004,62,833,263,1124,1579,112,882,1077,1972,1383,662,690
748: 1501,456,322,1115
749: 
750: 
1613: 1553,1550
752: 1950
753: 195,1493
754: 1766
755: 453,628
756: 1288,1971,727,30,1371,1049,1483,145,503,403,2009,343,1614
1639: 
758: 1412
1660: 864,167
760: 1804,1633,1023,578,262,1355,1969,2003,220,1260,120,426,928,558,491
761: 1536,1505,1742,1146,1401,1293
762: 
763: 
764: 
765: 
766: 1173
1870: 38
1700: 
769: 1360,902,1246,98,1974,2015,1622,660,1562,122,34,267,797,1138,1957,532,904,820,1852,1452,1121,1199,416
770: 297
771: 118
772: 305
773: 
774: 1384
775: 
776: 
777: 1863,26,2013,567,227,58,842,1745,1221,514,1225,1810,1828,1584,1224,663,314,86,12,7
2015: 1360,902,1246,1297,98,862,1974,1622,130,660,971,1562,122,1883,34,267,797,1158,769,1138,1957,532,904,820,1852,1452,1121,1199,938,718,72,416,13,526,1965,719,1926,469,1944,1464,1606,201,121
779: 1892,317,1166,2009,1205,427,178,1534,343,331,1528
780: 963,233,1670,936,1399,1214,985,1641,1116,1004,2010
781: 
1769: 799,390
783: 1863,26,1265,2013,567,227,1019,1455,1338,582,1857,141,1221,514,1331,1570,1409,663,1610,1496
1684: 669,785,222,134,1013,495,1341,408,965,1945,54,2007,1823,1318,687,1837,365,1377,1784
785: 669,1684,81,222,1988,134,1013,1945,2007,1823,365,1377,1784
786: 1968,1540,435,1977,251,179,1419,477,1943,1535,940,1798,1479,1780,1498,2019,1362,1595,1249,670,1128,294,1038,1903,41,1781,1634,418,1578,1961,1756,1088,855,962,1099
787: 664,673,1147,1180,723
1891: 
789: 
790: 890
791: 556,182
792: 592,57
793: 982,24
794: 
795: 
796: 87,1351,1240,1921,2002,1339,296,535,374,172,1719,273,387,1308,1791,1472,1706,666,1816,146,499,378,562,1046,1687,1659
797: 1360,902,1246,1297,862,1974,2015,1622,130,660,1562,122,1883,34,267,1158,769,1138,1957,532,904,820,1852,1452,1121,1199,72,416,13,526,1965,719,1926,469,1944,1606,201,121
798: 1964,2004,62,361,833,263,1997,1124,1579,112,882,1077,946,1972,747,662,690
799: 1769,390
800: 266,1275,1043,1521,1042,249,1216,100,1029,1091,2008,208,1896,1257,1736,1167,655,879,49,850
1761: 
1738: 298,144,1250,1650,527,948,811,473,599,1446,1190,2010,1760,816,1309,319,1848,1554,590
803: 1258,1475,2014,1879,1611,448,247,555,1587,1215,1825,1118,1901
804: 625,203,1150,405,1737,1545,1189,183,493,1983,1322,1840,1027,2018,506,1356,901,844,1750,831
805: 1833
806: 1941
807: 253,1141,1023,181,262,876,200,1355,1969,638,1653,1440,2003,1591,1183,1552,220,1260,1417,1575,120,928,558,491
808: 1225,1570,1764,1073,1409,1810,1561,1541,1828,193,1584,1224,663,1610,86,12,1496,1863,26,2013,1019,1338,1857,514,1331
1699: 1795,136,184,1838,528,475,1708,2011,1080,1284,1853,611,1103,1433,1469,270,74,914,874,1523
810: 226
811: 527,948,473,599,1004,1446,1190,2010,221,1760,816,1309,319,1848,233,1670,1476,1214,985,1933,1641,1123,430,1116,298,1738,144,1250,1650,1024,170,1554,590
812: 1826,539,1130
1762: 
814: 682,1322,1840,1027,618,1577,2018,506,1356,901,699,844,1822,831,203,1150
815: 372
816: 527,948,811,559,473,599,1446,1190,2010,221,1760,1309,319,1848,1476,1933,430,1116,298,1738,144,1250,1650,1554
1637: 515
818: 716,1819,685,339,458,1728,132,903,394,1015,629,1204,109,2000,302,196,1993,574,1432,870,237,217,77,1770,1712,916
1633: 1804,760,1023,181,578,262,1355,1969,2003,220,1260,120,426,558,491
820: 1360,902,1246,1297,98,862,2015,1622,130,660,971,1562,122,1883,34,267,797,1158,769,1138,1957,532,904,1852,1452,1199,718,72,416,13,526,1965,719,469,1944,1464,1606,201,121
821: 2012,192,730,1599,417,1895,1859,1256,1948,351,414,1332,1564,1471,238,293,1533,1783,1424,1482,1956
822: 
1607: 
824: 
2017: 1177,1079,47,1690,1181,1710,1487,1588,1860,949,856,1589,863,1263,1774,1280,163,1394,156,1740,1560,83,692,1752,1319,1429,123,1210,945
826: 
827: 
1757: 
829: 693
830: 1797
831: 682,1983,1322,1840,1027,618,1577,2018,506,1356,901,699,844,814,1750,203,1150,804,405,1545,1189,183,493
832: 1526
833: 1964,798,1677,2004,62,361,1858,263,1997,1124,1579,112,882,1077,946,1972,747,662,22,690
834: 
1729: 1527
836: 732,1555,594,1824,358,1152,494,2006,1350,1237,362,487,935,1000,1303,1494,176
837: 606
1582: 
839: 
1984: 
1669: 
842: 2013,567,777,58,1745,1221,514,1810,12,7
843: 1326,1675
844: 682,541,1322,1840,1027,1577,2018,506,1356,901,1746,814,1750,831,203,1150,804,405,1737,1545,183,493
1670: 963,233,936,1399,1476,1214,985,1933,1641,1123,780,1116,948,811,473,599,1004,2010,1848,1024,1554
1758: 627,680
1702: 
2004: 1964,798,1677,62,361,1858,833,263,1997,1124,1579,112,882,1077,946,1972,747,1383,662,22,690
1816: 1706,666,146,499,378,562,1046,1687,1659,87,1351,1240,1921,2002,1339,296,374,172,1719,273,387,1308,1791,796,1472
850: 333,49,1275,929,1061,249,100,1091,2008,800,1736,655,879
851: 
852: 679,1201,454
853: 1705,610
854: 
855: 786,1540,435,1977,179,1419,477,1535,1798,1479,1780,2019,1362,1249,670,1128,294,1903,1634,418,1578,1961,1088,962,1099
856: 1177,47,1690,1181,2017,1710,1487,1588,1860,1589,1263,1774,1280,163,156,1740,1752,945
1602: 
858: 678,1818
1821: 
860: 911,6
861: 297
862: 1360,902,1246,1297,2015,1622,130,660,971,1562,122,1883,267,797,1158,1138,1957,532,904,820,1852,1199,718,72,416,13,526,1965,719,469,1944,1464,1606,201,121
863: 1177,1079,47,1181,2017,1487,1588,1860,949,1774,1280,163,1394,156,1740,1560,83,692,1752,1319,1429,123,1210,945
864: 167,1660
1827: 
866: 
867: 1218,1428,485,1277,712,897,476,1122
868: 
1950: 752
870: 1819,685,339,132,394,1015,109,2000,818,196,217,77,1770,1712,916
1623: 675
1740: 1177,1079,47,1181,2017,1710,1487,1588,1860,949,856,1589,863,1263,1280,1394,1560,692,1752,1319
873: 
874: 1795,184,528,475,1708,2011,1080,1699,1284,1853,611,1103,1433,1469,270,74,914,1435,1523
1622: 1360,902,1246,1297,98,862,1974,2015,130,660,1562,122,1883,34,267,797,1158,769,1138,1957,532,904,820,1852,1452,1121,1199,938,416,201,121
876: 807,253,200,1653,1440,2003,1591,1552,1575,928,558
877: 1930
1785: 
879: 266,1923,1275,1521,1061,1042,249,1216,100,1992,1091,2008,208,800,1896,1598,1736,1167,655,333,850
880: 
881: 1245,70,1146,352
882: 1964,798,1677,2004,62,361,1858,833,263,1997,1124,1579,112,1077,946,1972,747,1383,662,22,690
1972: 1964,798,2004,361,833,263,1124,1579,112,882,1077,747,1383,662,22,690
884: 
885: 321,1722
886: 
887: 
1895: 2012,192,730,1599,417,1859,1256,1948,351,1763,414,1332,821,1564,1471,238,1783,1482
1658: 
890: 790,301
1709: 725,926,1973
892: 1148
893: 
894: 705,1112
1728: 716,409,1819,685,307,339,1244,458,903,394,1015,1168,629,1204,2000,818,302,196,1993,574,1432,229,1800,237,77,635,1770,1499,1712
896: 523
897: 476,1122,1450,1218,637,1277,867
898: 
899: 
1960: 
901: 682,541,1983,1322,1840,1027,1159,618,1577,1558,2018,506,1356,699,844,814,1822,1750,831,203,804,183,493
902: 98,862,1974,2015,1622,660,122,1883,34,267,797,1158,769,1138,532,904,820,1852,1452,1199,416,13,719,469,201,121
903: 716,409,1819,685,307,339,1244,458,1728,132,394,1204,109,2000,818,302,196,1993,77,635,1499,1712,916,1053
904: 902,1246,1297,862,2015,1622,130,971,1562,122,1883,34,267,797,1158,769,1138,1957,532,820,1199,938,718
905: 392
906: 
2007: 463,990,495,1052,1341,408,1202,965,1945,54,1267,669,1684,785,81,222,1988,134,1013,1823,1318,687,1837,1408,365,1377,1784
1853: 1795,184,528,475,2011,1080,1699,1284,611,1103,1469,270,74,914,874,1523,313
909: 
1832: 
911: 860,1497,6
912: 399,441,983,1652
913: 
914: 184,528,475,2011,1080,1699,1284,1853,1103,74,874
1764: 1225,1570,1073,1409,1810,1561,1541,1828,808,193,1584,1224,663,314,86,1496,2013
916: 716,409,1819,685,307,339,458,132,903,394,109,2000,818,1993,870,77,1712
917: 52
918: 
1959: 1805
920: 1185,924,1005,304,1772,1787,2001,1276,593,1160,933,1866
1986: 1966
922: 
923: 
924: 920,1185,1005,304,1056,1772,1787,713,2001,1276,593,1160,933,1866,1434
1590: 1268,188,2
926: 725,1709
927: 675,288
928: 807,253,1141,1023,181,262,876,200,1355,1969,1653,1440,2003,1591,1552,1260,1417,1575,120,558,491,760
929: 1275,1043,1521,1061,249,100,1992,1029,1091,2008,208,1257,1736,655,333,49,850
930: 
1856: 
932: 
933: 9,617,1787,114,713,2001,261,1276,1421,593,1160,920,1185,924,304,1866
934: 732,478,1555,335,377,1824,358,1152,494,2006,1350,1518,362,1095,487,935,1000,1303,176,653,264,1035,1697,561
935: 1555,377,594,836,1824,358,494,2006,1350,362,487,1000,934,653
936: 963,233,1670,1399,1476,1214,985,1933,1641,1123,780,1120,1116,948,559,473,599,1004,1446,2010,221,1848
937: 
938: 718,1297,2015,1622,130,1158,904
939: 942,617,1787,114,713,78,2001,1062,1276,593,1160,1185,1005,304,1056,1866,1434
940: 786,1968,435,251,179,477,1943,1520,1535,1798,1780,1498,2019,1595,1045,1249,1083,1128,294,1038,1484,1903,41,1781,1961,1756,180,1088
941: 
942: 617,1787,114,939,713,78,2001,1062,1276,593,304,1866,1434
943: 
944: 
945: 123,1210,1177,1079,1181,2017,1487,1588,1860,856,1589,863,1774,1280,163,1752,1319,1429
946: 1964,798,1677,2004,62,361,1858,833,263,1997,1124,1579,882,662,22,690
947: 303,1033,1270,1020,1407,2005,1563,1676,370,1884
948: 527,811,559,473,599,1004,1446,1190,2010,221,1760,816,1309,319,1848,1670,936,1399,1476,1214,985,1933,1116,1738,1650
949: 47,1690,1181,2017,1710,1487,1588,863,1280,156,1740,1560,83,692
950: 
951: 
1672: 
1807: 1021
954: 
1850: 
1628: 1327
957: 
958: 1342,1968,251,1520,2019,698,1249,1038,1568,1088
959: 
1701: 1995
961: 
962: 786,1968,1540,435,1977,251,1419,1520,1535,1798,2019,1362,698,1249,1128,294,1038,1634,418,1578,1961,1756,1568,1088,855,1099
963: 233,1670,936,1399,1214,1641,780,1116,1004,2010
964: 
965: 463,990,495,1052,1341,408,1202,1945,54,2007,1267,1684,222,134,1013,1823,1318,687,1837,1408,365,1784
966: 
967: 
968: 
969: 
1756: 786,1968,435,1977,251,179,1419,1943,1520,1535,940,1798,1780,1498,2019,1595,1045,1249,1083,1128,294,1038,1484,1903,41,1961,1568,180,1088,962,1342
971: 1246,1297,862,2015,130,1883,1158,904,820,1199,718,72,13,526,469,1944,1464,201
1965: 72,416,13,526,719,1926,469,1944,1606,201,121,1360,862,2015,660,797,1957,532,820,1852,1452,1199
973: 
974: 56,1111,1050
1647: 
976: 1717,1715
977: 
978: 1905
979: 431
1598: 266,1923,1275,1521,1061,1042,1216,1992,2008,208,1896,1736,879
981: 1795,136,1838,1708,2011,1080,1284,611,270,1435
982: 793,24
983: 1652,399,441,912
984: 
985: 233,1670,936,1476,1214,1933,1641,1123,780,1116,948,811,473,599,1004,1446,2010,319,1848,1250,1650,1024,1554
986: 1126
987: 384,138,281,1548
988: 
1889: 
990: 463,495,1052,1341,1202,965,1945,54,2007,1267,81,1013
991: 
992: 
1999: 257
994: 
995: 
1797: 830
997: 1057,1488
1942: 207
999: 1682,107,641,151
1000: 732,1555,377,594,836,1824,358,1152,494,2006,1350,1237,362,1095,487,935,1303,934,176,653,264,1697,561
1001: 
1904: 
1681: 
1004: 527,948,811,559,473,599,1446,2010,221,1760,1309,319,1848,963,233,1670,936,1399,1476,1214,985,1933,1641,780,1120,1116
1005: 920,1185,924,304,1056,1772,1787,939,2001,1276,593,1866,1434
1006: 601
1952: 97
1008: 511,1290,1366,355,204
1009: 1285
1677: 2004,62,361,1858,833,263,1997,1579,882,946
1011: 
1012: 
1013: 669,1684,785,81,222,1988,134,463,990,495,1341,408,1202,965,1945,54,2007,1267,1823,687,1837,365,1377,1784
1014: 
1015: 1819,339,458,1728,132,394,1168,629,1204,109,2000,818,302,196,1993,574,1432,870,237,217,1770,1712
1016: 
1641: 963,233,1670,936,1476,1214,985,1933,1123,780,430,1116,811,473,599,1004,1446,1190,2010,1848,1250,1024,170,1554
1763: 2012,730,1599,417,1895,1859,1256,1948,351,414
1019: 1863,2013,567,227,783,1338,582,1857,141,514,1331,1570,1409,808,663,1610,86,12
1020: 303,1033,947,1270,1172,1407,1032,2005,1563,1243,286,1676,370,239,1884
1021: 1807
1022: 443
1023: 807,253,1141,181,578,262,200,1355,1969,638,1653,1440,2003,1591,1183,1552,220,1260,1417,1575,120,426,928,558,491,1633,760
1024: 170,1554,590,811,473,1446,2010,1848,233,1670,1476,985,1933,1641,1123,1116,144,1250,1650
1025: 1792,1108
1026: 
1027: 682,541,1983,1322,1840,1159,618,2018,506,1356,901,699,844,814,1822,1750,831,203,1150,804,1737,1189,183,493
1028: 1864,1980
1029: 1275,1043,1521,929,1061,1042,249,100,1992,1091,1060,2008,208,800,1257,1736,1167,655,333,49
1030: 
1903: 786,435,1977,251,179,1419,477,1535,940,1798,1479,1780,1498,2019,1595,1128,294,41,1781,418,1756,1088,855,1099
1032: 1172,1407,2005,1233,1191,1315,1563,1243,286,1676,370,303,1033,1270,1020
1033: 303,947,1270,1020,1172,1407,1032,2005,1191,1563,286,1676,370
1034: 
1035: 1697,561,478,377,1824,2006,1518,1303,934,653,264
1036: 1980
1741: 
1038: 786,1968,1540,435,251,1419,1520,1535,940,1798,2019,698,1045,1249,1128,294,1961,1756,1568,180,1088,962,1099,1342,958
1863: 26,2013,567,227,777,1019,783,58,1338,582,1857,141,1221,514,1331,1225,1570,1409,1810,1561,1541,1828,808,1584,1224,663,1610,314,86,12,7
1040: 1087,37
1634: 786,1540,435,1977,1419,477,1479,2019,1362,670,294,418,1578,855,962,1099
1042: 266,1923,1275,1521,1061,249,1216,1992,1029,1091,1060,2008,208,800,1896,1598,1736,1167,655,879
1043: 1275,1521,929,249,1216,100,1992,1029,1091,1060,2008,208,800,1896,1257,1167,655
1044: 
1045: 1968,435,251,179,1943,1520,940,1798,1498,2019,1595,1249,1083,1128,1038,1484,41,1961,1756,1568,180,1088,1342
1046: 1706,666,1816,146,562,1687,1659,1240,1921,2002,1339,535,172,1719,387,1308,796
1646: 1734
1048: 
1049: 1483,331,1528,756,1288,30,1892,317,503,1166,403,2009,343,1614
1050: 56,1111,974
1051: 1917,338
1052: 463,990,495,1341,408,1202,965,1945,54,2007,1267,81,222,1408
1053: 716,409,307,1244,903,2000,1499
1054: 
1055: 
1056: 1185,924,1005,304,1772,1787,939,713,2001,1276,1421,593,1160,1434
1057: 1488,997
1058: 470
1059: 216,282
1060: 1923,1275,1043,1521,1042,249,1216,100,1992,1029,2008,208,1896,1257,1167
1061: 266,1275,1521,929,1042,249,100,1992,1029,1091,2008,208,1598,1257,1736,655,879,333,49,850
1062: 942,617,114,939,713,78,2001,261
1875: 349
1064: 
1936: 510,1925,143
1066: 
1067: 
1739: 
1069: 1344
1070: 1182,1592,1117
1071: 
1072: 
1073: 1225,1570,1764,1409,1561,1541,1828,808,193,1584,1224,663,1610,314,86,1496,26,2013,1338,1857,1221,1331
1074: 1726,1873
1075: 
1979: 
1077: 1964,798,2004,62,833,1997,1124,1579,112,882,1972,747,690
1078: 1195
1079: 1177,1181,2017,1710,1487,1588,1860,1589,863,1280,163,1394,1740,1560,692,1752,1319,123,1210,945
1080: 1795,136,184,1838,528,475,1708,981,2011,1699,1284,1853,611,1469,270,914,874,1435,1523,313
1081: 
1576: 1543
1083: 251,179,1943,1520,1535,940,1798,1780,2019,1595,1045,1249,1128,1484,41,1961,1756,1568,180
1792: 1108,1025
1973: 725,1709
2002: 87,1351,1240,1921,1339,296,535,374,172,1719,273,387,1308,1791,796,1472,1706,666,1816,146,499,378,562,1046,1687,1659
1087: 37,1040
1088: 786,1968,1540,435,1977,251,179,1419,1520,1535,940,1798,1498,2019,1362,698,1045,1249,1128,294,1038,1903,41,418,1961,1756,1568,180,855,962,1099,958
1627: 
1948: 2012,192,730,1599,417,1895,1859,1256,351,1763,414,1332,821,1564,1471,238,1533,1424,1482
1091: 266,1275,1043,1521,929,1061,1042,249,1216,100,1029,2008,208,800,1257,1736,1167,655,879,333,49,850
1092: 
1683: 1692,1437,218
1831: 
1095: 732,573,1529,478,1555,335,377,1824,358,1152,494,2006,1350,1237,1518,487,1000,1303,934,176,653,264,561
1096: 1384,1385
1097: 
1098: 1851
1099: 786,1968,1540,435,1977,251,179,1419,477,1535,1798,1479,2019,1362,698,1249,670,1128,294,1038,1903,1634,418,1578,1088,855,962
1100: 
1988: 669,785,81,222,134,1013,1341,1945,2007,1377,1784
1102: 
1103: 184,528,475,2011,1699,1284,1853,1433,270,74,914,874
1104: 312,548,496
1105: 
1106: 292,1273
1107: 1376
1108: 1792,1025
1837: 1823,1318,687,1408,463,408,1202,965,1945,54,2007,1267,1684,134,1013,365,1784
1110: 
1111: 56,974,1050
1112: 705,894
1944: 72,416,13,526,1965,719,1926,469,1464,1606,201,121,862,2015,130,660,971,1883,797,1957,820,1199
1752: 1177,1079,47,1181,2017,1710,1487,1588,1860,856,1589,863,1263,1280,163,1394,1740,1560,692,1319,123,1210,945
1115: 748,1501,456,490,322
1116: 963,233,1670,936,1399,1476,1214,985,1933,1641,1123,780,1120,430,527,948,811,559,473,599,1004,1446,1190,2010,221,816,1309,319,1848,144,1250,1650,1024,1554
1117: 1070,1182,1592
1118: 1258,803,1475,2014,131,1879,650,1611,448,247,555,225,1587,1300,1215,1825,1901
1883: 902,1246,1297,98,862,2015,1622,130,660,971,122,34,267,797,1158,1138,532,904,820,1452,1199,718,72,416,13,526,719,469,1944,201,121
1120: 233,936,1399,1476,1214,1933,1123,430,1116,599,1004,1446,1190,2010,221,1309
1121: 1360,98,1974,2015,1622,660,1562,122,34,267,797,769,1138,1957,532,1852,1452,416,719
1122: 897,476,1218,637,485,1277,867
1123: 233,1670,936,1476,1214,985,1933,1641,1120,430,1116,811,599,1446,1190,2010,1848,144,1250,1024,170,1554
1124: 1964,798,2004,62,361,833,263,1579,112,882,1077,946,1972,747,1383,662,22,690
1125: 
1126: 986
1127: 1475,2014,131,650,247,555,225,1938,1587,1300,1215
1128: 786,1968,1540,435,1977,251,179,1419,477,1943,1520,1535,940,1798,1479,1780,1498,2019,1595,698,1045,1249,1083,294,1038,1484,1903,41,1781,418,1961,1756,1568,180,1088,855,962,1099
1905: 978
1130: 1826,539,812
1605: 211,1373
1132: 608
1133: 
1134: 
1135: 
1584: 1225,1570,1764,1073,1409,1810,1561,1541,1828,808,193,1224,663,314,86,12,1496,7,1863,26,2013,777,58,1857,1221,514
1991: 
1138: 1360,902,1246,98,862,1974,2015,1622,660,1562,122,1883,34,267,797,1158,769,1957,532,904,820,1852,1452,1121,1199,416,13,719,469,201,121
1139: 
1653: 807,253,1023,181,876,200,1355,1969,2003,1591,1552,1575,120,928,558,491,1804
1141: 807,253,1023,181,578,262,200,1355,1969,638,1440,2003,1591,1183,1552,220,1260,1417,1575,120,928,558,491
1142: 347
1143: 
1784: 365,1377,463,408,965,1945,2007,1267,1684,785,1988,134,1013,1823,1318,687,1837
1696: 
1146: 761,70,1505,881,352
1147: 664,209,673,787,1180
1148: 1664,1707,892
2018: 682,541,1983,1322,1840,1027,1159,618,1577,1558,506,1356,901,699,1746,844,814,1822,1750,831,625,203,1150,804,405,1737,1545,1189,183,493
1150: 625,203,804,405,1545,1189,183,1322,1840,1027,2018,506,1356,844,814,831
1151: 246
1152: 732,573,1529,478,1555,335,836,1824,358,494,2006,1350,1237,1518,1095,487,1000,1303,934,176,264,561
1153: 
1857: 1863,26,1265,2013,567,227,1019,783,1455,58,1338,582,141,1221,514,1331,1225,1570,1073,1409,1810,1561,1828,808,1584,1224,663,1610,86,12,1496
1625: 
2019: 786,1968,1540,435,1977,251,179,1419,477,1943,1520,1535,940,1798,1479,1780,1498,1362,1595,698,1045,1249,1083,670,1128,294,1038,1484,1903,41,1781,1634,418,1578,1961,1756,1568,180,1088,855,962,1099,1342,958
1157: 565,596,1982
1158: 902,1246,1297,862,2015,1622,130,660,971,122,1883,34,267,797,1138,532,904,820,1199,938,718,526,469,1464
1159: 682,541,1983,1027,618,1577,1558,2018,1356,901,699,1822,1750
1160: 9,617,1787,114,939,713,78,2001,261,1276,1421,593,933,920,1185,924,304,45,1056
1161: 444
1162: 436
1840: 682,541,1983,1322,1027,1577,2018,506,1356,901,1746,844,814,1822,1750,831,625,203,1150,804,405,1737,1545,1189,183,493
1164: 
1923: 266,1275,1521,1042,249,1216,1992,1060,2008,208,1896,1598,1736,1167,879
1166: 145,1892,317,462,503,403,2009,1205,427,178,779,1534,343,1614,1049,1483,331,1528,30,1371
1167: 1923,1275,1043,1521,1042,249,1216,100,1992,1029,1091,1060,2008,208,800,1896,1257,1736,655,879
1168: 1728,1015,629,1204,2000,302,196,574,1432,229,1800,237,635,1770
1967: 
1645: 367,741,538,1615,684,1327,455
1171: 460
1172: 1407,1032,2005,1233,1191,1563,1243,286,1676,370,303,1033,1270,1020
1173: 766
1174: 
1175: 
1176: 
1177: 1079,47,1690,1181,2017,1710,1487,1588,1860,856,1589,863,1263,1774,1280,163,1394,156,1740,1560,83,692,1752,1319,1429,123,1210,945
1940: 2005,1233,1191,1315,1243,286,370,239,1884
1179: 
1180: 664,209,673,1147,787
1181: 1177,1079,47,1690,2017,1710,1487,1588,1860,949,856,1589,863,1263,1774,1280,163,1394,156,1740,1560,83,692,1752,1429,1210,945
1182: 1070,1592,1117
1183: 807,1141,1023,578,262,638,1440,2003,220,1260,1417,120,426
1184: 
1185: 920,924,1005,304,45,1056,1772,9,1787,114,939,713,2001,1276,1421,593,1160,933
1186: 
1187: 
1188: 678,1325
1189: 625,203,1150,804,405,1545,183,493,1322,1840,1027,2018,506,831
1190: 527,948,811,599,1446,2010,221,816,1309,319,1848,233,1476,1214,1933,1641,1123,1120,430,1116,298,1738,144,1250,1650,170,1554
1191: 1172,1407,1032,2005,1233,1940,1315,1563,1243,286,1676,370,1033,239,1884
1192: 534
1193: 552,1688
1194: 
1195: 1078
1196: 
1197: 1431
1772: 920,1185,924,1005,304,1056,1787,2001,1276,593,1866,1434
1199: 1360,902,1246,1297,98,862,2015,1622,130,660,971,122,1883,267,797,1158,769,1138,1957,532,904,820,1852,1452,72,416,13,526,1965,719,1926,469,1944,1464,1606,201,121
1755: 
1201: 679,722,540,852
1202: 463,990,495,1052,1341,408,965,1945,54,2007,1267,669,81,222,134,1013,1823,1837
1203: 
1204: 409,1819,1244,458,1728,132,903,1015,1168,2000,818,302,196,1993,574,1432,1800,237,635,1499
1205: 145,1892,317,462,503,1166,403,2009,427,178,779,1534,343,1528,1371
1987: 
1822: 682,541,1983,1840,1027,1159,618,1577,1558,2018,1356,901,699,814,1750
1208: 85,1546,1329,500
1209: 
1210: 123,945,1177,1079,1181,2017,1487,1588,1860,863,1774,1280,163,692,1752,1319,1429
1211: 
1679: 
1213: 1340
1214: 963,233,1670,936,1399,1476,985,1933,1641,1123,780,1120,430,1116,948,811,599,1004,1446,1190,2010,221,1309,1848,1554
1215: 1258,803,1475,2014,131,1879,650,448,247,555,225,1938,1587,1127,1300,1825,1118,1901
1216: 266,1923,1275,1043,1521,1042,249,100,1992,1091,1060,2008,208,800,1896,1598,1736,1167,655,879
1217: 
1218: 1428,637,485,1277,712,867,897,476,1122
1885: 
1220: 
1221: 1863,26,1265,2013,567,227,777,783,58,1857,842,141,1745,514,1331,1225,1570,1073,1810,1828,1584,1224,663,314,12,7
1222: 1261
1223: 1951
1224: 1225,1570,1764,1073,1409,1810,1561,1541,1828,808,193,1584,663,314,86,12,1496,7,1863,26,2013,567,227,777,58,1857,1745,1221,514
1225: 1570,1764,1073,1409,1810,1561,1541,1828,808,193,1584,1224,663,314,86,12,1496,1863,26,1265,2013,567,227,777,58,1338,1857,1221,514,1331
1226: 
1577: 682,541,1983,1840,1159,618,1558,2018,1356,901,699,1746,844,814,1822,1750,831,203,1545
1228: 479,597,1713,1330,1381,2016,1953,1714,1295,701,18,1725,1724
1760: 527,948,811,559,473,599,1004,1446,2010,816,1309,319,1848,298,1738,1650
1230: 
1231: 546,205
1232: 
1233: 1172,1032,2005,1191,1940,1315,1563,1243,286,1676,370,1884
1234: 
1896: 266,1923,1275,1043,1521,1042,249,1216,1992,1060,2008,800,1598,1736,1167,879
1236: 
1237: 732,573,1529,1555,335,594,836,358,1152,494,2006,1350,1518,1095,487,1000,1303,1494,176
1873: 1726,1074
1239: 
1240: 87,1921,2002,1339,296,535,374,172,1719,387,1308,796,1472,1706,666,1816,146,562,1046,1687,1659
1241: 
1914: 
1243: 1172,1407,1032,2005,1233,1191,1940,1315,1563,286,1676,370,1020,239,1884
1244: 716,409,1819,685,307,458,1728,132,903,629,1204,2000,302,196,1993,1432,1800,635,1499,1053
1245: 60,70,881
1246: 1360,1297,862,2015,1622,130,660,971,1562,122,1883,267,797,1158,769,1138,1957,532,904,820,1199,718,72,416,13,526,469,1464,1606,121
1247: 366,90
1248: 
1249: 786,1968,1540,435,1977,251,179,1419,1943,1520,1535,940,1798,1780,2019,1362,698,1045,1083,1128,294,1038,41,1961,1756,1568,180,1088,855,962,1099,958
1250: 298,1738,144,1650,811,473,599,1446,1190,2010,816,1309,319,1848,233,1476,985,1933,1641,1123,430,1116,1024,170,1554,590
1251: 1283,332
1252: 
1253: 
1800: 409,685,307,1244,458,1728,1168,629,1204,2000,302,196,1993,574,1432,229,635,1499
1644: 224
1256: 2012,192,730,1599,417,1895,1859,1948,351,1763,414,1332,821,1471,238
1257: 1275,1043,1521,929,1061,249,100,1992,1029,1091,1060,2008,208,800,1736,1167,655
1258: 803,1475,2014,131,1879,1611,448,247,555,225,1938,1587,1300,1215,1825,1118,1901
1259: 
1260: 807,253,1141,1023,181,578,262,200,1355,1969,1440,2003,1591,1183,220,1417,120,426,928,558,491,1804,1633,760
1261: 1222
1262: 
1263: 1177,47,1690,1181,2017,1710,1588,856,1589,1394,1740,1560,1752
1680: 279,1531,1,1512
1265: 26,2013,567,227,783,1455,1338,582,1857,141,1221,1331,1225,1570,663,1610,1496
1266: 1849
1267: 463,990,495,1052,1341,408,1202,965,1945,54,2007,81,134,1013,1823,687,1837,1784
1268: 188,2,1590
1912: 
1270: 303,1033,947,1020,1172,1407,1032,2005,1563,1676,370,1884
1868: 
1272: 234
1273: 292,1106
1274: 
1275: 266,1923,1043,1521,929,1061,1042,249,1216,100,1992,1029,1091,1060,2008,208,800,1896,1598,1257,1736,1167,655,879,850
1276: 942,9,617,1787,114,939,713,78,2001,261,1421,593,1160,933,920,1185,924,1005,304,1056,1772,1866,1434
1277: 1218,1428,637,485,712,867,897,476,1122
1278: 
1279: 161
1280: 1177,1079,47,1690,1181,2017,1710,1487,1588,949,856,863,1774,163,1394,156,1740,1560,83,692,1752,1319,1429,123,1210,945
1281: 
1282: 
1283: 1251,332
1284: 1795,136,184,1838,528,475,1708,981,2011,1080,1699,1853,611,1103,1433,1469,270,74,914,874,1435,1523,313
1285: 1009
1961: 786,1540,1977,251,179,1419,1943,1520,1535,940,1798,1780,2019,1045,1249,1083,1128,294,1038,41,1756,1568,180,1088,855,962
1287: 
1288: 756,1971,727,30,1371,1049,1483,1892,503,403,2009,1614
1289: 743,15
1290: 511,355,204,1008,1532
1291: 82,1799,1317
1292: 
1293: 1727,761,1742,1401
1294: 
1295: 479,597,1713,1330,1381,2016,1953,1714,701,1228,18,1725,1724
1296: 
1297: 1246,862,2015,1622,130,971,122,1883,267,797,1158,1957,904,820,1199,938,718,72,526,1464
1298: 
1299: 
1300: 1258,1475,2014,131,1879,650,448,247,555,225,1587,1127,1215,1825,1118,1901
1301: 
1872: 
1303: 732,573,1529,478,1555,335,377,594,836,1824,358,1152,494,2006,1350,1237,1518,362,1095,487,1000,934,176,653,264,1035,1697,561
1954: 436
1767: 457,1768
1306: 
1588: 1177,1079,47,1690,1181,2017,1710,1487,1860,949,856,1589,863,1263,1774,1280,163,1394,156,1740,1560,83,692,1752,1319,1429,123,1210,945
1308: 87,1240,1921,2002,1339,296,535,374,172,1719,273,796,1706,1816,146,562,1046,1687,1659
1309: 527,948,811,559,473,599,1004,1446,1190,2010,221,1760,816,319,1848,1399,1476,1214,1933,1120,430,1116,298,1738,144,1250,1554
1674: 
1311: 1335
1932: 
1313: 691
1981: 
1315: 1407,1032,2005,1233,1191,1940,1243,286,1676,370,239
1316: 
1317: 82,1291
1318: 1823,687,1837,1408,463,495,408,965,1945,54,2007,1684,222,134,365,1377,1784
1319: 1177,1079,2017,1487,1588,1860,1589,863,1280,1394,1740,1560,692,1752,123,1210,945
2014: 1258,803,1475,131,1879,650,1611,448,247,555,225,1938,1587,1127,1300,1215,1825,1118,1901
1321: 1826,539
1322: 682,1983,1840,1027,618,2018,506,1356,901,699,844,814,1750,831,203,1150,804,1545,1189,183,493
1918: 411
1324: 
1325: 1188,678
1326: 843,1675
1327: 367,538,1615,1645,1628
1328: 1970
1329: 85,1208,1546,1766,500
1330: 479,597,1713,1381,2016,1953,1714,1295,701,1228,18,1725,1724
1331: 1863,26,1265,2013,567,227,1019,783,1455,1338,582,1857,141,1221,514,1225,1570,1073,1409,1561,1828,808,663,1610,314,1496
1332: 2012,730,1599,1895,1859,1256,1948,351,414,821,1564,1471,238,293,1533,1783,1424,1482,1956
1798: 786,1968,1540,435,1977,251,179,1419,477,1943,1520,1535,940,1479,1780,1498,2019,1595,1045,1249,1083,1128,294,1038,1484,1903,41,1781,1961,1756,1568,180,1088,855,962,1099
1846: 
1335: 1311
1336: 5
1337: 
1338: 1863,26,1265,2013,227,1019,783,1455,582,1857,1331,1225,1570,1073,1409,1561,1828,808,663,1610,1496
1339: 87,1351,1240,1921,2002,296,535,374,172,1719,273,387,1308,1791,796,1472,1706,1816,146,499,378,1046,1687,1659
1340: 1213
1341: 463,990,495,1052,408,1202,965,1945,54,2007,1267,669,1684,81,222,1988,134,1013,1823
1342: 958,1968,251,1520,2019,1045,1038,1756,1568,180
1343: 
1344: 1069
1982: 565,596,1157
1346: 
1347: 
1348: 
1825: 1258,803,1475,2014,1879,1611,448,555,1587,1300,1215,1118,1901
1350: 732,573,1555,335,377,594,836,1824,358,1152,494,2006,1237,362,1095,487,935,1000,1303,1494,934,176,653,264
1351: 87,1921,2002,1339,296,374,172,273,387,1791,796,1472,1706,1816,499,378
1352: 
1353: 
1354: 
1355: 807,1141,1023,181,262,200,1969,1653,2003,1591,220,1260,1417,120,426,928,558,491,1804,1633,760
1356: 682,541,1983,1322,1840,1027,1159,618,1577,1558,2018,506,901,699,1746,844,814,1822,1750,831,203,1150,804,1737,1545,183,493
1951: 1223
1358: 269,159,624
1359: 393,423
1360: 1246,862,1974,2015,1622,660,1562,122,34,267,797,769,1138,1957,532,820,1852,1452,1121,1199,416,13,1965,719,1606,121
1361: 
1362: 786,1540,435,1977,1419,1535,1479,2019,698,1249,670,294,1634,418,1578,1088,855,962,1099
1707: 1664,1148
1835: 
1731: 
1366: 511,204,1008,509
1367: 
1368: 240,16
1369: 1642
1370: 
1371: 756,1288,1971,727,30,1483,145,1892,317,462,503,1166,403,2009,1205,343,1614
1372: 
1373: 211,1605
1996: 
1743: 529
1376: 1107
1377: 365,1784,408,1945,2007,669,1684,785,222,1988,134,1013,1823,1318,687
1747: 601
1379: 
1724: 206,1725,1924,479,597,1713,1330,1381,2016,1953,1714,1295,701,1228,18
1381: 479,597,1713,1330,2016,1953,1714,1295,701,1228,18,206,1725,1924,1724
1382: 615
1383: 662,22,690,2004,263,1124,112,882,1972,747
1384: 1096,1385,774
1385: 1096,1384
1386: 155
1705: 853,610
1388: 
1389: 
1971: 756,1288,727,30,1371,1483,145,462,503,2009,1614
1734: 1646
1392: 
1799: 82,1291
1394: 1177,1079,47,1181,2017,1710,1588,1860,1589,863,1263,1280,1740,1560,692,1752,1319
1395: 
1396: 
1722: 321,885
1640: 
1399: 963,233,1670,936,1476,1214,1933,780,1120,1116,948,559,599,1004,2010,221,1309
1791: 87,1351,1921,2002,1339,296,374,172,1719,273,387,796,1472,1816,499,378,1687,1659
1401: 1727,1536,761,1505,1742,1293
1611: 1258,803,1475,2014,1879,448,555,1825,1118,1901
1403: 
1404: 472
1632: 1927
1860: 1177,1079,1181,2017,1487,1588,856,1589,863,163,1394,1740,1752,1319,123,1210,945
1407: 1172,1032,2005,1191,1315,1563,1243,286,1676,370,303,1033,947,1270,1020,239,1884
1408: 1823,1318,687,1837,463,495,1052,408,965,1945,54,2007
1409: 1225,1570,1764,1073,1810,1561,1541,1828,808,193,1584,1224,663,1610,314,86,12,1496,1863,26,2013,227,1019,783,1338,582,1857,514,1331
1410: 
1411: 106,1963
1412: 758
1805: 1959
1414: 
1926: 72,416,13,526,1965,719,469,1944,1606,201,121,2015,660,797,1852,1452,1199
1845: 588
1417: 807,1141,1023,262,200,1355,1969,638,1440,2003,1591,1183,1552,220,1260,120,426,928,558
1808: 
1419: 786,1540,435,1977,179,477,1943,1535,1798,1479,1780,2019,1362,698,1249,670,1128,294,1038,1903,41,1634,418,1578,1961,1756,1088,855,962,1099
1420: 
1421: 9,114,713,78,2001,261,1276,1160,933,1185,45,1056
1422: 
1992: 266,1923,1275,1043,1521,929,1061,1042,249,1216,1029,1060,2008,208,1896,1598,1257,1736,1167,879
1424: 1783,1482,1956,2012,730,1859,1948,414,1332,821,293,1533
1425: 
1426: 48
1427: 566,185
1428: 1218,485,1277,712,867
1429: 1177,47,1181,2017,1487,1588,863,1774,1280,163,156,83,692,123,1210,945
1430: 
1431: 1197
1432: 1819,685,1244,458,1728,394,1015,1168,629,1204,2000,818,302,196,1993,574,229,1800,237,635,1770,1499
1433: 136,184,1838,528,1708,2011,1699,1284,1103,270,874
1434: 1866,924,1005,304,1056,1772,942,1787,939,2001,1276,593
1435: 1795,136,1838,475,1708,981,2011,1080,1284,611,1469,270,874,1523,313
1436: 
1437: 1692,218,1683
1819: 716,409,685,307,339,1244,458,1728,132,903,394,1015,629,1204,109,2000,818,302,196,1993,1432,870,237,77,635,1770,1499,1712,916
1439: 1844,708
1440: 807,253,1141,1023,181,876,200,638,2003,1591,1183,1552,220,1260,1417,1575,120,928,558
1441: 
1600: 
1443: 
1444: 1794,165,694
1445: 
1446: 527,948,811,559,473,599,1004,1190,2010,221,1760,816,1309,319,1848,233,936,1476,1214,985,1933,1641,1123,1120,430,1116,298,1738,144,1250,1650,1024,1554
1574: 242,10
1448: 
1449: 
1450: 897
1451: 
1452: 1360,902,98,1974,2015,1622,660,1562,122,1883,34,797,769,1138,532,820,1852,1121,1199,416,13,1965,719,1926,469,201,121
1453: 
1698: 
1455: 26,1265,2013,227,783,1338,582,1857,1331,1570,1610,1496
1917: 1051,338,401
1704: 
1458: 
1692: 1437,218,1683
1460: 
2005: 1172,1407,1032,1233,1191,1940,1315,1563,1243,286,1676,370,303,1033,947,1270,1020,239,1884
1462: 
1463: 
1464: 72,416,13,526,469,1944,1606,718,1246,1297,862,2015,130,971,1158,1957,820,1199
1465: 
1726: 1074,1873
1754: 630
1468: 1668,1865,676
1469: 1795,528,475,1708,2011,1080,1699,1284,1853,611,270,74,874,1435,1523,313
1470: 
1471: 1564,238,2012,192,730,417,1895,1859,1256,1948,1332,821,293,1533,1956
1472: 87,1351,1240,1921,2002,1339,374,172,1719,273,387,1791,796,1706,666,1816,499,378,1687,1659
1473: 
1745: 2013,567,777,58,842,1221,514,1810,1224,314,12,7
1475: 1258,803,2014,131,1879,650,1611,448,247,555,225,1938,1587,1127,1300,1215,1825,1118,1901
1476: 233,1670,936,1399,1214,985,1933,1641,1123,1120,430,1116,948,811,473,599,1004,1446,1190,2010,221,816,1309,319,1848,144,1250,1650,1024,170,1554
1477: 
1478: 
1479: 786,435,1977,179,1419,477,1535,1798,1780,2019,1362,670,1128,294,1903,1781,1634,418,1578,855,1099
1947: 1497,6
1481: 
1482: 1783,1424,1956,2012,730,1599,1895,1859,1948,351,414,1332,821,293
1483: 1049,331,1528,756,1288,1971,727,30,1371,145,1892,317,503,1166,403,2009,427,343,1614
1484: 251,179,1943,1520,940,1798,1780,1498,2019,1595,1045,1083,1128,41,1756,180
1915: 
1858: 1677,2004,62,361,833,263,1997,1579,882,946
1487: 1177,1079,47,1690,1181,2017,1710,1588,1860,949,856,863,1774,1280,163,156,1740,1560,83,692,1752,1319,1429,123,1210,945
1488: 1057,997
1489: 
1490: 
1491: 1862
1492: 
1493: 195,753
1494: 732,573,1555,335,594,836,2006,1350,1237,487
1495: 
1496: 1225,1570,1764,1073,1409,1561,1828,808,193,1584,1224,663,1610,314,26,1265,2013,227,783,1455,1338,1857,1331
1497: 6,911,1947
1498: 786,1968,435,251,179,477,1520,1535,940,1798,1780,2019,1595,1045,1128,294,1484,1903,41,1781,1756,1088
1499: 716,409,1819,685,307,339,1244,458,1728,903,629,1204,2000,302,196,1993,1432,1800,77,635,1053
1500: 337
1501: 748,456,490,322,1115
1502: 568
1503: 
1504: 171,704
1505: 1727,1536,761,1742,1146,1401
1839: 40
1507: 
1508: 
1509: 
1510: 240,250,16
1888: 530,27
1512: 279,1531,1,1680
1969: 807,253,1141,1023,181,578,262,200,1355,1653,2003,1591,220,1260,1417,1575,120,426,928,558,491,1804,1633,760
1514: 
1515: 
1516: 
1517: 
1518: 732,573,1529,478,1555,335,1824,1152,494,2006,1237,1095,1303,934,176,653,264,1035,561
1783: 1424,1482,1956,1564,2012,730,1599,1895,1859,414,1332,821,293,1533
1520: 1968,435,251,1943,940,1798,1498,2019,698,1045,1249,1083,1128,294,1038,1484,41,1961,1756,1568,180,1088,962,1342,958
1521: 266,1923,1275,1043,929,1061,1042,249,1216,100,1992,1029,1091,1060,2008,208,800,1896,1598,1257,1736,1167,655,879
2008: 266,1923,1275,1043,1521,929,1061,1042,249,1216,100,1992,1029,1091,1060,208,800,1896,1598,1257,1736,1167,655,879,333,49,850
1523: 313,1795,528,475,1708,2011,1080,1699,1284,1853,611,1469,74,874,1435
1524: 745
1525: 547,1789,230,689
1526: 832
1527: 1729
1528: 331,1049,1483,1892,317,1166,2009,1205,427,178,779,1534,343,1614
1529: 732,573,478,1555,335,1152,2006,1237,1518,1095,1303,176,561
1530: 
1531: 279,1,1680,1512
1532: 511,1290,204,1638
1533: 293,1564,1471,2012,730,1859,1948,1332,821,1783,1424,1956
1534: 1892,317,462,1166,2009,1205,427,178,779,343,1528
1535: 786,1540,435,1977,251,179,1419,477,1943,940,1798,1479,1780,1498,2019,1362,1595,1249,1083,670,1128,294,1038,1903,41,1781,418,1578,1961,1756,1088,855,962,1099
1536: 1727,761,1505,1742,1401
1537: 113
1614: 145,1892,317,462,503,1166,403,2009,178,343,1049,1483,1528,756,1288,1971,30,1371
1823: 1318,687,1837,1408,463,495,1341,408,1202,965,1945,54,2007,1267,1684,785,222,134,1013,365,1377,1784
1540: 786,1977,1419,1535,1798,2019,1362,698,1249,670,1128,294,1038,1634,1578,1961,1088,855,962,1099
1541: 1225,1570,1764,1073,1409,1810,1561,1828,808,193,1584,1224,663,314,86,12,1863,2013
1542: 
1543: 1576
1732: 
1545: 625,203,1150,804,405,1737,1189,183,493,1322,1840,1577,2018,506,1356,1746,844,1750,831
1546: 85,1208,1329,500
1664: 1148,1707
1548: 384,138,281,987
1818: 678,858
1550: 1613,1553
1551: 
1552: 807,253,1141,1023,876,200,1653,1440,2003,1591,1417,1575,928,558
1553: 1613,1550
1554: 1024,170,590,811,599,1446,1190,2010,816,1309,319,1848,233,1670,1476,1214,985,1933,1641,1123,430,1116,298,1738,144,1250,1650
1555: 732,573,1529,478,335,377,594,836,1824,358,1152,494,2006,1350,1237,1518,362,1095,487,935,1000,1303,1494,934,176,561
1556: 68
1629: 622
1558: 682,541,1983,1159,618,1577,2018,1356,901,699,1822,1750
1631: 
1560: 1177,1079,47,1690,1181,2017,1710,1487,1588,949,1589,863,1263,1280,1394,1740,83,692,1752,1319
1561: 1225,1570,1764,1073,1409,1541,1828,808,193,1584,1224,663,1610,314,86,1496,1863,26,2013,1338,1857,1331
1562: 1360,1246,862,1974,2015,1622,122,34,267,797,769,1138,1957,532,904,820,1852,1452,1121,416
1563: 1172,1407,1032,2005,1233,1191,1243,286,1676,303,1033,947,1270,1020,1884
1564: 1471,238,2012,192,1599,417,1895,1859,1948,351,1332,821,293,1533,1783,1956
1616: 1654
1566: 
1587: 1258,803,1475,2014,1879,650,448,247,555,225,1938,1127,1300,1215,1825,1118,1901
1568: 1968,251,1520,1798,2019,698,1045,1249,1083,1128,1038,1961,1756,180,1088,962,1342,958
1964: 798,2004,62,833,263,1997,1124,1579,112,882,1077,946,1972,747,662,22,690
1570: 1225,1764,1073,1409,1810,1561,1541,1828,808,193,1584,1224,663,1610,314,86,12,1496,1863,26,1265,2013,567,227,1019,783,1455,1338,582,1857,1221,514,1331
1990: 628