0: 
1: 
2: 1268
3: 
4: 1329,1486,252,1817,345,438
5: 1889,1621,873
6: 
7: 26,842
8: 1869,1681
9: 
10: 691,1729,577,325
11: 
12: 86,1224,1225,58,1496,777,2013,514,808,1541,314,567,1338,1745,582,1331,1863,1857
13: 862,2015,98,416,1957,1974,122,201
14: 1479,1172
15: 
16: 1515,259
17: 
18: 1713,2016,206,1924,597,1381,1228,1295,1724
19: 560,640
20: 1290,1801
21: 915,154,1114
22: 1659,1216,1242
23: 1414
24: 680
25: 1277,1036
26: 842,7
27: 
28: 584
29: 
30: 2009,178,1534,403,1892,727,1288,1614
31: 
32: 1912
33: 
34: 212,271
35: 
36: 
37: 
38: 
39: 
40: 1695,976
41: 527
42: 1428,388
43: 
44: 
45: 
46: 
47: 156,1560,2017,1774,163,1588,856,949,83,1280
48: 
49: 1783,1521,1923,1896,1598,1257,333,208,879,1043,850,2008,1167,1042,1061,100,1060,1091,1763,1736,929,1992
50: 283,1024,1190,358
51: 1501,1431,1441,1157,1132,1975,1056,1652
52: 
53: 
54: 1318,965,365,463,2007,1823,1945
55: 1921
56: 529
57: 133,926,592,1922
58: 86,1224,1496,2013,514,808,1541,12,314,567,582,1331
59: 
60: 
61: 760,944
62: 193,1858,1972,1997,1677,2004,1710,1579
63: 1239,419,1044,382,68,1028
64: 373,1538,1685,858
65: 
66: 527,457
67: 
68: 1044,382,1028,63,1239,419
69: 
70: 
71: 
72: 
73: 
74: 1523,874,1853,2011,475,1435,270,528,1737
75: 
76: 
77: 1434
78: 517
79: 423,866
80: 453
81: 1469,981,136
82: 
83: 156,1560,2017,163,1588,47,856,1280
84: 1931
85: 
86: 1224,1225,58,1496,777,2013,514,808,1541,12,314,567,1338,1745,582,1331,1863
87: 146,1816,1308,1240,2002,296,1719,886
88: 
89: 
90: 
91: 1377
92: 1063,1485
93: 
94: 1090
95: 
96: 
97: 1163,1943
98: 532,862,121,1762,2015,416,1957,267,1974,122,1926,201,13
99: 
100: 1783,1521,1896,1598,1029,333,879,850,2008,1177,49,1167,1042,1061,1060,1763,929,1992
1978: 1341,1965,313
102: 
103: 
104: 
105: 
106: 988,1212,954,1198
107: 743
108: 1348
109: 
110: 871
111: 
112: 
113: 1803,1406
114: 237,1712,1705
115: 1200,1898,452,185
116: 1519,642,117
117: 1519,116,642,292
118: 
119: 
120: 148,944,1753
121: 532,862,1762,2015,98,416,1957,267,1974,122,1926
122: 532,862,121,1762,2015,98,416,1957,1974,1926,201,13
123: 
124: 
125: 174,520
126: 
127: 
128: 
129: 1139
130: 1762,2015,416,1926,201
131: 1934,650,1901,448,1825,2014,1611,1475,1587
132: 339,1800
133: 926,592,57,1922
134: 1013,183
135: 638,480
136: 81,981,541
137: 
138: 1544
139: 1691
140: 1776,1658
141: 442
142: 
143: 
144: 
145: 
146: 1816,666,499,87,2002,296,1719
147: 
148: 120,944
149: 859,604,1525,1973,197
150: 1221,298
151: 
152: 1550,1015,1279,939,2000,217,1272,1160,1432,1602,482,1345,685
153: 
154: 915,21,1114
155: 593,1333
156: 1560,2017,1774,1588,47,856,1394,949,83,1280
157: 
158: 
159: 407
160: 
161: 812
162: 
163: 2017,1588,47,83,1280
1998: 
165: 
166: 1539,1016,474
167: 770,1808,1039,748,196,297,1127,1938
168: 
169: 
170: 
171: 1563,600
172: 274,726,1246
173: 1844,425,793
174: 125,520
175: 
176: 1518,300,800
177: 1038,958
178: 2009,403,1892,30,727
179: 1520,2019,1961,1419,940,1578,1977,956,670,435,1568
180: 598,1155,861
181: 1210,1183
182: 556,295,1527,242,1096
183: 1013,134
184: 
185: 1200,1898,1039,115
186: 773
1975: 1132,1056,1652,1501,51,1157
188: 
2001: 1005,1276,1770,1040,754,942,657,1799,1787
190: 971,1572
191: 
192: 821,2012,1895,730,351,238,1482,1332,1599,1533,417,1859,293
193: 62,1858,1595,1677,2004,882
194: 587
195: 753,1733,276,1673
196: 770,1808,1039,167,748,297,1127,1938
197: 604,1894,1525,149,1973,1222,1666
198: 
199: 1756,819,498,809
200: 480
201: 532,1762,2015,98,416,1957,1974,130,122,1926,13
202: 406
203: 
204: 
205: 
206: 1713,2016,18,597,1381,1295,1724
207: 
208: 1783,1896,1598,879,1043,850,2008,49,1167,1042,1061,1060,1091,1763,1736,1992
209: 883,1637
210: 
211: 1559,668,1161,613
212: 34,271
213: 
214: 1069,269
215: 1982,1106,328,359
216: 
217: 1550,1015,1279,939,2000,1160,1432,1602,152
218: 1410
219: 790,335,660,340
220: 426,1575,441,2003,1179,491,1217
221: 
222: 301
223: 1463,922
224: 
225: 
226: 
227: 
228: 693,986
229: 1063,1485
230: 
231: 
232: 1449
233: 1446,1476,2010,985,1004,1641,936,1554,1120,780
234: 
235: 
236: 
237: 114,1712,1705
238: 821,2012,730,351,1482,1332,1533,1564,192,1859
239: 2005,1407,1233,286,1676,1033,1032,1315
240: 
241: 1664
242: 556,295,1527,182,1096
243: 
244: 
245: 
246: 395,664,1066,1380
247: 1215,1860
248: 1187,680
249: 
250: 
251: 477,1073
252: 1329,4,1817,345
253: 
254: 
255: 
256: 
257: 
258: 
259: 1515,16
260: 558,1711
261: 
262: 1795,752
263: 
264: 
265: 
266: 1245,1775
267: 532,862,121,1762,2015,98,416,1957,1974,1926
268: 1540
269: 214,565
270: 1523,74,1853,2011,475,1435,528,1737
271: 212,34
272: 459,1017
273: 716
274: 172,726,1246
275: 1411,608
276: 1673,753,1733,195
277: 
278: 1706,1612,834
279: 1512
280: 335,660
281: 605,1176,530,1294
282: 
283: 50,1190,358
284: 1919,507,1542
285: 1236
286: 239,2005,1407,1233,1676,1033,1032
287: 1051,1366,1576
288: 1385
289: 
290: 853
291: 
292: 1519,642,117,1173,1273
293: 2012,730,1599,417,192,1859
294: 1181
295: 556,1527,242,182,1096
296: 146,499,1308,87,2002,1719,886
297: 770,1808,450,167,748,196,1127,1938
298: 1221,150
299: 801
300: 1518,176,800
301: 222
302: 633,1095
303: 1752
304: 626
305: 
306: 1375,1030,694
307: 
308: 
309: 1866,1182
310: 
311: 
312: 341,570
313: 1978,1341,1965
314: 86,1224,1225,58,1496,2013,514,808,1541,12,567,1338,1745,582,1331,1863
315: 
1993: 
317: 
318: 1047,348,1135,1873
319: 975
320: 
321: 538,1346
322: 454,1248
323: 
324: 
325: 1729,577,10
326: 
327: 
328: 1982,215,1106,359
329: 1905,1165,380,1094
330: 
331: 1371,1971,1822
332: 
333: 1783,1521,1923,1896,1598,1029,1257,879,850,2008,1177,49,1167,1042,1061,100,1763,1736,929,1992
334: 971,1443
335: 280,790,219,660
336: 
337: 1744,1453
338: 455,1059
339: 132,1800
340: 790,219,660
341: 312,570
342: 
343: 
344: 
345: 1329,1486,252,4,1817,438
346: 
347: 1539,1016
348: 750,1047,318,1135,1873
349: 
350: 875
351: 821,2012,1895,730,238,1482,1332,1599,1533,1564,192,1859
352: 
1970: 
354: 1467
355: 428,470
356: 
357: 
358: 1190,283,50
359: 1982,215,1106,328
360: 
361: 1383
362: 1271,519
363: 
364: 399,401,1856,515,1231
365: 1318,965,463,2007,54,1823,1945,1988
366: 
367: 884
368: 1645,983,1493
369: 
370: 
371: 
372: 531,1669
373: 1538,1685,64,858
374: 
375: 
376: 804,618,699,1159,1983,2018,682,1027,493,1189,1356,1577,901,1150,1840
377: 1110,1855
378: 
379: 
380: 1165,581,1094,1905,329
381: 
382: 1044,68,1028,63,1239,419
383: 
384: 
1974: 532,862,121,1762,2015,98,416,1957,267,122,1926,201,13
386: 1939,1769,1359,717
387: 
388: 42,1203
389: 
390: 636,1062,1011,880
391: 445
392: 397
393: 420
394: 
395: 664,1066,1050,246,1380
396: 1115,1300
397: 392
398: 1981,1491
399: 401,364,1856,515,1231
400: 
401: 399,364,1231
402: 1842
403: 2009,178,1534,1892,30,727,1288
404: 837,1252
405: 
406: 202
407: 159
408: 1581,1891,796
409: 870,458,903
410: 1699,1684,631
411: 1643
412: 
413: 647,1694
414: 
415: 1915,1860
416: 532,862,121,1762,2015,98,1957,267,1974,130,122,1926,201,13
417: 2012,1895,730,1482,1599,1533,192,1859,293
418: 1636
419: 63,1239,382,68
420: 393
421: 
422: 
423: 79,866
424: 
425: 173,1844,793
426: 220,1575,441,2003,1633,1179,491,1217
427: 
428: 355,470
429: 
430: 
431: 763
432: 1430,997
433: 1839,1003
434: 813
435: 179,1520,2019,1961,1419,940,1977,956,670
436: 
437: 1082,1630
438: 1486,4,1817,345
439: 
440: 
441: 426,795,220,1575,2003,1633,1179,928,807,1417,491,1217
442: 141
443: 1470
444: 
445: 391
446: 
447: 1766,1466,1601,1413
448: 1825,2014,1611,1475,1934,650,1901,131
449: 1986
450: 1808,297
451: 757,1361
452: 1898,115
453: 80
454: 847,322,1248
455: 338,1059
456: 
457: 66,527
458: 409,903
459: 1017,272
460: 750
461: 
462: 555,1490,1879
463: 1318,965,365,2007,54,1988
464: 
465: 
466: 1457,1807
467: 
468: 
469: 1319
470: 428,355
471: 
472: 
473: 
474: 166,1539,1016
475: 1523,874,74,1853,2011,1435,270,528,1737
476: 
477: 251,1073
478: 
479: 1714
480: 638,135,200
481: 
482: 1550,1015,1279,2000,1272,1160,1432,1602,152,1345
483: 
1980: 
485: 
486: 1675,1809
487: 653,2006,1399,732,1000,564
488: 
489: 
490: 
491: 2003,1260,1633,1179,928,1591,1324,807,1417,1217,426,795,220,1575,441
492: 
493: 804,618,699,1159,1983,2018,682,1027,376,1189,1356,1577,901,1150,1840
494: 1555,653,2006,732,573,1000
495: 938
496: 
497: 
498: 809,1756,819,199
499: 146,1308,2002,296,1719,886
500: 
501: 
502: 931,1201
503: 
504: 
2010: 1446,1476,233,985,816,1004,1641,936,1554,1120,780,1123
506: 814
507: 1919,1542,284
508: 
509: 
510: 
511: 
512: 1437
513: 
514: 86,1224,58,777,2013,808,1541,12,314,1338,1745,1331,1863
515: 399,364,1856,1231
516: 
517: 78
518: 
519: 1271,362
520: 125,174
521: 1929,1185
1977: 179,1520,2019,1961,1419,940,1578,956,670,435,1568
523: 634
524: 1448
525: 1170
526: 
527: 66,41,457
528: 1523,874,74,1853,2011,475,270,1737
529: 56
530: 1294,1282,605,281,1176
531: 1669,372
532: 862,121,1762,2015,98,416,1957,267,1974,122,1926,201
533: 1791,1046,1035
534: 654
535: 
536: 1829,1990
2003: 1260,1633,1179,928,1591,1324,807,1417,491,1217,426,795,220,1575,441
538: 321,1346
539: 
540: 
541: 981,136
542: 1785
543: 1889,1621,873
544: 1629,1053,1367
545: 
546: 
547: 1373
548: 1526
549: 
1997: 1972,1595,833,1677,2004,882,1099,1484,62,1579
551: 1504,1337,1610
552: 
553: 970
554: 
555: 462,1490
556: 295,1527,242,182,1096
557: 
558: 260
559: 1933
560: 640,19,1911
561: 721,1168
562: 
563: 
564: 1555,653,836,2006,1399,487,732,1000,935
565: 269
566: 
567: 86,1224,1225,58,1496,2013,808,1541,12,314,582,1331
568: 
2013: 86,1224,1225,58,1496,777,514,808,1541,12,314,567,1338,1745,582,1331,1863,1857
570: 341,312
571: 
572: 1788
573: 1555,653,836,2006,732,494,1000
574: 
575: 
576: 
577: 1729,10,325
578: 1355
579: 1868
580: 1378,1780
581: 1165,380,1094
582: 86,1224,1225,58,1496,2013,808,1541,12,314,567,1745,1331,1863,1857
583: 1067
584: 28
585: 
586: 
587: 194,1398
588: 892,805,603
589: 1205
590: 948,1848,1760
591: 
592: 133,926,57,1922
593: 1333,155
594: 
595: 1875
596: 1927,806,1098
597: 1713,2016,206,18,1924,1381,1228,1295,1724
598: 180,1155
599: 
600: 1563,171
601: 1937
2012: 821,1895,730,351,238,1482,1332,1599,1533,417,1564,192,1859,293
603: 892,1870,805,588
604: 859,1525,149,1973,197
605: 281,1176,530,1294,1282
606: 
607: 
608: 275,1411
609: 
610: 
611: 927,687,1080
612: 1766,1696
613: 1559,668,1161,211
614: 1019,1810,1940
615: 1551
616: 1418,1209
617: 887
618: 804,699,1159,1983,2018,682,1027,376,493,1189,901,1150,1840
619: 1699,1684,631
620: 
621: 658
622: 690
623: 755
624: 
625: 
626: 304
627: 
628: 733,1613
629: 818,933
630: 1316
631: 410,1699,1684,619
632: 
633: 302,1095
634: 523
635: 1216,1242,1767
636: 1062,390,1011,880,1465
637: 
638: 135,480
639: 
640: 560,19
641: 
642: 1519,116,117,292
643: 
644: 
645: 
646: 1916,1631,1755,1510
647: 1694,413
648: 
649: 715,1392,1261,966
650: 1934,1901,131,448,1825,2014,1611,1475,1587
651: 
652: 
653: 1555,836,2006,1399,487,732,573,494,1000,564,935
654: 534
655: 
656: 
657: 2001,1005,1276,1770,1040,754,942,1799,1787
658: 621
659: 
660: 280,790,335,219,340
661: 
662: 1229,930
663: 
664: 395,1066,1050,246,1380
665: 1910
666: 146,1816,1240,2002
667: 
668: 1559,1161,613,211
669: 
670: 179,1520,2019,1961,1419,940,1977,956,435
671: 1354,864,1616
672: 
673: 
674: 
675: 1962
676: 718
677: 
678: 
679: 
680: 24,248,1187
681: 1565
682: 804,618,699,1159,1983,2018,1027,376,493,1189,1356,901,1150,1840
683: 
684: 
685: 1015,2000,1272,1432,152,1345
686: 768,1731
687: 927,611
688: 
689: 
690: 622
691: 1729,10
692: 
693: 1740,986,228
694: 1375,306,1030
695: 1811,1350
696: 1472,1606
697: 1530
698: 
699: 804,618,1159,1983,2018,682,1027,376,493,1189,1356,1577,901
700: 
701: 
2009: 178,1534,403,1892,30,727,1288,1614
703: 
704: 1952,951,707
705: 
706: 1289,1720
707: 704,1952
708: 789
709: 1211,1585,877,1941
710: 1398,1650
711: 
712: 
713: 1358,1296
2011: 1523,874,74,1853,475,1435,270,528,1737
715: 649,1392,1261,966
716: 273
717: 1769,1359,386,1939
718: 676
719: 
720: 
721: 561,1168
722: 
723: 1247,765,787,955
724: 
725: 1590
726: 172,274,1246
727: 2009,178,403,1892,30
728: 
729: 1532
730: 2012,351,238,1482,1332,1533,417,192,1859,293
731: 1462,1299
732: 1555,653,836,2006,1399,487,573,494,1000,564,935
733: 628,772,1613
734: 1488,1041
735: 1812
1983: 804,618,699,1159,2018,682,1027,376,493,1150,1840
737: 
738: 826
739: 
740: 
741: 1218
1989: 1549
743: 107
744: 
745: 
746: 1967,1828,1790
747: 1768
748: 770,1808,1039,167,196,297,1127,1938
749: 1963,1715,1325,1188,1793,1481,1531,1021
750: 460,1047,1405,348,1135
751: 1663
752: 262,1795
753: 1733,276,1673,195
754: 2001,1276,1040,657,1799
755: 623
756: 1174
757: 451,1361
758: 
759: 
760: 61,944
761: 
762: 
763: 431
764: 
765: 1247,723,787,955
766: 1635,1283
767: 
768: 1731,686
769: 1893
770: 1808,1039,167,748,196,297,1127,1938
771: 1360
772: 733
773: 186,969
774: 
775: 
776: 1456,1314,1092
777: 86,1224,2013,514,12,1338,1745,1863
2015: 532,862,121,1762,98,416,1957,267,1974,130,122,1926,201,13
779: 
780: 1446,1476,2010,233,985,816,1004,1641,936,1554,1120,1123
781: 
782: 
783: 
784: 
785: 1950,797
786: 
787: 723,765
788: 
789: 708
790: 335,219,660,340
791: 
792: 
793: 173,1844,425
794: 1151
795: 1575,441,2003,928,1591,807,491,1217
796: 1581,1891,408
797: 785
798: 1764
799: 
800: 1518,300,176
801: 299
802: 
803: 
804: 618,699,1159,1983,2018,682,1027,376,493,1189,1356,901,1150,1840
805: 892,603,588
806: 1927,1098,596
807: 2003,1260,1633,1179,928,1591,1324,1417,491,795,1575,441
808: 86,1224,1225,58,1496,2013,514,1541,12,314,567,1745,582,1331,1863,1857
809: 498,1756,819,199
810: 
811: 
812: 161
813: 1848,1760,1152,434
814: 506
815: 
816: 1446,1476,2010,1004,936,1554,780,1123
817: 
818: 629,933
819: 1756,199,498,809
820: 
821: 2012,1895,351,238,1482,1332,1533,1564,192
822: 
823: 
824: 
2017: 156,1560,1774,163,1588,47,856,1394,949,83,1280
826: 738
827: 
828: 
829: 1607
830: 
831: 
832: 896,1328
833: 1972,1997,1595,2004,882,1099,1484
834: 1765,1347,278,1612
835: 
836: 1555,653,2006,1399,732,573,1000,564,935
837: 404,1252
1985: 
839: 1640,1458,1352,868
1984: 1661,1192,1136
841: 1502
842: 26,7
843: 
844: 
845: 
846: 
847: 454
2004: 1972,1997,1595,833,1677,882,1099,1484,62,193,1858,1710,1579
849: 
850: 1783,1521,1923,1598,1257,333,208,879,1043,2008,49,1167,1042,100,1060,1091,1763,1736,929,1992
851: 
852: 
853: 290
854: 
855: 
856: 156,1560,2017,47,1394,949,83,1280
857: 871
858: 373,64
859: 604,1525,149,1973,1792
860: 1070,1349
861: 180,1045
862: 532,121,1762,2015,98,416,1957,267,1974,122,1926,13
863: 
864: 671,1354,1616
865: 
866: 79,423
867: 
868: 839,1640,1458,1352
869: 1610
870: 409,903
871: 857,110
872: 
873: 1889,543,1621,5
874: 1523,74,1853,2011,475,1435,528,1737
875: 350
876: 
877: 1211,709,1585
878: 1832
879: 1783,1521,1923,1598,1029,1257,333,208,1043,850,2008,49,1167,1042,100,1091,1763,1736,929
880: 636,1062,390,1465
881: 1267
882: 1972,1997,1595,833,1677,2004,1099,1484,193
883: 209,1637
884: 367
885: 978
886: 499,1308,87,2002,296,1719
887: 617
888: 
889: 
890: 
891: 
892: 805,603,588
893: 
894: 
895: 1798
896: 832,1328
897: 
898: 
899: 
900: 
901: 1189,1356,1577,804,618,699,1159,2018,682,1027,376,493,1840
902: 
903: 409,870,458
904: 
905: 
906: 
2007: 1318,965,365,463,54,1823,1945,1988
908: 1838
909: 
910: 
911: 1930
912: 1871
913: 1111
914: 
915: 154,21,1114
916: 
917: 
918: 
919: 
920: 
1986: 449
922: 1463,223
923: 1999,1759,1403
924: 1835
925: 
926: 133,592,57,1922
927: 611,687
928: 2003,1260,1633,1179,1591,1324,807,1417,491,1217,795,1575,441
929: 1783,1521,1923,1029,1257,333,879,850,2008,49,1042,1061,100,1763,1736
930: 1229,662
931: 502
932: 1223
933: 818,629
934: 1237,1204
935: 1555,653,836,2006,1399,732,564
936: 1446,1476,2010,233,816,1004,1641,1554,1120,780
937: 
938: 495,1687
939: 1550,1015,1279,2000,217,1272,1160,1432,152,1345
940: 179,2019,1961,1419,1578,1977,670,435,1568
941: 974,1008
942: 2001,1276,1770,1040,657,1787
943: 
944: 760,148,61,120
945: 
946: 
947: 1429,1020
948: 590,1848,1760
949: 156,1560,2017,1774,47,856,1394
950: 
951: 704,1952
952: 
953: 1976,1644
954: 988,1212,1966,106,1198
955: 1247,723,765
956: 179,1520,2019,1961,1419,1977,670,435
957: 
958: 1660,1038,177
959: 
960: 
961: 
962: 
963: 
964: 
965: 1318,365,463,2007,54,1823,1945,1988
966: 715,1548,649,1392,1261
967: 1195
968: 
969: 773,1645,1365
970: 553
971: 1443,334,190
972: 
973: 1906,1253
974: 941,1008
975: 319
976: 40,1695
977: 
978: 885
979: 1132,1899,1682,1665,1718,1441,1157
980: 1734,1250
981: 81,136,541
982: 
983: 1645,368
984: 
985: 1446,1476,2010,233,1004,1641,1554,1120,780,1123
986: 693,1740,228
987: 1833
988: 1212,954,106,1198
989: 
990: 
991: 
992: 1213,1928
993: 1006
994: 1256
995: 
996: 
997: 1430,432
998: 
999: 
1000: 1555,653,836,2006,487,732,573,494,564
1001: 1408,1687
1002: 1107,1293,1339
1003: 1839,433
1004: 1446,1476,2010,233,985,816,1641,936,1554,1120,780,1123
1005: 2001,1040,657,1799,1787
1006: 993
1007: 
1008: 974,941
1009: 
1010: 1782
1011: 636,1062,390
1012: 
1013: 1965,183,134
1014: 
1015: 1550,1279,939,2000,217,1272,1160,1432,1602,152,482,1345,685
1016: 166,1539,347,474
1017: 459,272
1018: 
1019: 614,1810,1940
1020: 1429,947
1021: 1325,1188,1793,1481,1531,1715,749
1022: 
1023: 
1024: 50
1025: 1537
1026: 
1027: 804,618,699,1159,1983,2018,682,376,493,1189,901,1150,1840
1028: 1044,382,68,63,1239
1029: 1783,1521,1896,1598,333,879,2008,1177,1167,1042,1061,100,1763,929
1030: 1375,306,694
1031: 
1032: 239,2005,1407,1233,286,1676,1033,1315
1033: 239,2005,1407,1233,286,1032,1315
1034: 1897,1968,1083
1035: 533,1791,1046
1036: 1277,25
1037: 
1038: 1660,177,958
1039: 770,167,748,196,1127,1938,185
1040: 2001,1005,1276,1770,754,942,657,1799,1787
1041: 734,1488
1042: 1783,1521,1923,1896,1598,1029,1257,333,208,879,1043,850,2008,1177,49,1167,1061,100,1060,1763,1736,929,1992
1043: 1923,1598,1257,208,879,850,2008,49,1042,1091,1763,1736,1992
1044: 382,68,1028,63,1239
1045: 861
1046: 533,1791,1035
1047: 750,1405,318,348,1135
1048: 
1049: 
1050: 395,664,1066,1380
1051: 287,1366,1576
1052: 
1053: 544,1629,1367
1054: 
1055: 1654
1056: 1132,1975,1665,1652,1501,51,1431,1441,1157
1057: 
1058: 1218
1059: 338,455
1060: 1783,1521,1896,1598,208,850,2008,1177,49,1167,1042,1061,100,1992
1061: 1783,1521,1896,1598,1029,333,208,2008,1177,49,1167,1042,100,1060,1763,929,1992
1062: 636,390,1011,880,1465
1063: 1485,92,229
1064: 
1065: 
1066: 395,664,1050,246,1380
1067: 583
1068: 
1069: 214
1070: 860,1349
1071: 
1072: 
1073: 477,251
1074: 
1075: 1241
1979: 
1077: 
1078: 1747
1079: 
1080: 611,1202
1081: 
1082: 437
1083: 1968,1897,1034
1084: 
1973: 859,604,1894,1525,149,197,1222
2002: 146,1816,666,499,1308,1240,87,296,1719,886
1087: 1382
1088: 
1089: 1359
1090: 94
1091: 1923,1257,208,879,1043,850,2008,49,1763,1736
1092: 776,1456,1314
1093: 1696
1094: 1165,581,380,1905,329
1095: 302,633
1096: 556,295,1527,242,182
1097: 
1098: 1927,806,596
1099: 1972,1997,1595,833,1677,2004,882,1484,1579
1100: 1289,1887,1306
1988: 1318,965,365,463,2007
1102: 
1103: 
1104: 
1105: 
1106: 1982,215,328,359
1107: 1002,1339
1108: 
1109: 
1110: 1855,377
1111: 913
1112: 1722
1113: 
1114: 915,154,21
1115: 1300,396
1116: 
1117: 
1118: 1662
1119: 1309
1120: 1446,1476,2010,233,985,1004,1641,936,1554,780,1123
1121: 
1122: 
1123: 1446,1476,2010,985,816,1004,1641,1120,780
1124: 1163
1125: 1821
1126: 1584
1127: 1938,770,1039,167,748,196,297
1128: 
1129: 
1130: 
1131: 
1132: 979,1975,1899,1682,1056,1665,1652,1501,51,1718,1431,1441,1157
1133: 
1134: 
1135: 750,1047,1405,318,348
1136: 1984
1991: 
1138: 1574
1139: 129
1140: 
1141: 
1142: 
1143: 
1144: 1768
1145: 
1146: 
1147: 1387,1162
1148: 1317,1495
1149: 
1150: 1840,804,618,1159,1983,2018,682,1027,376,493
1151: 794
1152: 813
1153: 
1154: 
1155: 180,598
2019: 179,1520,1961,1419,940,1578,1977,956,670,435,1568
1157: 1501,51,1718,1431,1441,1132,979,1975,1056,1665,1652
1158: 1278
1159: 804,618,699,1983,2018,682,1027,376,493,1189,1356,1577,901,1150,1840
1160: 1550,1015,1279,939,2000,217,1432,1602,152,482
1161: 1559,668,613,211
1162: 1147,1387
1163: 97,1124,1943
1164: 
1165: 581,380,1094,1905,329
1166: 
1167: 1783,1521,1896,1598,1029,333,208,879,850,2008,1177,49,1042,1061,100,1060,1763,1992
1168: 1608,561,721
1967: 746,1828
1170: 525
1171: 
1172: 1479,14
1173: 292,1273
1174: 756
1175: 1708
1176: 605,281,530,1294,1282
1177: 1783,1521,1896,1598,1029,333,2008,1167,1042,1061,100,1060
1178: 1849
1179: 2003,1633,928,1324,807,1417,491,1217,426,220,1575,441
1180: 
1181: 294
1182: 1866,309
1183: 181,1210
1184: 1920
1185: 1929,521
1186: 1514
1187: 248,680
1188: 1325,1793,1481,1531,1197,1021,1963,1715,749
1189: 1356,1577,901,804,618,699,1159,2018,682,1027,376,493,1840
1190: 358,283,50
1191: 
1192: 1984,1661
1193: 
1194: 
1195: 967
1196: 1487,1690
1197: 1325,1188,1793,1531,1963
1198: 988,1212,954,1966,106
1199: 
1200: 1898,115,185
1201: 502
1202: 1080
1203: 388
1204: 1237,934
1205: 589
1987: 
1207: 1818,1321
1208: 
1209: 616
1210: 181,1183
1211: 709,1585,877,1941
1212: 988,954,1966,106,1198
1213: 1928,992
1214: 
1215: 1915,247,1860
1216: 22,1659,635,1242
1217: 2003,1633,1179,928,1417,491,426,795,220,1575,441
1218: 741,1058
1219: 
1220: 
1221: 150,298
1222: 1894,1973,197,1666
1223: 932
1224: 86,1225,58,1496,777,2013,514,808,1541,12,314,567,1338,1745,582,1331,1863
1225: 86,1224,1496,2013,808,1541,12,314,567,1745,582,1331,1863,1857
1226: 1954
1227: 
1228: 1713,2016,18,1924,597,1381,1295,1724
1229: 662,930
1230: 
1231: 399,401,364,1856,515
1232: 
1233: 239,2005,1407,286,1676,1033,1032,1315
1234: 
1235: 
1236: 285
1237: 1204,934
1238: 
1239: 63,419,1044,382,68,1028
1240: 1816,666,1308,87,2002
1241: 1075,1672
1242: 22,1659,635,1216
1243: 
1244: 
1245: 266,1775
1246: 172,274,726
1247: 723,765,955
1248: 454,322
1249: 1455
1250: 1734,980
1251: 1726
1252: 837,404
1253: 973,1906
1254: 
1255: 
1256: 994
1257: 1923,333,879,1043,850,2008,49,1042,1091,1763,1736,929
1258: 1270
1259: 
1260: 2003,1633,928,1591,1324,807,1417,491,1575
1261: 715,1548,649,1392,966
1262: 
1263: 
1264: 
1265: 
1266: 
1267: 881
1268: 2
1269: 
1270: 1258
1271: 362,1494,519
1272: 1550,1015,1279,939,2000,1432,1602,152,482,1345,685
1273: 1519,292,1173
1274: 
1275: 
1276: 2001,1040,754,942,657,1799
1277: 1036,25
1278: 1158
1279: 1550,1015,939,2000,217,1272,1160,1432,1602,152,482,1345
1280: 156,1560,2017,1774,163,1588,47,856,83
1281: 
1282: 530,605,1176
1283: 766,1597,1635
1284: 
1285: 1450
1286: 
1287: 1850
1288: 2009,1534,403,1892,30,1614
1289: 1720,1100,1887,706,1306
1290: 20,1801
1291: 
1292: 
1293: 1002,1339
1294: 530,605,281,1176
1295: 2016,206,18,597,1381,1228,1724
1296: 1358,713
1297: 
1298: 
1299: 1462,731
1300: 1115,396
1301: 
1302: 
1303: 
1304: 
1305: 1716
1306: 1289,1100,1887
1307: 1349
1308: 1816,499,1240,87,2002,296,1719,886
1309: 1119
1310: 
1311: 
1312: 
1313: 
1314: 776,1456,1092
1315: 239,2005,1233,1676,1033,1032
1316: 630
1317: 1148,1495
1318: 965,365,463,2007,54,1823,1945,1988
1319: 469
2014: 448,1825,1611,1475,1587,1934,650,1901,131
1321: 1818,1207
1322: 
1323: 
1324: 2003,1260,1633,1179,928,1591,807,1417,491
1325: 1188,1793,1481,1531,1197,1021,1963,1715,749
1326: 
1327: 
1328: 896,832
1329: 1486,252,4,1817,345
1330: 
1331: 86,1224,1225,58,2013,514,808,1541,12,314,567,1745,582,1857
1332: 821,2012,1895,730,351,238,1482,1599,1533,1564,192,1859
1333: 593,155
1334: 
1335: 
1336: 1698
1337: 1504,1610,551
1338: 86,1224,777,2013,514,12,314,1745,1863
1339: 1107,1002,1293
1340: 1468
1341: 1978,313
1342: 
1343: 
1344: 
1345: 1550,1015,1279,939,2000,1272,1432,1602,152,482,685
1346: 538,321
1347: 1765,834,1612
1348: 108
1349: 860,1307,1070
1350: 695,1811
1351: 1784
1352: 839,1640,1458,868
1353: 
1354: 671,864,1616
1355: 578
1356: 1189,1577,901,804,699,1159,2018,682,376,493
1357: 
1358: 1296,713
1359: 1769,717,1089,386
1360: 771
1361: 757,451
1362: 
1363: 
1364: 
1365: 1645,1493,969
1366: 287,1051,1576
1367: 544,1629,1053
1368: 
1369: 
1370: 
1371: 1971,331,1822
1372: 
1373: 547
1996: 
1375: 306,1030,694
1376: 
1377: 91
1378: 580,1780
1379: 
1380: 395,664,1066,1050,246
1381: 1713,2016,206,18,597,1228,1295,1724
1382: 1087
1383: 361
1384: 1582
1385: 288
1386: 1513
1387: 1147,1162
1388: 
1389: 
1390: 
1391: 
1392: 715,1548,649,1261,966
1393: 
1394: 156,1560,2017,856,949
1395: 
1396: 
1397: 
1398: 587,710,1650
1399: 653,836,2006,487,732,564,935
1400: 
1401: 
1402: 
1403: 1999,1759,923
1404: 1867
1405: 750,1047,1135
1406: 113
1407: 239,2005,1233,286,1033,1032
1408: 1001,1687
1409: 
1410: 218
1411: 275,608
1412: 
1413: 1766,1466,447,1601
1414: 23
1415: 
1416: 
1417: 2003,1260,1633,1179,928,1591,1324,807,491,1217,1575,441
1418: 616
1419: 179,1520,2019,1961,940,1578,1977,956,670,435,1568
1420: 1815
1421: 
1422: 
1992: 1783,1896,1598,333,208,1043,850,2008,49,1167,1042,1061,100,1060,1763,1736
1424: 
1425: 
1426: 
1427: 
1428: 42
1429: 1020,947
1430: 432,997
1431: 1501,51,1441,1157,1132,1056,1665
1432: 1550,1015,1279,939,2000,217,1272,1160,1602,152,482,1345,685
1433: 1953
1434: 77
1435: 1523,874,74,2011,475,270,1737
1436: 
1437: 512
1438: 
1439: 
1440: 
1441: 1501,51,1718,1431,1157,1132,979,1682,1056,1665,1652
1442: 
1443: 971,334
1444: 
1445: 
1446: 1476,2010,233,985,816,1004,1641,936,1554,1120,780,1123
1447: 
1448: 524
1449: 232
1450: 1285
1451: 
1452: 
1453: 1744,337
1454: 
1455: 1249
1456: 776,1314,1092
1457: 466,1807
1458: 839,1640,1352,868
1459: 
1460: 
2005: 239,1407,1233,286,1676,1033,1032,1315
1462: 731,1299
1463: 223,922
1464: 
1465: 636,1062,880
1466: 1766,447,1601,1413
1467: 354
1468: 1340
1469: 81
1470: 443
1471: 
1472: 696,1606
1473: 
1474: 
1475: 448,1825,2014,1611,1587,1934,650,1901,131
1476: 1446,2010,233,985,816,1004,1641,936,1554,1120,780,1123
1477: 
1478: 
1479: 1172,14
1480: 
1481: 1325,1188,1793,1531,1021,1963,1715,749
1482: 821,2012,1895,730,351,238,1332,1599,1533,417,1564,192,1859
1483: 
1484: 1972,1997,1595,833,1677,2004,882,1099,1579
1485: 1063,92,229
1486: 1329,4,1817,345,438
1487: 1690,1196
1488: 734,1041
1489: 
1490: 462,555,1879
1491: 1981,398
1492: 
1493: 1645,368,1365
1494: 1271
1495: 1148,1317
1496: 86,1224,1225,58,2013,808,1541,12,314,567,582,1863,1857
1497: 1930
1498: 
1499: 
1500: 
1501: 51,1431,1441,1157,1132,1975,1056,1665,1652
1502: 841
1503: 
1504: 1337,1610,551
1505: 
1506: 1753
1507: 
1508: 
1509: 
1510: 1916,1631,646,1755
1511: 
1512: 279
1513: 1386
1514: 1186
1515: 16,259
1516: 
1517: 
1518: 300,176,800
1519: 116,642,117,292,1273
1520: 179,2019,1961,1419,1578,1977,956,670,435
1521: 1783,1923,1896,1598,1029,333,879,850,2008,1177,49,1167,1042,1061,100,1060,1763,929
2008: 1783,1521,1923,1896,1598,1029,1257,333,208,879,1043,850,1177,49,1167,1042,1061,100,1060,1091,1763,1736,929,1992
1523: 874,74,1853,2011,475,1435,270,528,1737
1524: 
1525: 859,604,149,1973,197,1792
1526: 548
1527: 556,295,242,182,1096
1528: 
1529: 
1530: 697
1531: 1325,1188,1793,1481,1197,1021,1963,1715,749
1532: 729
1533: 821,2012,1895,730,351,238,1482,1332,417,1564,192,1859
1534: 2009,403,1892,30,1288,1614
1535: 1651
1536: 
1537: 1025
1538: 373,1685,64
1539: 166,1016,347,474
1540: 268
1541: 86,1224,1225,58,1496,2013,514,808,12,314,567,1745,582,1331,1863
1542: 1919,507,284
1543: 
1544: 138
1545: 
1546: 
1547: 
1548: 1392,1261,966
1549: 1989
1550: 1015,1279,939,2000,217,1272,1160,1432,1602,152,482,1345
1551: 615
1552: 
1553: 
1554: 1446,1476,2010,233,985,816,1004,1641,936,1120,780
1555: 653,836,2006,732,573,494,1000,564,935
1556: 
1557: 
1558: 
1559: 668,1161,613,211
1560: 156,2017,1774,1588,47,856,1394,949,83,1280
1561: 
1562: 
1563: 600,171
1564: 821,2012,1895,351,238,1482,1332,1533
1565: 681
1566: 
1567: 
1568: 179,2019,1961,1419,940,1977
1569: 
1570: 
1990: 1829,536
1572: 190
1573: 1832
1574: 1138
1575: 426,795,220,441,2003,1260,1633,1179,928,807,1417,491,1217
1576: 287,1051,1366
1577: 1189,1356,901,699,1159,2018,376,493,1840
1578: 179,1520,2019,1961,1419,940,1977
1579: 1710,62,1972,1997,1677,2004,1099,1484
1580: 
1581: 1891,408,796
1582: 1384
2016: 1713,206,18,1924,597,1381,1228,1295,1724
1584: 1126
1585: 1211,709,877,1941
1586: 
1587: 1825,2014,1611,1475,1934,650,1901,131
1588: 156,1560,2017,1774,163,47,83,1280
1589: 
1590: 725
1591: 2003,1260,1633,928,1324,807,1417,491,795
1592: 
1593: 
1594: 
1595: 1997,833,1677,2004,882,1099,1484,193,1858
1596: 
1597: 1283
1598: 1783,1521,1923,1896,1029,333,208,879,1043,850,2008,1177,49,1167,1042,1061,100,1060,1763,1992
1599: 2012,1895,351,1482,1332,417,192,1859,293
1600: 
1601: 1766,1466,447,1413
1602: 1550,1015,1279,2000,217,1272,1160,1432,152,482,1345
1603: 
1604: 
1605: 
1606: 1472,696
1607: 829
1608: 1168
1609: 
1610: 1504,1337,551,869
1611: 448,1825,2014,1475,1587,1934,650,1901,131
1612: 278,1706,1765,834,1347
1613: 628,733
1614: 2009,1534,30,1288
1615: 
1616: 671,1354,864
1617: 
1618: 
1619: 
1620: 
1621: 1889,543,5,873
1622: 
1623: 
1624: 
1625: 
1626: 
1627: 
1628: 
1629: 544,1053,1367
1630: 437
1631: 1916,646,1755,1510
1632: 
1633: 2003,1260,1179,928,1591,1324,807,1417,491,1217,426,1575,441
1634: 
1635: 766,1283
1636: 418
1637: 209,883
1638: 
1639: 
1640: 839,1458,1352,868
1641: 1446,1476,2010,233,985,1004,936,1554,1120,780,1123
1642: 
1643: 411
1644: 953
1645: 368,983,1493,1365,969
1646: 
1647: 
1648: 
1649: 
1650: 1398,710
1651: 1535
1652: 1132,1975,1056,1665,1501,51,1441,1157
1653: 
1654: 1055
1655: 
1656: 
1657: 
1658: 1776,140
1659: 22,1216,1242
1660: 1038,958
1661: 1984,1192
1662: 1118
1663: 751
1664: 241
1665: 1132,979,1899,1682,1056,1652,1501,1718,1431,1441,1157
1666: 1894,197,1222
2000: 1550,1015,1279,939,217,1272,1160,1432,1602,152,482,1345,685
1668: 
1669: 531,372
1670: 
1671: 
1672: 1241
1673: 276,753,195
1674: 
1675: 486,1809
1676: 239,2005,1233,286,1032,1315
1677: 1972,1997,1595,2004,882,1099,1484,62,193,1858,1579
1678: 
1679: 
1680: 1846
1681: 8,1869
1682: 1132,979,1899,1665,1718,1441
1683: 
1684: 410,1699,631,619
1685: 373,1538,64
1686: 
1687: 1408,1001,938
1688: 
1689: 
1690: 1487,1196
1691: 139
1692: 1937
1969: 
1694: 647,413
1695: 40,976
1696: 1766,612,1093
1697: 
1698: 1336
1699: 410,1684,631,619
1700: 
1701: 
1702: 
1703: 
1704: 
1705: 114,237,1712
1706: 278,1612
1707: 
1708: 1175
1709: 
1710: 1579,62,1972,2004
1711: 260
1712: 114,237,1705
1713: 2016,206,18,1924,597,1381,1228,1724
1714: 479
1715: 1963,1325,1188,1793,1481,1531,1021,749
1716: 1305
1717: 
1718: 1441,1157,1132,979,1682,1665
1719: 146,1816,499,1308,87,2002,296,886
1720: 1289,1887,706
1721: 
1722: 1112
1723: 
1724: 1713,2016,206,18,597,1381,1228,1295
1725: 
1726: 1251
1727: 
1728: 
1729: 691,577,10,325
1730: 
1731: 768,686
1732: 
1733: 753,276,195
1734: 1250,980
1735: 
1736: 1783,1923,1257,333,208,879,1043,850,2008,49,1042,1091,1763,929,1992
1737: 1523,874,74,1853,2011,475,1435,270,528
1738: 
1739: 1904,1865
1740: 693,986
1741: 
1742: 
1743: 
1744: 337,1453
1745: 86,1224,1225,777,2013,514,808,1541,12,314,1338,582,1331,1863,1857
1746: 
1747: 1078
1748: 
2006: 1555,653,836,1399,487,732,573,494,1000,564,935
1750: 
1751: 
1752: 303
1753: 1506,120
1754: 
1755: 1916,1631,646,1510
1756: 819,199,498,809
1757: 
1758: 
1759: 1999,923,1403
1760: 813,1848,948,590
1761: 
1762: 532,862,121,2015,98,416,1957,267,1974,130,122,1926,201
1763: 1783,1521,1923,1896,1598,1029,1257,333,208,879,1043,850,2008,49,1167,1042,1061,100,1091,1736,929,1992
1764: 798
1765: 834,1347,1612
1766: 612,1466,447,1601,1696,1413
1767: 635
1768: 1144,747
1769: 1359,717,386,1939
1770: 2001,1040,942,657,1787
1972: 1997,833,1677,2004,882,1099,1484,62,1710,1579
1772: 
1773: 
1774: 156,1560,2017,1588,47,949,1280
1775: 1245,266
1776: 1658,140
1777: 
1778: 
1976: 953
1780: 1378,580
1781: 
1782: 1010
1783: 1521,1896,1598,1029,333,208,879,850,2008,1177,49,1167,1042,1061,100,1060,1763,1736,929,1992
1784: 1351
1785: 542
1786: 1845
1787: 2001,1005,1770,1040,942,657
1788: 572
1789: 
1790: 746
1791: 533,1046,1035
1792: 859,1525
1793: 1325,1188,1481,1531,1197,1021,1963,1715,749
1794: 
1795: 262,752
1796: 
1797: 1951
1798: 895
1799: 2001,1005,1276,1040,754,657
1800: 132,339
1801: 1290,20
1966: 1839,1212,954,1198
1803: 113
1804: 
1805: 
1806: 
1807: 1457,466
1808: 770,450,167,748,196,297,1938
1809: 486,1675
1810: 614,1019,1940
1811: 695,1350
1812: 735
1813: 
1814: 
1815: 1420
1816: 146,666,1308,1240,87,2002,1719
1817: 1329,1486,252,4,345,438
1818: 1207,1321
1819: 
1999: 1759,923,1403
1821: 1125
1822: 1371,1971,331
1823: 1318,965,365,2007,54,1945
1824: 
1825: 448,2014,1611,1475,1587,1934,650,131
1826: 
1827: 
1828: 1967,746
1829: 1990,536
1830: 
1831: 
1832: 1573,878
1833: 987
1834: 
1835: 924
1836: 
1837: 
1838: 908
1839: 1966,433,1003
1840: 1150,1189,1577,901,804,618,1159,1983,2018,682,1027,376,493
1841: 
1842: 402
2018: 804,618,699,1159,1983,682,1027,376,493,1189,1356,1577,901,1150,1840
1844: 173,425,793
1845: 1786
1846: 1680
1847: 
1848: 813,1760,948,590
1849: 1178
1850: 1287
1851: 1861
1852: 
1853: 1523,874,74,2011,475,270,528,1737
1854: 
1855: 1110,377
1856: 399,364,515,1231
1857: 1225,1496,2013,808,12,1745,582,1331,1863
1858: 62,193,1595,1677,2004
1859: 2012,730,351,238,1482,1332,1599,1533,417,192,293
1860: 415,1215,247
1861: 1851
1862: 
1863: 86,1224,1225,1496,777,2013,514,808,1541,12,314,1338,1745,582,1857
1864: 
1865: 1904,1739
1866: 1182,309
1867: 1404
1868: 579
1869: 8,1681
1870: 603
1871: 912
1872: 
1873: 318,348
1874: 
1875: 595
1876: 
1877: 
1878: 
1879: 462,1490
1982: 215,1106,328,359
1995: 
1882: 
1883: 
1884: 
1885: 
1971: 1371,331,1822
1887: 1289,1720,1100,1306
1888: 
1889: 543,1621,5,873
1981: 1491,398
1891: 1581,408,796
1892: 2009,178,1534,403,30,727,1288
1893: 769
1894: 1973,197,1222,1666
1895: 821,2012,351,1482,1332,1599,1533,417,1564,192
1896: 1783,1521,1598,1029,333,208,2008,1177,49,1167,1042,1061,100,1060,1763,1992
1897: 1034,1968,1083
1898: 1200,452,115,185
1899: 1132,979,1682,1665
1968: 1083,1897,1034
1901: 1934,650,131,448,2014,1611,1475,1587
1902: 
1903: 
1904: 1865,1739
1905: 329,1165,380,1094
1906: 973,1253
1907: 
1908: 
1909: 
1910: 665
1911: 560
1912: 32
1913: 
1914: 
1915: 415,1215
1916: 1631,646,1755,1510
1917: 
1918: 
1919: 507,1542,284
1920: 1184
1921: 55
1922: 133,926,592,57
1923: 1521,1598,1257,333,879,1043,850,2008,49,1042,1091,1763,1736,929
1924: 1713,2016,18,597,1228
1925: 
1926: 532,862,121,1762,2015,98,416,1957,267,1974,130,122,201
1927: 806,1098,596
1928: 1213,992
1929: 521,1185
1930: 1497,911
1931: 84
1932: 
1933: 559
1934: 650,1901,131,448,1825,2014,1611,1475,1587
1994: 
1936: 
1937: 601,1692
1938: 1127,770,1808,1039,167,748,196,297
1939: 386,1769,717
1940: 614,1019,1810
1941: 1211,709,1585
1942: 
1943: 97,1163
1944: 
1945: 1318,965,365,2007,54,1823
1946: 
1947: 
1948: 
1949: 
1950: 785
1951: 1797
1952: 704,951,707
1953: 1433
1954: 1226
1955: 
1956: 
1957: 532,862,121,1762,2015,98,416,267,1974,122,1926,201,13
1958: 
1959: 
1960: 
1961: 179,1520,2019,1419,940,1578,1977,956,670,435,1568
1962: 675
1963: 1715,1325,1188,1793,1481,1531,1197,749
1964: 
1965: 1978,1013,313