0: 1893,820
1: 
2: 
3: 1807
4: 1486,1449
5: 1809
6: 
7: 1810,1225,2013,842,582,58,777,227,1745,1331,1338,1496,12,514
8: 
9: 645,1364
10: 691
11: 
12: 808,1224,314,1810,1225,86,2013,842,582,26,7,1857,58,777,227,1745,1331,1863,1338,1541,1496,514
13: 1622,98,769,201,121,2015,1926,130,1360,1883,122,1762,1957,267,532
14: 681,1479,786
15: 
16: 749,1715,689
17: 1003,1839
18: 1295,1924,2016,1228,1381,206,597,1713
19: 1911
20: 
21: 
22: 
23: 1856,1414,1231
24: 1675,241
25: 133,1450,1922
26: 808,1224,314,1810,1225,86,2013,842,1857,777,227,1745,1331,1863,1338,1496,12
27: 
28: 1180,1226
29: 1102,1031
30: 1534,403,1288,1614,727,331,2009
31: 
32: 
33: 575,440
34: 568,1105
35: 
36: 372,764,906,1748,1516
37: 1218,464
38: 805
39: 1792,867
40: 
41: 
42: 
43: 
44: 
45: 
46: 875,350
47: 83,1429,123,156,2017,1079,1774,1560,949,1752,163,692,1394
48: 
49: 1275,100,1783,1091,208,2008,1167,249,1992,1042,1896,1029,1257
50: 
51: 979,1665
52: 
53: 
54: 365,2007,463,1988,1823,1318,965
55: 1765,374
56: 1044,96,974
57: 1365
58: 1224,314,1225,86,2013,842,582,7,1857,777,227,1745,1331,1541,1496,12,514
59: 
60: 
61: 1355,824,876
62: 1099,1579,193,1163,833,2004,1484,1595,361,1710
63: 
64: 
65: 175,1905
66: 
67: 
68: 529,1368,1436,1239
69: 
70: 1443,1084,971
71: 1605,545,878
72: 
73: 442,1629
74: 874,475,270,1737,184,2011,1523,1853,528,1435
75: 953,1379,1047
76: 255
77: 1005,1770,1434,2001,657,754,1276,1787
78: 
79: 
80: 1337
81: 785,1950
82: 1220
83: 1429,123,156,2017,1079,856,1774,1560,949,1752,163,47,1588,692,1394
84: 402
85: 
86: 808,1224,314,1810,1225,2013,842,582,26,1857,58,777,227,1745,1331,1338,1541,1496,12
87: 1719,1240,1816,1308,2002
88: 
89: 1247,1147
90: 
91: 
92: 
93: 301
94: 
95: 
96: 1044,56,974
97: 798,614,1088,1764
98: 1622,769,121,2015,1926,130,1360,13,1883
99: 
100: 1275,49,1783,1091,208,1763,2008,1167,1061,249,1992,1060,1042,1043,333,1896,1029,1257
1978: 
102: 438,252,1817
103: 1208
104: 
105: 120
106: 
107: 174,415
108: 
109: 
110: 
111: 1170,1657
112: 1383,1099,1579,1163,2004,1595,361,1858,1884,1972,1997,1677,882
113: 287,1576,1406,751
114: 
115: 748,1427,167,450,1898,452,297,1613,1055
116: 1519,117,292,1600
117: 116,642,1173,1519,292,1600
118: 
119: 1089,1769,386
120: 1506,105
121: 1622,98,769,201,2015,1926,130,1360,416,13,1883,122,1762,1957,532
122: 1622,769,201,121,2015,1926,130,1360,416,13,1883,1762,1957,1974,267,862,532
123: 83,1429,156,2017,1079,856,1774,1560,949,163,47,1588,1280,1394
124: 
125: 
126: 
127: 398,1981
128: 
129: 1492,1245,1046,266
130: 1622,98,769,201,121,2015,1926,1360,13,1883,122,1762,1957,532
131: 2014,448,1825,1934,1901,650,1587,1475
132: 1800
133: 1450,926,25,1922
134: 1013,1965
135: 844,480
136: 1103,1341,1469
137: 
138: 1036,1285,987
139: 1759
140: 1698,1658
141: 
1963: 689,1683
143: 
144: 
145: 225,1490
146: 1308,296,2002
147: 
148: 1711,1478
149: 439,1666
150: 975
151: 1990,1500
152: 1279
153: 
154: 
155: 1495,492,1333,636
156: 83,1429,123,2017,1079,856,1774,1560,949,1752,163,47,1588,692,1394
157: 328,1862
158: 1751
159: 
1957: 1622,201,121,2015,1926,130,1360,416,13,1883,122,1762,267,532
161: 
162: 673,787,344
163: 83,1429,123,156,2017,1079,856,1774,1560,949,1752,47,1588,1280
1998: 
165: 
166: 1955,1316
167: 748,450,1898,452,297,115,1613
168: 708,1051
169: 
170: 1933,594
171: 733,1504,1968,1987
172: 1464
173: 
174: 107,415
175: 1397,65,1905
176: 
177: 
178: 1288,2009,1166,1892,403,1971
179: 956,670,1961,1578,2019,1520,1128,435,1568
180: 477
181: 1183
182: 
183: 
184: 874,475,270,1737,74,2011,1523,1853,528,1435
185: 1938,1055,1427,1613
186: 368,1645,1493
1975: 1652
188: 
2001: 1005,1770,1434,942,1902,1799,657,1040,754,1678,1276,77,1787
190: 
191: 202
192: 1256,821,1599,1533,2012,238,293,1332,1948,1424,730,1564,417,1482
193: 1099,1579,1163,62,833,2004,1484,1595
194: 1679,587,1301
195: 
196: 
197: 
198: 1330
199: 517
200: 
201: 1622,121,2015,1926,130,1360,416,13,122,1762,1957,1974,267,532
202: 1140,406,191
203: 1920
204: 1889,873,1758
205: 
206: 1295,1924,2016,1724,1228,1381,18,597,1713
207: 
208: 1736,1091,1598,1923,1763,2008,929,1167,1061,1992,1060,1042,333,1896,1029,1257,850,1275,49,100
209: 
210: 549
211: 1252,1941,1585,1074,404
212: 
213: 1081,788
214: 
215: 359,1106,524
216: 1187
217: 2000,1550,939
218: 
219: 340,790
220: 1633,441,236,807,2003,1179,491,1575,1417
221: 1476,1004,816,985,2010,1116,319,1123,963,780,1120,233,811
222: 264,535
223: 1070,1463
224: 744,1235
225: 145,1490
226: 
227: 808,1224,314,1810,1225,86,2013,842,582,26,7,1857,58,777,1745,1331,1541,1496,12,514
228: 1740,986
229: 870
230: 
231: 1222,859,1973,604,1894,891
232: 345,1329
233: 1120,811,1004,816,2010,221,1116,319,1123,963,780
234: 
235: 
236: 1633,1591,1324,928,807,2003,795,1179,1260,220,1217,558,426
237: 
238: 1256,821,1895,351,2012,192,293,1332,1424,730,1564,417,1482
239: 1033,2005,1676,1315,1407,1032,286,303,1233
240: 
241: 1675,24
242: 
243: 1714,1725
244: 1928,400,1213
245: 
246: 1958
247: 1270,1215,504
248: 
249: 1763,2008,1167,1992,1042,879,1521,1043,333,1896,1029,1257,850,1091,1275,49,100,1783
250: 738,967
251: 
252: 438,102
253: 
254: 
255: 533,76,1572
256: 948,1760
257: 513
258: 539
259: 1567
260: 
261: 1499,1349
262: 814
263: 
264: 222,535
265: 776
266: 129,1245,1046
267: 1974,862,532,1622,201,2015,1926,416,13,122,1762,1957
268: 
269: 420,1335,952
270: 874,475,1737,184,74,2011,1523,1853,528
271: 1401
272: 459,1920
273: 
274: 
275: 
276: 
277: 911,593,1537
278: 1921,980,1791
279: 1512,299
280: 1865,335
281: 
282: 
283: 1271
284: 
285: 
286: 1033,239,2005,1676,1315,1407,1032,303,1233
287: 1576,751,113
288: 
289: 
290: 
291: 847,1885,1473,322
292: 116,642,1173,1519,117,1600
293: 1256,821,1599,1895,351,1533,2012,1859,192,238,1332,1948,1424,730,1564,417,1482
294: 
295: 
296: 666,2002,499,886,146
297: 167,450,1898,115,1613
298: 1738,599,1646
299: 279,1512
300: 1518,800
301: 631,93,1699
302: 1110,1095,633,1855
303: 1033,239,2005,1676,1315,1407,1032,286,1233
304: 
305: 772
306: 1389,1253,734
307: 746,1828
308: 
309: 
310: 1497,1778
311: 922,1307
312: 605,1176
313: 
314: 808,1224,1225,86,2013,842,582,26,1857,58,777,227,1745,1331,1541,1496,12,514,567
315: 740
1993: 
317: 1822
318: 1873
319: 1476,1004,816,936,985,2010,221,1116,1554,1123,963,780,1024,1120,233,811,1641
320: 
321: 
322: 847,1885,1473,291
323: 1620,880
324: 
325: 
326: 
1953: 1433
328: 1862,157
329: 
330: 
331: 1288,1614,727,2009,1534,403,30
332: 
333: 1763,2008,1167,1061,249,1992,1060,1042,879,1521,1043,1896,1029,1091,1598,1923,208,100
334: 1706,1876,1502,992,1443,971
335: 280
336: 683,941,1743
337: 1744,1254
338: 1059
339: 784,1789
340: 790,219
341: 1261,759,966,570,1072
342: 1361
343: 1205,872
344: 787,162,673
345: 232,1329
346: 
347: 1832,959
348: 661
349: 1664
350: 875,46
351: 1256,821,1599,1895,1533,2012,1859,238,293,1332,1948,1424,730,1564,417,1482
352: 
1970: 
354: 
355: 
356: 
357: 
358: 
359: 215
360: 
361: 1383,1099,1579,62,2004,112,1595,1858,1972,1997,1677,882
362: 
363: 496
364: 
365: 2007,463,1988,1823,1318,965,54,408
366: 
367: 884
368: 186,1645,1493
369: 1229
370: 
371: 
372: 36,764,906,1748,1516
373: 
374: 1398,1765,710,55
375: 
376: 804,493,2018,1027,1983,1159,699,618,1577,1189
377: 497
378: 
379: 
380: 1287,627,608
381: 
382: 
383: 
384: 
1974: 267,862,532,201,2015,1926,416,122,1762
386: 1089,1769,119
387: 
388: 
389: 1030
390: 654
391: 1648,1048
392: 1376,1339
393: 
394: 1584,1126,1409
395: 1066,664
396: 803
397: 
398: 127,1981
399: 607,1642
400: 1213,1928,244
401: 
402: 84
403: 1534,1892,1971,30,1288,1614,178,727,331,2009,1166
404: 643,709,211,1074
405: 1049,827,1483
406: 1140,202
1958: 246
408: 365,2007,463,1988,1823,1318,965,1945
409: 
410: 
411: 1643
412: 
413: 700,1164
414: 
415: 174,107
416: 1622,769,201,121,2015,1926,122,1762,1957,1974,267,862,532
417: 1256,821,1599,1895,351,1533,2012,1859,192,238,293,1332,1948,1424,730,1564,1482
418: 
419: 
420: 269,1335,952
421: 
422: 630
423: 
424: 
425: 
426: 1633,1591,1324,236,2003,1260,558
427: 1653,1618
428: 1703,892
1956: 1589,1210
430: 
431: 554,1431
432: 
433: 
434: 
435: 2019,1520,1977,1128,1419,956,670,179,1961,1578,940,1568
436: 
437: 1630,1549
438: 252,102,1817
439: 1666,149
440: 575,33
441: 807,2003,1179,220,491
442: 73,1629
443: 
444: 1640,839,1352,1458
445: 1392,1072,1261,966,570,762,715
446: 
447: 
448: 2014,131,1825,1934,1901,1587,1475
449: 
450: 748,1427,167,1898,452,297,115,1613,1055
451: 
452: 748,1427,167,450,1898,115,1613
453: 1127
454: 1248,456
455: 
456: 1248,454,1882,829
457: 
458: 903,1485
459: 272,1920
460: 
461: 1586,521
462: 
463: 365,2007,1988,1823,1318,965,54,1945,408
464: 37,1218
465: 1127
466: 1310
1945: 2007,463,1988,1823,1318,965,408
468: 
469: 1351
470: 1430
471: 885,1327
472: 
473: 1848,1221
474: 
475: 874,270,1737,184,74,2011,1523,528
476: 1833,659
477: 180
478: 
479: 
480: 844,135
481: 577,726,1962,1385,1729
482: 1432,1712,2000,1160,1130,1015,1602
483: 1474,1227
1980: 
485: 
486: 
487: 1000,836,732,1529,2006,564,1555,494,1399,653,573,935
488: 
489: 
490: 1270,1215,1258
491: 1633,441,807,2003,1179,220,1575,1417
492: 1495,155,1333,636
493: 2018,1027,1356,1840,831,1983,1322,699,376
494: 487,836,732,1529,2006,1555,1399,653,573,935
495: 
496: 363
497: 377
1946: 
499: 886,296,666,2002
500: 
501: 
502: 1704
503: 
504: 1118,247
2010: 1476,1004,816,936,985,221,1116,319,1554,1123,963,780,1024,1120,233,811,1446,1641
506: 
507: 1342
508: 
509: 646,1692,601
510: 
511: 1207
512: 883
513: 257
514: 1224,314,1225,2013,582,7,1857,58,777,227,1745,1331,1541,12,567
515: 776,1979
516: 
517: 199
518: 1994,1366,1850
519: 
520: 
521: 1586,461
1977: 2019,1520,1128,1419,435,1578,940,1568
523: 677,705
524: 1106,215
525: 
526: 
527: 
528: 1523,1853,1435,874,475,270,1737,184,74,2011
529: 1368,68,1436,1239
530: 
531: 1702
532: 1974,267,1622,201,121,2015,1926,130,1360,416,13,1883,122,1762,1957
533: 255,1572
534: 
535: 222,264
536: 
2003: 1633,1591,1324,441,928,236,807,795,1179,1260,220,1217,558,491,1575,426,1417
538: 1625
539: 258
540: 705
541: 
542: 
543: 
544: 
545: 1605,71,878
546: 
547: 1982,1869,843,1805,1874
548: 
549: 210
1997: 1677,1710,2004,112,1595,361,1884,1972,882
551: 
552: 1142
553: 1025,982,970,1470,1022
554: 431
555: 
556: 1727
557: 
558: 1633,1591,1324,928,236,807,2003,795,1260,1217,426
559: 590,1933
560: 595
561: 918
562: 1767,1242,1659
563: 
564: 487,1000,836,732,1529,2006,1399,573,935
565: 
566: 1725
567: 1224,314,1225,2013,1857,1745,1331,1863,1338,1541,514
568: 34,1105
2013: 808,1224,314,1810,1225,86,842,582,26,7,1857,58,777,227,1745,1331,1863,1338,1541,1496,12,514,567
570: 1261,966,341,1072,1392,445,762
571: 
572: 
573: 487,1000,1529,2006,564,1555,494,1399,935
574: 
575: 440,33
576: 
577: 481,1962
578: 
579: 
580: 1269,755
581: 
582: 1224,314,1810,1225,86,2013,842,7,1857,58,777,227,1745,1331,1338,1541,1496,12,514
583: 
584: 
585: 1831
586: 
587: 1679,1301,194
588: 758,603
589: 
590: 1933,559
591: 
592: 1277,1557
593: 911,1537,277
594: 1933,170
595: 560
596: 
597: 1295,1924,2016,1724,1228,1381,18,206,1713
598: 
599: 1650,1738,298,1646
600: 733,1504,1991,1968
601: 646,1692,509
2012: 1256,821,1599,1895,351,1533,1859,192,238,293,1332,1948,1424,730,1564,417,1482
603: 758,588
604: 1894,891,231,859,1973
605: 1292,312,1176
606: 
607: 399
608: 1287,380,627
609: 
610: 818
611: 1581,669,1202
612: 
613: 837,643,709
614: 798,1088,1764,97
615: 1741
616: 1209
617: 1939,1942
618: 1577,1189,804,2018,1027,1150,1159,901,376
619: 1505
620: 
621: 1836
622: 
623: 809
624: 
625: 
626: 
627: 1287,380,608
628: 1396,1039,1808
629: 1773
630: 422
631: 301,1684,796,1699
632: 1188,1372,1021,1793,1826
633: 1110,1095,302
634: 
635: 
636: 1333,1495,155,492
637: 
638: 
639: 
640: 
641: 1914
642: 1173,1519,117,292,1600
643: 837,709,404,613
644: 1299,1009
645: 9,1364
646: 1692,601,509
647: 998
648: 
649: 
650: 1587,2014,131,1825,1934,1901,1611
651: 
652: 
653: 487,836,732,1529,2006,1555,494,1399,935
654: 390,1011
655: 1967,1828
656: 1443,1084
657: 1005,1770,1434,2001,1902,1799,754,1678,1276,77,1787
658: 
659: 1833,476
660: 
661: 348
662: 
663: 
664: 395,1066
665: 
666: 296,2002,499,886
667: 
668: 
669: 1581,611,1202
670: 956,179,1961,1578,2019,1520,1128,1419,435,1568
671: 767,1903,855
672: 
673: 162,787,344
674: 
675: 
676: 
677: 705,523
678: 988,1198,1212
679: 
680: 
681: 14,1479,786
682: 804,2018,1027,1356,1840,831,1150,1159,1322,901,699,1577
683: 941,336
684: 
685: 1432,2000,1160,1130,939
686: 
687: 914
688: 691
689: 1963,749,16
690: 
691: 10,688
692: 83,1429,156,2017,1079,1560,1752,47,1394
693: 
694: 
695: 1811
696: 
697: 
698: 
699: 804,682,493,2018,1027,1356,1840,831,1983,1159,1322,901,376,1189
700: 413,1164
701: 
2009: 1288,1614,178,727,331,1166,1534,1892,403,1971,30
703: 1819
704: 
705: 677,540,523
706: 
707: 1798
708: 168,1057,1051
709: 837,643,404,613,1074
710: 1398,1765,374
711: 
712: 
713: 
2011: 874,475,270,1737,184,74,1523,1853,528,1435
715: 445,762
716: 
717: 
718: 
719: 
720: 
721: 
722: 
723: 1147
724: 
725: 
726: 481,1962,1385
727: 1288,1614,331,2009,1534,403,30
728: 1634
729: 
730: 1256,821,1599,351,1533,2012,192,238,293,1332,1948,1424,1564,417
731: 828
732: 487,1000,836,1529,2006,564,1555,494,1399,653,935
733: 1504,600,1991,1968,171
734: 1389,306
735: 
1983: 493,2018,1027,1356,1840,831,1159,699,376
737: 
738: 250,967
739: 
740: 315
741: 1363
1989: 
743: 1115
744: 224,1235
745: 
746: 1967,307,1828
747: 1626,1053,1367,1768
748: 1427,167,450,1898,452,115,1613,1938,1055
749: 1715,16,689
750: 1644
751: 287,1576,1406,113
752: 981,904
753: 
754: 1005,1770,1434,2001,1902,1799,657,1040,1678,77
755: 1269,580
756: 
757: 1844,1592
758: 588,603
759: 966,341,1548,1072
760: 1355,824,876
761: 
762: 1261,570,445,715
763: 
764: 372,36,906,1748,1516
765: 
766: 1597,932
767: 671,1903,855
768: 
769: 1622,98,121,2015,1926,130,416,13,1883,122,1762
770: 
771: 
772: 305
773: 1645
774: 1527
775: 
776: 265,1979,515
777: 808,1224,314,1810,1225,86,2013,842,582,26,7,1857,58,227,1745,1331,1863,1338,1541,1496,12,514
2015: 1622,98,769,201,121,1926,130,1360,416,13,1883,122,1762,1957,1974,267,862,532
779: 
780: 1476,1004,816,936,985,2010,221,1116,319,1554,1024,1120,233,811,1446,1641
781: 
782: 
783: 
784: 339,1789
785: 1950,81
786: 1181,681,14,1479
787: 344,162,673
788: 213,1081
789: 
790: 340,219
791: 
792: 
793: 
794: 1151
795: 928,236,807,2003,1260,1217,558
796: 1699,631,1684,1267
797: 
798: 614,1088,1764,97
799: 
800: 300,1518
801: 
802: 
803: 396
804: 682,2018,1027,1840,1150,1159,901,699,376,618,1577,1189
805: 38
806: 
807: 1633,1324,441,928,236,2003,795,1260,220,1217,558,491,1575
808: 1224,314,1810,1225,86,2013,842,26,1857,777,227,1331,1863,1338,1541,1496,12
809: 623
810: 
811: 1120,233,1476,1004,2010,221,1116,319,1554,780,1024,1446,1641
812: 
813: 
814: 262
815: 
816: 1004,985,2010,221,1116,319,1123,963,780,1120,233
817: 1014
818: 610
819: 
820: 0,1893
821: 1256,1599,1895,351,1533,2012,192,238,293,1332,1948,1424,730,1564,417,1482
822: 913
823: 
824: 61,760,1355,876
2017: 83,1429,123,156,1079,856,1774,1560,949,1752,163,47,1588,1280,692,1394
826: 
827: 1049,1483,405
828: 731
829: 1882,1248,456
830: 
831: 682,493,2018,1356,1840,1983,1322,699
832: 1722
833: 1383,1099,1579,193,1163,62,2004,1484,1595
834: 1670,1612
835: 
836: 487,1000,732,1529,2006,564,1555,494,1399,653,935
837: 643,709,613
1985: 
839: 1640,1352,444
1984: 1136,1661
841: 
842: 808,1224,314,1810,1225,86,2013,582,26,7,1857,58,777,227,1331,1338,1541,1496,12
843: 1982,1869,1805,547,1874
844: 480,135
845: 
846: 1017,1131
847: 1885,1473,322,291
2004: 1383,1099,1579,193,1163,62,833,1484,112,1595,361,1858,1884,1972,1997,1677,1710,882
849: 
850: 1763,2008,929,1167,1061,249,1992,1060,1042,879,1521,1896,1029,1257,1736,1091,1598,1923,208,1275,1783
851: 
852: 1733
853: 
854: 
855: 671,767
856: 83,123,156,2017,1079,1774,1560,949,163,1588,1280
857: 
858: 
859: 1222,231,1973,604,1894,891
860: 
861: 
862: 1974,267,2015,416,122
863: 
864: 
865: 
866: 1491,917
867: 1792,39
868: 
1950: 785,81
870: 229
871: 
872: 1205,343
873: 1889,1758,204
874: 475,270,1737,184,74,2011,1523,528
875: 46,350
876: 61,760,1355,824
877: 
878: 1605,545,71
879: 1763,2008,929,1167,1061,249,1992,1060,1042,1521,1043,333,1896,1029,850,1091,1598
880: 323,1620
881: 1319,1139
882: 1383,2004,112,1595,361,1858,1884,1972,1997,1677
883: 512
884: 367
885: 471,1327
886: 499,296,666,2002
887: 
888: 
889: 1580
890: 1824,945,1119
891: 604,1894,231,859,1973
892: 1703,428
893: 1384
894: 1674
895: 
896: 
897: 1849,1716
898: 
899: 
1960: 1753,950
901: 804,682,2018,1027,1356,1840,1150,1159,1322,699,618,1577
902: 
903: 458,1485
904: 981,752
905: 
906: 372,36,764,1748,1516
2007: 365,463,1988,1823,1318,965,54,1945,408
908: 
909: 1034,1781,1083
910: 
911: 593,1537,277
912: 1871,1927
913: 822,1111
914: 687
915: 
916: 
917: 1491,866
918: 1168,561,925,1867
1959: 
920: 
1986: 
922: 311,1307
923: 1999,1403
924: 
925: 1867,918,1168
926: 133,1450
927: 1878,938,1891
928: 236,807,2003,795,1260,1217,558
929: 1763,2008,1167,1061,1992,1060,879,1521,1896,1029,1257,850,1736,1091,1598,1923,208
930: 
931: 
932: 1597,766
933: 1108
934: 
935: 487,1000,836,732,1529,2006,564,1555,494,1399,653,573
936: 1476,985,2010,1116,319,1554,780,1024,1641
937: 1908,1444,1234
938: 1878,927,1891
939: 1272,1432,2000,1160,1550,217,685
940: 1568,1578,2019,1977,435
941: 683,336,1743,1203,1428
942: 2001,1902,1799,1040,1678
943: 
944: 
945: 1824,890,1119
946: 
947: 
948: 256
949: 83,1429,123,156,2017,1079,856,1774,1560,1752,163,47,1588,1280,1394
950: 1753,1960
951: 
952: 1335,420,269
953: 75,1379,1047,1405,1135
954: 
955: 
956: 670,179,1961,1578,2019,1520,1128,1419,435
957: 
958: 1660,1654,1038
959: 347,1016
960: 
961: 1437
962: 
963: 1004,816,2010,221,1116,319,1123,1120,233
964: 
965: 365,2007,463,1988,1823,1318,54,1945,408
966: 1261,759,341,570,1072,1392,445
967: 738,250
968: 
969: 
970: 1317,982,1635,1470,1022,1025,553
971: 1443,70,1084,1876,1502,334
1965: 1013,134
973: 1524,1488,1777
974: 1044,56,96
975: 150
976: 
977: 
978: 
979: 1665,51
980: 1921,278,1791
981: 904,752
982: 1317,970,1635,1470,1022,1025,553
983: 
984: 
985: 1476,1004,816,936,2010,221,1116,319,1554,1123,780,1120
986: 1740,228
987: 138,1036,1285
988: 1198,678,1212
989: 
990: 
991: 
992: 1706,1876,1502,334
993: 
994: 
995: 
996: 
997: 
998: 647
999: 
1000: 487,836,732,1529,2006,564,1555,1399,573,935
1001: 1408,1668
1002: 
1003: 17,1839
1004: 1476,816,985,2010,221,1116,319,1123,963,780,1120,233,811
1005: 1770,1434,2001,1902,1799,657,754,1678,1276,77,1787
1006: 1050
1952: 1566
1008: 
1009: 1299,644
1010: 
1011: 654
1012: 
1013: 134,1965
1014: 817
1015: 1272,1432,1712,2000,1160,1130,482,1602
1016: 959
1017: 846,1131
1018: 
1019: 
1020: 
1021: 632,1188,1372,1793
1022: 1317,982,970,1470,1025,553
1023: 
1024: 1476,936,2010,1116,319,1554,780,1120,811,1446,1641
1025: 553,982,970,1635,1470,1022
1026: 
1027: 804,682,493,2018,1356,1840,1150,1983,1159,1322,901,699,376,618,1577,1189
1028: 1637
1029: 1763,2008,929,1167,1061,249,1992,1060,1042,879,1521,1043,333,1896,1257,850,1736,1091,1598,1923,208,1275,49,100,1783
1030: 389
1031: 1102,29
1032: 1033,239,2005,1676,1315,1407,286,303,1233
1033: 239,2005,1676,1315,1032,286,303,1233
1034: 1781,1083,909
1035: 
1036: 138,1285,987
1037: 
1038: 1660,958,1654
1039: 1396,628,1808
1040: 1434,2001,942,1902,1799,754,1678
1041: 1794
1042: 1763,2008,1167,1061,249,1992,1060,879,1521,1043,333,1896,1029,1257,850,1091,1598,1923,208,1275,49,100,1783
1043: 1763,2008,1167,1061,249,1992,1060,1042,879,1521,333,1896,1029,100,1783
1044: 56,96,974
1045: 
1046: 129,1245,266
1047: 75,953,1379,1405
1048: 1648,391
1049: 827,1483,405
1050: 1006
1051: 708,168,1057
1052: 
1053: 747,1626,1367,1768
1054: 
1055: 185,1938,748,1427,450,1898,115,1613
1056: 1718,1682
1057: 708,1051
1058: 
1059: 338
1060: 1763,2008,929,1167,1061,1992,1042,879,1521,1043,333,1896,1029,850,1091,1598,1923,208,100
1061: 1763,2008,929,1167,1992,1060,1042,879,1521,1043,333,1896,1029,1257,850,1736,1091,1598,1923,208,1275,100
1062: 
1063: 
1064: 
1065: 
1066: 395,664
1067: 
1068: 
1069: 
1070: 223,1463
1071: 
1072: 1261,759,966,341,570,1392,445
1073: 
1074: 1941,211,1585,709,404
1075: 
1979: 776,515
1077: 
1078: 
1079: 83,1429,123,156,2017,856,1774,1560,949,1752,163,47,1588,692,1394
1080: 
1081: 213,788
1082: 
1083: 1034,1781,909
1084: 1443,70,656,971,1502
1973: 1525,1222,1192,231,859,604,1894,891
2002: 296,666,499,886,146,1816,1308,1719,1240,87
1087: 
1088: 798,614,1764,97
1089: 1769,119,386
1948: 1256,821,1599,351,1533,2012,1859,192,293,1332,1424,730,1564,417
1091: 1736,1598,1923,208,1763,2008,929,1167,1061,249,1992,1060,1042,879,1521,333,1896,1029,1257,850,1275,49,100,1783
1092: 
1093: 1393,1413,1601
1094: 
1095: 1110,302,633,1855
1096: 
1097: 
1098: 
1099: 1383,1579,193,1163,62,833,2004,1484,112,1595,361,1858
1100: 
1988: 365,2007,463,1823,1318,965,54,1945,408
1102: 1031,29
1103: 1341,136,1469
1104: 
1105: 568,34
1106: 524,215
1107: 
1108: 933
1109: 
1110: 1095,302,633,1855
1111: 913
1112: 
1113: 
1114: 
1115: 743
1116: 1476,1004,816,936,985,2010,221,319,1554,1123,963,780,1024,1120,233,811
1117: 
1118: 504
1119: 1824,890,945
1120: 233,811,1476,1004,816,985,2010,221,1116,319,1554,1123,963,780,1024
1121: 
1122: 
1123: 1004,816,985,2010,221,1116,319,963,1120,233
1124: 1943,1964
1125: 
1126: 1584,1409,394
1127: 465,453,1200
1128: 2019,1520,1977,1419,435,956,670,179,1961,1578,1568
1129: 
1130: 1432,1712,2000,1160,1015,482,685,1602
1131: 846,1017
1132: 
1133: 
1134: 
1135: 953,1379
1136: 1984,1661
1991: 733,1504,1610,600,1968
1138: 1574
1139: 881,1319
1140: 406,202
1141: 
1142: 1211,552
1143: 
1144: 
1145: 1835
1146: 
1147: 1247,89,723
1148: 1635
1962: 481,577,726,1385
1150: 804,682,2018,1027,1840,1159,1322,901,618,1577,1189
1151: 794
1152: 
1153: 
1154: 
1155: 1362,1265
2019: 1520,1977,1128,1419,435,956,670,179,1961,1578,940,1568
1157: 
1158: 
1159: 804,682,2018,1027,1356,1840,1150,1983,1322,901,699,376,618,1577,1189
1160: 1432,1712,2000,1130,1015,482,939,685,1602
1161: 
1162: 
1163: 1383,1099,1579,193,62,833,2004,1484,112,1595,1858,1677
1164: 700,413
1165: 
1166: 1288,178,2009,1892,403,1971
1167: 1763,2008,929,1061,249,1992,1060,1042,879,1521,1043,333,1896,1029,1257,850,1091,208,1275,49,100,1783
1168: 918,925,1867
1967: 655,746,1828
1170: 1657,111
1171: 
1172: 
1173: 642,1519,117,292,1600
1174: 
1175: 1452
1176: 1292,312,605
1177: 
1178: 
1179: 1633,1591,441,236,2003,220,491,1575,1417
1180: 28,1439,1226
1181: 786
1182: 
1183: 181
1184: 1552,1841
1185: 
1186: 
1187: 216
1188: 632,1372,1021,1793
1189: 618,1577,804,2018,1027,1150,1159,699,376
1190: 
1191: 
1192: 1525,1222,1973
1193: 
1194: 
1195: 
1196: 
1197: 
1198: 988,678,1212
1199: 
1200: 1127
1201: 
1202: 1581,669,611
1203: 1428,941
1204: 
1205: 343,872
1987: 1498,171
1207: 511
1208: 103
1209: 616
1210: 1589,1956
1211: 1142
1212: 988,1198,678
1213: 400,1928,244
1214: 
1215: 490,247,1270,1258
1216: 
1217: 928,236,807,2003,795,1260,558
1218: 37,464
1219: 
1220: 82,1698
1221: 1848,473
1222: 1525,1192,231,859,1973
1223: 
1224: 808,314,1810,1225,86,2013,842,582,26,1857,58,777,227,1745,1331,1863,1338,1541,12,514,567
1225: 808,1224,314,1810,86,2013,842,582,26,7,1857,58,777,227,1745,1331,1863,1338,1541,12,514,567
1226: 1439,28,1180
1227: 1474,483
1228: 1295,1924,2016,1724,1381,18,206,597,1713
1229: 369
1230: 1632,1344,1832
1231: 1414,23,1856
1232: 
1233: 1033,239,2005,1676,1315,1407,1032,286,303
1234: 937,1908,1444
1235: 224,744
1236: 
1237: 
1238: 
1239: 529,1368,68,1436
1240: 1719,87,1308,2002
1241: 
1242: 1659,562,1767
1243: 
1244: 
1245: 129,1492,1046,266
1246: 1582
1247: 89,1147
1248: 456,454,1882,829
1249: 
1250: 
1251: 
1252: 1941,211,1585
1253: 1389,306
1254: 1744,337
1255: 
1256: 821,1895,351,1533,2012,1859,192,238,293,1332,1948,1424,730,1564,417,1482
1257: 1763,2008,929,1167,1061,249,1992,1042,1521,1896,1029,850,1736,1091,1598,1923,208,1275,49,100,1783
1258: 490,1270,1215
1259: 
1260: 1633,1591,1324,928,236,807,2003,795,1217,558,426
1261: 966,341,570,1072,1392,445,762
1262: 1679,1301
1263: 
1264: 
1265: 1155,1362
1266: 
1267: 1472,1684,796
1268: 
1269: 755,580
1270: 490,247,1215,1258
1271: 283
1272: 1432,1345,1712,2000,1015,1550,939
1273: 
1274: 
1275: 49,100,1783,1736,1091,208,1763,2008,1167,1061,249,1992,1042,1896,1029,1257,850
1276: 1005,1770,1434,2001,657,1678,77,1787
1277: 592,1557
1278: 
1279: 152
1280: 123,2017,856,1774,1560,949,163,1588
1281: 
1282: 
1283: 
1284: 1623
1285: 138,1036,987
1961: 956,670,179,1578,2019,1520,1128,1419,435,1568
1287: 380,627,608
1288: 1614,178,727,331,2009,1166,1534,1892,403,1971,30
1289: 1420,1306
1290: 
1291: 
1292: 605,1176
1293: 
1294: 
1295: 1924,2016,1724,1228,1381,18,206,597
1296: 1358
1297: 
1298: 
1299: 644,1009
1300: 
1301: 1679,587,194,1262
1302: 
1303: 
1954: 
1305: 1747
1306: 1289,1420
1307: 311,922
1308: 1816,146,2002,1719,1240,87
1309: 
1310: 466
1311: 
1312: 
1313: 1623
1314: 
1315: 1033,239,2005,1676,1032,286,303,1233
1316: 166,1955
1317: 982,970,1635,1470,1022
1318: 365,2007,463,1988,1823,965,54,1945,408
1319: 881,1139
2014: 131,448,1825,1934,1901,650,1587,1611,1475
1321: 1818,1481
1322: 682,493,2018,1027,1356,1840,831,1150,1159,901,699
1323: 
1324: 1633,1591,236,807,2003,1260,558,1575,426,1417
1325: 
1326: 
1327: 885,471
1328: 
1329: 232,345
1330: 198
1331: 808,1224,314,1810,1225,86,2013,842,582,26,7,1857,58,777,227,1745,1863,1338,1541,1496,12,514,567
1332: 1256,821,1599,1895,351,1533,2012,1859,192,238,293,1948,1424,730,1564,417,1482
1333: 636,155,492
1334: 
1335: 952,420,269
1336: 
1337: 80
1338: 808,1224,1810,1225,86,2013,842,582,26,7,1857,777,1745,1331,1863,1496,12,567
1339: 1376,392
1340: 
1341: 1103,136,1469
1342: 507
1343: 
1344: 1832,1230,1632
1345: 1272,1712,2000
1346: 
1347: 
1348: 
1349: 261,1499
1350: 
1351: 469
1352: 1640,839,444
1353: 
1354: 1604
1355: 61,760,824,876
1356: 682,493,2018,1027,1840,831,1983,1159,1322,901,699
1951: 1551,1391
1358: 1296
1359: 
1360: 1622,98,201,121,2015,1926,130,13,1883,122,1957,532
1361: 342
1362: 1155,1265
1363: 741
1364: 9,645
1365: 57
1366: 1994,518,1850
1367: 747,1626,1053,1768
1368: 529,68,1436,1239
1369: 
1370: 
1371: 
1372: 632,1188,1021,1793
1373: 
1996: 
1375: 
1376: 392,1339
1377: 
1378: 
1379: 75,953,1047,1405,1135
1380: 
1381: 1295,1924,2016,1228,18,206,597,1713
1382: 
1383: 1099,1579,1163,833,2004,1484,112,1595,361,1858,1884,1972,1677,882
1384: 893
1385: 481,726,1962,1729
1386: 
1387: 
1388: 
1389: 1253,306,734
1390: 
1391: 1951
1392: 445,1072,1261,966,570
1393: 1093,1413,1601
1394: 83,1429,123,156,2017,1079,1774,1560,949,1752,47,1588,692
1395: 
1396: 628,1039,1808
1397: 175,1639,1905
1398: 1765,374,710
1399: 487,1000,836,732,1529,2006,564,1555,494,653,573,935
1400: 
1401: 271
1402: 
1403: 1999,923
1404: 
1405: 953,1379,1047
1406: 1576,751,113
1407: 239,2005,1676,1032,286,303,1233
1408: 1001,1668
1409: 1584,1126,394
1410: 
1411: 
1412: 
1413: 1393,1093,1601
1414: 1231,23,1856
1415: 
1416: 
1417: 1633,1591,1324,2003,1179,220,491,1575
1418: 
1419: 2019,1520,1977,1128,435,956,670,1961,1578,1568
1420: 1289,1306
1421: 
1422: 1861
1992: 1763,2008,929,1167,1061,249,1060,1042,879,1521,1043,333,1896,1029,1257,850,1736,1091,1598,208,1275,49,100,1783
1424: 1256,821,1599,1895,351,1533,2012,1859,192,238,293,1332,1948,730,1564,417,1482
1425: 
1426: 
1427: 748,450,1898,452,115,1613,185,1938,1055
1428: 1203,941,1743
1429: 83,123,156,2017,1079,1774,1560,949,1752,163,47,1588,692,1394
1430: 470
1431: 431
1432: 1272,1712,2000,1160,1130,1015,482,939,685,1602
1433: 1953
1434: 1005,1770,2001,1902,1799,657,1040,754,1678,1276,77,1787
1435: 1523,1853,528,184,74,2011
1436: 529,1368,68,1239
1437: 961
1438: 
1439: 1226,1180
1440: 
1441: 
1949: 
1443: 70,1084,656,971,1502,334
1444: 937,1908,1234
1445: 
1446: 811,1476,2010,1554,780,1024,1641
1447: 
1448: 
1449: 4,1486
1450: 133,926,25,1922
1451: 
1452: 1175
1453: 
1454: 
1455: 
1456: 
1457: 
1458: 1640,444
1459: 
1460: 
2005: 1033,239,1676,1315,1407,1032,286,303,1233
1462: 
1463: 1070,223
1464: 172
1465: 
1466: 
1467: 
1468: 
1469: 1103,1341,136
1470: 1317,982,970,1635,1022,1025,553
1471: 
1472: 1684,1267
1473: 847,322,291
1474: 483,1227
1475: 1611,2014,131,448,1825,1934,1901,1587
1476: 1004,936,985,2010,221,1116,319,1554,780,1024,1120,811,1446,1641
1477: 
1478: 148,1969,1711
1479: 681,14,786
1947: 
1481: 1321,1818
1482: 1256,821,1895,351,2012,192,238,293,1332,1424,1564,417
1483: 1049,827,405
1484: 1383,1099,1579,193,1163,62,833,2004,1595,1677,1710
1485: 458,903
1486: 4,1449
1487: 
1488: 1524,1777,973
1489: 
1490: 225,145
1491: 917,866
1492: 129,1245
1493: 1645,368,186
1494: 
1495: 155,492,636
1496: 808,314,1810,86,2013,842,582,26,7,58,777,227,1331,1338,12
1497: 310,1778
1498: 1987
1499: 261,1349
1500: 151,1990
1501: 
1502: 1706,1876,334,992,1443,1084,971
1503: 
1504: 733,1610,600,1991,1968,171
1505: 619
1506: 120
1507: 
1508: 
1509: 1686
1510: 1631
1511: 
1512: 279,299
1513: 
1514: 
1515: 
1516: 372,36,764,906,1748
1517: 
1518: 300,800
1519: 116,642,1173,117,292,1600
1520: 2019,1977,1128,1419,435,956,670,179,1961,1578,1568
1521: 1763,2008,929,1167,1061,249,1992,1060,1042,879,1043,333,1896,1029,1257,850,1091,1598,1783
2008: 1763,929,1167,1061,249,1992,1060,1042,879,1521,1043,333,1896,1029,1257,850,1736,1091,1598,1923,208,1275,49,100,1783
1523: 1853,528,1435,874,475,270,1737,184,74,2011
1524: 1488,1777,973
1525: 1222,1192,1973
1526: 
1527: 774
1528: 
1529: 487,1000,836,732,2006,564,1555,494,1399,653,573,935
1530: 
1531: 
1532: 1785
1533: 1256,821,1599,351,2012,1859,192,293,1332,1948,1424,730,1564,417
1534: 1892,403,30,1288,1614,727,331,2009
1535: 
1536: 1742
1537: 911,593,277
1538: 
1539: 
1540: 
1541: 808,1224,314,1225,86,2013,842,582,1857,58,777,227,1745,1331,12,514,567
1542: 
1543: 
1544: 
1545: 
1546: 
1547: 
1548: 759
1549: 1630,437
1550: 1272,2000,939,217
1551: 1741,1951
1552: 1184,1841
1553: 
1554: 1476,936,985,2010,1116,319,780,1024,1120,811,1446,1641
1555: 487,1000,836,732,1529,2006,494,1399,653,573,935
1556: 
1557: 592,1277
1558: 
1559: 
1560: 83,1429,123,156,2017,1079,856,1774,949,1752,163,47,1588,1280,692,1394
1561: 
1562: 1606
1563: 
1564: 1256,821,1599,1895,351,1533,2012,1859,192,238,293,1332,1948,1424,730,417,1482
1565: 
1566: 1952
1567: 259
1568: 940,670,179,1961,1578,2019,1520,1977,1128,1419,435
1964: 1124,1943
1570: 
1990: 151,1500
1572: 533,255
1573: 
1574: 1138
1575: 1633,1591,1324,807,2003,1179,220,491,1417
1576: 287,1406,751,113
1577: 618,1189,804,682,2018,1027,1840,1150,1159,901,376
1578: 956,670,179,1961,2019,1520,1977,1128,1419,435,940,1568
1579: 1383,1099,193,1163,62,833,2004,1484,112,1595,361,1858,1884,1972
1580: 889
1581: 669,611,1202
1582: 1246
2016: 1295,1924,1724,1228,1381,18,206,597,1713
1584: 1126,1409,394
1585: 1252,1941,211,1074
1586: 461,521
1587: 650,2014,131,448,1825,1934,1901,1611,1475
1588: 83,1429,123,156,2017,1079,856,1774,1560,949,163,1280,1394
1589: 1210,1956
1590: 
1591: 1633,1324,236,2003,1179,1260,558,1575,426,1417
1592: 1844,757
1593: 
1594: 
1595: 1383,1099,1579,193,1163,62,833,2004,1484,112,361,1858,1997,1677,1710,882
1596: 
1597: 766,932
1598: 1736,1091,1923,208,1763,2008,929,1061,1992,1060,1042,879,1521,333,1029,1257,850
1599: 821,351,1533,2012,1859,192,293,1332,1948,1424,730,1564,417
1600: 116,642,1173,1519,117,292
1601: 1393,1093,1413
1602: 1432,1712,2000,1160,1130,1015,482
1603: 
1604: 1354
1605: 545,71,878
1606: 1562
1607: 
1608: 
1609: 
1610: 1504,1991,1968
1611: 1475,2014,1825,1934,1901,650,1587
1612: 1670,834
1613: 748,1427,167,450,1898,452,297,115,185,1938,1055
1614: 1288,727,331,2009,1534,1892,403,30
1615: 
1616: 
1617: 
1618: 1653,427
1619: 1730
1620: 323,880
1621: 
1622: 98,769,201,121,2015,1926,130,1360,416,13,1883,122,1762,1957,267,532
1623: 1284,1313
1624: 
1625: 538
1626: 747,1053,1367,1768
1627: 
1628: 
1629: 73,442
1630: 1549,437
1631: 1510
1632: 1230,1344
1633: 1591,1324,236,807,2003,1179,1260,220,558,491,1575,426,1417
1634: 728
1635: 1148,1317,982,970,1470,1025
1636: 
1637: 1028
1638: 
1639: 1397,1905
1640: 839,1352,444,1458
1641: 811,1476,936,2010,319,1554,780,1024,1446
1642: 399
1643: 411
1644: 750
1645: 773,1493,368,186
1646: 599,298
1647: 
1648: 1048,391
1649: 
1650: 1738,599
1651: 1897
1652: 1975
1653: 1618,427
1654: 1660,958,1038
1655: 
1656: 
1657: 1170,111
1658: 1698,140
1659: 1242,562,1767
1660: 958,1654,1038
1661: 1984,1136
1662: 
1663: 
1664: 349
1665: 979,51
1666: 439,149
2000: 1272,1432,1345,1712,1160,1130,1015,1550,482,939,217,685,1602
1668: 1408,1001
1669: 
1670: 1612,834
1671: 
1672: 
1673: 
1674: 894
1675: 24,241
1676: 1033,239,2005,1315,1407,1032,286,303,1233
1677: 1997,1710,1383,1163,2004,1484,112,1595,361,1858,1884,1972,882
1678: 1005,1770,1434,2001,942,1902,1799,657,1040,754,1276
1679: 587,1301,194,1262
1680: 
1681: 
1682: 1718,1056
1683: 1963
1684: 631,1472,1267,796,1699
1685: 
1686: 1509
1687: 
1688: 
1689: 
1690: 
1691: 
1692: 646,601,509
1969: 1478
1694: 
1695: 
1696: 
1697: 
1698: 1658,140,1220
1699: 796,301,631,1684
1700: 
1701: 
1702: 531
1703: 428,892
1704: 502
1705: 
1706: 1876,1502,334,992
1707: 
1708: 
1709: 
1710: 1997,1677,62,2004,1484,1595
1711: 148,1478
1712: 1272,1432,1345,2000,1160,1130,1015,482,1602
1713: 1924,2016,1228,1381,18,206,597
1714: 1725,243
1715: 749,16
1716: 1849,897
1717: 
1718: 1056,1682
1719: 1240,87,1308,2002
1720: 
1721: 
1722: 832
1723: 
1724: 1295,1924,2016,1228,206,597
1725: 1714,566,243
1726: 
1727: 556
1728: 
1729: 481,1385
1730: 1619
1731: 
1732: 
1733: 852
1734: 
1735: 
1736: 1091,1598,1923,208,1763,2008,929,1061,1992,1896,1029,1257,850,1275
1737: 874,475,270,184,74,2011,1523,1853,528
1738: 1650,599,298
1739: 
1740: 986,228
1741: 1551,615
1742: 1536
1743: 941,336,1428
1744: 337,1254
1745: 1224,314,1810,1225,86,2013,582,26,7,1857,58,777,227,1331,1863,1338,1541,12,514,567
1746: 
1747: 1305
1748: 372,36,764,906,1516
2006: 487,1000,836,732,1529,564,1555,494,1399,653,573,935
1750: 
1751: 158
1752: 83,1429,156,2017,1079,1560,949,163,47,692,1394
1753: 950,1960
1754: 1830,1854
1755: 
1756: 
1757: 
1758: 1889,873,204
1759: 139
1760: 256
1761: 
1762: 1622,769,201,121,2015,1926,130,416,13,1883,122,1957,1974,267,532
1763: 2008,929,1167,1061,249,1992,1060,1042,879,1521,1043,333,1896,1029,1257,850,1736,1091,1598,1923,208,1275,100,1783
1764: 798,614,1088,97
1765: 1398,374,710,55
1766: 
1767: 562,1242,1659
1768: 747,1626,1053,1367
1769: 1089,119,386
1770: 1005,1434,2001,1902,657,754,1678,1276,77,1787
1972: 1858,1884,1383,1579,2004,112,361,1997,1677,882
1772: 
1773: 629
1774: 83,1429,123,156,2017,1079,856,1560,949,163,47,1588,1280,1394
1775: 
1776: 
1777: 1524,1488,973
1778: 1497,310
1976: 
1780: 
1781: 1034,1083,909
1782: 
1783: 1275,49,100,1091,1763,2008,1167,249,1992,1042,1521,1043,1896,1029,1257,850
1784: 
1785: 1532
1786: 
1787: 1005,1770,1434,2001,657,1276,77
1788: 
1789: 339,784
1790: 
1791: 278,980
1792: 39,867
1793: 632,1188,1372,1021
1794: 1041
1795: 
1796: 
1797: 
1798: 707
1799: 1005,1434,2001,942,1902,657,1040,754,1678
1800: 132
1801: 
1966: 
1803: 
1804: 
1805: 1982,1869,843,547,1874
1806: 
1807: 3
1808: 1396,628,1039
1809: 5
1810: 808,1224,1225,86,2013,842,582,26,7,1857,777,227,1745,1331,1863,1338,1496,12
1811: 695
1812: 
1813: 
1814: 
1815: 
1816: 1308,2002,87
1817: 438,102
1818: 1321,1481
1819: 703
1999: 923,1403
1821: 
1822: 317
1823: 365,2007,463,1988,1318,965,54,1945,408
1824: 890,945,1119
1825: 2014,131,448,1934,1901,650,1587,1611,1475
1826: 632
1827: 
1828: 655,746,1967,307
1829: 
1830: 1754,1854
1831: 585
1832: 1344,347,1230
1833: 659,476
1834: 
1835: 1145
1836: 621
1837: 
1838: 
1839: 1003,17
1840: 804,682,493,2018,1027,1356,831,1150,1983,1159,1322,901,699,1577
1841: 1552,1184
1842: 
2018: 804,682,493,1027,1356,1840,831,1150,1983,1159,1322,901,699,376,618,1577,1189
1844: 757,1592
1845: 
1846: 
1847: 
1848: 473,1221
1849: 1716,897
1850: 1994,518,1366
1851: 
1852: 
1853: 1523,528,1435,270,1737,184,74,2011
1854: 1830,1754
1855: 1110,1095,302
1856: 23,1414,1231
1857: 808,1224,314,1810,1225,86,2013,842,582,26,58,777,227,1745,1331,1863,1338,1541,12,514,567
1858: 1884,1972,1383,1099,1579,1163,2004,112,1595,361,1677,882
1859: 1256,1599,1895,351,1533,2012,293,1332,1948,1424,1564,417
1860: 
1861: 1422
1862: 328,157
1863: 808,1224,1810,1225,2013,26,1857,777,1745,1331,1338,12,567
1864: 
1865: 280
1866: 
1867: 925,918,1168
1868: 
1869: 1982,843,1805,547,1874
1870: 
1871: 912,1927
1872: 
1873: 318
1874: 1982,1869,843,1805,547
1875: 
1876: 1706,1502,334,992,971
1955: 166,1316
1878: 927,938,1891
1879: 
1982: 1869,843,1805,547,1874
1995: 
1882: 829,1248,456
1883: 1622,98,769,121,2015,1926,130,1360,13,122,1762,1957,532
1884: 1858,1972,1383,1579,2004,112,1997,1677,882
1885: 847,322,291
1971: 1892,403,1288,178,2009,1166
1887: 
1888: 
1889: 873,1758,204
1981: 398,127
1891: 1878,927,938
1892: 1534,403,1971,1288,1614,178,2009,1166
1893: 0,820
1894: 604,891,231,859,1973
1895: 1256,821,351,2012,1859,238,293,1332,1424,1564,417,1482
1896: 1763,2008,929,1167,1061,249,1992,1060,1042,879,1521,1043,333,1029,1257,850,1736,1091,208,1275,49,100,1783
1897: 1651
1898: 748,1427,167,450,452,297,115,1613,1055
1899: 
1968: 733,1504,1610,600,1991,171
1901: 2014,131,448,1825,1934,650,1587,1611,1475
1902: 1005,1770,1434,2001,942,1799,657,1040,754,1678
1903: 671,767
1904: 
1905: 1397,65,175,1639
1906: 
1907: 
1908: 937,1444,1234
1909: 
1910: 
1911: 19
1912: 
1913: 
1914: 641
1915: 
1916: 
1917: 
1918: 
1919: 
1920: 203,272,459
1921: 278,980
1922: 133,1450,25
1923: 1736,1091,1598,208,1763,2008,929,1061,1060,1042,333,1029,1257,850
1924: 1295,2016,1724,1228,1381,18,206,597,1713
1925: 
1926: 1622,98,769,201,121,2015,130,1360,416,13,1883,122,1762,1957,1974,267,532
1927: 912,1871
1928: 244,400,1213
1929: 
1930: 
1931: 
1932: 
1933: 590,594,559,170
1934: 2014,131,448,1825,1901,650,1587,1611,1475
1994: 518,1366,1850
1936: 
1937: 
1938: 185,1055,748,1427,1613
1939: 1942,617
1940: 
1941: 1252,211,1585,1074
1942: 1939,617
1943: 1124,1964
1944: 