0: 
1: 
2: 1631,1556,967
1842: 404,1930,757
4: 
5: 431,197,1947
6: 1410,689,40,175
7: 1857,514,777,26,567,1338,1331,1224,227,1019,1265,2013,1764,1409,1221,1225,1496,1810,193,314
8: 364,1722,1856,906
9: 1434,261,2001,1056,933,1345,942,1005,1276,939,78,1799
10: 
1781: 
12: 1857,582,1863,514,777,567,1331,842,86,1019,1265,1073,58,2013,808,1409,1610,1570,1745
13: 1401,98,130,72,1622,904,1360,797,532,862,1138,2015,718,1562,1852,416,769,1974,1957,201,267
14: 1740
15: 1535
16: 
17: 
18: 2016,1725,1381,1713,479,1228,701,1724,1330
19: 
20: 
21: 
22: 263,112,1964,2004,1383,882,1997,1858,798,1124,361
23: 36
24: 
25: 
26: 1857,514,777,567,1338,1331,1224,227,1019,1265,2013,808,141,7,1764,1409,193
27: 364,1722,987,1856,906,1292,401
28: 1180,282,240,1849,1576
29: 
30: 2009,779,317,1166,462,145,1971,727,403,331,1614,1288,1371,1534,1049,1483,225,1528,178,1892
1994: 529,230,65,543
32: 
33: 1220,1279
34: 
35: 1458,1927,406,1412
36: 23
37: 
38: 
39: 591
40: 6,1410,689,175
41: 
42: 96
43: 820,1893
1934: 1587,650,1611,1879,448,1300,2014,1118,756,1901
45: 1317,386
46: 
47: 949,156,1710,1280,1394,945,692,1079,1588,863,2017,123,163,1429,1487,1210,1181,856,1177,1690,83
48: 
49: 850,2008,1736,655,1216,1521,1923,1167,1992,100,1783,1598,1042,1060,1043,1029,879
50: 1855
51: 111
52: 1074
53: 
54: 1988,1267,365,669,2007,1318,1001,222,408,965,495,1202,1052,990,687,785,1823
55: 1262,1245,834,519,374
56: 
57: 
58: 1857,582,1863,514,777,567,1338,1331,1224,842,86,227,1019,1265,1073,2013,808,12,141,1409,1221,1570,193,314
59: 
60: 1472,1734,1791,190
61: 
62: 662,263,1579,112,833,2004,1997,1972,1077,1858,798
63: 974,154,1590
1794: 775,694
65: 529,230,1994,543
66: 1075,890
1864: 1454
68: 
69: 
70: 1139
71: 952,423
72: 1401,98,130,1622,904,1965,1360,13,797,121,1926,532,862,1138,2015,718,1883,122,1562,1852,416,769,1762,1974,1957,201
73: 
74: 874,270,2011,184,528,1795,1284,475,1523,981,1469,1080,1708,1103,1435
75: 
76: 
77: 1993,916,818,132,2000,903,1499,1204,1712,1728,1770,1800,409,1432,1015
78: 1434,1902,2001,1056,657,933,390,1345,942,114,1787,1005,9,1276,939,1799
79: 
80: 1504
81: 365,669,2007,1318,1013,1408,222,965,1945,1202,1837,687,785,1377
82: 
83: 1560,1752,949,1394,945,692,1588,2017,123,163,1263,1429,1487,47,1181,856,1177,1690
84: 318,799,964
85: 754
86: 1857,582,1863,514,777,567,1331,842,227,1019,1265,58,2013,808,12,1409,1610,1570,1745
87: 1865,1816,1719,1046,1339,499,1659,378,562,2002,1376,1308,129,666,273,1240,146
88: 896,753
89: 892,1792,579
90: 
91: 631,611
92: 
93: 
1817: 
95: 1593,1157
96: 42
97: 
98: 1401,130,72,1622,904,1965,1360,13,797,1926,532,862,1138,2015,718,1883,122,1562,1852,416,769,1762,1974,1957,201,267
99: 
100: 1167,1992,1783,1598,1042,1060,1257,333,1043,1029,879,1061,850,2008,1736,49,655,1216,1923
1978: 288,1582,325
102: 139
103: 1194,616,466
1925: 
105: 
106: 
107: 
108: 
109: 458,1993,916,229,818,132,1602,2000,870,1499,629,1712,1244,394,574,1728,1770,1800,409,1432,1015,217,1819,339
1833: 168,591
111: 51
112: 263,62,1579,833,1964,2004,1997,1972,1858,798,22,1124,361
113: 1145
114: 1434,2001,390,1772,1787,1062,78,1799
115: 1542,1808,297,1987
116: 1491,1643,411
117: 643,420
118: 
119: 
120: 578,1355,220,2003,928,491,426,876,558,760,236,638,1591,807,1260,1141,1804,1023,1969,1575,1179
121: 1401,130,72,1965,1360,797,1926,532,2015,1883,469,201
122: 1138,2015,718,1883,1562,469,416,769,1762,1957,201,267,1401,98,130,72,1622,1965,797,1926,862
123: 949,156,1710,1280,1394,945,692,1079,1588,863,2017,163,1263,1429,1210,47,1181,856,1177,1690,1752,83
124: 
125: 1882,337,1478,523
126: 1793
1775: 
128: 1272
129: 499,1659,378,562,2002,1376,387,296,1308,273,1240,87
130: 1401,98,72,1622,904,1965,1360,13,797,121,1926,532,862,1138,2015,718,1883,122,1562,1852,769,1762,201
131: 1587,650,1611,555,1879,1475,1300,2014,1118,1825,1901
132: 1993,109,916,818,237,2000,870,1499,1204,1712,574,1728,1770,1800,77,409,1432,1015
133: 
134: 1267,463,669,2007,1001,1013,1408,222,965,495,1945,1186,687,785,1823,1377
135: 844,814,1302
136: 
137: 
138: 1450,637
139: 102
140: 
141: 26,567,1338,1224,1019,1265,1073,58,2013,808,1764,1409,1221
1963: 988,1715
143: 1463
144: 1738
145: 2009,779,1166,30,462,1971,727,403,331,1614,1288,1371,1534,1049,1483,225,1528,178,1892
146: 499,1659,378,562,2002,1376,387,666,1240,1865,1816,1719,87,1046
1916: 
148: 1259,679
149: 1627
150: 975,533,264
151: 944
152: 1040
1892: 178,2009,779,30,462,145,727,403,331,1288,1534,1483,1528
154: 1590,974,63
155: 492,887,1441
156: 949,1710,1280,1394,945,692,1079,1588,863,2017,123,163,1263,1210,47,1181
157: 1352
158: 681
159: 1344,1142,211
1957: 1138,2015,718,1883,122,1562,1852,416,769,1762,1974,201,267,1401,98,72,1622,13,797,1926,862
161: 
162: 826
163: 949,156,1710,1280,1394,945,692,1079,1588,2017,123,1429,1487,1210,47,1690,1560,1752,83
1810: 1225,1745,1496,1541,663,193,314,777,1331,227,2013,7,1409
165: 1082,1373,1098
166: 420
167: 1038,1427
168: 1833,591
169: 
170: 780,936,1554,1120,985,319,1933,221,1116,1848,1650,1123,590,816,1214,2010,963,1190,1004,233,1760,335,811,1446,1024,1476,697,430,1250
171: 1055,600
172: 
173: 
174: 294,1306
175: 6,1410,40
176: 1697,494,732,1237,487,2006,1303,358,1000,478,1824,1529,836,935,1350,1095,1555,594,573,564,377
177: 1613,1337
178: 1892,2009,779,30,462,145,727,403,331,1483,1528
179: 1968,1578,940,435,698,958,477,670,1362,1595,1520,2019,251,1484,1798,180,1249,786,1568,1419,1961
180: 956,1968,1578,940,1977,1128,435,698,958,477,670,1595,1520,2019,251,179,1798,1342,1249,786,1419,1045,1479
181: 
182: 1727,691,1313,688,1508
183: 541,618,1577,1322,2018,699,493,1027,1558,506,1356,1189,831,901,804,1840,625,203
184: 874,270,2011,528,1284,475,1523,981,313,1469,1708,74,914,1435
185: 772
186: 
1975: 323
188: 
2001: 1434,1902,261,1056,657,933,390,1705,1345,942,1772,1769,114,1787,1005,713,1062,9,482,1276,939,78,1799
190: 1472,60,1734,1791
191: 1906
192: 1424,2012,821,730,1599,1859,293,238
193: 1225,1745,1496,1541,663,1810,314,582,777,26,1338,1331,1224,227,1019,1265,58,2013,7,1764,1409,1221
194: 1492,1679,1340
195: 
196: 1083,962
197: 431,1947,5
1995: 1701,350,729
199: 
200: 578,1355,2003,928,876,558,1633,1023,1969
201: 1138,2015,718,1883,122,1562,469,1852,416,769,1762,1957,267,1401,98,130,72,904,1360,13,797,121,1926,532,862
202: 
203: 1737,1150,1159,541,618,2018,1027,1558,183,506,1356,901,804,1840
204: 1809,884,344,608
205: 
206: 1953,2016,1714,1725,1381,479,1295,1228,597,1924,1724,1330
207: 
208: 1167,1992,1783,1598,1060,929,1257,333,1029,879,1061,2008,1736,1896,655,1521,1275
209: 
1826: 1658
211: 159,1344,1142
212: 
213: 706,641
1803: 
1854: 
216: 
217: 458,1993,109,229,1602,237,2000,870,685,629,1712,1244,394,574,1728,1800,409,1015,1819,339
218: 
219: 
220: 578,120,1355,2003,928,491,426,1417,876,558,1552,760,1633,236,638,1591,807,1260,1141,1804,1023,1969,1575,1179,253
221: 780,936,1554,1120,985,319,1933,1650,1123,590,816,170,1214,2010,963,233,1760,948,335,473,1024,697,1250
222: 1988,1267,54,463,365,669,2007,1318,1001,1013,1408,1684,408,965,495,81,134,1945,1202,1186,1052,687,785,1823,1377
223: 
224: 
225: 2009,779,317,1166,30,462,145,1971,727,331,1614,1288,1371,1534,1049,1483
226: 
227: 1857,582,514,777,26,567,1338,1331,1224,86,1019,1265,58,2013,7,1764,1409,1610,1221,1570,1225,1745,1496,1810,193,314
228: 
229: 458,109,1602,2000,870,685,629,1244,394,574,1770,1800,409,1432,1015,217,1819,339
230: 529,65,1994,543
231: 1830,680
232: 
233: 936,1554,1120,319,221,1116,1650,1123,590,816,170,1214,2010,963,1760,697
234: 1839,1717
1906: 191
236: 578,120,1355,220,2003,928,491,426,876,558,760,1633,638,1591,1141,1804,1023,1969,1575,1179,253
237: 818,132,1602,2000,903,1499,685,629,1712,1244,394,574,1728,409,1015,217,1819
238: 1948,1471,1424,2012,1895,730,1599,1564,1859,1533,293,192
239: 1033,1676,1884,2005,1032,1563,1407,1172,1243,1315,1233,286,370,947,1020
240: 282,1849,1576,673,1525,1180,28
1766: 
242: 675,516
1865: 1816,1719,87,1046,1339,499,378,562,2002,1376,387,1308,666,273,1240,146
244: 1536
245: 1310,1093
246: 
247: 1475,448,1300,2014,1118,756,1825,1901,650,1611,555,1879
248: 1223,750,911
249: 2008,1736,1896,655,1216,1521,1275,1167,1029,1061
250: 976,621,858
251: 1968,1578,940,1128,435,698,958,477,670,1362,1595,1520,2019,179,1484,1798,180,1249,786,1961
252: 
253: 220,2003,491,426,1417,876,558,1552,760,236,638,1440,1591,807,1260,1141,1804,1575,1179
254: 1680
255: 1347,1125
256: 
257: 1117
258: 
259: 
1862: 973
261: 2001,1056,942,1005,713,9,1276,939
262: 376
263: 662,62,1579,1677,112,1964,2004,1383,882,1997,1972,1077,1858,798,22,1124,361
264: 533,150
1884: 1033,1676,2005,303,1032,1563,239,1407,1172,1243,1315,1233,286,947,1020
266: 
267: 1138,2015,718,122,1562,1852,416,769,1974,1957,201,1401,98,1622,904,13,797,1926,862
268: 1289
269: 959
270: 874,2011,184,528,1795,1284,475,1853,1523,981,313,1469,1080,1708,74,914,1103,1435,1838
1774: 949,1710,945,1079,1588,2017,1429,1487,1210,1181,856,1690,1560,1752
272: 
273: 499,1659,378,2002,1376,296,1308,129,1240,1865,1816,87,1046,1339
274: 1950,1121,1821
275: 787
276: 
277: 1789,1495
278: 980
279: 438
1804: 578,120,1355,220,2003,426,1417,876,558,1552,760,1633,236,638,1440,1591,807,1260,1141,1023,1575,253
281: 
282: 240,1849,1576,1180,28
1866: 651
284: 450
285: 867,1557
286: 1315,1233,1884,2005,1032,1563,239,1407,1172,1243
287: 1621
288: 1978,1582
289: 659
290: 1635,1291,1311
291: 
292: 866,1981
293: 1424,2012,414,1895,1256,821,730,1599,1564,1763,1859,1482,1533,192,238,1471
294: 174,598,1306,549
295: 854,1213,796,1468,881,656,1876,526,619
296: 499,1659,378,2002,1376,1308,129,273,1240,1339
297: 1542,1038,1808,115,1987
298: 1554,985,1933,1494,1641,1116,1848,1650,590,1214,2010,1190,948,811,1446,473,1024,1476,697,430,1250
299: 
300: 
301: 
302: 
303: 1033,1676,1884,2005,1032,1563,1407,1172,1243
304: 
305: 
306: 
307: 
1938: 
1869: 1253
310: 1835,1220,1279,1108
311: 
312: 383,672
313: 874,270,2011,184,528,1795,1284,475,1853,1523,1708,914,1103,1435,1838
314: 1225,1745,1496,1541,663,1810,193,1857,582,777,1338,1331,227,1019,58,2013,7,1409,1221,1570
315: 
1993: 109,916,818,132,2000,870,629,1712,574,1728,1770,1800,77,409,1015,217,339
317: 2009,779,1166,30,462,1971,727,331,1614,1371,1049,225,1528
318: 799,964,84
319: 936,1554,221,1116,1650,1123,590,816,170,1214,2010,963,1190,1004,233,1760,335,811,1024,1476,697
320: 
321: 
322: 1115,1815
323: 1975
1902: 1434,2001,1056,657,933,390,1705,1345,942,1772,1769,1787,713,482,78
325: 1978,1582
326: 
1953: 2016,1714,1725,1381,1713,479,1295,1228,597,701,1924,1724,1330,206
1851: 
329: 
330: 923,1797
331: 2009,779,317,1166,30,462,145,1971,727,403,1614,1049,1483,225,1528,178,1892
332: 
333: 1167,1992,100,1783,1598,1042,1060,929,1257,1043,1029,879,208,1061,2008,1736
334: 1742,1505,992,1706,352
335: 780,936,985,319,1933,221,1494,1116,1650,590,816,170,1214,2010,1190,1760,811,1446,473,1024,697,430
336: 
337: 1064,125,1882
338: 926
339: 458,1993,109,916,229,2000,870,1712,394,1770,1800,1015,217
340: 1309,716
341: 391,1970
1976: 1644,1955
343: 1258
344: 204,1809,884,608
345: 
1933: 780,936,1554,985,221,1494,1650,590,816,170,1214,2010,1190,1760,948,335,811,1446,473,1024,697,430,1250,298
347: 460
1911: 
349: 
350: 1995,1701,729
351: 2012,1895,1256,730,417,1564,1533,1332,1948,1471
352: 1742,1505,992,334,1706,1199
1970: 341,391
354: 
355: 1805,1543,941
356: 
357: 1277,1702,969
358: 1697,494,1237,2006,1303,478,1824,1529,836,1095,176,594,573,564,377,653
1796: 369,1899
360: 
361: 263,112,1964,2004,1383,882,1997,1858,798,22,1124
362: 
363: 1786,509
364: 1722,1856,906,8,27
365: 1988,1267,54,463,669,2007,1318,1001,1013,1408,222,408,965,495,81,1945,1202,1052,1837,687,785,1377
366: 1754
367: 700,810
368: 
369: 1796,1899
370: 1315,1233,2005,1563,239,1407,947
1838: 874,270,2011,528,1795,1284,475,1853,1523,981,313,1469,1080,1708,914,1103,1435
372: 455,1973
1893: 43,820
374: 1262,1245,834,519,55
1913: 
376: 262
377: 1697,494,2006,1303,358,478,1529,176,653
378: 499,1659,562,2002,1376,387,296,1308,129,666,273,1240,146,1865,1816,1719,87,1046
379: 
1901: 1475,448,1300,2014,247,1118,756,1825,1587,650,1611,1879,131,1934
381: 453
382: 1437,787,1850
383: 312,672
384: 
1974: 1138,2015,718,1562,1852,769,1957,267,1401,98,72,1622,904,1360,13,1926,532,862
386: 1317,45
387: 499,1659,378,562,2002,1376,1308,129,666,1240,146,1865,1816,1719
388: 
389: 
390: 1434,1902,2001,933,1705,1345,942,1772,114,1787,1062,939,78,1799
391: 341,1970
392: 410
393: 444,404,1930,757
394: 458,109,229,818,1602,237,2000,903,870,1499,685,629,1204,1712,1244,574,1728,1770,1800,409,1432,1015,217,1819,339
395: 1122,1066
396: 748,770
1782: 
398: 595
399: 765
400: 
401: 1722,987,1856,906,1292,27
402: 
403: 2009,779,30,462,145,1971,727,331,1288,1371,1534,1483,1528,178,1892
404: 444,1842,1930,393,757
405: 1017
406: 1412,35,1927
1958: 
408: 1988,1267,54,463,365,669,2007,1318,1013,1408,222,1684,1202,1186,1052,1837,990,785
409: 458,1993,109,229,818,132,1602,237,2000,903,870,1499,685,629,1204,1712,1244,394,574,1728,1770,1800,77,1432,1015,217,1819
410: 392
411: 116,1491,1643
412: 
413: 738
414: 1424,2012,1895,1256,821,730,417,1599,1564,1763,1482,1533,1332,293,1471
415: 
416: 1138,2015,718,122,1562,1852,769,1762,1957,201,267,98,72,13,862
417: 1424,2012,414,1895,1256,1564,351,1763,1482,1533,1332,1948,1471
418: 
419: 
420: 1161,643,117,166
1930: 444,404,1842,393,757
1894: 
423: 71,952
1937: 
425: 954,1176,1336,1025,957,1366,1298,1844
426: 120,1355,220,2003,491,1417,876,558,1552,760,236,638,1440,1591,807,1260,1804,1023,1575,1179,253
427: 
428: 
1956: 
430: 780,985,1933,1494,1116,170,1214,2010,1190,1760,335,811,1446,1024,1476,697,298
431: 197,1947,5
432: 913
433: 
1939: 461
435: 1968,1578,940,1977,1128,958,477,670,1362,2019,251,179,1484,1798,1342,180
436: 1695
437: 
438: 279
439: 
440: 979,781
441: 
442: 
443: 560
444: 404,1930,393
445: 735
446: 1784
447: 
448: 1475,1300,2014,247,1118,756,1825,1901,650,1611,1934
449: 1759,1551
450: 284
451: 539
452: 1127
453: 381,1660
454: 
455: 372,1973
456: 
457: 1404,1811,1608
458: 109,229,1602,2000,903,870,1499,685,629,1244,394,1728,1770,1800,409,1432,1015,217,1819,339
459: 1324,480
460: 1908,347
461: 1939
462: 2009,779,317,1166,30,145,1971,727,403,331,1614,1288,1371,1534,1049,1483,225,1528,178,1892
463: 1988,1267,365,669,2007,1318,1013,1408,222,1684,408,965,495,134,1945,1202,1186,1052,1837,990,785,1823
464: 
465: 
466: 1194,616,103
1945: 463,365,669,2007,1318,1013,1408,222,965,495,81,134,1202,1186,1837,687,785,1823,1377
468: 
469: 1138,2015,1883,122,1762,201,797,121
470: 1430,1044,792,496,1959
471: 712,515
472: 
473: 780,1554,985,1933,221,1494,1641,590,816,2010,948,335,811,1446,1024,697,1250,298
474: 
475: 874,270,2011,184,528,1795,1284,1853,1523,981,313,1469,1080,1708,74,914,1103,1435,1838
476: 
477: 956,1968,1578,940,1977,1128,435,698,958,670,1595,1520,2019,251,179,1484,1798,1342,180,1249,1568,1419,1045
478: 1697,494,1237,487,2006,1303,358,1824,1529,836,1350,1095,176,594,573,564,377,653
479: 1953,2016,1714,1725,1381,1713,1295,18,1228,597,701,1924,1724,1330,206
480: 1324,459
481: 1996,1385
482: 1434,1902,2001,1056,657,1705,942,1772,1769,713
1871: 
1980: 1231
485: 758,1009
486: 843,1758,1984
487: 494,732,1237,2006,478,836,935,1350,176,594,573,564
1879: 1587,650,1611,555,131,1934,1300,2014,247,1118,1901
1787: 1434,1902,2001,657,933,390,1705,1345,942,1772,1769,114,1062,939,78,1799
490: 
491: 578,120,1355,220,2003,928,426,876,558,760,236,638,1591,1023,1969,1575,1179,253
492: 155,887,1441
493: 541,618,1577,1322,2018,699,1027,1558,183,506,1356,1189,831,901,804,1840
494: 732,1237,487,2006,1303,358,478,1529,836,1350,176,594,573,564,377,653
495: 1988,1267,54,463,365,669,2007,1318,1001,1013,1408,222,1684,965,134,1945,1186,1052,687,785,1823,1377
496: 470,1430,1044,792,1959
497: 
1968: 956,1578,940,1977,1128,435,698,958,477,670,1595,1520,2019,251,179,1484,1798,1342,180,1249,786,855,1568,1419,1045,1479,1961
499: 1659,378,2002,1376,387,296,1308,129,273,1240,146,1865,1816,1719,87,1046,1339
500: 
501: 999
502: 
503: 
504: 
2010: 780,936,1554,1120,985,319,1933,221,1494,1641,1116,1848,1650,1123,590,816,170,1214,963,1190,1004,233,1760,948,335,811,1446,473,1024,1476,697,430,1250,298
506: 682,541,618,1577,1322,2018,699,493,1027,1558,183,1356,901,804,1840,625,203,1737,1150,1159
507: 
1770: 458,1993,109,916,229,818,132,2000,903,870,1499,1204,1712,394,574,1728,1800,77,409,1432,1015,339
509: 603,1786,363,1239
510: 
511: 
512: 
513: 
514: 1857,582,1863,777,26,567,1338,1331,1224,842,86,227,1019,1265,58,2013,808,12,7,1409,1610,1570
515: 712,471
516: 242,675
517: 
518: 
519: 1262,1245,834,817,55,374
520: 
1849: 282,240,1576,1180,28
1977: 956,1968,1578,1128,435,698,958,477,670,1595,1520,2019,1342,180,1249,1419,1045,1479
523: 125,1882,1478
524: 
525: 
526: 854,1213,796,1468,881,656,1876,295,619
527: 
528: 874,270,2011,184,1795,1284,475,1853,1523,981,313,1080,1708,74,1103,1435,1838
529: 230,65,1994,543
530: 
531: 
532: 1401,98,130,72,1622,904,1965,1360,13,797,121,862,2015,718,1562,769,1974,201
533: 150,264
534: 
535: 
536: 832,795,1328
2003: 578,120,1355,220,928,491,426,1417,876,558,1552,760,1633,236,638,1440,1591,200,807,1260,1141,1804,1023,1969,1575,1179,253
538: 
539: 451
540: 
541: 682,618,1577,2018,699,493,1027,1558,183,506,1356,831,901,804,1840,625,203,1737,1150,1159
1789: 277,1495
543: 529,230,65,1994
544: 
1768: 
546: 
547: 
548: 
549: 1099,598,294,986
1997: 662,263,62,1579,1677,112,2004,1383,882,1972,1077,1858,798,22,1124,361
551: 
552: 
553: 
554: 
555: 1587,1611,1879,131,1300,2014,247,1118,1825
556: 
557: 1274,728,614,1634
558: 578,120,1355,220,2003,928,491,426,876,760,1633,236,638,1591,200,807,1260,1141,1804,1023,1969,1575,253
559: 
560: 443
561: 1967
562: 1659,378,2002,1376,387,129,666,1240,146,1865,1816,1719,87
563: 
564: 494,487,2006,1303,358,478,1529,836,1350,176,594,573,653
565: 
566: 
567: 1857,582,1863,514,777,26,1338,1331,1224,842,86,227,1019,1265,1073,58,2013,808,12,141,7,1409,1610,1221,1570
568: 
2013: 1857,582,1863,514,777,26,567,1338,1331,1224,842,86,227,1019,1265,1073,58,808,12,141,7,1764,1409,1610,1221,1570,1225,1745,1496,1541,663,1810,193,314
570: 
571: 1604,951
572: 707,790,1739
573: 1697,494,732,1237,487,2006,1303,358,1000,478,1824,1529,836,935,1350,1095,176,594,564
574: 1993,109,229,818,132,237,2000,870,685,629,1712,1244,394,1728,1770,409,1015,217,1819
575: 
576: 1656,1041
577: 
578: 120,1355,220,2003,928,491,876,558,1633,236,638,200,1141,1804,1023,1969
579: 892,1792,89
580: 
1830: 680,231
582: 1857,1863,514,777,567,1338,1331,842,86,227,1019,1265,1073,58,2013,808,12,1409,1610,1221,1570,1225,1745,193,314
1910: 1730
584: 
585: 
586: 
587: 
588: 
1829: 
590: 780,936,1554,1120,985,319,1933,221,1494,1641,1848,1650,1123,816,170,1214,2010,963,1190,233,1760,948,335,811,1446,473,1024,1476,697,1250,298
591: 39,168,1833
592: 
593: 1942,717,661
594: 494,732,487,2006,1303,358,478,1824,836,935,1350,1095,176,573,564,653
595: 398
596: 1868
597: 1953,2016,1714,1381,1713,479,1295,1228,701,1924,1724,206
598: 294,1306,549
599: 
600: 171,1055
601: 
2012: 1424,414,1895,1256,821,730,417,1599,1564,351,1763,1859,1482,1533,1332,293,192,1948,238,1471
603: 1786,509,1239
604: 1664,1106
605: 
606: 
607: 
608: 204,1809,884,344
1929: 1426
610: 
611: 91,631
612: 1255,1403
613: 
614: 1274,728,557,1634
615: 
616: 1194,466,103
617: 
618: 682,541,1577,1322,2018,493,1027,1558,183,506,1356,1189,831,901,804,1840,625,203,1737,1150,1159
619: 854,1213,796,1468,881,656,1876,526,295
620: 
621: 250,976,858
622: 
1859: 1424,2012,1895,1256,821,730,1599,1564,1763,1482,1533,293,192,1948,238,1471
624: 
625: 682,541,618,1577,1322,2018,1027,183,506,1356,1189,831,804,1840,1737,1150,1159
626: 860,793,932
627: 954,1336,957,1298,1844
628: 
629: 458,1993,109,229,818,1602,237,2000,903,870,1499,685,1712,1244,394,574,1728,409,1015,217,1819
630: 
631: 91,611
632: 
633: 
634: 1453
635: 
636: 1358
637: 138,1450
638: 578,120,1355,220,2003,928,491,426,1417,876,558,760,1633,236,1440,1591,807,1260,1141,1804,1023,1969,1575,253
1855: 50
1844: 954,1176,1336,627,1025,957,1366,425,1298
641: 213,737
642: 973,1600
643: 1161,1230,420,117
1776: 
645: 
1920: 
1828: 
1943: 
649: 
650: 1587,1611,1879,131,1934,448,1300,2014,247,1118,1901
651: 1866
1922: 1917,1721
653: 494,2006,1303,358,478,1824,1529,836,1350,594,564,377
654: 
655: 850,2008,1736,49,249,1216,1521,1275,1923,1167,1992,100,1783,1598,1042,1043,1029,879,208,1061
656: 854,1213,796,881,1876,526,295,619
657: 1434,1902,2001,1056,1705,1345,942,1772,1769,1787,713,482,1276,939,78
1795: 874,270,2011,528,1284,475,1853,1523,981,313,1469,1080,1708,74,914,1103,1435,1838
659: 289
660: 
661: 717,593,1942
662: 263,62,1579,1677,833,2004,882,1997,1972,1077,798,1124
663: 1225,1745,1496,1541,1810,193,314,777,2013
664: 
1921: 
666: 1659,378,562,2002,387,1240,146,1865,1719,87
667: 
668: 
669: 1988,1267,54,463,365,2007,1318,1001,1013,1408,222,1684,408,965,495,81,134,1945,1202,1186,1052,1837,990,687,785,1823,1377
670: 956,1968,1578,940,1977,435,698,958,477,1595,1520,2019,251,179,1484,1798,1342,180,1249,786,855,1568,1419,1045,1961
671: 
672: 383,312
673: 1525,1180,240,1576
1806: 
675: 242,1297,516
676: 
677: 1420,899
678: 889,1932,1325
679: 1259,148
680: 1830,231
681: 158
682: 541,618,1577,1322,2018,1027,506,1356,625,1737,1150,1159
683: 
684: 977,1905
685: 458,229,818,1602,237,2000,903,1499,629,1244,394,574,1728,409,1432,1015,217,1819
686: 988,1715
687: 1988,54,365,669,2007,1318,1001,1013,1408,222,965,495,81,134,1945,785,1823,1377
688: 182,1727,691,1313,1508
689: 6,1410,40
690: 
691: 182,1727,1313,688,1508,1574
692: 949,156,1710,1280,1394,945,1079,1588,863,2017,123,163,1263,1429,1210,47,1181,1177,1690,83
693: 1990
694: 775,1794
695: 
696: 
697: 780,936,1554,1120,985,319,1933,221,1494,1116,1848,1650,1123,590,816,170,1214,2010,963,1190,1004,233,1760,948,335,811,1446,473,1024,1476,430,1250,298
698: 956,1968,1578,940,1977,1128,958,477,670,1595,1520,2019,251,179,1798,1342,180,1249,786,855,1568,1419,1045,1479,1961
699: 541,2018,493,1027,1558,183,506,1356,1189,831,901,804,1840
700: 810,367
701: 1953,2016,1381,1713,479,18,1228,597,1724
2009: 779,317,1166,30,462,145,1971,727,403,331,1614,1288,1371,1534,1049,1483,225,1528,178,1892
703: 
704: 
705: 
706: 213
707: 790,572,1739
708: 
709: 
710: 
711: 
712: 515,471
713: 1434,1902,261,2001,1056,657,1705,1345,942,1769,1005,482,1276,939
2011: 874,270,184,528,1795,1284,475,1853,1523,981,313,1469,1080,1708,74,914,1103,1435,1838
715: 
716: 1309,340
717: 661,593
718: 1138,2015,1883,122,1562,1852,416,769,1762,1974,1957,201,267,1401,98,130,72,904,1360,13,797,532,862
719: 1105,893
720: 1502,1443
1941: 1069
722: 
723: 
1773: 
725: 1058
1887: 1064,1248
727: 2009,779,317,30,462,145,1971,403,331,1614,1288,1049,1483,225,1528,178,1892
728: 1274,614,557,1634
729: 1995,1701,350
730: 1424,2012,414,1895,1256,1599,1564,351,1859,1533,293,192,1948,238,1471
731: 
732: 494,1237,487,2006,1303,1000,1824,836,935,1350,1095,176,594,573
733: 
734: 
735: 445
1983: 
737: 641
738: 413
739: 
740: 897,1637
741: 
1848: 936,1554,1120,985,1641,1116,1650,1123,590,170,2010,963,1004,948,811,1446,1476,697,1250,298
743: 
744: 
745: 
746: 1168,1110
747: 
748: 396,770
749: 
750: 1223,911,248
751: 
752: 
753: 896,88
754: 85
755: 
756: 1475,448,1300,2014,247,1118,1825,1901,1934
757: 404,1842,1930,393
758: 1009,485
759: 
760: 120,1355,220,2003,491,426,1417,876,558,1552,236,638,1440,1591,807,1260,1141,1804,1023,1969,1575,1179,253
761: 1460
762: 1299
763: 1537,1296
764: 
765: 399
766: 1621
1870: 
768: 
769: 1138,2015,718,1883,122,1562,1852,416,1762,1974,1957,201,267,1401,98,130,72,1622,904,1360,13,797,1926,532,862
770: 396,748
771: 1425,791,1527,774
772: 185
773: 1036
774: 771,791,1527
775: 694,1794
776: 
777: 1857,582,1863,514,26,567,1338,1331,86,227,1019,1265,58,2013,12,7,1409,1610,1221,1570,1225,1745,1496,1541,663,1810,193,314
2015: 1138,718,1883,122,1562,469,1852,416,769,1762,1974,1957,201,267,1401,98,130,72,1622,904,1965,1360,13,797,121,1926,532,862
779: 2009,317,1166,30,462,145,1971,727,403,331,1614,1288,1371,1534,1049,1483,225,1528,178,1892
780: 936,985,1933,221,1494,590,816,170,1214,2010,1190,1760,335,1446,473,1024,697,430
781: 440
1769: 1434,1902,2001,657,1705,942,1772,1787,713,482
783: 
784: 
785: 1988,1267,54,463,365,669,2007,1318,1001,1013,1408,222,1684,408,965,495,81,134,1945,1202,1186,1052,990,687,1823,1377
786: 1968,1578,940,698,958,670,1595,1520,2019,251,179,1798,180,1249,855,1568,1419,1045,1479,1961
787: 1437,275,382
1891: 
789: 
790: 707,572,1739
791: 771,1527,774
792: 470,1430,1044,496,1959
793: 860,932,626
794: 
795: 536,832,1092,1328
796: 854,1213,1468,881,656,1876,526,295,619
797: 1401,98,130,72,1622,904,1965,1360,13,121,1926,532,862,1138,2015,718,1883,122,469,769,1762,1957,201,267
798: 662,263,62,112,1964,2004,1383,882,1997,1972,1858,22,1124,361
799: 318,964,84
800: 1672
801: 
802: 
803: 
804: 541,618,1577,1322,2018,699,493,1027,1558,183,506,1356,1189,831,901,1840,625,203,1737,1150
805: 
806: 
807: 120,220,2003,426,1417,876,558,1552,760,638,1440,1260,1141,1804,1023,1575,253
808: 1857,582,514,26,567,1338,1331,1224,842,86,1019,1265,1073,58,2013,12,141,1409,1221
809: 
810: 700,367
811: 936,1554,985,319,1933,1494,1641,1116,1848,1650,1123,590,170,1214,2010,963,1190,1004,1760,948,335,1446,473,1024,1476,697,430,1250,298
812: 1658
813: 
814: 1302,135,844
815: 
816: 780,936,985,319,1933,221,1494,1650,590,170,1214,2010,1190,233,1760,335,1446,473,1024,697
817: 1245,834,519
818: 1993,109,916,132,237,2000,903,870,1499,685,629,1204,1712,394,574,1728,1770,77,409,1432,1015,1819
819: 
820: 43,1893
821: 1424,2012,414,1895,1256,1599,1763,1859,1482,1533,293,192
822: 
823: 1986
824: 852
2017: 949,156,1710,1280,1394,945,692,1079,1588,863,123,163,1263,1429,1487,1210,47,1774,1181,856,1177,1690,1560,1752,83
826: 162
827: 
828: 
829: 
830: 
831: 541,618,1577,1322,2018,699,493,1027,1558,183,1356,1189,901,804,1840,625
832: 536,795,1092,1328
833: 662,62,1579,112,2004,1972,1077
834: 1262,1245,817,519,55,374
835: 
836: 1697,494,732,1237,487,2006,1303,358,1000,478,1824,1529,935,1350,1095,176,594,573,564,653
837: 1573,1193
1985: 
839: 
1984: 486,843,1758
841: 1581,902,1158
842: 1857,582,1863,514,567,1331,86,1019,1265,1073,58,2013,808,12,1610,1570
843: 486,1758,1984
844: 135,814,1302
1955: 1976,1644
1801: 
847: 1914
2004: 662,263,62,1579,1677,112,833,1964,1383,882,1997,1972,1077,1858,798,22,1124,361
1816: 1865,1719,87,1046,1339,499,1659,378,562,2002,1376,387,1308,273,1240,146
850: 2008,1736,49,655,1216,1521,1923,1167,100,1783,1598,1042,1060,1043,1029,879,1061
851: 1452
852: 824
853: 1665
854: 1213,796,1468,881,656,1876,526,295,619
855: 1568,1419,1045,1479,1961,956,1968,698,670,1595,2019,1249,786
856: 949,1710,945,1079,1588,863,2017,123,1429,1487,1210,47,1774,1181,1177,1690,1560,1752,83
857: 1674,1885
858: 250,976,621
1821: 1950,1121,274
860: 793,932,626
861: 1034,1566
862: 1401,98,130,72,1622,904,1965,1360,13,797,1926,532,1138,2015,718,1883,122,1562,1852,416,769,1762,1974,1957,201,267
863: 949,156,1710,1280,1394,945,692,1079,1588,2017,123,1263,1429,1210,47,1181,856,1177,1752
864: 1616,1034,1566
865: 
866: 292,1981
867: 285,1557
868: 
1950: 1121,274,1821
870: 458,1993,109,916,229,818,132,2000,629,1712,1244,394,574,1728,1770,1800,409,1015,217,339
871: 
1793: 126
873: 
874: 270,2011,184,528,1795,1284,475,1853,1523,981,313,1469,1080,1708,74,914,1103,1435,1838
875: 
876: 578,120,1355,220,2003,928,491,426,558,760,1633,236,638,1591,200,807,1141,1804,1023,1969,1575,253
877: 
1785: 
879: 1167,1992,100,1783,1598,1042,1060,929,1257,333,1043,1029,208,1061,850,2008,1736,49,655,1216,1521,1275,1923
880: 1011
881: 854,1213,796,1468,656,1876,526,295,619
882: 662,263,1579,1677,2004,1383,1997,1972,1077,1858,798,22,1124,361
1972: 662,263,62,1579,1677,112,833,2004,882,1997,1077,1858,798,1124
884: 204,1809,344,608
885: 1363
886: 
887: 492,155,1441
1895: 1424,2012,414,1256,821,730,417,1599,1564,351,1763,1859,1482,1533,1332,293,1948,238,1471
889: 1932,1325,678
890: 66,1075
891: 
892: 1792,579,89
893: 1105,719
894: 
895: 1550
896: 753,88
897: 740,1637
898: 1532,997
899: 677,1420
1960: 1217
901: 541,618,2018,699,493,1027,1558,183,506,1356,831,804,1840,203,1150
902: 841,1581,1158
903: 458,818,1602,237,2000,1499,685,629,1204,1712,1244,394,1728,1770,77,409,1432,1015,1819
904: 1401,98,130,72,1622,1965,1360,13,797,1926,532,862,2015,718,1562,769,1974,201,267
905: 
906: 364,1722,987,1856,1292,401,8,27
2007: 1988,1267,54,463,365,669,1318,1001,1013,1408,222,1684,408,965,495,81,134,1945,1202,1186,1052,1837,990,687,785,1823,1377
1853: 874,270,2011,528,1795,1284,475,981,313,1103,1435,1838
909: 
1832: 
911: 1223,750,248
912: 
913: 432
914: 874,270,2011,184,1795,1284,475,1523,313,1469,1708,1838
915: 
916: 1993,109,818,132,2000,870,1204,1712,1728,1770,1800,77,1432,1015,339
917: 1908
918: 
1959: 470,1430,1044,792,496
920: 
1986: 823
922: 1372
923: 330,1797
924: 
925: 1867
926: 338
927: 
928: 578,120,1355,220,2003,491,876,558,1633,236,638,1591,200,1023,1969
929: 1167,1992,1783,1598,1060,1257,333,1029,879,208,1061,2008,1896
930: 
1856: 364,1722,987,906,401,8,27
932: 860,793,626
933: 1434,1902,2001,1056,390,1705,1345,942,1787,1005,9,1276,939,78,1799
934: 
935: 732,1237,487,2006,1000,1824,836,1095,176,594,573
936: 780,1554,1120,985,319,1933,221,1116,1848,1650,1123,590,816,170,1214,2010,963,1190,1004,233,1760,948,335,811,1446,1024,1476,697,1250
937: 
938: 1878
939: 1434,261,2001,1056,657,933,390,1345,942,1787,1005,713,9,1276,78,1799
940: 1968,1578,1128,435,698,958,477,670,1362,1595,1520,2019,251,179,1484,1798,1342,180,1249,786
941: 355,1543
942: 1434,1902,261,2001,1056,657,933,390,1705,1345,1772,1769,1787,1005,713,9,482,1276,939,78
943: 1290,1638
944: 151
945: 949,156,1710,1280,1394,692,1079,1588,863,2017,123,163,1429,1487,1210,47,1774,1181,856,1177,1690,1560,1752,83
946: 
947: 1020,1315,1233,370,1033,1884,2005,1032,1563,239,1407,1243
948: 936,1554,1120,985,1933,221,1494,1641,1848,1650,590,2010,963,811,1446,473,1024,1476,697,1250,298
949: 156,1710,1280,1394,945,692,1079,1588,863,2017,123,163,1263,1429,1487,1210,47,1774,1181,856,1177,1690,1560,1752,83
950: 
951: 1604,571
952: 71,423
1807: 
954: 1176,1336,627,957,425,1298,1844
1850: 1437,382
956: 1968,1578,1977,698,477,670,1595,1520,2019,1342,180,1249,855,1568,1419,1045,1479,1961
957: 954,1176,1336,627,1025,1366,425,1298,1844
958: 1968,1578,940,1977,1128,435,698,477,670,1362,1595,1520,2019,251,179,1484,1798,1342,180,1249,786,1419,1045,1479
959: 269
960: 
961: 1538,1268
962: 196,1083
963: 936,1554,1120,985,319,221,1641,1116,1848,1650,1123,590,170,1214,2010,1004,233,948,811,1476,697,1250
964: 318,799,84
965: 54,463,365,669,2007,1318,1001,1013,1408,222,495,81,134,1945,1202,687,785,1823,1377
966: 
967: 1631,1556,2
968: 
969: 1702,357
970: 
971: 
1965: 1401,98,130,72,1622,904,1360,797,121,1926,532,862,2015,1883,122
973: 1600,1862,642
974: 63,154,1590
975: 150
976: 250,621,858
977: 1905,684
978: 
979: 440
980: 278
981: 874,270,2011,184,528,1795,1284,475,1853,1523,1469,1080,1708,74,1103,1435,1838
982: 
983: 
984: 
985: 780,936,1554,1120,1933,221,1494,1641,1116,1848,1650,1123,590,816,170,1214,2010,963,1190,1004,1760,948,335,811,1446,473,1024,1476,697,430,1250,298
986: 1099,549
987: 1722,1856,906,1292,401,27
988: 686,1715,1963
1889: 
990: 1988,1267,54,463,669,2007,1318,1001,1684,408,1202,1052,785
991: 
992: 1742,1505,334,1706,352
1999: 
994: 
995: 
1797: 923,330
997: 1532,898
1874: 
999: 501
1000: 1697,732,1237,2006,1303,1824,836,935,1095,1555,176,573
1001: 1988,1267,54,365,669,2007,1318,222,965,495,134,1186,1052,990,687,785,1823
1904: 
1003: 
1004: 936,1554,1120,985,319,1641,1116,1848,1650,1123,170,1214,2010,963,811,1476,697,1250
1005: 1434,261,2001,1056,933,1345,942,713,9,1276,939,78
1006: 
1952: 
1008: 1954
1009: 758,485
1010: 
1011: 880
1012: 
1013: 463,365,669,2007,1318,1408,222,1684,408,965,495,81,134,1945,1202,1186,1837,687,785,1377
1014: 
1015: 458,1993,109,916,229,818,132,1602,237,2000,903,870,1499,685,629,1712,1244,394,574,1728,1770,1800,77,409,1432,217,1819,339
1016: 1047
1017: 405
1018: 
1019: 1857,582,514,777,26,567,1338,1331,1224,842,86,227,1265,1073,58,2013,808,12,141,7,1764,1409,1221,1570,193,314
1020: 947,1315,1033,1676,1884,2005,1032,1563,239,1407,1172,1243
1021: 
1022: 
1023: 578,120,1355,220,2003,928,491,426,876,558,760,1633,236,638,1591,200,807,1260,1141,1804,1969
1024: 780,936,1554,985,319,1933,221,1494,1641,1116,1650,1123,590,816,170,1214,2010,1190,1760,948,335,811,1446,473,1476,697,430,1250,298
1025: 1176,957,1366,425,1298,1844
1026: 
1027: 682,541,618,1577,1322,2018,699,493,1558,183,506,1356,1189,831,901,804,625,203,1737,1150
1028: 
1029: 1167,1992,100,1783,1598,1042,1060,929,1257,333,1043,879,208,1061,850,2008,1736,49,1896,655,249,1216,1521,1275,1923
1030: 
1903: 1354
1032: 1033,1676,1884,2005,303,1563,239,1407,1172,1243,1315,1233,286,947,1020
1033: 1676,1884,2005,303,1032,1563,239,1407,1172,947,1020
1034: 1616,1566,864,861
1035: 
1036: 773
1037: 
1038: 1808,297,167,1427
1863: 1857,582,514,777,567,1331,842,86,58,2013,12,1610,1570,1745
1040: 152
1041: 576
1042: 1167,1992,100,1783,1598,1060,1257,333,1043,1029,879,850,2008,1736,49,655,1923
1043: 1167,1992,100,1783,1598,1042,1060,333,1029,879,850,2008,49,655,1923
1044: 470,1430,792,496,1959
1045: 855,1419,1479,1961,956,1968,1578,1977,698,958,477,670,1595,1520,2019,1342,180,1249,786
1046: 1865,1816,1719,87,1339,499,378,2002,1376,1308,273,146
1047: 1016
1048: 
1049: 2009,779,317,1166,30,462,145,1971,727,331,1614,1288,1371,1483,225,1528
1050: 
1051: 
1052: 1988,1267,54,463,365,669,2007,1318,1001,222,1684,408,495,1186,990,785,1823
1053: 
1054: 
1055: 171,600
1056: 1434,1902,261,2001,657,933,1705,1345,942,1005,713,9,482,1276,939,78
1057: 
1058: 725
1059: 
1060: 1167,1992,100,1783,1598,1042,929,1257,333,1043,1029,879,208,1061,850,2008,1736,49,1923
1061: 1167,1992,100,1783,1598,1060,929,1257,333,1029,879,208,850,2008,1736,1896,655,249,1216,1521,1275,1923
1062: 1434,2001,390,1705,1772,114,1787,1799
1875: 1597
1064: 337,1248,1887
1936: 
1066: 1122,395,1428
1067: 
1899: 1796,369
1069: 1941
1070: 
1071: 1561
1072: 
1073: 1857,582,567,1338,1224,842,1019,1265,58,2013,808,12,141,1409,1221
1074: 52
1075: 66,890
1979: 
1077: 662,263,62,1579,1677,833,2004,882,1997,1972
1078: 
1079: 949,156,1710,1280,1394,945,692,1588,863,2017,123,163,1429,1487,1210,47,1774,1181,856,1690
1080: 874,270,2011,528,1795,475,1523,981,1469,1708,74,1103,1435,1838
1081: 
1082: 165,1373,1098
1083: 196,962
1792: 892,579,89
1973: 372,455
2002: 499,1659,378,562,1376,387,296,1308,129,666,273,1240,146,1865,1816,1719,87,1046,1339
1087: 
1088: 
1089: 
1948: 238,1471,1424,2012,1895,1256,730,417,1599,1564,351,1859,1482,1533
1091: 
1092: 1328,832,795
1093: 1310,245
1094: 
1095: 1697,732,1237,2006,1303,358,1000,478,1824,836,935,1555,176,594,573
1096: 
1097: 1370
1098: 165,1082,1373
1099: 549,986
1100: 
1988: 1267,54,463,365,669,2007,1318,1001,1408,222,1684,408,495,1202,1186,1052,990,687,785,1823
1102: 
1103: 874,270,2011,528,1795,1284,475,1853,1523,981,313,1469,1080,1708,74,1435,1838
1104: 
1105: 719,893
1106: 1664,604
1107: 
1108: 1220,1279,1835,310
1837: 463,365,669,2007,1318,1013,1408,1684,408,81,1945,1202
1110: 1168,746
1111: 
1112: 
1944: 
1114: 
1115: 322,1815
1116: 936,1554,985,319,1848,1650,1123,170,1214,2010,963,1190,1004,233,1760,335,811,1024,1476,697,430,298
1117: 257
1118: 1475,448,1300,2014,247,756,1825,1901,1587,650,1611,555,1879,131,1934
1883: 1138,2015,718,122,469,769,1762,1957,201,1401,98,130,72,1965,797,121,1926,862
1120: 936,1554,985,221,1641,1848,1650,1123,590,170,2010,963,1004,233,948,1476,697,1250
1121: 1950,274,1821
1122: 1066,395,1428
1123: 936,1554,1120,985,319,221,1116,1848,1650,590,170,1214,2010,963,1190,1004,233,1760,811,1024,1476,697,1250
1124: 662,263,1579,1677,112,2004,1383,882,1997,1972,1858,798,22,361
1125: 1347,255
1126: 
1127: 452
1128: 1968,1578,940,1977,435,698,958,477,1362,1520,2019,251,1798,1342,180
1905: 977,684
1130: 
1131: 
1132: 
1133: 
1134: 1530
1135: 1445
1136: 
1991: 
1138: 2015,718,1883,122,1562,469,1852,416,769,1762,1974,1957,201,267,1401,98,130,72,1622,13,797,1926,862
1139: 70
1809: 204,884,344,608
1141: 578,120,220,2003,876,558,760,1633,236,638,1440,807,1260,1804,1023,1969,253
1142: 159,1344,211
1143: 
1784: 446
1145: 113
1146: 1492,1679
1147: 
1148: 
2018: 682,541,618,1577,1322,699,493,1027,1558,183,506,1356,1189,831,901,804,1840,625,203,1737,1150,1159
1150: 203,1737,1159,682,541,618,2018,1027,1558,506,1356,901,804,625
1151: 
1152: 
1153: 
1857: 582,1863,514,777,26,567,1338,1331,842,86,227,1019,1265,1073,58,2013,808,12,7,1409,1610,1221,1570,1225,1745,1496,314
1155: 
2019: 956,1968,1578,940,1977,1128,435,698,958,477,670,1362,1595,1520,251,179,1484,1798,1342,180,1249,786,855,1568,1419,1045,1479,1961
1157: 1593,95
1158: 841,1581,902
1159: 203,1737,1150,682,541,618,1577,2018,506,625
1160: 
1161: 643,1230,420
1162: 1515,1694,1369
1840: 541,618,1577,2018,699,493,1558,183,506,1356,831,901,804,625,203
1164: 
1923: 850,2008,1736,49,655,1216,1167,100,1783,1598,1042,1060,1257,1043,1029,879,1061
1166: 2009,779,317,30,462,145,1971,331,1614,1288,1371,1534,1049,225
1167: 1992,100,1783,1598,1042,1060,929,1257,333,1043,1029,879,208,1061,850,2008,1736,49,1896,655,249,1216,1521,1275,1923
1168: 746,1110
1967: 561
1786: 603,509,363
1171: 
1172: 1033,1676,1884,2005,303,1032,1563,239,1407,1243,1315,286,1020
1173: 
1174: 
1175: 
1176: 954,1025,957,1366,425,1844
1177: 949,1394,945,692,1588,863,2017,123,1263,1429,47,1181,856,1752,83
1940: 
1179: 120,1355,220,2003,491,426,1552,760,236,1591,1575,253
1180: 673,1525,28,282,240,1849,1576
1181: 949,156,1710,1394,945,692,1079,1588,863,2017,123,1263,1429,47,1774,856,1177,1560,1752,83
1182: 1208
1183: 
1184: 
1185: 
1186: 1988,1267,463,669,2007,1318,1001,1013,1408,222,1684,408,495,134,1945,1052,785,1823
1187: 1316
1188: 
1189: 618,1577,1322,2018,699,493,1027,1558,183,1356,831,804,625
1190: 780,936,1554,985,319,1933,1494,1116,1650,1123,590,816,170,1214,2010,1760,335,811,1446,1024,1476,697,430,298
1191: 
1192: 
1193: 837,1573
1194: 616,466,103
1195: 
1196: 
1197: 
1772: 1434,1902,2001,657,390,1705,942,1769,114,1787,1062,482
1199: 1742,1505,1706,352
1200: 
1201: 
1202: 1988,1267,54,463,365,669,2007,1318,1013,1408,222,1684,408,965,81,1945,1837,990,785,1377
1203: 
1204: 916,818,132,2000,903,1499,1712,394,1728,1770,1800,77,409,1432
1205: 
1987: 1542,1808,297,115
1822: 
1208: 1182
1209: 
1210: 949,156,1710,1280,1394,945,692,1079,1588,863,2017,123,163,1429,1487,47,1774,856,1690,1560,1752
1211: 
1212: 
1213: 854,796,1468,881,656,1876,526,295,619
1214: 780,936,1554,985,319,1933,221,1494,1116,1650,1123,590,816,170,2010,963,1190,1004,233,1760,335,811,1446,1024,1476,697,430,1250,298
1215: 
1216: 850,2008,1736,49,1896,655,249,1521,1275,1923,1167,100,1029,879,1061
1217: 1960
1218: 
1885: 857,1674
1220: 33,1279,1108,1835,310
1221: 1857,582,777,567,1338,1331,1224,227,1019,1265,1073,58,2013,808,141,7,1764,1409,1225,193,314
1222: 
1223: 750,911,248
1224: 514,26,567,1338,1331,227,1019,1265,1073,58,2013,808,141,7,1764,1409,1221,193
1225: 1745,1496,1541,663,1810,193,314,1857,582,777,1331,227,2013,7,1409,1610,1221,1570
1226: 1567
1227: 
1228: 1953,2016,1714,1725,1381,1713,479,1295,18,597,701,1924,1724,1330,206
1229: 
1230: 1161,643
1231: 1980
1232: 
1233: 1315,286,370,1884,2005,1032,1563,239,1407,1243,947
1234: 
1896: 2008,1736,249,1216,1521,1275,1167,1598,929,1257,1029,208,1061
1236: 
1237: 1697,494,732,487,2006,1303,358,1000,478,1824,1529,836,935,1095,1555,176,573
1876: 854,1213,796,1468,881,656,526,295,619
1239: 603,509
1240: 499,1659,378,562,2002,1376,387,296,1308,129,666,273,146,1865,1816,1719,87
1241: 
1914: 847
1243: 1676,1884,2005,303,1032,1563,239,1407,1172,1315,1233,286,947,1020
1244: 458,109,229,1602,237,2000,903,870,685,629,394,574,1728,409,1015,217,1819
1245: 1262,834,817,519,55,374
1246: 
1247: 
1248: 1064,1887
1249: 956,1968,1578,940,1977,698,958,477,670,1595,1520,2019,251,179,1484,1798,1342,180,786,855,1568,1419,1045,1479,1961
1250: 936,1554,1120,985,1933,221,1641,1848,1650,1123,590,170,1214,2010,963,1004,948,811,1446,473,1024,1476,697,298
1251: 
1252: 
1253: 1869
1800: 458,1993,109,916,229,132,2000,870,1499,1204,1712,394,1728,1770,77,409,1432,1015,217,339
1255: 612,1403
1256: 1424,2012,414,1895,821,730,417,1599,1564,351,1763,1859,1482,1533,1332,293,1948,1471
1257: 1167,1992,100,1783,1598,1042,1060,929,333,1029,879,208,1061,2008,1736,1896,1923
1258: 343
1259: 148,679
1260: 120,220,2003,426,1417,558,1552,760,638,1440,1591,807,1141,1804,1023,1575,253
1261: 
1262: 1245,834,519,55,374
1263: 949,156,1394,692,863,2017,123,1181,1177,83
1264: 
1265: 1857,582,514,777,26,567,1338,1331,1224,842,86,227,1019,1073,58,2013,808,12,141,7,1764,1409,1610,1221,1570,1496,193
1266: 
1267: 1988,54,463,365,669,2007,1318,1001,1408,222,1684,408,495,134,1202,1186,1052,990,785,1823
1268: 1538,961
1912: 
1270: 
1868: 596
1272: 128
1273: 
1274: 728,614,557,1634
1275: 2008,1736,1896,655,249,1216,1521,1167,1029,879,208,1061
1276: 1434,261,2001,1056,657,933,1345,942,1005,713,9,939,78
1277: 357
1278: 
1279: 33,1220,1108,1835,310
1280: 949,156,1710,1394,945,692,1079,1588,863,2017,123,163,1429,1210,47
1281: 
1282: 
1283: 
1284: 874,270,2011,184,528,1795,475,1853,1523,981,313,1708,74,914,1103,1435,1838
1285: 
1961: 855,1568,1419,1045,1479,956,1968,698,670,1595,1520,2019,251,179,1249,786
1287: 
1288: 2009,779,1166,30,462,145,1971,727,403,1371,1534,1049,1483,225,1892
1289: 268
1290: 943,1638
1291: 1311,290,1635
1292: 987,906,401,27
1293: 
1294: 1516,1493
1295: 1953,2016,1714,1725,1381,479,1228,597,1924,1724,206
1296: 763
1297: 675
1298: 954,1336,627,1025,957,425,1844
1299: 762
1300: 1475,448,2014,247,1118,756,1825,1901,1587,650,1611,555,1879,131,1934
1301: 
1302: 814,135,844
1303: 1697,494,732,1237,2006,358,1000,478,1824,1529,836,1095,1555,176,594,573,564,377,653
1954: 1008
1767: 
1306: 174,598,294
1307: 
1308: 499,1659,378,2002,1376,387,296,129,273,1240,1865,1816,87,1046,1339
1309: 716,340
1310: 1093,245
1311: 1291,290,1635
1932: 889,1325,678
1313: 182,1727,691,688,1508
1981: 1517,292,866
1315: 1233,286,370,1884,2005,1032,1563,239,1407,1172,1243,947,1020
1316: 1187
1317: 386,45
1318: 1988,1267,54,463,365,669,2007,1001,1013,1408,222,1684,408,965,495,81,1945,1202,1186,1052,1837,990,687,785
1319: 
2014: 1475,448,1300,247,1118,756,1825,1901,1587,650,1611,555,1879,131,1934
1321: 
1322: 682,618,1577,2018,493,1027,183,506,1356,1189,831,804,625,1737
1918: 
1324: 459,480
1325: 889,1932,678
1326: 
1327: 1703
1328: 1092,536,832,795
1329: 
1330: 1953,2016,1725,1381,1713,479,18,1228,1724,206
1331: 1857,582,1863,514,777,26,567,1338,1224,842,86,227,1019,1265,58,2013,808,12,7,1764,1409,1610,1221,1570,1225,1745,1496,1810,193,314
1332: 2012,414,1895,1256,417,1564,351,1763,1482,1533,1471
1798: 1968,1578,940,1128,435,698,958,477,670,1362,1595,1520,2019,251,179,1484,1342,180,1249,786
1846: 
1335: 
1336: 954,627,957,425,1298,1844
1337: 1613,177
1338: 1857,582,514,777,26,567,1331,1224,227,1019,1265,1073,58,2013,808,141,7,1764,1409,1221,193,314
1339: 1865,1816,87,1046,499,2002,1376,296,1308,273
1340: 1492,1679,194
1341: 
1342: 956,1968,1578,940,1977,1128,435,698,958,477,670,1362,1595,1520,2019,1484,1798,180,1249,1419,1045
1343: 
1344: 159,1142,211
1345: 1434,1902,2001,1056,657,933,390,942,1787,1005,713,9,1276,939,78,1799
1346: 
1347: 1125,255
1348: 
1825: 1475,448,1300,2014,247,1118,756,1901,1611,555,131
1350: 494,732,487,2006,478,1529,836,176,594,573,564,653
1351: 
1352: 157
1353: 
1354: 1507,1903
1355: 578,120,220,2003,928,491,426,876,558,760,1633,236,638,1591,200,1804,1023,1969,1179
1356: 682,541,618,1577,1322,2018,699,493,1027,1558,183,506,1189,831,901,804,1840,625,203,1737,1150
1951: 
1358: 636
1359: 
1360: 1401,98,130,72,1622,904,1965,13,797,121,1926,532,862,2015,718,769,1974,201
1361: 
1362: 1578,940,1128,435,958,2019,251,179,1484,1798,1342
1363: 885
1835: 310,1220,1279,1108
1365: 
1366: 1176,1025,957,425,1844
1367: 
1368: 
1369: 1162,1694
1370: 1097
1371: 2009,779,317,1166,30,462,145,1971,403,1288,1534,1049,1483,225
1372: 922
1373: 165,1082,1098
1996: 481,1385
1375: 1524
1376: 499,1659,378,562,2002,387,296,1308,129,273,1240,146,1865,1816,1719,87,1046,1339
1377: 365,669,2007,1013,1408,222,965,495,81,134,1945,1202,687,785
1378: 
1379: 
1878: 938
1381: 1953,2016,1725,1713,479,1295,18,1228,597,701,1724,1330,206
1382: 
1383: 263,1677,1964,2004,882,1997,1858,798,22,1124,361
1384: 
1385: 1996,481
1386: 
1387: 
1388: 
1389: 
1971: 2009,779,317,1166,30,462,145,727,403,331,1614,1288,1371,1049,1483,225,1528
1391: 
1392: 1645
1393: 1466,1836,1741
1394: 949,156,1710,1280,945,692,1079,1588,863,2017,123,163,1263,1429,1210,47,1181,1177,83
1395: 
1396: 
1397: 
1398: 
1399: 
1791: 1472,60,1734,190
1401: 98,130,72,1622,904,1965,1360,13,797,121,1926,532,862,1138,2015,718,1883,122,1562,769,1974,1957,201,267
1908: 460,917
1403: 1255,612
1404: 457,1811
1405: 
1406: 
1407: 1033,1676,1884,2005,303,1032,1563,239,1172,1243,1315,1233,286,370,947,1020
1408: 1988,1267,463,365,669,2007,1318,1013,222,1684,408,965,495,81,134,1945,1202,1186,1837,687,785,1823,1377
1409: 1857,582,514,777,26,567,1338,1331,1224,86,227,1019,1265,1073,58,2013,808,12,141,7,1764,1610,1221,1570,1225,1745,1496,1810,193,314
1410: 6,689,40,175
1411: 
1412: 406,1458,35,1927
1805: 355
1414: 
1926: 1401,98,130,72,1622,904,1965,1360,797,121,862,1138,2015,1883,122,769,1974,1957,201,267
1845: 
1417: 220,2003,426,1552,760,638,1440,1591,807,1260,1804,1575,253
1808: 1542,1038,297,115,1987
1419: 855,1568,1045,1479,1961,956,1968,1578,1977,698,958,477,670,1595,1520,2019,179,1342,180,1249,786
1420: 677,899
1421: 
1422: 
1992: 1167,100,1783,1598,1042,1060,929,1257,333,1043,1029,879,208,1061,2008,1736,49,655,1521
1424: 2012,414,1895,1256,821,730,417,1599,1564,1763,1859,1482,1533,293,192,1948,238,1471
1425: 771,1527
1426: 1929
1427: 1038,167
1428: 1122,1066
1429: 949,1710,1280,1394,945,692,1079,1588,863,2017,123,163,1487,1210,47,1774,1181,856,1177,1690,1560,1752,83
1430: 470,1044,792,496,1959
1431: 
1432: 458,109,916,229,818,132,1602,2000,903,1499,685,1204,1712,394,1728,1770,1800,77,409,1015
1433: 
1434: 1902,2001,1056,657,933,390,1705,1345,942,1772,1769,114,1787,1005,713,1062,9,482,1276,939,78,1799
1435: 874,270,2011,184,528,1795,1284,475,1853,1523,981,313,1469,1080,1708,74,1103,1838
1436: 
1437: 787,382,1850
1819: 458,109,229,818,1602,237,2000,903,1499,685,629,1244,394,574,1728,409,1015,217
1439: 
1440: 2003,426,1417,1552,760,638,807,1260,1141,1804,1575,253
1441: 492,155,887
1815: 1115,322
1443: 720,1502
1444: 
1445: 1135
1446: 780,936,1554,985,1933,1494,1641,1848,1650,590,816,170,1214,2010,1190,948,335,811,473,1024,1476,697,430,1250,298
1447: 
1448: 
1449: 
1450: 138,637
1451: 
1452: 851
1453: 634
1454: 1864
1455: 
1917: 1922,1721
1457: 
1458: 35,1412
1459: 
1460: 761
2005: 1033,1676,1884,303,1032,1563,239,1407,1172,1243,1315,1233,286,370,947,1020
1462: 
1463: 143
1464: 
1465: 
1466: 1393,1836,1741
1928: 
1468: 854,1213,796,881,1876,526,295,619
1469: 874,270,2011,184,1795,475,1523,981,1080,1708,74,914,1103,1435,1838
1470: 
1471: 1948,238,1424,2012,414,1895,1256,730,417,1599,1564,351,1859,1482,1533,1332,293
1472: 60,1734,1791,190
1473: 
1474: 
1475: 448,1300,2014,247,1118,756,1825,1901,1611,131
1476: 936,1554,1120,985,319,1641,1116,1848,1650,1123,590,170,1214,2010,963,1190,1004,948,811,1446,1024,697,430,1250,298
1477: 
1478: 125,1882,523
1479: 855,1419,1045,1961,956,1968,1977,698,958,1595,1520,2019,180,1249,786
1947: 431,197,5
1481: 
1482: 1424,2012,414,1895,1256,821,417,1599,1564,1763,1859,1533,1332,293,1948,1471
1483: 2009,779,30,462,145,1971,727,403,331,1288,1371,1534,1049,225,1528,178,1892
1484: 1968,1578,940,435,958,477,670,1362,1595,2019,251,179,1798,1342,1249,1568
1915: 
1858: 263,62,1579,1677,112,1964,2004,1383,882,1997,1972,798,22,1124,361
1487: 949,1710,945,1079,1588,2017,163,1429,1210,47,1774,856,1690,1560,1752,83
1488: 
1489: 
1490: 
1491: 116,1643,411
1492: 1146,1679,194,1340
1493: 1516,1294
1494: 780,985,1933,590,816,1214,2010,1190,948,335,811,1446,473,1024,697,430,298
1495: 1789,277
1496: 1225,1745,1541,663,1810,193,314,1857,777,1331,227,1265,2013,7,1409,1610,1570
1497: 
1498: 
1499: 458,109,818,132,1602,237,2000,903,685,629,1204,1712,394,1728,1770,1800,77,409,1432,1015,1819
1500: 
1501: 
1502: 720,1443
1503: 
1504: 80
1505: 1742,992,334,1706,352,1199
1839: 234,1717
1507: 1354
1508: 182,1727,691,1313,688,1574
1509: 
1510: 
1888: 1812
1512: 
1513: 
1514: 
1515: 1162,1694
1516: 1294,1493
1517: 1981
1518: 
1783: 1167,1992,100,1598,1042,1060,929,1257,333,1043,1029,879,208,1061,850,2008,1736,49,655,1521,1923
1520: 956,1968,1578,940,1977,1128,698,958,477,670,1595,2019,251,179,1798,1342,180,1249,786,1419,1045,1479,1961
1521: 850,2008,1736,49,1896,655,249,1216,1275,1167,1992,1783,1029,879,208,1061
2008: 850,1736,49,1896,655,249,1216,1521,1275,1923,1167,1992,100,1783,1598,1042,1060,929,1257,333,1043,1029,879,208,1061
1523: 874,270,2011,184,528,1795,1284,475,981,313,1469,1080,1708,74,914,1103,1435,1838
1524: 1375
1525: 673,1180,240,1576
1526: 1720
1527: 1425,771,791,774
1528: 2009,779,317,30,462,145,1971,727,403,331,1049,1483,178,1892
1529: 1697,494,1237,2006,1303,358,478,836,1350,176,573,564,377,653
1530: 1134
1531: 
1532: 898,997
1533: 1424,2012,414,1895,1256,821,730,417,1599,1564,351,1763,1859,1482,1332,293,1948,238,1471
1534: 2009,779,1166,30,462,145,403,1288,1371,1483,225,1892
1535: 15
1536: 244
1537: 763
1538: 1268,961
1823: 1988,1267,54,463,669,2007,1001,1408,222,1684,965,495,134,1945,1186,1052,687,785
1540: 
1541: 1225,1745,1496,663,1810,193,314,777,2013,1570
1542: 1808,297,115,1987
1543: 355,941
1544: 
1545: 
1546: 
1547: 
1548: 
1818: 
1550: 895
1551: 1759,449
1552: 220,2003,426,1417,760,1440,1591,807,1260,1804,1575,1179,253
1553: 
1554: 936,1120,985,319,1933,221,1641,1116,1848,1650,1123,590,170,1214,2010,963,1190,1004,233,1760,948,811,1446,473,1024,1476,697,1250,298
1555: 1697,1237,2006,1303,1000,1095,176
1556: 1631,2,967
1557: 285,867
1558: 541,618,1577,2018,699,493,1027,183,506,1356,1189,831,901,804,1840,203,1150
1559: 
1560: 1752,83,949,1710,945,1588,2017,163,1429,1487,1210,1774,1181,856,1690
1561: 1071
1562: 1138,2015,718,122,1852,416,769,1762,1974,1957,201,267,1401,98,130,72,1622,904,13,532,862
1563: 1033,1676,1884,2005,303,1032,239,1407,1172,1243,1315,1233,286,370,947,1020
1564: 1424,2012,414,1895,1256,730,417,1599,351,1859,1482,1533,1332,293,1948,238,1471
1836: 1741,1466,1393
1566: 1034,864,861
1567: 1226
1568: 855,1419,1961,956,1968,698,477,670,1595,2019,179,1484,1249,786
1964: 263,112,2004,1383,1858,798,22,361
1570: 1857,582,1863,514,777,567,1331,842,86,227,1019,1265,58,2013,12,1409,1610,1225,1745,1496,1541,314
1990: 693
1873: 
1573: 837,1193
1574: 691,1508
1575: 120,220,2003,491,426,1417,876,558,1552,760,236,638,1440,1591,807,1260,1804,1179,253
1576: 282,240,1849,673,1525,1180,28
1577: 682,541,618,1322,2018,493,1027,1558,183,506,1356,1189,831,804,1840,625,1737,1159
1578: 956,1968,940,1977,1128,435,698,958,477,670,1362,1595,1520,2019,251,179,1484,1798,1342,180,1249,786,1419,1045
1579: 662,263,62,1677,112,833,2004,882,1997,1972,1077,1858,1124
1580: 
1581: 841,902,1158
1582: 1978,288,325
2016: 1953,1714,1725,1381,1713,479,1295,18,1228,597,701,1924,1724,1330,206
1584: 
1824: 1697,732,1237,2006,1303,358,1000,478,836,935,1095,176,594,573,653
1811: 457,1404,1608
1587: 650,1611,555,1879,131,1934,1300,2014,1118,1901
1588: 949,156,1710,1280,1394,945,692,1079,863,2017,123,163,1429,1487,1210,47,1774,1181,856,1177,1690,1560,1752,83
1589: 
1590: 154,974,63
1591: 120,1355,220,2003,928,491,426,1417,876,558,1552,760,236,638,1260,1804,1023,1575,1179,253
1592: 
1593: 1157,95
1594: 
1595: 956,1968,1578,940,1977,698,958,477,670,1520,2019,251,179,1484,1798,1342,180,1249,786,855,1568,1419,1045,1479,1961
1812: 1888
1597: 1875
1598: 1167,1992,100,1783,1042,1060,929,1257,333,1043,1029,879,208,1061,850,2008,1736,49,1896,655,1923
1599: 1424,2012,414,1895,1256,821,730,1564,1763,1859,1482,1533,293,192,1948,238,1471
1600: 973,642
1601: 
1602: 458,109,229,237,2000,903,1499,685,629,1244,394,1728,409,1432,1015,217,1819
1867: 925
1604: 951,571
1605: 
1606: 
1607: 
1608: 457,1811
1927: 35,406,1412
1610: 1857,582,1863,514,777,567,1331,842,86,227,1265,2013,12,1409,1570,1225,1745,1496
1611: 1587,650,555,1879,131,1934,1475,448,1300,2014,247,1118,1825,1901
1799: 1434,2001,933,390,1345,114,1787,1062,9,939,78
1613: 177,1337
1614: 2009,779,317,1166,30,462,145,1971,727,331,1049,225
1615: 
1616: 1034,864
1982: 
1618: 
1919: 
1620: 
1621: 766,287
1622: 1401,98,130,72,904,1965,1360,13,797,1926,532,862,1138,2015,122,1562,769,1974,1957,267
1623: 
1872: 
1625: 
1626: 
1627: 149
1628: 
1629: 
1831: 
1631: 1556,2,967
1632: 
1633: 578,1355,220,2003,928,876,558,236,638,200,1141,1804,1023,1969
1634: 1274,728,614,557
1635: 290,1291,1311
1636: 
1637: 740,897
1638: 943,1290
1639: 
1640: 
1641: 1554,1120,985,1848,1650,590,2010,963,1004,948,811,1446,473,1024,1476,1250,298
1642: 
1643: 116,1491,411
1644: 1976,1955
1645: 1392
1646: 
1647: 
1648: 
1924: 1953,2016,1714,1725,1713,479,1295,1228,597,1724,206
1650: 936,1554,1120,985,319,1933,221,1641,1116,1848,1123,590,816,170,1214,2010,963,1190,1004,233,1760,948,335,811,1446,1024,1476,697,1250,298
1780: 
1652: 
1653: 
1654: 
1655: 
1656: 576
1657: 
1658: 1826,812
1659: 499,378,562,2002,1376,387,296,1308,129,666,273,1240,146,1816,1719,87
1660: 453
1661: 
1662: 
1663: 
1664: 1106,604
1665: 853
1860: 
2000: 458,1993,109,916,229,818,132,1602,237,903,870,1499,685,629,1204,1712,1244,394,574,1728,1770,1800,77,409,1432,1015,217,1819,339
1668: 
1669: 
1670: 
1827: 
1672: 800
1673: 
1674: 857,1885
1675: 
1676: 1033,1884,2005,303,1032,1563,239,1407,1172,1243,1020
1677: 662,263,1579,2004,1383,882,1997,1972,1077,1858,1124
1678: 
1679: 1146,1492,194,1340
1680: 254
1681: 
1682: 
1683: 
1684: 1988,1267,463,669,2007,1318,1013,1408,222,408,495,1202,1186,1052,1837,990,785,1823
1685: 
1686: 
1687: 
1688: 
1942: 593,661
1690: 949,945,692,1079,1588,2017,123,163,1429,1487,1210,47,1774,856,1560,1752,83
1966: 
1692: 
1969: 578,120,1355,220,2003,928,491,876,558,760,1633,236,638,200,1141,1023
1694: 1515,1162,1369
1695: 436
1696: 
1697: 1237,2006,1303,358,1000,478,1824,1529,836,1095,1555,176,573,377
1698: 
1699: 
1700: 
1701: 1995,350,729
1702: 357,969
1703: 1327
1704: 
1705: 1434,1902,2001,1056,657,933,390,942,1772,1769,1787,713,1062,482
1706: 1742,1505,992,334,352,1199
1707: 
1708: 874,270,2011,184,528,1795,1284,475,1523,981,313,1469,1080,74,914,1103,1435,1838
1709: 1743
1710: 949,156,1280,1394,945,692,1079,1588,863,2017,123,163,1429,1487,1210,47,1774,1181,856,1560,1752
1882: 125,337,1478,523
1712: 1993,109,916,818,132,237,2000,903,870,1499,629,1204,394,574,1728,1770,1800,77,409,1432,1015,217,339
1713: 1953,2016,1725,1381,479,18,1228,597,701,1924,1724,1330
1714: 1953,2016,1725,479,1295,1228,597,1924,1724,206
1715: 988,686,1963
1716: 1732
1717: 1839,234
1718: 
1719: 1865,1816,87,1046,499,1659,378,562,2002,1376,387,666,1240,146
1720: 1526
1721: 1917,1922
1722: 364,987,1856,906,401,8,27
1723: 
1724: 1953,2016,1714,1381,1713,479,1295,18,1228,597,701,1924,1330,206
1725: 1953,2016,1714,1381,1713,479,1295,18,1228,1924,1330,206
1726: 
1727: 182,691,1313,688,1508
1728: 458,1993,109,916,818,132,1602,237,2000,903,870,1499,685,629,1204,1712,1244,394,574,1770,1800,77,409,1432,1015,217,1819
1729: 
1730: 1910
1731: 
1732: 1716
1733: 
1734: 1472,60,1791,190
1735: 
1736: 850,2008,49,1896,655,249,1216,1521,1275,1923,1167,1992,100,1783,1598,1042,1060,1257,333,1029,879,208,1061
1737: 203,1150,1159,682,541,618,1577,1322,2018,1027,506,1356,804,625
1738: 144
1739: 707,790,572
1740: 14
1741: 1836,1466,1393
1742: 1505,992,334,1706,352,1199
1743: 1709
1744: 
1745: 1225,1496,1541,663,1810,193,314,1857,582,1863,777,1331,86,227,2013,12,1409,1610,1570
1746: 
1747: 
1748: 
2006: 1697,494,732,1237,487,1303,358,1000,478,1824,1529,836,935,1350,1095,1555,176,594,573,564,377,653
1750: 
1852: 1138,2015,718,1562,416,769,1762,1974,1957,201,267,98,130,72,13,862
1752: 1560,83,949,1710,945,1588,863,2017,123,163,1429,1487,1210,1774,1181,856,1177,1690
1753: 
1754: 366
1755: 
1756: 
1757: 
1758: 486,843,1984
1759: 449,1551
1760: 780,936,1554,985,319,1933,221,1116,1650,1123,590,816,170,1214,2010,1190,233,335,811,1024,697,430
1761: 
1762: 1138,2015,718,1883,122,1562,469,1852,416,769,1957,201,98,130,72,797,862
1763: 1424,2012,414,1895,1256,821,417,1599,1859,1482,1533,1332,293
1764: 26,1338,1331,1224,227,1019,1265,2013,141,7,1409,1221,193
1765: 