0: 1581,1536
1: 1531,1826
2: 601,1628
1842: 757
4: 
5: 197,113
6: 433,1932
7: 1541,2013,582,1225,1810,1073,141,1863,777,227,567,1745,1224,193
8: 27,1812,1544
9: 942,2001,1705,1769,482,1902,1056,657,261,1787,939,114,1345
10: 1425,1527,791
11: 177
12: 1541,1857,2013,582,141,1863,777,227,567,1338,86,1570,1331,58,808,193,1764
13: 469,121,98,718,1926,1883,1360,797,2015,1622,267,532,130,862,72,904,1957,1762,1138
14: 
15: 1654,1337,748,1127,770
16: 
17: 
18: 597,1714,2016,1725,701,1924,479,1724,206,1953,1381,1295,1228
19: 393,552,420
20: 826,1180,1631
21: 1958,1236
22: 62,361,662,798,2004,1124,833,1972,1077,1858,1677,1383,263
23: 832,1885,1674
24: 1854,1157
25: 
26: 1496,842,1409,2013,1225,1810,1073,141,567,314,514,663,1745,1570,1331,1224,1764
27: 8,1812,1544
28: 1849,282
29: 
30: 1483,1614,2009,403,1288,1971,317,145,462,779,331
1994: 65,543,230
32: 
33: 1108,310
34: 905
35: 1412,191,1458,1906,1640
36: 950,536
37: 1844,1336
38: 470,683,285,1451
39: 591,1051,1222
40: 
41: 219,635,1221
42: 
43: 
1934: 1825,1475,2014,1901,1118,448,756,1300,247,1587,1611,650,1879,131
45: 
46: 896
47: 1210,156,1181,1752,2017,692,949,856,1177,83,123,1560,1263,1487,1079,1774,1710,863
48: 
49: 1257,850,100,1029,1043,1060,655,929,1896,249,208,879,333,1091,2008,1521,1923,1783,1167,1042
50: 1910,813
51: 1936
52: 
53: 1386
54: 687,1837,495,965,463,365,1001,81,1202,1408,1377,1988,2007,1945,1186,222,1684,1013,1052,990,134,1267
55: 817,519,264
56: 
57: 1454
58: 1541,1857,2013,582,1225,1810,1863,12,567,314,663,1338,86,1570,1331,808,1224,1496,842,1409
59: 1635,1291,290,1311,781
60: 190,1734
61: 857,1201
62: 882,112,1579,361,662,798,1964,2004,1124,833,1972,1997,1077,1858,1677,1383,263,22
63: 1709
1794: 1831,389,576
65: 543,1994,230
66: 
1864: 
68: 
69: 
70: 244
71: 423
72: 121,13,718,1926,1883,797,2015,267,130,862,1965,904,1974,1562
73: 
74: 1103,1708,1795,914,2011,313,1080,981,1523,184,874,1853,1469,1838,528
75: 
76: 374
77: 1244,132,1432,409,629,903,217,2000,685,1499,1993,1712,109,818,339,1015
78: 
79: 
80: 185,284
81: 687,1837,1823,495,463,365,785,1001,54,1408,1377,2007,1945,1186,222,1684,1013,1052,408,990,134,1267
82: 
83: 47,1210,156,1181,1752,2017,692,856,1177,123,1560,1394,1263,1487,1079,1774,1588
84: 269,959,1047
85: 
86: 1857,2013,141,1863,12,777,567,314,514,1338,1570,1331,58,808,1764
87: 1046,2002,1719,1376,1339,1240,666,1659,1816,499,129,296,273,1865,562,378,146,1308
88: 
89: 1792
90: 815
91: 
92: 258
93: 
1817: 
95: 
96: 
97: 645
98: 469,121,13,201,718,1926,1883,1360,769,797,2015,1622,267,532,862,1401,904,1957,1852,1762,416,1138,122
99: 
100: 1257,850,1029,49,1043,1060,655,929,1896,249,1061,879,1992,333,1216,1736,2008,1521,1167,1042
1978: 1370
102: 
103: 
1925: 
105: 
106: 1731
107: 
108: 1321,451,1021,468,539
109: 1432,870,409,1770,629,903,217,1602,2000,685,1499,1993,1712,458,818,916,339,1015,1728,1244,77,132
1833: 445
111: 744,1145
112: 882,62,1579,361,662,798,1964,2004,1124,833,1972,1997,1077,1858,1677
113: 5,197
114: 1787,939,1345,1005,942,2001,1705,9,1902,657
115: 1542,171,1038
116: 393,552,1930,643,1643,420,1230
117: 
118: 354,568
119: 
120: 1141,578,2003,1591,807,200,220,1633,1417,1969,558,1575,1355,1260,1179,236,760
121: 13,98,718,1926,1883,1360,797,2015,1622,267,130,862,72,1401,904,1957,1762,1138,122
122: 121,98,201,718,1883,1360,769,797,2015,1622,1401,1957,1852,1762,416,1138
123: 47,1210,156,1181,1752,2017,692,949,856,1177,83,1560,1394,1263,1487,1079,1774,1588,1710,863
124: 
125: 337
126: 
127: 
128: 
129: 2002,1719,1240,1659,1865,87,562,146
130: 121,13,718,1926,1360,797,2015,267,532,72,904,1957
131: 1934,2014,1118,448,756,247,1611,650
132: 1244,77,1432,629,903,217,2000,685,1993,109,818,339,1015
133: 
134: 1013,1052,408,990,1267,687,1001,81,54,1408,2007,1186,222
135: 
136: 1452,1175
137: 
138: 
139: 
140: 1226
141: 1541,1857,2013,582,1225,1810,1073,1863,12,777,227,567,314,514,663,1745,7,86,1570,808,1224,193,1764,1496,26
1963: 259,686,1715,988,1818
143: 1665
144: 
145: 1049,1483,1528,1614,2009,403,1371,1288,1971,225,462,779,30,331
146: 1046,2002,1719,1376,1339,1240,1659,499,129,296,1865,87,562,1308
1916: 1147
148: 
149: 1984
150: 
151: 
152: 
1892: 1049,178,1483,1528,1614,2009,403,1371,1288,1166,1971,317,225,727,1534
154: 
155: 
156: 47,1210,1181,2017,692,949,1177,83,123,1560,1487,1079,1774,1588,1710
157: 
158: 1478,291
159: 211,1941,1344
1957: 121,13,98,718,1360,769,797,2015,1622,267,532,130,1852,1762,122
161: 1208
162: 1397,367
163: 1280,1394
1810: 1541,2013,582,1225,1073,141,1863,567,314,663,1745,7,58,808,1224,193,842,26,1409
165: 
166: 1976,404
167: 1427
168: 579
169: 
170: 985,1250,590,780,1024,811,948,319,1190,1120,2010,1933,1494,335,1650,430,1446,221,233,473,1004,697,1116,1214,936,1760,1641,1554,1476
171: 1038,1542,115
172: 902
173: 703
174: 1306,986,294
175: 889
176: 
177: 11
178: 1049,1483,1528,2009,1371,1166,1971,1892,225
179: 1977,477,2019,1578,1419,1520,1568,1128,1045,1968,1961,670,435,180
180: 1977,477,179,2019,1578,1419,1520,940,1128,1045,1968,1961,670,435,786
181: 
182: 325
183: 831,1983,1356,2018,541,1322,203,625,1840,1558,1150,493,1027,1577,1159,506,699
184: 981,1523,874,270,1853,1469,1435,1838,528,475,1103,1708,74,914,2011,313,1080
185: 453,80,284
186: 312,1645,758
1975: 
188: 
2001: 1799,1005,942,1705,1769,482,713,9,1902,1056,1772,1276,1062,657,261,1434,1787,939,114,1345
190: 60,886
191: 1412,35,1458,1906
192: 1763,2012,1859,1895,1533,821,1471,1482,351,730,1564,1599,414,1424,1256,1332,417,293
193: 1541,1857,2013,582,1225,1810,1073,141,1863,12,777,227,567,1745,1338,7,808,1224
194: 519,264,817
195: 
196: 962
197: 5,113
1995: 530
199: 1872,418
200: 1141,1023,2003,220,1633,120,426,1969,1804,1260,760
201: 469,98,718,1926,1883,797,2015,862,1401,1965,904,1762,1974,416,1138,122,1562
202: 
203: 831,1983,1356,2018,541,1322,625,1840,1558,1150,493,1027,183,682,1577,1737,1159,804
204: 1809,954
205: 
206: 1953,1381,1330,1295,1228,597,18,2016,1725,1924,1724
207: 1942,1700,1929
208: 249,1061,879,333,1091,1598,1736,2008,1521,1923,1783,1167,1042,49,1060,655
209: 1164
1826: 1
211: 159,1941,1344
212: 
213: 
1803: 
1854: 1157,24
216: 1982
217: 1432,903,1602,2000,685,109,818,1819,916,339,1015,574,1244,77,132
218: 1680
219: 41,635,1221
220: 1440,1141,1023,2003,200,1633,120,1417,426,1969,1575,1260,1179,760
221: 1250,590,780,1024,811,948,319,1190,1120,2010,1933,1494,335,1650,1446,170,473,697,1116,1214,936,1641,1554,1476
222: 687,1837,1823,495,965,365,1001,81,54,1408,1318,1377,1988,2007,1186,1684,1013,1052,408,990,134,1267
223: 1866,651,224
224: 223
225: 1049,178,1483,1528,1614,2009,403,1371,1288,1166,1971,1892,145,462,779,1534
226: 476
227: 1541,1857,2013,582,141,1863,12,777,1338,7,193
228: 
229: 870,409,1770,629,1602,2000,1499,1993,1712,458,339,1015,1728
230: 65,543,1994
231: 
232: 
233: 985,1250,590,1024,948,319,1190,2010,430,1446,170,473,1004,697,1116,1214,1760,1641,1476
234: 
1906: 35,191,1458,1640,1927
236: 1440,1141,1023,578,2003,1591,807,120,1417,558,1575,1355,1260,1179,928,760
237: 1770,1602,2000,1800,1819,916,574
238: 1763,2012,1895,1533,1948,1471,351,1424,1256,1332,417
239: 2005,1884,1563,1033,1172,286,1233,1676,1243,1315,303
240: 1510,382,1937,700
241: 
242: 719,1996,1096,675
1865: 1046,2002,1719,1376,1339,1240,1659,129,296,87,562,146,1308
244: 70
245: 
246: 802
247: 1825,1475,1934,2014,1901,1118,448,756,1300,1587,555,1611,650,1879,131
248: 750,763,1223,1537,1074
249: 1061,208,879,333,1091,1736,2008,1521,1923,1783,1167,1042,1257,850,100,1029,49,1060,655,929
250: 
251: 956,1595,2019,1798,1362,1419,1568,940,1479,1249,1484,958,786
252: 
253: 1440,1141,1023,578,2003,491,1633,638,1417,426,1575,1804,760
254: 1846,632
255: 556,1574,1385,1729
256: 1646
257: 920
258: 92,1130
259: 1963,686,1715,988,1818
1862: 1913
261: 2001,1705,1769,482,713,9,1902,1056,1772,1276,657,1787
262: 
263: 62,361,798,2004,833,1972,1997,1077,1858,1383,22
264: 519,194,817,55
1884: 1020,2005,1563,1033,1172,1032,286,1233,370,1676,239,1243,1315,1407
266: 1309
267: 469,121,13,98,718,1926,1360,769,797,2015,1622,532,130,72,904,1957,1762
268: 
269: 84,959,1047
270: 1523,184,874,1853,1469,1435,1838,528,1708,2011,1080
271: 
272: 
273: 1046,2002,1719,1376,1339,666,387,1816,499,296,87,378,1308
274: 
275: 1003
276: 
277: 
278: 1301
279: 1512,812,438
1804: 1440,1141,1023,578,2003,807,200,491,1633,638,876,426,1969,1575,253,1355,760
281: 
282: 1849,28
1866: 651,223
284: 80,185
285: 38,470,683,1451
286: 1020,2005,1884,1563,1033,1172,1032,1233,370,1676,239,1243,1315,303,1407
287: 1187
288: 
289: 388
290: 1635,1291,1311,59,781
291: 523,1478,158
292: 1981,1632,866,347,1517
293: 192,1763,2012,1859,1895,1533,1948,821,1471,1482,351,1564,1599,414,1424
294: 174,1306,986
295: 1876,619
296: 1046,2002,1719,1376,1339,1240,666,1659,387,1816,499,273,1865,87,562,378,146,1308
297: 
298: 
299: 
300: 
301: 1668,1891
302: 457,918
303: 2005,1563,1033,1172,286,1233,1676,239,1243,1315
304: 1406
305: 
306: 
307: 790,690,622
1938: 
1869: 868
310: 33,1108,1835
311: 1546
312: 186,758
313: 475,1103,1708,1795,74,914,2011,1080,981,184,874,1853,1469,1435,1838,528
314: 1857,2013,582,1225,1810,1073,141,777,567,514,663,1745,1338,86,1570,1331,58,808,1224,1764,1496,842,26,1409
315: 
1993: 229,870,409,1770,629,2000,685,1499,1712,109,818,339,1015,1728,1244,77,132
317: 1483,2009,403,1371,1971,1892,727,30,1534
318: 
319: 985,1250,590,780,1024,811,948,1190,1120,2010,1933,1494,335,1650,430,1446,170,221,233,473,1004,697,1116,1214,936,1760,1123,1641,1554,816,963,1476
320: 1011
321: 1669,1722,1292,906
322: 693
323: 970
1902: 1005,942,2001,1705,1769,482,9,1056,1772,1276,657,261,1434,1787,114,1345
325: 182
326: 
1953: 206,1381,1330,1295,597,18,1714,2016,1725,1924,1724
328: 
329: 
330: 1797
331: 1614,2009,403,1288,145,462,779,30
332: 
333: 249,1061,208,879,1992,1091,1216,1598,1275,1736,2008,1521,1923,1783,1167,1042,850,100,1029,49,1060,655,929,1896
334: 796,1505
335: 1250,590,780,1024,811,948,319,1190,1120,2010,1933,1494,1650,170,221,473,697,1116,1214,936,1641,1554,963
336: 1590,1743
337: 125
338: 
339: 1432,229,870,409,1770,629,217,1602,2000,685,1499,1993,1712,458,109,818,1819,916,1015,1728,1244,77,132
340: 
341: 1970,391,1092
342: 
343: 
344: 1226
345: 
1933: 1250,590,780,1024,948,319,2010,1494,335,1650,1446,170,221,473,1004,697,1116,936,1641,1554,963
347: 1981,292,1632,866,1517
1911: 
349: 1106,486
350: 
351: 192,1763,2012,1859,1895,1533,1948,1471,238,1482,730,1564,1599,414,1424,1256,1332,417,293
352: 
1970: 391,1092,341,1733
354: 118,568
355: 1805,1543,941,1059,789
356: 
357: 
358: 1000,935,732,487,2006,1303,494,653,1529,1555,377,1350,1697,478
1796: 
360: 1466,1836,1209
361: 882,112,62,1579,798,1964,2004,1124,833,1972,1997,1077,1858,1677,1383,263,22
362: 
363: 
364: 
365: 687,1837,1823,495,965,463,785,1001,81,54,1202,1318,1377,1988,2007,1186,222,1684,1052,990
366: 668
367: 1397,162
368: 
369: 
370: 1020,2005,1884,1172,1032,286,1233,1676,1243,1407
1838: 981,1523,184,874,270,1853,1469,1435,528,475,1103,1708,74,914,2011,313,1080
372: 
1893: 
374: 76
1913: 1862
376: 831,1983,1356,2018,1322,625,1558,1150,1027,682,1737,1159,804,618,1189,699
377: 1000,732,1237,2006,1303,494,653,1529,573,836,1555,1095,564,1350,358
378: 1046,2002,1719,1376,1339,1240,666,387,1816,499,296,273,87,1308
379: 
1901: 1825,1475,1934,2014,448,756,1300,247,1587,555,1611,650,1879
381: 
382: 1510,240,1937,700
383: 
384: 1657,762
1974: 469,201,718,1926,1883,797,2015,862,72,1401,1965,904,1762,416,1138,1562
386: 853,1495
387: 1046,2002,1719,1339,666,296,273,378,1308
388: 289
389: 1831,1794,576
390: 651
391: 1970,1092,341
392: 410
393: 116,552,643,1643,420,1230,19
394: 
395: 822,1122,1066
396: 452,450
397: 
398: 
399: 455,515
400: 656,992,739
401: 1392,1292
402: 
403: 1049,1483,1528,1614,2009,1371,1288,1971,1892,317,225,145,462,779,30,1534,331
404: 917,166
405: 
406: 1173
1958: 21,1236
408: 1013,1052,990,134,1267,687,81,2007,1186,222,1684
409: 1432,229,870,1770,629,1602,2000,685,1499,1993,1712,458,109,818,339,1015,1728,1244,77
410: 392
411: 
412: 
413: 
414: 192,1763,2012,1859,1895,1533,821,1482,351,730,1564,1599,1424,1332,417,293
415: 693,1990
416: 469,98,201,718,1926,1883,1360,769,797,2015,1622,862,1401,904,1852,1762,1974,1138,122,1562
417: 192,1763,2012,1895,1533,821,1471,238,351,730,1564,1599,414,1424,1256,1332
418: 1872,199
419: 885
420: 393,116,552,643,1230,19
1930: 116,1643
1894: 
423: 71,1851
1937: 1510,382,240,700
425: 957
426: 1440,1141,1023,578,2003,807,200,491,220,1633,638,1417,1969,1575,253,1804,1355,760
427: 
428: 740,607
1956: 
430: 985,1250,590,811,948,319,1190,1120,2010,170,233,697,1116,1214,1760,1641,816,1476
431: 
432: 
433: 1932,6
1939: 461
435: 1977,477,179,2019,1362,1578,1419,1520,1568,940,1128,1249,1045,1968,1961,670,180
436: 884,518
437: 
438: 1512,812,279
439: 
440: 
441: 
442: 
443: 
444: 630
445: 1833
446: 
447: 1403
448: 1825,1934,2014,1901,1118,756,247,555,1611,650,1879,131
449: 1759
450: 452,396
451: 1321,108,1021,468,539
452: 450,396
453: 185
454: 
455: 399,515
456: 1753
457: 918,302
458: 229,870,409,629,1602,2000,1712,109,339,1015,1728
459: 
460: 1908
461: 1939
462: 1483,2009,403,1288,225,145,779,30,1534,331
463: 687,1837,1823,495,965,365,785,1001,81,54,1202,1408,1377,1988,2007,1945,1186
464: 
465: 
466: 
1945: 687,1837,495,463,1001,81,54,1408,1377,2007,1013
468: 108,451,539
469: 13,98,201,718,1926,1883,1360,769,797,2015,1622,267,532,904,1852,1762,1974,416,1138
470: 38,683,285,1451,725
471: 
472: 
473: 1250,590,780,1024,811,948,319,1190,1120,2010,1933,1494,335,1650,1446,170,221,233,1004,697,1116,1214,936,1641,1554,963
474: 1016
475: 1103,1708,1795,914,2011,313,1080,184,1435,1838,528
476: 226
477: 956,1977,1595,179,2019,1798,1362,1578,1419,1520,1568,940,1128,1484,1961,670,435,180,786
478: 1000,935,732,487,2006,1303,494,653,1529,573,1555,1350,1697,358
479: 597,18,1714,2016,1725,701,1924,1724,1713,1381
480: 
481: 516
482: 942,2001,1705,1769,713,9,1902,1056,1772,1276,1062,657,261,1434
1871: 1171,1041,775,1656
1980: 1028
485: 
486: 1106,349
487: 1000,935,2006,1303,494,1529,594,836,1350,1697,358,478
1879: 1825,1475,1934,2014,1901,1118,448,756,1300,247,1587,555,1611,650
1787: 939,114,1345,1005,942,2001,1705,1769,9,1902,1056,657,261,1434
490: 551,847
491: 1440,1023,578,2003,807,638,1417,876,426,558,1575,253,1804,1355,928
492: 636,1358
493: 831,1983,1356,2018,541,1322,203,625,1840,1558,1150,1027,183,682,1577,1159,506
494: 1000,935,732,1237,487,2006,1303,653,1529,594,573,836,1555,1095,377,564,1350,1697,358,478
495: 687,1837,1823,965,463,365,785,1001,81,54,1202,1318,1377,1988,2007,1945,1186,222,1684,1052,990,1267
496: 
497: 925,1768
1968: 956,179,2019,1798,1419,1520,1568,940,1484,1045,1961,670,435,180
499: 1046,2002,1376,1240,666,1816,296,273,87,378,146,1308
500: 1208
501: 1500
502: 
503: 
504: 
2010: 985,1250,590,780,1024,811,948,319,1190,1120,1933,1494,335,1650,430,1446,170,221,233,473,1004,697,1116,1214,936,1760,1123,1641,1554,816,963,1476
506: 831,1983,1356,2018,1558,1150,493,1027,183,1577,1159,901,1189,699
507: 
508: 
509: 1008
510: 766
511: 1639,1197
512: 
513: 1011
514: 1857,2013,582,1225,1073,141,777,567,314,663,1745,86,1570,1331,808,1224,1764,1496,842,26,1409
515: 455,399,1973
516: 481
517: 
518: 884,436
519: 194,264,817,55
520: 
1849: 282,28
1977: 477,179,2019,1362,1578,1419,1520,1568,940,1128,1045,1961,670,435,180
523: 1478,291
524: 
525: 
526: 881,854
527: 
528: 981,1523,184,874,270,1853,1469,1435,1838,475,1103,1708,1795,74,914,2011,313,1080
529: 
530: 1995
531: 
532: 469,13,98,718,1360,769,797,2015,1622,267,130,904,1957,1762
533: 
534: 1513,880
535: 
536: 950,36
2003: 1440,1141,1023,578,1591,807,200,491,220,1633,120,638,1417,876,426,1969,558,1575,253,1804,1355,1260,1179,928,236,760
538: 
539: 1321,108,451,1021,468
540: 570
541: 831,1356,2018,1322,203,625,1840,493,1027,183,1737
1789: 
543: 65,1994,230
544: 
545: 
546: 
547: 1192,680,891,1447
548: 
549: 598,704
1997: 882,112,62,361,798,1964,2004,1124,833,1972,1077,1677,263
551: 847,490
552: 393,116,643,1643,420,1230,19
553: 1220
554: 
555: 1825,1475,2014,1901,448,1300,247,1587,650,1879
556: 1574,1385,1729,255,691,893
557: 
558: 1440,1141,578,2003,1591,807,491,120,638,1417,876,1969,1575,1355,1179,928,236
559: 
560: 
561: 800,1672
562: 2002,1719,1376,1339,1240,666,1659,129,296,1865,87,146
563: 
564: 1000,935,732,1237,2006,1303,494,653,573,836,1555,1095,377,1350
565: 1193,1444
566: 
567: 1541,1857,2013,582,1225,1810,1073,141,1863,12,777,314,514,663,1745,1338,7,86,1570,1331,58,808,1224,193,1764,1496,842,26,1409
568: 354,118
2013: 1541,1857,582,1225,1810,1073,141,1863,12,777,227,567,314,514,663,1745,1338,7,86,1570,1331,58,808,1224,193,1764,1496,842,26,1409
570: 540
571: 1604
572: 
573: 1000,935,732,1237,2006,1303,494,653,1529,594,836,1555,1095,377,564,1350,1697,478
574: 1432,1770,217,1602,2000,685,1800,237,1819,916
575: 
576: 1831,389,1794
577: 
578: 1440,1141,1023,2003,1591,807,491,120,638,1417,876,426,1969,558,1575,253,1804,1355,928,236,760
579: 168
580: 
1830: 
582: 1541,1857,2013,1225,1810,1073,141,1863,12,777,227,567,314,514,663,1745,1338,7,1570,58,808,1224,193,1409
1910: 50,813
584: 
585: 1281
586: 
587: 
588: 1231,1806
1829: 824
590: 985,1250,780,1024,811,948,319,1190,1120,2010,1933,1494,335,1650,430,1446,170,221,233,473,1004,697,1116,1214,936,1760,1641,1554,816,963,1476
591: 39,1051,1222
592: 987
593: 661
594: 1000,487,2006,1303,494,1529,573,836,1095,1350,1697
595: 
596: 
597: 18,1714,2016,1725,701,1924,479,1724,206,1953,1381,1295,1228
598: 549,704
599: 
600: 861
601: 2,1628
2012: 192,1763,1859,1895,1533,1948,821,1471,238,1482,351,730,1564,1599,414,1424,1256,1332,417,293
603: 
604: 
605: 1072
606: 
607: 428,740
608: 
1929: 207,1700
610: 
611: 
612: 
613: 
614: 1274,728,1071
615: 
616: 
617: 
618: 1356,2018,625,376,1558,682,1737,804,1189
619: 1876,295
620: 1882,1720
621: 
622: 790,690,307
1859: 192,1763,2012,1895,1533,1948,821,1471,1482,351,1564,1599,414,1424,293
624: 1317
625: 831,1983,1356,2018,541,1322,203,1840,376,1558,1150,493,1027,183,682,1737,1159,804,618,1189
626: 982,932
627: 
628: 
629: 1432,229,870,409,2000,685,1499,1993,1712,458,109,818,339,1015,1728,1244,77,132
630: 444
631: 927
632: 254,1846
633: 
634: 
635: 219,41,1221
636: 492,1358
637: 1277,1845
638: 1440,1141,578,2003,807,491,1633,1417,876,426,1969,558,1575,253,1804,1355,928
1855: 
1844: 1336,37
641: 
642: 1030,973,912
643: 393,116,552,1643,420,1230
644: 
645: 97,1952
1920: 
1828: 
1943: 
649: 
650: 1825,1475,1934,2014,1901,1118,448,756,1300,247,555,1611,1879,131
651: 1866,390,223
1922: 1702
653: 1000,935,732,2006,1303,494,1529,573,1555,377,564,1350,1697,358,478
654: 
655: 1257,850,100,1029,49,1043,1060,929,1896,249,208,879,1992,333,1091,1736,2008,1923,1783,1167,1042
656: 992,400,739
657: 1005,2001,1705,1769,482,9,1902,1056,1772,261,1787,114
1795: 475,1103,74,914,2011,313,1080,1853,528
659: 
660: 
661: 593
662: 112,62,1579,798,1964,2004,1124,833,1972,1077,1858,1677,22
663: 1857,2013,582,1225,1810,1073,141,567,314,514,1745,1570,1331,58,808,1224,1764,1496,842,26,1409
664: 
1921: 
666: 1046,2002,1719,1376,1339,1240,387,499,296,273,87,562,378
667: 
668: 366
669: 
670: 956,1977,477,179,2019,1798,1578,1419,1520,1568,940,1128,1484,1045,1968,1961,435,180
671: 
672: 1856,1292,906,1392
673: 
1806: 926,1231,588
675: 719,242,1996,1096
676: 
677: 1914,1420
678: 708,749,1325
679: 1673
680: 1192,891,547,1447
681: 
682: 831,1983,1356,2018,1322,203,625,1840,376,1558,1150,493,1737,1159,804,618,1189
683: 38,470,285,1451,725
684: 
685: 1432,870,409,1770,629,903,217,1602,2000,1499,1993,1800,109,818,1819,916,339,1015,574,1244,77,132
686: 259,1963,1715,988,1818
687: 1837,1823,495,463,365,785,1001,81,54,1202,1408,1377,1988,2007,1945,1186,222,1013,1052,408,990,134,1267
688: 1508,1313
689: 922,1382
690: 790,622,307
691: 556,893
692: 47,1210,156,1181,1752,2017,949,856,1177,83,123,1560,1394,1263,1487,1079
693: 322,415,1990
694: 
695: 
696: 890
697: 985,1250,590,780,1024,811,948,319,1190,1120,2010,1933,1494,335,430,1446,170,221,233,473,1004,1116,1214,936,1760,1641,1476
698: 1083,855
699: 901,1189,831,1983,1356,2018,376,1558,1150,1027,183,1577,1159,804,506
700: 1510,382,240,1937
701: 597,18,1714,2016,1725,1924,479,1381,1295,1228
2009: 1049,178,1483,1528,1614,403,1371,1288,1166,1971,1892,317,225,145,462,727,779,30,1534,331
703: 173
704: 549,598
705: 
706: 
707: 
708: 749,678,1325
709: 
710: 
711: 
712: 764,1218
713: 1799,942,2001,1769,482,1056,1772,1276,1062,261,1434
2011: 475,1103,1708,1795,74,914,313,1080,981,1523,184,874,270,1853,1469,1435,1838,528
715: 
716: 
717: 
718: 469,121,13,98,201,1926,1883,1360,769,797,2015,1622,267,532,130,862,72,1401,1965,904,1957,1852,1762,1974,416,1138,122,1562
719: 242,1996,1096,675
720: 
1941: 211,159,1344
722: 875
723: 787
724: 
725: 470,683,1451,792
1887: 
727: 1483,2009,1971,1892,317,1534
728: 614,1274,1071
729: 
730: 192,1763,2012,1895,1471,351,1564,1599,414,1256,1332,417
731: 
732: 1000,935,1237,2006,1303,494,653,1529,573,836,1555,1095,377,564,1350,1697,358,478
733: 
734: 
735: 843
1983: 831,1356,2018,203,625,1840,376,1558,1150,493,1027,183,682,1577,1159,804,506,901,1189,699
737: 
738: 
739: 656,992,400
740: 428,607
741: 
1848: 1278
743: 
744: 111,1145
745: 
746: 
747: 
748: 1654,15,1337,1127,770,1155
749: 708,678,1325
750: 248,1537,1074
751: 1664,1136
752: 
753: 1648
754: 
755: 
756: 1934,2014,1901,1118,448,1300,247,1611,650,1879,131
757: 1842
758: 312,186
759: 
760: 1440,1141,1023,578,2003,1591,807,200,220,1633,120,1417,426,1969,1575,253,1804,1260,1179,236
761: 
762: 1657,384
763: 248
764: 712,1218
765: 1703
766: 510
1870: 897,1058
768: 
769: 469,98,718,1360,797,2015,1622,267,532,1957,1852,1762,416,122
770: 1155,15,748,1127
771: 
772: 
773: 794,1285
774: 1125,1950
775: 1171,1871,1509,1656
776: 
777: 1541,1857,2013,582,1225,1073,141,1863,12,227,567,314,514,1745,1338,7,86,1570,1331,808,1224,193,1764
2015: 469,121,13,98,201,718,1926,1883,1360,769,797,1622,267,532,130,862,72,1401,1965,904,1957,1852,1762,1974,416,1138,122,1562
779: 1614,2009,403,1288,225,145,462,30,331
780: 1250,590,811,319,2010,1933,1494,335,1650,1446,170,221,473,1004,697,1116,936,1123,1641,1554,963
781: 1635,1291,290,1311,59
782: 
783: 
784: 
785: 687,1837,1823,495,965,463,365,81,1202,1318,1377,1988,2007,1186
786: 956,477,1595,2019,251,1798,1362,1578,1419,1520,1568,940,1128,1479,1249,1484,958,1961,180
787: 723
1891: 301,1668
789: 1805,941,355,1059,1661
790: 690,622,307
791: 1425,10
792: 1451,725
793: 982,860
794: 1285,773
795: 
796: 334
797: 469,121,13,98,201,718,1926,1883,1360,769,2015,1622,267,532,130,72,904,1957,1852,1762,1974,416,1138,122
798: 112,62,1579,361,662,1964,2004,1124,833,1972,1997,1077,1858,1677,1383,263,22
799: 
800: 561,1672
801: 
802: 246
803: 
804: 831,1983,1356,2018,1322,203,625,1840,376,1558,1150,1027,682,1737,1159,618,1189,699
805: 
806: 
807: 1440,1141,578,2003,1591,491,1633,120,638,1417,876,426,1969,558,1575,1804,1355,1260,1179,928,236,760
808: 1541,1857,2013,582,1225,1810,1073,141,1863,12,777,567,314,514,663,1745,1338,86,1570,1331,58,1224,193,1764,1496,1409
809: 
810: 
811: 985,1250,590,780,319,1190,1120,2010,1494,335,1650,430,170,221,473,697,1116,1214,936,1760,1123,1641,1554,816,963
812: 1512,279,438
813: 50,1910
814: 
815: 90
816: 1123,1641,1554,963,985,1250,590,811,319,1120,2010,1494,430,1004,1116,1214,936,1760
817: 55,519,194,264
818: 1432,409,1770,629,903,217,1602,2000,685,1499,1993,1712,109,1819,916,339,1015,1728,1244,77,132
819: 
820: 1139
821: 192,1763,2012,1859,1895,1533,1948,1471,1482,1564,1599,414,1424,1256,1332,417,293
822: 395,1122,1066
823: 
824: 1829
2017: 47,1210,156,1181,1752,692,949,856,1177,83,123,1560,1394,1263,1487,1079,1690,1774,1588,1710,863
826: 1180,1631,20
827: 
828: 
829: 
830: 
831: 1983,1356,2018,541,1322,203,625,1840,376,1558,1150,493,1027,183,682,1577,1737,1159,804,506,901,1189,699
832: 23,1674
833: 112,62,1579,361,662,798,2004,1124,1972,1997,1077,1858,1677,1383,263,22
834: 
835: 1694,1515
836: 1000,732,1237,487,2006,1303,494,1529,594,573,1555,1095,377,564,1350
837: 
1985: 1701
839: 
1984: 149
841: 1158,1687
842: 1496,26,1409,2013,1225,1810,1073,567,314,514,663,1331,58,1224
843: 735
844: 
1955: 
1801: 
847: 551,490
2004: 882,112,62,1579,361,662,798,1964,1124,833,1972,1997,1077,1858,1677,1383,263,22
1816: 1046,2002,1376,499,296,273,87,378,1308
850: 1257,100,1029,49,1043,1060,655,929,1896,249,879,1992,333,1091,1736,2008,1521,1923,1167,1042
851: 
852: 
853: 1495,386
854: 881,1505,526
855: 1083,698
856: 47,1752,2017,692,83,123,1560,1394,1263,1487,1774
857: 1201,61
858: 
1821: 1121
860: 793,982
861: 600
862: 121,13,98,201,718,1926,1883,2015,72,1401,1965,904,1974,416,1138,1562
863: 47,1210,2017,949,1177,123,1560,1690,1774,1710
864: 
865: 
866: 292,1632,347,1517
867: 
868: 1869
1950: 774
870: 229,409,1770,629,1602,2000,685,1499,1993,1712,458,109,339,1015,1728
871: 
1793: 1439,1266,1755
873: 978
874: 981,1523,184,270,1853,1469,1435,1838,528,1103,74,914,2011,313,1080
875: 722
876: 1440,578,2003,1591,807,491,638,1417,558,1575,1804,1355,928
877: 
1785: 
879: 249,1061,208,1992,333,1091,1216,1598,1275,1736,2008,1521,1923,1167,1042,850,100,1029,49,1060,655,929,1896
880: 1513,534
881: 1505,854,526
882: 112,62,361,1964,2004,1997,1077,1677
883: 
884: 436,518
885: 419
886: 190
887: 
1895: 192,1763,2012,1859,1533,1948,821,1471,238,1482,351,730,1564,1599,414,1424,1256,1332,417,293
889: 175
890: 696
891: 1192,680,547,1447
892: 1874
893: 556,1574,691
894: 
895: 
896: 46
897: 1058,1870
898: 1176,1470
899: 
1960: 
901: 1189,699,831,1983,2018,1558,1150,1027,1577,1159,506
902: 172
903: 1432,217,2000,685,1499,109,818,1819,916,77,132
904: 469,121,13,98,201,718,1926,1883,1360,797,2015,1622,267,532,130,862,72,1965,1762,1974,416,1138,1562
905: 34
906: 1856,672,1292,1722,321
2007: 687,1837,1823,495,965,463,365,785,1001,81,54,1202,1408,1318,1377,1988,1945,1186,222,1684,1013,1052,408,990,134,1267
1853: 981,1523,184,874,270,1469,1435,1838,528,1103,1708,1795,74,914,2011,313,1080
909: 1616
1832: 
911: 
912: 1030,642
913: 
914: 475,1103,1708,1795,74,2011,313,1080,981,184,874,1853,1838,528
915: 
916: 1432,1770,903,217,1602,2000,685,1499,1800,109,237,818,1819,339,574
917: 404
918: 457,302
1959: 1430
920: 257
1986: 1310
922: 689,1382
923: 
924: 
925: 497,1768
926: 1806
927: 631
928: 1440,578,2003,1591,807,491,638,1417,876,558,1575,1355,236
929: 1257,850,100,1029,49,1043,1060,655,1896,249,1061,879,1992,333,1091,1216,1598,1736,2008,1521,1923,1167,1042
930: 
1856: 672,906
932: 626
933: 
934: 
935: 1000,732,1237,487,2006,1303,494,653,1529,573,1555,564,1350,1697,358,478
936: 1250,590,780,811,319,1190,1120,2010,1933,1494,335,1650,170,221,473,1004,697,1116,1214,1760,1123,1641,1554,816,963
937: 1343,1647
938: 
939: 1787,114,1345,2001,1705,9
940: 956,1977,477,1595,2019,251,1798,1362,1578,1419,1520,1568,1128,1479,1249,1484,1045,1968,958,1961,670,435,180,786
941: 1805,1543,355,1059,789
942: 1799,1005,2001,1705,1769,482,713,9,1902,1056,1276,1062,1434,1787,114,1345
943: 
944: 
945: 
946: 
947: 
948: 985,1250,590,1024,319,1190,1120,2010,1933,1494,335,430,1446,170,221,233,473,697,1116,1214,1760,1641,1476
949: 47,1210,156,1181,2017,692,1177,123,1560,1263,1690,1774,1710,863
950: 536,36
951: 1604
952: 
1807: 
954: 204,1809
1850: 
956: 477,1595,2019,251,1798,1362,1419,1520,1568,940,1479,1484,1968,1961,670,786
957: 425
958: 1595,2019,251,1798,1362,1568,940,1479,1249,1484,786
959: 269,84,1047
960: 
961: 1006,1268
962: 196
963: 1123,1641,1554,816,1250,590,780,811,319,2010,1933,1494,335,1650,473,1004,1116,936
964: 
965: 1837,495,463,365,785,1001,54,1202,1318,1377,1988,2007,1186,222
966: 
967: 
968: 
969: 
970: 323
971: 
1965: 201,718,1926,1883,2015,862,72,904,1974,1562
973: 1030,642
974: 
975: 
976: 
977: 1298,1663
978: 873
979: 
980: 1262
981: 1523,184,874,1853,1469,1838,528,1103,74,914,2011,313
982: 793,626,860
983: 
984: 
985: 1250,590,811,948,319,1190,1120,2010,1494,430,170,233,1004,697,1116,1214,1760,1123,1641,1554,816,1476
986: 174,1306,294
987: 592
988: 259,1963,686,1715,1818
1889: 
990: 1013,1052,408,134,1267,687,495,365,1001,81,54,1408,1377,2007,1186,222,1684
991: 
992: 656,400,739
1999: 
994: 1319
995: 1132
1797: 330
997: 1287,1247
1874: 892
999: 
1000: 935,732,1237,487,2006,1303,494,653,1529,594,573,836,1555,1095,377,564,1350,1697,358,478
1001: 687,1837,1823,495,965,463,365,81,54,1408,1377,1988,2007,1945,1186,222,1013,1052,990,134,1267
1904: 1035
1003: 275
1004: 985,1250,590,780,319,2010,1933,1650,1446,170,233,473,697,1116,936,1123,1641,1554,816,963
1005: 1799,942,2001,1705,1769,1902,1056,1772,1276,657,1434,1787,114,1345
1006: 961,1268
1952: 645
1008: 509
1009: 1493
1010: 
1011: 320,513
1012: 
1013: 1052,408,990,134,1267,687,1823,1001,81,54,1408,1377,2007,1945,1186,222
1014: 
1015: 1432,229,870,409,1770,629,217,1602,2000,685,1993,1712,458,109,818,339,1728,1244,77,132
1016: 474
1017: 
1018: 
1019: 
1020: 2005,1884,1563,1033,1172,1032,286,370,1676,1243,1315,1407
1021: 1321,108,451,539
1022: 
1023: 1440,1141,578,2003,200,491,220,1633,1417,426,1969,1575,253,1804,1260,236,760
1024: 1250,590,948,319,1190,2010,1933,335,1446,170,221,233,473,697,1116
1025: 
1026: 
1027: 831,1983,1356,2018,541,1322,203,625,1840,376,1558,1150,493,183,1577,1159,804,506,901,1189,699
1028: 1980
1029: 1257,850,100,49,1043,1060,655,929,1896,249,879,1992,333,1091,1736,2008,1923,1167,1042
1030: 973,912,642
1903: 
1032: 1020,2005,1884,1172,286,1233,370,1676,1407
1033: 1020,2005,1884,1563,1172,286,1233,1676,239,1243,1315,303,1407
1034: 
1035: 1904
1036: 1365
1037: 
1038: 171,1542,115
1863: 1541,1857,2013,582,1225,1810,1073,141,12,777,227,567,1745,1338,7,86,1570,58,808,1224,193,1764
1040: 1421,1463
1041: 1171,1831,1871
1042: 249,1061,208,879,1992,333,1091,1598,1736,2008,1521,1923,1783,1167,1257,850,100,1029,49,1043,1060,655,929,1896
1043: 1257,850,100,1029,49,1060,655,929,1896,1992,2008,1167,1042
1044: 
1045: 1977,179,2019,1798,1419,1520,1568,940,1249,1968,1961,670,435,180
1046: 2002,1719,1376,1339,1240,666,1659,387,1816,499,296,273,1865,87,378,146,1308
1047: 269,84,959
1048: 
1049: 178,1483,1528,1614,2009,403,1371,1288,1166,1971,1892,225,145
1050: 
1051: 1222,591,39
1052: 1013,408,990,134,1267,687,1823,495,365,1001,81,54,1408,1377,1988,2007,1186,222,1684
1053: 
1054: 1811
1055: 1991,1504
1056: 1005,942,2001,1705,1769,482,713,9,1902,1772,1276,1062,657,261,1434,1787,1345
1057: 
1058: 897,1870
1059: 1805,1543,941,355,789,1661
1060: 1257,850,100,1029,49,1043,655,929,1896,249,208,879,1992,333,1091,1736,2008,1521,1923,1783,1167,1042
1061: 249,208,879,1992,333,1091,1216,1598,1275,1736,2008,1521,1167,1042,100,929
1062: 1799,942,2001,1705,482,713,1056,1772,1276,1434,1345
1875: 1688,1316
1064: 
1936: 51
1066: 395,822,1122
1067: 
1899: 
1069: 
1070: 
1071: 614,1274,728
1072: 605
1073: 1541,1857,2013,582,1225,1810,141,1863,777,567,314,514,663,1745,7,808,1224,193,842,26,1409
1074: 1223,1537,750,248
1075: 
1979: 
1077: 882,112,62,1579,361,662,798,1964,2004,1124,833,1972,1997,1858,1677,1383,263,22
1078: 
1079: 47,1210,156,1181,1752,2017,692,1177,83,123,1560,1394,1487,1774,1588
1080: 475,1103,1708,1795,74,914,2011,313,1523,184,874,270,1853,1469,1435,1838,528
1081: 
1082: 
1083: 698,855
1792: 89
1973: 515
2002: 1046,1719,1376,1339,1240,666,1659,387,1816,499,129,296,273,1865,87,562,378,146,1308
1087: 
1088: 
1089: 1726
1948: 1763,2012,1859,1895,1533,821,1471,238,351,1564,1599,1424,293
1091: 249,1061,208,879,1992,333,1598,1275,1736,2008,1923,1783,1167,1042,1257,850,1029,49,1060,655,929,1896
1092: 1970,391,341
1093: 
1094: 
1095: 1000,732,1237,2006,1303,494,1529,594,573,836,377,564,1350,1697
1096: 719,242,1996,675
1097: 
1098: 1281
1099: 
1100: 1289
1988: 687,1837,1823,495,965,463,365,785,1001,54,1202,1318,1377,2007,1186,222,1684,1052,1267
1102: 
1103: 475,1708,1795,74,914,2011,313,1080,981,1523,184,874,1853,1469,1838,528
1104: 
1105: 1582,1297
1106: 349,486
1107: 
1108: 33,310
1837: 687,495,965,463,365,785,1001,81,54,1202,1408,1377,1988,2007,1945,1186,222,1267
1110: 
1111: 1786
1112: 
1944: 
1114: 
1115: 
1116: 985,1250,590,780,1024,811,948,319,1190,1120,2010,1933,1494,335,1650,430,1446,170,221,233,473,1004,697,1214,936,1760,1123,1641,1554,816,963
1117: 
1118: 1825,1934,2014,448,756,1300,247,1587,1611,650,1879,131
1883: 469,121,13,98,201,718,1926,1360,797,2015,1622,862,72,1401,1965,904,1762,1974,416,1138,122,1562
1120: 985,1250,590,811,948,319,1190,2010,1494,335,430,170,221,473,697,1116,1214,936,1760,1641,1554,816,1476
1121: 1821,1125
1122: 395,822,1066
1123: 1641,1554,816,963,985,1250,780,811,319,2010,1004,1116,936,1760
1124: 112,62,1579,361,662,798,1964,2004,833,1972,1997,1077,1858,1677,22
1125: 774,1121
1126: 
1127: 1654,15,748,770
1128: 1977,477,179,2019,1362,1578,1419,1520,1568,940,1484,1961,670,435,180,786
1905: 
1130: 258
1131: 
1132: 995
1133: 
1134: 
1135: 
1136: 1664,1615,751
1991: 1504,1055
1138: 469,121,13,98,201,718,1926,1883,1360,797,2015,1622,862,1401,904,1852,1762,1974,416,122,1562
1139: 820
1809: 204,954
1141: 1440,1023,578,2003,1591,807,200,220,1633,120,638,1417,426,1969,558,1575,253,1804,1355,1260,1179,236,760
1142: 
1143: 
1144: 
1145: 111,744
1146: 1245
1147: 1916
1148: 
2018: 831,1983,1356,541,1322,203,625,1840,376,1558,1150,493,1027,183,682,1577,1737,1159,804,618,506,901,1189,699
1150: 831,1983,1356,2018,203,625,1840,376,1558,493,1027,183,682,1577,1159,804,506,901,1189,699
1151: 
1152: 
1153: 1195,1239
1857: 1541,2013,582,1225,1073,141,1863,12,777,227,567,314,514,663,1745,1338,86,1570,1331,58,808,1224,193,1764,1496,1409
1155: 770,748
2019: 956,1977,477,1595,179,251,1798,1362,1578,1419,1520,1568,940,1128,1479,1249,1484,1045,1968,958,1961,670,435,180,786
1157: 1854,24
1158: 841,1687
1159: 831,1983,1356,2018,1322,203,625,1840,376,1558,1150,493,1027,183,682,1577,1737,804,506,901,1189,699
1160: 
1161: 
1162: 1387,1369
1840: 831,1983,1356,2018,541,1322,203,625,1558,1150,493,1027,183,682,1577,1737,1159,804
1164: 209
1923: 249,208,879,333,1091,1598,1736,2008,1783,1167,1042,1257,850,1029,49,1060,655,929,1896
1166: 1049,178,1483,1528,1614,2009,1371,1971,1892,225
1167: 249,1061,208,879,1992,333,1091,1216,1598,1275,1736,2008,1521,1923,1042,1257,850,100,1029,49,1043,1060,655,929,1896
1168: 1629
1967: 
1786: 1111
1171: 1041,1871,775
1172: 1020,2005,1884,1563,1033,1032,286,1233,370,1676,239,1243,1315,303,1407
1173: 406
1174: 1215,1258
1175: 136
1176: 898,1470
1177: 47,1210,156,1181,2017,692,949,83,123,1560,1079,1690,1774,1588,1710,863
1940: 
1179: 1141,2003,1591,807,220,120,1417,1969,558,1260,236,760
1180: 826,1631,20
1181: 47,1210,156,1752,2017,692,949,1177,83,123,1560,1263,1487,1079,1774,1588
1182: 1698
1183: 
1184: 1302
1185: 
1186: 687,1837,1823,495,965,463,365,785,1001,81,54,1202,1408,1318,1377,1988,2007,222,1684,1013,1052,408,990,134,1267
1187: 287
1188: 
1189: 901,699,831,1983,1356,2018,625,376,1558,1150,1027,682,1737,1159,804,618,506
1190: 985,1250,590,1024,811,948,319,1120,2010,1494,335,430,1446,170,221,233,473,697,1116,1214,936,1760,1641,1476
1191: 
1192: 680,891,547,1447
1193: 565,1444
1194: 
1195: 1153,1239
1196: 
1197: 1639,511
1198: 
1199: 
1200: 
1201: 857,61
1202: 687,1837,1823,495,965,463,365,785,54,1318,1377,1988,2007,1186
1203: 
1204: 
1205: 
1987: 
1822: 
1208: 500,161
1209: 1836,360,1466
1210: 47,156,1181,1752,2017,692,949,1177,83,123,1560,1263,1079,1690,1774,1588,1710,863
1211: 
1212: 
1213: 
1214: 985,1250,590,811,948,319,1190,1120,2010,1494,335,430,170,221,233,473,697,1116,936,1760,1641,1554,816,1476
1215: 1174,1258,1227
1216: 1061,879,1992,333,1598,1275,1736,2008,1521,1167,100,929,1896
1217: 
1218: 712,764
1885: 23
1220: 553
1221: 219,41,635
1222: 1051,591,39
1223: 1537,1074,248
1224: 1541,1857,2013,582,1225,1810,1073,141,1863,777,567,314,514,663,1745,7,1570,1331,58,808,193,1764,1496,842,26,1409
1225: 1541,1857,2013,582,1810,1073,141,1863,777,567,314,514,663,1745,1338,7,1570,1331,58,808,1224,193,1764,1496,842,26,1409
1226: 344,140
1227: 1215
1228: 206,1381,1295,597,18,2016,1725,701
1229: 
1230: 393,116,552,643,420
1231: 588,1806
1232: 
1233: 2005,1884,1033,1172,1032,286,370,1676,239,1243,1315,303,1407
1234: 
1896: 1257,850,100,1029,49,1043,1060,655,929,879,1992,333,1091,1216,1598,1275,1736,2008,1923,1167,1042
1236: 1958,21
1237: 1000,935,732,2006,1303,494,1529,573,836,1555,1095,377,564,1350
1876: 295,619
1239: 1195,1153
1240: 1046,2002,1719,1376,1339,666,1659,499,129,296,1865,87,562,378,146
1241: 
1914: 1420,677
1243: 1020,2005,1884,1033,1172,286,1233,370,1676,239,1315,303,1407
1244: 77,132,1432,409,629,217,2000,685,1499,1993,1712,109,818,339,1015,1728
1245: 1146
1246: 
1247: 997,1287
1248: 
1249: 2019,251,1798,1362,1578,1419,1568,940,1479,1484,1045,958,1961,435,786
1250: 985,590,780,1024,811,948,319,1190,1120,2010,1933,1494,335,1650,430,1446,170,221,233,473,1004,697,1116,1214,936,1760,1123,1641,1554,816,963
1251: 
1252: 1373
1253: 
1800: 1770,1602,2000,685,1499,237,1819,916,574
1255: 1393
1256: 192,1763,2012,1895,1533,821,1471,238,351,730,1424,1332,417
1257: 850,100,1029,49,1043,1060,655,929,1896,249,1091,2008,1521,1923,1783,1167,1042
1258: 1174,1215
1259: 
1260: 1141,1023,2003,1591,807,200,220,1633,120,1417,1969,1179,236,760
1261: 
1262: 980
1263: 47,1210,1181,1752,2017,692,949,856,83,123,1560,1394
1264: 1453
1265: 
1266: 1439,1747,1755,1793
1267: 1013,1052,408,990,134,687,1837,495,1001,81,54,1408,1377,1988,2007,1186,222,1684
1268: 1006,961
1912: 
1270: 
1868: 
1272: 1353
1273: 
1274: 614,728,1071
1275: 1061,879,1992,333,1091,1216,1598,1736,2008,1167,1896
1276: 1799,1005,942,2001,1705,1769,482,713,1902,1056,1772,1062,261,1434,1345
1277: 637,1845
1278: 1848
1279: 
1280: 163
1281: 1098,585
1282: 
1283: 1343,1647
1284: 
1285: 794,773
1961: 956,1977,477,179,2019,1798,1362,1578,1419,1520,1568,940,1128,1249,1484,1045,1968,670,435,180,786
1287: 997,1247
1288: 1049,1483,1614,2009,403,1892,225,145,462,779,30,1534,331
1289: 1100
1290: 
1291: 1635,290,1311,59,781
1292: 672,906,321,1392,401
1293: 
1294: 
1295: 206,1953,1381,1330,1228,597,18,1714,2016,1725,701,1924,1724
1296: 1395
1297: 1582,1105
1298: 1663,977
1299: 
1300: 1825,1475,1934,2014,1901,1118,756,247,1587,555,1611,650,1879
1301: 278
1302: 1184
1303: 1000,935,732,1237,487,2006,494,653,1529,594,573,836,1555,1095,377,564,1350,1697,358,478
1954: 1556
1305: 
1306: 174,986,294
1307: 
1308: 1046,2002,1719,1376,1659,387,1816,499,296,273,1865,87,378,146
1309: 266
1310: 1986
1311: 1635,1291,290,59,781
1932: 433,6
1313: 1508,688
1981: 292,1632,347,1517
1315: 1020,2005,1884,1563,1033,1172,286,1233,1676,239,1243,303,1407
1316: 1688,1875
1317: 624
1318: 1823,495,965,365,785,1202,1988,2007,1186,222,1684
1319: 994
2014: 1825,1475,1934,1901,1118,448,756,1300,247,1587,555,1611,650,1879,131
1321: 108,451,1021,539
1322: 831,1356,2018,541,203,625,1840,376,1558,493,1027,183,682,1737,1159,804
1918: 
1324: 
1325: 708,749,678
1326: 
1327: 
1328: 
1329: 
1330: 206,1953,1381,1295,2016,1924,1724
1331: 1857,2013,1225,12,777,567,314,514,663,1338,86,1570,58,808,1224,1764,1496,842,26,1409
1332: 192,1763,2012,1895,1533,821,1471,238,351,730,1564,1599,414,1424,1256,417
1798: 956,477,1595,2019,251,1362,1419,1520,1568,940,1479,1249,1484,1045,1968,958,1961,670,786
1846: 254,632
1335: 1441,1358
1336: 1844,37
1337: 1654,15,748
1338: 1541,1857,2013,582,1225,1863,12,777,227,567,314,86,1570,1331,58,808,193,1764
1339: 1046,2002,1719,1376,1240,666,1659,387,296,273,1865,87,562,378,146
1340: 
1341: 
1342: 1634
1343: 937,1283,1647
1344: 211,159,1941
1345: 1787,939,114,1799,1005,942,2001,1705,9,1902,1056,1276,1062,1434
1346: 1645
1347: 
1348: 
1825: 1475,1934,2014,1901,1118,448,1300,247,1587,555,1611,650,1879
1350: 1000,935,732,1237,487,2006,1303,494,653,1529,594,573,836,1555,1095,377,564,1697,358,478
1351: 
1352: 
1353: 1272
1354: 1540
1355: 1440,1141,578,2003,1591,807,491,120,638,1417,876,426,1969,558,1575,1804,928,236
1356: 831,1983,2018,541,1322,203,625,1840,376,1558,1150,493,1027,183,682,1737,1159,804,618,506,1189,699
1951: 1551
1358: 1441,1335,492,636
1359: 
1360: 469,121,13,98,718,1926,1883,769,797,2015,1622,267,532,130,904,1957,1852,1762,416,1138,122
1361: 
1362: 956,1977,477,1595,2019,251,1798,1578,1419,1568,940,1128,1479,1249,1484,958,1961,435,786
1363: 
1835: 310
1365: 1036
1366: 
1367: 
1368: 
1369: 1162,1387
1370: 1978,1727
1371: 1049,178,1483,1528,1614,2009,403,1166,1971,1892,317,225,145
1372: 
1373: 1252
1996: 719,242,1096,675
1375: 
1376: 1046,2002,1719,1339,1240,666,1659,1816,499,296,273,1865,87,562,378,146,1308
1377: 687,1837,1823,495,965,463,365,785,1001,81,54,1202,1408,1988,2007,1945,1186,222,1013,1052,990,1267
1378: 
1379: 
1878: 1784
1381: 206,1953,1330,1295,1228,597,18,1714,2016,1725,701,1924,479,1724
1382: 689,922
1383: 62,361,798,2004,833,1972,1077,1858,263,22
1384: 
1385: 556,1574,1729,255
1386: 53
1387: 1162,1369
1388: 
1389: 
1971: 1049,178,1483,1528,1614,2009,403,1371,1166,1892,317,225,145,727,30,1534
1391: 
1392: 672,1292,401
1393: 1255
1394: 1752,2017,692,856,83,123,1263,1487,1079,163
1395: 1296
1396: 
1397: 162,367
1398: 
1399: 
1791: 1472
1401: 121,98,201,718,1926,1883,2015,1622,862,1762,1974,416,1138,122,1562
1908: 460
1403: 447
1404: 
1405: 
1406: 304
1407: 1020,2005,1884,1033,1172,1032,286,1233,370,1676,1243,1315
1408: 687,1837,463,1001,81,54,1377,2007,1945,1186,222,1013,1052,990,134,1267
1409: 1496,842,26,1857,2013,582,1225,1810,1073,567,314,514,663,1570,1331,58,808,1224
1410: 1567
1411: 
1412: 35,191,1458
1805: 1543,941,355,1059,789
1414: 
1926: 469,121,13,98,201,718,1883,1360,797,2015,1622,267,130,862,72,1401,1965,904,1762,1974,416,1138,1562
1845: 637,1277
1417: 1440,1141,1023,578,2003,1591,807,491,220,1633,120,638,876,426,1969,558,1575,253,1355,1260,1179,928,236,760
1808: 
1419: 956,1977,477,1595,179,2019,251,1798,1362,1578,1520,1568,940,1128,1249,1484,1045,1968,1961,670,435,180,786
1420: 1914,677
1421: 1040,1463
1422: 1600
1992: 1061,879,333,1091,1216,1598,1275,1736,2008,1521,1167,1042,850,100,1029,1043,1060,655,929,1896
1424: 192,1763,2012,1859,1895,1533,1948,821,1471,238,1482,351,1564,1599,414,1256,1332,417,293
1425: 10,1527,791
1426: 
1427: 167
1428: 
1429: 
1430: 1959
1431: 
1432: 409,1770,629,903,217,1602,2000,685,109,818,1819,916,339,1015,574,1244,77,132
1433: 
1434: 1799,1005,942,2001,1705,1769,482,713,1902,1056,1772,1276,1062,1787,1345
1435: 1523,184,874,270,1853,1838,528,475,1708,2011,313,1080
1436: 
1437: 
1819: 1432,1770,903,217,1602,2000,685,1499,1800,237,818,916,339,574
1439: 1747,1266,1755,1793
1440: 1141,1023,578,2003,807,491,220,1633,638,1417,876,426,1969,558,1575,253,1804,1355,928,236,760
1441: 1358,1335
1815: 
1443: 
1444: 565,1193
1445: 
1446: 1250,590,780,1024,948,319,1190,2010,1933,170,221,233,473,1004,697,1116,1641
1447: 1192,680,891,547
1448: 1516,1917
1449: 
1450: 
1451: 38,470,683,285,725,792
1452: 136
1453: 1264
1454: 57
1455: 
1917: 1516,1448
1457: 
1458: 1412,35,191,1906
1459: 
1460: 
2005: 1020,1884,1563,1033,1172,1032,286,1233,370,1676,239,1243,1315,303,1407
1462: 
1463: 1040,1421
1464: 
1465: 
1466: 360,1836,1209
1928: 
1468: 1742
1469: 981,1523,184,874,270,1853,1838,528,1103,74,2011,313,1080
1470: 898,1176
1471: 192,1763,2012,1859,1895,1533,1948,821,238,351,730,1564,1599,1424,1256,1332,417,293
1472: 1791
1473: 
1474: 
1475: 1825,1934,2014,1901,1300,247,1587,555,650,1879
1476: 985,590,948,319,1190,1120,2010,430,170,221,233,697,1214,1760
1477: 
1478: 523,291,158,1526
1479: 956,1595,2019,251,1798,1362,1578,1568,940,1249,1484,958,786
1947: 
1481: 
1482: 192,1763,2012,1859,1895,821,351,1564,1599,414,1424,293
1483: 1049,178,1528,1614,2009,403,1371,1288,1166,1971,1892,317,225,145,462,727,30,1534
1484: 956,477,1595,2019,251,1798,1362,1578,1419,1520,1568,940,1128,1479,1249,1968,958,1961,670,786
1915: 
1858: 112,62,1579,361,662,798,1964,2004,1124,833,1972,1077,1383,263,22
1487: 47,156,1181,1752,2017,692,856,83,123,1560,1394,1079,1774,1588
1488: 
1489: 
1490: 
1491: 
1492: 
1493: 1009
1494: 985,1250,590,780,811,948,319,1190,1120,2010,1933,335,1650,170,221,473,697,1116,1214,936,1760,1641,1554,816,963
1495: 853,386
1496: 842,26,1409,1857,2013,1225,141,567,314,514,663,1570,1331,58,808,1224,1764
1497: 
1498: 
1499: 229,870,409,1770,629,903,1602,2000,685,1993,1712,1800,109,818,1819,916,339,1244,77
1500: 1744,501
1501: 
1502: 
1503: 
1504: 1991,1055
1505: 881,854,334
1839: 1966
1507: 
1508: 688,1313
1509: 1656,775
1510: 382,240,1937,700
1888: 
1512: 812,279,438
1513: 534,880
1514: 
1515: 835,1694
1516: 1917,1448
1517: 1981,292,1632,866,347
1518: 
1519: 
1520: 956,1977,477,179,2019,1798,1578,1419,1568,940,1128,1484,1045,1968,1961,670,435,180,786
1521: 249,1061,208,879,1992,333,1216,1736,2008,1783,1167,1042,1257,850,100,49,1060,929
2008: 249,1061,208,879,1992,333,1091,1216,1598,1275,1736,1521,1923,1783,1167,1042,1257,850,100,1029,49,1043,1060,655,929,1896
1523: 981,184,874,270,1853,1469,1435,1838,528,1103,74,2011,1080
1524: 
1525: 
1526: 1478
1527: 1425,10
1528: 1049,178,1483,1614,2009,403,1371,1166,1971,1892,225,145
1529: 1000,935,732,1237,487,2006,1303,494,653,594,573,836,1095,377,1350,1697,358,478
1530: 
1531: 1
1532: 
1533: 192,1763,2012,1859,1895,1948,821,1471,238,351,1564,1599,414,1424,1256,1332,417,293
1534: 1483,2009,403,1288,1971,1892,317,225,462,727
1535: 
1536: 1581,0
1537: 1223,1074,750,248
1538: 
1823: 687,495,463,365,785,1001,81,1202,1318,1377,1988,2007,1186,222,1684,1013,1052
1540: 1354,1662
1541: 1857,2013,582,1225,1810,1073,141,1863,12,777,227,567,1745,1338,7,58,808,1224,193
1542: 115,171,1038
1543: 1805,941,355,1059
1544: 1812,8,27
1545: 
1546: 311
1547: 
1548: 
1818: 259,1963,686,1715,988
1550: 
1551: 1951
1552: 
1553: 
1554: 1123,1641,816,963,985,1250,590,780,811,319,1120,2010,1933,1494,335,1650,170,221,473,1004,1116,1214,936,1760
1555: 1000,935,732,1237,2006,1303,494,653,573,836,377,564,1350,358,478
1556: 1954
1557: 
1558: 831,1983,1356,2018,1322,203,625,1840,376,1150,493,1027,183,682,1737,1159,804,618,506,901,1189,699
1559: 
1560: 47,1210,156,1181,1752,2017,692,949,856,1177,83,123,1263,1487,1079,1774,1588,1710,863
1561: 
1562: 201,718,1926,1883,2015,862,72,1401,1965,904,1974,416,1138
1563: 1020,2005,1884,1033,1172,286,1676,239,1315,303
1564: 192,1763,2012,1859,1895,1533,1948,821,1471,1482,351,730,1599,414,1424,1332,417,293
1836: 1209,360,1466
1566: 
1567: 1410
1568: 956,1977,477,179,2019,251,1798,1362,1578,1419,1520,940,1128,1479,1249,1484,1045,1968,958,1961,670,435,786
1964: 882,112,62,1579,361,662,798,2004,1124,1972,1997,1077,1858,1677
1570: 1857,2013,582,1225,141,1863,12,777,567,314,514,663,1338,86,1331,58,808,1224,1764,1496,26,1409
1990: 415,693
1873: 
1573: 
1574: 556,1385,1729,255,893
1575: 1440,1141,1023,578,2003,807,491,220,1633,120,638,1417,876,426,1969,558,253,1804,1355,928,236,760
1576: 
1577: 831,1983,2018,203,1840,1150,493,1027,183,1159,506,901,699
1578: 1977,477,179,2019,1362,1419,1520,1568,940,1128,1479,1249,1484,1961,670,435,180,786
1579: 112,62,361,662,798,1964,2004,1124,833,1972,1077,1858,1677
1580: 
1581: 1536,0
1582: 1105,1297
2016: 597,18,1714,1725,701,1924,479,1724,1713,206,1953,1381,1330,1295,1228
1584: 
1824: 
1811: 1054
1587: 1825,1475,1934,2014,1901,1118,1300,247,555,1611,1879
1588: 1210,156,1181,2017,1177,83,123,1560,1487,1079,1774
1589: 
1590: 1743,336
1591: 1141,578,2003,807,120,1417,876,558,1355,1260,1179,928,236,760
1592: 
1593: 
1594: 
1595: 956,477,2019,251,1798,1362,1419,940,1479,1484,958,786
1812: 1544,8,27
1597: 
1598: 1061,208,879,1992,333,1091,1216,1275,1736,2008,1923,1167,1042,929,1896
1599: 192,1763,2012,1859,1895,1533,1948,821,1471,1482,351,730,1564,414,1424,1332,417,293
1600: 1422
1601: 
1602: 1432,229,870,409,1770,217,2000,685,1499,1800,458,109,237,818,1819,916,339,1015,574
1867: 
1604: 951,571
1605: 
1606: 
1607: 1718
1608: 1767
1927: 1640,1906
1610: 
1611: 1825,1934,2014,1901,1118,448,756,1300,247,1587,650,1879,131
1799: 1005,942,2001,1705,713,1276,1062,1434,1345
1613: 1660
1614: 1049,1483,1528,2009,403,1371,1288,1166,1971,1892,225,145,779,30,331
1615: 1664,1136
1616: 909
1982: 216
1618: 
1919: 
1620: 
1621: 
1622: 469,121,13,98,718,1926,1883,1360,769,797,2015,267,532,1401,904,1957,1852,1762,416,1138,122
1623: 
1872: 199,418
1625: 
1626: 
1627: 
1628: 2,601
1629: 1168
1831: 1041,389,1794,576
1631: 826,1180,20
1632: 1981,292,866,347,1517
1633: 1440,1141,1023,2003,807,200,220,120,638,1417,426,1969,1575,253,1804,1260,760
1634: 1342
1635: 1291,290,1311,59,781
1636: 
1637: 
1638: 
1639: 511,1197
1640: 1927,35,1906
1641: 1123,1554,816,963,985,1250,590,780,811,948,319,1190,1120,2010,1933,1494,335,430,1446,170,221,233,473,1004,697,1116,1214,936,1760
1642: 
1643: 393,116,552,1930,643
1644: 
1645: 186,1346
1646: 256
1647: 937,1283,1343
1648: 753
1924: 597,18,1714,2016,1725,701,479,1724,1713,206,1953,1381,1330,1295
1650: 1250,590,780,811,319,2010,1933,1494,335,170,221,473,1004,1116,936,1554,963
1651: 
1652: 1655
1653: 
1654: 15,1337,748,1127
1655: 1652
1656: 1509,1871,775
1657: 384,762
1658: 
1659: 1046,2002,1719,1376,1339,1240,129,296,1865,87,562,146,1308
1660: 1613
1661: 1059,789
1662: 1540
1663: 1298,977
1664: 1615,1136,751
1665: 143
1860: 
2000: 1432,229,870,409,1770,629,903,217,1602,685,1499,1993,1712,1800,458,109,237,818,1819,916,339,1015,574,1728,1244,77,132
1668: 301,1891
1669: 1722,321
1670: 
1827: 
1672: 561,800
1673: 679
1674: 832,23
1675: 
1676: 1020,2005,1884,1563,1033,1172,1032,286,1233,370,239,1243,1315,303,1407
1677: 882,112,62,1579,361,662,798,1964,2004,1124,833,1997,1077,22
1678: 
1679: 
1680: 218
1681: 
1682: 
1683: 
1684: 1823,495,365,81,54,1318,1988,2007,1186,222,1052,408,990,1267
1685: 
1686: 
1687: 841,1158
1688: 1316,1875
1942: 207,1700
1690: 1210,2017,949,1177,1710,863
1966: 1839
1692: 
1969: 1440,1141,1023,578,2003,807,200,220,1633,120,638,1417,426,558,1575,1804,1355,1260,1179,760
1694: 835,1515
1695: 
1696: 
1697: 1000,935,732,487,2006,1303,494,653,1529,594,573,1095,1350,358,478
1698: 1182
1699: 
1700: 1942,207,1929
1701: 1985
1702: 1922
1703: 765
1704: 
1705: 1799,1005,942,2001,1769,482,9,1902,1056,1772,1276,1062,657,261,1434,1787,939,114,1345
1706: 1742
1707: 
1708: 475,1103,74,914,2011,313,1080,184,270,1853,1435,1838,528
1709: 63
1710: 47,1210,156,2017,949,1177,123,1560,1690,1774,863
1882: 620,1720
1712: 229,870,409,629,2000,1499,1993,458,109,818,339,1015,1728,1244,77
1713: 1714,2016,1725,1924,479,1724
1714: 597,18,2016,1725,701,1924,479,1724,1713,1953,1381,1295
1715: 259,1963,686,988,1818
1716: 
1717: 
1718: 1607
1719: 1046,2002,1376,1339,1240,666,1659,387,129,296,273,1865,87,562,378,146,1308
1720: 1882,620
1721: 
1722: 1669,321,906
1723: 
1724: 597,18,1714,2016,1725,1924,479,1713,206,1953,1381,1330,1295
1725: 597,18,1714,2016,701,1924,479,1724,1713,206,1953,1381,1295,1228
1726: 1089
1727: 1370
1728: 229,870,409,629,2000,1993,1712,458,109,818,339,1015,1244
1729: 556,1574,1385,255
1730: 
1731: 106
1732: 
1733: 1970
1734: 60
1735: 
1736: 249,1061,208,879,1992,333,1091,1216,1598,1275,2008,1521,1923,1167,1042,850,100,1029,1060,655,929,1896
1737: 831,1356,2018,541,1322,203,625,1840,376,1558,682,1159,804,618,1189
1738: 
1739: 
1740: 
1741: 
1742: 1468,1706
1743: 1590,336
1744: 1500
1745: 1541,1857,2013,582,1225,1810,1073,141,1863,777,567,314,514,663,7,808,1224,193,1764,26
1746: 
1747: 1439,1266,1755
1748: 
2006: 1000,935,732,1237,487,1303,494,653,1529,594,573,836,1555,1095,377,564,1350,1697,358,478
1750: 
1852: 469,98,718,1360,769,797,2015,1622,1957,1762,416,1138,122
1752: 47,1210,1181,2017,692,856,83,123,1560,1394,1263,1487,1079
1753: 456
1754: 
1755: 1439,1747,1266,1793
1756: 
1757: 
1758: 
1759: 449
1760: 985,1250,590,811,948,319,1190,1120,2010,1494,430,170,233,697,1116,1214,936,1123,1641,1554,816,1476
1761: 
1762: 469,121,13,98,201,718,1926,1883,1360,769,797,2015,1622,267,532,1401,904,1957,1852,1974,416,1138,122
1763: 192,2012,1859,1895,1533,1948,821,1471,238,1482,351,730,1564,1599,414,1424,1256,1332,417,293
1764: 1857,2013,1225,141,1863,12,777,567,314,514,663,1745,1338,86,1570,1331,808,1224,1496,26
1765: 
1766: 
1767: 1608
1768: 497,925
1769: 1005,942,2001,1705,482,713,9,1902,1056,1772,1276,657,261,1434,1787
1770: 1432,229,870,409,1602,2000,685,1499,1993,1800,109,237,818,1819,916,339,1015,574
1972: 112,62,1579,361,662,798,1964,2004,1124,833,1997,1077,1858,1383,263,22
1772: 1005,2001,1705,1769,482,713,1902,1056,1276,1062,657,261,1434
1773: 
1774: 47,1210,156,1181,2017,949,856,1177,83,123,1560,1487,1079,1588,1710,863
1775: 
1776: 
1851: 423
1784: 1878
1976: 166
1780: 
1781: 
1782: 
1783: 249,208,333,1091,2008,1521,1923,1042,1257,49,1060,655