0: 1505
1: 1188,279
2: 1268
1842: 1187
4: 
5: 979,1223,402,1296,781
6: 106,254,689
7: 12,1409,2013,26,227,663,1496,1810,193,314,1764,1224,1570,842
8: 
9: 114,1062,1705,2001,261,942
10: 688,1384
11: 
12: 7,1409,2013,663,1810,193,1764,1224,1570,842
13: 122,416,1974,532,2015,1957,1360,267,769,1401,1622,1926,121,201,1883,862,130
14: 174
15: 
16: 126,1826,1715
17: 
18: 1924,1725,1330,597,1953,2016,1228,1714,1295,1381,1713,1724,206,701,479
19: 1832,116
20: 1594
21: 
22: 2004,1964,1677,1997,635,263,882,662,833,1383,1972,1858,1077
23: 
24: 65,1287
25: 428,399
26: 2013,227,808,663,1496,1810,514,86,193,314,58,1073,1764,7,1409
27: 1856,672,1669
28: 1180,858
29: 
30: 1528,1614,178,331,145,1483,2009,403,1892,779,1371,1288,1166,317,462
1994: 
32: 
33: 
34: 
35: 531
36: 
37: 
38: 1590,336,1436
39: 1874
40: 
41: 
42: 
43: 
1934: 1611,1475,2014,131,555,448,1825,1879,247,756
45: 1359,75
46: 731
47: 692,1263,856,123,1394,156,1752,2017,1690,1560,949,1588,83
48: 
49: 1091,1216,333,850,1167,1043,1598,1257,1042,1029,1060,879,1521,100,2008,1992,1275,1896,1736,1783
50: 1910,633
51: 1635
52: 1854,366
53: 1333
54: 1202,1837,408,687,1945,669,1267,2007,1684,365,1052,785,463,81,1988,1001,1318
55: 190
56: 
57: 
58: 314,1857,582,1541,567,1338,1745,777,1331,1073,1764,1224,2013,26,227,808,663,1810,193,1570
59: 1291,287,1311
60: 
61: 
62: 2004,361,1677,1997,635,882,662,833,112,1383,1972,1858,1124
63: 
64: 1287
65: 24
66: 1626,746,1828
1864: 
68: 915
69: 
70: 881,334,244
71: 
72: 
73: 
74: 1853,1080,1103,270,1469,475,2011,1708,528,1795,313,1435,1523,874,184,981
75: 45,1359
76: 
77: 1160,1457
78: 
79: 964,1875
80: 
81: 463,1988,1318,408,2007,365,54,785
82: 1108,1580
83: 123,1710,1429,156,1752,2017,1690,1280,1177,1560,1588,692,47,1263,856
84: 318
85: 1839,1735,1279
86: 2013,26,227,808,663,1496,1810,514,314,582,777,1073
87: 562,2002,146,1240,666,499,1719,1308,296,1339
88: 
89: 1051,95,1222
90: 
91: 
92: 
93: 
94: 
95: 89,1051,1222
96: 897,941
97: 755
98: 1401,1622,1762,1926,121,201,1883,862,130,2015,1957,267
99: 
100: 1042,1029,1521,2008,208,1992,1275,1896,1736,1061,249,929,1923,1783,1091,49,1216,1043,1598,1257
1978: 
102: 
103: 
1925: 1307,1382
105: 
106: 6,254,689
107: 322,490,412
108: 
109: 1800,1244,1602,1712,1728,1499,2000,217,458,1432,229,916,818,870,1015,629,1819
1833: 1973
111: 1358,492
112: 2004,361,1964,1677,1997,635,263,882,62,662,833,1579,1383,1972,1858,1124
113: 1889,1025
114: 9,1434,1062,939,1705,1902,933,2001,1005,261,942,1276,1345
115: 284,305,167,1808
116: 19,1832
117: 1941
118: 
119: 320
120: 236,1417,426,253,558,1355,1324,1023,1575,2003,760,807,1260,1179,578
121: 1401,1622,1762,98,201,1883,130,13,1852,122,2015,1957,718,267,769
122: 13,416,1974,532,2015,1957,718,1360,267,769,1622,1762,1926,121,201,1883,862,130
123: 1394,1710,1429,156,163,1752,2017,1690,1487,1177,1079,1560,949,1588,83,47,1263,856
124: 
125: 
126: 16,1715
127: 
128: 1272
129: 562,2002,146,1659,1240,387,1719,1865,1816,1308,378
130: 1401,1622,1762,1926,121,98,201,1883,862,13,1852,122,416,1974,2015,1957,718,267,769
131: 1611,1118,1475,2014,1901,555,650,1825,1587,1879,1934,247,756
132: 685,1800,1244,1770,1602,2000,458,409,870,1015,237,1819
133: 
134: 463,1988,1001,222,1318,2007
135: 844
136: 354
137: 
138: 312
139: 
140: 1850,997,1003,627
141: 1863,1857,1541,567,1338,1225
1963: 632,686,438
143: 1040,1421,932,553,1056,390
144: 
145: 1614,178,331,1483,2009,403,1892,727,779,30,1371
146: 562,2002,129,1659,1240,666,387,499,1719,1865,1816,1308,296,87,378
1916: 367,1954,162
148: 711
149: 
150: 1646,256
151: 
152: 1866,610
1892: 1528,1614,178,331,145,1483,2009,403,779,30,1371,1288,1166,317
154: 1709,1153
155: 
156: 123,1394,1710,1429,1774,163,1752,2017,1690,1280,1177,1560,949,83,47,1263,856
157: 978,983,1106
158: 
159: 
1957: 13,1852,122,416,1974,532,2015,718,267,769,1622,1762,121,98,201,1883,130
161: 903,257
162: 367,1954,1916
163: 123,1394,1710,1429,156,1774,1752,2017,1280,1487,1177,1560,949
1998: 
165: 1211
166: 1559,404
167: 1808,284,305,115
168: 
169: 1183
170: 963,1476,697,816,811,1120,1250,319,221,590,2010,1004,1641,473,780,233,1933,430,1554,1024,936
171: 1542,1427,1651,1540
172: 
173: 1132
174: 14
175: 1680,1567,1094,1325
176: 1811,800
177: 628
178: 1614,331,145,1483,2009,403,1892,779,30,1371,1288,1166,317
179: 670,2019,1045,1568,1798,1595,1249,1961,1520,1128,956,251,1578,1419,180,1484
180: 1419,1362,1484,1977,670,179,2019,1568,1798,1961,1968,956,251,1578
181: 
182: 1727,325,1582
183: 1983,901,2018,831,682,699,625,804,1150,1577,1159,541,493
184: 313,1435,1523,874,981,74,1103,270,1469,2011,1708
185: 297
186: 
1975: 224,1936,1441
188: 
2001: 9,114,1434,1062,939,1705,1902,933,1678,1005,261,942,1276,1345,482,657,1787,1799,713
190: 55
191: 912,1913
192: 1599,414,351,1332,1471,730,1763,1564,2012,1948,1482,821,417,293,1256,1859
193: 2013,26,227,808,663,1496,1810,314,58,1331,1073,1764,1224,12,7,1409,1570,842
194: 
195: 
196: 
197: 1157,898,1593
1995: 857,530,1704
199: 1756
200: 876,1804,2003,760,928,807,1260,1440,1591,220,1179,491,578,1141,1633,1355,1324,1023,1575
201: 1401,1622,1762,1926,121,98,1883,862,130,13,122,1974,532,2015,1957,1360,267,769
202: 
203: 
204: 1298
205: 
206: 1924,1725,1330,597,1953,2016,18,1228,1714,1295,1713,1724,701
207: 
208: 1521,100,2008,1275,1061,249,929,1923,1783,1598,1257
209: 
1826: 16,1715
211: 
212: 
213: 
214: 552
1854: 366,52,877
216: 
217: 685,1800,1244,1602,109,1712,1728,2000,458,1432,229,916,409,818,870,1819
218: 
219: 
220: 876,1804,2003,760,928,1260,1440,1179,491,578,200,1141,1633,236,558,1324,1023
221: 963,1476,697,1123,816,811,1120,1250,170,319,1190,1116,590,2010,1004,1641,473,233,1933,1554,1024
222: 463,1988,1001,134,1202,687,2007,1052
223: 1463,1966,924,651,1220
224: 1975,1936,1441
225: 462,1971,1528,1483,2009,727,779,1288,1166,1534
226: 1365
227: 2013,26,808,663,1496,1810,514,86,193,314,58,1745,777,1331,1073,1764,1224,7,1409
228: 
229: 685,1800,1244,1602,109,1712,1728,1499,2000,217,458,1432,916,818,574,870,1015,629,1819
230: 
231: 604
232: 
233: 963,1476,1123,1446,811,170,319,221,1190,1116,985,590,2010,1214,1004,1554,1024
234: 1698,1580
1906: 
236: 1969,120,1417,426,253,558,1355,1324,1023,1575,2003,1260,220,1179,578
237: 870,1015,1819,1800,1244,1770,1602,2000,458,132
238: 1564,2012,1948,1424,1482,821,293,1256,1599,351,1332
239: 1243,286,2005,1315,1233,1020,1033,1032,1407,303,1884,1676
240: 1147,700,1694
241: 
242: 1096,1297,288,719,675
1865: 562,2002,129,146,1659,1240,666,387,499,1719,1816,296,378
244: 334,70
245: 1999
246: 664,432
247: 1611,1118,1475,2014,131,1901,555,650,1825,1879,1934,756
248: 1597
249: 1042,1029,1521,100,2008,208,1275,1896,1736,1061,929,1923,1783,1598,1257
250: 282
251: 670,179,2019,1045,1568,1798,1595,1249,1961,1968,1479,1128,956,940,1578,1419,180,1362,1484,1977
252: 1486,1329
253: 236,120,1417,426,1355,1324,1023,1575,2003,760,807,1260,578
254: 689,106,6
255: 271
256: 1646,150
257: 161
258: 
259: 
1862: 1140,1640
261: 9,114,1434,1062,939,1705,1902,933,2001,1678,1005,942,1276,1345,482,1787
262: 
263: 2004,1964,1677,1997,635,662,112,1579,1383,1972,1858,22,1124,1077
264: 
1884: 1243,2005,239,1315,1233,1032,1407,303,1676,370
266: 
267: 13,1852,122,416,1974,2015,1957,718,769,1401,1622,1762,121,98,201,1883,130
268: 1100
269: 
270: 74,1853,1080,1103,1469,475,2011,1708,528,1795,1523,184,981,914
271: 255
272: 
273: 
274: 
275: 584
276: 454,1718,523,1248,706,1526,641
277: 
278: 
279: 1,1188
280: 
281: 
282: 250
1866: 152,610
284: 305,115,167,1808
285: 
286: 1243,2005,239,1315,1233,1020,1033,1032,1407
287: 1291,59,1311
288: 1297,1574,719,675,242
289: 1151,388,1743,1239
290: 763,1361
291: 337,829
292: 347,1955,1851
293: 1564,2012,1948,1424,1482,1895,821,417,1533,238,1256,1859,351,1332,192
294: 
295: 1876,1468,656,1706,400,841
296: 562,2002,146,1659,1240,666,387,499,1719,1865,1816,87,378
297: 185
298: 817,1301,1650,587
299: 
300: 
301: 1891,1606
302: 1110,1867
303: 1243,2005,239,1315,1233,1033,1032,1407,1884,1676,370
304: 924,651,1220
305: 284,115,167,1808
306: 
307: 442
1938: 748
1869: 
310: 
311: 466
312: 138
313: 1435,1523,874,184,981,74,1853,1103,1469,2011,1708,528
314: 1857,582,1541,58,1338,1745,777,1331,1073,1764,1224,2013,26,227,808,663,1496,1810,86,193,7,1409,1570
315: 
1993: 
317: 1528,178,331,1483,2009,1892,779,30,1288,1166,1534
318: 84
319: 963,1476,697,1123,816,811,1250,170,221,1190,1116,985,590,2010,1004,1641,473,780,233,1933,430,1554,1024,948,936
320: 617,1772,119
321: 1733,1092
322: 107,551,412
323: 1827
1902: 114,1434,1062,939,933,2001,1678,1005,261,942,1276,1345,1787,713
325: 1727,1582,182
326: 
1953: 1924,1725,1330,597,2016,18,1228,1714,1295,1381,1713,1724,206,701
328: 
329: 436,1576,1776,518
330: 
331: 1528,1614,178,145,1483,2009,403,1892,727,779,30,1371,1288,1166,317,462
332: 1700,1929
333: 1091,49,1216,1167,1043,1598,1257,1042,2008,1896,1923,1783
334: 881,244,70
335: 
336: 1590,1436,38
337: 829,291
338: 
339: 
340: 
341: 
342: 1809
343: 
344: 
345: 
1933: 1476,697,816,1120,1250,170,319,221,2010,1641,473,780,430,1554,1024,948,936
347: 292,1955,1851
1911: 1135,1643,1316
349: 
350: 
351: 1599,414,1332,1471,192,730,1763,1564,2012,1948,1424,1482,821,417,293,238,1256,1859
352: 992,739,865
1970: 1299
354: 136
355: 
356: 
357: 
358: 836,935,478,1697,1399,653,1303,2006,1237,1350,1555,732,594,573
359: 486,735,680
360: 
361: 2004,1677,1997,635,882,62,662,833,112,1972,1858,1124
362: 1672,561,1608,1054
363: 741,725
364: 773,1346
365: 1202,1837,408,1823,687,1945,669,1267,2007,1684,54,1052,785,463,81,1988,1318
366: 1854,52
367: 1954,1916,162
368: 
369: 
370: 2005,1407,303,1884,1676
1838: 
372: 1448,773,1748,987,1645,1812
1893: 676,1351,535,446
374: 
1913: 191,912
376: 901,2018,831,1356,1840,682,1027,804,506,1577,1322,1558,493
377: 
378: 562,2002,129,146,1659,1240,387,1719,1865,1816,296
379: 
1901: 1611,1118,1475,2014,131,555,650,448,1825,1587,1879,247,756
381: 450,1987,1613
382: 
383: 
384: 391
1974: 13,1852,122,416,532,2015,1957,718,267,769,1622,1762,201,130
386: 
387: 562,2002,129,146,1659,1240,499,1719,1865,1816,296,378
388: 1151,289,1743,1239
389: 1509,1794,1871,1600
390: 553,1056,1665,1040,143,1421,932
391: 384
392: 
393: 
394: 
395: 
396: 
397: 
398: 
399: 428,25
400: 1468,656,1706,295
401: 1292,1544
402: 5,979,1223,1296,781
403: 1614,178,331,145,1483,2009,1892,727,779,30,1371
404: 1559,166
405: 
406: 
1958: 
408: 1202,1837,1823,495,687,1408,1945,669,1267,2007,1684,365,54,1052,785,463,81,1988,1318
409: 685,1800,1244,1770,1602,2000,217,458,916,132
410: 
411: 866,420,460
412: 107,322,551
413: 673
414: 1599,351,1332,1471,192,730,1763,1564,2012,1948,821,1256,1859
415: 705,847
416: 13,1852,122,1974,532,2015,1957,718,1360,267,769,1622,130
417: 1564,2012,1948,1424,1482,1895,1533,293,1256,1859,351,192
418: 
419: 1805,1681
420: 411,866,460
1930: 837
1894: 1675,1373
423: 959,560,1644
1937: 
425: 543
426: 236,1969,120,1417,253,558,1355,1324,1023,1575,2003,1260,1179,578
427: 
428: 25,399
1956: 
430: 963,1476,697,1123,816,1250,170,319,1190,985,590,2010,1641,473,780,1933,1554,1024,948,936
431: 1296,781,979,1223
432: 664,246
433: 
1939: 654,1513,513
435: 670,2019,1568,1595,1249,1479,940
436: 1576,329,1776,518
437: 709,1281
438: 1963
439: 868
440: 
441: 
442: 307
443: 
444: 
445: 
446: 676,1351,1893,1562,535,1139
447: 
448: 2014,1901,555,1825,1587,1879,1934
449: 
450: 381,1987,1613
451: 922
452: 
453: 1991,770,743
454: 276,1718,523,1248,706,641
455: 
456: 501,1289
457: 1404,925
458: 685,1800,1244,1770,1602,109,1712,1728,1499,2000,217,1432,229,916,409,132,818,870,1015,629,237,1819
459: 
460: 411,866,420
461: 1089
462: 225,1971,1528,1614,331,1483,2009,727,779,30,1371,1288,1166,1534
463: 81,1988,1001,134,222,1318,408,687,2007,365,54,1052,785
464: 1716
465: 
466: 311,823,612,1310
1945: 1202,1837,408,1823,495,687,1408,669,1267,2007,1684,365,54,1052,1988,1318
468: 539
469: 797
470: 659,805
471: 591
472: 
473: 963,1476,697,1123,816,1120,1250,170,319,221,2010,1641,780,1933,430,1554,1024,948,936
474: 
475: 74,1080,1103,270,1469,2011
476: 794,1203,1980
477: 
478: 1000,836,935,1697,1399,358,564,653,1303,494,2006,1237,1350,1555,487,732,594,1529,1095,573
479: 1924,1725,1330,597,2016,18,1228,1714,1295,1381,1713,1724,701
480: 
481: 1729
482: 657,713,933,2001,1005,261,1345
1871: 1509,389,1794,1600
1980: 794,476,1203
485: 1973,1451,1218,1888
486: 359,735,680
487: 1000,836,478,1697,1399,564,1303,494,2006,1350,1555,732,1529
1898: 
489: 
490: 107
491: 876,1804,2003,760,928,1440,1591,220,1179,200,1141,1633
492: 1358,1335,111
493: 1983,183,901,2018,831,376,1356,1840,682,699,1027,804,506,1322
494: 1000,836,478,1697,1399,564,1303,2006,1237,1350,1555,487,732,1529
495: 1202,1837,408,1823,687,1408,1945,669,1267,2007,1684,1052
496: 
497: 1768,1518
1968: 670,2019,1568,1798,1595,1249,1961,1479,251,940,1419,180,1362,1484,1977
499: 562,2002,146,1240,666,387,1719,1865,1308,296,87,1339
500: 
501: 1289,456
502: 
503: 
504: 1215,1270
2010: 963,1476,697,1123,816,1446,811,1120,1250,170,319,221,1190,1116,985,590,1214,1004,1641,473,780,233,1933,430,1554,1024,948,936
506: 1983,901,2018,831,1189,376,1356,1840,682,699,625,1027,804,1150,1577,1159,541,1322,1558,493
507: 
508: 
509: 603
510: 1537,1187
511: 
512: 
513: 880,654,1939
514: 2013,26,227,808,663,1496,1810,86,777
515: 
516: 1949
517: 
518: 436,329,1776
519: 1293,710,533
520: 
1849: 
1977: 1419,180,1362,1484,670,2019,1798,1249,1961,1968,1479,251
523: 454,276,1718,1248,706,1526,641
524: 
525: 
526: 796
527: 
528: 1708,1795,74,1853,1080,270,2011,313,1523,981,914
529: 789
530: 857,1995,1704
531: 35
532: 13,122,416,1974,2015,1957,1360,769,1622,1926,201,862
533: 1293,710,519
534: 
535: 676,1351,1893,446
536: 570,966
2003: 876,1804,760,928,807,1260,1440,1591,220,1179,491,578,200,1141,1633,236,1969,120,1417,426,253,558,1355,1324,1023,1575
538: 
539: 468
540: 634
541: 1983,183,901,2018,831,1189,682,618,699,625,804,506,1150,1577,1159,1558
542: 
543: 425
544: 
545: 1873,1047,1918,1379
546: 
547: 1792
548: 
549: 
1997: 2004,361,1964,1677,635,263,882,62,662,833,112,1579,1383,1972,1858,22,1124,1077
551: 322,412
552: 214,668
553: 1056,390,1040,143,932
554: 
555: 1611,1118,1475,2014,131,1901,650,448,1825,1587,1879,1934,247
556: 1508,1729,577
557: 
558: 236,1969,120,1417,426,1355,1324,1023,2003,1260,1440,220,1179,578,1141
559: 1855
560: 1647,959,423,1644
561: 362,1672,1608,1054
562: 2002,129,146,1659,1240,666,387,499,1719,1865,1816,1308,296,87,1339,378
563: 
564: 836,935,478,1697,653,494,2006,1237,1350,1555,487,732
565: 
566: 1474
567: 1863,1857,582,1541,141,58,1338,1745,777,1331,2013
568: 
2013: 26,227,808,663,1496,1810,514,86,193,314,1863,1857,582,1541,567,58,1338,1745,777,1331,1073,1764,1224,12,7,1409,1570,842
570: 536,966
571: 
572: 
573: 594,1529,1095,1000,478,1697,1399,358,1303,2006
574: 629,1819,1712,1499,2000,229,818
575: 1592
576: 
577: 1508,1729,556
578: 1804,2003,928,807,1260,1440,220,1179,200,236,120,1417,426,253,558,1324,1023,1575
579: 1703,1059
580: 
1830: 
582: 314,1863,1857,1541,567,58,1338,1745,777,1331,1073,1764,2013,808,663,1810,86
1910: 633,50
584: 275
585: 
586: 
587: 1650,817,298,1301
588: 592,1845
1829: 
590: 963,1476,811,1250,170,319,221,1190,985,2010,233,430,1554,1024,936
591: 471
592: 1845,588
593: 
594: 1529,1095,573,478,1697,1399,358,1303,2006,732
595: 
596: 1927
597: 1924,1725,1330,1953,2016,18,1228,1714,1295,1381,1713,1724,206,701,479
598: 728
599: 
600: 1055
601: 
2012: 1564,1948,1424,1482,1895,821,417,1533,293,238,1256,1859,1599,414,351,1332,1471,192,730,1763
603: 509
604: 231
605: 1261
606: 1030
607: 1036
608: 
1929: 332,1700
610: 1866,152
611: 
612: 466,823,1310
613: 
614: 
615: 
616: 
617: 320,1772
618: 2018,1189,682,625,1150,1577,1159,541,1558
619: 1340
620: 
621: 
622: 
1859: 1564,2012,1948,1424,1482,1895,821,417,1533,293,1256,1599,414,351,1471,192,730,1763
624: 
625: 1983,183,901,2018,831,1189,1356,682,618,699,1027,804,506,1150,1577,1159,541,1322,1558
626: 1835,793
627: 1850,997,140,1003
628: 177
629: 574,870,1015,1819,1244,1602,109,1712,1728,1499,2000,458,229,818
630: 806,1273
631: 1699,1757
632: 686,1963,1531
633: 1910,50
634: 540
635: 2004,361,1964,1677,1997,263,882,62,662,833,112,1383,1972,1858,22,1124,1077
636: 887
637: 1231,926
638: 
1855: 559
1844: 
641: 1248,706,1526,454,276,1718,523
642: 
643: 
644: 
645: 
1920: 1184,1131
1828: 66,1626,746
1943: 
649: 
650: 1118,1475,2014,131,1901,555,1825,1587,1879,247
651: 924,304,1220,1966,223
1922: 
653: 836,935,478,358,564,1303,2006,1237,1350,1555,732
654: 1939,513,880
655: 
656: 1876,1706,400,295,841
657: 482,1787,1799,713,2001,1345
658: 
659: 470
660: 
661: 1283
662: 2004,361,1964,1677,1997,635,263,882,62,833,112,1579,1383,1972,1858,22,1124,1077
663: 2013,26,227,808,1496,1810,514,86,193,314,582,58,777,1331,1073,1764,1224,12,7,1409,1570
664: 432,246
1921: 1581,1784,1536,1472
666: 562,2002,146,1240,499,1719,1865,1816,296,87
667: 
668: 1161,552
669: 1202,1837,408,1823,495,687,1408,1945,1267,2007,1684,365,54,1052,785
670: 179,2019,1045,1568,1798,1595,1249,1961,1968,435,1479,251,940,1419,180,1362,1484,1977
671: 704
672: 1856,1669,27
673: 835,413
1931: 1148
675: 1297,893,288,719,1096,242
676: 1893,535,446
677: 946
678: 
679: 1259
680: 359,486,735
681: 1553
682: 1983,183,901,2018,831,1189,376,1356,618,699,625,1027,804,506,1150,1577,1159,541,1322,1558,493
683: 1543,765,1959,1430,1870
684: 
685: 1800,1244,1770,1602,2000,217,458,1432,229,916,409,132
686: 632,1963,1531
687: 1202,1837,408,1823,495,1408,1945,669,2007,365,54,1052,463,1988,1001,222,1318
688: 10,1384
689: 254,106,6
690: 
691: 
692: 47,1263,856,1752,2017,1690,1588,83
693: 
694: 
695: 
696: 
697: 963,1476,1123,816,811,1120,1250,170,319,221,1190,1116,2010,1004,1641,473,780,1933,430,1554,1024
698: 861,1083,958,855
699: 1983,183,901,2018,831,682,625,506,1150,1577,1159,541,1322,493
700: 240,1147,1694
701: 1924,1330,597,1953,2016,18,1228,1295,1713,1724,206,479
2009: 1528,1614,178,331,145,1483,403,1892,727,779,30,1371,1288,1166,317,462,225,1971,1534
703: 1406
704: 671
705: 415
706: 1248,1526,641,454,276,1718,523
707: 
708: 
709: 437,1281
710: 1293,533,519
711: 148
712: 
713: 1787,1799,482,657,1434,1902,2001,1678,1345
2011: 74,1853,1080,1103,270,1469,475,1708,528,1795,313,1435,1523,874,184,981,914
715: 
716: 1309,1824
717: 
718: 1852,122,416,1974,2015,1957,267,769,1762,121,130
719: 893,288,675,1096,242
720: 1245
1941: 117
722: 944
723: 
724: 
725: 363,741
1887: 
727: 1528,1614,331,145,1483,2009,403,779,1371,1288,462,225,1971
728: 598
729: 795
730: 1599,414,351,1471,192,1763,2012,1948,1256,1859
731: 46
732: 1000,836,935,478,1697,1399,358,564,653,1303,494,2006,1237,1350,1555,487,594
733: 1504
734: 1454,839
735: 359,486,680
1983: 183,901,2018,831,1356,1840,682,699,625,1027,804,506,1150,1577,1159,541,1322,493
737: 
738: 
739: 352,992,865
740: 1703
741: 363,725
1848: 1278,1152
743: 770,453,1991
744: 860
745: 1048,1176
746: 66,1626,790,1828
747: 
748: 1938
749: 
750: 766,970,911
751: 
752: 
753: 1744,1648,1673
754: 
755: 97
756: 1611,1118,1475,2014,131,1901,1825,1934,247
757: 1444,1445
758: 
759: 1532,1625,1326
760: 876,1804,2003,928,807,1260,1440,220,1179,491,200,1141,1633,120,253,1355,1324,1023,1575
761: 
762: 1314,1979
763: 290,1361
764: 1748,1645
765: 1543,1959,683,1430
766: 970,750,911
1870: 1078,683,1430
768: 
769: 13,1852,122,416,1974,532,2015,1957,718,1360,267,1401,1622,1926,121,201,1883,130
770: 743,453,1991
771: 1996,1623
772: 
773: 1448,372,1748,987,364,1645,1812
774: 
775: 
776: 
777: 314,1863,582,1541,567,58,1338,1745,1331,1073,2013,227,808,663,1810,514,86
2015: 13,1852,122,416,1974,532,1957,718,1360,267,769,1401,1622,1762,1926,121,98,201,1883,862,130
779: 1528,1614,178,331,145,1483,2009,403,1892,727,30,1371,1288,1166,317,462,225,1971
780: 1476,697,816,1120,1250,170,319,2010,1641,473,1933,430,1024,948,936
781: 1296,431,402,5,979,1223
782: 
783: 
784: 
785: 1837,408,669,1267,2007,1684,365,54,1052,463,81,1988,1318
786: 
787: 
1891: 1606,301
789: 529
790: 746
791: 
792: 
793: 1835,626
794: 476,1203,1980
795: 729
796: 526
797: 904,469
798: 
799: 1193
800: 176
801: 
802: 1195
803: 1258,1227
804: 1983,183,901,2018,831,1189,376,1356,1840,682,625,1027,506,1577,1159,541,1322,1558,493
805: 470
806: 1273,630
807: 1804,2003,760,928,1440,1179,578,200,120,253,1355,1324,1023,1575
808: 2013,26,227,663,1496,1810,514,86,193,314,582,1541,58,1338,1745,777,1331,1073
809: 
810: 
811: 963,1476,697,1123,1446,170,319,221,1190,1116,985,590,2010,1214,1004,1641,233,1554,1024
812: 1481
813: 
814: 
815: 
816: 963,1476,697,1120,1250,170,319,221,2010,1004,1641,473,780,1933,430,1554,1024,948,936
817: 298,1301,1650,587
818: 109,1712,1728,1499,2000,217,458,1432,229,574,870,1015,629,1819
819: 
820: 
821: 1564,2012,1948,1424,1482,1895,293,238,1256,1859,1599,414,351,1332,1471,192
822: 
823: 466,612,1310
824: 984,871
2017: 123,1394,1710,1429,156,1774,163,1752,1690,1280,1487,1177,1079,1560,949,1588,83,692,47,1263,856
826: 
827: 
828: 1282
829: 337,291
830: 
831: 1983,183,901,2018,376,682,699,625,1027,804,506,1150,1577,1159,541,1322,493
832: 950
833: 2004,361,1677,1997,635,882,62,662,112,1383,1972,1858,22,1077
834: 980,1668
835: 673
836: 935,478,1697,1399,358,564,653,1303,494,2006,1237,1350,1555,487,732
837: 1930
1985: 
839: 734,1454
1984: 1615,873
841: 1876,656,295
842: 1570,2013,1810,193,1764,1224,12,7,1409
843: 
844: 135
1955: 292,347,1851,1632
846: 
847: 415
2004: 361,1964,1677,1997,635,263,882,62,662,833,112,1579,1383,1972,1858,22,1124,1077
849: 
850: 1091,49,1216,1167,1042,1060,879,2008,1992,1896,1736,1783
851: 
852: 1885
853: 
854: 
855: 861,1083,958,698
856: 692,47,1263,123,1394,1710,1429,156,1752,2017,1690,1560,1588,83
857: 1995,530,1704
858: 28,1180
1821: 1965,1425,1121
860: 744
861: 1083,958,855,698
862: 1401,1622,1762,1926,98,201,1883,130,13,122,532,2015,1360
863: 
864: 909,1354
865: 352,992,739
866: 411,420,460
867: 1661,1044,1642
868: 439
1950: 
870: 1015,629,237,1819,1800,1244,1770,1602,109,1712,1728,1499,2000,217,458,1432,229,132,818
871: 984,824
872: 
873: 1615,1984
874: 313,1435,184,981,74,1103,1469,2011
875: 1473
876: 1804,2003,760,928,1440,220,1179,491,200,1141,1633
877: 1854
878: 1395
879: 1042,1029,1060,2008,1992,1275,1896,1736,1061,1783,1091,49,850,1167
880: 1148,513,654
881: 334,1502,70
882: 2004,361,1964,1677,1997,635,62,662,833,112,1383,1858,22,1124,1077
883: 
884: 
885: 1681
886: 
887: 636
1895: 1564,2012,1948,1424,1482,821,417,1533,293,1859
889: 1658
890: 
891: 
892: 
893: 719,675,1096
894: 
895: 
896: 
897: 96,941
898: 1157,197,1593
899: 
1960: 
901: 1983,183,2018,831,1189,376,1356,1840,682,699,625,1027,804,506,1150,1577,1159,541,1322,1558,493
902: 905
903: 161
904: 797
905: 902
906: 
2007: 1202,1837,408,1823,495,687,1408,1945,669,1267,1684,365,54,1052,785,463,81,1988,1001,134,222,1318
1853: 74,1080,1103,270,1469,2011,1708,528,1795,313,1523,981,914
909: 864,1354
1832: 19,116
911: 766,970,750
912: 191,1913
913: 
914: 1853,270,2011,1708,528,1795,1523,981
915: 68
916: 685,1800,1244,1770,1602,109,1712,2000,217,458,1432,229,409
917: 1344
918: 
1959: 1543,765,683,1430
920: 
1986: 1209
922: 451,1773
923: 
924: 304,651,1220,223
925: 1404,457
926: 637,1277,969
927: 
928: 876,1804,2003,760,807,1440,1591,220,1179,491,578,200,1141,1633,1023,1575
929: 1042,1060,1521,100,2008,208,1275,1896,1736,1061,249,1923,1783,1091,1216,1598,1257
930: 
1856: 672,1669,27
932: 1040,143,1421,553,1056,390
933: 114,1434,1062,939,1705,1902,2001,1005,261,942,1345,482
934: 
935: 836,478,358,564,653,2006,1237,1350,1555,732
936: 948,1476,816,1250,170,319,590,2010,1641,473,780,1933,430,1554,1024
937: 1343
938: 1775,1670
939: 114,1434,1062,1705,1902,933,2001,1678,1005,261,942,1276,1345
940: 670,2019,1045,1568,1798,1595,1249,1968,435,1479,251,1362
941: 897,96
942: 9,114,1434,1062,939,1705,1902,933,2001,1005,261,1276
943: 
944: 722
945: 
946: 677
947: 
948: 936,1476,816,1250,319,2010,1641,473,780,1933,430,1554,1024
949: 123,1394,1710,1429,156,1774,163,1752,2017,1690,1280,1487,1177,1560,47
950: 832
951: 1634
952: 
953: 
954: 
1850: 997,140,1003,627
956: 179,2019,1045,1568,1798,1961,1520,1128,251,1578,1419,180,1484
957: 
958: 861,1083,855,698
959: 423,560,1644
960: 1547
961: 
962: 
963: 1476,697,1123,816,1446,811,1250,170,319,221,1190,1116,985,590,2010,1214,1004,1641,473,233,430,1554,1024
964: 79,1875
965: 990
966: 536,570
967: 1638
968: 
969: 926,1277
970: 766,750,911
971: 
1965: 1821,1425,1121
973: 
974: 
975: 
976: 
977: 
978: 157,983,1106,1982
979: 5,1223,402,1296,781,431
980: 834,1668
981: 313,1435,1523,874,184,74,1853,1080,1103,270,1469,2011,1708,528,1795,914
982: 1353,1477
983: 1106,1982,157,978
984: 824,871
985: 963,1476,1123,1446,811,1250,319,1190,1116,590,2010,233,430,1554,1024
986: 
987: 1448,773,372,1645,1812
988: 
1889: 113,1025
990: 965
991: 
992: 352,739,865
1999: 245
994: 
995: 
996: 
997: 1850,140,1003,627
1874: 39
999: 1548,1652
1000: 478,1697,1399,494,2006,1555,487,732,1529,1095,573
1001: 463,1988,134,222,1318,1202,687,2007,54,1052
1904: 
1003: 1850,997,140,627
1004: 963,1476,697,1123,816,1446,811,1120,1250,170,319,221,1190,1116,2010,1214,1641,233,1554
1005: 114,1434,1062,939,1902,933,2001,261,942,1276,1345,482
1006: 
1952: 
1008: 
1009: 1917
1010: 
1011: 
1012: 
1013: 
1014: 
1015: 870,629,237,1819,1800,1244,1770,1602,109,1499,2000,458,229,132,818
1016: 1573
1017: 
1018: 
1019: 1610
1020: 1243,286,2005,239,1315,1233,1032
1021: 
1022: 
1023: 236,120,1417,426,253,558,1355,1324,1575,1804,2003,760,928,807,1260,1440,220,1179,578,200
1024: 963,1476,697,816,811,1250,170,319,221,1190,985,590,2010,1641,473,780,233,1933,430,1554,948,936
1025: 1889,113
1026: 
1027: 1983,901,2018,831,1189,376,1356,1840,682,625,804,506,1577,1159,1322,1558,493
1028: 
1029: 1042,879,1521,100,2008,1992,1275,1896,1736,249,1783,49,1216,1167,1043,1598,1257
1030: 606
1903: 1034,1507,1566
1032: 1243,286,2005,239,1315,1233,1020,1033,1407,303,1884,1676
1033: 1243,286,2005,239,1315,1233,1032,1407,303,1676
1034: 1507,1903,1566
1035: 
1036: 607
1037: 
1038: 
1863: 1857,582,1541,567,141,1338,1745,777,2013
1040: 143,1421,932,553,1056,390
1041: 
1042: 1029,1060,879,1521,100,2008,1992,1275,1896,1736,1061,249,929,1923,1783,1091,49,1216,333,850,1167,1043,1598,1257
1043: 1091,49,1216,333,1167,1598,1257,1042,1029,1521,100,2008,1992,1275,1896,1736,1923,1783
1044: 1661,867,1642
1045: 670,179,2019,1568,1798,1595,1249,1961,1520,1128,956,251,940,1578,1419
1046: 
1047: 1873,545,1918,1379
1048: 745,1176
1049: 
1050: 
1051: 89,95,1222
1052: 1202,1837,408,1823,495,687,1408,1945,669,1267,2007,1684,365,54,785,463,1988,1001,222,1318
1053: 
1054: 362,1672,561,1608,1767,1168
1055: 600,1396
1056: 553,390,1040,143,932
1057: 
1058: 
1059: 1703,579
1060: 1042,879,2008,1992,1275,1896,1736,1061,929,1923,1783,1091,49,1216,850,1167,1257
1061: 1042,1060,879,100,2008,208,1275,1896,1736,249,929,1923,1783,1091,1257
1062: 9,114,1434,939,1705,1902,933,2001,1678,1005,261,942,1276
1875: 964,79
1064: 
1936: 1975,224,1441
1066: 
1067: 
1899: 
1069: 1908,1405,1605
1070: 
1071: 
1072: 
1073: 314,1857,582,1541,58,1338,1745,777,1331,1764,1224,2013,26,227,808,663,1810,86,193,1570
1074: 
1075: 
1979: 1314,762
1077: 2004,1964,1677,1997,635,263,882,662,833,1383,1858,22,1124
1078: 1870
1079: 123,1710,1429,1752,2017,1487,1177,1588,1263
1080: 74,1853,1103,270,1469,475,2011,1708,528,1795,981
1081: 
1082: 1458
1083: 861,958,855,698
1084: 
1973: 1833,1451,485,1218,1888
2002: 562,129,146,1659,1240,666,387,499,1719,1865,1816,1308,296,87,1339,378
1087: 
1088: 
1089: 461
1948: 1564,2012,1424,1482,1895,821,417,1533,293,238,1256,1859,1599,414,351,1332,1471,192,730,1763
1091: 49,1216,333,850,1167,1043,1598,1257,1042,1060,879,100,2008,1992,1275,1896,1736,1061,929,1923,1783
1092: 1733,1299,321
1093: 
1094: 1680,1567,175
1095: 594,1529,573,1000,478,1697,1399,1303,2006
1096: 242,893,719,675
1097: 1105
1098: 
1099: 
1100: 268
1988: 463,81,1001,134,222,1318,1202,1837,408,687,1945,2007,365,54,1052,785
1102: 
1103: 74,1853,1080,270,1469,475,2011,1708,313,1435,1523,874,184,981
1104: 
1105: 1097
1106: 983,1982,157,978
1107: 
1108: 82,1580
1837: 1202,408,1823,495,687,1408,1945,669,1267,2007,1684,365,54,1052,785,1988,1318
1110: 302,1867
1111: 
1112: 
1944: 
1114: 
1115: 
1116: 963,1476,697,1123,1446,811,319,221,1190,985,2010,1214,1004,233,1554
1117: 
1118: 1611,1475,2014,131,1901,555,650,1825,1587,1879,247,756
1883: 1401,1622,1762,1926,121,98,201,862,130,13,122,2015,1957,267,769
1120: 1476,697,816,1250,170,221,2010,1004,1641,473,780,1933
1121: 1821,1965,1425
1122: 
1123: 963,1476,697,1446,811,319,221,1190,1116,985,2010,1214,1004,1641,473,233,430,1554
1124: 2004,361,1964,1677,1997,635,263,882,62,662,112,1579,1972,1858,1077
1125: 
1126: 
1127: 
1128: 179,2019,1045,1568,1798,1249,1961,1520,956,251,1578,1419,1484
1905: 
1130: 
1131: 1184,1920
1132: 173
1133: 
1134: 1255
1135: 1911,1643,1316
1136: 
1991: 453,770,743
1138: 
1139: 1562,446
1140: 1862,1640
1141: 876,1804,2003,760,928,1260,1440,220,1179,491,200,1633,558,1355,1324,1575
1142: 
1143: 
1144: 
1145: 
1146: 1679
1147: 240,700,1694
1148: 1931,880
2018: 1983,183,901,831,1189,376,1356,1840,682,618,699,625,1027,804,506,1150,1577,1159,541,1322,1558,493
1150: 1983,183,901,2018,831,1189,682,618,699,625,506,1577,1159,541
1151: 289,388,1743
1152: 1278,1848
1153: 1709,154
1857: 314,1863,582,1541,567,141,58,1338,1745,1225,1331,1073,1764,2013
1155: 
2019: 670,179,1045,1568,1798,1595,1249,1961,1968,435,1520,1479,1128,956,251,940,1578,1419,180,1362,1484,1977
1157: 197,898,1593
1158: 
1159: 1983,183,901,2018,831,1189,682,618,699,625,1027,804,506,1150,1577,541,1558
1160: 1457,77
1161: 668
1162: 
1840: 1983,901,2018,376,1356,1027,804,506,1322,1558,493
1164: 1692
1923: 1042,1060,1521,100,2008,208,1992,1275,1896,1736,1061,249,929,1783,1091,1216,333,1167,1043,1598,1257
1166: 1528,1614,178,331,1483,2009,1892,779,30,1288,317,462,225,1971,1534
1167: 1091,49,1216,333,850,1043,1257,1042,1029,1060,879,2008,1992,1275,1896,1736,1923,1783
1168: 1767,1608,1054
1967: 
1170: 
1171: 
1172: 
1173: 
1174: 
1175: 
1176: 745,1048
1177: 123,1710,1429,156,163,1752,2017,1690,1280,1487,1079,1560,949,1588,83,1263
1940: 
1179: 876,1804,2003,760,928,807,1260,1440,220,491,578,200,1141,1633,236,120,426,558,1355,1324,1023,1575
1180: 28,858
1181: 
1182: 
1183: 1490,169,1782
1184: 1920,1131
1185: 
1186: 
1187: 1842,510
1188: 1,279
1189: 901,2018,682,618,625,1027,804,506,1150,1577,1159,541,1558
1190: 963,1476,697,1123,1446,811,319,221,1116,985,590,2010,1214,1004,233,430,1554,1024
1191: 
1192: 1627
1193: 799
1194: 
1195: 802
1196: 
1197: 
1198: 1411
1199: 
1200: 
1201: 
1202: 1837,408,1823,495,687,1408,1945,669,1267,2007,1684,365,54,1052,1988,1001,222
1203: 794,476,1980
1204: 
1205: 
1987: 450,381,1613
1822: 
1208: 
1209: 1986
1210: 
1211: 165
1212: 
1213: 
1214: 963,1123,1446,811,1190,1116,2010,1004,233
1215: 1270,504
1216: 1091,49,333,850,1167,1043,1598,1257,1042,1029,1060,1521,100,2008,1992,1275,1896,1736,929,1923,1783
1217: 
1218: 1973,1451,485,1888
1885: 852
1220: 924,304,651,1966,223
1221: 
1222: 89,1051,95
1223: 5,979,402,1296,781,431
1224: 314,1541,58,1331,1073,1764,2013,227,663,1496,1810,193,12,7,1409,1570,842
1225: 1857,141
1226: 
1227: 803,1258
1228: 1924,1725,597,1953,2016,18,1714,1295,1381,1713,1724,206,701,479
1229: 
1230: 
1231: 637,1806
1232: 
1233: 1243,286,2005,239,1315,1020,1033,1032,1407,303,1884,1676
1234: 
1896: 1042,1029,1060,879,100,2008,1992,1275,1736,1061,249,929,1923,1783,1091,49,1216,333,850,1167,1043,1257
1236: 
1237: 836,935,478,1697,1399,358,564,653,1303,494,2006,1350,1555,732
1876: 656,1706,295,841
1239: 289,388,1743
1240: 562,2002,129,146,1659,666,387,499,1719,1865,1816,296,87,378
1241: 
1914: 
1243: 286,2005,239,1315,1233,1020,1033,1032,1407,303,1884,1676
1244: 685,1800,1770,1602,109,1712,1728,2000,217,458,1432,229,916,409,132,870,1015,629,237,1819
1245: 720
1246: 
1247: 
1248: 706,1526,641,454,276,1718,523
1249: 670,179,2019,1045,1568,1798,1595,1961,1968,435,1479,1128,251,940,1419,1362,1977
1250: 963,1476,697,816,1120,170,319,221,985,590,2010,1004,1641,473,780,1933,430,1554,1024,948,936
1251: 
1252: 
1253: 
1254: 
1255: 1134
1256: 1564,2012,1948,1424,1482,821,417,293,238,1859,1599,414,351,1332,1471,192,730
1257: 1091,49,1216,333,1167,1043,1598,1042,1029,1060,1521,100,2008,208,1992,1275,1896,1736,1061,249,929,1923,1783
1258: 803,1227
1259: 679
1260: 2003,760,1440,220,1179,578,200,1141,236,120,1417,426,253,558,1355,1324,1023,1575
1261: 605
1262: 
1263: 692,47,856,123,1710,1429,156,1752,2017,1690,1177,1079,1560,1588,83
1264: 
1265: 1455
1266: 1369,1439
1267: 1202,1837,408,1823,495,1408,1945,669,2007,1684,365,54,1052,785
1268: 2
1912: 
1270: 1215,504
1868: 
1272: 128
1273: 806,630
1274: 
1275: 1042,1029,1060,879,1521,100,2008,208,1992,1896,1736,1061,249,929,1923,1783,1091,49,1216,1167,1043,1598,1257
1276: 114,1434,1062,939,1902,2001,1678,1005,261,942,1787
1277: 926,969
1278: 1848,1152
1279: 1839,1735,85
1280: 1394,1710,1429,156,1774,163,1752,2017,1690,1177,949,83
1281: 709,437
1282: 828
1283: 661
1284: 
1285: 
1961: 670,179,2019,1045,1568,1798,1249,1968,1128,956,251,1578,1419,180,1362,1484,1977
1287: 24,64
1288: 1528,1614,178,331,1483,2009,1892,727,779,30,1371,1166,317,462,225,1971,1534
1289: 501,456
1290: 
1291: 59,287,1311
1292: 401,1544,1392
1293: 710,533,519
1294: 
1295: 1924,1725,1330,597,1953,2016,18,1228,1714,1381,1713,1724,206,701,479
1296: 781,431,402,5,979,1223
1297: 1385,1574,288,675,242
1298: 204
1299: 1970,1733,1092
1300: 
1301: 817,298,1650,587
1302: 
1303: 836,478,1697,1399,358,653,494,2006,1237,1555,487,732,594,1529,1095,573
1954: 367,1916,162
1305: 
1306: 
1307: 1382,1925
1308: 562,2002,129,146,499,1719,87,1339
1309: 716,1824
1310: 466,823,612
1311: 1291,59,287
1932: 
1313: 
1314: 762,1979
1315: 1243,286,2005,239,1233,1020,1033,1032,1407,303,1884,1676
1316: 1911,1135,1643
1317: 
1318: 463,81,1988,1001,134,1837,408,687,1945,2007,365,54,1052,785
1319: 
2014: 1611,1118,1475,131,1901,555,650,448,1825,1587,1879,1934,247,756
1321: 
1322: 1983,901,2018,831,376,1356,1840,682,699,625,1027,804,506,493
1918: 1873,545,1047
1324: 236,1969,120,1417,426,253,558,1355,1023,1575,1804,2003,760,807,1260,1440,220,1179,578,200,1141
1325: 175
1326: 1532,1625,759
1327: 
1328: 
1329: 1486,252
1330: 1924,1725,597,1953,2016,18,1295,1713,1724,206,701,479
1331: 314,1857,582,1541,567,58,1338,1745,777,1073,1764,1224,2013,227,808,663,1810,193,1409,1570
1332: 1599,414,351,1471,192,2012,1948,1482,821,293,238,1256
1333: 53
1846: 
1335: 1358,492
1336: 
1337: 
1338: 314,1863,1857,582,1541,567,141,58,1745,777,1331,1073,2013,808
1339: 562,2002,499,1719,1308,87
1340: 619
1341: 
1342: 
1343: 937
1344: 917
1345: 114,1434,939,1902,933,2001,1005,261,482,657,713
1346: 364
1347: 
1348: 1817
1825: 1611,1118,1475,2014,131,1901,555,650,448,1879,1934,247,756
1350: 836,935,478,1697,358,564,653,494,2006,1237,1555,487,732
1351: 1893,535,446
1352: 
1353: 982,1477
1354: 909,864
1355: 236,120,1417,426,253,558,1324,1023,1575,2003,760,807,1260,1179,200,1141
1356: 1983,901,2018,376,1840,682,625,1027,804,506,1322,1558,493
1951: 1807,1759
1358: 492,1335,111
1359: 45,75
1360: 13,122,416,532,2015,769,1622,1926,201,862
1361: 763,290
1362: 1419,180,1484,1977,670,2019,1568,1798,1249,1961,1968,1479,251,940
1363: 
1835: 626,793
1365: 226
1366: 
1367: 
1368: 
1369: 1266,1439
1370: 
1371: 1528,1614,178,331,145,1483,2009,403,1892,727,779,30,1288,462
1372: 
1373: 1675,1894
1996: 771,1623
1375: 
1376: 
1377: 
1378: 
1379: 1873,545,1047
1380: 1637
1381: 1924,1725,597,1953,2016,18,1228,1714,1295,1713,1724,479
1382: 1307,1925
1383: 2004,1964,1677,1997,635,263,882,62,662,833,112,1858,22,1077
1384: 688,10
1385: 1297,1574
1386: 1778
1387: 
1388: 
1389: 
1971: 462,225,1528,1614,1483,2009,727,779,1288,1166,1534
1391: 
1392: 1292,1544
1393: 
1394: 123,1710,1429,156,1774,163,1752,2017,1690,1280,1560,949,47,856
1395: 878
1396: 1055
1397: 
1398: 
1399: 1000,836,478,1697,358,1303,494,2006,1237,1555,487,732,594,1529,1095,573
1400: 
1401: 1622,1762,1926,121,98,201,1883,862,130,13,2015,267,769
1908: 1069,1405,1605
1403: 
1404: 925,457
1405: 1908,1069,1605
1406: 703
1407: 1243,286,2005,239,1315,1233,1033,1032,303,1884,1676,370
1408: 1202,1837,408,1823,495,687,1945,669,1267,2007,1052
1409: 12,7,2013,26,227,663,1496,1810,193,314,1331,1764,1224,1570,842
1410: 
1411: 1198
1412: 
1413: 
1414: 
1926: 1401,1622,98,201,1883,862,130,13,122,532,2015,1360,769
1845: 592,588
1417: 236,1969,120,426,253,558,1355,1324,1023,2003,1260,578
1418: 
1419: 180,1362,1484,1977,670,179,2019,1045,1568,1798,1249,1961,1968,1128,956,251,1578
1420: 
1421: 1040,143,932,1665,390
1422: 
1992: 1042,1029,1060,879,100,2008,1275,1896,1736,1923,1783,1091,49,1216,850,1167,1043,1257
1424: 1564,2012,1948,1482,1895,821,417,1533,293,238,1256,1859,1599,351
1425: 1821,1965,1121
1426: 
1427: 1651,1540,171
1428: 
1429: 123,1394,1710,156,1774,163,1752,2017,1690,1280,1487,1177,1079,1560,949,1588,83,1263,856
1430: 1543,765,1959,683,1870
1431: 
1432: 685,1800,1244,109,1712,1728,1499,2000,217,458,229,916,818,870,1819
1433: 
1434: 114,1062,939,1902,933,2001,1678,1005,261,942,1276,1345,1787,1799,713
1435: 313,1523,874,184,981,74,1103,2011
1436: 1590,336,38
1437: 
1438: 
1439: 1266,1369
1440: 876,1804,2003,760,928,807,1260,1591,220,1179,491,578,200,1141,1633,558,1324,1023,1575
1441: 1975,224,1936
1949: 516
1443: 
1444: 757,1445
1445: 757,1444
1446: 963,1123,811,1190,1116,985,2010,1214,1004,233,1554
1447: 
1448: 773,372,987,1812
1449: 
1450: 
1451: 1973,485,1218,1888
1452: 
1453: 
1454: 734,839
1455: 1265
1917: 1009
1457: 1160,77
1458: 1082
1459: 
1460: 
2005: 1243,286,239,1315,1233,1020,1033,1032,1407,303,1884,1676,370
1462: 
1463: 1966,223
1464: 
1465: 
1466: 
1928: 
1468: 1706,400,295
1469: 74,1853,1080,1103,270,475,2011,1708,1795,313,1523,874,184,981
1470: 
1471: 1599,414,351,1332,192,730,1763,2012,1948,821,1256,1859
1472: 1581,1536,1921
1473: 875
1474: 566
1475: 1611,1118,2014,131,1901,555,650,1825,1879,1934,247,756
1476: 963,697,1123,816,811,1120,1250,170,319,221,1190,1116,985,590,2010,1004,1641,473,780,233,1933,430,1554,1024,948,936
1477: 982,1353
1478: 
1479: 670,2019,1568,1798,1595,1249,1968,435,251,940,1362,1977
1947: 
1481: 812
1482: 1564,2012,1948,1424,1895,821,417,1533,293,238,1256,1859,351,1332,192
1483: 1528,1614,178,331,145,2009,403,1892,727,779,30,1371,1288,1166,317,462,225,1971,1534
1484: 1419,180,1362,1977,670,179,2019,1568,1798,1961,1968,1128,956,251,1578
1915: 1660
1486: 1329,252
1487: 123,1710,1429,163,1752,2017,1177,1079,1560,949,1588
1488: 
1489: 
1490: 1183,1782
1491: 
1492: 
1493: 
1494: 
1495: 
1496: 2013,26,227,808,663,1810,514,86,193,314,1224,7,1409
1497: 
1498: 
1499: 109,1712,1728,2000,458,1432,229,818,574,870,1015,629,1819
1500: 
1501: 
1502: 881
1503: 
1504: 733
1505: 0
1839: 1735,85,1279
1507: 1034,1903,1566
1508: 577,556
1509: 389,1794,1871,1600
1510: 
1888: 1973,1451,485,1218
1512: 
1513: 1939
1514: 
1515: 1695
1516: 
1517: 
1518: 1768,497
1519: 
1520: 179,2019,1045,1568,1595,1128,956
1521: 1042,1029,100,2008,208,1275,1736,249,929,1923,1783,49,1216,1043,1598,1257
2008: 1042,1029,1060,879,1521,100,208,1992,1275,1896,1736,1061,249,929,1923,1783,1091,49,1216,333,850,1167,1043,1598,1257
1523: 313,1435,184,981,74,1853,1103,270,1469,2011,1708,528,914
1524: 
1525: 
1526: 1248,706,641,276,1718,523
1527: 
1528: 1614,331,1483,2009,1892,727,779,30,1371,1288,1166,317,462,225,1971,1534
1529: 594,1095,573,1000,478,1697,1399,1303,494,2006,487
1530: 
1531: 632,686
1532: 1625,1326,759
1533: 1564,2012,1948,1424,1482,1895,417,293,1859
1534: 1528,1483,2009,1288,1166,317,462,225,1971
1535: 
1536: 1581,1784,1472,1921
1537: 510
1538: 
1823: 1202,1837,408,495,687,1408,1945,669,1267,2007,1684,365,1052
1540: 1427,1651,171,1542
1541: 314,1863,1857,582,567,141,58,1338,1745,777,1331,1073,1764,1224,2013,808,1810
1542: 171,1651,1540
1543: 765,1959,683,1430
1544: 401,1292,1392
1545: 
1546: 1696
1547: 960
1548: 999,1652
1897: 
1550: 
1551: 
1552: 
1553: 681
1554: 963,1476,697,1123,816,1446,811,1250,170,319,221,1190,1116,985,590,2010,1004,1641,473,233,1933,430,1024,948,936
1555: 1000,836,935,478,1697,1399,358,564,653,1303,494,2006,1237,1350,487,732
1556: 
1557: 
1558: 901,2018,1189,376,1356,1840,682,618,625,1027,804,506,1577,1159,541
1559: 166,404
1560: 123,1394,1710,1429,156,163,1752,2017,1690,1487,1177,949,1588,83,47,1263,856
1561: 
1562: 1139,446
1563: 
1564: 2012,1948,1424,1482,1895,821,417,1533,293,238,1256,1859,1599,414,351,192,1763
1836: 
1566: 1034,1507,1903
1567: 1680,1094,175
1568: 670,179,2019,1045,1798,1595,1249,1961,1968,435,1520,1479,1128,956,251,940,1419,180,1362,1484
1964: 2004,1677,1997,635,263,882,662,112,1579,1383,1972,1858,22,1124,1077
1570: 842,2013,663,1810,193,314,58,1331,1073,1764,1224,12,7,1409
1990: 
1873: 545,1047,1918,1379
1573: 1016
1574: 1297,1385,288
1575: 236,120,426,253,1355,1324,1023,1804,2003,760,928,807,1260,1440,1179,578,200,1141
1576: 436,329,1776
1577: 1983,183,901,2018,831,1189,376,682,618,699,625,1027,804,506,1150,1159,541,1558
1578: 179,2019,1045,1798,1961,1128,956,251,1419,180,1484
1579: 2004,1964,1997,263,662,112,1972,1124
1580: 1108,82,234
1581: 1784,1536,1472,1921
1582: 1727,325,182
2016: 1924,1725,1330,597,1953,18,1228,1714,1295,1381,1713,1724,206,701,479
1584: 
1824: 716,1309
1586: 
1587: 1118,2014,131,1901,555,650,448,1879
1588: 123,1710,1429,1752,2017,1690,1487,1177,1079,1560,83,692,47,1263,856
1589: 
1590: 336,1436,38
1591: 1804,2003,928,1440,491,200,1633
1592: 575
1593: 1157,197,898
1594: 20
1595: 670,179,2019,1045,1568,1798,1249,1968,435,1520,1479,251,940
1596: 
1597: 248
1598: 1091,49,1216,333,1043,1257,1042,1029,1521,100,2008,208,1275,249,929,1923,1783
1599: 414,351,1332,1471,192,730,1763,1564,2012,1948,1424,821,238,1256,1859
1600: 1509,389,1794,1871
1601: 
1602: 685,1800,1244,1770,109,2000,217,458,229,916,409,132,870,1015,629,237,1819
1867: 1110,302
1604: 
1605: 1908,1069,1405
1606: 1891,301
1607: 
1608: 362,1672,561,1054,1168
1927: 596
1610: 1019
1611: 1118,1475,2014,131,1901,555,1825,1879,1934,247,756
1909: 
1613: 450,381,1987
1614: 1528,178,331,145,1483,2009,403,1892,727,779,30,1371,1288,1166,462,1971
1615: 873,1984
1616: 
1982: 983,1106,978
1618: 
1919: 
1620: 
1621: 
1622: 1401,1762,1926,121,98,201,1883,862,130,13,122,416,1974,532,2015,1957,1360,267,769
1623: 771,1996
1872: 
1625: 1532,1326,759
1626: 66,746,1828
1627: 1192
1628: 
1629: 
1831: 
1631: 
1632: 1955,1851
1633: 876,1804,2003,760,928,1440,1591,220,1179,491,200,1141
1634: 951
1635: 51
1636: 
1637: 1380
1638: 967
1639: 
1640: 1140,1862
1641: 963,1476,697,1123,816,811,1120,1250,170,319,221,2010,1004,473,780,1933,430,1554,1024,948,936
1642: 867,1661,1044
1643: 1911,1135,1316
1644: 1647,959,423,560
1645: 764,773,372,1748,987
1646: 256,150
1647: 560,1644
1648: 1744,753,1673
1924: 1725,1330,597,1953,2016,18,1228,1714,1295,1381,1713,1724,206,701,479
1650: 587,817,298,1301
1651: 1427,1540,171,1542
1652: 1548,999
1653: 
1654: 
1655: 
1656: 
1657: 
1658: 889
1659: 562,2002,129,146,1240,387,1719,1865,1816,296,378
1660: 1915
1661: 1044,867,1642
1662: 
1663: 
1664: 
1665: 390,1421
1860: 
2000: 685,1800,1244,1770,1602,109,1712,1728,1499,217,458,1432,229,916,409,132,818,574,870,1015,629,237,1819
1668: 980,834
1669: 1856,672,27
1670: 938,1775
1827: 323
1672: 362,561,1608,1054,1767
1673: 1744,1648,753
1674: 
1675: 1894,1373
1676: 1243,2005,239,1315,1233,1033,1032,1407,303,1884,370
1677: 2004,361,1964,1997,635,263,882,62,662,833,112,1383,1972,1858,22,1124,1077
1678: 1434,1062,939,1902,2001,261,1276,1787,1799,713
1679: 1146
1680: 1567,1094,175
1681: 419,885,1805
1682: 
1683: 
1684: 1202,1837,408,1823,495,1945,669,1267,2007,365,54,1052,785
1685: 
1686: 
1687: 
1688: 
1942: 
1690: 123,1394,1710,1429,156,1774,1752,2017,1280,1177,1560,949,1588,83,692,47,1263,856
1691: 
1692: 1164
1969: 236,1417,426,558,1324,2003
1694: 240,1147,700
1695: 1515
1696: 1546
1697: 1000,836,478,1399,358,564,1303,494,2006,1237,1350,1555,487,732,594,1529,1095,573
1698: 234
1699: 1757,631
1700: 332,1929
1701: 
1702: 
1703: 1059,579,740
1704: 857,1995,530
1705: 9,114,1062,939,933,2001,261,942
1706: 1876,1468,656,400,295
1707: 
1708: 528,1795,74,1853,1080,1103,270,1469,2011,313,1523,184,981,914
1709: 1153,154
1710: 123,1394,1429,156,1774,163,1752,2017,1690,1280,1487,1177,1079,1560,949,1588,83,1263,856
1882: 
1712: 1800,1244,109,1728,1499,2000,217,458,1432,229,916,818,574,870,629,1819
1713: 1924,1725,1330,597,1953,2016,18,1228,1714,1295,1381,1724,206,701,479
1714: 1924,1725,597,1953,2016,18,1228,1295,1381,1713,1724,206,479
1715: 126,1826,16
1716: 464
1717: 
1718: 454,276,523,1248,706,1526,641
1719: 562,2002,129,146,1659,1240,666,387,499,1865,1816,1308,296,87,1339,378
1720: 
1721: 
1722: 
1723: 
1724: 1924,1725,1330,597,1953,2016,18,1228,1714,1295,1381,1713,206,701,479
1725: 1924,1330,597,1953,2016,18,1228,1714,1295,1381,1713,1724,206,479
1726: 
1727: 325,1582,182
1728: 1244,109,1712,1499,2000,217,458,1432,229,818,870,629,1819
1729: 577,556,481
1730: 
1731: 
1732: 
1733: 1092,1299,321
1734: 
1735: 1839,85,1279
1736: 1042,1029,1060,879,1521,100,2008,1992,1275,1896,1061,249,929,1923,1783,1091,49,1216,850,1167,1043,1257
1737: 
1738: 
1739: 
1740: 
1741: 
1742: 
1743: 1151,289,388,1239
1744: 1648,753,1673
1745: 314,1863,1857,582,1541,567,58,1338,777,1331,1073,2013,227,808
1746: 
1747: 
1748: 764,773,372,1645
2006: 1000,836,935,478,1697,1399,358,564,653,1303,494,1237,1350,1555,487,732,594,1529,1095,573
1750: 
1852: 416,1974,2015,1957,718,267,769,121,130
1752: 123,1394,1710,1429,156,163,2017,1690,1280,1487,1177,1079,1560,949,1588,83,692,47,1263,856
1753: 
1754: 
1755: 
1756: 199
1757: 1699,631
1758: 
1759: 1807,1951
1760: 
1761: 
1762: 1401,1622,121,98,201,1883,862,130,122,1974,2015,1957,718,267
1763: 1599,414,351,1471,192,730,1564,2012,1948,1859
1764: 314,1857,582,1541,58,1331,1073,1224,2013,26,227,663,1810,193,12,7,1409,1570,842
1765: 
1766: 
1767: 1672,1054,1168
1768: 497,1518
1769: 
1770: 685,1800,1244,1602,2000,458,916,409,132,870,1015,237
1972: 2004,361,1964,1677,1997,635,263,62,662,833,112,1579,1858,22,1124
1772: 617,320
1773: 922
1774: 1394,1710,1429,156,163,2017,1690,1280,949
1775: 938,1670
1776: 436,1576,329,518
1851: 292,347,1955,1632
1778: 1386
1976: 1981
1780: 
1781: 
1782: 1183,1490
1783: 1042,1029,1060,879,1521,100,2008,208,1992,1275,1896,1736,1061,249,929,1923,1091,49,1216,333,850,1167,1043,1598,1257
1784: 1581,1536,1921
1785: 
1786: 
1787: 1799,713,657,1434,1902,2001,1678,261,1276
1981: 1976
1789: 
1878: 
1791: 
1792: 547
1793: 
1794: 1509,389,1871,1600
1795: 1708,528,74,1853,1080,270,1469,2011,981,914
1796: 
1797: 
1798: 670,179,2019,1045,1568,1595,1249,1961,1968,1479,1128,956,251,940,1578,1419,180,1362,1484,1977
1799: 1787,713,657,1434,2001,1678
1800: 685,1244,1770,1602,109,1712,2000,217,458,1432,229,916,409,132,870,1015,237,1819
1801: 
1966: 1463,223,651,1220
1803: 
1804: 876,2003,760,928,807,1440,1591,220,1179,491,578,200,1141,1633,1324,1023,1575
1805: 419,1681
1806: 1231
1807: 1951,1759
1808: 167,284,305,115
1809: 342
1810: 2013,26,227,808,663,1496,514,86,193,314,582,1541,58,777,1331,1073,1764,1224,12,7,1409,1570,842
1811: 176
1812: 1448,773,372,987
1879: 1611,1118,1475,2014,131,1901,555,650,448,1825,1587,1934,247
1858: 2004,361,1964,1677,1997,635,263,882,62,662,833,112,1383,1972,22,1124,1077
1815: 
1816: 562,2002,129,146,1659,1240,666,387,1719,1865,296,378
1817: 1348
1818: 
1819: 574,870,1015,629,237,1800,1244,1602,109,1712,1728,1499,2000,217,458,1432,229,132,818