0: 
1: 686,1481,1963
2: 967,1111,1195
3: 
4: 1037
5: 1621
6: 175
7: 514,1225,141,842,1496,2013,1541,1409,777,808,1857,1745,227,567,1338,582,1331,1863,26,1810
8: 
9: 1902,261,2001,1005,1276,1787,1434,482,1062,657,114,713
10: 577,1582
11: 1342,1952
12: 514,842,2013,1409,777,86,1224,1073,58,314,567,1338,582,26
13: 121,122,267,1926,1762,1974,416,1957,532,2015,1401,1883,130,769,718,862
14: 
15: 1127,1987
16: 
17: 
18: 597,2016,1330,1924,1713,479,1228,206,1725,1724,1714,1295,1953,701,1381
19: 1517,116,1016
20: 1556,162,993
21: 913,1958
22: 1858,1884,1383,2004,361
23: 312,1917,795
24: 
25: 455,1036,1888
26: 514,1570,141,842,1496,2013,1541,1409,777,86,1224,7,1073,808,58,314,567,1338,582,1331,12
27: 
28: 1247,1905,723,230,65
29: 
30: 1534,1483,178,727,145,317,2009,403,331,779,1892,1614,1971
1994: 1192,425,1615,168
32: 
33: 
34: 1562
35: 531,439
36: 350
37: 
38: 725
39: 
40: 
41: 
42: 789,1327
43: 
1934: 1587,1825,247,555,1611,2014,756,1901,131,1475,650,448
45: 
46: 
47: 83,2017,1429,1177,1280,856,163,1690,1752,123,1560,1588,1774,1079
48: 277,53,386,84
49: 1060,2008,879,1257,333,1992,208,1061,1923,1091,1598,1783,1167,1521,1043,850
50: 
51: 
52: 
53: 48,277,386,84
54: 365,687,1945,1052,463,1408,2007,669,1202,1001,965,1988,1318,134
55: 710,1293
56: 363,336
57: 
58: 514,1570,141,842,1496,2013,1541,1409,777,86,1224,1073,314,1745,227,567,1338,582,1331,26,1810,12
59: 853,932,553,1145,1835
60: 
61: 
62: 882,1972,1997,662,1677,263,112,2004,833,1964,1124,361
63: 1709
64: 
65: 230,1905,787,28,723
66: 
1864: 
68: 
69: 627
70: 881,334,1502
71: 866,1135
72: 
73: 
74: 1469,270,313,1435,981,2011,1080
75: 159,393,545
76: 
77: 261,2001,1678,1276,1799,1062,657,114,713,942
78: 
79: 1573,878,964
80: 415,174
81: 
82: 1421
83: 1394,2017,1429,1177,1280,856,163,1690,47,1752,123,1560,1588,1774,1079,1263,949,1487,692
84: 48,277,53,386
85: 92
86: 1570,141,2013,1541,1409,777,1224,1073,1857,58,1745,227,567,1338,582,1331,26,1810,12
87: 1659,146,499,666,2002,387,296,1308,1719,378,1816,562
88: 
89: 
90: 1785
91: 
92: 85
93: 1472
94: 
95: 
96: 683,765,805
97: 
98: 121,122,267,1622,1762,1957,532,2015,1401,1883,130,769,1360
99: 968,157
100: 1060,2008,1992,208,1275,1042,1923,1091,929,1783,1216,1043,850,1029
1978: 927,1965
102: 1449
103: 1807,1208
1925: 234,1592
105: 
106: 1658,1325
107: 210,381
108: 
109: 1550,237,574,1432,1712
110: 
111: 
112: 1579,1972,1997,662,635,1677,263,62,2004,833,1964,1383
113: 
114: 1902,261,2001,1005,9,1678,1276,1787,1434,1799,1062,657,713,77,942,939
115: 
116: 1517,1016,19
117: 1559
118: 893,1623
119: 
120: 1417,760,558,236,426,807,200,220,2003,578,928,1440,1179,491
121: 122,267,98,1926,1622,13,1762,1957,532,2015,1401,130,769,862,201,1360
122: 121,267,98,1926,13,1762,1974,416,1957,532,2015,130,769,718,862,201
123: 83,1394,2017,1429,1177,856,163,1690,47,1752,1560,1588,1774,1079
124: 
125: 620
126: 1567,689
127: 
128: 
129: 
130: 121,122,267,98,1622,13,1762,1957,532,2015,1401,769,862,201,1360
131: 1587,1825,247,1934,555,1611,2014,756,650,448
132: 1160,685,1602,2000,217,229,1130,1800,1015,1770,1728,409
133: 186,1812
134: 365,687,1945,54,1052,463,2007,1202,1001,965,1318,495,1684
135: 
136: 
137: 
138: 764
139: 
140: 
141: 1570,1496,2013,1541,86,1224,7,808,1857,58,1745,227,567,1338,1331,26,1810
1963: 1,686,1481
143: 651,793
144: 1723,397
145: 1288,1166,1534,1483,178,727,462,317,2009,403,779,1892,1614,30,1971
146: 1659,499,87,666,2002,387,296,1308,1719,378,1816,562,1240
1916: 1147
148: 
149: 
150: 
151: 
152: 1321
1892: 1166,1534,1483,178,727,145,317,2009,403,779,1614,30
154: 1078,1008
155: 
156: 1487,1394,2017,163,1690,1774,1079,1263,949
157: 968,99
158: 1473,1478
159: 75,393,545
1957: 121,122,267,98,1926,1622,13,1762,416,532,2015,1401,1883,130,769,862
161: 
162: 1556,858,20,993
163: 83,1394,2017,1429,1280,856,1690,47,1752,123,1560,1588,1774,1079,1263,949,156,1487,692
1998: 
165: 
166: 
167: 452
168: 1192,1994,1615
169: 
170: 697,233,1116,319,1476,1250,811,936,2010,1214,1641,963,473,1933,1004,1120,816,221,1554,1190
171: 177,600,305
172: 
173: 431,1296
174: 80,520,415
175: 6
176: 561,300
177: 600,171,305,1654
178: 1288,1166,1534,1483,727,462,145,317,2009,403,331,225,779,1892,1614,30,1971
179: 1128,670,1977,1419,1578,1520,1479,2019,1249,1484,435,1798,1568
180: 1265,707
181: 
182: 
183: 682,1558,493,1159,376,1840,1356,1027,1577,541,2018,901,699,262
184: 1708,1103,2011,1523,1795,475,1853,874,914,1080,528,270
185: 1613,743
186: 133,1645,1812
1975: 
188: 1153,388,1078,1008
2001: 1902,261,1005,9,1678,1276,1787,1434,1799,482,1062,657,114,713,77,1705,942,939
190: 374
191: 
192: 730,1256,1424,417,238,1471,1482,1533,2012,1564,351,1948,1895,821,293,1859,1763
193: 
194: 278
195: 1744,1064
196: 
197: 1809
1995: 
199: 
200: 1417,760,558,236,426,807,1591,1260,1355,120,220,2003,578,876,928,1440,1179,491,1633,1575,1023,1141,253
201: 718,862,121,122,1762,532,2015,130,769,1360
202: 
203: 
204: 
205: 
206: 597,18,2016,1330,1713,479,1228,1725,1724,1714,1295,1953,701,1381
207: 1251,371,1700,332
208: 100,1060,2008,879,1257,333,49,1992,1061,1275,1042,1923,1091,1598,929,1896,1783,1167,1216,1521,1043,850,1029
209: 
210: 107,381
211: 613
212: 1105,325
213: 
214: 837,799,474,1941,1193,668,1142,1161
215: 
216: 
217: 1160,685,2000,229,132,1800,1015,1728,409
218: 812
219: 747
220: 760,236,426,807,200,1355,120,2003,578,928,1179,1633,1575,1023,1141,253
221: 697,233,1116,319,1250,936,2010,170,1641,473,1120,816,1190
222: 365,687,1945,1052,463,2007,408,1001,1988,1823,495,1684
223: 1735
224: 1317,763
225: 1288,1534,1483,178,462,2009,403,331,779,1614,1971
226: 
227: 1570,141,2013,1541,86,1224,7,1857,58,1745,567,1338,1331,1810
228: 
229: 1160,685,1602,2000,217,132,1130,1800,1015,1770,1728,409,870,1499
230: 65,1905,787,28,723
231: 877,565
232: 
233: 697,1116,319,936,2010,170,1641,473,1004,1120,780,816,221,1190,1024
234: 1592,1925
235: 
236: 1417,760,558,426,807,1591,200,1260,1355,120,220,2003,578,876,928,1440,1179,491
237: 109,1550,574,1432,1712,1499,458,2000,870
238: 192,730,1256,1424,417,1471,1482,1533,2012,1564,351,1332,1948,1895,821,1599,293,1763
239: 1315,1032,1407,1233,286,2005,1243,1676,1033,303
240: 835,738,700
241: 877,565
242: 516,854
243: 
244: 
245: 1093,1209
246: 1050,1380
247: 1587,1825,1934,555,1611,2014,756,131,1475,650,448
248: 
249: 1060,1736,2008,879,1257,333,1992,1923,1598,1896,1167,1216,1521
250: 
251: 1961,956,1128,670,1977,1419,1578,1520,1479,2019,1249,1484,940,435,1798,1568
252: 1817
253: 1575,1023,1141,760,426,200,1260,1355,220,2003,578,1633
254: 768,1818
255: 1443
256: 1848,1760
257: 
258: 
259: 
1862: 734,546,1375
261: 2001,9,1678,1276,1799,1062,657,114,713,77,942
262: 183,1558,493,1159,376,1840,1356,1027,1189,541,2018,901,625,831,699,618,1983
263: 1579,882,1972,1997,662,1677,62,112,2004,833,1964,1124,361,1884,1383
264: 
1884: 1858,22,1383,1972,1677,263,2004,361
266: 
267: 121,122,98,1926,1622,13,1762,1974,416,1957,532,2015,1401,1883,130,769,718,862
268: 829
269: 937,1343,661
270: 1469,74,313,1435,981,184,2011,1523,1853,874,914,1080,528
271: 1370
272: 
273: 
274: 
275: 608,1411,884,1747,810
276: 456,1673
277: 48,53,386,84
278: 194
279: 
280: 1494,340
281: 1733
282: 
1866: 1182
284: 
285: 792,741,974,529,1870
286: 1315,1032,1407,1233,2005,1676,239,1033,303
287: 1947,781
288: 1097,1297
289: 794
290: 1441
291: 
292: 1585
293: 821,1599,1859,1763,1895,192,730,1256,417,238,1471,1482,1533,2012,1564,1332
294: 1563
295: 1468
296: 1659,146,87,2002,387,1308,1719,1816
297: 1808,453,1540
298: 
299: 
300: 561,783,176
301: 
302: 
303: 1233,286,2005,1243,1676,239,1033
304: 
305: 177,1898,600,171,748,1396,1654
306: 
307: 
1938: 1662
1869: 978
310: 575
311: 612,1310,1696
312: 1917,795,23
313: 1469,270,74,1435,981,2011,1523,475,1853,874,914,1080,528
314: 514,842,1496,2013,1541,1409,777,1224,1073,808,58,567,1338,1863,26,12
315: 
1993: 1108,610
317: 1288,1166,1483,178,727,462,145,2009,403,779,1892,1614,30,1971
318: 
319: 233,1116,1476,811,936,2010,1214,170,1641,963,473,1004,1120,780,816,590,221,1554,1190,1024
320: 
321: 
322: 
323: 1503
1902: 2001,1005,9,1787,1434,482,114,1705
325: 1105,212
326: 
1953: 597,18,2016,1330,1713,479,206,1725,1724,1714,701,1381
328: 
329: 1226
330: 
331: 1288,1534,178,462,2009,403,225,779,1614,30,1971
332: 1251,371,1700,207
333: 1060,1736,2008,879,1257,49,249,1992,208,1061,1275,1042,1923,1598,1896,1783,1167,1521,850
334: 881,70,1502
335: 594
336: 363,56
337: 
338: 
339: 916
340: 1494,280
341: 1292,515,1669,1009,1544,715,401,1722
342: 1051
343: 
344: 997,367,673,584
345: 
1933: 697,1116,1250,811,1123,1446,936,2010,1214,170,1641,985,963,473,1004,430,1554,1190
347: 1539
1911: 1643,1573,878,964
349: 
350: 36
351: 192,1256,1424,417,238,1471,1482,1533,2012,1564,1948,1895,1763
352: 992,1213,841,656
1970: 
354: 851
355: 1681,383
356: 
357: 
358: 1555,487,732,2006,564,1303,935
359: 
360: 
361: 882,1972,1997,662,1677,263,62,2004,1964,1124,22,1884,1383
362: 800,1626,1768
363: 1959,1590,56,336
364: 
365: 687,1945,54,1052,463,1408,2007,408,669,1202,1001,965,1988,1823,1318,495,134,1684,222
366: 
367: 997,344,673,1937,584
368: 
369: 
370: 
371: 1251,1700,207,332
372: 
1893: 1699
374: 190
1913: 
376: 1840,183,682,1558,493,1159,1356,1027,541,2018,901,831,618,1983,262
377: 
378: 146,499,87,666,2002,1308,1719,562
379: 
1901: 1587,1825,1934,555,2014,756,1475,650
381: 210,107
382: 826,1180,1510
383: 1681,355
384: 815,1259,1299,1707
1974: 122,267,1926,13,1762,416,532,2015,1883,718
386: 48,277,53,84
387: 1659,146,499,87,666,2002,296,1308,1719,1816,562,1240
388: 1153,188,1078,1008
389: 1871
390: 1358
391: 1133,445
392: 410,1107
393: 545,159,75
394: 
395: 
396: 1860,1420,681
397: 1723,144
398: 
399: 1277,987
400: 865,739
401: 1722,1292,515,1669,1009,1346,341,715
402: 1335
403: 1288,1166,1534,1483,178,727,462,145,317,2009,331,225,779,1892,1614,30,1971
404: 
405: 
406: 
1958: 913,21
408: 365,687,1945,1052,1408,2007,669,1001,1988,1823,495,1684,222
409: 1160,685,1602,2000,217,229,132,1130,1800,1728,870,458
410: 392,1107
411: 560,1644
412: 
413: 1954,1266
414: 
415: 80,520,174
416: 122,267,1926,13,1762,1974,1957,532,2015,1401,1883,718
417: 192,730,1256,1424,238,1471,1482,1533,2012,1564,351,1332,1895,821,1599,293,1859,1763
418: 
419: 1437,1743
420: 
1930: 
422: 1539
423: 1981
1937: 367
425: 1192,1994
426: 1417,760,236,807,200,1355,120,220,2003,578,876,928,1179,1633,1575,1023,1141,253
427: 1227
428: 740,579,471,1805
1956: 
430: 1476,811,1123,1446,2010,1214,963,473,1933,1554
431: 626,1296,173
432: 
433: 1680,889
1939: 784,654
435: 1128,670,1977,1419,1578,1520,1479,2019,1249,1484,179,940,1798,1568,1961,956,251
436: 
437: 709,1894
438: 
439: 531,35
440: 703
441: 
442: 
443: 
444: 
445: 1133,391
446: 
447: 
448: 1825,247,1934,555,1611,2014,756,131,650
449: 
450: 1808,453,628
451: 
452: 167
453: 1808,450,297,628
454: 1718,894,706,1526
455: 1036,25,1888
456: 276
457: 
458: 237,1712,1499,685,2000,1130,409,870
459: 
460: 
461: 
462: 1288,1166,1534,1483,178,727,145,317,2009,403,331,225,779,1614,1971
463: 365,687,1945,54,1052,2007,1202,1001,965,1823,1318,495,134,1684,222
464: 486,680
465: 
466: 
1945: 365,687,54,1052,463,2007,408,1202,1001,1988,1318,495,134,1684,222
468: 
469: 904,1351
470: 683,765
471: 579,1805,428
472: 
473: 697,233,1116,319,1476,1250,811,1123,1446,936,2010,1214,170,1641,985,963,1933,1004,1120,430,780,816,221,1554,1190
474: 837,799,1941,1193,668,1142,214,1161
475: 184,1708,1103,2011,1523,1795,1853,874,914,1080,528,1469,313
476: 
477: 962,1610
478: 1000,1237,1555,487,732,2006,564,653,1303,836,1399,494,1697
479: 597,18,2016,1330,1924,1713,1228,206,1725,1724,1714,1295,1953,701,1381
480: 
481: 691,688
482: 1902,2001,1005,9,1787,1705
1871: 389
1980: 
485: 1493,1922,1231,1806
486: 464,680
487: 1000,1237,1555,732,2006,478,564,1529,653,1303,358,836,935,573,1399,494,1697
1898: 305,748,1396
489: 
490: 1300
491: 1417,760,558,236,807,1591,200,120,2003,876,928,1440
492: 
493: 183,682,1558,1159,376,1840,1356,1027,541,2018,901,699,618,262
494: 1000,1237,1555,487,2006,478,564,653,836,1399,1697
495: 365,687,1945,1052,463,2007,408,1202,1001,1823,134,1684,222
496: 588,926
497: 925
1968: 
499: 1659,146,87,666,2002,387,1308,1719,378,1816,562,1240
500: 
501: 
502: 
503: 
504: 
2010: 697,233,1116,319,1476,1250,811,1123,1446,936,1214,170,1641,985,963,473,1933,1004,1120,430,780,816,590,221,1554,1190,1024
506: 
507: 1507
508: 
509: 
510: 1187,1842
511: 
512: 1006,664
513: 1040
514: 842,1496,2013,1541,1409,777,1224,7,1073,808,58,314,567,1338,582,1331,1863,26,12
515: 1292,1669,1009,1544,341,401,1722
516: 854,242
517: 1636
518: 1576,1336
519: 
520: 415,174
521: 
1977: 1128,670,1419,1578,1520,1479,2019,1249,1484,179,435,1798,1568,1961,956,251
523: 1100
524: 1642,547,1703,843
525: 
526: 
527: 890,746,716
528: 184,1103,2011,1523,1795,475,1853,874,914,1080,1469,270,313,1435
529: 285,792,1959,974,1590,1870
530: 
531: 439,35
532: 121,122,267,98,1926,1622,13,1762,1974,416,1957,2015,1401,1883,130,769,201,1360
533: 1301,1650,975
534: 1942,1185,1726
535: 631
536: 950
2003: 1417,760,558,236,426,807,1591,200,1260,1355,120,220,578,876,928,1440,1179,491,1633,1575,1023,1141,253
538: 
539: 
540: 
541: 1356,804,1027,1577,1322,1189,2018,901,1150,625,831,699,618,1983,183,682,1558,493,1159,376,262
542: 
543: 957,1844
544: 1367
545: 393,159,75
546: 734,1862,1375
547: 524,1703,843
548: 
549: 1566,1083,1535,861
1997: 882,662,1677,263,62,112,2004,1964,1124,361
551: 
552: 
553: 853,59,1145
554: 
555: 1587,1825,247,1934,1611,2014,756,1901,131,1475,650,448
556: 1574
557: 
558: 1417,760,236,807,1591,200,120,2003,578,928,1440,1179,491
559: 1910,813
560: 411,1344,1644
561: 783,176,300
562: 146,499,87,666,2002,387,378,1816,1240
563: 
564: 1000,1237,1555,487,732,2006,478,1529,653,1303,358,836,935,573,494,1697
565: 241,877,231
566: 
567: 514,1570,141,842,1496,2013,1541,1409,777,86,1224,7,1073,808,1857,58,314,1745,227,1338,582,1331,26,1810,12
568: 1821
2013: 514,1225,1570,141,842,1496,1541,1409,777,86,1224,7,1073,808,1857,58,314,1745,227,567,1338,582,1331,1863,26,1810,12
570: 
571: 
572: 1584
573: 1000,1237,1555,487,2006,564,1529,653,1303,836,935
574: 109,1550,237,1432
575: 310
576: 1509
577: 10,1582
578: 1417,760,558,236,426,807,200,1355,120,220,2003,928,1179,1633,1575,1141,253
579: 471,1805,428
580: 
581: 
582: 514,1570,2013,1409,777,86,1224,7,1073,58,1745,567,1338,1331,26,1810,12
1910: 559,813
584: 367,344,673
585: 1831
586: 
587: 817,1738
588: 926,496
589: 
590: 319,1476,811,1123,1446,2010,1214,1641,985,780,1554,1190
591: 
592: 
593: 1022,1283
594: 335
595: 1047
596: 
597: 18,2016,1330,1924,1713,479,1228,206,1725,1724,1714,1295,1953,701,1381
598: 
599: 
600: 177,171,305,1654
601: 
2012: 192,730,1256,1424,417,238,1471,1482,1533,1564,351,1332,1948,1895,821,1599,293,1859,1763
603: 
604: 1984
605: 896,1856
606: 
607: 758
608: 1411,275,884
1929: 
610: 1108,1993
611: 902
612: 311,1310,1696
613: 643,211
614: 
615: 823
616: 
617: 
618: 1356,804,1027,1189,541,2018,901,1150,625,831,1983,1558,493,1159,376,262
619: 1723
620: 125
621: 1932
622: 
1859: 821,1599,293,1763,192,730,1256,417,1482,1533,2012,1564,1332
624: 
625: 1356,804,1027,1322,1189,541,2018,901,1150,831,699,618,1983,262
626: 431,1296
627: 69
628: 1808,450,453
629: 
630: 
631: 535
632: 
633: 1855
634: 
635: 1579,1972,112,2004,833,1383
636: 
637: 1450,1557
638: 
639: 
640: 
641: 
642: 1171,806
643: 613
644: 
645: 1019,1071
1920: 
647: 
1943: 1595,1045,798
649: 
650: 1587,1825,247,1934,555,2014,756,1901,131,1475,448
651: 143,793
1922: 1557,1231,1493,485,1806
653: 1000,1237,1555,487,2006,478,564,1303,836,573,1399,494,1697
654: 784,1939
655: 
656: 1213,1742,841,1199,352,992
657: 261,2001,1005,9,1678,1276,1434,1062,114,77
658: 
659: 
660: 
661: 937,1343,269
662: 1579,882,1972,1997,1677,263,62,112,2004,833,1964,1124,361,1383
663: 
664: 1006,512
1921: 1245,720,1687,1670,1046,1791
666: 1659,146,499,87,2002,387,1308,1719,378,1816,562
667: 
668: 837,799,474,1941,1142,214,1161
669: 365,687,54,1052,1408,2007,408,1202,1001,965,1988,1823,1318
670: 1128,1977,1419,1578,1479,2019,1249,1484,179,435,1798,1568,1961,251
671: 
672: 1112,1072,1548
673: 997,367,344,584
1931: 
675: 1313,791,1385,1464
676: 
677: 986
678: 
679: 
680: 486,464
681: 1860,1420,705,396
682: 183,1558,493,1159,376,1840,1356,1027,1577,541,2018,831,699
683: 470,765,805,96
684: 1176
685: 1160,1602,2000,217,229,132,1130,1800,1015,1728,409,458
686: 1,1481,1963
687: 365,1945,54,1052,463,1408,2007,408,669,1202,1001,965,1988,1823,1318,495,134,1684,222
688: 691,481
689: 126,1567
690: 
691: 481,688
692: 1487,83,2017,1280,163,1690,1560,1588,1263
693: 
694: 
695: 
696: 
697: 233,1116,1250,811,936,2010,170,1641,963,473,1933,1004,1120,816,221,1190
698: 
699: 1356,804,1027,1577,1322,1189,541,2018,901,1150,625,831,1983,183,682,1558,493,1159,262
700: 835,738,1755,240
701: 597,18,2016,1330,1713,479,206,1725,1724,1714,1953,1381
2009: 1288,1166,1534,1483,178,727,462,145,317,403,331,225,779,1892,1614,30,1971
703: 440
704: 
705: 681
706: 1526,1718,454,894
707: 180,1265
708: 
709: 437,1894
710: 55,1293
711: 
712: 983,892,1868
713: 261,2001,1005,9,1678,1787,1434,1799,1062,114,77,942,939
2011: 184,1708,1103,1523,1795,475,1853,874,914,1080,528,1469,270,74,313,1435,981
715: 1292,1669,341,401,1722
716: 746,890,527
717: 
718: 862,201,122,267,1926,13,1762,1974,416,2015,769
719: 
720: 1245,1921,1687,1670,1046
1941: 837,799,474,1193,668,1142,214
722: 
723: 1905,787,28,230,65
724: 
725: 38
1887: 
727: 1166,1534,1483,178,462,145,317,2009,403,779,1892,1614,30,1971
728: 910
729: 
730: 192,1256,1424,417,238,1482,1533,2012,1564,1332,821,1599,293,1859,1763
731: 
732: 1000,1555,487,2006,478,564,1529,1303,358,836,935
733: 1660
734: 1862,546,1375
735: 
1983: 1356,804,1027,1322,1189,541,2018,901,1150,625,831,699,618,1558,1159,376,262
737: 
738: 835,700,1755,240
739: 400,865
740: 428
741: 285,974,1870
1989: 
743: 185,1613
744: 1406,1025
745: 
746: 716,890,527
747: 219
748: 1898,305,1396
749: 
750: 
751: 1012,1758,873,891,1136
752: 1452
753: 1248
754: 933,1345
755: 
756: 1587,1825,247,1934,555,1611,2014,1901,131,1475,650,448
757: 1688
758: 607
759: 1314,1092
760: 1417,558,236,426,807,1591,200,1260,1355,120,220,2003,578,876,928,1440,1179,491,1633,1575,1023,1141,253
761: 
762: 1655
763: 224,1317
764: 138
765: 683,470,805,96
766: 
1870: 285,792,741,974,529
768: 1818,254
769: 121,122,267,98,1926,13,1762,1957,532,2015,130,718,862,201,1360
770: 1991
771: 774,1121,1175,1138
772: 
773: 1845
774: 1996,771,1138
775: 
776: 1516,1721
777: 514,1225,842,1496,2013,1541,1409,86,1224,7,1073,808,1857,58,314,1745,567,1338,582,1331,1863,26,1810,12
2015: 121,122,267,98,1926,1622,13,1762,1974,416,1957,532,1401,1883,130,769,718,862,201,1360
779: 1288,1166,1534,1483,178,727,462,145,317,2009,403,331,225,1892,1614,30,1971
780: 233,1116,319,1476,811,1446,936,2010,1214,1641,985,473,1004,816,590,1554,1190,1024
781: 1947,898,287
782: 
783: 561,300
784: 654,1939
785: 
786: 
787: 1905,723,230,65
1891: 820
789: 42,1327
790: 
791: 1384,1508,1313,1464,675
792: 285,1959,974,1590,529,1870
793: 143,651
794: 289
795: 1917,312,23
796: 1084,905,834
797: 
798: 1943,1045
799: 837,474,1941,1193,668,1142,214
800: 1626,362,1768
801: 
802: 
803: 
804: 1356,1027,1577,1322,1189,541,2018,1150,625,831,699,618,1983
805: 683,765,96
806: 1171,1098,1273,642
807: 1417,760,558,236,426,1591,200,1260,1355,120,220,2003,578,876,928,1440,1179,491,1633,1141
808: 514,1225,141,842,1496,2013,1541,1409,777,1224,7,1073,1857,314,1745,567,1338,1331,1863,26,1810
809: 
810: 1850,275,1747
811: 697,1116,319,1476,1250,1123,1446,936,2010,1214,170,1641,985,963,473,1933,1004,1120,430,780,590,1554,1190
812: 218
813: 1910,559
814: 1184
815: 384,1259,1299,1707
816: 697,233,1116,319,1476,936,2010,170,1641,473,1120,780,221,1190,1024
817: 587,1738
818: 
819: 
820: 1891
821: 1599,293,1859,1763,192,730,1256,417,238,1482,1533,2012,1564,1332
822: 1066,961
823: 615
824: 
2017: 83,1394,1429,1177,1280,856,163,1690,47,1752,123,1560,1588,1774,1079,1263,949,156,1487,692
826: 1180,1510,382
827: 1196,1782
828: 
829: 268
830: 
831: 1356,804,1027,1577,1322,1189,541,2018,901,1150,625,699,618,1983,682,1558,1159,376,262
832: 
833: 1579,882,1972,662,635,1677,263,62,112,2004,1964,1383
834: 1084,796
835: 738,700,240
836: 1000,1237,1555,487,732,2006,478,564,1529,653,1303,935,573,1399,494,1697
837: 799,474,1941,1193,668,1142,214,1161
1985: 
839: 
1984: 604
841: 1213,1742,1199,656,352,992
842: 514,1225,1496,2013,1541,1409,777,1224,7,1073,808,1857,58,314,567,1338,1331,1863,26,12
843: 547,524,1703,1792
844: 
1955: 1517
846: 1750
847: 
2004: 1579,882,1972,1997,662,635,1677,263,62,112,833,1964,1124,361,1858,22,1884,1383
849: 
850: 1521,1043,1029,100,1060,2008,879,333,49,208,1275,1923,1091,1598,929,1783,1167,1216
851: 354
852: 1885,950
853: 932,553,59,1145,1835
854: 516,242
855: 
856: 83,1394,2017,1429,1177,1280,163,1690,47,1752,123,1560,1588,1774,1079,1263,949
857: 1701,1704
858: 1556,162,993
859: 
860: 924
861: 1155,1566,1083,549,958
862: 718,201,121,122,267,1926,13,1762,1957,2015,130,769,1360
863: 
864: 1651,1616
865: 400,739
866: 71,1135
867: 
868: 
1950: 
870: 1602,2000,229,1130,409,237,1712,1499,458
871: 1829
872: 
873: 1012,1758,751,891,1136
874: 184,1103,2011,1523,1795,475,1853,914,1080,528,1469,270,313
875: 1324
876: 1417,760,236,426,807,1591,200,1260,2003,928,1440,491,1633,1141
877: 241,231,565
878: 1643,1573,964,1911,79
879: 1060,1736,2008,1257,333,49,249,1992,208,1275,1923,1091,1598,1167,1216,1521,850
880: 1089,1513
881: 70,334,1502
882: 1972,1997,662,1677,263,62,2004,833,1964,1124,361
883: 1638,1594
884: 608,1411,275,1747
885: 
886: 
887: 1497
1895: 1948,192,1256,417,238,1471,1482,1533,2012,1564,351,1599,293,1763
889: 1680,433
890: 527,746,716
891: 1012,1758,751,873,1136
892: 983,712
893: 118
894: 1718,454,706,1526
895: 
896: 605,1856
897: 
898: 1627,781
899: 
1960: 
901: 1356,1027,1189,541,2018,625,831,699,618,1983,183,1558,493,1159,376,1840,262
902: 611
903: 1272,1279,1457
904: 1351,469
905: 1084,796
906: 
2007: 365,687,1945,54,1052,463,1408,408,669,1202,1001,965,1988,1823,1318,495,134,1684,222
908: 
909: 
910: 728
911: 
912: 
913: 1958,21
914: 184,1708,1103,2011,1523,1795,475,1853,874,1080,528,1469,270,313,1435,981
915: 
916: 339
917: 
918: 
1959: 792,1590,529,363
920: 
1986: 1134,1466
922: 
923: 1797
924: 860
925: 497
926: 588,496
927: 1978,1965
928: 1417,760,558,236,426,807,1591,200,1355,120,220,2003,578,876,1179,491,1633,1575,1141
929: 100,1060,2008,1992,208,1061,1275,1042,1923,1091,1783,1216,850,1029
930: 
931: 
932: 853,59,1145,1835
933: 1345,754
934: 
935: 1000,1555,487,732,2006,564,1529,1303,358,836,573
936: 697,233,1116,319,1476,1250,811,1123,1446,2010,1214,170,1641,985,963,473,1933,1004,1120,780,816,221,1554,1190,1024
937: 1343,661,269
938: 
939: 2001,1678,1434,1799,114,713,942
940: 1128,1419,1578,1520,1479,2019,1249,1484,435,1798,1568,956,251
941: 
942: 261,2001,1678,1434,1799,1062,114,713,77,939
943: 
944: 
945: 
946: 
947: 
948: 
949: 83,1394,2017,1429,1280,856,163,1690,1752,1588,1774,1079,1263,156
950: 536,852
951: 
952: 
953: 
954: 
1907: 
956: 1961,251,1128,1977,1419,1520,2019,1484,940,435,1798,1568
957: 543,1844
958: 1155,861
959: 1976,1379
960: 
961: 1066,822
962: 477,1610
963: 697,1116,319,1476,1250,811,1123,936,2010,1214,170,1641,473,1933,1004,1120,430,1554,1190
964: 1573,878,1911,79
965: 365,687,54,1052,463,1408,2007,669,1202,1001,1988,1823,1318,134,1684
966: 1299
967: 1111,2,1195
968: 157,99
969: 
970: 
971: 1876
1965: 927,1978
973: 
974: 285,792,741,529,1870
975: 1301,1650,533
976: 
977: 1889,1366
978: 1869
979: 1132
980: 1158
981: 1469,270,74,313,1435,1708,2011,1853,914,1080
982: 1056
983: 892,712
984: 
985: 1476,811,1123,1446,936,2010,1214,1641,473,1933,1004,780,590,1554,1190
986: 677
987: 1748,1277,399
988: 
1889: 977,1366
990: 
991: 
992: 352,1213,1742,841,656
993: 1556,162,858,20
994: 
995: 
996: 
997: 367,344,673
1874: 1203,1044,1058
999: 
1000: 1237,1555,487,732,2006,478,564,1529,653,1303,836,935,573,1399,494,1697
1001: 365,687,1945,54,1052,463,1408,2007,408,669,1202,965,1988,1823,1318,495,134,1684,222
1904: 
1003: 1382
1004: 697,233,1116,319,1476,1250,811,1123,1446,936,2010,1214,170,1641,985,963,473,1933,780,1554,1190
1005: 1902,2001,9,1678,1276,1787,1434,482,1062,657,114,713
1006: 512,664
1952: 1342,11
1008: 154,1078,1153,188,388
1009: 1292,515,1669,1544,341,401,1722
1010: 
1011: 
1012: 1758,751,873,891,1136
1013: 
1014: 
1015: 1160,685,2000,217,229,132,1800,1728
1016: 1517,116,19
1017: 
1018: 
1019: 1071,645
1020: 
1021: 1372
1022: 1283,593
1023: 1575,1141,253,760,426,200,1260,1355,220,2003,1633
1024: 233,1116,319,1476,936,2010,1641,1120,780,816,1190
1025: 744
1026: 
1027: 1356,804,1577,1322,1189,541,2018,901,1150,625,831,699,618,1983,183,682,1558,493,1159,376,262
1028: 
1029: 1043,850,100,1060,2008,208,1042,1923,1091,929,1783
1030: 1909
1903: 1038
1032: 1315,1407,1233,286,2005,1243,239,1033
1033: 1315,1032,1407,1233,286,2005,1243,1676,239,303
1034: 
1035: 1734
1036: 455,25,1888
1037: 4
1038: 1903
1863: 514,1225,842,1496,2013,1409,777,7,808,1857,314,1338,1331
1040: 513
1041: 
1042: 100,2008,333,1992,208,1061,1275,1923,929,1896,1783,1216,1029
1043: 1521,850,1029,100,1060,2008,49,208,1923,1091,1598,1783
1044: 1203,1058,1874
1045: 1943,798
1046: 1791,1670,1245,720,1921,1687
1047: 595
1048: 
1049: 
1050: 246
1051: 342
1052: 365,687,1945,54,463,1408,2007,408,669,1202,1001,965,1988,1823,1318,495,134,1684,222
1053: 
1054: 
1055: 1987
1056: 982
1057: 
1058: 1203,1044,1874
1059: 
1060: 100,1736,2008,879,1257,333,49,249,1992,208,1061,1275,1923,1091,1598,929,1783,1167,1216,1521,1043,850,1029
1061: 1060,1736,2008,1257,333,49,1992,208,1275,1042,1923,1598,929,1896,1783,1167,1216
1062: 261,2001,1005,9,1678,1276,1434,1799,657,114,713,77,942
1875: 
1064: 1744,195
1936: 1291,1361,1223
1066: 961,822
1067: 
1899: 
1069: 
1070: 
1071: 1019,645
1072: 1112,672
1073: 514,842,1496,2013,1541,1409,777,86,1224,808,58,314,567,1338,582,26,12
1074: 1445
1075: 
1979: 
1077: 1767
1078: 154,1008,1153,188,388
1079: 83,1394,2017,1429,1177,1280,856,163,1690,47,1752,123,1560,1588,1774,1263,949,156,1487
1080: 184,1708,1103,2011,1523,475,1853,874,914,528,1469,270,74,313,1435,981
1081: 
1082: 
1083: 1919,1566,549,1535,861
1084: 1928,796,905,834
1973: 1451
2002: 1659,146,499,87,666,387,296,1308,1719,378,1816,562,1240
1087: 
1088: 
1089: 1513,880
1948: 1895,192,1256,238,1471,1533,2012,351
1091: 100,1060,2008,879,49,1992,208,1275,1923,1598,929,1783,1167,1216,1521,1043,850,1029
1092: 1314,759
1093: 1209,245
1094: 
1095: 
1096: 
1097: 288,1297
1098: 806,1273
1099: 
1100: 523
1988: 365,687,1945,54,1052,1408,2007,408,669,1202,1001,965,1823,1318,1684,222
1102: 
1103: 184,1708,2011,1523,1795,475,1853,874,914,1080,528
1104: 1459
1105: 212,325
1106: 
1107: 392,410
1108: 1993,610
1109: 
1110: 1404
1111: 967,2,1195
1112: 1072,672,1548
1944: 
1114: 
1115: 
1116: 697,233,319,1476,1250,811,936,2010,1214,170,1641,963,473,1933,1004,1120,780,816,221,1554,1190,1024
1117: 
1118: 1258
1883: 267,98,1926,1622,13,1762,1974,416,1957,532,2015,1401
1120: 697,233,1116,319,1476,1250,811,936,2010,170,1641,963,473,816,221,1554,1190,1024
1121: 1175,1138,771
1122: 
1123: 1476,1250,811,1446,936,2010,1214,1641,985,963,473,1933,1004,430,590,1554,1190
1124: 882,1997,662,1677,263,62,2004,1964,361,1383
1125: 
1126: 
1127: 15
1128: 670,1977,1419,1578,1520,2019,1249,1484,179,940,435,1798,1568,1961,956,251
1905: 787,28,723,230,65
1130: 1160,685,1602,2000,229,132,1800,1728,409,870,1712,1499,458
1131: 
1132: 979
1133: 445,391
1134: 1466,1986
1135: 866,71
1136: 1012,1758,751,873,891
1991: 770
1138: 1175,1121,774,771
1139: 
1140: 
1141: 1575,1023,253,760,426,807,1591,200,1260,1355,220,2003,578,876,928,1633
1142: 837,799,474,1941,1193,668,214,1161
1143: 
1144: 1241
1145: 853,932,553,59,1835
1146: 
1147: 1916
1148: 
1962: 
1150: 804,1027,1577,1322,1189,541,2018,625,831,699,618,1983
1151: 
1152: 
1153: 188,388,1078,1008
1154: 
1155: 861,958
2019: 1128,670,1977,1419,1578,1520,1479,1249,1484,179,940,435,1798,1568,1961,956,251
1157: 
1158: 980
1159: 183,682,1558,493,376,1840,1356,1027,1189,541,2018,901,831,699,618,1983,262
1160: 685,1602,2000,217,229,132,1130,1800,1015,1728,409,1499
1161: 837,474,668,1142,214
1162: 
1861: 
1164: 
1923: 100,1060,1736,2008,879,1257,333,49,249,1992,208,1061,1275,1042,1091,1598,929,1896,1783,1167,1216,1521,1043,850,1029
1166: 1288,1534,1483,178,727,462,145,317,2009,403,779,1892,1614,1971
1167: 1060,1736,2008,879,1257,333,49,249,1992,208,1061,1275,1923,1091,1598,1896,1216,1521,850
1168: 
1967: 
1170: 
1171: 806,642
1172: 
1173: 1373
1174: 
1175: 1138,1121,771
1176: 684
1177: 83,2017,1429,856,47,1752,123,1774,1079
1940: 
1179: 1417,760,558,236,426,807,200,1355,120,220,2003,578,928,1440
1180: 826,1510,382
1181: 
1182: 1866
1183: 
1184: 814
1185: 1942,534,1726
1186: 1746
1187: 510
1188: 
1189: 1356,804,1027,1577,1322,541,2018,901,1150,625,831,699,618,1983,1558,1159,262
1190: 697,233,1116,319,1476,1250,811,1123,1446,936,2010,1214,170,1641,985,963,473,1933,1004,1120,780,816,590,221,1554,1024
1191: 
1192: 1994,425,168
1193: 837,799,474,1941,1142,214
1194: 
1195: 967,1111,2
1196: 827,1782
1197: 1410
1198: 
1199: 1213,1742,841,656
1200: 
1201: 
1202: 365,687,1945,54,1052,463,1408,2007,669,1001,965,1988,1823,1318,495,134,1684
1203: 1044,1058,1874
1204: 
1205: 1552
1987: 15,1055
1207: 
1208: 1807,103
1209: 1093,245
1210: 
1211: 
1212: 
1213: 1742,841,1199,656,352,992
1214: 1116,319,1476,1250,811,1123,1446,936,2010,170,1641,985,963,473,1933,1004,430,780,590,1554,1190
1215: 
1216: 100,1060,1736,2008,879,1257,249,1992,208,1061,1275,1042,1923,1091,1598,929,1896,1783,1167,850
1217: 
1218: 1448
1885: 852
1220: 1307
1221: 
1222: 1716
1223: 1936
1224: 514,1570,141,842,1496,2013,1541,777,86,1073,808,58,314,227,567,1338,582,1331,26,12
1225: 842,1496,2013,1541,1409,777,7,808,1857,1331,1863
1226: 329
1227: 427
1228: 597,18,2016,1924,1713,479,206,1725,1724,1714,1295,1381
1229: 
1230: 
1231: 1922,1493,485,1806
1232: 
1233: 1315,1032,1407,286,2005,1243,1676,239,1033,303
1234: 
1896: 1736,2008,1257,333,249,1992,208,1061,1275,1042,1923,1167,1216
1236: 
1237: 1000,1555,487,2006,478,564,1529,653,1303,836,573,1399,494,1697
1876: 971
1239: 
1240: 146,499,2002,387,1816,562
1241: 1144
1914: 
1243: 1032,1233,2005,1676,239,1033,303
1244: 
1245: 720,1921,1687,1670,1046,1791
1246: 
1247: 28
1248: 753
1249: 1128,670,1977,1419,1578,1520,1479,2019,1484,179,940,435,1798,1568,251
1250: 697,1116,811,1123,936,2010,1214,170,1641,963,473,1933,1004,1120,221,1190
1251: 371,1700,207,332
1252: 
1253: 
1254: 
1255: 
1256: 192,730,1424,417,238,1471,1482,1533,2012,1564,351,1332,1948,1895,821,1599,293,1859,1763
1257: 1060,1736,2008,879,333,49,249,1992,208,1061,1275,1923,1598,1896,1167,1216
1258: 1118
1259: 815,384,1299,1707
1260: 760,236,807,1591,200,1355,2003,876,1633,1023,1141,253
1261: 1414
1262: 
1263: 83,1394,2017,1429,1280,856,163,1690,1560,1588,1774,1079,949,156,1487,692
1264: 
1265: 180,707
1266: 1954,413
1267: 1757,1878
1268: 
1912: 
1270: 
1868: 712
1272: 903,1279,1457
1273: 1098,806
1274: 
1275: 100,1060,1736,2008,879,1257,333,1992,208,1061,1042,1923,1091,1598,929,1896,1783,1167,1216,850
1276: 261,2001,1005,9,1062,657,114,77
1277: 399,987
1278: 
1279: 1272,903,1457
1280: 83,1394,2017,856,163,1690,47,1560,1588,1774,1079,1263,949,1487,692
1281: 
1282: 
1283: 1022,593
1284: 
1285: 
1961: 956,251,1128,670,1977,1419,2019,1484,435,1798,1568
1287: 
1288: 1166,1534,1483,178,462,145,317,2009,403,331,225,779,1614,1971
1289: 1815,1720
1290: 
1291: 1361,1936
1292: 515,1669,1009,1346,341,715,401,1722
1293: 55,710
1294: 
1295: 597,18,2016,1330,1713,479,1228,206,1724,1714,1381
1296: 626,431,173
1297: 288,1097
1298: 
1299: 966,1707,815,384,1259
1300: 490
1301: 1650,975,533
1302: 
1303: 1000,1237,1555,487,732,2006,478,564,1529,653,358,836,935,573
1954: 1266,413
1305: 
1306: 
1307: 1966,1220
1308: 1659,146,499,87,666,2002,387,296,1719,378,1816
1309: 
1310: 311,612,1696
1311: 1395
1932: 621
1313: 1384,1508,791,1385,1464,675
1314: 759,1092
1315: 1032,1407,1233,286,2005,239,1033
1316: 1405,1605
1317: 224,763
1318: 365,687,1945,54,1052,463,1408,2007,669,1202,1001,965,1988,1823,134
1319: 
2014: 1587,1825,247,1934,555,1611,756,1901,131,1475,650,448
1321: 152
1322: 1356,804,1027,1577,1189,541,2018,1150,625,831,699,1983
1918: 
1324: 875
1325: 1658,106
1326: 
1327: 42,789
1328: 
1329: 
1330: 597,18,2016,1713,479,206,1714,1295,1953,701,1381
1331: 514,1225,1570,141,842,1496,2013,1541,1409,777,86,1224,7,808,1857,58,1745,227,567,1338,582,1863,26,1810
1332: 730,1256,1424,417,238,1471,1482,1533,2012,1564,821,1599,293,1859,1763
1333: 1359
1334: 
1335: 402
1336: 1576,518
1337: 
1338: 514,1570,141,842,1496,2013,1541,1409,777,86,1224,7,1073,808,1857,58,314,1745,227,567,582,1331,1863,26,1810,12
1339: 
1340: 
1341: 
1342: 11,1952
1343: 937,661,269
1344: 1644,560
1345: 933,754
1346: 1292,1669,401,1722
1347: 
1348: 
1349: 
1350: 
1351: 904,469
1352: 1373
1353: 
1354: 
1355: 760,236,426,807,1591,200,1260,220,2003,578,928,1179,1633,1575,1023,1141,253
1356: 804,1027,1577,1322,1189,541,2018,901,625,831,699,618,1983,183,682,1558,493,1159,376,1840,262
1951: 1741,1551
1358: 390
1359: 1333
1360: 862,201,121,98,532,2015,130,769
1361: 1291,1936
1362: 
1363: 1525
1364: 
1365: 
1366: 1889,977
1367: 544
1368: 
1369: 
1370: 271
1371: 
1372: 1021
1373: 1352,1173
1996: 774
1375: 734,1862,546
1376: 
1377: 
1378: 
1379: 1976,959
1380: 246
1381: 597,18,2016,1330,1713,479,1228,206,1724,1714,1295,1953,701
1382: 1003
1383: 1858,22,1884,1579,1972,662,635,1677,263,112,2004,833,1964,1124,361
1384: 1508,1313,791,1464
1385: 1313,675
1386: 
1387: 
1388: 
1389: 
1971: 1288,1166,1534,1483,178,727,462,145,317,2009,403,331,225,779,1614,30
1391: 
1392: 
1393: 
1394: 83,2017,1429,1280,856,163,1690,1752,123,1560,1588,1774,1079,1263,949,156,1487
1395: 1311
1396: 1898,305,748,1654
1397: 
1398: 
1399: 1000,1237,1555,487,2006,478,653,836,494,1697
1400: 
1401: 121,267,98,1926,1622,13,1762,416,1957,532,2015,1883,130
1908: 
1403: 
1404: 1110
1405: 1316,1605
1406: 744
1407: 1315,1032,1233,286,2005,239,1033
1408: 365,687,54,1052,2007,408,669,1202,1001,965,1988,1823,1318
1409: 514,1225,842,2013,1541,777,86,7,1073,808,1857,58,314,1745,567,1338,582,1331,1863,26,1810,12
1410: 1197
1411: 608,275,884,1747
1412: 
1413: 
1414: 1261
1926: 121,122,267,13,1762,1974,416,1957,532,2015,1401,1883,769,718,862
1416: 
1417: 760,558,236,426,807,1591,200,120,2003,578,876,928,1440,1179,491,1633
1418: 1759
1419: 1128,670,1977,1578,1520,1479,2019,1249,1484,179,940,435,1798,1568,1961,956,251
1420: 1860,681,396
1421: 82
1422: 
1992: 100,1060,1736,2008,879,1257,333,49,249,208,1061,1275,1042,1923,1091,1598,929,1896,1783,1167,1216
1424: 192,730,1256,417,238,1471,1482,1533,2012,351,1332
1425: 
1426: 
1427: 
1428: 
1429: 83,1394,2017,1177,856,163,1690,47,1752,123,1560,1588,1774,1079,1263,949
1430: 
1431: 1665
1432: 109,1550,237,574
1433: 
1434: 1902,2001,1005,9,1678,1787,1799,1062,657,114,713,942,939
1435: 1469,270,74,313,981,2011,1853,914,1080,528
1436: 
1437: 1743,419
1438: 
1439: 
1440: 1417,760,558,236,807,1591,200,120,2003,876,1179,491
1441: 290
1949: 
1443: 255
1444: 
1445: 1074
1446: 1476,811,1123,936,2010,1214,1641,985,473,1933,1004,430,780,590,1554,1190
1447: 
1448: 1218
1449: 102
1450: 637,1557
1451: 1973
1452: 752
1453: 1462
1454: 
1455: 
1917: 795,312,23
1457: 1272,903,1279
1458: 
1459: 1104
1460: 
2005: 1315,1032,1407,1233,286,1243,1676,239,1033,303
1462: 1453
1463: 1966
1464: 1384,1508,1313,791,675
1465: 
1466: 1134,1986
1928: 1084
1468: 295
1469: 270,74,313,1435,981,2011,475,1853,874,914,1080,528
1470: 1732
1471: 192,1256,1424,417,238,1482,1533,2012,1564,351,1332,1948,1895,293
1472: 93,1581
1473: 158,1478
1474: 
1475: 1587,1825,247,1934,555,2014,756,1901,650
1476: 1116,319,811,1123,1446,936,2010,1214,170,1641,985,963,473,1004,1120,430,780,816,590,1554,1190,1024
1477: 
1478: 158,1473
1479: 670,1977,1419,1578,2019,1249,1484,179,940,435,251
1947: 287,781
1481: 1,686,1963
1482: 192,730,1256,1424,417,238,1471,1533,2012,1564,351,1332,1895,821,1599,293,1859,1763
1483: 1288,1166,1534,178,727,462,145,317,2009,403,225,779,1892,1614,30,1971
1484: 1128,670,1977,1419,1578,1520,1479,2019,1249,179,940,435,1798,1568,1961,956,251
1915: 
1486: 
1487: 156,692,83,1394,2017,1280,163,1690,1560,1588,1079,1263
1488: 
1489: 
1490: 
1491: 
1492: 1775,1670
1493: 1922,1231,485,1806
1494: 340,280
1495: 
1496: 514,1225,141,842,2013,1541,777,1224,7,1073,808,1857,58,314,567,1338,1331,1863,26
1497: 887
1498: 
1499: 237,1712,458,1160,2000,229,1130,870
1500: 
1501: 
1502: 881,70,334
1503: 323
1504: 
1505: 
1506: 
1507: 507
1508: 1384,1313,791,1464
1509: 576
1510: 826,1180,382
1888: 455,1036,25
1512: 
1513: 1089,880
1514: 
1515: 1826
1516: 1721,776
1517: 1955,116,1016,19
1518: 
1519: 
1520: 1128,1977,1419,1578,2019,1249,1484,179,940,435,1798,1568,956,251
1521: 1043,850,1060,2008,879,333,49,249,208,1923,1091,1598,1167
2008: 100,1060,1736,879,1257,333,49,249,1992,208,1061,1275,1042,1923,1091,1598,929,1896,1783,1167,1216,1521,1043,850,1029
1523: 184,1708,1103,2011,1795,475,1853,874,914,1080,528,270,313
1524: 
1525: 1363
1526: 706,1718,454,894
1527: 
1528: 
1529: 1000,1237,1555,487,732,2006,564,1303,836,935,573
1530: 
1531: 
1532: 
1533: 192,730,1256,1424,417,238,1471,1482,2012,1564,351,1332,1948,1895,821,1599,293,1859,1763
1534: 1288,1166,1483,178,727,462,145,2009,403,331,225,779,1892,1614,30,1971
1535: 1919,1566,1083,549
1536: 1670,1687
1537: 
1538: 
1539: 347,422
1540: 1808,297
1541: 514,1225,1570,141,842,1496,2013,1409,777,86,1224,7,1073,808,1857,58,314,1745,227,567,1338,1331,26,1810
1542: 
1543: 
1544: 515,1009,341
1545: 1822
1546: 
1547: 
1548: 1112,672
1897: 
1550: 109,237,574,1432
1551: 1741,1951
1552: 1205
1553: 
1554: 1116,319,1476,811,1123,1446,936,2010,1214,170,1641,985,963,473,1933,1004,1120,430,780,590,1190
1555: 1000,1237,487,732,2006,478,564,1529,653,1303,358,836,935,573,1399,494
1556: 162,858,20,993
1557: 637,1450,1922
1558: 183,682,493,1159,376,1840,1356,1027,1189,541,2018,901,831,699,618,1983,262
1559: 117
1560: 83,1394,2017,1429,1280,856,163,1690,47,1752,123,1588,1774,1079,1263,1487,692
1561: 
1562: 34
1563: 294
1564: 192,730,1256,417,238,1471,1482,1533,2012,351,1332,1895,821,1599,293,1859,1763
1565: 
1566: 1919,1083,549,1535,861
1567: 126,689
1568: 1128,670,1977,1419,1578,1520,2019,1249,1484,179,940,435,1798,1961,956,251
1964: 882,1972,1997,662,1677,263,62,112,2004,833,1124,361,1383
1570: 141,2013,1541,86,1224,58,1745,227,567,1338,582,1331,26
1990: 
1873: 
1573: 1643,878,964,1911,79
1574: 556
1575: 1023,1141,253,760,426,200,1355,220,2003,578,928,1633
1576: 1336,518
1577: 1356,804,1027,1322,1189,541,2018,1150,831,699,183,682
1578: 1128,670,1977,1419,1520,1479,2019,1249,1484,179,940,435,1798,1568,251
1579: 1972,662,635,263,112,2004,833,1383
1580: 
1581: 1472
1582: 10,577
2016: 597,18,1330,1924,1713,479,1228,206,1725,1724,1714,1295,1953,701,1381
1584: 572
1585: 292
1586: 
1587: 1825,247,1934,555,2014,756,1901,131,1475,650
1588: 83,1394,2017,1429,1280,856,163,1690,47,123,1560,1774,1079,1263,949,1487,692
1589: 
1590: 792,1959,529,363
1591: 1417,760,558,236,807,200,1260,1355,2003,876,928,1440,491,1633,1141
1592: 234,1925
1593: 
1594: 1638,883
1595: 1943
1596: 
1597: 
1598: 1060,1736,2008,879,1257,333,49,249,1992,208,1061,1275,1923,1091,1783,1167,1216,1521,1043,850
1599: 821,293,1859,1763,1895,730,1256,417,238,1482,1533,2012,1564,1332
1600: 
1601: 
1602: 1160,685,2000,229,132,1130,1800,1770,1728,409,870
1867: 
1604: 
1605: 1405,1316
1606: 
1607: 
1608: 1629
1927: 
1610: 477,962
1611: 1825,247,1934,555,2014,756,131,448
1909: 1030
1613: 185,743
1614: 1288,1166,1534,1483,178,727,462,145,317,2009,403,331,225,779,1892,30,1971
1615: 1994,168
1616: 1651,864
1982: 
1618: 
1919: 1566,1083,1535
1620: 
1621: 5
1622: 121,267,98,1762,1957,532,2015,1401,1883,130
1623: 118
1872: 
1625: 
1626: 800,362,1768
1627: 898
1628: 
1629: 1608
1630: 
1631: 
1632: 
1633: 1417,760,426,807,1591,200,1260,1355,220,2003,578,876,928,1575,1023,1141,253
1634: 
1635: 
1636: 517
1637: 
1638: 1594,883
1639: 
1640: 
1641: 697,233,1116,319,1476,1250,811,1123,1446,936,2010,1214,170,985,963,473,1933,1004,1120,780,816,590,221,1554,1190,1024
1642: 524
1643: 1573,878,1911
1644: 1344,560,411
1645: 1812,186
1646: 
1647: 
1648: 
1924: 597,18,2016,1713,479,1228,1725,1724
1650: 1301,975,533
1651: 1616,864
1652: 
1653: 
1654: 177,600,305,1396
1655: 762
1656: 
1657: 
1658: 1325,106
1659: 146,499,87,666,2002,387,296,1308,1719,1816
1660: 733
1661: 
1662: 1938
1663: 
1664: 
1665: 1431
1860: 1420,681,396
2000: 1160,685,1602,217,229,132,1130,1800,1015,1770,1728,409,870,237,1712,1499,458
1668: 1784
1669: 1292,515,1009,1346,341,715,401,1722
1670: 1492,1536,1046,1245,720,1921,1687
1671: 
1672: 
1673: 276
1674: 
1675: 
1676: 1233,286,2005,1243,239,1033,303
1677: 882,1972,1997,662,263,62,112,2004,833,1964,1124,361,1884,1383
1678: 261,2001,1005,1434,1799,1062,657,114,713,77,942,939
1679: 
1680: 433,889
1681: 383,355
1682: 
1683: 1695
1684: 365,687,1945,1052,463,2007,408,1202,1001,965,1988,1823,495,134,222
1685: 
1686: 
1687: 1245,720,1921,1536,1670,1046,1791
1688: 757
1942: 534,1185,1726
1690: 83,1394,2017,1429,1280,856,163,47,1752,123,1560,1588,1774,1079,1263,949,156,1487,692
1691: 
1692: 
1969: 
1694: 
1695: 1683
1696: 311,612,1310
1697: 1000,1237,487,2006,478,564,653,836,1399,494
1698: 1766
1699: 1893
1700: 1251,371,207,332
1701: 857,1704
1702: 
1703: 547,524,843,1792
1704: 1701,857
1705: 1902,2001,1787,482
1706: 
1707: 1299,815,384,1259
1708: 184,1103,2011,1523,1795,475,1853,914,1080,981
1709: 63
1710: 
1882: 
1712: 109,237,1499,458,2000,1130,870
1713: 597,18,2016,1330,1924,479,1228,206,1725,1724,1714,1295,1953,701,1381
1714: 597,18,2016,1330,1713,479,1228,206,1725,1724,1295,1953,701,1381
1715: 
1716: 1222
1717: 
1718: 454,894,706,1526
1719: 1659,146,499,87,666,2002,387,296,1308,378
1720: 1815,1289
1721: 1516,776
1722: 401,1292,515,1669,1009,1346,341,715
1723: 619,397,144
1724: 597,18,2016,1924,1713,479,1228,206,1725,1714,1295,1953,701,1381
1725: 597,18,2016,1924,1713,479,1228,206,1724,1714,1953,701
1726: 1185,1942,534
1727: 
1728: 1160,685,1602,2000,217,229,132,1130,1800,1015,409
1729: 
1730: 
1731: 
1732: 1470
1733: 281
1734: 1035
1735: 223
1736: 1060,2008,879,1257,333,249,1992,1061,1275,1923,1598,1896,1167,1216
1737: 
1738: 587,817
1739: 
1740: 
1741: 1951,1551
1742: 1213,841,1199,656,992
1743: 1437,419
1744: 195,1064
1745: 1570,141,2013,1541,1409,777,86,7,808,1857,58,227,567,1338,582,1331,1810
1746: 1186
1747: 1411,275,884,810,1850
1748: 987
2006: 1000,1237,1555,487,732,478,564,1529,653,1303,358,836,935,573,1399,494,1697
1750: 846
1751: 
1752: 83,1394,2017,1429,1177,856,163,1690,47,123,1560,1774,1079,949
1753: 
1754: 
1755: 738,700
1756: 
1757: 1267,1878
1758: 1012,751,873,891,1136
1759: 1418
1760: 1848,256
1761: 
1762: 121,122,267,98,1926,1622,13,1974,416,1957,532,2015,1401,1883,130,769,718,862,201
1763: 821,1599,293,1859,1895,192,730,1256,417,238,1482,1533,2012,1564,351,1332
1764: 
1765: 
1766: 1698
1767: 1077
1768: 800,1626,362
1769: 
1770: 1602,2000,229,132
1972: 1579,882,662,635,1677,263,62,112,2004,833,1964,361,1884,1383
1772: 
1773: 
1774: 83,1394,2017,1429,1177,1280,856,163,1690,47,1752,123,1560,1588,1079,1263,949,156
1775: 1492
1776: 
1777: 
1778: 
1976: 959,1379
1780: 
1781: 
1782: 1196,827
1783: 100,1060,2008,333,49,1992,208,1061,1275,1042,1923,1091,1598,929,1216,1043,850,1029
1784: 1668
1785: 90
1786: 
1787: 1902,2001,1005,9,1434,482,114,713,1705
1981: 423
1789: 
1878: 1267,1757
1791: 1046,1245,1921,1687
1792: 1703,843
1793: 
1794: 
1795: 184,1708,1103,2011,1523,475,1853,874,914,528
1796: 
1797: 923
1798: 1128,670,1977,1419,1578,1520,2019,1249,1484,179,940,435,1568,1961,956,251
1799: 261,2001,1678,1434,1062,114,713,77,942,939
1800: 1160,685,1602,2000,217,229,132,1130,1015,1728,409
1801: 
1966: 1463,1307
1803: 
1804: 
1805: 579,471,428
1806: 1493,1922,1231,485
1807: 103,1208
1808: 450,453,297,628,1540
1809: 197
1810: 141,2013,1541,1409,777,86,7,808,1857,58,1745,227,567,1338,582,1331
1811: 
1812: 1645,186,133
1879: 
1814: 
1815: 1289,1720
1816: 1659,146,499,87,666,2002,387,296,1308,562,1240
1817: 252
1818: 768,254
1819: 
1999: 
1821: 568
1822: 1545
1823: 365,687,1052,463,1408,2007,408,669,1202,1001,965,1988,1318,495,1684,222
1824: 
1825: 1587,247,1934,555,1611,2014,756,1901,131,1475,650,448
1826: 1515
1827: 
1828: 
1829: 871
1830: 
1831: 585
1832: 
1833: 
1865: 
1835: 853,932,59,1145
1836: 
1837: 
1838: 
1839: 
1840: 376,183,682,1558,493,1159,1356,2018,901,262
1894: 709,437
1842: 510
2018: 1356,804,1027,1577,1322,1189,541,901,1150,625,831,699,618,1983,183,682,1558,493,1159,376,1840,262
1844: 957,543
1845: 773
1846: 
1906: 
1848: 1760,256
1849: 
1850: 810,1747
1851: 
1852: 
1853: 184,1708,1103,2011,1523,1795,475,874,914,1080,528,1469,270,313,1435,981
1854: 
1855: 633
1856: 896,605
1857: 1225,141,842,1496,2013,1541,1409,777,86,7,808,1745,227,567,1338,1331,1863,1810
1858: 22,1884,1383,2004