0: 
1: 279
2: 1594,1290,967,1638
3: 139
4: 
5: 24,977
6: 128
7: 1224,1570,582,2013,1331,1810,1857
8: 1544,969,1806,1812
9: 
10: 1385,688,691,481,212
11: 
12: 227,2013,314,777,58,842,1541
13: 201,1360,1974,2015,130,1957,718,1622,98,1926,532,1762,769,1883,121,862
14: 
15: 107,174
16: 1197,1715,1826
17: 1680,1839,254
18: 597,1228,206,1381,1713,1724,2016,1924
19: 1517,71,347,1605
20: 
21: 
22: 
23: 205,644,1292
24: 5,977
25: 1277,1645,186,607,1493,1922,926
26: 1863,227,1338,2013,314,514,1496,1331,86,777,58,1810,842,1745,808,1857,1225,1073,567,1541,1224,1570,582
27: 
28: 
29: 658,330
30: 1534,779,1166,1288,1892,178,1971,331,2009,403,727,462,225,1614
1994: 1663,113
32: 108
33: 
34: 
35: 439,1894
36: 906,764,372
37: 
38: 603,363
39: 1058
40: 943,1905,1207
41: 
42: 
43: 1472,881,1668,696,796,535,631,1606
1934: 756,448,2014,1475,1901,1611,650,1587
45: 
46: 
47: 1280,1429,1588,2017,1560,856,83,163,1079,1752,949
48: 1335
49: 2008,208,1061,1521,1167,1043,1029,850,1992,249,100,1060,1783,1736,1923,1257,1275,1091,879,1896,1042,333
50: 
51: 1431,1361,1975
52: 
53: 
54: 965,1823,2007,463,1988,1945,408,365,1318
55: 374,1398,710,1293
56: 63,529,974,96,1203
57: 
58: 227,2013,314,514,86,777,842,26,12,1745,808,1073,1541
59: 
60: 
61: 441,1260,928,1417,2003,1179,558,120,876,220,807,236,760
62: 361,1383,1972,1858,2004,1595,1710,833,1099,1997,193,1579,882
63: 1437,529,974,96,1203,1743,56
64: 897,1628,1615
65: 581
66: 
67: 
68: 1430
69: 1003,1846
70: 1084,980
71: 1517,19,347,1605
72: 
73: 1053,1489
74: 2011,184,1435,1523,528,270,475,1853,313,874,1737
75: 
76: 255,190
77: 1276,2001,1799,482,1040,754,1345
78: 213
79: 1643
80: 453,946
81: 1965
82: 1220,140
83: 1280,1429,1588,156,2017,1560,856,1774,163,123,1079,692,1394,1752,949,47
84: 277,402,1647,1426
85: 92,409
86: 1863,227,1338,2013,314,514,1496,1331,777,58,842,26,1745,1857,1225,1073,567,1541,582
87: 378,146,2002,666,387,1659
88: 
89: 1849
90: 
91: 
92: 409,85
93: 
94: 
95: 248,1621,1688
96: 188,805,63,1437,529,974,1203,1743,56
97: 1943
98: 201,1360,2015,1957,718,1622,1926,532,1762,416,267,122,13,121,862
99: 
100: 2008,1061,1521,49,1167,1043,850,1992,249,1060,1783,1736,1923,1257,1275,1091,879,1042
1978: 1103,134,1795
102: 
103: 
1925: 1369
105: 
106: 1325
107: 15,174
108: 32
109: 
110: 
111: 290,744,979
112: 1163,1677,1858,2004,1595,1710,1099,1579
113: 1994,1663
114: 1787,1062,1902,1678,657,2001,1770,1434
115: 305,185,1055,772,171,452
116: 1316
117: 
118: 1125
119: 
120: 1260,1417,2003,61,876,220,236,760
121: 201,1360,1974,2015,130,1957,718,1622,98,1926,532,1762,769,122,1883,13,862
122: 201,1360,2015,1957,718,98,1762,416,121,862
123: 1429,1588,156,2017,1560,1774,83,692,1394,1752
124: 
125: 
126: 920
127: 
128: 6
129: 1046
130: 201,1401,1360,1974,2015,1957,718,1622,1926,1762,267,769,1883,13,121,862
131: 1825,1611,1475,2014,650,1587
132: 
133: 1277,1493,1922,926,773
134: 1103,1978,1795
135: 
136: 
137: 863
138: 1036
139: 3
140: 1220,82
141: 
1963: 1683
143: 440,610
144: 
145: 
146: 378,1816,87,2002,296,666,387,1659
147: 
148: 
149: 
150: 975,1646,298
151: 1674,1990,1500
152: 
153: 
154: 
155: 1223,766,911,593,1597,1148
156: 1280,1429,2017,1560,1774,83,163,123,1079,692,1394,1752,949
157: 524
158: 
159: 
1957: 201,1401,1360,1974,2015,130,718,1622,98,1926,532,1762,416,267,769,122,1883,13,121,862
161: 
162: 
163: 1280,1429,156,2017,1560,856,83,1079,692,1752,949,47
1998: 
165: 1458,546
166: 
167: 1987,1660,1654,297,1613,600,1938
168: 1057,518,1051
169: 
170: 1152,1848,599
171: 305,185,1055,115,772,452,450
172: 1464,274
173: 
174: 107,15
175: 581
176: 
177: 1616,1083
178: 1534,779,1166,1288,1892,30,1971,331,2009,403,727,462,225,1614
179: 1578,1568,435,1977,956,2019,1128
180: 
181: 1049,1545
182: 
183: 
184: 2011,1435,1523,528,270,475,74,874
185: 305,1055,115,772,171,452
186: 1277,1645,25,607,1493,1922,926,1450,773
1975: 1431,1361,51,224
188: 805,1437,529,974,96,683
2001: 657,1770,1799,482,1040,1005,754,1345,1434,942,1787,1062,1902,1678,114,77,1276
190: 255,76
191: 
192: 417,293,2012,1533,1424,1482,1564,1332,1859
193: 62,1383,1972,1858,2004,1710,833,1099,1997,882
194: 
195: 
196: 1427,770,1127
197: 241
198: 
199: 991,819
200: 
201: 1401,1360,1974,2015,130,1957,718,1622,98,1926,532,1762,416,267,122,13,121,862
202: 406,1375
203: 272,459,1750
204: 1809,1758,873,1889
205: 644,312,23,1292
206: 597,1228,1295,18,1381,1713,1724,2016
207: 
208: 2008,1521,49,1167,1029,850,1992,249,1783,1923,1598,1091,879,1763,1896,1042,333
209: 1538,993
210: 
211: 837,1161
212: 688,691,10,481
213: 78
214: 
215: 359,1106
216: 
217: 1550,870,1432,229,1130,2000,1800,1272,685
218: 1932
219: 783,761,340,660,716,1309
220: 441,1260,928,1417,2003,578,1179,61,558,120,876,491,807,1633,1324,1591,236,760
221: 780,1476,1120,1123,1554,1116,1190,985,1446,963,811,2010,1641,936,816
222: 1606,535,631
223: 
224: 1431,1975
225: 331,2009,403,727,462,1614,1534,779,1166,1288,1892,178,30,1971
226: 
227: 1338,2013,314,514,1496,1331,86,777,58,842,26,12,1745,808,1225,1073,567,1541
228: 677,1887
229: 1015,1550,870,1432,1130,2000,1800,1272,685,217
230: 608,275
231: 
232: 
233: 2010,1641,936,1004,816,963,811,319,1024,1476,1120,1123,1116,1446
234: 
235: 
236: 1324,1591,760,1260,1417,2003,578,1179,61,120,876,220
237: 
238: 417,293,2012,1599,730,1533,1424,1895,1482,1256,821,1859
239: 1032,2005,1315,1233,1676,1407,303,286
240: 
241: 197
242: 
243: 1725,701
244: 1213,1706,400
245: 1546
246: 
247: 
248: 1621,1688,95,1012,451
249: 2008,208,1521,49,1167,1043,850,1992,100,1060,1783,1736,1923,1257,1598,1091,879,1042
250: 967,1594,1638
251: 1961,1568,1419,1977,956,670,2019,1128,1520,940
252: 
253: 260
254: 17,1680,1839,433
255: 190,76
256: 559,473
257: 
258: 
259: 
260: 253
261: 
262: 
263: 
264: 1472,881,1668
265: 
266: 410,1245
267: 201,1401,1974,2015,130,1957,718,1622,98,532,416
268: 
269: 952,420
270: 2011,184,1435,1523,528,475,74,1853,313,874
271: 1384,568
272: 203,459,1750
273: 1767
274: 172,1464
275: 608,230
276: 753
277: 402,1647,1426,84
278: 533,1014,1791
279: 299,1512,1
280: 
281: 605
282: 
283: 
284: 
285: 
286: 1676,1033,1407,303,1032,2005,239,1315,1233
287: 
288: 
289: 1114
290: 898,431,1291,744,979,111
291: 1473,1885,322
292: 
293: 417,238,2012,1599,730,1533,1424,1256,192,1564,1859
294: 
295: 
296: 378,146,499,1816,2002,1719,1240,1308,387,1659
297: 1654,1613,600,1938,1987,167,1660
298: 150,975,1646
299: 1512,279
300: 1168,1768
301: 696,796,1139,535,938,631
302: 
303: 1676,1407,286,1032,2005,239,1315,1233
304: 
305: 185,1055,115,772,171,452
306: 
307: 1967,655,746
1938: 1898,1654,297,1613,600,1987,167,1660
309: 1229
310: 1778
311: 922,1307,1463,1966
312: 205,644,1292
313: 1853,2011,1435,270,475,74,874
314: 227,2013,514,86,777,58,842,26,12,1745,808,1073,567,1541
315: 
1993: 
317: 
318: 1873
319: 1024,963,811,780,1476,1116,985,1446,2010,233,1641,936,1004,816
320: 
321: 
322: 1885,291
323: 1089
324: 
325: 
326: 
1953: 
328: 
329: 
330: 29,658
331: 2009,403,727,462,225,1534,1166,178,30,1971
332: 
333: 2008,208,1061,1521,49,1043,1029,850,1992,1923,1257,1275,1598,1091,879,1763,1896,1042,929
334: 834,1199
335: 
336: 
337: 
338: 
339: 617,1789
340: 783,219,761,660,716,1309
341: 1261,715,1548,1392
342: 
343: 
344: 1510,584,1801,1631
345: 
1933: 
347: 1517,19,71,1605
348: 
349: 1754
350: 1701,764,372
351: 1564,1948,1859,2012,730,1895,1482,1256,821
352: 1213,865
1970: 391
354: 
355: 892,1703,735,1363,579,1543,428
356: 830
357: 
358: 836,2006,935,494,1529,487,573
359: 215,1106
360: 
361: 62,1383,1972,1858,2004,1595,1710,833,1099,1997,1579
362: 1237,1494,1824,890,790
363: 603,38
364: 
365: 965,1823,2007,54,463,1945,408,1318
366: 1664,1854,1675
367: 
368: 531
369: 
370: 910,1940
371: 
372: 906,1701,764,36,350
373: 997
374: 55,710
375: 
376: 1189,2018,618,699,1577,1159,1983,1322,1150,682,831,1027,1356,625,901,1840,804
377: 
378: 146,499,1816,87,2002,1719,296,1240,387,1659
379: 
380: 
381: 
382: 
383: 419,1436,1008
384: 
1974: 201,1401,2015,130,1957,718,1622,267,769,1883,13,121
386: 1513,1939
387: 378,146,87,2002,296,1308,666,1659
388: 1709,1239
389: 1030,1281
390: 1359,1503
391: 1970
392: 519
393: 
394: 
395: 
396: 1563
397: 
398: 1930,460
399: 
400: 1706,244
401: 515
402: 277,1647,1426,84
403: 331,2009,727,462,225,1614,1534,178,30
404: 1941
405: 
406: 202,1375
1958: 
408: 965,2007,54,463,1945,365,1318
409: 92,85
410: 266,1245
411: 1344,560,1573
412: 
413: 1266,1694
414: 
415: 
416: 201,1401,1360,2015,1957,718,1622,98,267,122,862
417: 293,238,2012,1599,730,1533,1424,1895,1482,1256,821,192,1564,1859
418: 
419: 383,1436,1008
420: 952,269
1930: 398,460
422: 
423: 1644,1379,1405,953,1135,661,1047
1937: 1147
425: 
426: 1355,1217,1260,928,2003,578,1179,876,491,807,1633,795
427: 1618
428: 892,355,735,1363,579,1543
1956: 
430: 
431: 898,290,1291,763
432: 
433: 1680,254
1939: 1942,386
435: 1578,1568,179,1977,956,2019,1128,1520
436: 
437: 1777,734,973,1253,1389
438: 1329
439: 35,1894
440: 610,143
441: 928,2003,61,558,1575,220,807
442: 1629
443: 
444: 1524,1082
445: 
446: 
447: 
448: 756,1934,2014,1475,1901,1611,650
449: 500
450: 171,452
451: 1012,248,1621
452: 305,185,1055,115,772,171,450
453: 80,946
454: 
455: 1036
456: 
457: 
458: 
459: 272,203,1750
460: 1930,398
461: 
462: 331,2009,403,727,225,1614,1534,779,1166,1288,1892,178,30,1971
463: 965,1823,2007,54,1988,1945,408,365,1318
464: 
465: 
466: 
1945: 965,1823,2007,54,463,1988,408,365,1318
468: 
469: 1950,785,676,1852,797,851
470: 
471: 
472: 
473: 559,256
474: 
475: 2011,184,1435,1523,270,74,1853,313,874
476: 
477: 962,1952,707
478: 1399,653,1555,2006,494,1529,487,732
479: 
480: 
481: 688,691,10,212
482: 657,2001,1799,1040,1005,754,1345,77,1276
483: 1227
1980: 
485: 1294
486: 
487: 1555,836,2006,935,494,358,1529,573,732,564,1399,478,1000,653
488: 
489: 
490: 1662,1258,1215
491: 1355,1217,1260,928,2003,578,1179,558,426,1575,220,807,1633,795,1324
492: 
493: 1356,625,1840,804,2018,618,831
494: 1555,836,2006,935,358,1529,487,573,732,564,1399,478,1000,653
495: 1684,1893
496: 659,1059
497: 1910
1946: 
499: 378,1816,2002,1719,296,1240,1308,1659
500: 449
501: 1751,1478,1829
502: 
503: 
504: 1118,1215
2010: 233,1641,936,1004,816,963,811,319,1024,780,1476,1120,1123,1554,1116,1190,221,985,1446
506: 
507: 864,1616
508: 1142,552,1656
509: 
510: 
511: 686
512: 
513: 
514: 1863,227,1338,2013,314,1496,1331,86,777,58,1810,842,26,1745,808,1857,1073,1541
515: 401
516: 
517: 
518: 1057,168
519: 392
520: 
521: 
1977: 1578,1961,1568,1419,435,179,251,956,670,2019,1128,1520,940
523: 
524: 157
525: 
526: 
527: 
528: 2011,184,1435,1523,270,74,874,1737
529: 188,805,63,1437,974,96,1203,683,1743,56
530: 
531: 368,1982,843,1869
532: 201,1360,2015,1957,718,1622,98,1926,1762,267,1883,13,121
533: 1014,278,1791
534: 784,1620,1772
535: 696,796,938,301,631,1472,43,881,1606,222
536: 
2003: 441,1355,1217,1260,928,1417,578,1179,61,558,120,876,426,1575,491,220,807,1633,795,1324,1591,236,760
538: 1785
539: 
540: 
541: 
542: 684
543: 
544: 
545: 
546: 1549,1458,165
547: 1805
548: 759,1648,896,1048
549: 1553,743,1337
1997: 62,361,1383,1972,1858,2004,1710,833,1099,193,882
551: 
552: 508,1142,1656
553: 
554: 
555: 
556: 
557: 
558: 441,1260,928,2003,1179,61,876,1575,491,220,807,1633
559: 590,473,256
560: 1344,411
561: 1626
562: 
563: 1673
564: 1399,1000,653,1555,836,2006,935,494,1529,487,573,732
565: 937
566: 
567: 1073,1541,227,1338,2013,314,1331,86,777,842,26,1745,1225,582
568: 675,271,1384
2013: 1863,227,1338,314,514,1496,1331,86,777,58,1810,842,26,12,1745,808,1857,1225,1073,567,1541,1224,7,1570,582
570: 
571: 
572: 
573: 836,2006,935,494,358,1529,487,732,564,1000
574: 
575: 
576: 
577: 1582,1962,726
578: 1260,2003,1179,876,426,491,220,807,1633,795,1324,1591,236
579: 892,1703,355,735,1363,1543,428
580: 755
581: 65,175
582: 1224,7,1570,567,1863,1338,2013,1496,1331,86,1810,26,1857,1225
583: 
584: 1510,1801,1631,344
585: 1412
586: 
587: 1650,697,1679,639
588: 
589: 
590: 559
591: 
592: 1786,1845,1833,1888
593: 1223,766,155,1597,932,1148
594: 
595: 878,1875
596: 1927
597: 1228,206,18,1381,1713,1724,2016,1924
598: 1897,1155,1071
599: 1152,1848,170
600: 1898,1654,297,1613,1938,1987,167,1660
601: 
2012: 417,293,238,1599,730,1533,1424,1895,1482,1256,821,192,1564,1948,1332,1859,351
603: 38,363
604: 859,891
605: 281
606: 
607: 1277,1645,25,186,1493,1922,926,1450,773
608: 230,275
1929: 
610: 440,143
611: 
612: 
613: 643,1193
614: 
615: 
616: 
617: 784,339,1789
618: 2018,699,1577,1159,1983,1322,376,1150,682,831,1027,493,1356,625,901,1840,804
619: 
620: 706
621: 
622: 
623: 
624: 
625: 493,1356,901,1840,804,2018,618,699,1322,376,682,831,1027
626: 
627: 
628: 
629: 
630: 1686
631: 696,796,535,301,1472,43,881,1606,222
632: 1818
633: 
634: 1306
635: 
636: 1283
637: 1985,1669
638: 
639: 1650,587
640: 
641: 
642: 
643: 1193,613
644: 205,312,23,1292
645: 1364,1353
1920: 
647: 1266
1943: 97
649: 1346,1314
650: 1587,1475,1901,756,448,1934,2014,131,1825,1611
651: 1866,1735
1922: 1277,25,186,607,133,1493,926,1450,773
653: 564,1399,478,1000,1555,2006,494,487,732
654: 717,1244
655: 307,746
656: 971,1347,1468,1146
657: 2001,1770,482,1040,1005,754,1345,1434,1062,1902,1678,114,1276
658: 29,330
659: 1059,496
660: 783,219,761,340,1309
661: 1644,1405,423,953,1047
662: 
663: 
664: 
1921: 
666: 146,87,2002,1308,387
667: 
668: 
669: 1202
670: 1961,1568,1419,1977,251,956,2019,1128,1520,940
671: 
672: 1009
673: 
1931: 
675: 568
676: 1950,785,469,1852,797
677: 1887,228
678: 1198
679: 1947,1732
680: 
681: 
682: 1189,2018,618,699,1577,1159,1983,1322,376,1150,831,1027,1356,625,901,804
683: 188,805,1437,529,974,1743
684: 542
685: 1015,1550,870,1602,1432,229,1130,2000,1800,1272,217
686: 511
687: 1408,1001,1351
688: 1385,691,10,481,212
689: 
690: 1596
691: 1385,688,10,481,212
692: 1280,1429,156,2017,1560,1774,83,163,123,1079,1394,1752
693: 
694: 
695: 1811
696: 796,535,938,301,631,1472,43,881,1606
697: 1650,1679,587
698: 
699: 2018,618,1983,1322,376,682,1027,625,901
700: 
701: 1725,243
2009: 331,403,727,462,225,1614,1534,779,1166,1288,1892,178,30,1971
703: 1698,1400
704: 
705: 1289
706: 620
707: 477
708: 
709: 1252,1074
710: 374,55,1398,1293
711: 
712: 1805
713: 
2011: 184,1435,1523,528,270,475,74,1853,313,874,1737
715: 1261,341
716: 783,219,761,340,1309
717: 1244,654
718: 201,1401,1360,1974,2015,130,1957,1622,98,532,416,267,122,1883,13,121,862
719: 1097
720: 
1941: 404
722: 
723: 1162
724: 
725: 
726: 1582,1962,577
727: 331,2009,403,462,225,1614,178,30,1971
728: 1634,951,1045
729: 
730: 417,293,238,2012,1599,1533,1424,1895,1482,1256,821,1564,1948,1859,351
731: 815
732: 1555,836,2006,935,494,1529,487,573,564,1399,478,1000,653
733: 1991,1968,1610
734: 1777,973,1253,1389,437
735: 892,1703,355,1363,579,1543,428
1983: 1189,2018,618,699,1577,1159,1322,376,1150,682,831,1027,901,1840,804
737: 
738: 
739: 1928
740: 
741: 
1989: 
743: 1553,549,1337
744: 290,1291,979,111
745: 1732,1785,1625,1947
746: 307,1967,655
747: 
748: 
749: 
750: 
751: 
752: 1080
753: 276
754: 657,2001,1799,482,1040,1005,1345,1434,942,1062,1902,1678,77,1276
755: 580
756: 448,1934,2014,1475,1901,1611,650,1587
757: 1157
758: 
759: 1648,896,1048,548
760: 1324,1591,236,1417,2003,61,120,876,220
761: 783,219,340,660,716,1309
762: 1648,896,1048
763: 898,431,1291
764: 906,1701,36,350,372
765: 
766: 1223,911,593,155,1597,932,1148
767: 
768: 
769: 1974,2015,130,1957,1622,1926,1762,1883,13,121
770: 196,1427,1127
771: 1623,1313,1175,1284
772: 305,185,1055,115,171,452
773: 1450,1277,186,607,133,1493,1922,926
774: 
775: 1909
776: 
777: 1863,227,2013,314,514,1496,1331,86,58,842,26,12,1745,808,1073,567,1541
2015: 201,1401,1360,1974,130,1957,718,1622,98,1926,532,1762,416,267,769,122,1883,13,121,862
779: 1534,1166,1288,1892,178,30,1971,2009,462,225,1614
780: 1476,1120,1123,1554,1116,1190,221,985,1446,963,811,319,1024,2010,1641,936,816
781: 
782: 
783: 219,761,340,660,716,1309
784: 617,534,1789,1772
785: 1950,469,676,1852,797,851
786: 
787: 
788: 
789: 
790: 1237,1494,1824,890,362
791: 
792: 1236,1153
793: 
794: 
795: 1324,1591,1217,2003,578,1179,426,491
796: 696,535,938,301,631,1472,43,881,1606
797: 1950,785,469,676,1852,851
798: 1764
799: 
800: 
801: 
802: 
803: 1915
804: 493,1356,625,901,1840,2018,618,1577,1159,1983,1322,376,1150,682,831,1027
805: 188,1437,529,974,96,683,1743
806: 
807: 441,1355,1217,1260,928,2003,578,1179,61,558,876,426,1575,491,220,1633
808: 1863,227,2013,314,514,1496,777,58,26,1745
809: 1780
810: 1180
811: 963,319,1024,780,1476,1120,1116,221,985,1446,2010,233,1641,936,1004
812: 
813: 1730
814: 
815: 731
816: 2010,233,1641,936,1004,963,319,1024,780,1476,1120,1123,1554,1116,1190,221,985,1446
817: 
818: 
819: 991,199
820: 1784,1878,927,1267,1891
821: 417,238,2012,730,1424,1895,1482,1256,1564,1948,1859,351
822: 913,1151
823: 1807
824: 
2017: 1280,1429,1588,156,1560,856,1774,83,163,123,1079,692,1394,1752,949,47
826: 1226
827: 
828: 
829: 
830: 356
831: 1189,2018,618,1577,1159,1983,1322,376,1150,682,1027,493,1356,625,1840,804
832: 
833: 62,361,1383,1972,1858,2004,1710,1997,193
834: 1199,334
835: 
836: 1555,2006,935,494,358,1529,487,573,732,564,1399,1000
837: 1161,211
1985: 1669,637
839: 
1984: 1664
841: 
842: 227,1338,2013,314,514,86,777,58,26,12,1745,1073,567,1541
843: 531,1982,1869
844: 
845: 
846: 
847: 
2004: 62,361,1383,1972,1858,1595,1710,833,1099,1997,193,1579,882,1163,1677,112
849: 
850: 2008,208,1521,49,1167,1043,1029,1992,249,100,1060,1783,1736,1923,1257,1275,1598,1091,879,1896,1042,333
851: 785,469,1852,797
852: 
853: 
854: 
855: 
856: 1280,1429,1588,2017,1560,83,163,1079,1752,949,47
857: 
858: 
859: 604,891
860: 
861: 1362,1535
862: 201,1360,2015,130,1957,718,1622,98,1926,1762,416,122,13,121
863: 137
864: 507,1616
865: 1213,352
866: 
867: 1868
868: 
1950: 785,469,676,1852,797
870: 1160,1015,1550,1602,1432,229,1130,2000,1800,685,217
871: 
872: 1552,1184
873: 1809,1758,1889,204
874: 1737,2011,184,1435,1523,528,270,475,74,1853,313
875: 
876: 1260,1417,2003,578,1179,61,558,120,426,220,807,1633,1324,1591,236,760
877: 
878: 595,1875
879: 2008,208,1061,1521,49,1167,1043,1029,850,1992,249,100,1783,1736,1923,1257,1275,1598,1091,1763,1896,1042,333,929
880: 
881: 264,1472,43,1668,696,796,535,631
882: 62,1972,1858,2004,1099,1997,193
883: 
884: 1298,1411
885: 
886: 
887: 
888: 
889: 
890: 1237,1494,1824,362,790
891: 859,604
892: 355,735,1363,579,1543,428
893: 
894: 
895: 
896: 759,1648,1048,548,762
897: 64,1628,1615
898: 431,290,1291,763
899: 1707
1960: 
901: 1356,625,1840,804,2018,618,699,1983,1322,376,682,1027
902: 
903: 1063
904: 
905: 
906: 764,36,372
2007: 965,1823,54,463,1988,1945,408,365,1318
908: 
909: 
910: 1940,370
911: 766,155
912: 1794,1871
913: 1151,822
914: 
915: 
916: 
917: 959,1632,1981
918: 
1959: 
920: 126
1986: 
922: 311,1307,1463,1966
923: 
924: 1773
925: 
926: 1277,1645,25,186,607,133,1493,1922,1450,773
927: 1784,1878,820,1267,1891
928: 441,1355,1217,1260,2003,1179,61,558,426,1575,491,220,807,1633
929: 2008,1061,1521,1029,1992,1736,1923,1257,1275,879,1763,1896,1042,333
930: 
931: 
932: 1597,1148,1223,766,593
933: 
934: 
935: 1555,836,2006,494,358,1529,487,573,732,564,1000
936: 2010,233,1641,1004,816,963,811,319,1024,780,1476,1120,1123,1116,221,985,1446
937: 565
938: 696,796,1139,535,301
939: 1712,1160,2000,1800,1272
940: 1961,1419,1977,251,670,2019,1520
941: 1870,1122
942: 1787,1062,1902,1678,2001,754
943: 40,1905,1207
944: 1751,1478
945: 
946: 453,80
947: 
948: 1221,1760
949: 1280,1429,1588,156,2017,1560,856,83,163,1079,1752,47
950: 
951: 1634,728,1045
952: 269,420
953: 1644,1379,1405,423,661,1047
954: 988
955: 
956: 1578,1568,1419,435,179,1977,251,670,2019,1128,1520
957: 
958: 
959: 917,1981
960: 
961: 1236
962: 477,1952
963: 811,319,1024,780,1476,1120,1116,221,985,1446,2010,233,1641,936,1004,816
964: 1343
965: 1823,2007,54,463,1988,1945,408,365,1318
966: 
967: 1290,2,1594,1638,250
968: 1448,1862,1864
969: 1544,1806,1812,8
970: 
971: 656
1965: 81
973: 1777,734,1253,1389,437
974: 188,805,63,1437,529,96,1203,683,1743,56
975: 1738,150,298
976: 1793
977: 5,24
978: 
979: 290,1291,744,111
980: 1443,70
981: 1013,1996
982: 1470
983: 
984: 
985: 780,1476,1120,1123,1554,1116,1190,221,1446,963,811,319,1024,2010,1641,936,1004,816
986: 
987: 1285
988: 954
989: 
990: 
991: 199,819
992: 
993: 1538,209
994: 1487
995: 
996: 
997: 373
998: 
999: 
1000: 564,1399,653,1555,836,2006,935,494,1529,487,573,732
1001: 687,1408,1351
1002: 
1003: 69,1846
1004: 2010,233,1641,936,816,963,811,319,1024,1476,1116,985,1446
1005: 657,2001,1770,1799,482,1040,754,1345,1434
1006: 1066,1050
1952: 1455,477,962
1008: 419,383,1436
1009: 1722,672
1010: 
1011: 
1012: 451,248,1621,1688
1013: 981,1996
1014: 533,278,1791
1015: 1550,870,1602,1432,229,1130,2000,1800,685
1016: 
1017: 
1018: 
1019: 
1020: 
1021: 
1022: 1025
1023: 
1024: 319,963,811,780,1476,1120,1116,985,1446,2010,233,1641,936,1004,816
1025: 1022
1026: 1766
1027: 2018,618,699,1983,1322,376,682,831,1356,625,901,1840,804
1028: 
1029: 2008,208,1061,1521,49,1043,850,1992,1923,1257,1275,1598,1091,879,1763,1896,1042,333,929
1030: 389,1281
1031: 
1032: 2005,239,1315,1233,1033,1407,303,286
1033: 1676,286,1032,2005,1233
1034: 1781,1504,1038
1035: 
1036: 455,138
1037: 
1038: 1504,1034
1039: 
1040: 657,2001,1770,1799,482,1005,754,1345,1434,1062,77,1276
1041: 
1042: 2008,208,1061,1521,49,1167,1043,1029,850,1992,249,100,1060,1783,1736,1923,1257,1275,1598,1091,879,1896,333,929
1043: 2008,1061,1521,49,1167,1029,850,1992,249,100,1060,1783,1736,1923,1257,1275,1091,879,1042,333
1044: 
1045: 1634,728,951
1046: 129
1047: 1644,1379,1405,423,953,1135,661
1048: 759,1648,896,548,762
1049: 181,1205
1050: 1066,1006
1051: 1057,168
1052: 
1053: 1489,73
1054: 1867
1055: 305,185,115,772,171,452
1056: 
1057: 168,518,1051
1058: 39
1059: 659,496
1060: 2008,49,1167,1043,850,1992,249,100,1783,1736,1923,1257,1042
1061: 2008,1521,49,1167,1043,1029,1992,100,1736,1923,1257,1275,1091,879,1896,1042,333,929
1062: 1787,1902,1678,114,942,1276,657,2001,1770,1040,754,1434
1063: 903
1064: 
1936: 1129
1066: 1006,1050
1067: 
1068: 
1069: 1335
1070: 
1071: 1897,598,1155
1072: 
1073: 567,1541,227,1338,2013,314,514,1496,1331,86,777,58,842,26,1745,1225,1224
1074: 1193,709,1252
1075: 
1979: 
1077: 
1078: 
1079: 1280,1588,156,2017,1560,856,83,163,692,1752,949,47
1080: 752
1081: 1872
1082: 1524,444
1083: 177,1616
1084: 70
1973: 
2002: 378,146,499,1816,87,1719,296,1240,1308,666,387,1659
1087: 
1088: 
1089: 323
1948: 1564,1332,1859,351,2012,730,1895,1482,1256,821
1091: 2008,208,1061,1521,49,1043,1029,850,249,100,1783,1736,1923,1257,1275,1598,879,1763,1896,1042,333
1092: 
1093: 1413,1601
1094: 
1095: 1855
1096: 
1097: 719
1098: 
1099: 62,361,1383,1972,1858,2004,1595,1710,1997,193,1579,882,1163,1677,112
1100: 
1988: 965,1823,2007,54,463,1945,1318
1102: 
1103: 134,1978,1795
1104: 
1105: 
1106: 215,359
1107: 
1108: 1819
1109: 
1110: 
1111: 
1112: 
1944: 
1114: 289
1115: 
1116: 780,1476,1120,1123,1554,1190,221,985,1446,963,811,319,1024,2010,233,1641,936,1004,816
1117: 
1118: 504
1119: 
1120: 780,1476,1123,1554,1116,1190,221,985,1446,963,811,1024,2010,233,1641,936,816
1121: 1527
1122: 941,1870
1123: 780,1476,1120,1554,1116,1190,221,985,2010,233,1641,936,816
1124: 
1125: 118,1508
1126: 
1127: 196,1427,770,1808
1128: 1578,1568,435,179,1977,251,956,670,2019,1520
1129: 1936
1130: 1015,1550,870,1602,1432,229,2000,1800,685,217
1131: 1804
1132: 1157
1133: 
1134: 
1135: 423,1047
1136: 
1991: 733,1968,1610
1138: 
1139: 938,301
1140: 
1141: 
1142: 508,552,1656
1143: 
1144: 
1145: 1835
1146: 656,1347,1468,1340
1147: 1937
1148: 1597,932,1223,766,593,155
1962: 1582,726,577
1150: 1189,2018,618,1577,1159,1983,1322,376,682,831,804
1151: 913,822
1152: 1848,599,170
1153: 1236,792
1154: 
1155: 1897,598,1071
2019: 1578,1961,1568,1419,435,179,1977,251,956,670,1128,1520,940
1157: 757,1132
1158: 
1159: 1189,2018,618,1577,1983,1322,376,1150,682,831,804
1160: 870,1432,2000,1800,1272,939
1161: 837,211
1162: 723
1163: 1677,112,2004,1099
1164: 
1923: 2008,208,1061,1521,49,1167,1043,1029,850,1992,249,100,1060,1783,1736,1257,1275,1598,1091,879,1763,1896,1042,333,929
1166: 1534,779,1288,1892,178,30,1971,331,2009,462,225,1614
1167: 2008,208,1061,1521,49,1043,850,1992,249,100,1060,1783,1736,1923,1257,879,1896,1042
1168: 300,1768
1967: 307,746
1170: 
1171: 
1172: 
1173: 
1174: 1653,1618
1175: 1623,1313,1284,1508,771
1176: 
1177: 
1940: 910,370
1179: 1217,1260,928,1417,2003,578,61,558,876,426,491,220,807,1633,795,1324,1591,236
1180: 810
1181: 
1182: 
1183: 
1184: 872,1552
1185: 
1186: 
1187: 
1188: 
1189: 2018,1577,1159,1983,1322,376,1150,682,831
1190: 780,1476,1120,1123,1554,1116,221,985,2010,1641,816
1191: 
1192: 
1193: 643,1074,613
1194: 
1195: 
1196: 
1197: 16,1715,1826
1198: 678
1199: 834,334
1200: 
1201: 
1202: 669
1203: 63,529,974,96,56
1204: 
1205: 1049
1987: 167,1660,1654,297,1613,600,1938
1207: 1905,40,943
1208: 1551
1209: 
1210: 
1211: 
1212: 
1213: 352,865,244,1706
1214: 
1215: 504,490,1662,1258
1216: 
1217: 1355,928,2003,1179,426,1575,491,807,1633,795
1218: 
1219: 
1220: 140,82
1221: 948,1760
1222: 
1223: 766,593,155,1597,932,1148
1224: 7,1570,582,1073,1863,1338,2013,1496,1331,1810,26,1745,1857,1225
1225: 227,1338,2013,1496,1331,86,1810,26,1745,1857,1073,567,1541,1224,1570,582
1226: 826
1227: 483
1228: 597,206,18,1381,1713,1724,2016,1924
1229: 309
1230: 
1231: 
1232: 
1233: 1032,2005,239,1315,1676,1033,1407,303,286
1234: 
1235: 
1236: 961,1153,792
1237: 1494,1824,890,362,790
1238: 
1239: 388,1709
1240: 378,499,1816,2002,1719,296,1659
1241: 
1242: 
1243: 
1244: 717,654
1245: 410,266
1246: 
1247: 
1248: 1500,1674,1990
1249: 
1250: 1301
1251: 
1252: 709,1074
1253: 1777,734,973,1389,437
1254: 1720
1255: 
1256: 417,293,238,2012,1599,730,1895,1482,821,1948,1859,351
1257: 2008,1061,1521,49,1167,1043,1029,850,1992,249,100,1060,1783,1736,1923,1275,1091,879,1042,333,929
1258: 490,1662,1215
1259: 
1260: 928,1417,2003,578,1179,61,558,120,876,426,491,220,807,1633,1591,236
1261: 715,1548,341
1262: 
1263: 
1264: 
1265: 
1266: 413,1694,647
1267: 1784,1878,820,927,1891
1268: 
1269: 
1270: 1662
1271: 
1272: 1160,1432,229,2000,1800,685,217,1712,939
1273: 
1274: 
1275: 2008,1061,1521,49,1043,1029,850,1992,100,1736,1923,1257,1598,1091,879,1763,1896,1042,333,929
1276: 77,1062,657,2001,1799,482,1040,754,1345
1277: 1645,25,186,607,133,1493,1922,926,773
1278: 
1279: 
1280: 1429,1588,156,2017,1560,856,83,163,1079,692,1394,1752,949,47
1281: 389,1030
1282: 
1283: 636
1284: 1623,1313,1175,1508,771
1285: 987
1961: 1568,1419,1977,251,670,2019,1520,940
1287: 1850
1288: 779,1166,1892,178,30,1971,2009,462,225,1614
1289: 705
1290: 967,2,1594,1638
1291: 898,431,290,763,744,979
1292: 205,644,312,23
1293: 55,1398,710
1294: 485
1295: 206,1381,1713,1724,2016
1296: 
1297: 
1298: 1411,884
1299: 1722
1300: 
1301: 1250,1460
1302: 
1303: 1350
1954: 
1305: 
1306: 634
1307: 922,311,1463,1966
1308: 499,2002,1719,296,666,387
1309: 783,219,761,340,660,716
1310: 
1311: 
1932: 218
1313: 1623,1175,1284,1508,771
1314: 649,1346
1315: 1032,2005,239,1233,1676,1407,303,286
1316: 116
1317: 
1318: 965,1823,2007,54,463,1988,1945,408,365
1319: 
2014: 756,448,1934,1475,1901,131,1825,1611,650,1587
1321: 
1322: 1189,2018,618,699,1577,1159,1983,376,1150,682,831,1027,1356,625,901,1840,804
1323: 
1324: 795,1591,236,760,1417,2003,578,1179,876,491,220
1325: 106
1326: 
1327: 
1328: 
1329: 438
1330: 
1331: 1863,227,1338,2013,514,1496,86,777,1810,26,1745,1857,1225,1073,567,1541,1224,7,1570,582
1332: 1564,1948,1859,2012,1424,192
1333: 
1334: 
1335: 1069,48
1336: 1776
1337: 1553,549,743
1338: 227,2013,514,1496,1331,86,1810,842,26,1745,1857,1225,1073,567,1541,1224,1570,582
1339: 
1340: 1347,1468,1146
1341: 
1342: 
1343: 964
1344: 560,1573,411
1345: 657,2001,1770,1799,482,1040,1005,754,1434,1902,77,1276
1346: 649,1314
1347: 656,1468,1340,1146
1348: 
1349: 
1350: 1303
1351: 687,1408,1001
1352: 
1353: 645
1354: 
1355: 1217,928,2003,426,1575,491,807,1633
1356: 493,625,901,1840,804,2018,618,1577,1322,376,682,831,1027
1951: 1741,1391
1358: 1497
1359: 390,1503
1360: 201,2015,130,1957,718,1622,98,1926,532,1762,416,122,13,121,862
1361: 1431,1975,51
1362: 861,1535
1363: 892,1703,355,735,579,1543,428
1364: 645
1365: 
1366: 
1367: 
1368: 1637
1369: 1925
1370: 
1371: 
1372: 
1373: 
1996: 981,1013
1375: 202,406
1376: 
1377: 
1378: 
1379: 1644,1405,423,953,1047
1380: 
1381: 597,1228,1295,206,18,1713,1724,2016,1924
1382: 
1383: 62,361,1972,1858,2004,1595,1710,833,1099,1997,193,1579
1384: 271,568
1385: 688,691,10
1386: 
1387: 
1388: 
1389: 1777,734,973,1253,437
1390: 
1391: 1741,1951
1392: 341
1393: 1413,1601
1394: 1280,1429,1588,156,2017,1560,1774,83,123,692,1752
1395: 
1396: 
1397: 
1398: 55,710,1293
1399: 564,478,1000,653,1555,836,2006,494,1529,487,732
1400: 1698,703
1401: 201,1974,2015,130,1957,718,1622,416,267,1883
1402: 
1403: 
1404: 
1405: 1644,1379,423,953,661,1047
1406: 1803
1407: 1676,303,286,1032,2005,239,1315,1233
1408: 687,1001,1351
1409: 
1410: 
1411: 1298,884
1412: 585
1413: 1393,1093,1601
1414: 
1926: 201,1360,2015,130,1957,1622,98,532,1762,769,1883,13,121,862
1416: 
1417: 1260,2003,1179,61,120,876,220,1324,1591,236,760
1418: 
1419: 1578,1961,1568,1977,251,956,670,2019,1520,940
1420: 
1421: 
1422: 
1992: 2008,208,1061,1521,49,1167,1043,1029,850,249,100,1060,1783,1736,1923,1257,1275,879,1896,1042,333,929
1424: 417,293,238,2012,730,1533,1895,821,192,1564,1332,1859
1425: 
1426: 277,402,84
1427: 196,770,1127,1808
1428: 1637
1429: 1280,1588,156,2017,856,83,163,123,692,1394,1752,949,47
1430: 68
1431: 1361,1975,51,224
1432: 1160,1015,1550,870,1602,229,1130,2000,1800,1272,685,217
1433: 
1434: 657,2001,1770,1040,1005,754,1345,1062,1678,114
1435: 2011,184,1523,528,270,475,74,1853,313,874
1436: 419,383,1008
1437: 188,805,63,529,974,96,683,1743
1438: 
1439: 
1440: 1995
1441: 
1949: 
1443: 980
1444: 
1445: 
1446: 780,1476,1120,1116,221,985,963,811,319,1024,2010,233,1641,936,1004,816
1447: 
1448: 968,1862,1864
1449: 
1450: 773,186,607,1493,1922,926
1451: 
1452: 1708
1453: 
1454: 
1455: 1952
1456: 
1457: 
1458: 546,165
1459: 
1460: 1301
2005: 1032,239,1315,1233,1676,1033,1407,303,286
1462: 
1463: 922,311,1307,1966
1464: 172,274
1465: 
1466: 1530
1928: 739
1468: 656,1347,1340,1146
1469: 
1470: 982
1471: 
1472: 264,43,881,1668,696,796,535,631,1606
1473: 291
1474: 
1475: 1901,756,448,1934,2014,131,1825,1611,650,1587
1476: 780,1120,1123,1116,1190,221,985,1446,963,811,319,1024,2010,233,1641,936,1004,816
1477: 
1478: 944,1751,1829,501
1479: 
1947: 1625,679,1732,745
1481: 
1482: 417,238,2012,730,1895,1256,821,192,1564,1948,1859,351
1483: 
1484: 
1485: 
1486: 
1487: 994
1488: 
1489: 1053,73
1490: 
1491: 
1492: 
1493: 1277,25,186,607,133,1922,926,1450,773
1494: 1237,890,362,790
1495: 
1496: 1863,227,1338,2013,514,1331,86,777,1810,26,1745,808,1857,1225,1073,1224,1570,582
1497: 1358
1498: 
1499: 
1500: 1248,1674,1990,151
1501: 
1502: 
1503: 1359,390
1504: 1781,1034,1038
1505: 
1506: 
1507: 
1508: 1623,1313,1125,1175,1284
1509: 
1510: 584,1631,344
1511: 
1512: 299,279
1513: 386
1514: 
1515: 
1516: 
1517: 19,71,347,1605
1518: 
1519: 
1520: 1578,1961,1568,1419,435,1977,251,956,670,2019,1128,940
1521: 2008,208,1061,49,1167,1043,1029,850,1992,249,100,1783,1736,1923,1257,1275,1598,1091,879,1763,1896,1042,333,929
2008: 208,1061,1521,49,1167,1043,1029,850,1992,249,100,1060,1783,1736,1923,1257,1275,1598,1091,879,1763,1896,1042,333,929
1523: 2011,184,1435,528,270,475,74,874,1737
1524: 444,1082
1525: 
1526: 
1527: 1821,1121
1528: 
1529: 1555,836,2006,935,494,358,487,573,732,564,1399,478,1000
1530: 1466
1531: 1731
1532: 1655
1533: 417,293,238,2012,1599,730,1424,192
1534: 779,1166,1892,178,30,1971,331,2009,403,462,225
1535: 861,1362
1536: 
1537: 
1538: 209,993
1539: 
1540: 
1541: 1073,567,227,1338,2013,314,514,1331,86,777,58,842,26,12,1745,1225
1542: 
1543: 892,1703,355,735,1363,579,428
1544: 969,1806,1812,8
1545: 181
1546: 245
1547: 
1548: 1261,341
1549: 546
1550: 1015,870,1602,1432,229,1130,2000,1800,685,217
1551: 1208
1552: 872,1184
1553: 549,743,1337
1554: 780,1120,1123,1116,1190,221,985,2010,1641,816
1555: 836,2006,935,494,1529,487,732,564,1399,478,1000,653
1556: 
1557: 
1558: 
1559: 
1560: 1280,1588,156,2017,856,1774,83,163,123,1079,692,1394,1752,949,47
1561: 
1562: 1687
1563: 1860,396
1564: 1948,1332,1859,351,417,293,2012,730,1424,1895,1482,821,192
1565: 
1566: 
1567: 
1568: 1578,1961,1419,435,179,1977,251,956,670,2019,1128,1520
1964: 
1570: 1224,7,582,1338,2013,1496,1331,1810,26,1857,1225
1990: 1674,151,1248,1500
1572: 
1573: 1344,411
1574: 
1575: 441,1355,1217,928,2003,558,491,807
1576: 
1577: 1189,2018,618,1159,1983,1322,376,1150,682,831,1356,804
1578: 1568,1419,435,179,1977,956,2019,1128,1520
1579: 62,361,1383,1972,1858,2004,1595,1710,1099,1677,112
1580: 
1581: 1775
1582: 1962,726,577
2016: 597,1228,1295,206,18,1381,1713,1724,1924
1584: 
1585: 
1586: 
1587: 650,1475,1901,756,1934,2014,131,1825,1611
1588: 1280,1429,2017,1560,856,83,123,1079,1394,1752,949,47
1589: 
1590: 
1591: 795,1324,236,760,1260,1417,2003,578,1179,876,220
1592: 
1593: 
1594: 2,1290,967,1638,250
1595: 62,361,1383,1972,1858,2004,1710,1099,1579,1677,112
1596: 690
1597: 932,1148,1223,766,593,155
1598: 2008,208,1521,1029,850,249,1783,1923,1275,1091,879,1763,1896,1042,333
1599: 417,293,238,2012,730,1533,1256
1600: 
1601: 1413,1393,1093
1602: 1015,1550,870,1432,1130,2000,1800,685
1603: 
1604: 
1605: 1517,19,71,347
1606: 222,1472,43,696,796,535,631
1607: 
1608: 
1927: 596,1871,1794
1610: 1991,733,1968
1611: 131,1825,1475,1901,756,448,1934,2014,650,1587
1612: 
1613: 1898,1654,297,600,1938,1987,167,1660
1614: 2009,403,727,462,225,779,1166,1288,1892,178,30,1971
1615: 1628,897,64
1616: 177,864,507,1083
1617: 
1618: 427,1174,1653
1619: 
1620: 534,1772
1621: 248,1688,95,1012,451
1622: 201,1401,1360,1974,2015,130,1957,718,98,1926,532,1762,416,267,769,1883,13,121,862
1623: 1313,1175,1284,1508,771
1624: 
1625: 1947,1732,745
1626: 561
1627: 
1628: 1615,897,64
1629: 442
1630: 
1631: 1510,584,1801,344
1632: 1981,917
1633: 1355,1217,1260,928,2003,578,1179,558,876,426,491,220,807
1634: 728,951,1045
1635: 
1636: 
1637: 1368,1428
1638: 1290,967,2,1594,250
1639: 
1640: 
1641: 2010,233,936,1004,816,963,811,319,1024,780,1476,1120,1123,1554,1116,1190,221,985,1446
1642: 
1643: 79
1644: 1379,1405,423,953,661,1047
1645: 1277,25,186,607,926
1646: 150,298
1647: 277,402,84
1648: 759,896,1048,548,762
1924: 597,1228,18,1381,1713,1724,2016
1650: 697,1679,587,639
1651: 
1652: 
1653: 1174,1618
1654: 1898,297,1613,600,1938,1987,167,1660
1655: 1532
1656: 508,1142,552
1657: 
1658: 
1659: 378,146,499,1816,87,2002,296,1240,387
1660: 1987,167,1654,297,1613,600,1938
1661: 
1662: 490,1258,1270,1215
1663: 1994,113
1664: 1984,366
1665: 
1666: 
2000: 1160,1015,1550,870,1602,1432,229,1130,1800,1272,685,217,1712,939
1668: 264,1472,43,881
1669: 1985,637
1670: 
1671: 
1672: 
1673: 563
1674: 1990,151,1248,1500
1675: 1854,366
1676: 1033,1407,303,286,2005,239,1315,1233
1677: 1163,112,2004,1595,1710,1099,1579
1678: 1787,1062,1902,114,942,657,2001,1770,754,1434
1679: 1650,697,587
1680: 17,1839,254,433
1681: 
1682: 
1683: 1963
1684: 495,1699,1893
1685: 
1686: 630
1687: 1562
1688: 248,1621,95,1012
1942: 1939
1690: 
1691: 
1692: 1916
1969: 
1694: 1266,413
1695: 
1696: 
1697: 
1698: 703,1400
1699: 1684,1893
1700: 
1701: 764,350,372
1702: 
1703: 355,735,1363,579,1543
1704: 
1705: 
1706: 400,1213,244
1707: 899
1708: 1452
1709: 388,1239
1710: 62,361,1383,1972,1858,2004,1595,833,1099,1997,193,1579,1677,112
1711: 1753
1712: 939,2000,1272
1713: 597,1228,1295,206,18,1381,1724,2016,1924
1714: 
1715: 16,1197,1826
1716: 
1717: 
1718: 
1719: 378,499,1816,2002,296,1240,1308
1720: 1254
1721: 
1722: 1299,1009
1723: 
1724: 597,1228,1295,206,18,1381,1713,2016,1924
1725: 701,243
1726: 
1727: 
1728: 
1729: 
1730: 813
1731: 1531
1732: 745,1625,1947,679
1733: 
1734: 
1735: 1866,651
1736: 2008,1061,1521,49,1167,1043,850,1992,249,100,1060,1783,1923,1257,1275,1091,879,1042,929
1737: 874,2011,1523,528,74
1738: 975
1739: 
1740: 
1741: 1951,1391
1742: 
1743: 805,63,1437,529,974,96,683
1744: 
1745: 1863,227,1338,2013,314,514,1496,1331,86,777,58,1810,842,26,808,1857,1225,1073,567,1541,1224
1746: 
1747: 
1748: 
2006: 1555,836,935,494,358,1529,487,573,732,564,1399,478,1000,653
1750: 272,203,459
1751: 944,1478,1829,501
1752: 1280,1429,1588,156,2017,1560,856,1774,83,163,123,1079,692,1394,949,47
1753: 1711
1754: 349
1755: 
1756: 
1757: 
1758: 1809,873,1889,204
1759: 
1760: 1221,948
1761: 
1762: 201,1360,2015,130,1957,1622,98,1926,532,769,122,13,121,862
1763: 2008,208,1521,1029,1923,1275,1598,1091,879,1896,333,929
1764: 798
1765: 
1766: 1026
1767: 273
1768: 300,1168
1769: 
1770: 657,2001,1040,1005,1345,1434,1062,1902,1678,114
1972: 62,361,1383,1858,2004,1595,1710,833,1099,1997,193,1579,882
1772: 784,1620,534
1773: 924
1774: 156,2017,1560,83,123,692,1394,1752
1775: 1581
1776: 1336
1777: 734,973,1253,1389,437
1778: 310,1827
1976: 
1780: 809
1781: 1504,1034
1782: 
1783: 2008,208,1521,49,1167,1043,850,1992,249,100,1060,1736,1923,1257,1598,1091,879,1042
1784: 1878,820,927,1267,1891
1785: 538,745
1786: 592,1845,1833,1888
1787: 1062,1902,1678,114,942,2001
1788: 
1789: 784,339,617
1790: 
1791: 533,1014,278
1792: 
1793: 976
1794: 912,1927,1871
1795: 1103,134,1978
1796: 
1797: 
1798: 
1799: 2001,482,1040,1005,754,1345,77,1276
1800: 1160,1015,1550,870,1602,1432,229,1130,2000,1272,685,217,939
1801: 584,1631,344
1966: 922,311,1307,1463
1803: 1406
1804: 1131
1805: 712,547
1806: 1544,969,1812,8
1807: 823
1808: 1427,1127
1809: 1758,873,1889,204
1810: 1863,1338,2013,514,1496,1331,26,1745,1857,1225,1224,7,1570,582
1811: 695
1812: 1544,969,1806,8
1813: 
1814: 
1815: 
1816: 378,146,499,2002,1719,296,1240,1659
1817: 
1818: 632
1819: 1108
1999: 
1821: 1527
1822: 
1823: 965,2007,54,463,1988,1945,365,1318
1824: 1237,890,362,790
1825: 131,1611,1475,2014,650,1587
1826: 16,1197,1715
1827: 1778
1828: 
1829: 1751,1478,501
1830: 
1831: 
1832: 
1833: 1845,1888,1786,592
1834: 
1835: 1145
1836: 
1837: 
1838: 
1839: 17,1680,254
1840: 493,1356,625,901,804,2018,618,1983,1322,376,831,1027
1841: 
1842: 
2018: 1189,618,699,1577,1159,1983,1322,376,1150,682,831,1027,493,1356,625,901,1840,804
1844: 
1845: 1833,1888,1786,592
1846: 69,1003
1847: 
1848: 1152,599,170
1849: 89
1850: 1287
1851: 
1852: 1950,785,469,676,797,851
1853: 313,2011,1435,270,475,74,874
1854: 1675,366
1855: 1095
1856: 
1857: 1863,1338,2013,514,1496,1331,86,1810,26,1745,1225,1224,7,1570,582
1858: 62,361,1383,1972,2004,1595,1710,833,1099,1997,193,1579,882,112
1859: 1564,1948,1332,351,417,293,238,2012,730,1424,1895,1482,1256,821,192
1860: 1563
1861: 
1862: 1448,968,1864
1863: 2013,514,1496,1331,86,777,1810,26,1745,808,1857,1224,582
1864: 1448,968,1862
1865: 
1866: 1735,651
1867: 1054
1868: 867
1869: 531,1982,843
1870: 941,1122
1871: 1927,912,1794
1872: 1081
1873: 318
1874: 
1875: 595,878
1876: 
1955: 
1878: 1784,820,927,1267,1891
1879: 
1982: 531,843,1869
1995: 1440
1882: 
1883: 1401,1974,2015,130,1957,718,1622,1926,532,769,13,121
1884: 
1885: 322,291
1971: 1534,779,1166,1288,1892,178,30,331,2009,727,462,225,1614
1887: 677,228
1888: 1845,1833,1786,592
1889: 1809,1758,873,204
1981: 1632,959,917
1891: 1784,1878,820,927,1267
1892: 1534,779,1166,1288,178,30,1971,2009,462,225,1614
1893: 495,1699,1684
1894: 35,439
1895: 417,238,2012,730,1424,1482,1256,821,1564,1948,1859,351
1896: 2008,208,1061,1521,49,1167,1029,850,1992,1923,1275,1598,1091,879,1763,1042,333,929
1897: 598,1155,1071
1898: 1654,1613,600,1938
1899: 
1968: 1991,733,1610
1901: 1475,756,448,1934,2014,1611,650,1587
1902: 1787,1062,1678,114,942,657,2001,1770,754,1345
1903: 
1904: 
1905: 1207,40,943
1906: 
1907: 
1908: 
1909: 775
1910: 497
1911: 
1912: 
1913: 
1914: 
1915: 803
1916: 1692
1917: 
1918: 
1919: 