0: 
1: 259
2: 1937
1842: 
4: 
5: 
6: 
7: 1224,227,567,1073,1019,1455,2013,1810,1496,1265
8: 1748,1625,401,364
9: 1276,1787,942,1705,78,2001,1062,114,45,261
10: 
1781: 1903,670,1479,1961,1045,1540,1484,956,1342,2019,1083,1578,1249,958,855,940,1520,180,294,1968,698,1568,179,1798
12: 1764,1610,1409,86,314,193,2013,1745,582,1225,777,1863
13: 769,2015,469,1452,1138,797,1762,904,416,122,1883,130,1957,1852,971,532,1622,1401,98,862
14: 
15: 297,704,1535
16: 
17: 
18: 1725,1381,1714,1295,597,1330,1713,479,2016,1228,1924,206,1953,1724
19: 
20: 
21: 246
22: 798,1964,1383,1124,361,1997,946,1972,662,2004,263,1579,833,1858,62,1677,112,1077,882
23: 
24: 979
25: 
26: 1073,1338,1764,58,1221,808,1610,1409,1019,1455,86,314,1541,193,1570,2013,1745,582,1225,1857,1810,777,514,1863,141,1496,1224,227
27: 1292,815
28: 1776,382,140,1576
29: 
30: 462,317,1049,727,1971,331,779,1288,2009,1534,1614,1371,1166,1892,145,225,1528
1994: 
32: 1698,1130,1272,257,1021,1696
33: 626,223,1789,932,1592
34: 841
1852: 769,13,2015,469,1965,1452,1138,1562,797,1762,904,416,122,130,1957,1401,718,98,1360,267,862
36: 795
37: 
38: 
39: 
40: 1735,1325
41: 670,1961,251,1354,1419,1540,786,2019,1249,958,477,940,294,1968,1128,435,698,1943
42: 1663,898
43: 136,820
1934: 2014,1825,247,131,756,1938,650,1901,555,1587
45: 261,1902,9,1705,2001,1062,114
46: 
47: 163,945,1280,83,949,2017,1588,1710,1079,1487,856,1429,863,123,1210,1560,1752
48: 1251
49: 1896,879,655,1091,1923,2008,1736,249,1042,208,1783,100,850,1521,929
50: 
51: 651,1291,1477
52: 
53: 1426
54: 408,365,222,990,1013,1001,1318,669,1988,463,1684,2007,1408,1202,1186,965,687,1837,81,785,1267,1377,1823,1052,1945
55: 
56: 
57: 1864,1454
58: 1073,1338,1764,1221,808,26,842,86,314,1541,193,1570,2013,1745,582,1225,1857,1810,777,514,1863,141,663,1331
59: 1132,440
60: 
61: 776,530
62: 1124,22,361,1997,946,1972,662,2004,1579,833,882
63: 1164,1681,162
1794: 1030,1422
65: 
66: 410,747,1035
1864: 57,1454
68: 1743,336,1628,1195
69: 1025,1176,1844,1057,608,627,1437
70: 841
71: 1941,952
72: 769,2015,469,1926,1138,201,1562,121,797,904,416,1883,130,971,1622,1401,1360,267,862,1974
1735: 40,1325
74: 1795,1523,1853,981,2011,1838,1469,184,874,475,1080,1103,313,1435
75: 1942,1022,593,1647
76: 1340,1668
77: 237,1728,307,339,109,1770,574,2000,1712,685,1244,1432,1204,1819,629,1602,217,394,1993,1015,1499,818,870,903
78: 713,1434,1276,1769,1345,924,1005,9,1787,1056,942,1705,657,2001,1799,1062,114,1902,933
1744: 
1746: 326
81: 2007,1408,1202,1186,965,687,1837,785,1267,1377,134,1823,1052,1945,408,365,54,222,990,1013,1001,1318,1988,463,1684
82: 
83: 163,945,1280,949,2017,156,1740,1588,1710,47,1079,1487,856,1429,863,123,1394,1210,1560,692,1263,1774,1177,1181,1752
84: 1873,269,937
85: 1321,108,1546,1766,139,161
86: 1338,1764,58,1221,808,26,842,1610,314,1541,193,2013,1745,582,1225,1857,777,1863,12
87: 1865,1719,1046,2002,666,1816,1339,296,129,1376,378,1240,562,499,273,1308,146
88: 
89: 1792
90: 
91: 
92: 1966,1411
93: 
1737: 1189,625,804,1577,831,203,2018,1356,1840,183,1514
95: 781
96: 1048
97: 1507
98: 769,13,2015,469,1452,1138,121,797,1762,904,416,122,1883,130,1957,1852,971,532,1622,1401,718,267
1750: 379,844
100: 1029,850,1521,1061,929,1275,879,655,1091,1923,2008,1736,1598,249,1042,208,1783,49
1978: 481,1950,274,118
2006: 1697,653,1350,1518,377,594,1095,573,1237,494,1555,176,1000,1303,478,358,732,935,487,564,1824,362,1529,836
103: 466,930
1925: 689,1410
105: 722
106: 
107: 1657
108: 85,1321,1546,468,139,232,161
109: 307,339,916,1770,132,574,458,2000,409,302,1800,1712,685,1432,1204,1819,629,1602,217,394,1993,1015,1499,818,870,77
1833: 843,591,1758,1051,1327
111: 1620,323,1975
112: 1677,1077,798,1964,1383,22,946,662,2004,263,1858
113: 
114: 1434,1769,924,9,1787,942,1705,78,2001,1062,45,261,1902,939,933
115: 396,1038,1987
116: 1908,1559
117: 643
118: 1978,481,1950,274
119: 
120: 1141,1575,558,1653,1260,200,1633,253,1552,578,1355,220,491,2003,236,760
121: 769,2015,469,1926,1452,201,1562,797,72,904,416,1883,532,1401,718,98,1360,267
122: 769,13,2015,1965,1452,1138,1562,797,1762,904,416,1883,130,1957,1852,971,1622,1401,718,98,1360,862
123: 945,1280,83,949,2017,1588,1710,47,1429,863,1560
124: 
125: 829,523
126: 621,1439
1775: 340
128: 
129: 1865,387,1719,1046,87,2002,666,1816,296,1376,378,1240,562,499,273,1308,146
130: 769,13,2015,469,1965,1452,1138,201,1562,797,72,1762,904,416,122,1883,1957,1852,971,1622,1401,718,98,1360,267,862,1974
131: 1934,2014,1300,247,1938,650,1901,1475,555,1587
132: 307,339,109,916,1770,574,458,2000,409,302,1800,685,1432,1204,629,1602
133: 
134: 2007,1408,1202,1186,1837,81,785,1267,1823,1052,1945,1684
135: 
136: 43,820
137: 
138: 357,758
139: 85,1321,108,1546,1766,161
140: 275,382,1180,1576,1776,28
141: 1073,1338,1764,58,1221,808,26,842,314,1541,193,1570,2013,1225,1857,1810,777,1863,663,1331,1224
1963: 1658,988
143: 224
144: 
145: 2009,503,1534,1483,403,1614,178,1371,1166,1892,225,1528,779,1288,462,317,1049,727,1971,30,331
146: 387,1719,1046,87,2002,1816,296,129,1376,378,1240,562,273,1308
1916: 
148: 
149: 
150: 
151: 620,944,1478
152: 
1892: 2009,503,1534,1483,403,1614,178,1371,1166,145,225,1528,779,1288,462,317,1049,727,1971,30,331
154: 
155: 
156: 163,945,1280,83,949,2017,1740,1588,1710,1429,863,1394,1210,1560,692,1263,1774,1177,1181,1752
157: 
158: 1264
159: 
1957: 13,2015,1452,1138,797,1762,904,416,122,130,1852,1401,718,98
161: 232,85,1321,108,1546,468,139
162: 63
163: 945,1280,83,949,2017,156,1740,1588,1710,47,1079,1690,1487,856,1429,863,1394,1210,1560,692,1263,1774,1177,1181,1752
1810: 1073,1338,58,808,26,1019,1455,1541,193,1570,2013,1745,777,514,1863,141,1496,1331,1224,227,7,567
165: 630
166: 552,444,1445,1193,1161,1444
167: 1427
168: 
169: 504
170: 780,985,1446,473,1024,816,1650,948,1848,319,1250,590,1116,2010,936,599,1738,233
171: 305,1654,1055,1566
172: 
173: 1048
174: 
175: 
176: 1697,653,377,1095,573,2006,1000,478,935,564,1824,1529,836
177: 
178: 2009,503,1534,1483,403,1614,1371,1166,1892,145,779,1288,462
179: 1903,670,1479,1961,1045,251,1419,1540,956,1342,2019,1083,1578,1781,1977,940,1520,180,1968,1128,1362,698,1798
180: 1903,670,1479,1961,1045,1419,1540,1484,956,1342,2019,1083,1578,1781,1977,855,1520,294,1968,1362,698,179,1798
181: 
182: 1508,516
183: 2018,901,1356,1840,618,493,506,1150,541,1558,682,1514,699,1737,1189,625,804,1577,203,1159
184: 1795,1708,1523,1284,1853,981,2011,1838,1469,1433,874,528,475,1080,1103,74,313,1435,914
185: 
186: 
1975: 1620,111,323
188: 1164,1681
2001: 713,1434,1276,1769,1345,924,1005,9,1787,1056,942,1705,78,657,1772,1799,1062,114,45,390,261,1160,1902,939,933
190: 
191: 
192: 1533,351,1763,1948,821,1332,238,1564,1956,417,1859,1895,1256,414,730,1482,2012
193: 1073,1338,1764,58,1221,808,26,842,1610,1409,1019,1455,86,314,1541,1570,2013,1745,582,1225,1810,777,1863,12,141
194: 1301,1492
195: 
196: 1088
197: 1298,1336
1995: 
199: 
200: 1141,558,1260,1633,253,1552,578,1355,1417,120,220,2003
201: 769,2015,469,1926,1562,121,797,72,904,1883,130,1401,718,1360,267,862,1974
202: 
203: 1737,1189,625,804,1577,831,2018,901,1356,1840,493,506,1150,541,1558,1322,682,183,1514,699,1159
204: 
205: 
206: 1381,597,18,1713,479,2016,1228,1953,701
207: 
208: 1043,1216,1896,879,655,1091,1923,1167,333,2008,1736,1060,1598,249,1042,1992,1783,49,100,1029,850,1521,1061,1257,929,1275
209: 1638,1556,700,1162,1369,1692,1510
1826: 1512,252
211: 
1753: 
213: 
1803: 
1854: 979
216: 1157
217: 1244,1432,1204,1819,629,1602,394,1993,307,339,109,1770,574,2000,302,1800,1712,685,1015,1499,818,870,903,237,1728,77
218: 1094,1226,1680
219: 
220: 1141,1575,558,1653,1260,200,1633,253,1552,578,1355,1417,120,1440,491,2003,426,236,760,1969,876,1804,1179,1591,807
221: 1476,430,811,1760,1554,1933,697,590,1190,963,527,1116,1641,335,2010,936,1738,233,1650,1250
222: 408,365,54,990,1013,1001,1318,669,1988,463,2007,1186,965,687,1837,81,1945
223: 33,626,1789,932,1592
224: 143
225: 2009,1534,1483,403,1614,1892,145,1528,1049,727,1971,30,331
226: 805,607,740,1203
227: 1224,7,567,1073,1338,808,26,1019,1455,2013,1810,514,1496,1265
228: 
229: 1015,1499,818,870,903,307,1770,458,2000,1712
230: 
231: 977,1488,680,1593
232: 161,539,108,1546,468
233: 1476,430,1214,221,1123,1120,1554,1933,697,590,1190,963,527,1116,1641,335,2010,936,599,1494,1738,780,1446,473,1004,1024,816,170,1650,948,1848,319,1250
234: 
1906: 
236: 1440,491,2003,426,928,760,1023,1969,876,1804,1179,1591,807,1141,1575,558,1653,1633,253,1552,578,1355,120,220
237: 1728,77,307,574,2000,1712,1244,1204,1819,629,1602,217,394,1993,1015,1499,870,903
238: 192,1533,351,1763,1948,821,1332,1956,1424,417,1859,1895,1256,730,1482,2012
239: 1407,1020,1191,1243,370,1315,1563,286,1032,2005,1233,1676
240: 
1766: 85,1321,139
242: 1097,1096
1865: 387,1046,87,2002,666,1816,1339,129,1376,378,562,499,1659,273,1308
244: 817,1472,1791
245: 
246: 21
247: 448,1611,1934,2014,1300,1825,1879,131,756,1938,1118,650,1901,1475,555,1587
248: 510
249: 1216,1896,879,655,1091,1923,1167,2008,1736,1060,1598,1042,208,1992,1783,49,100
250: 
251: 1903,670,1419,1540,956,2019,1578,477,1977,1520,294,1968,1128,1362,698,179,41
252: 1512,1826
253: 1141,1575,558,1653,200,1633,1552,578,1355,1417,120,220,1440,491,2003,426,236,928,760,1969,638,876,1179,1591,807
254: 
255: 556,1944
256: 
257: 1698,1130,32,1272,1021
258: 
259: 1
1862: 
261: 45,1902,939,933,1434,9,1056,942,1705,2001,1062,114
262: 1545
263: 798,1964,1383,1124,22,361,1997,946,1972,662,2004,1579,1858,1677,112,1077
264: 
1884: 1172,1407,1020,1191,370,1563,1032,1940,1033,2005
266: 696
267: 769,2015,469,1926,1452,201,1562,121,797,72,904,416,1883,130,1852,971,532,1622,1401,718,98,1360,862,1974
268: 501
269: 84,1873
270: 
1774: 1263,1177,1181,1752,163,83,2017,156,1588,1487,1429,1394,1210,1560,692
272: 
273: 1865,387,1719,1046,87,2002,666,1816,1339,296,129,1376,378,1240,562,1659,1308,146
274: 1978,481,1950,118
275: 382,1180,140,1576,1776
276: 
277: 
278: 1460
279: 299
1804: 1440,491,2003,426,236,928,760,1023,1969,1179,807,1141,1575,1653,1633,1355,220
281: 401
282: 
1866: 482
284: 1553,450
285: 
286: 1315,1563,1032,1940,947,1033,303,2005,1233,1676,1407,1020,370,239
287: 1187,1621
288: 719
289: 
290: 
1736: 1043,1216,1896,879,655,1091,1923,1167,333,2008,1060,1598,249,1042,208,1992,1783,49,100,1029,850,1521,1061,929,1275
292: 1605,1491,1981,917
293: 1859,1895,1471,1256,414,730,1599,1482,2012,351,1763,1948,821,1332,1956,1424,417
294: 670,1479,1961,251,1354,1419,1540,786,1484,956,1342,2019,1083,1249,958,477,1781,855,940,1520,180,1968,698,1568,41,1943
295: 1213,1505,796,526
296: 387,1719,1046,87,2002,666,1816,129,1376,378,1240,562,1659,273,1308,146
297: 15,704
298: 430,1214,811,590,1190,1641,2010,599,1494,1004,1650,948,1848,319
299: 279
300: 
301: 
302: 307,339,109,916,1770,132,574,458,2000,409,1800,1712,685,1432,1204,629,1602,217
303: 1315,286,1032,947,2005,1233,1676
304: 
305: 1654,1055,1566,171
306: 1509,1098,709
307: 339,109,1770,132,574,458,2000,302,1800,1712,685,1432,1204,629,1602,217,394,1993,229,1015,1499,818,870,903,237,77
1938: 448,1611,1934,2014,1300,1825,247,131,756,650,1901,1475,555,1587
1869: 
310: 
311: 
312: 
313: 1795,1523,1853,2011,1469,184,874,475,1080,1103,74
314: 1073,1764,58,1221,26,842,1610,1409,86,1541,193,1570,2013,1745,582,1225,777,1863,12,141
315: 
1993: 1244,1432,1204,1819,629,1602,217,394,307,109,574,2000,1800,1712,685,1015,1499,818,903,237,1728,77
317: 462,727,30,331,779,1288,2009,503,1614,1371,1166,1892,145,1528
318: 
319: 780,985,1446,473,1004,1024,816,170,1650,948,1848,1250,430,1554,697,590,1190,1641,2010,599,1494,298,1738,233
320: 
321: 
322: 693,566,415,1990,1115
323: 1620,111,1975
1902: 45,390,261,1160,939,933,713,1434,1769,924,1787,1056,942,1705,78,2001,1772,1799,1062,114
1733: 1625,401,364,715
326: 1746
1953: 1381,1714,597,1330,18,1713,479,2016,1228,206,1724,701
1851: 1930,404
329: 
330: 
331: 462,317,1049,727,1971,30,779,1288,2009,503,1534,1614,1371,1892,145,225,1528
332: 
333: 1043,1896,655,1091,1167,2008,1736,1060,1598,1042,208,1992,1783,1029,850,1061,1257,929,1275
334: 1213,352,1742,796,526
335: 1476,430,1214,811,221,1123,1120,1760,1554,1933,697,590,1190,963,527,1641,2010,936,599,1494,233,473,1004,1024,1650,948,1848,1250
336: 1628,1195,68,1743
337: 
338: 
339: 307,109,916,1770,132,574,458,2000,409,302,1800,685,1432,629,217,394,1015,1499,818,77
340: 1775
341: 
1976: 
343: 1270,1782
344: 
345: 
1933: 1476,221,1123,1120,1760,1554,697,590,1190,963,527,1116,335,2010,936,1738,233,473,816,1250
347: 
1911: 
349: 547,1905,1470,668
350: 1294
351: 192,1533,1763,1948,821,1332,238,1956,1424,417,1859,730,293,1482,2012
352: 1213,1505,334,1742,796,526
1970: 
354: 
355: 603,1642
356: 
357: 138,758
358: 1697,653,1350,1518,377,594,1095,573,2006,494,1555,1000,1303,732,935,487,564,1824,362,1529
1796: 
360: 
361: 798,1964,1383,1124,22,1997,946,1972,662,2004,263,1579,833,62,882
362: 1697,1350,1518,594,1095,2006,494,1000,1303,358,732,935,487,1824
363: 
364: 1748,1625,401,8,1733
365: 408,54,222,990,1013,1001,1318,669,1988,463,1684,2007,1186,1837,81,1823,1052,1945
366: 1627,1754
367: 1954,810
368: 
369: 
370: 1407,1020,1191,1243,1884,239,1563,286,1032,947,1033,2005,1676
1838: 1795,1708,1523,1284,1853,981,2011,1469,184,1433,528,1080,1103,74,1435
372: 592,968,496,1151,712,1805
1893: 
374: 1262,1293
1913: 
376: 
377: 1697,653,1350,1518,594,1095,573,1237,2006,1555,176,1000,478,358,732,935,487,564,1824,1529
378: 1865,387,1719,1046,87,2002,666,1816,1339,296,129,1376,1240,562,499,1659,273,1308,146
379: 844,1750
1901: 1611,1934,2014,1300,1825,247,131,756,1938,650,1475,555,1587
381: 1808,1127
382: 275,1180,140,1576,1776,28
383: 391
384: 
1974: 769,2015,469,1965,1138,201,1562,797,72,1883,130,1622,1401,1360,267,862
386: 
387: 1865,1046,2002,666,1816,1339,296,129,1376,378,562,1659,273,1308,146
388: 
389: 
390: 1160,1902,939,933,1434,1769,1056,942,2001,1772,1799
391: 383
392: 
393: 
394: 1244,1432,1204,1819,629,1602,217,1993,307,339,109,574,2000,1800,685,1015,1499,818,237,1728,77
395: 
396: 115,1038,1987
1782: 343,1270
1730: 
399: 531
400: 
401: 1748,1625,364,8,1733,281
402: 
403: 2009,503,1534,1483,1614,178,1371,1166,1892,145,225,1528,462,1049,727
404: 1930,1851
405: 
406: 1273,775,1041
1958: 
408: 365,54,222,990,1013,1001,1318,669,1988,463,2007,1186,965,81,1377,1823,1945
409: 339,109,916,132,458,2000,302,1800,685,1432,629
410: 66,1035
411: 
412: 
413: 
414: 1859,1895,1471,1256,730,1599,293,1482,2012,192,1763,1948,1332,1564,1956
415: 693,322,566,1990,1115
416: 769,13,2015,469,1452,1138,1562,121,797,72,904,122,1883,130,1957,1852,971,532,1622,1401,98,1360,267,862
417: 192,1533,351,1763,1948,821,1332,238,1564,1424,1859,1895,1471,1256,293,1482,2012
418: 
419: 
420: 
1930: 404,1851
1894: 
423: 837,1016,1047
1937: 826,2
425: 
426: 1440,491,2003,236,928,760,1023,1969,638,876,1804,1179,1591,807,1141,1653,1633,253,578,1355,220
427: 
428: 
1956: 192,1533,351,1763,1948,1332,238,1424,1859,1895,1256,414,730,293,1482,2012
430: 1476,1214,811,221,1120,1760,1554,697,590,1190,963,1641,335,2010,936,599,1494,298,1738,233,780,1004,1024,1650,948,1848,319,1250
431: 
432: 659,913
433: 
1939: 617,461
435: 1961,1354,1419,786,2019,958,477,940,41,1943
436: 
437: 
438: 
439: 
440: 1132,59
441: 776
442: 
443: 1700
444: 552,166,1445,1161,1444
445: 1447,1716
446: 851
447: 
448: 1611,2014,1300,1825,1879,247,756,1938,1118,650,1475,555,1587
449: 1759
450: 1553,284
451: 
452: 1660,743
453: 
454: 1682,705
455: 
456: 
457: 
458: 307,339,109,1770,132,574,2000,409,302,1800,1712,685,1432,629,229,1499,818,870
459: 
460: 1871,1405
461: 617,1939
462: 317,1049,727,30,331,779,1288,2009,503,1534,403,1614,178,1371,1166,1892,145,1528
463: 408,365,54,222,990,1013,1318,1988,2007,1408,1186,965,687,1837,81,1377,1945,495
464: 
465: 
466: 103,930
1945: 2007,1408,1202,1186,1837,81,785,1267,1377,134,1823,1052,408,365,54,222,1013,1001,1318,669,1988,463,1684
468: 108,1546,232,161,539
469: 769,13,2015,1926,1452,1138,201,1562,121,797,72,904,416,1883,130,1852,971,532,1622,1401,718,98,1360,267,862,1974
470: 
471: 637,588
472: 633,1404
473: 780,1446,1004,1024,816,170,1650,948,1848,319,1250,1123,1120,1933,697,590,1190,963,527,1116,335,2010,936,599,1494,1738,233
474: 
475: 1523,2011,184,874,1080,74,313
476: 
477: 1961,251,1354,1419,1540,786,2019,1083,1578,958,1977,940,294,1968,1128,435,698,41,1943
478: 1697,653,377,1095,573,1237,2006,1555,176,1000,564,1529,836
479: 1381,1714,597,1330,18,1713,2016,1228,206,1953,1724,701
480: 
481: 1978,1950,274,118
482: 1866
1871: 460
1980: 1044,741,926
485: 
486: 995
487: 1350,1518,377,594,1095,2006,494,1000,1303,358,935,564,362
1879: 448,1611,2014,247,756,1118,1475
1787: 713,1434,1276,1769,1345,924,1005,9,942,78,657,2001,1799,1062,114,1902,933
490: 1420,1915
491: 1440,2003,426,236,928,760,1023,1969,876,1804,1179,1591,807,1141,1575,1653,1633,253,1552,578,1355,120,220
492: 784,1089
493: 2018,901,1356,1840,1983,618,506,1150,541,1027,1558,1322,682,183,1514,699,625,1577,203
494: 1697,653,1518,594,1095,2006,1000,1303,358,935,487,564,1824,362
495: 2007,1408,1186,965,687,1267,1377,463
496: 592,968,372,1365,1151,1959,1805
497: 
1968: 1903,670,1961,1045,251,1354,1419,1540,956,1342,2019,1083,1578,958,477,1781,1977,940,1520,180,294,1128,1362,698,1568,179,41,1798
499: 1865,1719,87,2002,666,1816,129,378,562,1308
500: 
501: 268
502: 
503: 2009,1534,403,1614,178,1371,1166,1892,145,779,1288,462,317,727,331
504: 169
2010: 1476,430,1214,811,221,1123,1120,1760,1554,1933,697,590,1190,963,527,1116,1641,335,936,599,1494,298,1738,233,780,985,1446,473,1004,1024,816,170,1650,948,1848,319,1250
506: 2018,901,1356,1840,1983,618,493,1150,541,1027,1558,1322,682,183,1514,699,625,1577,203
1759: 449
1770: 307,339,109,132,574,458,2000,302,1712,1602,217,229,1499,818,870,903,77
509: 1543
510: 248
511: 1747,723
512: 
513: 
514: 1073,1338,58,808,26,1019,1455,1541,2013,1810,1863,1496,1224,227,567
515: 1231,1078
516: 182,1508
517: 
518: 
519: 
520: 
1849: 
1977: 1903,670,1961,1045,251,1419,1540,956,2019,1083,1578,477,940,1520,180,1968,1128,1362,698,179
523: 829,125
524: 1058,867,1430,1218
525: 
526: 1213,352,1505,334,1742,295,796
527: 1476,221,1123,1120,1933,697,590,1190,963,1116,335,2010,936,599,1494,233,473,816,1848,1250
528: 1795,1708,1523,1284,1853,981,2011,1838,184,1433,1080,1103,1435,914
529: 
530: 61
531: 399
532: 13,2015,469,1926,1452,1562,121,797,904,416,1883,1401,718,98,267
533: 
534: 1067
535: 1606,660
536: 
2003: 1440,491,426,236,928,760,1023,1969,638,876,1804,1179,1591,807,1141,1575,558,1653,1260,200,1633,253,1552,578,1355,1417,120,220
538: 
539: 232,1546,468
540: 706,1462
541: 2018,901,1356,1983,618,493,506,1150,1027,1558,1322,682,183,1514,699,625,203
1789: 33,626,223,932,1592
543: 
544: 
1768: 
546: 579
547: 349,1905,1470,668
548: 1761
549: 
1997: 798,1383,1124,22,361,946,1972,662,2004,263,1579,833,1858,62,1677
551: 
552: 166,444,1445,1161,1444
553: 
554: 
555: 448,1611,1934,2014,1300,1825,247,131,756,1938,1118,650,1901,1475,1587
556: 255,1944
557: 1550,1071,1756
558: 1141,1575,1653,1260,200,1633,253,1552,578,1355,1417,120,220,2003,236,876,1179
559: 
560: 
561: 1110,746
562: 1865,387,1719,1046,87,2002,666,1816,1339,296,129,1376,378,1240,499,1659,273,1308,146
563: 
564: 1697,653,1518,377,594,1095,573,2006,494,1555,176,1000,1303,478,358,935,487,1824,1529,836
565: 
566: 693,322,415
567: 1224,227,7,1019,1455,2013,1810,514,1496,1265
568: 1297,1574,1729,1623,1105
2013: 1073,1338,1764,58,1221,808,26,842,1610,1409,1019,1455,86,314,1541,193,1570,1745,582,1225,1857,1810,777,514,1863,12,141,663,1496,1331,1224,227,7,567
570: 
571: 1274
572: 
573: 1697,653,1518,377,1095,1237,2006,1555,176,1303,478,358,732,564,1824,1529,836
574: 307,339,109,1770,132,458,2000,302,1800,1712,685,1244,1432,1204,1819,629,1602,217,394,1993,1015,1499,818,870,903,237,1728,77
575: 
576: 
577: 1370
578: 1141,1575,558,1653,1260,200,1633,253,1552,1355,1417,120,220,491,2003,426,236,760,1969,638,876,1179,1591
579: 546
580: 1872
1830: 759
582: 1073,1764,58,808,26,1610,1409,1019,86,314,1541,193,2013,1745,1225,777,1863,12
1910: 
584: 1515,1290,1631
585: 
586: 
587: 
588: 637,471
1829: 1473,1704
590: 1476,430,1214,811,221,1123,1120,1760,1554,1933,697,1190,963,527,1116,1641,335,2010,936,599,1494,298,1738,233,780,985,1446,473,1004,1024,816,170,1650,948,1848,319,1250
591: 843,1833,1758,1051,1327
592: 968,496,372,1151,712,1805
593: 1942,75,1022,1647
594: 1697,653,1350,1518,377,1095,2006,494,1000,1303,358,732,935,487,564,1824,362,1529
595: 1465
596: 
597: 1725,1381,1714,1295,1330,18,1713,479,2016,1228,1924,206,1953,1724,701
598: 
599: 1476,430,1214,811,1123,1120,1554,697,590,1190,963,527,1641,335,2010,936,1494,298,1738,233,780,985,473,1004,1024,170,1650,948,1848,319,1250
600: 1991
601: 
2012: 1859,1895,1471,1256,414,730,1599,293,1482,192,1533,351,1763,1948,821,1332,238,1564,1956,1424,417
603: 355,1642
604: 751
605: 
606: 1171
607: 805,226,740,1203
608: 69,1025,1176,1844,1057,627,1437
1929: 
610: 1296,853
611: 1757
612: 
613: 1082,1373
614: 1872
615: 
616: 
617: 1939,461
618: 2018,1356,1840,493,506,1150,541,1027,682,183,1514,699,625
619: 1468,656,1876
620: 151,944,1478
621: 126,1439
622: 
1859: 1895,1471,1256,414,1599,293,1482,2012,192,1533,351,1763,1948,821,1332,238,1564,1956,1424,417
624: 
625: 1737,1189,804,1577,831,203,2018,901,1356,1840,618,493,506,1150,541,1558,1322,682,183,1514,699,1159
626: 33,223,1789,932,1592
627: 1437,69,1025,1176,1844,1057,608
628: 
629: 1244,1432,1204,1819,1602,217,394,1993,307,339,109,916,132,574,458,2000,409,302,1800,1712,685,1015,1499,818,870,903,237,1728,77
630: 165
631: 
632: 
633: 1404,472
634: 
635: 
636: 
637: 471,588
638: 1440,2003,426,876,1179,1591,807,1141,1633,253,578,1355,1417
1855: 
1844: 69,1025,1176,1057,608,627,1437
641: 
642: 
643: 117
1776: 28,275,382,1180,140,1576
645: 
1920: 
1828: 
1943: 1961,1354,1419,786,2019,1249,958,477,294,435,1568,41
649: 1133
650: 448,1611,1934,2014,1300,1825,247,131,756,1938,1901,1475,555,1587
651: 1291,51,1477
1922: 
653: 1697,1518,377,594,1095,573,1237,2006,494,1555,176,1000,1303,478,358,564,1824,1529,836
654: 
655: 1043,1216,1896,879,1091,1923,1167,333,2008,1736,1060,1598,249,1042,208,1992,1783,49,100,1029,850,1521,1061,1257,929,1275
656: 1468,1876,881,1706,619
657: 713,1276,1769,1345,924,1005,1787,942,78,2001,1772
1795: 1523,1284,1853,981,2011,1838,1469,184,1433,874,528,1080,1103,74,313,1435,914
659: 913,432
660: 1606,535
661: 
662: 798,1964,1383,1124,22,361,1997,946,1972,2004,263,1579,833,62,1677,112,1077,882
663: 1338,58,1221,808,842,1541,2013,1857,1863,141,1331
664: 
1921: 
666: 1865,387,1719,87,2002,1816,296,129,378,1240,562,499,273,1308
1748: 1625,401,364,8
668: 547,349,1905,1470
669: 408,365,54,222,990,1001,1318,1988,1684,2007,1837,1945
670: 1903,1479,1961,251,1354,1419,1540,786,1484,956,1342,2019,1083,1578,1249,1781,1977,855,1520,180,294,1968,1362,698,1568,179,41,1798
671: 
672: 1721
673: 
1806: 
675: 1623,1996,893
676: 
677: 737
678: 1279,1731
679: 
680: 977,1488,1593,231
681: 1092
682: 2018,901,1356,618,493,506,1150,541,1027,1558,183,1514,699,625,203,1159
683: 
684: 1664,735,1732
685: 307,339,109,916,132,574,458,2000,409,302,1800,1432,1204,1819,629,1602,217,394,1993,1015,1499,818,77
686: 
687: 2007,1408,1186,965,81,1267,1377,495,54,222,990,1013,1988,463
688: 
689: 1410,1925
690: 
691: 
692: 163,945,83,2017,156,1740,1588,1710,1079,1690,1487,856,1429,1394,1210,1560,1263,1774,1177,1181,1752
693: 322,566,415,1115
694: 
695: 1767
696: 266
697: 1476,430,1214,811,221,1123,1120,1760,1554,1933,590,1190,963,527,1116,1641,335,2010,936,599,1494,1738,233,780,473,1024,816,1650,1848,319,1250
698: 1903,670,1479,1961,1045,251,1354,1419,1540,786,1484,956,1342,2019,1083,1578,1249,958,477,1781,1977,855,940,1520,180,294,1968,1362,1568,179,41,1798
699: 2018,901,1356,618,493,506,1150,541,1027,1558,682,183,1514,1189,625,804,203,1159
700: 1638,209,1556,1162,1369,1692,1510
701: 1381,597,1713,479,2016,1228,206,1953
2009: 503,1534,1483,403,1614,178,1371,1166,1892,145,225,1528,779,1288,462,317,1049,727,1971,30,331
703: 
704: 15,297,1498,1535
705: 454,1682
706: 1462,540
707: 
708: 
709: 306
710: 1107,1014
711: 
712: 1805,592,968,372,1151
713: 1434,1276,1769,1345,924,1005,1787,1056,942,78,657,2001,1772,1799,1062,1160,1902,939,933
2011: 1795,1708,1523,1284,1853,981,1838,1469,184,1433,874,528,475,1080,1103,74,313,1435,914
715: 1733
716: 
717: 
718: 769,2015,469,1965,1926,1452,201,1562,121,797,1762,904,122,130,1957,1852,532,1401,98,1360,267
719: 288
720: 
1941: 71,952
722: 105
723: 511,1747
1773: 
725: 822
1887: 1674
727: 462,317,1049,1971,30,331,779,1288,2009,503,1534,403,1614,1371,1892,145,225,1528
728: 1561
729: 
730: 1895,1256,414,293,1482,2012,192,351,1763,1948,1332,238,1956,1424
731: 1648
732: 1350,1518,377,594,1095,573,2006,1555,358,935,1824,362,1529
733: 
734: 
735: 1664,684,1732
1983: 2018,901,1356,1840,493,506,1150,541,1027,1322
737: 677
738: 
739: 
740: 805,607,226,1203
741: 1044,1980,926
1848: 780,985,1446,473,1004,1024,816,170,1650,948,319,1250,430,1214,1123,1120,697,590,1190,527,335,2010,936,599,1494,298,233
743: 1660,452
744: 
745: 
746: 1110,561
747: 1035,66
748: 
749: 
750: 
751: 604
752: 
753: 896,984
754: 
755: 
756: 448,1611,1934,2014,1300,1825,1879,247,1938,650,1901,1475,555,1587
757: 
758: 138,357
759: 1830
760: 491,2003,426,236,928,1023,1969,1804,1591,1575,1653,253,578,1355,120,220
761: 
762: 987
763: 1395,1936,982
764: 
765: 1448
766: 
1870: 
768: 
769: 13,2015,469,1965,1926,1452,1138,201,1562,121,797,72,1762,904,416,122,1883,130,1852,971,1622,1401,718,98,1360,267,862,1974
770: 1654,1566
771: 
772: 1662
773: 1365,1959
774: 
775: 1273,406,1041
776: 441,61
777: 1073,1338,58,1221,26,1610,1409,1019,1455,86,314,1541,193,1570,2013,1745,582,1225,1810,1863,12,141,1496,1224
2015: 769,13,469,1965,1926,1452,1138,201,1562,121,797,72,1762,904,416,122,1883,130,1957,1852,971,532,1622,1401,718,98,1360,267,862,1974
779: 1288,2009,503,178,1371,1166,1892,145,462,317,727,30,331
780: 985,1446,473,1024,816,170,1650,948,1848,319,1250,430,1554,697,590,1116,1641,2010,936,599,1738,233
781: 95
1769: 713,1434,1345,924,1005,1787,1056,942,78,657,2001,1772,1799,1062,114,390,1160,1902,939,933
783: 
784: 492,1089
785: 2007,1408,1202,1186,1837,81,1267,1377,134,1823,1052,1945,54,1684
786: 670,1961,1354,1419,1540,2019,1249,958,477,294,435,698,1568,41,1943
787: 1694
1891: 975,1245
789: 
790: 
791: 
792: 
793: 1220
794: 
795: 36
796: 1213,352,334,1742,295,526
797: 769,13,2015,469,1965,1452,1138,201,1562,121,72,1762,904,416,122,1883,130,1957,1852,971,532,1622,1401,718,98,1360,267,862,1974
798: 1964,1383,1124,22,361,1997,946,662,2004,263,1579,1858,1677,112
799: 
800: 
1761: 548
1738: 430,221,1554,1933,697,590,1190,963,1116,1641,2010,936,599,233,780,1446,473,1024,816,170,1650,319,1250
803: 1215
804: 1737,1189,625,1577,831,203,2018,901,1356,1840,1558,183,1514,699,1159
805: 607,226,740,1203
806: 1389
807: 1440,491,2003,426,236,928,638,876,1804,1179,1141,1575,1633,253,1552,1355,1417,220
808: 1073,1338,58,1221,26,1019,86,1541,193,2013,582,1857,1810,514,1863,141,663,1331,1224,227
809: 
810: 1954,367
811: 1476,430,1214,221,1760,1554,697,590,1190,963,1641,335,2010,599,1494,298,1650
812: 
813: 
814: 
815: 27,1292
816: 780,1446,473,1024,170,1650,1848,319,1250,1123,1554,1933,697,590,1190,527,1116,2010,936,1738,233
817: 244,1472
818: 229,1015,1499,870,903,307,339,109,1770,574,458,2000,1712,685,629,217,394,1993,1728,77
819: 
820: 43,136
821: 192,1533,351,1763,1948,1332,238,1564,417,1859,1471,1256,293,1482,2012
822: 725
823: 
824: 
2017: 163,945,1280,83,949,156,1740,1588,1710,47,1079,1690,1487,856,1429,863,123,1394,1210,1560,692,1263,1774,1177,1181,1752
826: 1937
827: 1589
1757: 611
829: 125,523
830: 
831: 1737,1189,625,804,1577,203,2018,901,1356,1840,1558,1322
832: 
833: 1124,22,361,1997,946,1972,662,2004,1579,62,882
834: 
835: 
836: 1697,653,573,1237,2006,176,478,564,1824,1529
837: 1016,423,1047
1985: 
839: 
1984: 978,1832
841: 70,34
842: 1338,1764,58,1221,86,314,1541,193,1570,2013,1225,1857,1863,141,663,1331
843: 1833,591,1758,1051,1327
844: 379,1750
1955: 
1758: 843,1833,591,1051
847: 
2004: 798,1964,1383,1124,22,361,1997,946,1972,662,263,1579,833,1858,62,1677,112,1077,882
1816: 1865,387,1719,1046,87,2002,666,296,129,378,1240,562,499,1659,273,1308,146
850: 100,1029,1521,1257,929,1275,1896,655,1923,333,2008,1736,1060,1042,208,1783,49
851: 446
852: 875,857
853: 1148,1296,610
854: 
855: 1903,670,1479,1961,1484,956,1342,2019,1083,1781,180,294,698,1568,1798
856: 163,945,1280,83,2017,1740,1710,47,1079,1690,1487,1429,1394,1560,692,1263,1752
857: 852,875
858: 
1821: 1347
860: 
861: 
862: 769,13,2015,469,1965,1138,201,1562,797,72,904,416,122,1883,130,1852,971,1622,1401,1360,267,1974
863: 163,945,1280,83,949,2017,156,1740,1588,1710,47,1690,1429,123,1394,1210,1560
864: 1504
865: 
866: 
867: 1058,524,1430,1218
868: 
1950: 1978,481,274,118
870: 229,1015,1499,818,903,307,109,1770,574,458,2000,1712,629,1602,217,237,1728,77
871: 
1740: 163,945,1280,83,2017,156,1588,1710,1079,1690,1487,856,1429,863,1394,1560,692,1263,1181
873: 
874: 1795,1523,981,2011,184,475,1080,1103,74,313,914
875: 852,857
876: 1440,491,2003,426,236,928,638,1179,1591,807,1141,1575,558,1633,253,1552,578,1355,1417,220
877: 
1785: 
879: 1216,655,1091,1923,2008,1736,1598,249,1042,208,1992,1783,49,100,1521
880: 
881: 1468,656,1876,1706
882: 1964,1124,22,361,946,1972,662,2004,833,62,1077
1972: 1964,1124,22,361,1997,946,662,2004,263,1579,833,62,1677,1077,882
884: 
885: 1136
886: 975,1245
887: 
1895: 1859,1471,1256,414,730,1599,293,1482,2012,192,1763,1948,1332,238,1956,1424,417
889: 
890: 
891: 
892: 
893: 1729,675,1623,1996
894: 1064,1248
895: 
896: 984,753
897: 1104
898: 1663,42
899: 
1960: 
901: 2018,1356,1840,1983,493,506,1150,541,1027,1558,1322,682,183,1514,699,1189,625,804,1577,831,203
902: 
903: 229,1015,1499,818,870,307,1770,574,2000,1712,1244,629,1602,217,1993,237,1728,77
904: 769,13,2015,469,1926,1452,201,1562,121,797,72,1762,416,122,1883,130,1957,1852,971,532,1622,1401,718,98,1360,267,862
905: 
906: 
2007: 1408,1202,1186,965,687,1837,81,785,1267,1377,134,1823,1052,1945,495,408,365,54,222,990,1013,1001,1318,669,1988,463,1684
1853: 1795,1708,1523,1284,981,2011,1838,1469,184,1433,528,1080,1103,74,313,1435
909: 
1832: 1984,978
911: 
912: 
913: 659,432
914: 1795,981,2011,184,874,528,1080
1764: 58,1221,26,842,1409,86,314,1541,193,1570,2013,582,1225,1857,1863,12,141
916: 339,109,132,2000,409,302,1800,685,1432,1204,629,1602
917: 1605,292,1491,1981
918: 
1959: 496,773,1365
920: 
1986: 
922: 1372
923: 
924: 713,1434,1276,1769,1345,1005,1787,1056,942,1705,78,657,2001,1772,1799,1062,114,1902,939,933
925: 
926: 1044,741,1980
927: 
928: 1440,491,2003,426,236,760,1023,1969,876,1804,1179,1591,807,1575,1653,1633,253,1355
929: 100,1029,850,1521,1061,1257,1275,1043,1896,655,1923,1167,333,2008,1736,1060,1042,208,1783,49
930: 466,103
1856: 
932: 33,626,223,1789,1592
933: 390,261,1902,939,713,1434,1769,924,1787,1056,942,1705,78,2001,1799,1062,114
934: 
935: 1697,1350,1518,377,594,1095,2006,494,1555,176,1000,358,732,487,564,362,1529
936: 1476,430,221,1123,1120,1760,1554,1933,697,590,1190,963,527,1116,1641,335,2010,599,1494,1738,233,780,1446,473,1024,816,170,1650,1848,1250
937: 84,1873
938: 
939: 390,261,1160,1902,933,713,1434,1769,924,1005,1056,942,1705,2001,1772,1799,1062,114
940: 1961,1045,1354,1419,1540,2019,1083,1578,958,477,1781,1977,1520,294,1968,1128,435,698,1568,179,41
941: 1059,1557
942: 713,1434,1276,1769,1345,924,1005,9,1787,1056,1705,78,657,2001,1772,1799,1062,114,390,261,1160,1902,939,933
943: 
944: 1478,151,620
945: 163,1280,83,949,2017,156,1740,1588,1710,47,1079,1690,1487,856,1429,863,123,1394,1210,1560,692
946: 798,1964,1383,1124,22,361,1997,1972,662,2004,263,1579,833,62,1677,112,1077,882
947: 1315,1563,286,1032,1940,1033,303,2005,1233,1676,1172,1407,1020,370
948: 780,985,1446,473,1004,1024,170,1650,1848,319,1250,430,1214,1123,1120,590,1190,1641,335,2010,599,1494,298,233
949: 163,945,1280,83,2017,156,1588,1710,47,1429,863,123,1210,1560
950: 1326,1072
951: 1756
952: 71,1941
1807: 
954: 
1850: 
956: 1903,670,1479,1961,1045,251,1419,1540,1484,1342,2019,1083,1578,1781,1977,855,1520,180,294,1968,1128,1362,698,179,1798
957: 
958: 1961,1354,1419,1540,786,1484,2019,1083,1578,1249,477,1781,940,294,1968,435,698,1568,41,1943
959: 
960: 
961: 
962: 
963: 1476,430,811,221,1123,1120,1760,1554,1933,697,590,1190,527,1116,1641,335,2010,936,599,1494,1738,233,473,1250
964: 
965: 2007,1408,1186,687,81,1377,495,408,54,222,990,1013,1318,1988,463
966: 
967: 
968: 592,496,372,1151,712,1805
969: 
970: 
971: 769,13,2015,469,1452,1138,1562,797,72,904,416,122,1883,130,1622,98,267,862
1965: 769,2015,1452,1138,1562,797,1762,122,130,1852,1622,1401,718,1360,862,1974
973: 
974: 
975: 1245,1891,886
976: 
977: 1488,680,1593,231
978: 1984,1832
979: 24,1854
980: 
981: 1795,1523,1284,1853,2011,1838,1469,184,1433,874,528,1080,1103,74,1435,914
982: 1936,763
983: 1222
984: 896,753
985: 780,1446,1004,1024,170,1650,948,1848,319,1250,590,2010,599
986: 
987: 762
988: 1658,1963
1889: 
990: 408,365,54,222,1013,1001,1318,669,1988,463,2007,965,687,81,1377
991: 
992: 
1999: 
994: 
995: 486
1797: 
997: 
1874: 
999: 
1000: 1697,653,1350,1518,377,594,1095,2006,494,176,1303,478,358,935,487,564,362,1529
1001: 408,365,54,222,990,1013,1318,669,1988,1684,2007,1837,81,1823,1052,1945
1904: 
1003: 1567
1004: 985,473,1024,1650,948,1848,319,1250,430,1214,1123,1120,590,1190,335,2010,599,1494,298,233
1005: 713,1434,1276,1769,1345,924,1787,1056,942,78,657,2001,1772,1799,939
1006: 
1952: 
1008: 
1009: 
1010: 
1011: 
1012: 
1013: 408,365,54,222,990,1001,1318,1988,463,2007,1408,1186,965,687,81,1377,1945
1014: 1107,710
1015: 229,1499,818,870,903,307,339,109,574,2000,1712,685,1432,629,217,394,1993,237,1728,77
1016: 837,423,1047
1017: 
1763: 192,1533,351,1948,821,1332,238,1564,1956,1424,417,1859,1895,1471,1256,414,730,293,1482,2012
1019: 1073,1338,808,26,1610,1455,193,2013,1745,582,1810,777,514,1863,1496,1224,227,7,567
1020: 1172,1407,1191,1243,1884,370,239,1315,1563,286,1032,1940,947,1033,2005,1233,1676
1021: 1698,1130,32,1272,257,1696
1022: 1942,75,593,1647
1023: 1440,491,2003,426,236,928,760,1969,1804,1653,1355
1024: 780,985,1446,473,1004,816,170,1650,948,1848,319,1250,430,1123,1120,697,590,1190,1116,1641,335,2010,936,599,1494,1738,233
1025: 69,1176,1844,1057,608,627,1437
1026: 
1027: 2018,901,1356,1983,618,493,506,1150,541,682,699
1028: 
1029: 100,850,1521,1061,1257,929,1275,1043,1896,655,1091,1167,333,2008,1736,1060,1598,1042,208
1030: 1794,1422
1903: 670,1479,1045,251,1540,956,1342,2019,1083,1578,1781,1977,855,1520,180,1968,1362,698,179,1798
1032: 1315,1563,286,1940,947,1033,303,2005,1233,1676,1407,1020,1191,1243,1884,370,239
1033: 1315,1563,286,1032,1940,947,2005,1676,1172,1407,1020,1191,1884,370
1034: 
1035: 747,66,410
1036: 
1741: 
1038: 115,396,1987
1863: 1073,1338,1764,58,1221,808,26,842,1409,1019,1455,86,314,1541,193,1570,2013,1745,582,1225,1857,1810,777,514,12,141,663,1331,1224
1040: 
1041: 1273,406,775
1042: 1043,1896,879,655,1091,1923,1167,333,2008,1736,1060,1598,249,208,1992,1783,49,100,1029,850,1521,1257,929,1275
1043: 1216,1896,655,1091,1167,333,2008,1736,1060,1598,1042,208,1992,1029,1061,929,1275
1044: 741,1980,926
1045: 1903,1479,1961,956,1342,2019,1083,1578,1781,1977,940,1520,180,1968,698,179,1798
1046: 1865,387,1719,87,2002,1816,1339,296,129,1376,378,1240,562,1659,273,1308,146
1047: 837,1016,423
1048: 173,96
1049: 462,727,1971,30,331,2009,1534,1483,403,1614,1371,1892,145,225,1528
1050: 
1051: 843,1833,591,1758,1327
1052: 2007,1408,1202,1186,1837,81,785,1267,1377,134,1823,1945,365,54,1001,1684
1053: 
1054: 
1055: 305,171
1056: 713,1434,1276,1769,924,1005,942,1705,78,2001,1772,1799,1062,390,261,1160,1902,939,933
1057: 69,1025,1176,1844,608,627,1437
1058: 867,524,1430,1218
1059: 1557,941
1060: 1043,1896,655,1923,1167,333,2008,1736,1598,249,1042,208,1992,1783,1029,850,1061,1257,929,1275
1061: 100,1029,1257,929,1275,1043,655,1167,333,2008,1736,1060,1598,208
1062: 713,1434,1276,1769,1345,924,9,1787,1056,942,1705,78,2001,1799,114,45,261,1902,939,933
1875: 
1064: 894,1248
1936: 763,982
1066: 1111
1067: 534
1899: 
1069: 1344,1379
1070: 
1071: 1756,1550,557
1072: 1326,950
1073: 1338,58,1221,808,26,1409,1019,1455,314,1541,193,1570,2013,1745,582,1225,1810,777,514,1863,141,1496,1331,1224,227,7
1074: 1395,1145
1075: 
1979: 
1077: 1677,112,1964,1383,1124,22,946,1972,662,2004,263,882
1078: 515,1231
1079: 163,945,1280,83,2017,1740,1588,1710,47,1690,1487,856,1429,1210,1560,692,1752
1080: 1795,1523,1853,981,2011,1838,1469,184,1433,874,528,475,1103,74,313,1435,914
1081: 
1082: 613,1373
1083: 1903,670,1479,1961,1045,1354,1419,1540,1484,956,1342,2019,1578,958,477,1781,1977,855,940,1520,180,294,1968,698,1568,179,1798
1792: 89
1973: 
2002: 1865,387,1719,1046,87,666,1816,1339,296,129,1376,378,1240,562,499,1659,273,1308,146
1087: 1403
1088: 196
1089: 1358,492,784
1948: 192,1533,351,1763,821,1332,238,1956,1424,417,1859,1895,1256,414,730,293,1482,2012
1091: 1043,1216,879,655,1923,1167,333,2008,1736,1598,249,1042,208,1992,1783,49,100,1029
1092: 681
1093: 
1094: 218,1226,1680
1095: 1697,653,1350,1518,377,594,573,2006,494,1555,176,1000,1303,478,358,732,935,487,564,1824,362,1529
1096: 1097,242
1097: 1096,242
1098: 306,1509
1099: 
1100: 
1988: 408,365,54,222,990,1013,1001,1318,669,463,1684,2007,1408,1202,1186,965,687,1837,81,1377,1823,1945
1102: 
1103: 1795,1708,1523,1284,1853,981,2011,1838,1469,184,1433,874,528,1080,74,313,1435
1104: 897
1105: 568,1297,1574,1729,1623,1385
1106: 
1107: 710,1014
1108: 
1837: 2007,1408,1202,1186,81,785,1267,1377,134,1823,1052,1945,365,54,222,1001,669,1988,463,1684
1110: 561,746
1111: 1066
1112: 
1944: 556,255
1752: 1263,1774,1177,1181,163,83,2017,156,1588,47,1079,1487,856,1429,1210,1560,692
1115: 693,322,415,1990
1116: 221,1123,1554,1933,697,590,1190,963,527,1641,2010,936,1738,233,780,1446,473,1024,816,170,1650,1250
1117: 
1118: 448,1611,2014,1300,1879,247,1475,555,1587
1883: 769,13,2015,469,1926,1452,1138,201,1562,121,797,72,904,416,122,130,971,532,1622,1401,98,1360,267,862,1974
1120: 1476,430,1214,1123,1933,697,590,1190,963,527,335,2010,936,599,1494,233,473,1004,1024,948,1848,1250
1121: 
1122: 
1123: 1120,1933,697,590,1190,963,527,1116,335,2010,936,599,1494,233,1446,473,1004,1024,816,948,1848,1250
1124: 798,1964,1383,22,361,1997,946,1972,662,2004,263,833,62,1677,1077,882
1125: 
1126: 
1127: 381,1808
1128: 251,1419,1540,956,2019,1578,477,1977,940,1520,1968,1362,179,41
1905: 547,349,1470,668
1130: 1698,32,1272,257,1021,1696
1131: 
1132: 59,440
1133: 649
1134: 
1135: 1643
1136: 885
1991: 600
1138: 769,13,2015,469,1965,1452,1562,797,72,1762,416,122,1883,130,1957,1852,971,1622,1401,98,1360,862,1974
1139: 
1809: 
1141: 1575,558,1653,1260,200,1633,253,1552,578,1355,1417,120,220,1440,491,2003,426,236,638,876,1804,1179,807
1142: 
1143: 
1784: 
1145: 1395,1074
1146: 1340,1668
1147: 
1148: 1296,853
2018: 901,1356,1840,1983,618,493,506,1150,541,1027,1558,1322,682,183,1514,699,1737,1189,625,804,1577,831,203,1159
1150: 2018,901,1356,1840,1983,618,493,506,541,1027,1558,1322,682,183,699,625,1577,203
1151: 592,968,496,372,712,1805
1152: 
1153: 
1857: 1338,1764,58,1221,808,26,842,86,1541,2013,1863,141,663,1331
1155: 
2019: 1903,670,1479,1961,1045,251,1354,1419,1540,786,1484,956,1342,1083,1578,1249,958,477,1781,1977,855,940,1520,180,294,1968,1128,1362,435,698,1568,179,41,1943,1798
1157: 216
1158: 
1159: 2018,1356,1558,682,183,1514,699,1189,625,804,203
1160: 390,1902,939,713,1434,1769,1056,942,2001,1772,1799
1161: 1193,1444,552,166,444
1162: 1638,209,1556,700,1369,1692,1510
1840: 2018,901,1356,1983,618,493,506,1150,1558,1322,183,1514,1737,1189,625,804,1577,831,203
1164: 63,188,1681
1923: 1216,1896,879,655,1091,1167,2008,1736,1060,1598,249,1042,208,1992,1783,49,100,850,1521,929
1166: 2009,503,1534,1483,403,1614,178,1371,1892,145,1528,779,462,317,30
1167: 1043,1216,1896,655,1091,1923,333,2008,1736,1060,1598,249,1042,208,1992,1783,1029,1061,1257,929,1275
1168: 
1967: 
1786: 
1171: 606
1172: 1407,1020,1191,1884,1563,1940,947,1033,2005
1173: 
1174: 
1175: 
1176: 69,1025,1844,1057,608,627,1437
1177: 1263,1774,1181,1752,163,83,2017,156,1588,1429,1394,1210,692
1940: 1315,1563,286,1032,947,1033,2005,1233,1172,1407,1020,1884
1179: 1440,491,2003,426,236,928,1969,638,876,1804,1591,807,1141,1575,558,1653,1633,253,1552,578,1355,1417,220
1180: 275,382,140,1576,1776
1181: 1263,1774,1177,1752,163,83,2017,156,1740,1487,1429,1394,1210,1560,692
1182: 
1183: 1258,1205
1184: 
1185: 
1186: 2007,1408,1202,965,687,1837,81,785,1267,1377,134,1052,1945,495,408,365,54,222,1013,1988,463
1187: 287,1621
1188: 
1189: 1737,625,804,1577,831,203,2018,901,1356,1840,1558,183,1514,699,1159
1190: 1476,430,1214,811,221,1123,1120,1760,1554,1933,697,590,963,527,1116,1641,335,2010,936,599,1494,298,1738,233,473,1004,1024,816,1650,948,1848,319,1250
1191: 1172,1407,1020,1243,1884,370,239,1563,1032,1033,2005
1192: 
1193: 1161,1444,166
1194: 
1195: 336,1628,68,1743
1196: 
1197: 
1772: 713,1434,1769,924,1005,1056,942,657,2001,1799,390,1160,1902,939
1199: 
1755: 
1201: 
1202: 2007,1408,1186,1837,81,785,1267,1377,134,1823,1052,1945,54,1988,1684
1203: 805,607,226,740
1204: 1244,1432,1819,629,1602,217,394,1993,307,109,916,132,574,2000,302,1800,1712,685,1499,237,77
1205: 1183,1258
1987: 115,396,1038
1822: 1324
1208: 
1209: 
1210: 163,945,1280,83,949,2017,156,1588,1710,47,1079,1487,1429,863,1560,692,1263,1774,1177,1181,1752
1211: 
1212: 
1213: 352,1505,334,1742,295,796,526
1214: 1476,430,811,1120,697,590,1190,1641,335,2010,599,1494,298,233,1004,948,1848
1215: 803
1216: 1043,879,655,1091,1923,1167,2008,1736,1598,249,208,1992,1783
1217: 
1218: 1058,867,524,1430
1885: 
1220: 793
1221: 1073,1338,1764,58,808,26,842,86,314,1541,193,1570,2013,1225,1857,777,1863,141,663,1331
1222: 983
1223: 
1224: 227,7,567,1073,1338,808,26,1019,1455,1570,2013,1810,777,514,1863,141,1496,1331
1225: 1073,1764,58,1221,26,842,1610,1409,86,314,1541,193,1570,2013,1745,582,777,1863,12,141
1226: 1094,218,1680
1227: 
1228: 1714,597,18,1713,479,2016,206,1953,701
1760: 1476,430,811,221,1554,1933,697,590,1190,963,1641,335,2010,936
1230: 
1231: 515,1078
1232: 
1233: 1315,1563,286,1032,1940,947,303,2005,1676,1407,1020,1243,239
1234: 
1896: 1043,655,1923,1167,333,2008,1736,1060,1598,249,1042,208,1992,1783,49,1029,850,1257,929,1275
1236: 
1237: 653,1518,377,573,2006,1555,478,1824,1529,836
1876: 1468,656,881,1706,619
1239: 1247,1590
1240: 1719,1046,87,2002,666,1816,296,129,1376,378,562,273,1308,146
1241: 
1914: 1264
1243: 1407,1020,1191,370,239,1032,2005,1233,1676
1244: 1432,1204,1819,629,1602,217,394,1993,574,2000,1712,1499,903,237,1728,77
1245: 975,1891,886
1246: 
1247: 1590,1239
1248: 1064,894
1249: 670,1961,1354,786,1484,2019,958,1781,294,698,1568,41,1943
1250: 780,985,1446,473,1004,1024,816,170,1650,948,1848,319,1476,430,221,1123,1120,1554,1933,697,590,1190,963,527,1116,1641,335,2010,936,599,1494,1738,233
1251: 48
1252: 
1253: 
1800: 307,339,109,916,132,574,458,2000,409,302,685,1432,1204,1819,629,1602,217,394,1993
1255: 
1256: 1859,1895,1471,414,730,1599,293,1482,2012,192,1533,1763,1948,821,1332,238,1564,1956,417
1257: 1029,850,1061,929,1275,1896,655,1167,333,2008,1060,1042,208
1258: 1183,1205
1259: 
1260: 1141,1575,558,200,1633,1552,578,120,220,2003
1261: 
1262: 1293,374
1263: 1774,1177,1181,1752,163,83,2017,156,1740,1487,856,1429,1394,1210,1560,692
1264: 1914,158
1265: 1496,227,7,567
1266: 
1267: 2007,1408,1202,1186,687,1837,81,785,1377,134,1823,1052,1945,495,54
1268: 1538
1912: 
1270: 343,1782
1868: 
1272: 1698,1130,32,257,1021
1273: 406,775,1041
1274: 571
1275: 100,1029,850,1061,1257,929,1043,1896,655,1167,333,2008,1736,1060,1042,208,1783
1276: 713,1434,1345,924,1005,9,1787,1056,942,1705,78,657,2001,1062
1277: 1845,1702
1278: 
1279: 1731,678
1280: 163,945,83,949,2017,156,1740,1588,1710,47,1079,1690,1487,856,1429,863,123,1210,1560
1281: 
1282: 
1283: 
1284: 1795,1708,1523,1853,981,2011,1838,1469,184,1433,528,1103,1435
1285: 
1961: 670,1479,1045,1354,1419,1540,786,1484,956,1342,2019,1083,1578,1249,958,477,1781,1977,855,940,1520,180,294,1968,435,698,1568,179,41,1943,1798
1287: 
1288: 779,2009,503,1534,1614,178,1371,1892,145,462,317,727,30,331
1289: 
1290: 584,1515,1631
1291: 651,51,1477
1292: 27,815
1293: 1262,374
1294: 350
1295: 1725,1381,1714,597,1330,18,2016,1924,1724
1296: 1148,853,610
1297: 568,1574,1729,1623,1105
1298: 1336,197
1299: 
1300: 448,1611,2014,247,131,756,1938,1118,650,1901,1475,555,1587
1301: 194,1492
1302: 
1303: 1697,653,1518,594,1095,573,2006,494,1000,358,487,564,1824,362
1954: 367,810
1767: 695
1306: 
1307: 
1308: 1865,387,1719,1046,87,2002,666,1816,1339,296,129,1376,378,1240,562,499,1659,273,146
1309: 
1310: 
1311: 
1932: 1411,1966
1313: 
1981: 292,1491,917
1315: 1563,286,1032,1940,947,1033,303,2005,1233,1676,1407,1020,239
1316: 
1317: 
1318: 408,365,54,222,990,1013,1001,669,1988,463,1684,2007,965,81,1377,1823,1945
1319: 
2014: 448,1611,1934,1300,1825,1879,247,131,756,1938,1118,650,1901,1475,555,1587
1321: 85,108,1766,139,161
1322: 2018,901,1356,1840,1983,493,506,1150,541,1558,625,1577,831,203
1918: 
1324: 1822
1325: 1735,40
1326: 950,1072
1327: 843,1833,591,1051
1328: 
1329: 
1330: 1725,1381,1714,1295,597,18,1713,479,2016,1924,1953,1724
1331: 1073,1338,58,1221,808,842,1541,1570,2013,1857,1810,1863,141,663,1224
1332: 192,1533,351,1763,1948,821,238,1956,1424,417,1859,1895,1471,1256,414,730,293,1482,2012
1798: 1903,670,1479,1961,1045,1484,956,1342,2019,1083,1578,1781,855,1520,180,1968,698,1568,179
1846: 
1335: 
1336: 1298,197
1337: 
1338: 1073,58,1221,808,26,842,1019,86,1541,193,1570,2013,1857,1810,777,514,1863,141,663,1331,1224,227
1339: 1865,387,1719,1046,87,2002,1376,378,562,1659,273,1308
1340: 76,1668,1146
1341: 
1342: 1903,670,1479,1961,1045,1419,1540,1484,956,2019,1083,1578,1781,855,1520,180,294,1968,698,1568,179,1798
1343: 
1344: 1069,1379
1345: 713,1434,1276,1769,924,1005,1787,942,78,657,2001,1062
1346: 
1347: 1821,1527
1348: 
1825: 448,1611,1934,2014,247,756,1938,650,1901,1475,555,1587
1350: 1518,377,594,1095,2006,1555,1000,358,732,935,487,362,1529
1351: 
1352: 
1353: 
1354: 670,1961,1419,1540,786,2019,1083,1249,958,477,940,294,1968,435,698,1568,41,1943
1355: 1141,1575,558,1653,200,1633,253,1552,578,1417,120,220,1440,491,2003,426,236,928,760,1023,1969,638,876,1804,1179,1591,807
1356: 2018,901,1840,1983,618,493,506,1150,541,1027,1558,1322,682,183,1514,699,1737,1189,625,804,1577,831,203,1159
1951: 
1358: 1089
1359: 
1360: 769,2015,469,1965,1926,1452,1138,201,1562,121,797,72,1762,904,416,122,1883,130,1852,1622,1401,718,267,862,1974
1361: 
1362: 1903,670,251,1419,1540,956,2019,1578,1977,1520,180,1968,1128,698,179
1363: 
1835: 
1365: 496,773,1959
1366: 
1367: 
1368: 
1369: 1638,209,700,1162,1692,1510
1370: 577
1371: 2009,503,1534,1483,403,1614,178,1166,1892,145,1528,779,1288,462,317,1049,727,30,331
1372: 922
1373: 1082,613
1996: 1727,675,893
1375: 
1376: 1865,387,1719,1046,87,2002,1339,296,129,378,1240,562,1659,273,1308,146
1377: 2007,1408,1202,1186,965,687,1837,81,785,1267,1823,1052,1945,495,408,54,990,1013,1318,1988,463
1747: 511,723
1379: 1344,1069
1878: 
1381: 1725,1714,1295,597,1330,18,1713,479,2016,1924,206,1953,1724,701
1382: 
1383: 798,1964,1124,22,361,1997,946,662,2004,263,1579,1858,1677,112,1077
1384: 
1385: 1574,1729,1623,1105
1386: 
1387: 
1388: 
1389: 806
1971: 1049,727,30,331,2009,1614,1892,145,225,1528
1734: 1646
1392: 
1393: 
1394: 163,945,83,2017,156,1740,1588,1710,1690,1487,856,1429,863,1560,692,1263,1774,1177,1181
1395: 1074,763,1145
1396: 
1397: 
1398: 
1399: 
1791: 1679,244,1472
1401: 769,13,2015,469,1965,1926,1452,1138,201,1562,121,797,72,1762,904,416,122,1883,130,1957,1852,532,718,98,1360,267,862,1974
1908: 116,1559
1403: 1087
1404: 633,1608,472
1405: 460
1406: 
1407: 1172,1020,1191,1243,1884,370,239,1315,1563,286,1032,1940,947,1033,2005,1233,1676
1408: 2007,1202,1186,965,687,1837,81,785,1267,1377,134,1823,1052,1945,495,54,1013,1988,463
1409: 1073,1764,26,1610,1455,314,193,1570,2013,1745,582,1225,777,1863,12
1410: 689,1925
1411: 1932,92,1966
1412: 1422
1805: 712,592,968,496,372,1151
1414: 
1926: 769,2015,469,201,1562,121,72,904,1883,532,1401,718,1360,267
1845: 1277,1702
1417: 1141,558,200,1633,253,1552,578,1355,220,2003,638,876,1179,1591,807
1808: 381,1127
1419: 670,1961,251,1354,1540,786,956,1342,2019,1083,1578,958,477,1977,940,1520,180,294,1968,1128,1362,435,698,1568,179,41,1943
1420: 490,1915
1421: 
1422: 1030,1794,1412
1992: 1043,1216,1896,879,655,1091,1923,1167,333,2008,1736,1060,1598,249,1042,208,1783
1424: 351,1763,1948,1332,238,1956,417,1859,1895,730,293,1482,2012
1425: 
1426: 53
1427: 167
1428: 
1429: 163,945,1280,83,949,2017,156,1740,1588,1710,47,1079,1487,856,863,123,1394,1210,1560,692,1263,1774,1177,1181,1752
1430: 1058,867,524,1218
1431: 
1432: 1244,1204,1819,629,1602,217,394,1993,307,339,109,916,132,574,458,2000,409,302,1800,1712,685,1015,1499,77
1433: 1795,1708,1523,1284,1853,981,2011,1838,1469,184,528,1080,1103,1435
1434: 713,1276,1769,1345,924,1005,1787,1056,942,1705,78,2001,1772,1799,1062,114,390,261,1160,1902,939,933
1435: 1795,1708,1523,1284,1853,981,2011,1838,1469,184,1433,528,1080,1103,74
1436: 
1437: 627,69,1025,1176,1844,1057,608
1819: 1244,1432,1204,629,1602,217,394,1993,109,574,2000,1800,685,237,77
1439: 126,621
1440: 491,2003,426,236,928,1023,1969,638,876,1804,1179,1591,807,1141,1575,1653,1633,253,1355,220
1441: 
1815: 
1443: 
1444: 1193,1161,552,166,444
1445: 552,166,444
1446: 780,985,473,1024,816,170,1650,948,1848,319,1250,1123,590,1116,2010,936,1738,233
1447: 445,1716
1448: 765
1449: 
1450: 
1451: 
1452: 769,13,2015,469,1965,1138,1562,121,797,1762,904,416,122,1883,130,1957,1852,971,532,1401,718,98,1360,267
1453: 1673
1454: 57,1864
1455: 1073,26,1409,1019,193,1570,2013,1745,1810,777,514,1863,1496,1224,227,7,567
1917: 
1457: 
1458: 
1459: 
1460: 278
2005: 1315,1563,286,1032,1940,947,1033,303,1233,1676,1172,1407,1020,1191,1243,1884,370,239
1462: 706,540
1463: 
1464: 
1465: 595
1466: 
1754: 1627,366
1468: 656,1876,881,1706,619
1469: 1795,1708,1523,1284,1853,981,2011,1838,184,1433,1080,1103,74,313,1435
1470: 547,349,1905,668
1471: 1859,1895,1256,414,1599,293,1482,2012,1763,821,1332,1564,417
1472: 817,244,1791
1473: 1829,1704
1745: 1073,58,26,1610,1409,1019,1455,86,314,193,1570,2013,582,1225,1810,777,1863,12,1496
1475: 448,1611,2014,1300,1825,1879,247,131,756,1938,1118,650,1901,555,1587
1476: 430,1214,811,221,1120,1760,1554,1933,697,590,1190,963,527,1641,335,2010,936,599,1494,233,1650,1250
1477: 651,1291,51
1478: 944,151,620
1479: 1903,670,1961,1045,1484,956,1342,2019,1083,1578,1781,855,1520,180,294,698,179,1798
1947: 
1481: 1715
1482: 1859,1895,1471,1256,414,730,1599,293,2012,192,1533,351,1763,1948,821,1332,238,1564,1956,1424,417
1483: 2009,1534,403,1614,178,1371,1166,1892,145,225,1528,1049
1484: 670,1479,1961,956,1342,2019,1083,1249,958,1781,855,180,294,698,1568,1798
1915: 490,1420
1858: 798,1383,22,1997,2004,263,1579,1677,112
1487: 163,945,1280,83,2017,1740,1588,1710,47,1079,856,1429,1394,1210,1560,692,1263,1774,1181,1752
1488: 977,680,1593,231
1489: 
1490: 
1491: 1605,292,1981,917
1492: 1301,194
1493: 
1494: 1476,430,1214,811,1123,1120,1554,697,590,1190,963,527,1641,335,2010,936,599,298,233,473,1004,1024,1650,948,1848,319,1250
1495: 
1496: 1073,26,1019,1455,2013,1745,1810,777,514,1265,1224,227,7,567
1497: 
1498: 704,1535
1499: 229,1015,818,870,903,307,339,109,1770,574,458,2000,1712,685,1244,1432,1204,629,1602,217,394,1993,237,1728,77
1500: 
1501: 1607
1502: 
1503: 
1504: 864
1505: 1213,352,295,526
1839: 
1507: 97
1508: 182,516
1509: 306,1098
1510: 1638,209,700,1162,1369,1692
1888: 
1512: 252,1826
1513: 
1514: 2018,901,1356,1840,618,493,506,541,1558,682,183,699,1737,1189,625,804,1577,203,1159
1515: 584,1290,1631
1516: 
1517: 
1518: 1697,653,1350,377,594,1095,573,1237,2006,494,1555,1000,1303,358,732,935,487,564,1824,362,1529
1783: 1216,1896,879,655,1091,1923,1167,333,2008,1736,1060,1598,249,1042,208,1992,49,100,850,929,1275
1520: 1903,670,1479,1961,1045,251,1419,1540,956,1342,2019,1083,1578,1781,1977,940,180,294,1968,1128,1362,698,179,1798
1521: 100,1029,850,929,879,655,1923,2008,1736,1042,208,49
2008: 1043,1216,1896,879,655,1091,1923,1167,333,1736,1060,1598,249,1042,208,1992,1783,49,100,1029,850,1521,1061,1257,929,1275
1523: 1795,1708,1284,1853,981,2011,1838,1469,184,1433,874,528,475,1080,1103,74,313,1435
1524: 
1525: 
1526: 
1527: 1347
1528: 2009,1534,1483,403,1614,1371,1166,1892,145,225,462,317,1049,727,1971,30,331
1529: 1697,653,1350,1518,377,594,1095,573,1237,2006,1555,176,1000,478,358,732,935,564,1824,836
1530: 
1531: 
1532: 
1533: 192,351,1763,1948,821,1332,238,1564,1956,417,1859,1256,1482,2012
1534: 2009,503,1483,403,1614,178,1371,1166,1892,145,225,1528,1288,462,1049,727,30,331
1535: 15,1498,704
1536: 
1537: 
1538: 1268
1823: 2007,1408,1202,1837,81,785,1267,1377,134,1052,1945,408,365,54,1001,1318,1988,1684
1540: 1903,670,1961,251,1354,1419,786,956,1342,2019,1083,1578,958,477,1781,1977,940,1520,180,294,1968,1128,1362,698,179,41
1541: 1073,1338,1764,58,1221,808,26,842,86,314,193,1570,2013,582,1225,1857,1810,777,514,1863,141,663,1331
1542: 
1543: 509
1732: 1664,684,735
1545: 262
1546: 85,108,468,139,232,161,539
1547: 
1548: 
1818: 1715,1639
1550: 557,1071,1756
1551: 
1552: 1141,1575,558,1260,200,1633,253,578,1355,1417,120,220,491,2003,236,876,1179,807
1553: 450,284
1554: 1476,430,811,221,1760,1933,697,590,1190,963,1116,1641,335,2010,936,599,1494,1738,233,780,816,1650,319,1250
1555: 1697,653,1350,1518,377,1095,573,1237,2006,478,358,732,935,564,1824,1529
1556: 209,700,1162
1557: 1059,941
1558: 2018,901,1356,1840,493,506,1150,541,1322,682,183,1514,699,1189,625,804,1577,831,203,1159
1559: 1908,116
1560: 163,945,1280,83,949,2017,156,1740,1588,1710,47,1079,1690,1487,856,1429,863,123,1394,1210,692,1263,1774,1181,1752
1561: 728
1562: 769,2015,469,1965,1926,1452,1138,201,121,797,72,1762,904,416,122,1883,130,1852,971,532,1622,1401,718,1360,267,862,1974
1563: 1315,286,1032,1940,947,1033,2005,1233,1676,1172,1407,1020,1191,1884,370,239
1564: 192,1533,1763,821,417,1859,1471,1256,414,1482,2012
1836: 
1566: 305,1654,770,171
1567: 1003
1568: 670,1961,1354,1419,786,1484,1342,2019,1083,1578,1249,958,1781,855,940,294,1968,698,1943,1798
1964: 798,1383,1124,22,361,946,1972,662,2004,263,1579,1677,112,1077,882
1570: 1073,1338,1764,58,1221,26,842,1409,1455,314,1541,193,2013,1745,1225,1810,777,1863,141,1331,1224
1990: 322,415,1115
1873: 84,269,937
1573: 
1574: 568,1297,1729,1623,1105,1385
1575: 1141,558,1653,1260,1633,253,1552,578,1355,120,220,1440,491,2003,236,928,760,876,1804,1179,807
1576: 275,382,1180,140,1776,28
1577: 1737,1189,625,804,831,203,2018,901,1356,1840,493,506,1150,1558,1322,183,1514
1578: 1903,670,1479,1961,1045,251,1419,1540,956,1342,2019,1083,958,477,1781,1977,940,1520,180,1968,1128,1362,698,1568,179,1798
1579: 798,1964,1383,22,361,1997,946,1972,662,2004,263,833,1858,62
1731: 1279,678
1581: 
1582: 
2016: 1725,1381,1714,1295,597,1330,18,1713,479,1228,1924,206,1953,1724,701
1584: 
1824: 1697,653,1518,377,594,1095,573,1237,2006,494,1555,176,1303,358,732,564,362,1529,836
1811: 1608
1587: 448,1611,1934,2014,1300,1825,247,131,756,1938,1118,650,1901,1475,555
1588: 163,945,1280,83,949,2017,156,1740,1710,47,1079,1487,1429,863,123,1394,1210,1560,692,1774,1177,1752
1589: 827
1590: 1247,1239
1591: 1440,491,2003,426,236,928,760,1969,638,876,1179,1653,1633,253,578,1355,1417,220
1592: 33,626,223,1789,932
1593: 977,1488,680,231
1762: 769,13,2015,1965,1452,1138,1562,797,904,122,130,1957,1852,1401,718,98,1360
1595: 
1812: 
1597: 
1598: 1043,1216,1896,879,655,1091,1923,1167,333,2008,1736,1060,249,1042,208,1992,1783,100,1029,1061
1599: 1859,1895,1471,1256,414,293,1482,2012
1600: 
1756: 951,1071,1550,557
1602: 1244,1432,1204,1819,629,217,394,1993,307,109,916,1770,132,574,2000,302,1800,1712,685,1499,870,903,237,77
1867: 
1604: 
1605: 292,1491,917
1606: 660,535
1607: 1501
1608: 1404,1811
1927: 
1610: 26,1409,1019,86,314,193,2013,1745,582,1225,777,12
1611: 448,2014,1300,1825,1879,247,756,1938,1118,650,1901,1475,555,1587
1799: 713,1434,1769,924,1005,1787,1056,942,78,2001,1772,1062,390,1160,1902,939,933
1613: 
1614: 2009,503,1534,1483,403,178,1371,1166,1892,145,225,1528,1288,462,317,1049,727,1971,30,331
1615: 
1616: 
1982: 
1618: 
1919: 
1620: 111,323,1975
1621: 1187,287
1622: 769,13,2015,469,1965,1138,1562,797,72,904,416,122,1883,130,971,98,1360,267,862,1974
1623: 568,1297,1574,1729,675,1105,1385,893
1872: 580,614
1625: 1748,401,364,8,1733
1626: 
1627: 366,1754
1628: 336,1195,68,1743
1629: 
1831: 
1631: 584,1515,1290
1632: 
1633: 1141,1575,558,1653,1260,200,253,1552,578,1355,1417,120,220,1440,491,2003,426,236,928,1969,638,876,1804,1179,1591,807
1634: 
1635: 
1636: 
1637: 
1638: 209,700,1162,1369,1692,1510
1639: 1818
1640: 
1641: 1476,430,1214,811,221,1760,1554,697,590,1190,963,1116,335,2010,936,599,1494,298,1738,233,780,1024,1650,948,319,1250
1642: 355,603
1643: 1135
1644: 
1645: 1722
1646: 1734
1647: 1942,75,1022,593
1648: 731
1924: 1725,1381,1714,1295,597,1330,18,2016,1724
1650: 780,985,1446,473,1004,1024,816,170,948,1848,319,1250,1476,430,811,221,1554,697,590,1190,1116,1641,335,2010,936,599,1494,298,1738,233
1780: 
1652: 
1653: 1141,1575,558,1633,253,578,1355,120,220,1440,491,2003,426,236,928,760,1023,1969,1804,1179,1591
1654: 305,770,1566,171
1655: 
1656: 
1657: 107
1658: 988,1963
1659: 1865,387,1046,2002,1816,1339,296,1376,378,562,273,1308
1660: 743,452
1661: 
1662: 772
1663: 42,898
1664: 684,735,1732
1742: 1213,352,334,796,526
1860: 
2000: 307,339,109,916,1770,132,574,458,409,302,1800,1712,685,1244,1432,1204,1819,629,1602,217,394,1993,229,1015,1499,818,870,903,237,1728,77
1668: 76,1340,1146
1669: 
1670: 
1827: 
1672: 
1673: 1453
1674: 1887
1675: 
1676: 1315,1563,286,1032,947,1033,303,2005,1233,1407,1020,1243,370,239
1677: 112,1077,798,1964,1383,1124,22,1997,946,1972,662,2004,263,1858
1678: 
1679: 1791
1680: 1094,218,1226
1681: 63,188,1164
1682: 454,705
1683: 
1684: 365,54,1001,1318,669,1988,2007,1202,1837,81,785,134,1823,1052,1945
1739: 
1743: 68,336,1628,1195
1687: 
1688: 
1942: 75,1022,593,1647
1690: 163,945,1280,2017,1740,1710,1079,856,863,1394,1560,692
1966: 92,1932,1411
1692: 1638,209,700,1162,1369,1510
1969: 1440,491,2003,426,236,928,760,1023,1804,1179,1591,1653,1633,253,578,1355,220
1694: 787
1695: 
1696: 1130,32,1021
1697: 653,1518,377,594,1095,573,2006,494,1555,176,1000,1303,478,358,935,564,1824,362,1529,836
1698: 1130,32,1272,257,1021
1699: 
1700: 443
1701: 
1702: 1277,1845
1703: 
1704: 1829,1473
1705: 1434,1276,924,9,1056,942,78,2001,1062,114,45,261,1902,939,933
1706: 1468,656,1876,881
1707: 
1708: 1523,1284,1853,2011,1838,1469,184,1433,528,1103,1435
1709: 
1710: 163,945,1280,83,949,2017,156,1740,1588,47,1079,1690,1487,856,1429,863,123,1394,1210,1560,692
1882: 
1712: 307,109,1770,574,458,2000,302,1244,1432,1204,629,1602,217,1993,229,1015,1499,818,870,903,237,1728,77
1713: 1725,1381,1714,597,1330,18,479,2016,1228,206,1953,701
1714: 1725,1381,1295,597,1330,18,1713,479,2016,1228,1924,1953,1724
1715: 1481,1818
1716: 1447,445
1717: 
1718: 
1719: 1046,87,2002,666,1816,1339,296,129,1376,378,1240,562,499,273,1308,146
1720: 
1721: 672
1722: 1645
1765: 
1724: 1725,1381,1714,1295,597,1330,18,479,2016,1924,1953
1725: 1381,1714,1295,597,1330,18,1713,2016,1924,1724
1726: 
1727: 1996
1728: 237,77,574,2000,1712,1244,629,217,394,1993,1015,1499,818,870,903
1729: 568,1297,1574,1623,1105,1385,893