0: 
1: 
2: 584
1842: 
1695: 5
5: 1695
6: 988
7: 567,1828,86,1019,1541,777,141,1863,314,1570,12,2013,1409,663,227,1496,514,842,1265,1810,193,1225,1073,808,1857,58,582,26,1455,1338,1331
8: 341
9: 939,1345,1276,2001,1005,933,1056,713,1799,45,390,924,1772,1160,1185,261,942
10: 791,446,851
1781: 1968,1961,2019,855,1484,670,180,1099,435,1943,1977,251,1578,1479,1045,1520,1540,1342,1568,294,940,698,1903,1128,1419,786,1756,477,1249
12: 567,86,1019,1541,777,1221,141,1764,1863,7,2013,663,227,1610,514,842,1265,1224,1225,1073,808,58
13: 469,1401,1926,904,34,862,201,1883,72,1965,130,971,2015,1360,718,1562,1974,1138,1622,1452,532,267
14: 1782
15: 167,305,704,1504
16: 413,1266
17: 
18: 1295,206,1724,1725,2016,1228,1713,1924,479
19: 1373,116
1718: 551,1744
21: 
22: 361,833,1124,112,1579,2004,1077,1997,882,1964,662,1383,1858,1972
23: 1328,679,186,391
24: 1593,95
25: 1066,810,725,363,683,1743,1247,355
26: 567,1828,86,1541,141,7,2013,663,1496,514,842,1265,1810,193,1225,1073,808,1857,58,582,1455,1338,1331
27: 383,987
28: 627,1180,1576
1694: 436,1683
30: 1534,727,343,225,178,1288,2009,1371,462,331,317,503,1483,1049,1614,779,145,1166,1892,1971,1528
1703: 
32: 1117,1773
33: 932
34: 13,1401,904,862,201,1883,769,72,130,122,971,2015,1360,718,1138,1121
1852: 1622,1452,416,532,267,121,98,1957,1121,469,1926,904,862,2015,718,1974,1138
36: 
37: 
38: 
39: 983,455
40: 1680,218,1818
41: 1968,2019,1484,670,1099,1943,1362,251,179,1578,1479,1045,1568,294,698,1128,1083,477
42: 
43: 
1934: 756
45: 1345,1276,2001,1005,933,1056,713,1799,390,924,1062,9,78,1772,1160,1185,261,942,617
46: 
47: 2017,83,1752,1487,863,1263,163,1394,1181,856,1690
48: 1283,53,1251
49: 1029,1783,2008,1521,1275,208,1043,1216,879,1992,655,1736,1598,333,1257,249,1042,850
50: 
51: 1353,277,402
52: 1875
53: 1283,48,1251
54: 1408,365,1945,1823,408,463,669,1267,1013,2007,990,1001,1784,1318,134,1837,1052,785,1202,965,1341,1377,1186,1988,495,81,1684,687,222
55: 
56: 
57: 
58: 567,1828,86,1019,1541,777,141,1764,1863,1570,7,12,2013,663,227,1610,1496,514,842,1265,1224,1810,193,1225,1073,808,1857,582,26,1455,1338,1331
59: 
60: 905,76,1893
61: 
62: 1858,1972,798,1124,2004,1383
63: 1786
1794: 
65: 
66: 
1864: 
68: 
69: 
70: 
71: 586
72: 13,1401,904,34,862,201,1883,769,1965,130,122,971,2015,1360,718,1562
1735: 
74: 2011,136,1433,1795,874,528,611,1523,981,1853,1103,1838
75: 
76: 1893,1876,1706,60,905
77: 394,574,409,229,1015,1204,217,1993,629,1602,307,1800,2000,1819,916,870,1432,1770,1712,302,109
78: 1345,1276,2001,1787,713,45,924,1062,1772,261,617
1744: 551,1718
1746: 
81: 1408,365,1945,1823,408,463,669,1267,1013,2007,1784,134,785,1202,965,1341,54,1377,1186,222
82: 1431
83: 2017,1079,1319,1752,1860,1487,863,123,1263,1740,47,1394,1181,856,156,1690,1177
84: 
85: 1021,468
86: 567,1828,1019,1541,777,1221,141,1764,1863,314,1570,7,12,2013,663,227,1610,1496,514,842,1265,1224,1810,193,1225,1073,808,1857,58,582,26,1331
87: 1240,2002,1351,387,1865,666,1719,499,129,146,562,1308,1659,1921,273,378,1046
88: 
89: 366,978,464,1716,751
90: 
1966: 1803,1932
92: 1040
93: 
1737: 2018,183,831,844,1558,804,1577,1159,493,1840,1150,541,1189,699,506,682,1983
95: 1593,24
96: 
97: 645,1872
98: 1852,1622,1452,416,532,267,121,797,1957,1121,862,769,2015,718,1138
1750: 
100: 1029,1783,1923,1896,2008,208,929,1992,655,1736,1091,1061,1598,333,1042,850
1978: 719,927
2006: 1529,358,732,935,1697,1303,377,564,176,1000,362,1350,1824,1237,487,836,494,478,1518,1555,1095,653,594,573,934
103: 
1925: 175
105: 502
106: 
107: 
108: 754,1698
109: 1204,217,339,629,1499,1602,237,307,2000,458,685,870,1432,1770,635,1712,302,394,574,409,229,77,1015
1833: 
111: 
112: 361,833,1677,1124,1579,22,2004,1077,1997,882,1964,662,1383,1858,798,946,263
113: 
114: 939,1705,1434,2001,1005,933,1056,1769,1799,390,1062,1160,1185,261,942
115: 453,1613,177
116: 19,1373
117: 393,1605,1621
118: 1384,1729,1105,1385
1725: 1295,1953,206,1724,18,1330,597,1381,1714,2016,1228,701,1713,479
120: 1355,220,1591,1141,558,1969,2003,253,491,236,928,1575,1653,1260,1440,1417,200,1552,426
121: 1852,1622,1452,416,532,267,797,98,1957,1121,862,2015,718,1138
122: 1401,34,201,1883,769,72,1965,130,971,2015,1360,718,1562
123: 2017,1079,1560,949,83,1319,1860,1487,863,945,1429,1263,1181,856,1280,156,1690,1588,1177
124: 
125: 523,520
126: 708,1439
1775: 
128: 
129: 1240,2002,87,1351,387,1865,666,1719,499,146,562,296,1308,1659,1921,1816,378,1046,1339
130: 13,469,1401,1926,904,34,862,201,1883,769,72,1965,122,971,2015,1360,718,1562,1622,416,532,797,1957,1121
131: 1938,1300,448,1879,1587,650,2014,1118,1901,1215,247
132: 1993,339,1499,1602,237,307,1800,818,2000,458,685,1244,870,1770,635,1712,302
133: 471
134: 365,408,463,669,1267,2007,990,1784,54,1377,81,222
135: 
136: 2011,914,1284,270,313,1433,1795,1523,1853,1103,74,475,184
137: 
138: 
139: 
140: 884
141: 567,86,1019,1541,777,1221,1764,1863,7,12,2013,663,1610,1496,514,842,1224,1225,1073,808,1857,58,26
1963: 
143: 
144: 816,1446,1933,599,2010,948,811,170,473,1190,1641,1399,319,1123,1650,527,936,963,1738
145: 503,1483,1049,1614,779,1534,727,178,1288,2009,1371,30,317,403,1166,1892,1971,1528
146: 1240,2002,87,1351,387,1865,666,1719,499,129,562,296,1659,1816,273,378,535,1046,1339
1916: 1369
148: 
149: 290
150: 
151: 999
152: 1182,1130
1892: 403,1166,1971,1528,503,1483,1049,145,1534,727,178,1288,2009,1371,462,30,317
154: 1239,1006,1195
155: 492,1421,1296
156: 2017,692,1560,949,83,1319,1752,1860,1487,863,945,123,1740,1181,856,1177
157: 1012,995,735,1470,684,950
158: 
159: 
1957: 1852,1622,1452,416,532,121,797,98,1121,862,769,1965,130,2015,718,1562
161: 1531
162: 
163: 2017,1079,692,1752,1774,1263,1740,47,1710,1394,856,1280,1690,1210,1177
1810: 567,1828,86,1019,1541,1863,1570,7,2013,1409,663,227,1496,842,1265,193,1225,808,1857,58,582,26,1455,1338,1331
165: 1524,1098
166: 
167: 305,704,15,1504,1542
168: 
169: 459,1324
170: 221,780,816,1760,590,233,985,599,2010,948,811,473,1494,1190,1641,1399,298,1120,1123,1650,1554,1309,1476,1670,527,144,936,1738,1024,1250
171: 1055
172: 
173: 591
174: 
175: 1925
176: 1529,358,2006,732,935,1697,1303,377,564,1000,362,1350,1824,1237,487,836,494,478,1518,1095,934
177: 864,453,1613,115
178: 1534,727,343,225,1288,2009,1371,462,30,331,317,145,403,1892,1971,1528
179: 1968,2019,1484,670,180,1099,435,1943,1362,962,251,1578,1479,1045,1520,41,1342,1568,698,1128,1083
180: 1968,1781,1961,2019,855,1484,670,1099,435,1943,962,1977,251,179,1578,1045,1520,1540,1342,1568,294,940,1903,786,1756,477
181: 1227
182: 1508,675,1574
183: 618,2018,831,844,1737,1558,804,1577,1159,203,1840,1150,541,1189,506,682,1983,1514
184: 1435,1708,2011,914,1284,270,313,136,1795,1853,1103,1838,1469,475
185: 
186: 1328,679,391,23
1975: 1067,1011
188: 
2001: 939,1705,1345,1434,1276,1787,114,1005,933,1056,1769,713,1799,45,390,924,1062,9,78,1772,1160,1185,261,942,617
190: 1762
191: 1927,1913
192: 1424,1895,1948,293,1482,1599,2012,1763,730,1956,821,1332
193: 1828,86,1541,1863,314,7,2013,1409,227,1496,514,842,1265,1810,1225,808,1857,58,582,26,1455,1338,1331
194: 854,244,656,1199,526,1646
195: 
196: 
197: 
1995: 
199: 
200: 1633,1552,760,638,807,578,426,1355,1141,2003,253,491,236,928,1575,1653,1260,120,1417
201: 13,1401,904,34,1883,72,1965,130,122,971,2015,1360
202: 1450
203: 618,2018,183,831,844,1558,1027,804,1159,901,1322,493,1840,541,1189,699,1356,625
204: 
205: 
206: 1295,1953,1724,1725,18,1330,597,1381,1714,2016,1228,701,479
207: 
208: 1029,1783,1923,100,2008,1521,1275,1043,929,879,1992,655,1736,1060,1091,1167,1061,1598,333,49,1042,850
209: 
1826: 1846
211: 347
1753: 
213: 
1803: 1966,1932
1854: 
216: 
217: 1204,1993,629,1602,237,307,818,2000,903,1819,1728,1244,916,870,1432,635,1712,109,394,409,229,77,1015
218: 1680,1818,40
219: 
220: 1355,1591,558,1969,2003,253,491,236,1575,1260,1440,120,1417,1552,426,876
221: 780,1760,590,233,985,599,2010,948,170,430,1494,1190,298,1120,1123,1848,1554,1476
222: 1408,365,1945,1823,408,463,669,1267,1013,2007,990,1001,1784,1318,134,1837,1052,785,1202,965,1341,54,1377,1186,495,81,1684,687
223: 
224: 
225: 1534,727,343,178,1288,2009,1371,462,30,331,317,1614,779,1528
226: 476,1203,289,659
227: 567,1828,86,1019,1541,777,1221,1863,314,1570,7,12,2013,1409,663,1496,842,1265,1810,193,808,58,582
228: 566,381
229: 394,574,409,77,1015,1204,217,629,2000,903,1819,1728,916,870,1432,1712,109
230: 
231: 
232: 
233: 221,780,816,1760,590,985,599,2010,948,170,430,1494,1190,1641,298,1120,1848,1554,1309,1476,1670
234: 1087,1731
1906: 
236: 1355,220,1591,1141,558,1969,2003,253,491,928,1575,1653,1260,1440,120,1417,200,1633,1552,638,807,578,426,876
237: 1204,217,1993,339,1499,1602,307,1800,818,2000,458,903,1819,1728,1244,916,870,1432,132,635,1712,109
238: 1256,1895,1482,2012,1533,730,1471,414,351
239: 1407,1315,947,286,1233,1020,2005,1032,1033,303
240: 511,1849,967
1766: 632
242: 1313
1865: 1240,2002,87,1351,387,666,1719,129,146,562,296,1308,1659,1921,1816,273,378,1046,1339
244: 854,1679,841,656,1199,194,881,526,1646
245: 
246: 
247: 448,1587,650,2014,1118,1215,1825,1938,131,1300
248: 
249: 1042,850,1257,1783,2008,1521,1275,1043,1216,1992,655,1736,1598,333,49
250: 
251: 1968,1781,1961,2019,855,1484,670,180,1099,1943,1977,179,1578,1479,1045,1520,41,1540,1568,1903,1419,477
252: 
253: 1355,220,1591,1141,558,1969,2003,491,236,928,1575,1653,1260,120,1417,200,1633,578
254: 553,1999,1208
255: 1996,1097
256: 
257: 
258: 
259: 1912
1862: 
261: 939,1345,1434,1276,2001,1787,114,1005,933,1056,713,45,390,924,1062,9,78,1772,1160,1185
262: 
263: 946,798,361,833,1677,1124,112,2004,1077,1997,882,662
264: 
1884: 370,947,1940,1172,1233,1020,1563,2005,1191,1032,1033,1676,1243,303,1407,1315
266: 1765,790,696,1035
267: 1852,1622,1452,416,532,121,98,1121,13,469,1926,904,862,1883,1965,2015,718,1974,1138
268: 
269: 1827
270: 2011,914,1284,313,136,1433,1795,874,611,1523,981,1853,1103,1469,475,1435,184,1708
1774: 2017,1079,692,949,1319,1752,1429,1263,1740,163,1710,1394,856,1210,1588,1177
272: 
273: 1816,378,535,1046,1339,296,1240,2002,87,1351,387,1865,1719,499,146
274: 
275: 
276: 322
277: 1353,51,402,386
278: 
279: 922
1804: 1023,1633,1552,807,426,876,2003,491,1440,1417
281: 
282: 
1866: 
284: 1808,772,1427
1882: 
286: 370,947,2005,1191,1033,303,239,1407,1315
287: 
288: 1125
289: 1203,659,226,476
290: 149
1736: 1029,1783,1923,1896,100,2008,1521,1275,208,1043,929,879,1992,655,1060,1091,1167,1061,1598,333,49,249,1042,850
292: 1379,1644
293: 1424,1859,1895,1564,1948,192,1482,1599,2012,1763,1533,730,1956,821,1332,414
294: 958,1798,940,698,1903,1128,1419,786,1083,1756,477,1249,1968,1781,2019,1484,670,180,1943,1362,962,1578,1479,41,1540,1342,1568
295: 519,400,1734,1492
296: 562,1659,1921,273,378,1046,1339,2002,1351,1865,666,1719,129,146
297: 
298: 221,780,816,1760,590,233,985,599,2010,948,811,170,430,1494,1190,1120,1123,1848,1554,1309,1476,1670,1024,1250
299: 
300: 1768,1867
301: 
302: 1204,1993,629,1499,1602,307,1800,2000,458,685,1244,870,1770,132,635,1712,109,77,1015
303: 370,947,1172,286,1233,1020,2005,1191,1032,1033,1884,239,1407,1315
304: 
305: 167,704,15,1504,1542,1566
306: 
307: 1204,217,1993,339,629,1499,1602,237,1800,818,2000,458,685,1244,870,1432,1770,132,635,1712,302,109,409,77,1015
1938: 131,1300,448,1879,650,2014,1118,1901,1215,247
1869: 1422,1600
310: 
311: 
312: 
313: 2011,914,1284,270,136,1433,1795,611,1523,981,1853,1103,1469,475,1435,184,1708
314: 1828,86,1019,1541,777,1221,1863,7,2013,1409,227,1610,1496,514,842,193,808
1714: 1295,1953,206,1724,1725,1330,597,1381,2016,1228,701,1713,479
1993: 1204,217,629,1499,1602,237,307,1800,818,2000,685,1819,1728,1244,916,870,132,635,1712,302,77,1015
317: 1534,727,343,225,178,1288,2009,1371,462,30,331,503,1483,1049,1614,779,145,403,1166,1892,1971,1528
318: 799,1635
319: 816,1760,1446,1933,599,2010,948,811,473,1190,1641,1399,1650,1214,1554,1670,527,144,936,963,1738
320: 1700,1022
321: 1292
322: 276
323: 624
1902: 513
1733: 
326: 
1953: 1295,206,1724,1725,1330,597,1381,1714,2016,1228,701,479
1851: 
329: 509,382
330: 
331: 1534,343,225,178,1288,2009,1371,462,30,317,403,1971,1528
332: 
333: 1029,1783,1923,100,2008,1521,1275,208,1043,1216,879,1992,655,1736,1060,1091,1167,1061,1598,49,1257,249,1042,850
334: 720,796
335: 
1708: 1435,184,2011,914,1284,270,313,981,1853,1103,1469,475
337: 
338: 364,485,1721
339: 1204,1499,1602,237,307,818,2000,458,1728,1244,870,1432,1770,132,635,1712,109
340: 
341: 8
1976: 
343: 1534,727,225,178,1288,2009,1371,462,30,331,317,779,1166,1971
344: 
1719: 1240,2002,87,1351,387,1865,666,499,129,146,562,296,1308,1659,1921,273,378,1046,1339
1933: 816,1760,590,1446,2010,948,811,473,1190,1399,319,1123,1214,1309,1476,1670,527,144,936,963,1004,1024,1250
347: 211
1911: 1352,1447,892
349: 605,486,1664,1905,781
350: 1346,441
351: 1859,1564,1482,2012,1533,821,414,238
352: 1468,1213,619
1970: 
354: 
355: 1743,1268,1247,1066,810,25,725,363,683
356: 
357: 758
358: 1529,2006,732,1697,1303,377,176,362,1237,487
1796: 
360: 
361: 833,1677,1124,112,1579,22,2004,1077,1997,882,1964,662,1383,946,263
362: 1529,358,2006,732,935,1697,1303,377,564,176,1000,1350,1824,1237,487,494,1518,1095,934
363: 1066,810,25,725,683,1743,1268,1247,355
364: 338,1721
365: 1408,1945,1823,408,463,669,1013,2007,990,1001,1784,134,1837,1202,1341,54,1377,81,222
366: 445,89,978,464,1716,751
367: 603,1628,1954
368: 
369: 
370: 947,1172,286,1233,2005,1191,1032,1033,1884,303
1838: 2011,1284,1433,1795,874,528,611,981,1853,1103,74,1469,184
372: 764,524
1893: 76,1876,1706,60,905
374: 
1913: 1927,191
376: 
377: 1529,358,2006,732,935,1697,1303,564,176,1000,362,1824,1237,487,478,1095,653,934
378: 1816,273,535,1046,1339,562,296,1659,1240,2002,87,1351,387,1865,666,1719,499,129,146
379: 
1901: 448,1879,1475,555,1587,650,2014,1118,1215,1825,1938,131,1300
381: 566,228
382: 329,509
383: 987,27
384: 
1974: 13,469,1926,904,862,1883,2015,718,1138,1852,1622,1452,532,267
386: 277,402
387: 1240,2002,87,1351,1865,666,1719,499,129,146,562,1308,1659,1921,1816,273,378,1046
1713: 701,1924,479,1295,1724,1725,18,1714,2016,1228
389: 
390: 939,1276,2001,114,1005,933,1056,1769,713,1799,45,924,1062,9,1772,1160,1185,261,942
391: 1328,679,186,23
392: 
393: 1605,1621,117
394: 574,409,229,77,1015,1204,217,2000,903,916,1432,1712,109
395: 
396: 
1782: 14
1730: 472
399: 
400: 519,1734,295,1492
401: 762
402: 1353,277,51,386
403: 1166,1892,1971,1528,145,1534,178,1288,2009,1371,462,331,317
404: 1135,1142
405: 
406: 
1958: 913
408: 365,1945,1823,463,669,1267,1013,2007,1784,134,785,965,54,1377,1186,81,222
409: 394,574,229,77,1015,1204,217,629,307,2000,903,916,870,1432,1770,635,1712,109
410: 
411: 1445
412: 
413: 16,1266
414: 1859,1895,1564,1948,293,1482,1599,2012,1533,730,821,1471,1332,351,1256,238
415: 
416: 1852,1622,1452,532,267,121,797,98,1957,1121,469,1926,862,769,1965,130,2015,718,1562
417: 1256
418: 
419: 
420: 
1930: 1908,444,1193
1894: 1640
423: 
1937: 
425: 
426: 1023,200,1633,1552,1804,760,638,807,578,876,1355,220,1141,2003,491,236,928,1575,1440,120,1417
427: 
428: 
1956: 1424,1859,1895,1948,192,293,1482,1599,2012,1763,730,1471,1332
430: 221,780,1760,590,233,985,2010,948,1190,298,1120,1848,1309,1476
431: 608,1947,1223,860,1830
432: 
433: 
1939: 
435: 1968,1781,2019,670,180,1099,1943,1362,962,179,1578,1045,1520,1342,1568
436: 1694,1683
437: 
438: 1715
439: 
440: 703
441: 1346,350
1716: 751,366,89
443: 
444: 1193,1930,1908
445: 366,604,978,464
446: 791,10,851
447: 
448: 1611,1879,1475,555,1587,650,2014,1118,1901,1215,1825,1938,131,1300,247
449: 930
450: 1987
451: 
452: 
453: 1613,115,177
454: 1064,523,829,706,520,1092
455: 1785,983,39
456: 
457: 746,561,1152
458: 1204,339,629,1499,1602,237,307,1800,2000,685,1244,870,1770,132,635,302,109
459: 169
460: 1405,606
461: 1497,920,617
462: 1534,343,225,178,1288,2009,1371,30,331,317,779,403,1166,1892,1971,1528
463: 1408,365,1945,1823,408,669,1267,1013,2007,1001,1784,1318,134,1837,1052,785,1202,965,54,1377,1186,495,81,1684,687,222
464: 366,604,445,89,978
465: 
466: 616
1945: 1408,365,1823,408,463,669,1267,1013,2007,1001,1318,1837,1052,785,1202,965,1341,54,1377,1186,1988,495,81,1684,687,222
468: 85,1021
469: 13,1401,1926,904,862,1883,1965,130,2015,1360,718,1562,1974,1138,1852,1622,1452,416,532,267
470: 805
471: 133
472: 1608,1730
473: 816,1760,590,1446,1933,599,2010,948,811,170,1190,1641,1399,319,1123,1650,1214,1554,1476,1670,527,144,936,963,1738,1004,1024,1250
474: 
475: 2011,914,1284,270,313,136,1433,1795,1853,1103,1435,184,1708
476: 226,1203,289,659
477: 958,1798,294,940,698,1903,1128,1419,786,1083,1756,1249,1968,1781,2019,855,1484,670,180,1099,1943,1362,962,251,1578,1479,1045,41,1540,1342,1568
478: 836,494,1518,1555,1095,653,594,573,934,1529,2006,732,935,1303,377,176,1237,487
479: 701,1713,1295,1953,206,1724,1725,18,597,1381,1714,2016,1228
480: 
481: 
482: 
1710: 2017,1079,692,949,1429,1774,1740,163,1280,1210,1588,1177
1980: 1104
485: 338,1721
486: 605,1664,1905,349,781
487: 1529,358,2006,732,935,1303,377,176,362,1237,478,1518,1095,653,594,573,934
1879: 1611,448,1475,555,1587,650,2014,1118,1901,1215,1825,1938,131,1300
1787: 1345,1434,1276,2001,933,713,924,1062,78,1185,261
490: 
491: 1355,220,1591,1141,558,1969,2003,253,236,928,1575,1260,1440,120,1417,1023,200,1633,1552,1804,638,807,578,426,876
492: 1421,1296,155
493: 618,2018,844,1737,1558,1027,804,1159,203,901,1322,1840,541,1189,699,1356
494: 836,478,1518,1095,653,594,934,1529,2006,935,1303,564,176,1000,362,1350
495: 1408,1945,1823,463,2007,1001,1318,1052,785,1202,54,1186,1988,1684,687,222
496: 1448,1365,1702,765,1959
497: 
1968: 1781,2019,855,1484,670,180,1099,435,1943,1362,962,251,179,1578,1479,1045,1520,41,1540,1342,1568,294,940,698,1128,1419,786,1083,1756,477
499: 1240,2002,87,1351,387,666,1719,129,146,1308,1659,1816,273,378,1046
500: 
501: 
502: 105
503: 1483,1049,1614,779,145,1534,727,1288,2009,30,317,1166,1892,1971,1528
504: 
2010: 221,780,816,1760,590,233,985,1446,1933,599,948,811,170,430,473,1494,1190,1641,1399,319,298,1120,1123,1650,1848,1214,1554,1309,1476,1670,527,144,936,963,1738,1004,1116,1024,1250
506: 2018,183,831,844,1737,1558,804,1577,1159,1840,1150,1189,682,1983,1514
1759: 
1770: 1204,339,629,1499,1602,307,1800,2000,458,685,870,1432,132,635,1712,302,109,409,77,1015
509: 329,382
510: 
511: 240,1849,967
1697: 1529,358,2006,732,935,377,564,176,1000,362,1350,1824,1237
513: 1902,1067
514: 567,86,1541,777,141,1764,1863,314,7,12,2013,1610,1496,842,193,1225,1073,808,1857,58,26
515: 
516: 1096,688
517: 
518: 
519: 400,1734,295,1492
520: 1064,125,454,523
1849: 511,240,967
1977: 1781,1961,2019,855,1484,670,180,1099,1943,251,1520,1540,1342,1903,1419,786,1756
523: 1064,125,454,706,520,1092
524: 372,764
525: 
526: 854,1679,244,656,1199,194,881,1646
527: 816,590,1446,1933,2010,948,811,170,473,1190,1399,319,1123,1214,1476,1670,144,936,1738,1004,1116,1024,1250
528: 2011,1433,874,611,981,1103,74,1838,1469
529: 
530: 776
531: 
532: 1852,1622,1452,416,267,121,797,98,1957,1121,13,469,1926,904,862,1883,769,1965,130,971,2015,718,1562,1974,1138
533: 1278
534: 
535: 1816,273,378,1339,1240,2002,146
536: 1326
2003: 1355,220,1591,1141,558,1969,253,491,236,928,1575,1653,1260,1440,120,1417,1023,200,1633,1552,1179,1804,760,638,807,578,426,876
538: 
539: 1329
540: 1674
541: 618,2018,183,831,1737,1558,1027,804,1159,203,1322,493,1840,1150,1189,699
1789: 1592
543: 1850
544: 
1768: 1867,300
546: 
547: 1732
548: 
549: 1535,748
1997: 361,833,1677,1124,112,1579,22,2004,1077,882,1964,662,1383,1858,1972,798,946,263
551: 1718,1744
552: 
553: 254,1999,1208
554: 
555: 1611,448,1879,1475,1587,650,2014,1118,1901,1215,1825
556: 
557: 
558: 1355,220,1591,1969,2003,253,491,236,928,1575,1653,1260,1440,120,1417,1633,1552,876
559: 
560: 
561: 746,457,1152
562: 296,1308,1659,1921,378,1046,1339,2002,87,387,1865,666,1719,129,146
1727: 1297
564: 1529,2006,732,935,1697,1303,377,176,1000,362,1350,1824,494,1095
565: 
566: 228,381
567: 1828,86,1019,1541,777,1221,141,1764,1863,1570,7,12,2013,663,227,1610,514,842,1265,1224,1810,1225,1073,808,1857,58,582,26,1455
568: 
2013: 567,1828,86,1019,1541,777,1221,141,1764,1863,314,1570,7,12,1409,663,227,1610,1496,514,842,1265,1224,1810,193,1225,1073,808,1857,58,582,26,1455,1338,1331
570: 1607,1420
571: 728
572: 
573: 836,478,1518,1555,1095,653,594,934,2006,935,1303,1237,487
574: 394,409,229,77,1015,1204,629,2000,916,1432,109
575: 
576: 
1690: 2017,1079,83,1319,1752,1860,1487,863,123,1263,163,47,1394,1181,856,1280,1177
578: 1023,200,1633,1552,1179,760,638,807,426,876,2003,253,491,236,928,1575,1260,1417
579: 596,613
580: 1634,1550
1830: 608,1947,1223,860,431
582: 567,1828,86,1019,1541,1863,1570,7,2013,1409,663,227,1496,842,1265,1810,193,1225,1073,808,1857,58,26,1455,1338,1331
1910: 
584: 2
585: 1173
586: 71
587: 1340,1301
588: 897,1036,1104,906
1829: 
590: 221,780,816,1760,233,985,1933,599,2010,948,811,170,430,473,1190,1399,298,1120,1123,1214,1554,1309,1476,1670,527,1004,1116,1024,1250
591: 173
592: 
593: 
594: 836,494,478,1518,1555,1095,653,573,934,1529,2006,732,1303,1237,487
595: 
596: 579,613
597: 1295,1953,206,1724,1725,1330,1381,1714,2016,1228,701,479
598: 
599: 221,816,1760,590,233,2010,948,811,170,473,1494,1190,1641,1399,319,298,1120,1123,1650,1554,1476,144,936,1738
600: 1991,861
601: 
2012: 1424,1859,1895,1564,1948,192,293,1482,1599,1763,1533,730,1956,821,1471,1332,414,351,1256,238
603: 1590,1628,367,1954
604: 445,978,464
605: 486,1664,1905,349,781
606: 1405,460
607: 1122,1028
608: 1947,1223,860,431,1830
1929: 
610: 657,982
611: 2011,914,270,313,1433,1795,874,528,981,1853,1103,74,1838,1469
612: 
613: 579,596
614: 
615: 
616: 466
617: 1345,1276,2001,45,924,78,1772,920,461
618: 2018,183,831,844,1027,804,1159,203,901,1322,493,1840,541,1189,1356,1514,625
619: 1468,1213,352
620: 
621: 
622: 
1859: 1424,1895,1564,1948,293,1482,1599,2012,1533,730,1956,821,1471,414,351
624: 323
625: 1514,618,2018,831,844,1027,1159,203,901,1322,1189,1356
626: 
627: 28,1180
628: 
629: 1204,217,1993,1499,1602,307,1800,2000,458,685,1819,1244,916,870,1432,1770,635,1712,302,109,574,409,229,77,1015
630: 
631: 1425
632: 1766
633: 
634: 
635: 1204,217,1993,339,629,1499,1602,237,307,1800,818,2000,458,685,1728,1244,870,1432,1770,132,1712,302,109,409,1015
636: 959,1311
637: 1277,1922
638: 1023,200,1633,1552,1179,760,807,578,426,1141,2003,491,236,928,1575,1417
1855: 
1844: 
641: 1462,966
642: 775
643: 757
1712: 1204,217,1993,339,629,1499,1602,237,307,1800,818,2000,903,1819,1728,1244,916,870,1432,1770,132,635,302,109,394,409,229,77,1015
645: 97,1872
1920: 
1828: 567,86,1019,1541,1863,314,1570,7,2013,1409,663,227,1496,842,1265,1810,193,808,1857,58,582,26,1455,1331
1943: 1968,1781,1961,2019,855,1484,670,180,1099,435,1362,962,1977,251,179,1578,1479,1045,1520,41,1540,1342,1568,958,294,940,698,1903,1128,786,1083,1756,477
649: 
650: 1611,448,1879,1475,555,1587,2014,1118,1901,1215,1825,1938,131,1300,247
651: 
1922: 637,1078,1812
653: 836,494,478,1518,1555,1095,594,573,934,1529,2006,935,1303,377,1237,487
654: 
655: 1029,1783,1923,1896,100,2008,1521,1275,208,1043,1216,879,1992,1736,1061,1598,333,49,1257,249,1042,850
656: 854,244,1199,194,881,526,1646
657: 982,610
1795: 2011,914,1284,270,313,136,1433,874,611,1523,981,1853,1103,74,1838,1469,475,184
659: 1203,289,226,476
660: 1245
661: 
662: 361,833,1677,1124,112,1579,22,2004,1077,1997,882,1964,1383,1858,1972,798,946,263
663: 567,1828,86,1019,1541,141,1863,1570,7,12,2013,227,842,1265,1224,1810,1225,1073,808,1857,58,582,26,1455,1331
664: 
1921: 1308,1659,562,296,1046,2002,87,1351,387,1865,666,1719,129
666: 1240,2002,87,1351,387,1865,1719,499,129,146,562,296,1308,1659,1921,378,1046
1748: 762
668: 885
669: 1408,365,1945,1823,408,463,1267,2007,990,1001,1784,134,1837,1052,785,1202,965,1341,54,1377,1186,81,1684,687,222
670: 1968,1781,1961,2019,855,1484,180,1099,435,1943,1362,962,1977,251,179,1578,1479,1045,1520,41,1540,1342,1568,294,940,698,1903,1128,1419,786,1756,477
671: 1500
672: 
673: 1638,1556
1806: 
675: 1508,182,1574
676: 
677: 1248,1306,737
678: 
679: 1328,186,391,23
680: 
681: 
682: 2018,183,831,1737,1558,1577,1159,1840,1150,506,1983,1514
683: 1066,810,25,725,363,1247,355
684: 1012,995,157,735,1470,950
685: 1204,1993,629,1499,1602,307,1800,2000,458,1244,870,1770,132,635,302,109
686: 
687: 1408,1945,1823,463,669,1267,2007,990,1001,1784,1318,1837,1052,785,1202,965,54,1377,1186,1988,495,1684,222
688: 1096,516
689: 
690: 747
691: 
692: 2017,1079,1560,949,1319,1752,1860,1487,863,1429,1774,1263,1740,163,1710,1394,856,1280,156,1210,1588,1177
693: 
694: 
695: 1811,1404
696: 1035,266,790
697: 
698: 958,1798,294,940,1903,1128,1419,786,1083,1756,477,1968,1781,2019,1484,670,1943,1362,962,179,1578,1479,1045,41,1568
699: 2018,1737,1558,1027,804,1159,203,901,1322,493,1840,1150,541,1189
700: 
701: 1713,479,1295,1953,206,1724,1725,597,1714,2016,1228
2009: 1534,727,343,225,178,1288,1371,462,30,331,317,503,1483,1049,1614,779,145,403,1166,1892,1971,1528
703: 440
704: 167,305,15,1504,1566
705: 
706: 829,1064,454,523
707: 
708: 126,1439
709: 
710: 
711: 
712: 1805,1044
713: 939,1345,1434,1276,2001,1787,1005,933,45,390,924,1062,9,78,1160,1185,261,942
2011: 914,1284,270,313,136,1433,1795,874,528,611,1523,981,1853,1103,74,1838,1469,475,1435,184,1708
715: 
716: 
717: 
718: 13,469,1401,1926,904,34,862,1883,769,72,1965,130,122,971,2015,1360,1562,1974,1138,1852,1622,1452,416,532,267,121,797,98,1957,1121
719: 927,1978
720: 334,796
1941: 
722: 875,1282
723: 1515,1747
1773: 1117,32
725: 1066,810,25,363,683,1743,1268,1247,355
1887: 
727: 1534,343,225,178,1288,2009,1371,30,317,503,1483,1049,1614,779,145,1166,1892,1971,1528
728: 571
729: 
730: 1424,1859,1895,1564,1948,192,293,1482,1599,2012,1533,1956,821,1471,1332,414,1256,238
731: 852
732: 1529,358,2006,935,1697,1303,377,564,176,1000,362,1824,1237,487,478,1518,594,934
733: 
1717: 1087,1731
735: 1012,995,157,1470,684,950
1983: 2018,183,1737,1577,1840,1150,506,682
737: 1248,677
738: 
739: 
740: 822
741: 
1848: 221,780,233,985,2010,430,298,1120,1476
743: 1553
744: 
745: 
746: 561,457,1152
747: 690
748: 1535,549
749: 
750: 
751: 1716,366,89
752: 
753: 896
754: 108,1698
755: 
756: 1934
757: 643
758: 357
759: 793,977
760: 1023,200,1633,1179,638,807,578,426,2003
761: 
762: 1748,401
763: 887
764: 372,524
765: 496,1448,1365,1702,1959
766: 1688
1870: 
1700: 320,970,1022
769: 1401,1926,904,34,862,1883,72,1965,130,122,971,2015,718,1562,1138,1622,416,532,797,98,1957,1121
770: 1654
771: 1623,1347
772: 1808,1427,284
773: 1151,941
774: 1297
775: 642
776: 530
777: 567,86,1019,1541,1221,141,1764,1863,314,7,12,2013,227,1610,1496,514,842,1224,1225,1073,808,58
2015: 13,469,1401,1926,904,34,862,201,1883,769,72,1965,130,122,971,1360,718,1562,1974,1138,1852,1622,1452,416,532,267,121,797,98,1957,1121
779: 503,1483,1049,1614,145,1534,727,343,225,1288,2009,1371,462,30,317,1166
780: 221,816,1760,590,233,985,1446,2010,948,170,430,1494,1190,298,1120,1848,1554,1309,1476,1670
781: 605,486,1905,349
1769: 939,2001,114,1005,1056,1799,390,1160,942
783: 
784: 
785: 1408,1945,1823,408,463,669,1267,1013,2007,1001,1318,1837,1052,965,54,1186,1988,495,81,1684,687,222
786: 958,1798,294,940,698,1903,1128,1419,1756,477,1249,1968,1781,2019,855,1484,670,180,1943,1977,1479,1540,1342,1568
787: 1147,1515
1891: 
789: 
790: 266,696,1035
791: 10,446,851
792: 926,1231
793: 759,977
794: 
795: 
796: 720,334
797: 1622,416,532,121,98,1957,1121,862,769,130,971,2015,718,1562
798: 1858,62,1972,833,1677,1124,112,2004,1077,1997,662,1383,946,263
799: 318,1635
800: 
1761: 
1738: 963,816,599,2010,811,170,473,1641,1399,319,1650,527,144,936
803: 
804: 618,2018,183,831,844,1737,1558,1027,1577,1159,203,901,1322,493,1840,1150,541,1189,699,506
805: 470
806: 
807: 1023,200,1633,1552,1179,1804,760,638,578,426,876,1355,1141,2003,491,236,928,1575,1260,1417
808: 567,1828,86,1019,1541,777,1221,141,1764,1863,314,1570,7,12,2013,663,227,1610,1496,514,842,1265,1224,1810,193,1225,1073,1857,58,582,26
1699: 
810: 1066,25,725,363,683,355
811: 816,1760,590,985,1446,1933,599,2010,948,170,473,1190,1641,1399,319,298,1120,1123,1650,1214,1554,1309,1476,1670,527,144,936,963,1738,1004,1024,1250
812: 
813: 1767,1811,1404
814: 
815: 
816: 780,1760,590,233,1446,1933,599,2010,948,811,170,473,1494,1190,1641,1399,319,298,1120,1123,1650,1214,1554,1309,1476,1670,527,144,936,963,1738,1024,1250
817: 902,1536
818: 1204,217,1993,339,1499,1602,237,307,1800,2000,903,1819,1728,1244,916,870,1432,132,635,1712
819: 
820: 
821: 1424,1859,1895,1564,1948,192,293,1482,1599,2012,1533,730,1471,1332,414,351
822: 740
823: 
824: 1264
2017: 1079,692,1560,949,83,1319,1752,1860,1487,863,945,123,1429,1774,1263,1740,163,47,1710,1394,1181,856,1280,156,1690,1210,1588,1177
826: 
827: 
1757: 
829: 706,1064,454
830: 
831: 618,2018,183,844,1737,1558,1027,804,1577,1159,203,1322,1840,1150,541,1189,506,682,1514,625
832: 
833: 361,1677,1124,112,22,2004,1077,1997,662,1383,1858,798,946,263
834: 
1729: 118,1384
836: 494,478,1518,1555,1095,653,594,573,934,1529,2006,935,1303,176
837: 
1985: 
839: 
1984: 
841: 1679,244,881
842: 567,1828,86,1019,1541,777,1221,141,1764,1863,314,7,12,2013,1409,663,227,1610,1496,514,1265,1810,193,1225,1073,808,1857,58,582,26,1331
843: 1889,1051
844: 618,2018,183,831,1737,1558,804,1577,1159,203,901,1322,493,1840,1150,1189,506,1514,625
1955: 
1758: 
1702: 496,1448,1365,765,1959
2004: 361,833,1677,1124,112,1579,22,1077,1997,882,1964,662,1383,1858,62,1972,798,946,263
1816: 273,378,535,1046,1339,1240,2002,1351,387,1865,499,129,146
850: 249,1042,1029,1783,1896,100,2008,208,1043,1992,655,1736,1598,333,49
851: 791,10,446
852: 731
853: 1317
854: 244,656,1199,194,526,1646
855: 1968,1781,1961,2019,1484,670,180,1099,1943,1977,251,1479,1045,1520,1540,1903,1419,786,1756,477,1249
856: 2017,1079,692,1560,949,83,1319,1752,1860,1487,863,123,1429,1774,1263,1740,163,47,1394,1181,1280,156,1690,1210,1588,1177
857: 
858: 
1821: 1527,927
860: 608,1947,1223,431,1830,977
861: 1991,600
862: 13,469,1401,1926,904,34,1883,769,72,1965,130,971,2015,1360,718,1562,1974,1138,1852,1622,1452,416,532,267,121,797,98,1957,1121
863: 2017,1079,692,949,83,1319,1752,1860,1487,123,1263,1740,47,1394,1181,856,156,1690,1177
864: 1613,177
865: 
866: 
867: 
868: 
1950: 1385,1105
870: 1204,217,1993,339,629,1499,1602,237,307,1800,818,2000,458,685,1819,1728,1244,916,1432,1770,132,635,1712,302,109,409,229,77,1015
871: 1682
1740: 2017,1079,692,949,83,1319,1752,1860,1487,863,1429,1774,1263,163,1710,1394,1181,856,156,1210,1588,1177
873: 
874: 2011,270,1433,1795,528,611,1523,981,1103,74,1838
875: 722,1282,896
876: 1023,1633,1552,1804,807,578,426,1355,220,558,1969,2003,491,236,1575,1260,1440,1417
877: 
1785: 983,1655,455
879: 1029,1783,1923,2008,1521,1275,208,1043,1216,655,1736,1060,1091,1167,1061,333,49
880: 
881: 1679,841,244,656,1199,526,1646
882: 361,1677,1124,112,1579,22,2004,1077,1997,1964,662,1383,263
1972: 1858,62,798,1124,1579,22,2004,1077,1997,1964,662,1383
884: 140
885: 668
886: 
887: 763
1895: 1424,1859,1564,1948,192,293,1482,1599,2012,1763,1533,730,1956,821,1471,1332,414,1256,238
889: 
890: 1075
1709: 
892: 1352,1447,1911
893: 
894: 1306
1728: 1204,217,1993,339,1602,237,818,2000,903,1819,1244,916,870,1432,635,1712,229
896: 875,1282,753
897: 1036,1104,906,588
898: 1176,1136
899: 
1960: 
901: 618,2018,844,1027,804,1159,203,1322,493,699,1356,625
902: 817,1536
903: 1204,217,237,818,2000,1819,1728,916,1432,1712,394,409,229
904: 13,469,1401,1926,34,862,201,1883,769,72,1965,130,971,2015,1360,718,1562,1974,1138,1852,1622,1452,532,267,1121
905: 60,76,1893
906: 897,1036,1104,588
2007: 1408,365,1945,1823,408,463,669,1267,1013,990,1001,1784,1318,134,1837,1052,785,1202,965,1341,54,1377,1186,1988,495,81,1684,687,222
1853: 2011,914,1284,270,313,136,1433,1795,611,981,1103,74,1838,1469,475,1435,184,1708
909: 1780
1832: 
911: 1406,1395
912: 
913: 961,1958
914: 2011,1284,270,313,136,1433,1795,611,981,1853,1103,1469,475,1435,184,1708
1764: 567,86,777,1221,141,12,2013,1610,514,842,1224,1225,1073,808,58
916: 1204,217,1993,629,1602,237,818,2000,903,1819,1728,870,1432,1712,394,574,409,229,77,1015
917: 1559,1632
918: 
1959: 496,1448,1365,1702,765
920: 1772,617,461
1986: 
922: 279
923: 
924: 939,1345,1276,2001,1787,1005,933,1056,713,1799,45,390,1062,9,78,1772,1160,1185,261,942,617
925: 
926: 792,1231
927: 719,1821,1978
928: 1355,1141,558,2003,253,491,236,1575,1653,1260,120,1417,200,1633,638,807,578,426
929: 1029,1783,1923,1896,100,2008,208,1736,1060,1091,1167,1061
930: 449
1856: 1845
932: 33
933: 939,1705,1434,1276,2001,1787,114,1005,1056,713,45,390,924,1062,9,1160,1185,261,942
934: 836,494,478,1518,1555,1095,653,594,573,1529,2006,732,1303,377,176,362,1237,487
935: 1529,2006,732,1697,1303,377,564,176,1000,362,1350,1824,1237,487,836,494,478,1518,1095,653,573
936: 816,1446,1933,599,2010,948,811,170,473,1190,1399,319,1123,1650,1214,1670,527,144,963,1738,1004,1024,1250
937: 
938: 
939: 1705,1434,2001,114,1005,933,1056,1769,713,1799,390,924,1062,9,1160,1185,261,942
940: 958,1798,294,698,1903,1128,786,1083,1756,477,1968,1781,2019,1484,670,180,1943,1362,962,1578,1540,1342,1568
941: 773,1151
942: 939,2001,114,1005,933,1056,1769,713,1799,45,390,924,9,1160,1185
943: 1368
944: 
945: 2017,1560,1319,1860,123,156
946: 263,798,361,833,1677,1124,112,2004,1077,1997,662
947: 370,1172,286,1233,1020,1563,2005,1191,1032,1033,1884,1243,303,239,1407,1315
948: 221,780,816,1760,590,233,985,1446,1933,599,2010,811,170,430,473,1494,1190,1641,1399,319,298,1120,1123,1650,1214,1554,1309,1476,1670,527,144,936,1024,1250
949: 2017,1079,692,1560,1319,1860,863,123,1429,1774,1740,1710,856,156,1588,1177
950: 1012,995,157,735,1470,684
951: 
952: 
1807: 
954: 
1850: 543
956: 
957: 
958: 1798,294,940,698,1903,1128,1419,786,1083,1756,477,2019,1484,1943,1540,1342,1568
959: 1441,1311,636
1701: 
961: 913
962: 1968,2019,1484,670,180,1099,435,1943,1362,179,1578,1342,1568,294,940,698,1128,1083,1756,477
963: 1738,816,1446,1933,2010,811,473,1641,319,1650,144,936
964: 
965: 1945,1823,408,463,669,1267,1013,2007,785,54,1186,81,1684,687,222
966: 641,1462
967: 511,240,1849
968: 
969: 
970: 1386,1700,1022
971: 13,1401,904,34,862,201,1883,769,72,1965,130,122,2015,1360,718,1562,1138,1622,532,797,1121
1965: 13,469,1401,1926,904,862,201,1883,769,72,130,122,971,2015,1360,718,1562,1138,1622,1452,416,532,267,1957,1121
973: 
974: 1195
975: 
976: 
977: 793,759,860
978: 366,604,445,89,464
979: 1573
980: 
981: 2011,914,270,313,1433,1795,874,528,611,1853,1103,74,1838,1469,1708
982: 657,610
983: 1785,1655,455,39
984: 
985: 221,780,1760,590,233,2010,948,811,170,430,1190,298,1120,1123,1848,1214,1309,1476,1670,1116,1024,1250
986: 
987: 383,27
988: 6
1889: 843,1051
990: 1408,365,1823,669,2007,1001,1784,134,1837,1052,1341,54,1377,687,222
991: 
992: 
1999: 553,254,1208
994: 
995: 1012,157,735,1470,684,950
1797: 
997: 
1874: 
999: 151
1000: 1529,2006,732,935,1697,1303,377,564,176,362,1350,1824,1237,494,1095
1001: 1408,365,1945,1823,463,669,2007,990,1784,1318,1837,1052,785,1202,1341,54,1377,1186,1988,495,1684,687,222
1904: 
1003: 
1004: 1116,1024,1250,590,1933,2010,811,473,1190,1399,1123,1214,1670,527,936
1005: 939,1705,1434,1276,2001,114,933,1056,1769,713,1799,45,390,924,1062,9,1160,1185,261,942
1006: 154,1239,1195
1952: 1034,1081
1008: 
1009: 
1010: 
1011: 1975,1067
1012: 995,157,735,1470,684,950
1013: 365,1945,1823,408,463,1267,2007,1318,785,1202,965,54,1186,81,1684,222
1014: 
1015: 394,574,409,229,77,1204,217,1993,629,1602,307,2000,916,870,1432,1770,635,1712,302,109
1016: 
1017: 
1763: 1424,1895,1948,192,293,1599,2012,1956,1332
1019: 567,1828,86,1541,777,1221,141,1863,314,1570,7,12,2013,663,227,1610,1496,842,1265,1224,1810,1225,1073,808,58,582
1020: 947,1233,1563,2005,1191,1884,1676,303,239,1407,1315
1021: 85,468
1022: 320,1700,970
1023: 1633,1552,1179,1804,760,638,807,578,426,876,2003,491,1417
1024: 1004,1116,1250,816,590,985,1933,2010,948,811,170,473,1190,1399,298,1120,1123,1214,1309,1476,1670,527,936
1025: 1298,1048,1057
1026: 
1027: 618,2018,831,1558,804,1159,203,901,1322,493,541,1189,699,1356,625
1028: 1637,607
1029: 1783,1923,1896,100,2008,1275,208,1043,929,879,1992,655,1736,1060,1091,1061,1598,333,49,1042,850
1030: 
1903: 958,1798,294,940,698,1128,1419,786,1756,477,1249,1781,2019,855,1484,670,180,1943,1977,251,1479,1520,1540,1342,1568
1032: 370,947,1940,1172,1233,1563,2005,1191,1033,1884,1243,303,239,1315
1033: 370,947,1172,286,1233,1563,2005,1191,1032,1884,1243,303,239,1315
1034: 1952,1081
1035: 696,1765,266,790
1036: 897,1104,906,588
1741: 
1038: 
1863: 567,1828,86,1019,1541,777,1221,141,314,1570,7,12,2013,1409,663,227,1610,1496,514,842,1265,1224,1810,193,1225,1073,808,1857,58,582
1040: 92
1041: 
1042: 249,850,1257,1029,1783,1923,1896,100,2008,1521,1275,208,1043,1216,1992,655,1736,1598,333,49
1043: 1029,1783,1923,2008,1521,1275,208,1216,879,1992,655,1736,1061,1598,333,49,1257,249,1042,850
1044: 1805,712
1045: 1968,1781,1961,2019,855,1484,670,180,1099,435,1943,1362,251,179,1578,1479,1520,41,1540,1568,698,1128,1419,477
1046: 1816,273,378,1339,562,296,1308,1659,1921,1240,2002,87,1351,387,1865,666,1719,499,129,146
1047: 
1048: 1298,1025,1057
1049: 503,1483,1614,779,145,1534,727,1288,2009,1371,30,317,1166,1892,1971
1050: 
1051: 843,1889
1052: 1408,1945,1823,463,669,1267,2007,990,1001,1784,1837,785,1341,54,1377,1988,495,1684,687,222
1053: 
1054: 
1055: 171,1616
1056: 939,1345,1276,2001,114,1005,933,1769,1799,45,390,924,1062,9,1772,1160,1185,261,942
1057: 1298,1048,1025
1058: 
1059: 
1060: 1029,1923,2008,1521,1275,208,929,879,1736,1091,1167,1061,333
1061: 1029,1783,1923,1896,100,2008,1521,1275,208,1043,929,879,1992,655,1736,1060,1091,1167,1598,333
1062: 939,1434,1276,2001,1787,114,1005,933,1056,713,45,390,924,78,261
1875: 52
1064: 454,523,829,706,520
1936: 
1066: 810,25,725,363,683,1743,1247,355
1067: 1975,513,1011
1899: 
1069: 
1070: 
1071: 
1072: 
1073: 567,86,1019,777,1221,141,1764,1863,7,12,2013,663,1610,514,842,1265,1224,1225,808,1857,58,582,26
1074: 
1075: 890
1979: 
1077: 361,833,1677,1124,112,1579,22,2004,1997,882,1964,662,1383,1858,1972,798,946,263
1078: 1812,1922
1079: 2017,692,1560,949,83,1319,1752,1487,863,123,1429,1774,1263,1740,163,1710,1394,1181,856,1280,1690,1210,1588,1177
1080: 
1081: 1034,1952
1082: 
1083: 958,294,940,698,1128,1756,477,1968,2019,1943,1362,962,179,1578,41,1342,1568
1792: 1447
1973: 
2002: 1240,87,1351,387,1865,666,1719,499,129,146,562,296,1308,1659,1921,1816,273,378,535,1046,1339
1087: 1717,1731,234
1088: 
1089: 
1948: 1424,1859,1895,192,293,1482,1599,2012,1763,1533,730,1956,821,1471,1332,414
1091: 1029,1783,1923,100,2008,1521,208,929,879,1736,1060,1167,1061,333
1092: 454,523
1093: 
1094: 
1095: 836,494,478,1518,1555,653,594,573,934,1529,2006,935,1303,377,564,176,1000,362,1237,487
1096: 516,688
1097: 255,1996
1098: 1524,165
1099: 1968,1781,1961,2019,855,1484,670,180,435,1943,1362,962,1977,251,179,1578,1479,1045,1520,41,1540,1342,1568,1128,477
1100: 
1988: 1408,1945,1823,2007,1001,1318,1837,1052,785,54,1186,495,1684,687
1102: 
1103: 2011,914,1284,270,313,136,1433,1795,874,528,611,1523,981,1853,74,1838,1469,475,184,1708
1104: 1980,897,1036,906,588
1105: 118,1384,1950,1385
1106: 
1107: 
1108: 
1837: 1408,365,1945,1823,463,669,2007,990,1001,1784,1052,785,1341,54,1377,1988,687,222
1110: 
1111: 
1112: 
1944: 
1752: 2017,1079,692,83,1319,1487,863,1774,1263,1740,163,47,1394,1181,856,1280,156,1690,1210,1588,1177
1115: 1289
1116: 1004,1024,1250,590,985,2010,1190,1214,1309,1476,1670,527
1117: 1773,32
1118: 1611,448,1879,1475,555,1587,650,2014,1901,1215,1825,1938,131,1300,247
1883: 13,469,1401,1926,904,34,862,201,769,72,1965,130,122,971,2015,1360,718,1562,1974,1138,1622,1452,532,267,1121
1120: 221,780,816,1760,590,233,985,599,2010,948,811,170,430,1494,1190,298,1123,1848,1554,1309,1476,1024
1121: 1852,1622,1452,416,532,267,121,797,98,1957,904,34,862,1883,769,1965,130,971,2015,718,1562,1138
1122: 607
1123: 221,816,590,985,1933,599,2010,948,811,170,473,1190,1399,298,1120,1650,1214,1554,1309,1476,1670,527,144,936,1004,1024,1250
1124: 361,833,1677,112,1579,22,2004,1077,1997,882,1964,662,1383,1858,62,1972,798,946,263
1125: 288
1126: 
1127: 
1128: 958,1798,294,940,698,1903,1419,786,1083,1756,477,1968,1781,2019,1484,670,1099,1943,1362,962,179,1578,1479,1045,41,1342,1568
1905: 605,486,1664,349,781
1130: 152,1182
1131: 
1132: 
1133: 
1134: 
1135: 404,1142
1136: 898,1176,1488
1991: 861,600
1138: 13,469,1926,904,34,862,1883,769,1965,971,2015,718,1974,1852,1622,1452,532,267,121,98,1121
1139: 
1809: 
1141: 1355,1591,2003,253,491,236,928,1575,1653,120,200,638,807,426
1142: 1135,404
1143: 
1784: 1408,365,1823,408,463,669,2007,990,1001,134,1837,1052,1202,1341,54,1377,81,687,222
1696: 
1146: 
1147: 787
1148: 1220
2018: 618,183,831,844,1737,1558,1027,804,1577,1159,203,901,1322,493,1840,1150,541,1189,699,506,682,1356,1983,1514,625
1150: 2018,183,831,844,1737,1558,804,1577,1159,1840,541,1189,699,506,682,1983,1514
1151: 773,941
1152: 746,561,457
1153: 
1857: 567,1828,86,1541,141,1863,7,2013,1409,663,1496,514,842,1265,1810,193,1225,1073,808,58,582,26,1455,1338,1331
1155: 1662
2019: 1968,1781,1961,855,1484,670,180,1099,435,1943,1362,962,1977,251,179,1578,1479,1045,1520,41,1540,1342,1568,958,1798,294,940,698,1903,1128,1419,786,1083,1756,477,1249
1157: 
1158: 
1159: 618,2018,183,831,844,1737,1558,1027,804,1577,203,901,1322,493,1840,1150,541,1189,699,506,682,1356,1514,625
1160: 939,1705,1434,2001,114,1005,933,1056,1769,713,1799,45,390,924,9,1185,261,942
1161: 
1162: 
1840: 618,2018,183,831,844,1737,1558,804,1577,1159,203,1322,493,1150,541,1189,699,506,682,1983,1514
1164: 1538
1923: 1029,1783,1896,100,2008,1521,1275,208,1043,1216,929,879,655,1736,1060,1091,1167,1061,1598,333,1042
1166: 403,1892,1971,1528,503,1483,1049,779,145,1534,727,343,1288,2009,1371,462,30,317
1167: 1783,1923,2008,1521,1275,208,929,879,1736,1060,1091,1061,333
1168: 
1967: 
1786: 63
1171: 
1172: 370,947,1940,1233,1563,2005,1191,1032,1033,1884,1676,1243,303
1173: 585
1174: 
1175: 1425
1176: 898,1136,1488
1177: 2017,1079,692,1560,949,83,1319,1752,1860,1487,863,123,1429,1774,1263,1740,163,1710,1181,856,1280,156,1690,1210,1588
1940: 1172,1233,1563,2005,1032,1884,1676,1243
1179: 1023,1633,760,638,807,578,2003
1180: 28,627
1181: 2017,1079,1560,83,1319,1752,1860,1487,863,123,1263,1740,47,1394,856,1280,156,1690,1177
1182: 152,1130
1183: 
1184: 
1185: 939,1705,1434,1276,2001,1787,114,1005,933,1056,713,1799,45,390,924,9,1160,261,942
1186: 1945,1823,408,463,669,1267,1013,2007,1001,1318,785,1202,965,54,1988,495,81,1684,687,222
1187: 
1188: 
1189: 618,2018,183,831,844,1737,1558,1027,804,1159,203,1322,493,1840,1150,541,699,506,625
1190: 221,780,816,1760,590,233,985,1446,1933,599,2010,948,811,170,430,473,1399,319,298,1120,1123,1650,1214,1554,1309,1476,1670,527,144,936,1004,1116,1024,1250
1191: 370,947,1172,286,1233,1020,1563,2005,1032,1033,1884,1676,303,1407,1315
1192: 
1193: 444,1930,1908
1194: 
1195: 974,154,1006
1196: 
1197: 
1772: 1345,1276,2001,1056,1799,45,390,924,9,78,261,920,617
1199: 854,244,656,194,881,526,1646
1755: 
1201: 
1202: 1408,365,1945,1823,463,669,1013,2007,1001,1784,1318,1341,54,1377,1186,495,81,1684,687,222
1203: 289,659,226,476
1204: 217,1993,339,629,1499,1602,237,307,1800,818,2000,458,685,903,1819,1728,1244,916,870,1432,1770,635,1712,302,109,394,574,409,229,77,1015
1205: 
1987: 450
1822: 
1208: 553,254,1999
1209: 
1210: 2017,1079,692,1752,1774,1263,1740,163,1710,1394,856,1280,1588,1177
1211: 
1212: 
1213: 1468,619,352
1214: 816,1760,590,985,1446,1933,2010,948,811,473,1190,1399,319,1123,1309,1476,1670,527,936,1004,1116,1024,1250
1215: 1611,448,1879,1475,555,1587,650,2014,1118,1901,1938,131,1300,247
1216: 1783,1923,2008,1521,1275,1043,879,655,333,49,1257,249,1042
1217: 
1218: 1436
1885: 
1220: 1148
1221: 567,86,1019,1541,777,141,1764,1863,314,1570,12,2013,227,1610,842,1265,1224,1073,808
1222: 
1223: 608,1947,860,431,1830
1224: 567,86,1019,777,1221,141,1764,1863,12,2013,663,1610,1265,1225,1073,808,58
1225: 567,86,1019,1541,777,141,1764,1863,7,12,2013,663,1610,1496,514,842,1265,1224,1810,193,1073,808,1857,58,582,26,1455,1338,1331
1226: 
1227: 181
1228: 1295,1953,206,1724,1725,18,597,1381,1714,2016,701,1713,479
1760: 221,780,816,590,233,985,1446,1933,599,2010,948,811,170,430,473,1494,1190,1641,319,298,1120,1650,1214,1554,1309,1476,1670
1230: 
1231: 926,792
1232: 
1233: 370,947,1940,1172,1020,1563,2005,1191,1032,1033,1884,1676,1243,303,239,1407,1315
1234: 
1896: 1029,1783,1923,100,2008,929,1992,655,1736,1061,1598,1042,850
1236: 
1237: 1529,358,2006,732,935,1697,1303,377,176,1000,362,487,478,1518,1095,653,594,573,934
1876: 1706,76,1893
1239: 154,1006
1240: 2002,87,1351,387,1865,666,1719,499,129,146,1816,273,378,535,1046,1339
1241: 1745
1914: 
1243: 947,1940,1172,1233,1563,2005,1032,1033,1884,1676
1244: 1204,217,1993,339,629,1499,1602,237,307,1800,818,2000,458,685,1819,1728,870,132,635,1712,302
1245: 660
1246: 1502
1247: 1743,1268,355,1066,25,725,363,683
1248: 677,737
1249: 1798,294,1903,1419,786,1756,477,1781,2019,855,1484,1479
1250: 1004,1116,1024,816,590,985,1446,1933,2010,948,811,170,473,1190,1399,298,1123,1214,1309,1476,1670,527,936
1251: 1283,48,53
1252: 
1253: 
1800: 1204,1993,629,1499,1602,237,307,818,2000,458,685,1819,1244,870,1770,132,635,1712,302,77
1255: 
1256: 238,1895,2012,1533,730,1471,1332,414,417
1257: 249,1042,2008,1521,1275,1043,1216,655,333,49
1258: 
1259: 1261
1260: 1355,220,1591,558,1969,2003,253,491,236,928,1575,1653,1440,120,1417,200,1633,1552,807,578,876
1261: 1259
1262: 1791
1263: 2017,1079,692,1560,83,1319,1752,1860,1487,863,123,1774,1740,163,47,1394,1181,856,1280,1690,1210,1588,1177
1264: 824
1265: 567,1828,86,1019,1541,1221,1863,1570,7,12,2013,1409,663,227,842,1224,1810,193,1225,1073,808,1857,58,582,26,1455,1331
1266: 16,413
1267: 1945,408,463,669,1013,2007,134,1052,785,965,54,1377,1186,81,687,222
1268: 1743,1247,355,725,363
1912: 259
1270: 
1868: 
1272: 
1273: 
1274: 
1275: 1029,1783,1923,2008,1521,208,1043,1216,879,1992,655,1736,1060,1167,1061,333,49,1257,249,1042
1276: 1345,2001,1787,1005,933,1056,713,45,390,924,1062,9,78,1772,1185,261,617
1277: 637
1278: 533
1279: 
1280: 2017,1079,692,1560,1319,1752,1487,123,1429,1263,163,1710,1181,856,1690,1210,1588,1177
1281: 
1282: 875,722,896
1283: 48,53,1251
1284: 2011,914,270,313,136,1433,1795,1853,1103,1838,1469,475,1435,184,1708
1285: 
1961: 1781,2019,855,1484,670,180,1099,1943,1977,251,1045,1520,1540
1287: 1290,1510
1288: 1534,727,343,225,178,2009,1371,462,30,331,317,503,1483,1049,1614,779,145,403,1166,1892,1971,1528
1289: 1115
1290: 1287,1510
1291: 
1292: 321
1293: 
1294: 
1295: 1953,206,1724,1725,18,597,1381,1714,2016,1228,701,1713,1924,479
1296: 492,1421,155
1297: 774,1727
1298: 1048,1025,1057
1299: 
1300: 1938,131,448,1879,1587,650,2014,1118,1901,1215,247
1301: 1340,587
1302: 
1303: 1529,358,2006,732,935,377,564,176,1000,362,1237,487,836,494,478,1518,1555,1095,653,594,573,934
1954: 603,1590,1628,367
1767: 813,1811,1404
1306: 677,894
1307: 
1308: 1659,1921,562,1046,2002,87,1351,387,1865,666,1719,499,129
1309: 780,816,1760,590,233,985,1446,1933,2010,948,811,170,430,1190,298,1120,1123,1214,1554,1476,1670,1116,1024,1250
1310: 
1311: 959,636
1932: 1966,1803
1313: 242
1981: 
1315: 239,1407,947,286,1233,1020,1563,2005,1191,1032,1033,1884,303
1316: 
1317: 853
1318: 1408,1945,1823,463,1013,2007,1001,785,1202,1341,54,1186,1988,495,1684,687,222
1319: 2017,1079,692,1560,949,83,1752,1860,1487,863,945,123,1429,1774,1263,1740,1181,856,1280,156,1690,1588,1177
2014: 1611,448,1879,1475,555,1587,650,1118,1901,1215,1825,1938,131,1300,247
1321: 1839
1322: 618,2018,831,844,1558,1027,804,1159,203,901,493,1840,541,1189,699,1356,625
1918: 
1324: 169
1325: 
1326: 536
1327: 
1328: 679,186,391,23
1329: 539
1330: 1953,206,1724,1725,597,1381,1714,2016
1331: 1455,1338,1828,86,1541,1570,7,2013,1409,663,1496,842,1265,1810,193,1225,1857,58,582,26
1332: 1895,1948,192,293,1482,1599,2012,1763,1533,730,1956,821,1471,414,1256
1798: 958,294,940,698,1903,1128,1419,786,1756,477,1249,2019,1484,1479
1846: 1826
1335: 
1336: 
1337: 
1338: 1455,1331,1541,7,2013,1810,193,1225,1857,58,582,26
1339: 1816,273,378,535,1046,562,296,1240,2002,1865,1719,129,146
1340: 1301,587
1341: 1408,365,1945,1823,669,2007,990,1001,1784,1318,1837,1052,1202,54,1377,81,222
1342: 1968,1781,2019,1484,670,180,1099,435,1943,1362,962,1977,179,1578,1520,1540,1568,958,294,940,1903,1128,786,1083,1756,477
1343: 
1344: 1517
1345: 1276,2001,1787,1056,713,45,924,9,78,1772,261,617
1346: 441,350
1347: 1623,771
1348: 
1825: 1611,448,1879,1475,555,1587,650,2014,1118,1901,247
1350: 2006,935,1697,564,176,1000,362,1824,494
1351: 1240,2002,87,387,1865,666,1719,499,129,146,296,1308,1659,1921,1816,273,378,1046
1352: 1447,1911,892
1353: 277,51,402
1354: 
1355: 220,1591,1141,558,1969,2003,253,491,236,928,1575,1653,1260,1440,120,1417,200,1633,1552,807,426,876
1356: 618,2018,1027,1159,203,901,1322,493,625
1951: 1551
1358: 
1359: 
1360: 13,469,1401,1926,904,34,862,201,1883,72,1965,130,122,971,2015,718
1361: 
1362: 1968,2019,1484,670,1099,435,1943,962,179,1578,1479,1045,41,1342,1568,294,940,698,1128,1083,477
1707: 
1835: 
1365: 496,1448,1702,765,1959
1366: 
1367: 
1368: 943
1369: 1916
1370: 
1371: 1534,727,343,225,178,1288,2009,462,30,331,317,1483,1049,1614,779,145,403,1166,1892,1971,1528
1372: 
1373: 19,116
1996: 255,1097
1375: 
1376: 
1377: 1408,365,1945,1823,408,463,669,1267,2007,990,1001,1784,134,1837,1052,1202,1341,54,81,687,222
1747: 1515,723
1379: 292,1644
1724: 1295,1953,206,1725,18,1330,597,1381,1714,2016,1228,701,1713,479
1381: 1295,1953,206,1724,1725,1330,597,1714,2016,1228,479
1382: 
1383: 361,833,1124,112,22,2004,1077,1997,882,1964,662,1858,62,1972,798
1384: 118,1729,1105,1385
1385: 1950,118,1384,1105
1386: 970
1705: 939,1434,2001,114,1005,933,1160,1185
1388: 
1389: 1831
1971: 403,1166,1892,1528,503,1483,1049,145,1534,727,343,178,1288,2009,1371,462,30,331,317
1734: 519,400,295,1492
1392: 1652
1393: 
1394: 2017,1079,692,83,1752,1487,863,1774,1263,1740,163,47,1181,856,1690,1210
1395: 911,1406
1396: 
1722: 
1398: 
1399: 816,590,1933,599,2010,948,811,170,473,1190,319,1123,1650,1214,1476,1670,527,144,936,1738,1004,1024,1250
1791: 1262
1401: 13,469,1926,904,34,862,201,1883,769,72,1965,130,122,971,2015,1360,718,1562,1452
1908: 1930,444,1193
1403: 
1404: 1767,813,695,1811
1405: 606,460
1406: 911,1395
1407: 239,1315,947,286,1233,1020,2005,1191,1884,303
1408: 365,1945,1823,463,669,2007,990,1001,1784,1318,1837,1052,785,1202,1341,54,1377,1988,495,81,687,222
1409: 1828,1541,1863,314,1570,7,2013,227,1496,842,1265,1810,193,1857,582,1331
1410: 
1411: 
1412: 
1805: 712,1044
1414: 
1926: 13,469,1401,904,862,1883,769,1965,130,2015,1360,718,1562,1974,1138,1852,1622,1452,416,532,267
1845: 1856
1417: 1355,220,1591,558,1969,2003,253,491,236,928,1575,1260,1440,120,1023,200,1633,1552,1804,638,807,578,426,876
1808: 772,1427,284
1419: 958,1798,294,698,1903,1128,786,1756,477,1249,1968,1781,2019,855,1484,670,1977,251,1479,1045,1540,1568
1420: 1607,570,1500
1421: 492,1296,155
1422: 1600,1869
1992: 1029,1783,1896,100,2008,1275,208,1043,655,1736,1061,1598,333,49,249,1042,850
1424: 1859,1895,1948,192,293,1482,1599,2012,1763,730,1956,821
1425: 1175,631
1426: 
1427: 1808,772,284
1428: 
1429: 2017,1079,692,1560,949,1319,123,1774,1740,1710,856,1280,1588,1177
1430: 
1431: 82
1432: 1204,217,339,629,1602,237,307,818,2000,903,1819,1728,916,870,1770,635,1712,109,394,574,409,229,77,1015
1433: 2011,914,1284,270,313,136,1795,874,528,611,1523,981,1853,1103,74,1838,1469,475
1434: 939,1705,2001,1787,114,1005,933,713,1062,1160,1185,261
1435: 184,1708,2011,914,1284,270,313,1853,1469,475
1436: 1218
1437: 
1819: 1204,217,1993,629,1602,237,1800,818,2000,903,1728,1244,916,870,1432,1712,229,77
1439: 126,708
1440: 1355,220,1591,558,1969,2003,491,236,1575,1260,120,1417,1633,1552,1804,426,876
1441: 959
1815: 1682
1443: 
1444: 
1445: 411
1446: 780,816,1760,1933,2010,948,811,473,1190,1641,319,1650,1214,1554,1309,1476,1670,527,144,936,963,1250
1447: 1352,1792,1911,892
1448: 496,1365,1702,765,1959
1449: 
1450: 202
1451: 
1452: 1852,1622,416,532,267,121,98,1957,1121,13,469,1401,1926,904,862,1883,1965,2015,718,1562,1974,1138
1453: 
1698: 754,108
1455: 1338,1331,567,1828,1541,1570,7,2013,663,1265,1810,193,1225,1857,58,582,26
1917: 1888
1704: 
1458: 
1692: 
1460: 
2005: 370,947,1940,1172,286,1233,1020,1563,1191,1032,1033,1884,1676,1243,303,239,1407,1315
1462: 641,966
1463: 
1464: 
1465: 
1726: 
1754: 
1468: 1213,619,352
1469: 2011,914,1284,270,313,1433,1795,528,611,981,1853,1103,1838,1435,184,1708
1470: 1012,995,157,735,684,950
1471: 1859,1895,1948,1482,1599,2012,1533,730,1956,821,1332,414,1256,238
1472: 
1473: 
1745: 1241
1475: 1611,448,1879,555,1587,650,2014,1118,1901,1215,1825
1476: 221,780,816,1760,590,233,985,1446,1933,599,2010,948,811,170,430,473,1190,1399,298,1120,1123,1848,1214,1554,1309,1670,527,1116,1024,1250
1477: 
1478: 
1479: 1968,1781,2019,855,1484,670,1099,1943,1362,251,179,1578,1045,41,1540,1568,1798,294,698,1903,1128,1419,786,1756,477,1249
1947: 608,1223,860,431,1830
1481: 1658
1482: 1424,1859,1895,1564,1948,192,293,1599,2012,1533,730,1956,821,1471,1332,414,351,238
1483: 503,1049,1614,779,145,1534,727,1288,2009,1371,30,317,1166,1892,1971,1528
1484: 1968,1781,1961,2019,855,670,180,1099,1943,1362,962,1977,251,179,1578,1479,1045,1520,41,1540,1342,1568,958,1798,294,940,698,1903,1128,1419,786,1756,477,1249
1915: 
1858: 62,1972,798,833,1124,112,22,2004,1077,1997,1964,662,1383
1487: 2017,1079,692,1560,83,1319,1752,1860,863,123,1263,1740,47,1394,1181,856,1280,156,1690,1588,1177
1488: 1176,1136
1489: 
1490: 
1491: 
1492: 519,400,1734,295
1493: 
1494: 221,780,816,1760,233,599,2010,948,170,1641,298,1120,1650,1554
1495: 
1496: 1828,86,1019,1541,777,141,1863,314,7,2013,1409,227,1610,514,842,1810,193,1225,808,1857,58,582,26,1331
1497: 461
1498: 
1499: 1204,1993,339,629,1602,237,307,1800,818,2000,458,685,1244,870,1770,132,635,1712,302,109
1500: 1420,671
1501: 
1502: 1246
1503: 
1504: 167,305,704,15,1542,1566
1505: 
1839: 1321
1507: 
1508: 182,675,1574
1509: 
1510: 1290,1287
1888: 1917
1512: 
1969: 1355,220,1591,558,2003,253,491,236,1260,1440,120,1417,1552,876
1514: 625,618,2018,183,831,844,1558,1577,1159,1840,1150,506,682
1515: 1747,723,787
1516: 
1517: 1344
1518: 836,494,478,1555,1095,653,594,573,934,1529,2006,732,935,1303,176,362,1237,487
1783: 1029,1923,1896,100,2008,1521,1275,208,1043,1216,929,879,1992,655,1736,1091,1167,1061,1598,333,49,249,1042,850
1520: 1968,1781,1961,2019,855,1484,670,180,1099,435,1943,1977,251,179,1578,1045,1540,1342,1568,1903,1756
1521: 1783,1923,2008,1275,208,1043,1216,879,655,1736,1060,1091,1167,1061,333,49,1257,249,1042
2008: 1029,1783,1923,1896,100,1521,1275,208,1043,1216,929,879,1992,655,1736,1060,1091,1167,1061,1598,333,49,1257,249,1042,850
1523: 2011,270,313,136,1433,1795,874,1103,74
1524: 1098,165
1525: 
1526: 
1527: 1821
1528: 403,1166,1892,1971,503,1483,1614,145,1534,727,225,178,1288,2009,1371,462,30,331,317
1529: 358,2006,732,935,1697,1303,377,564,176,1000,362,1824,1237,487,836,494,478,1518,1095,653,594,934
1530: 
1531: 161
1532: 1543
1533: 1859,1895,1564,1948,293,1482,1599,2012,730,821,1471,1332,414,351,1256,238
1534: 727,343,225,178,1288,2009,1371,462,30,331,317,503,1483,1049,1614,779,145,403,1166,1892,1971,1528
1535: 549,748
1536: 817,902
1537: 1643
1538: 1164
1823: 1408,365,1945,408,463,669,1013,2007,990,1001,1784,1318,1837,1052,785,1202,965,1341,54,1377,1186,1988,495,81,1684,687,222
1540: 1968,1781,1961,2019,855,1484,670,180,1099,1943,1977,251,1578,1479,1045,1520,1342,1568,958,294,940,1903,1419,786,1756,477
1541: 567,1828,86,1019,777,1221,141,1863,314,1570,7,12,2013,1409,663,227,1610,1496,514,842,1265,1810,193,1225,808,1857,58,582,26,1455,1338,1331
1542: 1566,167,305,1504
1543: 1532
1732: 547
1545: 
1546: 
1547: 
1548: 
1818: 1680,218,40
1550: 1634,580
1551: 1951
1552: 1023,200,1633,1804,638,807,578,426,876,1355,220,558,1969,2003,491,236,1575,1260,1440,120,1417
1553: 743
1554: 221,780,816,1760,590,233,1446,599,2010,948,811,170,473,1494,1190,1641,319,298,1120,1123,1650,1309,1476,1670
1555: 836,478,1518,1095,653,594,573,934,2006,1303
1556: 673,1638
1557: 
1558: 2018,183,831,844,1737,1027,804,1577,1159,203,1322,493,1840,1150,541,1189,699,506,682,1514
1559: 917
1560: 2017,1079,692,949,1319,1860,1487,945,123,1429,1263,1181,856,1280,156,1588,1177
1561: 
1562: 13,469,1401,1926,904,862,1883,769,72,1965,130,122,971,2015,718,1622,1452,416,532,797,1957,1121
1563: 947,1940,1172,1233,1020,2005,1191,1032,1033,1884,1676,1243,1315
1564: 1859,1895,293,1482,2012,1533,730,821,414,351
1836: 
1566: 1542,305,704,1504
1721: 338,364,485
1568: 1968,1781,2019,1484,670,180,1099,435,1943,1362,962,251,179,1578,1479,1045,1520,41,1540,1342,958,294,940,698,1903,1128,1419,786,1083,1756,477
1964: 361,1677,1124,112,1579,22,2004,1077,1997,882,662,1383,1858,1972
1570: 567,1828,86,1019,1541,1221,1863,7,2013,1409,663,227,1265,1810,808,58,582,1455,1331
1990: 
1873: 
1573: 979
1574: 1508,182,675
1575: 1355,220,1591,1141,558,2003,253,491,236,928,1653,1260,1440,120,1417,200,1633,1552,638,807,578,426,876
1576: 28
1577: 2018,183,831,844,1737,1558,804,1159,1840,1150,506,682,1983,1514
1578: 1968,1781,2019,1484,670,180,1099,435,1943,1362,962,251,179,1479,1045,1520,41,1540,1342,1568,294,940,698,1128,1083,1756,477
1579: 361,1677,1124,112,22,2004,1077,1997,882,1964,662,1972
1731: 1717,1087,234
1581: 
1582: 
2016: 1295,1953,206,1724,1725,18,1330,597,1381,1714,1228,701,1713,1924,479
1584: 
1824: 1529,2006,732,935,1697,377,564,176,1000,362,1350
1811: 1767,813,695,1404
1587: 1611,448,1879,1475,555,650,2014,1118,1901,1215,1825,131,1300,247
1588: 2017,1079,692,1560,949,1319,1752,1487,123,1429,1774,1263,1740,1710,856,1280,1210,1177
1589: 
1590: 603,1681,1954
1591: 1355,220,1141,558,1969,2003,253,491,236,1575,1653,1260,1440,120,1417
1592: 1789
1593: 95,24
1762: 190
1595: 
1812: 1078,1922
1765: 266,1035
1598: 1029,1783,1923,1896,100,2008,208,1043,1992,655,1736,1061,333,49,249,1042,850
1599: 1424,1859,1895,1948,192,293,1482,2012,1763,1533,730,1956,821,1471,1332,414
1600: 1422,1869
1756: 958,1798,294,940,698,1903,1128,1419,786,1083,477,1249,1968,1781,2019,855,1484,670,180,1943,962,1977,1578,1479,1520,1540,1342,1568
1602: 1204,217,1993,339,629,1499,237,307,1800,818,2000,458,685,1819,1728,1244,916,870,1432,1770,132,635,1712,302,109,77,1015
1867: 1768,300
1604: 
1605: 393,1621,117
1606: 
1607: 570,1420
1608: 472
1927: 191,1913
1610: 567,86,1019,1541,777,1221,141,1764,1863,314,12,2013,1496,514,842,1224,1225,1073,808,58
1611: 448,1879,1475,555,1587,650,2014,1118,1215,1825
1799: 939,2001,114,1005,1056,1769,45,390,924,9,1772,1160,1185,942
1613: 864,453,115,177
1614: 503,1483,1049,779,145,1534,727,225,1288,2009,1371,30,317,1528
1615: 
1616: 1055
1982: 
1720: 
1919: 
1620: 
1621: 393,1605,117
1622: 1852,1452,416,532,267,121,797,98,1957,1121,13,469,1926,904,862,1883,769,1965,130,971,2015,718,1562,1974,1138
1623: 771,1347
1872: 97,645
1625: 
1626: 
1627: 
1628: 603,367,1954
1629: 
1831: 1389
1631: 
1632: 917
1633: 1023,200,1552,1179,1804,760,638,807,578,426,876,1355,558,2003,253,491,236,928,1575,1260,1440,1417
1634: 580,1550
1635: 318,799
1636: 
1637: 1028
1638: 673,1556
1639: 
1640: 1894
1641: 816,1760,233,1446,599,2010,948,811,170,473,1494,319,1650,1554,144,963,1738
1642: 
1643: 1537
1644: 292,1379
1645: 
1646: 854,244,656,1199,194,881,526
1647: 
1648: 
1924: 1713,1295,18,2016
1650: 816,1760,1446,599,2010,948,811,170,473,1494,1190,1641,1399,319,1123,1554,144,936,963,1738
1780: 909
1652: 1392
1653: 1355,1591,1141,558,2003,253,236,928,1575,1260,120,200
1654: 770
1655: 1785,983
1706: 1876,76,1893
1657: 
1658: 1481
1659: 1308,1921,562,296,378,1046,2002,87,1351,387,1865,666,1719,499,129,146
1660: 
1661: 
1662: 1155
1663: 
1664: 605,486,1905,349
1742: 
1860: 2017,692,1560,949,83,1319,1487,863,945,123,1263,1740,1181,856,156,1690,1177
2000: 1204,217,1993,339,629,1499,1602,237,307,1800,818,458,685,903,1819,1728,1244,916,870,1432,1770,132,635,1712,302,109,394,574,409,229,77,1015
1668: 
1669: 
1670: 780,816,1760,590,233,985,1446,1933,2010,948,811,170,473,1190,1399,319,298,1123,1214,1554,1309,1476,527,936,1004,1116,1024,1250
1827: 269
1672: 
1673: 
1674: 540
1675: 
1676: 1940,1172,1233,1020,1563,2005,1191,1884,1243
1677: 361,833,1124,112,1579,2004,1077,1997,882,1964,662,798,946,263
1715: 438
1679: 841,244,881,526
1680: 218,1818,40
1681: 1590
1682: 871,1815
1683: 1694,436
1684: 1945,1823,463,669,1013,2007,1001,1318,1052,785,1202,965,54,1186,1988,495,687,222
1739: 
1743: 1268,1247,355,1066,25,725,363
1687: 
1688: 766
1942: 