0: 
1: 
2: 
1842: 
1687: 
5: 1592,1388
6: 1925,1102
7: 582,2013,1019,1224,1745,26,1863,1221,1455,86,141,777,12,1338,514,1828,1331,1265,663,1764,1073,1496,1610,1810,58,567,314,1225,227,808,1570,1857
8: 873,546,1833,579,445,496,762
9: 114,1005,45,920,1787,942,1421,939,933,2001,1185,1769
10: 118,691,288
1781: 294,2019,1419,698,1038,1128,41,958,1484,786,477,1756,1578,1362,435,1342,1540,1099
12: 582,2013,1561,1745,7,26,1863,842,1409,1455,777,1338,514,1828,1331,1764,1496,1610,1810,58,314,227,1570,1857
13: 1852,34,1944,201,532,2015,1957,1883,718,938,1926,1562,122,1138,1965,1246,820,1622,98
14: 
15: 
16: 
17: 
18: 701,1725,1295,1724,2016,1924,479,1714,1228,597,1953,1713,1381
19: 
1718: 
21: 
22: 263,1124,112,747,2004,1972,1077,1677,662,1858,1383
23: 
24: 793,431,59,860
25: 1147
26: 582,2013,1561,1745,7,1863,842,1409,1221,1455,86,1541,12,1338,1331,1265,663,1764,1610,1810,58,1225,227,1570,1857
27: 1960,205
28: 1164,1366
1694: 
30: 145,1892,427,2009,317,1614,1371,1971,779,403,727,1534,1205,503,1288,178,756,1049,331
1703: 1655,794,395
32: 1130,1321,553,139,1040,1208
33: 310,1932
34: 1121,1852,1974,1944,201,532,2015,1957,1883,718,469,938,1926,1562,13,1138,902,1246,1622,98,130,904
1852: 1121,1974,416,34,201,2015,1957,862,1883,718,469,938,72,719,1562,1464,13,1138,902,1622,130,971,904
36: 1462
37: 
38: 607
39: 926,401
40: 
41: 1903,2019,1419,698,1038,1128,1781,958,1484,786,477,251,1756,1578,1362,1568,855,1479,435,1540,1045,1977,1099,1798,1595,179
42: 898,1758
43: 
1934: 
45: 114,1005,9,261,920,1787,1434,942,933,2001,1772,1185,1769,304
46: 
47: 1589,1181,1774,1263,1487,2017,1280,123,1710,945,1690,1394,1079,83,856,692,156
48: 1929,1426,1647,744,423,320
49: 1521,1216,2008,266,1923,1043,1029,1598,249,1736,1091,208,100,1061,879,1896,1275,1992
50: 
51: 518,1192,1789
52: 1930
53: 
54: 1267,687,365,669,785,134,1784,1202,1341,2007,81,1186,965,990,1684,1408,1318,1988
55: 
56: 
57: 1922,792,987
58: 582,2013,1019,1224,1561,1745,7,26,1863,842,1409,1221,1455,86,141,777,12,1338,514,1828,1331,1265,663,1764,1073,1496,1610,1810,567,314,1225,227,808,1570,1857
59: 24
60: 761,1646
61: 
62: 833,946,263,1124,112,747,2004,1972,1964,1077,882,1677,1579,662,361,1858,1997,1383,798
63: 
1794: 
65: 
66: 890,301
1864: 476,867,906,1980,897,246,1450,1078,1428,1637,1277,1805,1028,1036,1218
68: 826,1747
69: 1298,1792,1223
70: 1370
71: 1537
72: 1121,1852,1974,416,2015,862,1452,1883,718,769,719,902,267,1622,130,971,904
1735: 1846
74: 611,2011,1433,874,1838,1469,528,270,1853,1103,1284,475
75: 
76: 796,278
77: 1015,916,870,237,307,2000,1819,1993,458,1499,1053,302,1800,903,1168,339,574,818,394,635,229,1602,109,409,1770,1728,1244,685,217,629,1204
78: 713,2001,1799,1160,1056,1276
1744: 454,1887
1746: 1514,1577,506,1983,541,1840,699,804,2018,203,625,1159,1750,844,1545,1737,1322
81: 1267,54,687,365,669,785,134,1784,1202,1341,2007,1186,463,965,990,1684,1408,1945,408,495,1318,1837,1988
82: 
83: 1589,1177,1181,1774,1263,1487,2017,1280,123,47,1710,945,1210,1690,1394,1079,856,949,163,1560,1319,1429,1752,1740
84: 1975,1902,111
85: 1766,152,539,1546,1021
86: 582,2013,1019,1561,1745,7,26,1409,1221,777,1541,1338,1331,1265,1610,1810,58,1225
87: 1816,2002,1865,296,172,1240,273,1719
88: 
89: 
90: 
1966: 
92: 686
93: 
1737: 1150,183,844,1545,1322,1746,1514,506,1983,541,1840,699,2018,625,1159,1750
95: 575,1854
96: 
97: 
98: 121,1121,1974,416,34,1944,201,1158,2015,1957,1883,718,769,719,1926,1562,1464,13,1138,797,267,1246,820,1622,130,904
1750: 1746,1027,1514,1577,506,1983,541,1840,699,804,2018,203,625,1159,1150,183,831,844,1545,1737,1322,1558
100: 1521,1216,2008,266,1923,655,49,1043,1598,1736,333,1091,208,1257,1061,879,1896,1275,1992,929
1978: 
2006: 264,1555,573,1350,478,561,1152,362,934,487,732,935,653,1697,1303,494,377,836,1095,1529,594,1000,1237,1518,358,1824,335,176
103: 
1925: 1102,6
1662: 171,704
106: 
107: 
108: 1766,152,1182,539,1021
109: 1602,409,1770,132,1728,1244,685,217,629,1204,635,229,237,2000,1993,458,77
1833: 873,843,546,579,445,8,496,321,762
111: 1975,1902,84
112: 833,946,263,1124,747,2004,1972,1077,1677,62,1579,662,1858,1997,22,1383,798
113: 763,1359
114: 1005,9,45,261,920,1787,1434,942,939,933,2001,617,1185,1769,304
115: 1504,167
116: 
117: 1193
118: 10,691,288
1725: 1330,701,18,1295,1724,2016,1924,479,1714,1228,597,1953,1713,1381
120: 491,253,426,760,1179,2003,262,1969,1023,876,928,200,1141,558,1633,638,236,807,1653,1355,1591
121: 1121,1974,416,1944,201,1158,2015,1957,862,1883,718,469,769,719,1562,1464,122,1360,797,1965,1606,267,1246,820,1622,98,971,904
122: 121,1974,1944,201,1158,532,2015,1957,1883,469,1562,1464,13,797,1965,1606,1246,820,1622
123: 1589,1181,1774,1263,1487,2017,1280,47,1710,945,1394,1079,83
1673: 151
125: 824,158,1306
126: 250,621
1775: 
128: 
129: 
130: 1121,1852,1974,416,34,1158,2015,862,1883,718,938,72,719,1562,1138,902,267,1246,1622,98,971,904
131: 1215,247,1587,2014,1938,1879,555,1300,1825,803
132: 1602,109,409,1770,1728,1244,685,217,1204,635,1015,1432,870,237,2000,1993,458,1053,302,1800
133: 1044,1104
134: 1267,54,687,365,669,785,1784,1202,1341,2007,81,1186,463,965,990,1684,1408,1318,1988
135: 
136: 313,2011,1433,874,1838,1469,528,270,1853,184,1284,1435,1523,1708,981
137: 
138: 
139: 1130,1321,553,32,1040,1208
140: 
141: 582,2013,1019,1224,7,1863,1221,777,514,1331,1764,1073,1496,1810,58,567,314,1225,1857
1963: 1439,738
143: 1830,1936
144: 1554,298,1760,590,599,1004,1190,1476,1250,1214,2010,1116,936,1641,811,780,1933,1309,527,233,1024,319,1399,1120,1446,1848
145: 1892,427,30,462,2009,343,317,1614,1371,779,1534,1205,503,1288,1166,1528,178,756,331
146: 666,378,1816,1046,1351,2002,1865,1308,1659,499,535,1339,296,562,1240,273,1791,1921,387,1719
1916: 
148: 
149: 1220,231
150: 695,457,1404
151: 1673
152: 1766,1182,108,539,85,1546,1021
1892: 145,427,30,462,2009,317,1371,1971,779,403,727,1534,1205,178,756,1049,331
154: 1066
155: 1929,1426,1647,423,320
156: 1589,1181,1774,1487,2017,1280,47,1710,945,1210,1690,1394,1079,856,1588,692,949,163,1752,1740
157: 
158: 125,824,1306
159: 937,1074
1957: 121,1121,1852,1974,416,34,1944,201,1158,532,2015,862,1883,718,469,938,719,1926,1562,1464,122,13,1138,1360,797,1965,1606,267,1246,820,1622,98,904
161: 
162: 329,1743
163: 1589,1177,1181,1774,1263,1487,2017,1280,1710,945,1210,1690,1079,83,856,1588,692,949,156,1560,1319,1429,863,1752,1740,1860
1810: 582,2013,1019,1224,1561,1745,7,26,1863,842,1409,1221,1455,86,141,777,1541,12,1338,514,1331,1265,663,1764,1073,1496,1610,58,567,314,1225,227,808,1857
165: 1941
166: 
167: 1504,115
168: 
169: 
170: 1309,559,430,527,233,221,985,1024,1738,473,319,1123,948,1399,1120,1004,1476,1250,1214,2010,811,1933
171: 704,1662
172: 2002,1865,1308,1659,296,1240,273,1706,87,1921,1719
173: 
174: 
175: 
176: 1237,1518,358,1824,335,836,1529,594,264,1555,1350,561,1152,2006,934,487,653,1697,494
177: 1566
178: 756,1049,331,145,1892,427,30,2009,1371,403,1534,1205,503,1288,1528
179: 1249,1634,1088,1943,1968,1903,2019,1419,698,41,958,251,1578,1568,855,1479,1045,1099,1798,1595,1520,180
180: 1903,2019,1419,698,1128,1484,670,1034,251,1578,1568,962,1479,435,1045,1977,1099,1798,940,1595,1520,1249,1634,1088,1943,1968,179
181: 1653,1183,1440,1260,578,1575,1804,491,426,2003,1417,1633,638
182: 
183: 1150,831,844,1545,1737,1322,1558,541,2018,1750
184: 313,611,2011,1433,874,1838,1469,528,270,1853,1103,136,1284,1435,475,1523,1708,981,914,1795,1080
185: 
186: 
1975: 1902,84,111
188: 
2001: 713,617,1799,78,1160,1772,1056,1185,1276,1769,304,114,1005,9,45,261,920,1787,1434,924,942,1421,939,933
190: 
191: 
192: 2012,730,414,238,293,1859,1332,821,1763,1948,1599,351,1895,1564,1482,1424
193: 
194: 
195: 1493,1473
196: 1015,1432,1712,870,307,2000,1819,1053,1800,903
1688: 1851
1995: 1294,1885
199: 
200: 491,253,426,2003,262,1552,876,558,1633,120,638,807
201: 121,1121,1852,1974,34,1944,1158,532,2015,1957,862,1883,718,469,938,1926,1562,1464,122,13,1138,902,1965,1606,1246,820,1622,98,904
1626: 
203: 1746,1027,1514,1577,506,1983,541,1840,699,493,804,2018,682,625,618,1159,1750,844,1322,1558
204: 509,1532
205: 27,1960
206: 
207: 
208: 1521,1216,2008,266,1923,49,1029,1736,1091,100,1257,1061,879,1896,1275,1992,929
209: 1510,584,723
1826: 500
211: 
1753: 
213: 551,1682
1803: 
1854: 1488,95,575
216: 668,1889
217: 1602,109,409,1770,132,1728,1244,685,629,1204,1168,574,394,635,229,1015,916,1432,870,237,307,2000,1819,1993,458,1499,1053,302,77,1800
218: 
1675: 
220: 1653,1183,1440,1260,578,1575,1804,491,2003,1969,1417,1355
221: 1309,816,1650,559,430,233,985,1670,1024,1738,473,319,170,1123,948,1399,1120,1848,1004,2010,1933
222: 1823,1684,1377,1408,1945,495,1318,1837,1988,1052,1013,1267,2007,463
223: 1108
224: 
225: 
226: 
227: 2013,1745,7,26,1863,842,1409,1455,12,1338,514,1828,1331,663,1764,1610,1810,58,1570,1857
228: 
229: 635,1168,574,818,394,916,2000,1993,458,1499,302,77,1800,1602,109,409,1770,1244,685,217,629,1204
230: 
231: 1220,149
232: 1696
233: 1309,963,816,1650,430,527,221,985,1670,1024,1738,473,319,170,1123,948,1399,1120,1446,1848,298,144,1476,1250,2010,1116,1933
234: 468,1272
1906: 
236: 253,760,1179,2003,1023,876,928,1141,558,120,807,1591
237: 1015,916,1432,1712,870,2000,1819,1993,458,1499,1053,302,77,1800,903,1602,109,409,1770,132,1728,1244,685,217,629,1204
238: 2012,730,414,293,1859,1332,192,821,1763,1948,1533,1895,1956,1256,1482,1424,1471
239: 1407,947,1676,2005,303,370,286,1233,1563,1020,1033,1940,1191,1270,1315,1032,1884
240: 1556
1766: 152,1182,108,539,85,1546,1021
242: 1384,1729,1574,1623,1527
1865: 666,146,1816,1351,2002,1308,1659,499,296,562,172,1240,273,87,1921,387,1719
244: 1340
245: 1026
246: 476,867,897,1450,1078,1864,1637,1277,1805,1028
247: 1215,1475,650,1587,2014,448,1938,1118,1879,555,1611,1300,131,1901,1825,803
248: 
249: 1521,1216,2008,1923,655,49,1043,850,1060,1029,1598,333,1091,1257,1042,1061,879,1275,1167
250: 621,126
251: 1903,2019,1419,1083,698,1128,41,958,1484,670,1034,1578,1568,962,1479,435,1045,1977,1099,1798,940,1595,1520,180,1249,1634,1088,1943,1968,179
252: 
253: 491,426,760,1179,2003,1023,876,928,200,1141,558,1633,120,638,236,807,1653,1804,1355,1591
254: 
255: 
256: 790
257: 1999,1807
258: 
259: 1680,1361
1862: 
261: 920,1787,1434,114,1005,45,2001,1185,1769,304
262: 491,426,1179,2003,1969,1023,1552,876,928,200,1141,558,1417,120,638,807,1440,1575,1804,1591
263: 833,1124,112,747,2004,1972,1964,1077,882,1677,62,1579,662,1858,1997,22,1383
264: 1555,573,561,1152,2006,362,487,935,653,1697,494,377,836,1095,1529,594,1000,1237,176
1884: 1270,1315,1032,1243,1407,947,1676,2005,303,1233,1563,239,1020,1172,1940,1191
266: 1521,1216,2008,1923,49,1043,1029,1598,1736,333,1091,208,100,1257,1061,879,1896,1275,1992,929
267: 121,1121,1974,416,1158,2015,1957,862,1883,718,769,72,719,1562,1138,902,797,1246,1622,98,130,971,904
268: 
269: 1635
270: 313,611,2011,1433,874,1838,1469,528,1853,1103,184,136,1284,74,475,1523,1080
1774: 1589,1177,1181,1263,1487,2017,1280,123,47,1710,945,1210,1690,1394,1079,83,856,1588,692,949,156,163,1560,1319,1429,863,1752,1740
272: 
273: 666,378,146,1351,2002,1865,1308,1659,499,535,1339,296,172,1240,1706,87,1921,387,1719
274: 
1924: 1330,701,1725,18,1295,1724,2016,479,1714,1381
276: 456
277: 
278: 796,76
279: 
1804: 1653,1183,1440,220,181,1260,578,1575,491,253,426,760,1179,2003,262,1969,1023,1141,558,1417,1633,638,807,1355
281: 1112
282: 355
1866: 
284: 1808,297,452,1289,1660,1990
1882: 
286: 1407,947,1676,2005,303,370,1233,1563,239,1020,1033
1657: 
288: 118,10,691
289: 
290: 
1736: 1521,1216,2008,266,1923,655,49,1598,333,1091,208,100,1257,1042,1061,879,1896,1275,1992,929
292: 1981,1517
293: 2012,730,414,238,1859,1332,192,821,1948,1599,351,1256,1564,1482,1424,1783,417,1471
294: 1903,2019,1083,1038,1128,1781,1484,670,786,1034,477,1362,962,1479,435,1342,1540,1977,1099
1650: 963,816,430,233,221,985,1670,1738,473,319,1123,948,1399,2010
296: 378,146,1816,1351,2002,1865,1308,1659,499,562,172,1240,273,87,1921,1719
297: 1808,284,452,1289,1660,1990,770
298: 1554,144,1760,590,599,1004,1190,1476,1250,1214,2010,1116,936,1641,780,1933,1309,963,816,430,527,233,985,1670,1024,319,1123,948,1399,1120,1446,1848
299: 1279,1361
300: 633,918
301: 66
302: 1015,916,1432,870,237,307,2000,1819,1993,458,1499,1053,77,1800,903,1168,339,574,818,394,635,229,1602,409,1770,132,1244,685,217,629,1204
303: 1407,947,1676,2005,370,286,1233,1563,239,1020,1172,1033,1940,1191,1884
304: 713,2001,617,1799,1160,1772,1056,1185,1276,1769,114,45,261,920,1787,1434,933
305: 465,1654,909
306: 
307: 1015,916,870,2000,1819,1993,458,196,1499,1053,302,77,1800,903,1168,339,574,818,394,1244,217
1938: 1215,1475,247,650,1587,2014,448,1118,1879,555,1611,1300,131,1901,1825,803
1869: 
310: 33
311: 
312: 
313: 611,2011,1433,874,1838,1469,528,270,1853,1103,184,136,1284,1435,475,1523,1708,981,1699,914,1795,1080
314: 582,2013,1019,1224,1745,7,1863,1221,1455,141,777,12,1338,514,1331,1265,663,1764,1073,1496,1810,58,567,1225,808,1857
1714: 701,1725,18,1724,2016,1924,479,1228,597,1713,1381
1993: 1015,916,1432,870,237,307,2000,458,1053,302,77,1800,1168,574,394,635,229,1602,109,409,1770,132,1244,685,217,1204
317: 145,1892,427,30,462,2009,343,1614,1371,1971,779,403,727,1534,1205,503
318: 
319: 1309,816,1650,559,430,527,233,221,985,1670,1024,473,170,1123,1399,1120,1446,1848,298,144,590,599,1004,1476,2010,1933
320: 48,1929,1426,1647,744,423,155
321: 762,843,546,1833,579,445,496
322: 
323: 
1902: 1975,84,111
1733: 
326: 
1953: 597,1713,1330,1725,18,1295,1724,2016,1228
1851: 1688
329: 162,1743
330: 
331: 178,756,1166,145,1892,427,30,2009,1371,403,1534,1205,503,1288,1528
332: 
333: 1521,1216,2008,266,1923,655,1043,850,1598,249,1736,1091,100,1257,1042,1061,879,1275,1992
334: 
335: 1237,1518,358,1824,176,1529,573,1350,1152,2006,934,487,732,653,1697,1303,494
1708: 313,611,2011,1433,874,1838,1469,528,1103,184,136,1284,1435,1523,981,914,1795,1080
337: 381,1420,1501
338: 
339: 1168,574,818,394,916,870,307,2000,1819,458,1499,302,77,1800,903
340: 
341: 
1976: 
343: 145,427,462,2009,317,1614,1971,779,1534,1205,503,1166
344: 
1719: 666,378,146,1816,1351,2002,1865,1308,1659,499,535,296,562,172,1240,273,1706,87,1921
1933: 1554,298,144,1760,590,599,1004,1190,1476,1250,1214,2010,1116,936,1641,811,1309,559,430,527,233,221,985,1024,1738,319,170,1123,948,1399,1120,1848
347: 
1911: 1292
349: 1573,1832
350: 679
351: 2012,730,293,1332,192,821,1948,1599,1564,1482
352: 1213,1734,1492
1970: 
354: 
355: 282
356: 1951
357: 
358: 1237,1518,1824,335,176,836,1095,1529,1350,1152,2006,934,487,653,494
1796: 
360: 
361: 833,946,2004,1972,1964,1077,882,1677,62,1579,1997,1383,798
362: 264,1555,573,561,2006,487,732,935,653,1697,494,377,1095,594,1000
363: 765,1702,1645,712,1709,1973
364: 1247
365: 1267,54,687,669,785,134,1784,1202,1341,2007,81,1186,463,1684,1408,1945,408,1837,1988
366: 
367: 
1676: 1407,947,2005,303,370,286,1233,1563,239,1020,1172,1033,1940,1191,1884
369: 
370: 1407,947,1676,2005,303,286,1233,1563,239,1020,1033,1940
1838: 313,611,2011,1433,874,1469,528,270,1853,184,136,1284,74,1435,475,1523,1708
372: 725
1893: 
374: 
1913: 
376: 
377: 264,1555,573,561,1152,2006,362,487,935,653,1697,494,836,1095,1529,594,1000
378: 146,1816,1046,1351,2002,1308,1659,499,535,1339,296,562,273,1791,1706,1921,387,1719
379: 
1901: 1825,803,1215,1475,247,1587,2014,1938,1118,555,1611,1300
381: 337,1420,1501
382: 
383: 1785,1722,1259,486
384: 1072,1888
1974: 121,1121,1852,416,34,201,1158,2015,1957,862,1452,1883,718,469,938,769,72,719,1562,1464,122,1138,1360,902,797,1965,1606,267,1246,820,1622,98,130,971,904
1715: 
387: 666,378,146,1046,1351,2002,1865,499,535,1339,562,273,1791,1706,1921
1713: 1381,597,1953,1725,18,1724,2016,479,1714,1228
389: 
390: 443,880
391: 
392: 1146
393: 1942
394: 1168,339,574,818,635,229,1015,916,870,307,2000,1819,1993,458,1499,1053,302,77,903,1770,1244,217
395: 1655,1703,794
396: 
1782: 
1730: 
399: 
400: 656,1301,886
401: 39,926
402: 
403: 1892,427,30,2009,317,1371,1971,727,1534,1205,503,178,756,1049,331
404: 
405: 1027,1514,1983,901,2018,1189,1159,1356,831,1558
406: 
1958: 
408: 1823,1684,1377,1408,1945,495,1318,1988,965,990,687,365,785,1784,2007,81,1186
409: 1602,109,1770,132,1728,1244,685,217,629,1204,635,229,916,237,2000,1993,458,1499,302,77,1800
410: 
411: 1135,1142
412: 
413: 1431
414: 2012,730,238,293,1859,1332,192,821,1763,1948,1599,1533,1895,1956,1256,1564,1482,1424,1783,1471
415: 634
416: 121,1121,1852,1974,1158,2015,1957,862,1452,1883,718,469,769,72,719,1562,1464,1138,1360,902,797,1606,267,1246,1622,98,130,971,904
417: 1783,1471,2012,293,1859,821,1533,1256,1564,1482,1424
418: 1535
419: 
420: 
1930: 52
1894: 1470,995,978
423: 48,1929,1426,1647,744,320,155
1937: 1683
425: 1136,433
426: 491,253,760,1179,2003,262,1969,1023,1552,876,928,200,1141,558,1417,1633,120,638,807,1653,1440,181,1260,578,1575,1804
427: 145,1892,30,462,2009,343,317,1614,1371,1971,779,403,727,1534,1205,503,1288,1166,178,331
428: 1151,1058,941,1436
1956: 2012,730,414,238,1859,1332,821,1763,1948,1533,1895,1256,1482
430: 1309,963,816,1650,559,527,233,221,985,1670,1024,1738,473,319,170,1123,948,1399,1120,1848,298,1476,1250,1214,2010,1933
431: 24
432: 
433: 1136,425
1939: 1497,461
435: 1903,294,2019,1419,1083,698,1038,1128,41,1781,958,1484,670,786,1034,477,251,1756,1362,1568,962,1479,1342,1540,1045,1977,1099,1798,1595,1520,180,1634
436: 1631,1954
1654: 465,305,909
438: 
439: 
440: 
441: 524,758
1716: 1148,464,1982
443: 390,880
444: 
445: 873,843,546,1833,579,8,496,321,762
446: 
447: 
448: 1215,1475,247,650,2014,1938,1118,555,1611,1300,1825
449: 
450: 
451: 
452: 1808,297,284,1289,1660,1990
453: 
454: 1744,1887
455: 
456: 276
457: 1768,150
458: 1015,916,1432,1712,870,237,307,2000,1819,1993,1499,1053,302,77,1800,903,1168,339,574,818,394,635,229,1602,109,409,1770,132,1244,685,217,629,1204
459: 
460: 
461: 1497,1939
462: 145,1892,427,2009,343,317,1614,1971,779,727,1205,503
463: 1267,365,669,785,134,1784,1341,2007,81,1186,1684,222,1408,495,1318,1837,1988,1052,1013
464: 1148,1716,1982
465: 1654,305,909
466: 
1945: 1823,1684,1377,222,1408,408,495,1318,1837,1988,990,1267,687,365,1784,2007,81,1186
468: 234,1698,1272
469: 121,1852,1974,416,34,201,1158,532,2015,1957,862,1883,718,938,719,1562,1464,122,1360,1965,1606,820,1622,971,904
470: 
471: 
472: 633,918
473: 816,1650,559,430,233,221,985,1024,1738,319,170,1123,1399,1120,2010
474: 
475: 313,611,2011,1433,874,1838,1469,528,270,1853,1103,184,1284,74,1523,1699,1080
476: 867,906,1980,897,246,1450,1078,1864,1428,1637,1277,1028,637,1036,1218
477: 1903,294,2019,1419,1083,698,1038,1128,41,1781,958,786,1756,1362,855,962,1479,435,1342,1540,1045,1977,1798,1595
478: 1555,573,1350,561,1152,2006,934,487,732,935,1697,1303,494
479: 701,1725,18,1295,1724,2016,1924,1714,1228,597,1713,1381
480: 
481: 631,752
1668: 1891
1710: 1589,1181,1774,1263,1487,2017,1280,123,47,945,1210,1690,1394,1079,83,856,1588,692,949,156,163
1980: 476,906,1450,1078,1864,1428,637,1218
485: 
486: 1259,383
487: 264,1555,573,1350,478,561,1152,2006,362,934,732,935,653,1697,494,377,836,1095,1529,594,1000,1237,358,1824,335,176
1879: 1215,1475,247,650,1587,2014,1938,555,131,1825,803
1787: 261,920,1434,114,1005,9,45,942,933,713,2001,617,1772,1056,1185,1769,304
490: 1100
491: 253,426,760,1179,2003,262,1969,1023,1552,200,1141,558,1417,1633,120,638,807,1653,1183,1440,220,181,1260,578,1575,1804
492: 
493: 1027,1514,1577,506,1983,1840,804,901,2018,1189,682,203,618,1159
494: 264,1555,573,1350,478,561,1152,2006,362,934,487,732,935,653,1697,1303,377,836,1095,1529,594,1000,1237,1518,358,1824,335,176
495: 1823,1684,1377,222,1408,1945,408,1318,1837,1988,1052,785,1784,1341,2007,81,1186,463
496: 843,546,1833,579,445,8,321,762
497: 697
1968: 1249,1634,1088,1943,179,1903,2019,1419,698,251,1578,1568,1045,1099,1798,1595,1520,180
499: 378,146,1816,1046,1351,2002,1865,1308,1659,535,1339,296,562,273,1791,1921,387,1719
500: 1826
501: 966
502: 1294,1885
503: 145,427,30,462,2009,343,317,1614,1371,779,403,727,1534,1205,1288,1166,1528,178,331
504: 
2010: 1554,298,144,1760,590,599,1004,1190,1476,1250,1214,1116,936,1641,811,780,1933,1309,963,816,1650,559,430,527,233,221,985,1670,1024,1738,473,319,170,1123,948,1399,1120,1446,1848
506: 1746,1027,1514,1577,1983,1840,699,493,804,901,2018,203,625,1159,1750,1150,844,1545,1737
1759: 
1770: 1602,109,409,132,1728,1244,685,217,629,1204,574,394,635,229,1015,237,2000,1993,458,1053,302,77,1800
509: 204,1532
510: 1947
511: 673,1287
1697: 264,1555,573,1350,478,561,1152,2006,362,934,487,732,935,653,1303,494,377,594,1000,335,176
513: 
514: 2013,1224,7,1863,1221,1455,141,777,12,1338,1828,1331,663,1764,1073,1496,1810,58,567,314,1225,227,808,1570,1857
515: 
516: 1385,556,774,1313,675,1105
517: 571
518: 51,1789
519: 1679
520: 
1849: 
1977: 1903,294,2019,1419,1083,698,1128,41,1484,670,786,1034,477,251,1578,1362,1568,962,1479,435,1342,1540,1045,1099,1798,940,1595,1520,180,1634,1088,1943
523: 832,620,896
524: 758,441
525: 
526: 1199
527: 1309,963,816,430,233,985,1670,1024,1738,319,170,1123,948,1399,1446,1848,1554,298,144,599,1476,1250,2010,1116,936,1933
528: 313,611,2011,1433,874,1838,1469,270,1853,1103,184,136,1284,74,1435,475,1523,1708,981,1699,914,1080
529: 
530: 
531: 
532: 34,1944,201,2015,1957,1883,469,938,1926,1562,1464,122,13,1965,1246,820,1622
533: 
534: 1705
535: 666,378,146,1046,1351,2002,1308,1659,499,1339,273,1706,1921,387,1719
1682: 551,213
2003: 491,253,426,760,1179,262,1969,1023,1552,876,928,200,1141,558,1417,1633,120,638,236,807,1653,1183,1440,220,181,1260,578,1575,1804,1355,1591
538: 1059,1261
539: 1766,152,1182,108,85,1546,1021
540: 731,1092,829,1674
541: 1746,1027,1514,1983,1840,2018,1189,203,625,618,1159,1750,1356,1150,183,831,844,1545,1737,1322,1558
1789: 51,518,1192
543: 
1663: 
1768: 457
546: 873,843,1833,579,445,8,496,321,762
547: 
548: 
549: 
1997: 833,946,263,1124,112,747,2004,1972,1964,1077,882,1677,62,1579,662,361,1858,1383,798
551: 213,1682
552: 
553: 1130,1321,139,32,1040,1208
1643: 
555: 1215,1475,247,650,1587,2014,448,1938,1118,1879,1611,1300,131,1901,1825,803
556: 1385,516,1313,675,1105
557: 864,861
558: 491,253,426,760,1179,2003,262,1023,1552,876,928,200,1141,1417,1633,120,638,236,807,1653,578,1804,1591
559: 1309,430,221,985,1024,473,319,170,1399,1120,1004,1476,1214,2010,811,1933
560: 717
561: 264,1555,573,478,1152,2006,362,934,487,935,653,1697,494,377,836,1095,1529,594,1000,176
562: 378,146,1816,1046,1351,2002,1865,1659,499,296,1791,1921,387,1719
1727: 
564: 
565: 
566: 
567: 582,2013,1224,1745,7,1221,1455,141,777,1338,514,1331,1265,663,1764,1073,1496,1810,58,314,1225,808,1570,1857
568: 
2013: 582,1019,1224,1561,1745,7,26,1863,842,1409,1221,1455,86,141,777,1541,12,1338,514,1828,1331,1265,663,1764,1073,1496,1610,1810,58,567,314,1225,227,808,1570,1857
570: 
571: 1071,517
572: 1811
573: 264,1555,1350,478,561,1152,2006,362,934,487,732,935,653,1697,494,377,1095,1529,594,1000,335
574: 1168,339,818,394,635,229,1015,916,870,307,2000,1819,1993,458,1499,1053,302,77,1800,903,1770,1244,217,629,1204
575: 95,1488,1854
576: 642
1690: 1589,1177,1181,1774,1487,2017,1280,47,1710,945,1210,1079,83,856,1588,692,949,156,163,1560,1319,1429,863,1752,1740,1860
578: 1653,1183,1440,220,181,1260,1575,1804,491,426,760,1179,2003,1969,1023,1141,558,1417,1633,1355,1591
579: 873,843,546,1833,445,8,496,321,762
580: 
1830: 143,1936
582: 2013,1019,1224,1561,1745,7,26,1863,1409,1221,86,141,777,1541,12,1331,1265,1764,1073,1496,1610,1810,58,567,314,1225
1910: 
584: 1510,723,209
585: 
586: 
587: 761,1492
588: 1845
1829: 
590: 1554,298,144,1760,599,1004,1190,1476,1214,2010,936,1641,811,780,1933,1309,1024,319,1399,1120,1446,1848
591: 741
592: 
593: 
594: 836,1095,1529,1000,264,1555,573,561,1152,2006,362,487,935,653,1697,494,377,1237,176
595: 
596: 
597: 1953,1713,1381,1725,18,1295,1724,2016,479,1714,1228
1642: 1590,1369
599: 1554,298,144,1760,590,1004,1190,1476,1214,2010,1116,936,1641,780,1933,1309,816,527,1024,319,1399,1120,1446,1848
600: 1991
601: 
2012: 730,414,238,293,1859,1332,192,821,1763,1948,1599,351,1533,1895,1956,1256,1564,1482,1424,1783,417,1471
603: 787,700
604: 1292
605: 1173,781
606: 
607: 38
608: 1477
1929: 48,1426,1647,744,423,320,155
610: 
611: 313,2011,874,1838,1469,528,270,1853,1103,184,1284,74,475,1708,1699
612: 
613: 1732
1652: 
615: 1463
616: 
617: 713,2001,1799,1772,1056,1185,1276,1769,304,114,920,1787,1434,933
618: 1027,1514,1577,1983,541,1840,493,804,901,2018,1189,682,203,625,1558
619: 1401
620: 523,1914,832,896
621: 250,126
622: 
1859: 2012,730,414,238,293,1332,192,821,1948,1533,1895,1956,1256,1564,1482,1424,1783,417,1471
624: 1296
625: 1746,1027,1514,1577,506,1983,541,1840,699,804,2018,203,618,1159,1750,844,1545,1737,1322,1558
626: 
627: 1447
628: 1354
629: 1602,109,409,1770,1728,1244,685,217,1204,1168,574,635,229,916,237,2000,458,1499,302,77,1800
630: 
631: 481,752
632: 
633: 472,300,918
634: 415
635: 229,1168,574,818,394,2000,1993,458,1499,302,77,1602,109,409,1770,132,1244,685,217,629,1204
636: 
637: 1428,1218,476,906,1980,1078
638: 491,253,426,760,1179,2003,262,1023,1552,876,200,1141,558,1417,1633,120,807,1653,181,1804
1855: 746
1844: 
641: 
642: 576
643: 1632
1712: 1015,916,1432,870,237,2000,1819,458,196,1053,1800,903
645: 
1742: 1293,905
1828: 2013,7,1863,842,1455,12,1338,514,663,1764,1496,58,227,1570,1857
1943: 1249,1634,1961,1088,1968,179,1903,2019,698,670,1034,251,1568,1045,1977,1798,1595,1520,180
649: 
650: 1215,1475,247,2014,448,1938,1118,1879,555,1300
651: 
1922: 57,792,987
653: 264,1555,573,1350,561,1152,2006,362,934,487,935,1697,494,377,836,1095,1529,594,1000,1237,358,1824,335,176
1659: 378,146,1816,1046,1351,2002,1865,1308,499,535,1339,296,562,172,273,1791,1706,1921,1719
655: 1216,2008,1923,850,1060,1029,1598,249,1736,333,1091,100,1257,1042,1061,879,1275,1167,1992
656: 400,1301,886
657: 957
1795: 981,1699,914,1080,313,2011,874,1103,184,1435,1523,1708
659: 
660: 
1706: 666,378,1351,2002,1308,1659,535,1339,172,1240,273,1921,387,1719
662: 263,1124,112,747,2004,1077,1677,62,1858,1997,22,1383
663: 2013,1745,7,26,1221,1455,1338,514,1828,1265,1764,1073,1496,1810,58,567,314,1225,227,808,1570,1857
664: 
1921: 666,378,146,1816,1046,1351,2002,1865,1308,1659,499,535,1339,296,562,172,1240,273,1791,1706,387,1719
666: 146,1351,2002,1865,1308,535,1240,273,1706,1921,387,1719
1748: 
668: 1889,216
669: 1267,54,365,785,134,1784,1202,1341,2007,81,1186,463,1684,1318,1988
670: 1903,294,2019,1083,698,1128,1484,1034,251,1568,962,1479,435,1045,1977,1798,940,1520,180,1634,1088,1943
1635: 269
2000: 1015,916,1432,1712,870,237,307,1819,1993,458,196,1499,1053,302,77,1800,903,1168,339,574,818,394,635,229,1602,109,409,1770,132,1728,1244,685,217,629,1204
673: 511,1287
1806: 
675: 1385,556,774,516,1313
676: 
677: 
678: 1658
679: 350
680: 
681: 722
682: 1027,1514,1983,1840,493,804,901,2018,1189,203,618
683: 1066
684: 
685: 1602,109,409,1770,132,1728,1244,217,629,1204,1168,635,229,237,2000,1993,458,302,77
686: 92
687: 1267,54,365,785,134,1784,1202,1341,2007,81,1186,965,990,1684,1408,1945,408,1318,1988
688: 
689: 
690: 
691: 118,10,288
692: 1589,1181,1774,1487,2017,1280,47,1710,945,1210,1690,1079,856,1588,949,156,163,863,1752,1740,1860
693: 
694: 1927
695: 150,1404
696: 
697: 497
698: 1903,2019,1419,1083,1128,41,1781,958,1484,670,786,1034,477,251,1756,1578,1362,1568,855,962,1479,435,1540,1045,1977,1099,1798,940,1595,1520,180,1634,1088,1943,1968,179
699: 1746,1514,1577,506,1983,1840,804,2018,203,625,1159,1750,1150,844,1545,1737,1322
700: 603,787
701: 1330,1725,18,1295,1724,2016,1924,479,1714,1228,1381
2009: 145,1892,427,30,462,343,317,1614,1371,1971,779,403,727,1534,1205,503,1288,1166,1528,178,756,1049,331
703: 
704: 171,1662
705: 1648
1620: 
1655: 1703,395
708: 
709: 
710: 
711: 
712: 765,1702,1645,1709,363,1973
713: 2001,617,1799,78,1160,1772,1056,1185,1276,1769,304,920,1787,924,933
2011: 313,611,1433,874,1838,1469,528,270,1853,1103,184,136,1284,74,1435,475,1523,1708,981,1699,914,1795,1080
1780: 
716: 
717: 560
718: 121,1121,1852,1974,416,34,1944,201,1158,2015,1957,862,1883,469,938,72,719,1926,1562,1464,13,1138,902,797,267,1246,1622,98,130,971,904
719: 121,1121,1852,1974,416,1158,2015,1957,862,1452,1883,718,469,769,72,1562,1138,1360,902,267,1246,1622,98,130,971,904
720: 
1941: 165
722: 681
723: 1510,584,209
1636: 
725: 372
1887: 454,1744
727: 1892,427,30,462,2009,317,1614,1371,1971,779,403,1205,503
728: 1550
729: 
730: 2012,414,238,293,1859,1332,192,821,1763,1948,1599,351,1895,1956,1256,1564,1482,1424,1783
731: 1092,540,1674
732: 1555,573,1350,478,2006,362,934,487,935,1697,1303,494,335
1648: 705
1717: 
735: 1758
1983: 1746,1027,1514,1577,506,541,1840,699,493,804,901,2018,1189,682,405,203,625,618,1159,1750,1356,831,844,1545,1737,1322,1558
737: 1420,1501
738: 1439,1963
739: 1876
740: 
741: 591
1848: 1309,816,430,527,233,221,985,1670,1024,319,1123,1399,1120,1446,1554,298,144,590,599,1004,1476,2010,1641,1933
743: 
744: 48,1929,1426,423,320
745: 
746: 1855
747: 833,263,1124,112,2004,1972,1964,1077,882,1677,62,1579,662,1858,1997,22,1383
748: 
749: 
750: 
751: 
752: 481,631
753: 
754: 
755: 
756: 178,1049,331,145,1892,30,2009,1371,779,403,1534,1205,1288,1528
1639: 1839
758: 524,441
759: 
760: 491,253,426,1179,2003,1969,1023,928,1141,558,1417,1633,120,638,236,807,1653,1183,578,1804,1355,1591
761: 60,587,1646
762: 321,546,1833,579,445,8,496
763: 1359,113
764: 1195
765: 1702,1645,712,1709,363,1973
766: 1016
1870: 1430
1700: 
769: 121,1121,1974,416,1158,2015,862,1452,1883,72,719,1360,797,1606,267,1622,98,971,904
770: 297,1289,1990
771: 1096,1384,1729,1623
772: 
773: 
774: 1385,516,675
775: 
776: 
777: 582,2013,1019,1224,1561,1745,7,1863,1221,86,141,1541,12,514,1331,1265,1764,1073,1496,1610,1810,58,567,314,1225,1857
2015: 121,1121,1852,1974,416,34,1944,201,1158,532,1957,862,1452,1883,718,469,938,769,72,719,1926,1562,1464,122,13,1138,1360,902,797,1965,1606,267,1246,820,1622,98,130,971,904
779: 145,1892,427,30,462,2009,343,317,1614,1371,1971,727,1534,1205,503,1288,1166,756
780: 1554,298,144,1760,590,599,1004,1190,1476,1214,2010,1116,936,1641
781: 1173,605
1769: 713,2001,617,1160,1772,1056,1185,1276,304,114,1005,9,45,261,920,1787,1434,924,942,1421,933
783: 
1684: 1823,1377,222,1408,1945,408,495,1318,1837,1988,1052,965,1267,54,687,365,669,785,134,1784,1341,2007,81,1186,463
785: 1267,54,687,365,669,134,1784,1202,1341,2007,81,1186,463,965,990,1684,1377,1408,408,495,1318,1988
786: 1903,294,2019,1419,698,1038,1128,41,1781,1484,477,1756,1578,1362,1568,962,435,1342,1540,1977,1099,1595
787: 603,700
1891: 1668
789: 
790: 1075,256
791: 
792: 57,1922,987
793: 24,860
794: 1703,395
795: 1625
796: 76,278
797: 121,1121,1974,416,1944,1158,2015,1957,1883,718,769,1562,1464,122,1138,1360,1606,267,1246,820,1622,98
798: 833,946,1124,112,2004,1972,62,361,1858,1997,1383
799: 
800: 
1761: 
1738: 1309,963,816,1650,430,527,233,221,985,1670,1024,473,170,1123,948,1399,1476,1250,1214,2010,1933
803: 1901,1825,1215,1475,247,1587,2014,1938,1879,555,1611,1300,131
804: 1746,1027,1514,1577,506,1983,1840,699,493,901,2018,682,203,625,618,1159,1750
805: 
806: 
807: 491,253,426,760,1179,2003,262,1023,1552,876,928,200,1141,558,1417,1633,120,638,236,1804,1591
808: 2013,1224,1745,7,1221,1455,1338,514,1265,663,1073,1810,58,567,314,1225,1857
1699: 914,1795,1080,313,611,2011,874,528,1103,475
810: 
811: 144,1760,590,1004,1190,1476,1214,2010,1641,1933,1309,559,985,1024,170,1399,1120
812: 1087
813: 
814: 
815: 
816: 1309,963,1650,430,527,233,221,985,1670,1024,1738,473,319,1123,948,1399,1120,1446,1848,298,599,1476,2010
1637: 1428,1277,1805,1028,1036,1218,476,867,906,897,246,1450,1078,1864
818: 1168,339,574,394,635,229,916,870,307,2000,1819,458,1499,1053,302,77,1800,903,1244
1633: 491,253,426,760,2003,1552,200,1141,558,1417,120,638,807,1653,1183,1440,181,1260,578,1804
820: 121,1974,1944,201,1158,532,2015,1957,1883,469,1926,1562,1464,122,13,1360,797,1965,1606,1246,1622,98
821: 2012,730,414,238,293,1859,1332,192,1948,1599,351,1956,1256,1564,1482,1424,1783,417,1471
822: 
823: 
824: 125,158,1306
2017: 1589,1177,1181,1774,1263,1487,1280,123,47,1710,945,1210,1690,1394,1079,83,856,1588,692,949,156,163,1560,1319,1429,863,1752,1740,1860
826: 68,1747
827: 
1757: 1490
829: 1092,540,1674
830: 
831: 1356,1150,183,844,1545,1558,1027,1514,1983,541,901,2018,1189,405,1159,1750
832: 523,620,896
833: 946,263,1124,112,747,2004,1972,1964,1077,882,1677,62,1579,361,1858,1997,1383,798
834: 
1729: 1384,242,1574,1623,1527,771
836: 1095,1529,594,1000,264,1555,561,1152,2006,487,653,494,377,1237,358,176
837: 
1985: 1326,1231
839: 
1984: 1157,885
1669: 
842: 2013,1561,1745,26,1863,1409,1541,12,1338,1828,1331,1764,1610,1810,58,227
843: 546,1833,579,445,496,321
844: 1356,1150,183,831,1545,1737,1322,1558,1746,1027,1514,506,1983,541,1840,699,901,2018,203,625,1159,1750
1670: 1309,963,816,1650,430,527,233,221,1738,319,1123,948,1399,1446,1848,298,2010
1758: 735,42,898
1702: 765,1645,712,363,1973
2004: 833,946,263,1124,112,747,1972,1964,1077,882,1677,62,1579,662,361,1858,1997,22,1383,798
1816: 378,146,1046,2002,1865,1659,499,296,562,1791,87,1921,1719
850: 1216,2008,655,1060,1029,249,333,1091,1257,1042,1061,1275,1167
851: 
852: 944
853: 
854: 1293,1443,905
855: 1903,2019,1419,698,41,958,477,1756,1578,1045,1595,179
856: 1589,1177,1181,1774,1263,1487,2017,1280,47,1710,945,1210,1690,1394,1079,83,1588,692,949,156,163,1560,1319,1429,863,1752,1740
857: 
858: 
1821: 
860: 793,24
861: 557,864
862: 121,1121,1852,1974,416,201,1158,2015,1957,1452,1883,718,469,769,72,719,1562,1464,1360,902,1606,267,1622,130,971,904
863: 1560,1319,1429,1752,1740,1860,1177,1181,1774,2017,1210,1690,856,1588,692,949,163
864: 557,861
1827: 1069
866: 
867: 476,906,897,246,1450,1078,1864,1637,1028,1218
868: 
1950: 
870: 1015,916,1432,1712,237,307,2000,1819,1993,458,196,1499,1053,302,77,1800,903,1168,339,574,818,394,132,1244,217,1204
1623: 1384,242,1729,1574,1527,771
1740: 1560,1319,1429,863,1752,1860,1177,1181,1774,1263,1487,2017,1280,945,1210,1690,1079,83,856,1588,692,949,156,163
873: 546,1833,579,445,8
874: 313,611,2011,1433,1838,1469,528,270,1853,1103,184,136,1284,74,1435,475,1523,1708,981,1699,914,1795,1080
1622: 121,1121,1852,1974,416,34,1944,201,1158,532,2015,1957,862,1883,718,469,938,769,72,719,1562,1464,122,13,1138,1360,902,797,1965,1606,267,1246,820,98,130,971,904
876: 253,426,1179,2003,262,1023,1552,928,200,1141,558,120,638,236,807,1591
877: 
1785: 383,1722
879: 1521,1216,2008,266,1923,655,49,1043,1060,1029,1598,249,1736,333,1091,208,100,1257,1061,1896,1275,1167,1992
880: 443,390
881: 1536
882: 833,946,263,1124,747,2004,1972,1964,1077,1677,62,1579,361,1858,1997,1383
1972: 833,946,263,1124,112,747,2004,1964,1077,882,62,1579,361,1858,1997,22,1383,798
884: 1008
885: 1984
886: 1301,400,656
887: 
1895: 2012,730,414,238,1859,1332,192,1763,1948,1599,1533,1956,1256
1658: 678
890: 66
1709: 765,1645,712,363,1973
892: 
893: 1125
894: 
1728: 1602,109,409,1770,132,1244,685,217,629,1204,237,2000,77,1800
896: 523,1914,832,620
897: 476,867,906,246,1450,1078,1864,1637,1277,1805,1028,1218
898: 42,1758
899: 
1960: 27,205
901: 1027,1514,506,1983,1840,493,804,2018,1189,682,405,618,1159,1356,831,844,1558
902: 1121,1852,1974,416,34,201,2015,862,1883,718,938,72,719,1562,1138,267,1622,130,904
903: 1015,916,1432,1712,870,237,307,2000,1819,458,196,1499,1053,302,77,1800,339,574,818,394
904: 121,1121,1852,1974,416,34,201,1158,2015,1957,862,1883,718,469,938,769,72,719,1562,1464,1138,1360,902,267,1622,98,130,971
905: 1293,1443,854,1742
906: 476,867,1980,897,1450,1078,1864,1428,1637,1277,637,1218
2007: 1267,54,687,365,669,785,134,1784,1202,1341,81,1186,463,965,990,1823,1684,1377,222,1408,1945,408,495,1318,1837,1988,1052,1013
1853: 313,611,2011,1433,874,1838,1469,528,270,1103,184,136,1284,74,475
909: 465,1654,305
1832: 1573,349
911: 1936
912: 
913: 
914: 981,1699,1795,1080,313,2011,874,528,1103,184,1435,1523,1708
1764: 582,2013,1745,7,26,1863,842,1409,1221,1455,141,777,12,1338,514,1828,1331,663,1496,1610,1810,58,567,314,227,1570,1857
916: 1015,1712,870,237,307,2000,1819,1993,458,1499,1053,302,77,1800,903,1168,339,574,818,394,229,409,1244,217,629,1204
917: 
918: 633,472,300
1959: 
920: 261,1787,1434,114,1005,9,45,933,713,2001,617,1772,1185,1769,304
1986: 
922: 
923: 
924: 942,1421,939,933,713,2001,1160,1056,1185,1276,1769
925: 
926: 39,401
927: 
928: 253,426,760,1179,2003,262,1969,1023,876,1141,558,120,236,807,1591
929: 2008,266,1923,1736,1091,208,100,1896,1992
930: 1741
1856: 
932: 
933: 924,942,1421,939,114,1005,9,45,920,1787,1434,713,2001,617,1160,1772,1185,1276,1769,304
934: 1555,573,1350,478,561,1152,2006,487,732,935,653,1697,1303,494,1237,1518,358,1824,335,176
935: 264,1555,573,478,561,1152,2006,362,934,487,732,653,1697,494,377,594,1000
936: 1554,298,144,1760,590,599,1190,1476,1250,1214,2010,1116,1641,780,1933,1309,527,1399
937: 159
938: 1121,1852,1974,34,1944,201,532,2015,1957,1883,718,469,1926,1562,1464,13,1138,902,1965,1622,130,904
939: 924,942,1421,933,114,9,2001,1160,1185,1276
940: 1903,2019,698,1484,670,1034,251,1568,962,1977,1099,1520,180,1249,1634,1961,1088
941: 1151,428,1058,1436
942: 924,1421,939,933,114,1005,9,45,1787,2001,1160,1185,1276,1769
943: 967,1368,1638
944: 1201,852
945: 1589,1181,1774,1263,1487,2017,1280,123,47,1710,1210,1690,1394,1079,83,856,692,156,163,1319,1429,1752,1740
946: 833,1124,112,2004,1972,1964,882,62,1579,361,1858,1997,1383,798
947: 1407,1676,2005,303,370,286,1233,1563,239,1020,1033,1032,1884
948: 1309,963,816,1650,430,527,233,221,985,1670,1024,1738,170,1123,1399,1446,298,1250,2010,1116,1933
949: 1589,1177,1181,1774,1263,1487,2017,1280,1710,1210,1690,83,856,1588,692,156,163,1560,863,1740,1860
950: 1627
951: 1915
1672: 
1807: 1999,257
954: 
1850: 
1628: 
957: 657
958: 1903,2019,1419,698,1038,1128,41,1781,477,251,1756,1578,1568,855,1479,435,1540,1045,1798,1595,179
959: 
1701: 
961: 974
962: 1903,294,2019,1419,1083,698,1128,1484,670,786,1034,477,251,1362,1568,1479,435,1342,1540,1045,1977,1099,1798,940,1520,180,1634
963: 1309,816,1650,430,527,233,1670,1738,1123,948,1399,1446,298,1250,2010,1116
964: 1074
965: 990,54,687,785,134,1784,1341,2007,81,1186,1684,1377,1408,408,1318,1988
966: 501
967: 943,1368
968: 1448
969: 
970: 
971: 121,1121,1852,1974,416,1158,2015,862,1452,1883,718,469,769,72,719,1464,1360,1606,267,1622,130,904
1965: 121,1974,1944,201,532,2015,1957,469,938,1562,1464,122,13,1606,820,1622
973: 
974: 961
1647: 48,1929,423,320,155
976: 
977: 1311,1016
978: 1470,1894,995
979: 
980: 1505
981: 914,1795,1080,313,2011,1433,874,1469,528,1103,184,136,1284,1435,1523,1708
982: 
983: 1917
984: 
985: 1309,816,1650,559,430,527,233,221,1024,1738,473,319,170,1123,948,1399,1120,1848,298,1004,1476,1250,1214,2010,811,1933
986: 1952
987: 57,1922,792
988: 
1889: 668,216
990: 965,54,687,785,134,1784,2007,81,1186,1377,1408,1945,408,1318,1988
991: 
992: 
1999: 1807,257
994: 
995: 1470,1894,978
1797: 
997: 
1874: 
999: 
1000: 836,1095,1529,594,264,1555,573,561,1152,2006,362,487,935,653,1697,494,377
1001: 
1904: 
1681: 1590
1004: 1554,298,144,1760,590,599,1190,1476,1214,2010,1641,811,780,1933,1309,559,221,985,1024,319,170,1399,1120,1848
1005: 114,9,45,261,920,1787,1434,942,933,2001,1185,1769
1006: 
1952: 986
1008: 884
1009: 
1677: 833,263,1124,112,747,2004,1964,1077,882,62,1579,662,361,1858,1997,22,1383
1011: 
1012: 1543,1057
1013: 222,1837,1052,2007,463
1014: 
1015: 916,1432,1712,870,237,307,2000,1819,1993,458,196,1499,1053,302,77,1800,903,574,394,1602,1770,132,1244,217,1204
1016: 977,1311,766
1641: 1554,298,144,1760,590,599,1004,1190,1476,1214,2010,936,811,780,1933,1024,1120,1848
1763: 2012,730,414,238,1332,192,1948,1599,1895,1956
1019: 582,2013,1224,1561,1745,7,1409,1221,86,141,777,1541,1331,1265,1810,58,314,1225
1020: 1407,947,1676,2005,303,370,286,1233,1563,239,1172,1033,1940,1191,1270,1315,1032,1884,1243
1021: 1546,1766,152,1182,108,539,85
1022: 
1023: 491,253,426,760,1179,2003,262,1969,876,928,1141,558,1417,120,638,236,807,1653,578,1804,1355,1591
1024: 1309,816,559,430,527,233,221,985,1738,473,319,170,1123,948,1399,1120,1446,1848,1554,298,144,1760,590,599,1004,1190,1476,1250,1214,2010,1641,811,1933
1025: 1593,1048
1026: 245
1027: 1514,506,1983,541,1840,493,804,901,2018,1189,682,405,203,625,618,1159,1750,1356,831,844,1558
1028: 1637,1277,1805,1036,1218,476,867,897,246,1450,1078,1864
1029: 1521,1216,2008,266,1923,655,49,1043,850,1060,1598,249,1091,208,1257,1042,1061,879,1275,1167
1030: 
1903: 294,2019,1419,1083,698,1128,41,958,1484,670,786,1034,477,251,1756,1578,1362,1568,855,962,1479,435,1540,1045,1977,1099,1798,940,1595,1520,180,1634,1088,1943,1968,179
1032: 1270,1315,1884,1243,1407,947,2005,1563,239,1020,1940,1191
1033: 947,1676,2005,303,370,286,1233,1563,239,1020
1034: 1903,294,2019,1083,698,1128,1484,670,251,1362,1568,962,1479,435,1977,1099,1798,940,1595,1520,180,1249,1634,1088,1943
1035: 
1036: 1428,1637,1277,1805,1028,1218,476,1078,1864
1741: 930
1038: 294,2019,1083,1128,41,1781,958,786,477,1756,1362,1479,435,1342,1540
1863: 582,2013,1561,7,26,842,1409,1221,141,777,1541,12,514,1828,1331,1764,1496,1610,1810,58,314,227,1857
1040: 1130,1321,553,139,32,1208
1634: 1249,1961,1088,1943,1968,179,1903,2019,1419,698,1484,670,1034,251,1578,1568,962,435,1045,1977,1099,1798,940,1595,1520,180
1042: 1521,1216,2008,1923,655,1043,850,1060,1029,1598,249,1736,333,1091,1257,1061,1275,1167
1043: 1521,1216,2008,266,1923,49,1060,1029,1598,249,333,100,1042,1061,879,1896,1275
1044: 133,1104
1045: 1903,2019,1419,1083,698,1128,41,958,670,477,251,1756,1578,1568,855,962,1479,435,1540,1977,1798,1595,1520,180,1634,1088,1943,1968,179
1046: 378,146,1816,1351,2002,1659,499,535,1339,562,1791,1921,387
1646: 60,761
1048: 1593,1025
1049: 178,756,1892,30,2009,1371,403,1534
1050: 
1051: 
1052: 1823,1684,222,495,1318,1837,1988,1013,1267,2007,463
1053: 1015,916,1432,1712,870,237,307,2000,1819,1993,458,196,302,77,1800,903,574,818,394,1602,1770,132,1244,217,1204
1054: 
1055: 
1056: 713,2001,617,1799,78,1160,1772,1185,1276,1769,304,1787,924
1057: 1012,1543
1058: 1151,428,941,1436
1059: 1261,538
1060: 1521,1216,2008,655,1043,850,1029,1598,249,1091,1257,1042,1061,879,1275,1167
1061: 1521,1216,2008,266,1923,655,49,1043,850,1060,1029,1598,249,1736,333,1091,208,100,1257,1042,879,1275,1167,1992
1062: 1799
1875: 
1064: 
1936: 911,143,1830
1066: 683,154
1067: 
1739: 
1069: 1827
1070: 
1071: 571
1072: 1888,384
1073: 582,2013,1224,7,1221,141,777,514,663,1496,1810,58,567,314,1225,808,1857
1074: 964,159
1075: 790
1979: 
1077: 833,263,1124,112,747,2004,1972,1964,882,1677,62,1579,662,361,1858,1997,22,1383
1078: 476,867,906,1980,897,246,1450,1864,1428,1637,1277,1028,637,1036,1218
1079: 1589,1181,1774,1263,1487,2017,1280,123,47,1710,945,1210,1690,1394,83,856,692,156,163,1319,1752,1740
1080: 981,1699,914,1795,313,2011,1433,874,1469,528,270,1103,184,1284,1435,475,1523,1708
1081: 
1082: 
1083: 1903,294,2019,698,1038,1128,1484,670,1034,477,251,1362,962,1479,435,1342,1540,1045,1977,1798,1520
1792: 69,1298,1223
1973: 765,1702,1645,712,1709,363
2002: 666,378,146,1816,1046,1351,1865,1308,1659,499,535,1339,296,562,172,1240,273,1791,1706,87,1921,387,1719
1087: 812
1088: 1249,1634,1961,1943,1968,179,1903,2019,698,670,1034,251,1568,1479,1045,1977,1798,940,1595,1520,180
1627: 950
1948: 2012,730,414,238,293,1859,1332,192,821,1763,1599,351,1533,1895,1956,1256,1564,1482,1424
1091: 1521,1216,2008,266,1923,655,49,850,1060,1029,1598,249,1736,333,208,100,1257,1042,1061,879,1896,1275,1167,1992,929
1092: 731,540,829,1674
1683: 1937
1831: 
1095: 836,1529,594,1000,264,573,561,1152,2006,362,487,653,494,377,1237,358
1096: 771,1384
1097: 
1098: 1106
1099: 1903,294,2019,1419,698,1128,41,1781,1484,786,1034,251,1756,1578,1362,1568,962,435,1977,940,1595,1520,180,1634,1968,179
1100: 490
1988: 1823,1684,1377,222,1408,1945,408,495,1318,1837,1052,965,990,1267,54,687,365,669,785,134,1784,1341,2007,81,1186,463
1102: 1925,6
1103: 313,611,2011,874,1469,528,270,1853,184,1284,74,475,1523,1708,981,1699,914,1795,1080
1104: 133,1044
1105: 556,516
1106: 1098
1107: 
1108: 223
1837: 1823,1684,1377,222,1408,1945,495,1318,1988,1052,1013,1267,365,2007,81,1186,463
1110: 
1111: 
1112: 281
1944: 121,34,201,1158,532,2015,1957,1883,718,938,1926,1562,1464,122,13,1138,797,1965,1246,820,1622,98
1752: 1560,1319,1429,863,1740,1177,1181,1774,2017,945,1210,1690,1079,83,856,1588,692,156,163
1115: 
1116: 1554,298,144,599,1190,1476,1250,1214,2010,936,780,1933,1309,963,527,233,948,1399,1446
1117: 
1118: 1215,1475,247,650,2014,448,1938,555,1611,1300,1901,1825
1883: 121,1121,1852,1974,416,34,1944,201,1158,532,2015,1957,862,718,469,938,769,72,719,1926,1562,1464,122,13,1138,1360,902,797,1606,267,1246,820,1622,98,130,971,904
1120: 1309,816,559,430,233,221,985,1024,473,319,170,1399,1446,1848,298,144,1760,590,599,1004,1476,1214,2010,1641,811,1933
1121: 121,1852,1974,416,34,201,1158,2015,1957,862,1883,718,938,769,72,719,1926,1562,1138,902,797,267,1246,1622,98,130,971,904
1122: 
1123: 1309,963,816,1650,430,527,233,221,985,1670,1024,1738,473,319,170,948,1399,1446,1848,298,2010,1933
1124: 833,946,263,112,747,2004,1972,1964,1077,882,1677,62,1579,662,1858,1997,22,1383,798
1125: 893
1126: 
1127: 
1128: 1903,294,2019,1419,1083,698,1038,41,1781,958,1484,670,786,1034,477,251,1756,1578,1362,1568,962,1479,435,1342,1540,1045,1977,1099,1798,1595,1520,180
1905: 
1130: 1321,553,139,32,1040,1208
1131: 
1132: 
1133: 1176,1692
1134: 
1135: 411,1142
1136: 425,433
1991: 600
1138: 1121,1852,1974,416,34,1944,201,1158,2015,1957,1883,718,938,719,1926,1562,13,902,797,267,1246,1622,98,130,904
1139: 
1653: 1183,1440,220,181,1260,578,1575,1804,491,253,426,760,2003,1969,1023,1141,558,1417,1633,120,638,1355,1591
1141: 491,253,426,760,1179,2003,262,1969,1023,1552,876,928,558,1417,1633,120,638,236,807,1653,1183,1440,578,1575,1804,1355,1591
1142: 411,1135
1143: 
1784: 1267,54,687,365,669,785,134,1202,1341,2007,81,1186,463,965,990,1684,1377,1408,1945,408,495,1318,1988
1696: 232
1146: 392
1147: 1162,25
1148: 464,1716,1982
2018: 1746,1027,1514,1577,506,1983,541,1840,699,493,804,901,1189,682,405,203,625,618,1159,1750,1356,1150,183,831,844,1545,1737,1322,1558
1150: 183,831,844,1545,1737,1322,1558,1514,506,541,699,2018,1159,1750
1151: 428,1058,1203,941,1436
1152: 264,1555,573,1350,478,561,2006,934,487,935,653,1697,494,377,836,1095,1529,594,1000,1237,358,1824,335,176
1153: 
1857: 2013,1745,7,26,1863,1221,1455,141,777,12,1338,514,1828,1331,663,1764,1073,1496,1810,58,567,314,1225,227,808,1570
1625: 795
2019: 1903,294,1419,1083,698,1038,1128,41,1781,958,1484,670,786,1034,477,251,1756,1578,1362,1568,855,962,1479,435,1342,1540,1045,1977,1099,1798,940,1595,1520,180,1249,1634,1088,1943,1968,179
1157: 1984
1158: 121,1121,1974,416,1944,201,2015,1957,862,1883,718,469,769,719,1562,1464,122,1138,1360,797,1606,267,1246,820,1622,98,130,971,904
1159: 1746,1027,1514,506,1983,541,1840,699,493,804,901,2018,1189,405,203,625,1750,1356,1150,831,844,1545,1737,1558
1160: 713,2001,78,1772,1056,1185,1276,1769,304,924,942,1421,939,933
1161: 1605
1162: 1147
1840: 1746,1027,1514,1577,506,1983,541,699,493,804,901,2018,682,203,625,618,1159,1750,844,1545,1737,1322,1558
1164: 1366,28
1923: 1521,1216,2008,266,655,49,1043,1029,1598,249,1736,333,1091,208,100,1257,1042,1061,879,1896,1275,1992,929
1166: 145,427,2009,343,1614,1371,779,1534,1205,503,1288,1528,331
1167: 1521,1216,2008,655,850,1060,1029,249,1091,1257,1042,1061,879,1275
1168: 339,574,818,394,635,229,916,870,307,2000,1819,1993,458,1499,302,77,1800,1244,685,217,629,1204
1967: 
1645: 765,1702,712,1709,363,1973
1171: 1281
1172: 1407,1676,2005,303,1020,1940,1191,1270,1884,1243
1173: 605,781
1174: 
1175: 
1176: 1133
1177: 1181,1774,1263,1487,2017,1280,1210,1690,83,856,1588,949,163,1560,1319,1429,863,1752,1740,1860
1940: 1407,1676,2005,303,370,1233,1563,239,1020,1172,1191,1270,1315,1032,1884,1243
1179: 491,253,426,760,2003,262,1969,1023,1552,876,928,1141,558,1417,120,638,236,807,1440,578,1575,1804,1355,1591
1180: 
1181: 1589,1177,1774,1263,1487,2017,1280,123,47,1710,945,1210,1690,1394,1079,83,856,1588,692,949,156,163,1560,1319,863,1752,1740,1860
1182: 1766,152,108,539,1021
1183: 1653,1440,220,181,1260,578,1575,1804,491,760,2003,1969,1141,1417,1633,1355
1184: 
1185: 713,2001,617,1160,1772,1056,1276,1769,304,114,1005,9,45,261,920,1787,1434,924,942,939,933
1186: 1267,54,687,365,669,785,134,1784,1341,2007,81,463,965,990,1684,1377,1408,1945,408,495,1318,1837,1988
1187: 
1188: 
1189: 1027,1514,1983,541,493,901,2018,682,405,618,1159,1356,831,1558
1190: 1554,298,144,1760,590,599,1004,1476,1250,1214,2010,1116,936,1641,811,780,1933,1309,1024
1191: 1407,1676,2005,303,1233,1563,239,1020,1172,1940,1270,1315,1032,1884,1243
1192: 51,1789
1193: 117
1194: 
1195: 764
1196: 
1197: 
1772: 713,2001,617,1799,1160,1056,1185,1276,1769,304,45,920,1787,933
1199: 526
1755: 
1201: 944
1202: 1267,54,687,365,669,785,134,1784,1341,2007,81
1203: 1151
1204: 1602,109,409,1770,132,1728,1244,685,217,629,1168,574,635,229,1015,916,870,237,2000,1819,1993,458,1499,1053,302,77,1800
1205: 145,1892,427,30,462,2009,343,317,1614,1371,1971,779,403,727,1534,503,1288,1166,1528,178,756,331
1987: 
1822: 
1208: 1130,1321,553,139,32,1040
1209: 
1210: 1589,1177,1181,1774,1263,1487,2017,1280,1710,945,1690,1394,1079,83,856,1588,692,949,156,163,1560,1319,1429,863,1752,1740,1860
1211: 
1679: 519
1213: 1734,1492,352
1214: 1554,298,144,1760,590,599,1004,1190,1476,1250,2010,1116,936,1641,811,780,1933,1309,559,430,985,1024,1738,170,1399,1120
1215: 1475,247,650,1587,2014,448,1938,1118,1879,555,1611,1300,131,1901,1825,803
1216: 1521,2008,266,1923,655,49,1043,850,1060,1029,1598,249,1736,333,1091,208,100,1257,1042,1061,879,1275,1167,1992
1217: 
1218: 1428,1637,1277,1028,637,1036,476,867,906,1980,897,1450,1078,1864
1885: 502,1995,1294
1220: 231,149
1221: 582,2013,1019,1224,1561,1745,7,26,1863,86,141,777,1541,514,1331,1265,663,1764,1073,1496,1810,58,567,314,1225,808,1857
1222: 
1223: 69,1298,1792
1224: 582,2013,1019,7,1221,141,777,514,1265,1073,1496,1810,58,567,314,1225,808
1225: 582,2013,1019,1224,1745,7,26,1221,1455,86,141,777,1541,1338,514,1331,1265,663,1073,1496,1810,58,567,314,808,1857
1226: 
1227: 
1228: 1330,701,1725,18,1295,1724,2016,479,1714,597,1953,1713,1381
1760: 1554,298,144,590,599,1004,1190,1476,1250,1214,2010,936,1641,811,780,1933,1309,1024,1120
1230: 1754
1231: 1326,1985
1232: 
1233: 1407,947,1676,2005,303,370,286,1563,239,1020,1033,1940,1191,1270,1315,1884,1243
1234: 
1896: 1521,2008,266,1923,49,1043,1598,1736,1091,208,100,879,1275,1992,929
1236: 
1237: 358,1824,335,176,836,1095,1529,594,264,1350,1152,2006,934,487,653,494
1876: 739
1239: 
1240: 666,146,1351,2002,1865,1308,296,172,273,1706,87,1921,1719
1241: 
1914: 620,896
1243: 1270,1315,1032,1884,1407,2005,1233,1020,1172,1940,1191
1244: 1602,109,409,1770,132,1728,685,217,629,1204,1168,574,818,394,635,229,1015,916,870,237,307,2000,1993,458,1499,1053,302,77,1800
1245: 
1246: 121,1121,1974,416,34,1944,201,1158,532,2015,1957,1883,718,719,1926,1562,1464,122,13,1138,797,267,820,1622,98,130
1247: 364
1248: 
1249: 1634,1961,1088,1943,1968,179,2019,1034,251,1568,940,1520,180
1250: 1554,298,144,1760,1190,1476,1214,2010,1116,936,1933,1309,963,430,527,233,985,1024,1738,170,948,1399
1251: 
1252: 
1253: 
1800: 1015,916,1432,1712,870,237,307,2000,1819,1993,458,196,1499,1053,302,77,903,1168,339,574,818,229,1602,409,1770,132,1728,1244,217,629,1204
1644: 
1256: 2012,730,414,238,293,1859,1332,821,1948,1533,1895,1956,1564,1482,1424,1783,417,1471
1257: 1521,1216,2008,266,1923,655,850,1060,1029,1598,249,1736,333,1091,208,100,1042,1061,879,1275,1167,1992
1258: 
1259: 486,383
1260: 1653,1183,1440,220,181,578,1575,1804,491,426,2003,1417,1633
1261: 1059,538
1262: 1460
1263: 1589,1177,1181,1774,1487,2017,1280,123,47,1710,945,1210,1394,1079,83,856,949,163,1560,1319,1740
1680: 1361,259
1265: 582,2013,1019,1224,1745,7,26,1409,1221,1455,86,777,1541,1338,1331,663,1810,58,567,314,1225,808
1266: 1449
1267: 54,687,365,669,785,134,1784,1202,1341,2007,81,1186,463,1684,222,1408,1945,1318,1837,1988,1052
1268: 
1912: 
1270: 1315,1032,1884,1243,1407,2005,1233,1563,239,1020,1172,1940,1191
1868: 
1272: 468,234,1698
1273: 
1274: 
1275: 1521,1216,2008,266,1923,655,49,1043,850,1060,1029,1598,249,1736,333,1091,208,100,1257,1042,1061,879,1896,1167,1992
1276: 713,2001,617,1799,78,1160,1772,1056,1185,1769,304,924,942,1421,939,933
1277: 1428,1637,1805,1028,1036,1218,476,906,897,246,1078,1864
1278: 
1279: 299,1361
1280: 1589,1177,1181,1774,1263,1487,2017,123,47,1710,945,1210,1690,1394,1079,83,856,1588,692,949,156,163,1560,1319,1740,1860
1281: 1171
1282: 
1283: 
1284: 313,611,2011,1433,874,1838,1469,528,270,1853,1103,184,136,74,1435,475,1523,1708,981,1080
1285: 
1961: 1249,1634,1088,1943,940
1287: 673,511
1288: 145,427,30,2009,1371,779,1534,1205,503,1166,1528,178,756,331
1289: 1808,297,284,452,1660,1990,770
1290: 
1291: 
1292: 1911,604
1293: 854,905,1742
1294: 502,1995,1885
1295: 1330,701,1725,18,1724,2016,1924,479,1228,597,1953
1296: 624
1297: 
1298: 69,1792,1223
1299: 1615
1300: 1215,1475,247,650,1587,2014,448,1938,1118,555,1611,131,1901,1825,803
1301: 886,400,656
1872: 1507
1303: 1555,1350,478,2006,934,732,1697,494,1518,1824,335
1954: 1631,436
1767: 
1306: 125,824,158
1307: 
1308: 666,378,146,1351,2002,1865,1659,499,535,1339,296,172,1240,273,1706,1921,1719
1309: 963,816,559,430,527,233,221,985,1670,1024,1738,319,170,1123,948,1399,1120,1446,1848,1554,298,144,1760,590,599,1004,1190,1476,1250,1214,2010,1116,936,811,1933
1674: 731,1092,540,829
1311: 977,1016
1932: 33
1313: 1385,556,516,675
1981: 292,1517
1315: 1270,1032,1884,1243,1407,2005,1233,1563,239,1020,1940,1191
1316: 
1317: 
1318: 1823,1684,1377,222,1408,1945,408,495,1837,1988,1052,965,990,1267,54,687,669,785,134,1784,1341,2007,81,1186,463
1319: 1560,1429,863,1752,1740,1177,1181,1774,1263,1487,2017,1280,945,1210,1690,1394,1079,83,856,163
2014: 1215,1475,247,650,1587,448,1938,1118,1879,555,1611,1300,131,1901,1825,803
1321: 1130,553,139,32,1040,1208
1322: 1150,183,844,1545,1737,1558,1746,1514,1983,541,1840,699,2018,203,625,1750
1918: 
1324: 
1325: 
1326: 1231,1985
1327: 
1328: 
1329: 
1330: 701,1725,1295,1724,2016,1924,1228,1953,1381
1331: 582,2013,1019,1561,1745,7,26,1863,842,1409,1221,1455,86,141,777,1541,12,1338,514,1265,1764,1496,1610,1810,58,567,314,1225,227,1857
1332: 2012,730,414,238,293,1859,192,821,1763,1948,1599,351,1895,1956,1256,1482
1798: 1903,2019,1419,1083,698,1128,41,958,670,1034,477,251,1568,962,1479,435,1045,1977,1595,1520,180,1634,1088,1943,1968,179
1846: 1735
1335: 
1336: 
1337: 
1338: 2013,1745,7,26,842,1409,1455,86,12,514,1828,1331,1265,663,1764,1810,58,567,314,1225,227,808,1570,1857
1339: 378,146,1046,1351,2002,1308,1659,499,535,273,1791,1706,1921,387
1340: 244
1341: 1267,54,687,365,669,785,134,1784,1202,2007,81,1186,463,965,1684,1408,495,1318,1988
1342: 294,2019,1083,1038,1128,1781,1484,786,477,1362,962,1479,435,1540,1977
1343: 
1344: 
1345: 
1346: 
1347: 
1348: 
1825: 1901,803,1215,1475,247,1587,2014,448,1938,1118,1879,555,1611,1300,131
1350: 1555,573,478,1152,2006,934,487,732,653,1697,1303,494,1237,1518,358,1824,335,176
1351: 666,378,146,1046,2002,1865,1308,1659,499,535,1339,296,562,1240,273,1706,1921,387,1719
1352: 
1353: 
1354: 628
1355: 1591,1653,1183,220,578,1804,253,760,1179,2003,1969,1023,1141,1417,120
1356: 831,844,1558,1027,1514,1983,541,901,2018,1189,405,1159
1951: 356
1358: 1873
1359: 763,113
1360: 121,1974,416,1158,2015,1957,862,1452,1883,469,769,719,1464,797,1606,820,1622,971,904
1361: 299,1279,1680,259
1362: 1903,294,2019,1419,1083,698,1038,1128,41,1781,1484,786,1034,477,1756,1568,962,1479,435,1342,1540,1977,1099
1707: 
1835: 1731
1365: 
1366: 1164,28
1367: 
1368: 943,967,1638
1369: 1590,1642
1370: 70
1371: 145,1892,427,30,2009,317,1614,1971,779,403,727,1534,1205,503,1288,1166,178,756,1049,331
1372: 
1373: 
1996: 
1743: 329,162
1376: 
1377: 1823,1684,222,1408,1945,408,495,1318,1837,1988,965,990,785,1784,2007,1186
1747: 68,826
1379: 
1724: 1330,701,1725,18,1295,2016,1924,479,1714,1228,597,1953,1713,1381
1381: 1713,597,1330,701,1725,18,1724,2016,1924,479,1714,1228
1382: 
1383: 833,946,263,1124,112,747,2004,1972,1077,882,1677,62,1579,662,361,1858,1997,22,798
1384: 242,1729,1574,1623,1527,1096,771
1385: 556,774,516,1313,675
1386: 1495
1705: 534
1388: 5,1592
1389: 
1971: 1892,427,30,462,2009,343,317,1614,1371,779,403,727,1534,1205
1734: 1213,352
1392: 
1393: 
1394: 1589,1181,1774,1263,1487,2017,1280,123,47,1710,945,1210,1079,83,856,156,1319
1395: 
1396: 
1722: 1785,383
1640: 
1399: 1309,963,816,1650,559,430,527,233,221,985,1670,1024,1738,473,319,170,1123,948,1120,1446,1848,1554,298,144,590,599,1004,1476,1250,1214,2010,1116,936,811,1933
1791: 378,146,1816,1046,2002,1659,499,1339,562,1921,387
1401: 619
1908: 
1403: 
1404: 695,150
1632: 643
1406: 
1407: 947,1676,2005,303,370,286,1233,1563,239,1020,1172,1940,1191,1270,1315,1032,1884,1243
1408: 1823,1684,1377,222,1945,408,495,1318,1837,1988,965,990,1267,54,687,365,785,134,1784,1341,2007,81,1186,463
1409: 582,2013,1019,1561,1745,26,1863,842,86,1541,12,1338,1331,1265,1764,1610,1810,58,227
1410: 
1411: 
1412: 
1805: 1637,1277,1028,1036,897,246,1864
1414: 
1926: 1121,34,1944,201,532,2015,1957,1883,718,938,1562,13,1138,1246,820,98
1845: 588
1417: 491,426,760,1179,2003,262,1969,1023,1552,1141,558,1633,638,807,1653,1183,1440,220,181,1260,578,1575,1804,1355,1591
1808: 297,284,452,1289,1660
1419: 1903,2019,698,1128,41,1781,958,1484,786,477,251,1756,1578,1362,1568,855,962,1479,435,1540,1045,1977,1099,1798,1595,180,1634,1968,179
1420: 337,381,1501,737
1421: 924,942,939,933,9,2001,1160,1276,1769
1422: 
1992: 1521,1216,2008,266,1923,655,49,1598,1736,333,1091,208,100,1257,1061,879,1896,1275,929
1424: 2012,730,414,238,293,1859,192,821,1948,1533,1256,1564,1482,1783,417,1471
1425: 
1426: 48,1929,744,423,320,155
1427: 
1428: 1637,1277,637,1036,1218,476,906,1980,1078,1864
1429: 1560,1319,863,1752,1740,1860,1177,1774,2017,945,1210,1690,83,856,163
1430: 1870
1431: 413
1432: 1015,1712,870,237,2000,1819,1993,458,196,1053,302,1800,903,132,217
1433: 313,2011,874,1838,1469,528,270,1853,184,136,1284,74,1435,475,1523,1708,981,1080
1434: 261,920,1787,114,1005,45,933,2001,617,1185,1769,304
1435: 313,2011,1433,874,1838,1469,528,184,136,1284,1523,1708,981,914,1795,1080
1436: 1151,428,1058,941
1437: 
1819: 1015,916,1432,1712,870,237,307,2000,458,196,1499,1053,302,77,1800,903,1168,339,574,818,394,217,1204
1439: 738,1963
1440: 1653,1183,220,181,1260,578,1575,1804,491,426,1179,2003,262,1969,1141,1417,1633
1441: 
1815: 
1443: 854,905
1444: 
1445: 
1446: 1309,963,816,527,233,1670,1024,319,1123,948,1399,1120,1848,1554,298,144,590,599,1476,2010,1116
1447: 627
1448: 968
1449: 1266
1450: 476,867,906,1980,897,246,1078,1864,1637,1028,1218
1451: 
1452: 1974,416,2015,862,769,72,719,1360,971
1453: 
1698: 468,1272
1455: 2013,1745,7,26,12,1338,514,1828,1331,1265,663,1764,1496,1810,58,567,314,1225,227,808,1570,1857
1917: 983
1704: 
1458: 
1692: 1133
1460: 1262
2005: 1407,947,1676,303,370,286,1233,1563,239,1020,1172,1033,1940,1191,1270,1315,1032,1884,1243
1462: 36
1463: 615
1464: 121,1852,1974,416,1944,201,1158,532,2015,1957,862,1883,718,469,938,1562,122,1360,797,1965,1606,1246,820,1622,98,971,904
1465: 
1726: 
1754: 1230
1468: 
1469: 313,611,2011,1433,874,1838,528,270,1853,1103,184,136,1284,74,1435,475,1523,1708,981,1080
1470: 1894,995,978
1471: 1783,417,2012,414,238,293,1859,821,1533,1256,1564,1482,1424
1472: 
1473: 1493,195
1745: 582,2013,1019,7,26,842,1409,1221,1455,86,777,1541,12,1338,1331,1265,663,1764,1610,1810,58,567,314,1225,227,808,1857
1475: 1215,247,650,1587,2014,448,1938,1118,1879,555,1611,1300,1901,1825,803
1476: 1554,298,144,1760,590,599,1004,1190,1250,1214,2010,1116,936,1641,811,780,1933,1309,816,559,430,527,233,985,1024,1738,319,170,1399,1120,1446,1848
1477: 608
1478: 
1479: 1903,294,2019,1419,1083,698,1038,1128,41,958,670,1034,477,251,1756,1362,1568,962,435,1342,1540,1045,1977,1798,1595,1520,180,1088,179
1947: 510
1481: 
1482: 2012,730,414,238,293,1859,1332,192,821,1948,351,1533,1956,1256,1564,1424,1783,417,1471
1483: 
1484: 1903,294,2019,1419,1083,698,1128,41,1781,670,786,1034,251,1756,1578,1362,1568,962,435,1342,1540,1977,1099,940,1595,1520,180,1634
1915: 951
1858: 833,946,263,1124,112,747,2004,1972,1964,1077,882,1677,62,1579,662,1997,22,1383,798
1487: 1589,1177,1181,1774,1263,2017,1280,123,47,1710,945,1210,1690,1394,1079,83,856,1588,692,949,156,163,1319,1740
1488: 575,1854
1489: 
1490: 1757
1491: 1509
1492: 1213,587,352
1493: 1473,195
1494: 
1495: 1386
1496: 582,2013,1224,7,1863,1221,1455,141,777,12,514,1828,1331,663,1764,1073,1610,1810,58,567,314,1225,1857
1497: 1939,461
1498: 
1499: 1015,916,870,237,307,2000,1819,458,302,77,1800,903,1168,339,574,818,394,635,229,409,1244,217,629,1204
1500: 
1501: 337,381,1420,737
1502: 
1503: 
1504: 115,167
1505: 980
1839: 1639
1507: 1872
1508: 
1509: 1491
1510: 584,723,209
1888: 1072,384
1512: 
1969: 491,426,760,1179,2003,262,1023,928,1141,1417,120,1653,1183,1440,220,578,1575,1804,1355,1591
1514: 1746,1027,1577,506,1983,541,1840,699,493,804,901,2018,1189,682,405,203,625,618,1159,1750,1356,1150,831,844,1545,1737,1322,1558
1515: 1638
1516: 
1517: 292,1981
1518: 358,1824,335,176,1350,2006,934,1303,494
1783: 417,1471,2012,730,414,293,1859,821,1256,1564,1482,1424
1520: 1903,2019,1083,698,1128,1484,670,1034,251,1568,962,1479,435,1045,1977,1099,1798,940,1595,180,1249,1634,1088,1943,1968,179
1521: 1216,2008,266,1923,49,1043,1060,1029,1598,249,1736,333,1091,208,100,1257,1042,1061,879,1896,1275,1167,1992
2008: 1521,1216,266,1923,655,49,1043,850,1060,1029,1598,249,1736,333,1091,208,100,1257,1042,1061,879,1896,1275,1167,1992,929
1523: 313,2011,1433,874,1838,1469,528,270,1103,184,136,1284,1435,475,1708,981,914,1795,1080
1524: 
1525: 1576
1526: 
1527: 1384,242,1729,1623
1528: 1166,145,2009,1534,1205,503,1288,178,756,331
1529: 836,1095,594,1000,264,573,561,1152,2006,487,653,494,377,1237,358,335,176
1530: 
1531: 
1532: 509,204
1533: 2012,414,238,1859,1948,1895,1956,1256,1482,1424,417,1471
1534: 145,1892,427,30,2009,343,317,1614,1371,1971,779,403,1205,503,1288,1166,1528,178,756,1049,331
1535: 418
1536: 881
1537: 71
1538: 
1823: 1684,1377,222,1408,1945,408,495,1318,1837,1988,1052,2007
1540: 1903,294,2019,1419,1083,698,1038,1128,41,1781,958,1484,786,477,1756,1362,962,1479,435,1342,1045,1977
1541: 582,2013,1019,1561,1745,26,1863,842,1409,1221,86,777,1331,1265,1610,1810,1225
1542: 
1543: 1012,1057
1732: 613
1545: 1150,183,831,844,1737,1322,1558,1746,1514,506,1983,541,1840,699,2018,625,1159,1750
1546: 1021,1766,152,539,85
1664: 
1548: 
1818: 
1550: 728
1551: 
1552: 491,426,1179,2003,262,876,200,1141,558,1417,1633,638,807
1553: 
1554: 298,144,1760,590,599,1004,1190,1476,1250,1214,2010,1116,936,1641,780,1933,1309,527,1024,1399,1446,1848
1555: 264,573,1350,478,561,1152,2006,362,934,487,732,935,653,1697,1303,494,377,836,594,1000,176
1556: 240
1629: 
1558: 1356,1150,183,831,844,1545,1322,1027,1514,1983,541,1840,901,2018,1189,405,203,625,618,1159,1750
1631: 1954,436
1560: 1319,1429,863,1752,1740,1860,1177,1181,1774,1263,2017,1280,1210,1690,83,856,1588,949,163
1561: 582,2013,1019,26,1863,842,1409,1221,86,777,1541,12,1331,1610,1810,58
1562: 121,1121,1852,1974,416,34,1944,201,1158,532,2015,1957,862,1883,718,469,938,719,1926,1464,122,13,1138,902,797,1965,267,1246,820,1622,98,130,904
1563: 1407,947,1676,2005,303,370,286,1233,239,1020,1033,1940,1191,1270,1315,1032,1884
1564: 2012,730,414,293,1859,192,821,1948,351,1256,1482,1424,1783,417,1471
1836: 
1566: 177
1721: 
1568: 1903,2019,1419,698,1128,41,958,1484,670,786,1034,251,1756,1578,1362,962,1479,435,1045,1977,1099,1798,940,1595,1520,180,1249,1634,1088,1943,1968,179
1964: 833,946,263,1124,747,2004,1972,1077,882,1677,62,1579,361,1858,1997
1570: 2013,7,26,1455,12,1338,514,1828,663,1764,58,567,227,1857
1990: 297,284,452,1289,1660,770
1873: 1358
1573: 349,1832
1574: 1384,242,1729,1623
1575: 1653,1183,1440,220,181,1260,578,1804,491,426,1179,2003,262,1969,1141,1417
1576: 1525
1577: 1746,1514,506,1983,1840,699,493,804,2018,203,625,618,1750
1578: 1903,2019,1419,698,1128,41,1781,958,1484,786,251,1756,1568,855,1045,1977,1099,1595,180,1634,1968,179
1579: 833,946,263,1124,112,747,2004,1972,1964,1077,882,1677,62,361,1858,1997,1383
1731: 1835
1860: 1560,1429,863,1740,1177,1181,2017,1280,1210,1690,1588,692,949,163
1582: 
2016: 1330,701,1725,18,1295,1724,1924,479,1714,1228,597,1953,1713,1381
1584: 
1824: 1237,1518,358,335,176,1350,1152,2006,934,487,653,1303,494
1811: 572
1587: 1215,1475,247,2014,1938,1879,555,1611,1300,131,1901,1825,803
1588: 1589,1177,1181,1774,1487,2017,1280,1710,1210,1690,856,692,949,156,163,1560,863,1752,1740,1860
1589: 1181,1774,1263,1487,2017,1280,123,47,1710,945,1210,1690,1394,1079,83,856,1588,692,949,156,163
1590: 1369,1681,1642
1591: 1355,1653,578,253,760,1179,2003,262,1969,1023,876,928,1141,558,1417,120,236,807
1592: 5,1388
1593: 1025,1048
1762: 
1595: 1903,2019,1419,698,1128,41,958,1484,786,1034,477,251,1756,1578,1568,855,1479,435,1045,1977,1099,1798,1520,180,1634,1088,1943,1968,179
1812: 
1942: 393
1598: 1521,1216,2008,266,1923,655,49,1043,1060,1029,249,1736,333,1091,100,1257,1042,1061,879,1896,1275,1992
1599: 2012,730,414,293,1332,192,821,1763,1948,351,1895
1600: 
1756: 1903,2019,1419,698,1038,1128,41,1781,958,1484,786,477,1578,1362,1568,855,1479,435,1540,1045,1099,1595
1602: 109,409,1770,132,1728,1244,685,217,629,1204,635,229,1015,237,2000,1993,458,1053,302,77,1800
1867: 
1604: 
1605: 1161
1606: 121,1974,416,201,1158,2015,1957,862,1883,469,769,1464,122,1360,797,1965,820,1622,971
1607: 
1638: 1515,943,1368
1927: 694
1610: 582,2013,1561,1745,7,26,1863,842,1409,86,777,1541,12,1331,1764,1496,1810,58,227
1611: 1215,1475,247,1587,2014,448,1938,1118,555,1300,1901,1825,803
1799: 713,2001,1062,617,78,1772,1056,1276,304
1613: 
1614: 145,427,30,462,2009,343,317,1371,1971,779,727,1534,1205,503,1166
1615: 1299
1616: 
1982: 1148,464,1716
1660: 1808,297,284,452,1289,1990