0: 1706
1: 1512,279,801
2: 1111,967,1195,1538
3: 823,500
4: 
5: 
6: 
7: 567,1570,58,1073,2013,777,1863,12,1745,1224,1541
8: 592
9: 
10: 274,1729
11: 
12: 567,1409,1570,58,26,1073,2013,1496,808,777,7,1225,1863,1745,1338,141,1810,314,86,1857,227,1224
13: 122,130,1974,1622,2015,1957,1883,532,769,1926,862,718
14: 
15: 453
16: 1963,1481
17: 218
18: 1381,1228,206,1724,2016,1713,1924,1725,1295
19: 1605,1316,1832
20: 858,1147
21: 1236,802
22: 
23: 312
24: 65
25: 364,1557,1231,1450,1493,338,637
26: 567,1409,1570,58,1073,2013,582,1496,808,777,1225,12,1745,1338,141,314,514,86,1857,842,1331,227,1224,1541
27: 715
28: 
29: 
30: 1534,462,1614,145,178,331,779,2009,1892,1971,727
1994: 
32: 468,152
33: 440,1993
34: 1668,927,1891,1562
35: 
36: 502
37: 1192,543
38: 363,285,1959
39: 
40: 1094
41: 934,73,1075,747
42: 1631,1849,789
43: 1267
1934: 448,756,2014,1587,1611
45: 
46: 
47: 2017,1487,1429,856,1560,1079,1394,1774,1588,1263,949,1752,692,1690,163,1280,156
48: 402,84
49: 2008,879,929,1060,1763,1257,1029,333,1091,1042,208,1923,1736
50: 
51: 
52: 
53: 
54: 1988,463,2007,1823,965,1408,1052,408,669,687,1945,1318,1001
55: 
56: 1743
57: 
58: 567,1570,26,2013,1496,777,7,1225,1863,12,1745,1338,314,1857,227,1224
59: 1132,979,290
60: 
61: 1440
62: 361,833,1997,882,2004,1677,635,1383
63: 
64: 1162,1628
65: 24
66: 219,362
67: 
68: 1428
69: 1658,621
70: 194
71: 
72: 
73: 934,41,1075,747
74: 475,1853,1523,2011,874,1435,1080,184,1795,313,528,914
75: 159
76: 
77: 1678,1799,2001,1062,1787,1276,942
78: 
79: 
80: 
81: 
82: 
83: 2017,123,1429,856,1560,1079,1774,1588,1263,1177,1752,1690,163
84: 48,402
85: 
86: 567,1409,1570,26,1073,2013,582,1496,808,777,1225,12,141,314,514,842,1331,227,1224,1541
87: 1719,666,1240,296,499,2002,146,1816,387
88: 
89: 464
90: 
91: 
92: 
93: 
94: 
95: 873,1666
96: 
97: 
98: 1974,1622,2015,121,1401,1957,1762,201,1883,130
99: 
100: 2008,1043,1896,1275,1992,850,1763,1257,249,1521,1061,1598,1923
1978: 
102: 
103: 
1925: 113
105: 
106: 1325,254,768,1731
107: 
108: 812
109: 
110: 
111: 
112: 662,1858,2004,1677,635,1383,1124,1884,1964,1579,1972,263,882
113: 1925
114: 1902,1799,2001,754,657,482,1434,1005,1062,1787,1276,1678
115: 
116: 640
117: 
118: 136,893
119: 1358
120: 1417,1575,253,1591,1179,1023,220,760,2003,1260,578
121: 1974,98,1622,2015,1401,1762,201,1883,532,416
122: 130,13,1622,2015,1957,1762,1883,532,416,267,769,1926,1360,862,718
123: 2017,1487,1429,856,1560,1079,1394,1774,1588,1263,1177,83,1752,692,163,1280,156
124: 677,986
125: 
126: 
127: 
128: 311,1310,1766
129: 720,938,696
130: 122,13,1974,98,1622,2015,1401,1957,1762,201,1883,532,769,1926,862,718
131: 247,2014,1475,1901,1587,555,650,1611,1825
132: 
133: 
134: 
135: 
136: 118,893
137: 
138: 364,1557,1231,1450,764,1493,338,637,1922
139: 
140: 889,1382
141: 567,1570,26,1073,2013,777,1225,12,314,514,86,1857,842,1331,227,1224,1541
1963: 16,1481
143: 1819
144: 
145: 178,331,779,2009,403,1892,1288,225,1971,1534,30,462,1614
146: 1240,378,1308,296,499,1659,2002,562,1816,387,1719,87
1916: 1692,835,993,250
148: 
149: 
150: 587
151: 
152: 468,32
1892: 145,178,331,779,2009,1166,403,1288,225,1971,727,1534,30,462,1614
154: 
155: 766,1333,911,1495
156: 2017,1487,123,1429,856,1079,1394,1774,1588,1263,949,1177,1752,692,47,1690,163,1280
157: 892,983
158: 1753,1478,1473,501
159: 75
1957: 1974,98,1622,2015,1401,1762,1883,532,416,769,1926,122,130,13,862,718
161: 
162: 
163: 2017,123,1429,856,1560,1079,1394,1774,1588,1263,949,1177,83,1752,692,47,1690,1280,156
1998: 
165: 
166: 
167: 177,770,1987,1654,1427,600,1337,305
168: 
169: 
170: 963,1120,811,473,590,1250,1004,1190,1476,1933,1024,1641,2010,233,1554,1446,1116,985
171: 1396
172: 
173: 1025,224,431
174: 
175: 
176: 300,800,1054
177: 1055,770,1987,1654,1427,167,600,305,1396
178: 145,331,779,2009,1166,403,1892,1288,225,1971,727,1534,30,462,1614
179: 1578,1419,251,1128,1568,2019,956,670,1977,1249,1520
180: 
181: 
182: 
183: 1840,625,1356,1558,804,376,831,2018,1189,1322,1577,262,493,699,1159
184: 475,1853,1523,2011,1469,874,1435,1080,74,270,313,528,914
185: 
186: 1748,969,1812,773
1975: 
188: 315,1436
2001: 1902,1799,754,657,114,482,1434,1005,1062,1787,1276,942,77,1678
190: 334,796
191: 
192: 2012,1482,417,351,1895,1256,1948,238,1424,1332,1859,293,1564,1599,1533
193: 
194: 70
195: 1500,337
196: 
197: 
1995: 236
199: 
200: 807,1023,220,928,1355,491,760,2003,876,1260,1633,578,426
201: 1974,98,1622,2015,121,1401,1762,1883,532,130
202: 
203: 1017
204: 486
205: 731
206: 18,1724,2016,1713,1924,1725,1295,597
207: 
208: 1783,1598,1167,1923,1736,2008,879,929,1896,1763,1257,333,1091,1042,49,1521
209: 1594
210: 453
211: 585,1831,613,1412,1252,643
212: 325
213: 
214: 
215: 
216: 
217: 237,685,1728,2000,409,1432,1800,1015,1272,229,1160
218: 17
219: 66,362
220: 807,1023,200,928,1355,491,760,2003,876,1260,558,1633,120,1575,1591,1179,578,426
221: 1123,816,780,985,963,1120,811,473,1004,1190,1214,1024,1641,2010,233,1446,1116,936
222: 
223: 
224: 431,1025,173
225: 145,178,331,779,2009,1166,403,1892,1288,1971,727,1534,462
226: 
227: 567,1409,1570,58,26,1073,2013,582,1496,808,777,1225,12,1745,141,314,514,86,1857,842,1331,1224,1541
228: 
229: 2000,409,1272,1602,1499,458,1160,237,685,217
230: 
231: 
232: 632
233: 170,963,1120,811,473,1004,1190,1214,1933,1024,1641,2010,1446,1116,1123,816,780,221,985
234: 
235: 
236: 1995
237: 685,217,1728,2000,409,1432,1015,1272,458,229
238: 2012,1482,417,821,351,1895,1256,1948,192,1332,1859,293
239: 303,1233,1315,286,2005,1407,1243,1676
240: 993
241: 1754,366
242: 516,719,556,1370,791
243: 
244: 352,739,1213
245: 
246: 
247: 131,2014,1475,555
248: 
249: 2008,1043,1896,1275,1992,1060,850,1763,1257,333,1091,100,1521,1061,1598,1923
250: 1692,1916
251: 1484,1961,1419,1798,1568,179,940,2019,956,670,435,1977,1520
252: 
253: 120,1417,1575,1591,1179,1023,1355,760,2003,1260,578
254: 1325,106,768,1731
255: 1502,1443
256: 
257: 
258: 
259: 1818,1531,686
260: 1969
261: 1705,574,713
262: 618,831,2018,1189,1150,682,1322,1577,1027,493,699,901,1840,1356,1558,183,376,1159
263: 662,1858,2004,112,1677,635,1383,1964,1579,361,1997,882
264: 
1884: 662,2004,112,1677,1383,1964,1579,1972,833,882
266: 
267: 416,769,1926,1622,2015,532,122,1360,718
268: 1289,620
269: 
270: 475,1853,1523,2011,1469,874,1435,1080,184,1795,313,528
271: 1097,1313,288,1297,675
272: 
273: 
274: 1464,1729,10
275: 1298,608
276: 894,523
277: 
278: 1262,1723,397
279: 1512,1,801
280: 
281: 1292
282: 
283: 
284: 
285: 741,974,363,38,1959
286: 303,239,1233,2005,1407,1243,1676,1033,1032
287: 1627,1621
288: 1313,1297,675,271
289: 915
290: 1311,781,1291,59,1132,979
291: 944
292: 1585
293: 2012,1482,417,351,1895,1256,1948,238,192,1424,1332,1859,1564,1599,1533
294: 520,1115
295: 
296: 1240,378,1308,499,2002,146,562,1816,387,87
297: 1938,1540
298: 1460
299: 
300: 176,800
301: 1687,1581,1319
302: 1110
303: 239,1233,1315,286,2005,1407,1243,1676,1033,1032
304: 1803,1592
305: 1055,177,770,1987,1654,1427,167,600,1396
306: 1232,552
307: 
1938: 297
309: 
310: 
311: 1310,1766,128
312: 23
313: 475,1853,1523,2011,1469,874,1435,1080,184,1795,74,270,528
314: 567,1409,1570,58,26,2013,582,1496,808,777,1225,1863,12,1338,141,1810,86,1857,842,227,1224
315: 603,188
1993: 440,33
317: 
318: 1335,1283
319: 963,811,590,1250,1004,1190,1214,1024,2010,936,985
320: 534
321: 
322: 1607
323: 
1902: 1799,2001,754,657,114,482,1434,1005,1062,1787,1276
325: 688,212
326: 
1953: 
328: 
329: 
330: 
331: 145,178,779,2009,403,1892,1288,225,1971,1534,30,462,1614
332: 
333: 2008,1043,879,929,1896,1275,1060,850,1763,1257,1029,249,1091,1042,49,1521,1783,208,1598,1167,1923,1736
334: 796,190
335: 
336: 683,432,805,470,765,1430
337: 195,1500
338: 364,1557,1231,138,1450,764,1493,637,25,1922
339: 
340: 
341: 1009,515
342: 1663,1057
343: 724,1822
344: 1510,1937,826,1180
345: 
1933: 170,963,1120,811,473,590,1004,1476,1024,1641,2010,233,1554,1446
347: 
1911: 1643
349: 1593
350: 502
351: 2012,417,1895,1948,238,192,1424,1332,1859,293
352: 244,992,739,1146
1970: 
354: 752
355: 885,1525,1681
356: 
357: 
358: 836,1555,1303,487,1529,1237,564,478,2006,732,1399,494,935,573,653
359: 
360: 
361: 62,833,1997,882,2004,1677,635,263
362: 219,66
363: 741,38,285,1959
364: 1557,1231,138,1450,764,1493,338,637,25,1922
365: 1408,1052,408,669,687,1945,1202,1318,1001,463,2007,965
366: 241
367: 
368: 
369: 960
370: 910
371: 1700,1251
372: 1669,1294
1893: 1784,820,1878
374: 1014,980
1913: 
376: 901,1840,625,1356,1558,804,183,618,831,2018,1189,682,1322,1577,1027,262,493,699,1983,1159
377: 1730,1095
378: 1240,1308,296,499,1659,2002,146,562,1816
379: 
1901: 2014,1475,1587,555,650,1611,1825,448,756,131
381: 1860,1115
382: 
383: 
384: 729
1974: 98,1622,2015,121,1401,1957,1762,201,1883,532,130,13
386: 1386,586
387: 1240,1308,296,499,2002,146,562,1816,1719,87,666
388: 1437,805,470,765
389: 
390: 1939,617,1789,784
391: 
392: 1107
393: 937
394: 
395: 512
396: 551,520,1115,1565
397: 1262,1723,278
398: 1918,1873
399: 
400: 865
401: 1346
402: 48,84
403: 145,178,331,779,2009,1166,1892,1288,225,1971,462,1614
404: 
405: 1049,1545,1956
406: 
1958: 1066
408: 1408,1052,669,687,365,1945,1202,1318,1001,1988,463,2007,54
409: 2000,870,1432,1800,1015,1272,1550,1130,1602,458,229,1712,1160,237,217,1728
410: 
411: 959,1930
412: 
413: 1164,1694,1266,1755,1397
414: 
415: 
416: 267,769,1926,1622,2015,121,1401,1957,1762,532,122,718
417: 2012,1482,821,351,1895,1256,1948,238,192,1424,1332,1859,293,1564
418: 
419: 1008,1637
420: 595
1930: 411,959
422: 1861
423: 
1937: 1510,584,344,826,1180
425: 
426: 578,807,1023,200,220,928,1355,491,760,2003,1260,1633,1575,1179
427: 
428: 740,1805
1956: 1049,1545,405
430: 
431: 224,1025,173
432: 683,1437,336,470,765
433: 678,1212
1939: 390,617,1789,784
435: 1484,1961,1419,1798,251,940,2019,956,1977,1520
436: 1305
437: 
438: 
439: 1671,1973
440: 33,1993
441: 
442: 
443: 
444: 868,1640
445: 
446: 1505
447: 
448: 1934,1825,756,2014,1475,1901,1587,1611
449: 
450: 1898,452,1540
451: 703
452: 450,1898,1540
453: 210,15
454: 
455: 
456: 1462,711
457: 918
458: 2000,870,409,1432,1800,1015,1272,1550,1130,1602,229,1712,1160,237
459: 
460: 1976,560,866,1644,1379
461: 
462: 1534,30,1614,145,178,331,779,2009,1166,403,1892,1288,225,1971,727
463: 1988,2007,54,1823,965,1408,1052,408,669,687,365,1945,1202,1318,1001
464: 89
465: 733,743
466: 
1945: 1408,1052,408,669,687,365,1318,1001,463,2007,54,1823,965
468: 32,152
469: 1852
470: 683,1437,432,336,805,388,765,1430
471: 1703,1874
472: 
473: 170,963,1120,811,590,1250,1004,1190,1214,1476,1933,1024,1641,2010,233,1554,1446,1116,936,1123,816,780,221,985
474: 
475: 1853,1523,2011,1469,874,1435,1080,184,1795,74,270,313,528,914
476: 1044
477: 
478: 1000,1529,1237,564,2006,732,1399,494,573,836,358,1555,1303,487
479: 
480: 1131,872
481: 1962,691
482: 1902,1799,2001,754,657,114,1434,1005,1062,1787,1276,942
483: 
1980: 
485: 
486: 204
487: 836,358,1555,1303,1237,564,478,2006,732,1399,494,935,573
1898: 450,452,1540
489: 
490: 1270
491: 807,1023,200,220,928,1355,760,2003,1260,1633,1575,1179,578,426
492: 1537,1333,1148,1495,1597
493: 618,831,2018,1189,682,1322,1577,1027,262,699,1983,901,1840,625,1356,1558,804,183,376,1159
494: 1000,1529,1237,564,478,2006,732,1399,935,573,653,836,358,1555,1303,487
495: 1950
496: 1845
497: 695,1855,633,1518
1968: 
499: 1240,378,1308,296,2002,146,562,1816,387,1719,87
500: 3
501: 1753,158,1478,1473
502: 350,36
503: 
504: 1118
2010: 170,963,1120,811,473,590,1250,1004,1190,1214,1476,1933,1024,1641,233,1554,319,1446,1116,936,1123,816,780,221,985
506: 
507: 
508: 
509: 
510: 
511: 
512: 395
513: 
514: 567,1409,1570,26,1073,2013,141,86,842,1331,227,1224,1541
515: 341,1009
516: 242,556,1370,791
517: 991,1081
518: 
519: 
520: 294,1860,1115,396,551,1565
521: 
1977: 1961,1419,1798,251,1128,1568,179,940,2019,956,670,435,1520
523: 894,276
524: 978
525: 
526: 1944
527: 1494,890,790
528: 475,1853,1523,2011,874,1435,1080,184,1795,74,270,313,914
529: 1590,941
530: 
531: 
532: 1974,1622,2015,121,1401,1957,1762,201,1883,416,267,769,1926,122,130,13,1360,862,718
533: 
534: 320
535: 820,1878
536: 
2003: 807,1023,200,220,928,1355,491,760,876,1260,558,1633,120,1417,1575,253,1591,1179,578,426
538: 
539: 
540: 
541: 
542: 
543: 37,1192
544: 622
545: 878,1344
546: 1253
547: 1792
548: 762
549: 1610,1083,1781
1997: 62,361,833,882,2004,1677,635,1383,263
551: 396,520,1565
552: 1232,306
553: 1056
554: 
555: 2014,1475,1901,1587,650,1611,1825,247,131
556: 719,1370,516,242,791
557: 
558: 807,220,1355,2003,876,1417,1591,1179
559: 
560: 1976,460,866,1644
561: 
562: 378,1308,296,499,2002,146,1816,387
563: 
564: 1000,1529,1237,478,2006,732,1399,494,935,573,836,358,1555,1303,487
565: 
566: 
567: 1570,58,26,1073,2013,777,7,1225,1863,12,1745,141,314,514,86,1857,227,1224,1541
568: 
2013: 567,1409,1570,58,26,1073,582,1496,808,777,7,1225,1863,12,1745,1338,141,1810,314,514,86,1857,842,1331,227,1224,1541
570: 1133
571: 
572: 
573: 1000,1529,1237,564,478,2006,732,1399,494,935,653,836,358,1555,1303,487
574: 1705,939,713,261
575: 1421
576: 630
577: 1582,1384
578: 426,1023,200,220,491,760,2003,1260,1633,120,1575,253,1179
579: 
580: 
581: 
582: 1409,26,2013,1496,808,1225,314,86,842,1331,227
1910: 
584: 1510,1937,826
585: 1831,613,1412,211,1252,643
586: 386,1386
587: 1301,150
588: 
589: 
590: 170,963,1120,811,473,1250,1004,1190,1214,1476,1933,1024,2010,1554,319,936,985
591: 735,1058
592: 8
593: 1842,1283
594: 
595: 420
596: 
597: 206,2016,1713,1725
598: 782
599: 1760,1848
600: 1055,177,770,1987,1654,1427,167,1337,305
601: 
2012: 1482,417,821,351,1895,1256,1948,238,192,1424,1332,1859,293,1564,1599,1533
603: 315
604: 
605: 1856,672
606: 
607: 1277,1645
608: 1298,275
1929: 
610: 1421
611: 902
612: 1087
613: 585,1831,1412,211,1252,643
614: 
615: 1999,1696
616: 1391
617: 390,1939,1789,784
618: 2018,1189,1150,682,1322,1577,1027,262,493,699,1983,901,1356,1558,376
619: 
620: 1289,268
621: 1658,69
622: 544
623: 
624: 
625: 1840,1356,1558,804,183,376,831,2018,1189,1322,1577,493,699,1159
626: 744,1296
627: 
628: 
629: 
630: 576
631: 1757
632: 232
633: 695,1855,497,1518
634: 
635: 662,2004,112,1677,1383,1579,1972,263,62,361,833,1997,882
636: 
637: 364,1557,1231,138,1450,764,1493,338,25,1922
638: 
639: 
640: 116
641: 1526,1914
642: 1030,1098,775,1909,1171
643: 585,1831,613,1412,211,1252
644: 832
645: 728
1920: 
647: 
1943: 
649: 
650: 2014,1475,1901,1587,555,1611,756,131
651: 
1922: 364,1557,1231,138,1450,764,338,637
653: 1529,1237,2006,732,494,935,573,358,1303
654: 
655: 
656: 1199
657: 1902,1799,2001,754,114,482,1434,1005,1062,1787
658: 
659: 1059
660: 
661: 1343
662: 1858,2004,112,1677,635,1383,1124,1884,1964,1579,1972,263
663: 
664: 
1921: 
666: 1719,87,1240,1308,1659,2002,1816,387
667: 
668: 1941,1193,837,1142
669: 1408,1052,408,687,365,1945,1202,1318,1001,1988,463,2007,54,1823
670: 1578,1419,1798,251,1128,1568,179,2019,956,1977,1249,1520
671: 1542
672: 1856,605
673: 
1931: 
675: 1097,1313,288,1297,271
676: 1351
677: 124,986
678: 433,1212
679: 1532
680: 
681: 786,1479
682: 618,831,2018,1189,1150,1322,1577,1027,262,493,699,1356,376,1159
683: 1437,432,336,805,470,765,1430
684: 995,1170
685: 237,217,1728,2000,229
686: 259,1818,1531
687: 1408,1052,408,669,365,1945,1202,1318,1001,1988,463,2007,54,1823
688: 325,1105
689: 
690: 1672,1053
691: 1962,481
692: 2017,1487,123,1429,856,1079,1774,1588,1263,949,1177,1752,47,163,1280,156
693: 1200
694: 1927,1389
695: 1855,633,497,1518
696: 938,720,129
697: 
698: 
699: 618,831,2018,1189,1150,682,1322,1577,1027,262,493,1983,901,1840,625,1356,1558,804,183,376,1159
700: 1164,1755,1397
701: 1714,1330
2009: 145,178,331,779,1166,403,1892,1288,225,1971,727,1534,30,462,1614
703: 451
704: 1045,861,962
705: 
706: 
707: 1088,1940,798
708: 1580,889,1003,1382
709: 
710: 1293,1679
711: 1462,456
712: 
713: 1705,574,261
2011: 475,1853,1523,1469,874,1435,1080,184,1795,74,270,313,528,914
715: 27,1346
716: 1309,1739
717: 
718: 1360,862,1622,2015,1401,1957,1762,1883,532,416,267,769,1926,122,130,13
719: 556,1370,242
720: 129,938,696
1941: 668
722: 1217
723: 1305,787,1247
724: 343,1822
725: 1642
1887: 946
727: 178,779,2009,1166,1892,225,1971,1534,30,462
728: 645
729: 384
730: 
731: 828,205
732: 1000,1529,1237,564,478,2006,1399,494,935,573,653,836,358,1555,1303,487
733: 465,743
734: 1524,1458
735: 1203,591
1983: 618,2018,1189,1322,493,699,901,1840,1356,1558,376
737: 
738: 
739: 244,352,992,1146
740: 1805,428
741: 974,363,285,1959
1989: 
743: 465,733
744: 1296,626
745: 
746: 
747: 1075,934,73,41
748: 
749: 1410,1515,1188
750: 1842
751: 
752: 354
753: 1248
754: 1902,1799,2001,657,114,482,1434,1005,1062,1787,1276,942
755: 
756: 1934,1825,448,2014,1475,1901,1587,650,1611
757: 
758: 
759: 1655
760: 807,1023,200,220,928,1355,491,2003,1260,1633,120,1575,253,1591,1179,578,426
761: 1824
762: 548
763: 1477,1388
764: 364,1557,1231,138,1450,338,637,1922
765: 683,432,336,805,470,388,1430
766: 911,1827,155,1148
767: 
768: 1325,106,254,1731
769: 416,267,1926,1622,2015,1401,1957,532,122,130,13,1360,862,718
770: 177,1987,1654,1427,167,600,1337,305
771: 1284
772: 
773: 1748,969,1812,186
774: 
775: 642,1030,1098,1909,1171
776: 
777: 567,1570,58,26,1073,2013,1496,808,7,1225,1863,12,1745,1338,141,314,86,1857,842,227,1224,1541
2015: 1974,98,1622,121,1401,1957,1762,201,1883,532,416,267,769,1926,122,130,13,1360,862,718
779: 145,178,331,2009,1166,403,1892,1288,225,1971,727,1534,30,462,1614
780: 1123,816,221,985,473,1190,1214,1024,1641,2010,233,1446,1116
781: 1311,290,1291,1132,979
782: 598
783: 
784: 390,1939,617,1789
785: 
786: 681,1479
787: 1305,1247,723
1891: 1668,927,34,1562
789: 42
790: 1494,890,527
791: 556,1370,516,242
792: 
793: 
794: 
795: 1917
796: 334,190
797: 1425
798: 707,1088,1940
799: 
800: 176,300,1054
801: 1512,279,1
802: 1236,21
803: 
804: 1840,625,1356,1558,183,376,831,2018,1189,1322,1577,493,699,1159
805: 683,1437,336,470,388,765,1430
806: 
807: 1023,200,220,928,1355,491,760,2003,876,558,1633,1179,426
808: 1409,26,2013,582,1496,777,1225,12,1338,1810,314,86,1857,842,227
809: 
810: 
811: 170,963,1120,473,590,1250,1004,1190,1214,1933,1024,1641,2010,233,1554,319,1446,936,816,221,985
812: 108
813: 
814: 
815: 1259
816: 1123,780,221,985,811,473,1190,1024,1641,2010,233,1554,1446,1116
817: 1646
818: 
819: 
820: 1784,1878,535,1893
821: 2012,1482,417,1895,1256,1948,238,1424,1332,1859,1564
822: 
823: 3
824: 
2017: 1487,123,1429,856,1560,1079,1394,1774,1588,1263,949,1177,83,1752,692,47,1690,163,1280,156
826: 1510,584,344,1937,1180
827: 
828: 731
829: 
830: 1761
831: 2018,1189,682,1322,1577,1027,262,493,699,1840,625,1356,1558,804,183,376,1159
832: 644
833: 62,361,1997,882,2004,1677,635,1383,1884,1579
834: 1340,1084,1502,1443
835: 1692,993,1916
836: 358,1555,1303,487,1237,564,478,2006,732,1399,494,935,573
837: 1142,1193,668
1985: 
839: 1454
1984: 
841: 
842: 1409,26,2013,582,808,777,1225,141,314,514,86,1331,227
843: 
844: 
1955: 1016,1605,1316,1832
846: 
847: 1744
2004: 662,1858,112,1677,635,1383,1124,1884,1964,1579,1972,263,62,361,833,1997,882
849: 
850: 2008,1043,1896,1275,1992,1763,1257,249,333,1091,100,1521,1783,1061,1598,1923
851: 
852: 1733,1707
853: 
854: 
855: 
856: 2017,1487,123,1429,1560,1079,1774,1588,1263,949,1177,83,1752,692,47,1690,163,1280,156
857: 1704
858: 20
859: 1661
860: 
861: 962,1045,704
862: 1360,718,2015,1957,532,769,1926,122,130,13
863: 
864: 
865: 400
866: 1976,560,460,1644,1379
867: 
868: 444,1640
1950: 495
870: 2000,409,1432,1800,1272,1550,1130,1602,458,1160
871: 875
872: 1131,480
873: 95,1666
874: 475,1853,1523,2011,1435,1080,184,1795,74,270,313,528,914
875: 871
876: 807,1023,200,220,928,1355,2003,558,1633,1591
877: 
878: 545,1344
879: 2008,1043,929,1896,1275,1060,1763,1257,1029,333,1091,1042,49,208,1923,1736
880: 1011
881: 
882: 62,361,833,1997,2004,112,1677,635,1383,1884,1579,263
883: 
884: 
885: 355,1525,1681
886: 
887: 1620,1089
1895: 2012,1482,417,821,351,1256,1948,238,192,1424,1332,1859,293,1564,1599,1533
889: 954,140,1580,708,1003,1382
890: 1494,790,527
891: 1664,1451
892: 983,157
893: 118,136
894: 276,523
895: 
896: 1548,1414
897: 
898: 1470
899: 
1960: 
901: 1840,1356,1558,376,618,2018,1189,1322,262,493,699,1983
902: 611
903: 
904: 
905: 
906: 
2007: 1988,463,54,1823,965,1408,1052,408,669,687,365,1945,1202,1318,1001
908: 
909: 
910: 370
911: 766,1333,1827,155,1148,1495,1597
912: 
913: 
914: 475,1853,1523,2011,874,1435,1080,184,74,528
915: 289
916: 1244
917: 1047,1491
918: 457
1959: 741,974,363,38,285
920: 
1986: 
922: 
923: 
924: 1182,1698
925: 
926: 
927: 1668,34,1891,1562
928: 807,1023,200,220,1355,491,760,2003,876,1260,1633,426
929: 2008,1043,879,1896,1275,1060,1763,1257,1029,333,1091,1042,49,208,1923,1736
930: 
931: 
932: 
933: 
934: 73,41,747
935: 1000,1529,1237,564,2006,732,494,573,653,836,358,1303,487
936: 963,811,473,590,1250,1004,1190,1214,1024,2010,1554,319,1116,1123,221,985
937: 393
938: 696,720,129
939: 1705,574
940: 1484,1961,1419,1798,251,1568,2019,956,435,1977
941: 529,1590
942: 1799,2001,754,482,1434,1062,1787,1276,77,1678
943: 1387
944: 291
945: 1767,1710
946: 1887
947: 
948: 
949: 2017,1429,856,1588,1263,1752,692,47,163,1280,156
950: 
951: 
952: 
953: 
954: 889,1003,1639
1907: 
956: 1578,1484,1961,1419,1798,251,1568,179,940,2019,670,435,1977,1520
957: 
958: 1034,1498
959: 411,1930
960: 369
961: 
962: 861,1045,704
963: 170,1120,811,473,590,1250,1004,1190,1214,1933,1024,1641,2010,233,1554,319,1446,1116,936,1123,221,985
964: 
965: 463,2007,54,1823,1408,365,1945,1318,1001
966: 
967: 1111,2,1195,1538
968: 1218
969: 1748,1812,773,186
970: 1022
971: 
1965: 
973: 1488
974: 741,285,1959
975: 1650
976: 
977: 
978: 524
979: 59,1132,1311,781,290,1291
980: 1014,374
981: 
982: 1145
983: 892,157
984: 
985: 1123,816,780,221,170,963,1120,811,473,590,1250,1004,1190,1214,1024,1641,2010,233,1554,319,1446,1116,936
986: 677,124
987: 1845,1285
988: 
1889: 1157
990: 
991: 1081,517
992: 352,739,1146
993: 835,1916,240
994: 
995: 1170,684
996: 
997: 
1874: 471,1703
999: 
1000: 1529,1237,564,478,2006,732,494,935,573
1001: 1408,1052,408,669,687,365,1945,1202,1318,1988,463,2007,54,1823,965
1904: 
1003: 954,1580,889,708,1639,1382
1004: 170,963,1120,811,473,590,1250,1190,1214,1933,1024,2010,233,319,936,221,985
1005: 1902,1799,2001,754,657,114,482,1434,1062,1787,1276
1006: 
1952: 
1008: 419,1078,1637
1009: 341,515
1010: 
1011: 880
1012: 1758
1013: 
1014: 374,980
1015: 2000,409,1432,1800,1272,1130,1602,458,1712,1160,237,217,1728
1016: 1955,1605,1316,1832
1017: 203
1018: 
1019: 
1020: 
1021: 
1022: 970
1023: 807,200,220,928,1355,491,760,2003,876,1260,1633,120,1575,253,1591,1179,578,426
1024: 170,963,1120,811,473,590,1250,1004,1190,1214,1476,1933,1641,2010,233,1554,319,1446,1116,936,1123,816,780,221,985
1025: 173,224,431
1026: 
1027: 618,831,2018,1189,1150,682,1322,1577,262,493,699,1840,376,1159
1028: 
1029: 2008,1043,879,929,1275,1060,1763,1257,333,1091,49,1736
1030: 1273,642,1098,775,1909
1903: 1504,1542,1507
1032: 1033,303,1233,1315,286,2005,1407,1243,1676
1033: 1032,303,1233,286,2005,1407,1243,1676
1034: 1498,958
1035: 
1036: 
1037: 
1038: 
1039: 
1040: 
1041: 
1042: 2008,879,929,1896,1060,1763,1257,333,1091,49,1521,1783,208,1167,1923,1736
1043: 2008,879,929,1896,1275,1992,1060,850,1763,1257,1029,249,333,1091,100,1521
1044: 476
1045: 704,861,962
1046: 
1047: 917,1491
1048: 
1049: 1545,1956,405
1050: 
1051: 
1052: 1408,408,669,687,365,1945,1202,1318,1001,1988,463,2007,54,1823
1053: 690,1672
1054: 176,800
1055: 177,1987,1427,600,305,1396
1056: 553
1057: 342,1663
1058: 591
1059: 659
1060: 2008,1043,879,929,1896,1275,1763,1257,1029,249,333,1091,1042,49,1923
1061: 1783,1598,1167,1923,2008,1896,850,249,100,1521
1062: 1902,1799,2001,754,657,114,482,1434,1005,1787,1276,942,77,1678
1875: 1187
1064: 1100
1936: 
1066: 1958
1067: 
1899: 
1069: 
1070: 
1071: 
1072: 
1073: 567,1409,1570,26,2013,777,7,1225,12,1745,141,514,86,1331,227,1224,1541
1074: 1908,1559
1075: 747,73,41
1979: 1657,1112
1077: 
1078: 1008,1637
1079: 2017,123,1429,856,1560,1394,1774,1588,1263,1177,83,1752,692,47,1690,163,1280,156
1080: 475,1853,1523,2011,874,1435,184,1795,74,270,313,528,914
1081: 991,517
1082: 
1083: 1610,1781,549
1084: 1340,834,1443
1973: 1671,439
2002: 1240,378,1308,296,499,1659,146,562,1816,387,1719,87,666
1087: 612
1088: 707,1940,798
1089: 1620,887
1948: 2012,1482,417,821,351,1895,1256,238,192,1424,1332,1859,293,1564,1599
1091: 2008,1043,879,929,1896,1275,1060,850,1763,1257,1029,249,333,1042,49,1521,1783,208,1598,1167,1923,1736
1092: 1261,1314
1093: 1194
1094: 40
1095: 1730,377
1096: 
1097: 1313,1297,675,271
1098: 642,1030,775,1909,1171
1099: 
1100: 1607,1064
1988: 463,2007,54,1823,1052,408,669,687,1318,1001
1102: 
1103: 
1104: 
1105: 688
1106: 
1107: 392
1108: 1307,1866,1966,1735
1109: 
1110: 302
1111: 967,2,1195,1538
1112: 1657,1979
1944: 526
1114: 
1115: 381,1860,520,294,396,1565
1116: 170,963,473,1250,1190,1024,1641,2010,233,1554,1446,936,1123,816,780,221,985
1117: 
1118: 504
1883: 1974,98,1622,2015,121,1401,1957,1762,201,532,1926,122,130,13,718
1120: 170,963,811,473,590,1004,1190,1214,1476,1933,1024,1641,2010,233,1554,1446,221,985
1121: 
1122: 
1123: 816,780,221,985,963,473,1190,1024,1641,2010,233,1554,1446,1116,936
1124: 662,1858,2004,112,1964,1579,1972
1125: 
1126: 
1127: 
1128: 1578,1419,1568,179,2019,670,1977,1249
1905: 1850,1411
1130: 2000,870,409,1432,1800,1015,1272,1550,1602,458,1712,1160
1131: 872,480
1132: 59,979,1311,781,290,1291
1133: 570
1134: 
1135: 
1136: 
1991: 
1138: 
1139: 1775
1140: 
1141: 
1142: 837,1193,668
1143: 
1144: 
1145: 982
1146: 352,992,739
1147: 20,1556
1148: 766,1333,911,1827,1495,1597,492
1962: 481,691
1150: 618,2018,682,1322,1027,262,699
1151: 
1152: 
1153: 1428
1154: 
1155: 1535
2019: 1578,1484,1961,1419,1798,251,1128,1568,179,940,956,670,435,1977,1249,1520
1157: 1889
1158: 
1159: 831,2018,1189,682,1577,1027,262,493,699,1840,625,804,183,376
1160: 2000,870,409,1432,1800,1015,1272,1550,1130,1602,458,229,217,1728
1161: 
1162: 1628,64
1163: 
1164: 1266,413,1755,1397,700
1923: 1783,208,1061,1598,1167,1736,2008,879,929,1896,1275,1060,850,1763,1257,249,333,1091,100,1042,49,1521
1166: 178,779,2009,403,1892,1288,225,1971,727,1534,462
1167: 1783,208,1061,1598,1923,2008,1896,333,1091,1042,1521
1168: 
1967: 
1170: 995,684
1171: 642,1098,775,1909
1172: 
1173: 
1174: 
1175: 
1176: 1447
1177: 2017,1487,123,1429,856,1560,1079,1394,1774,1588,1263,83,1752,692,1690,163,1280,156
1940: 707,1088,798
1179: 120,1417,1575,253,1591,807,1023,220,1355,491,760,2003,1260,558,1633,578,426
1180: 1510,344,1937,826
1181: 1740
1182: 1698,924
1183: 
1184: 
1185: 
1186: 
1187: 1875
1188: 1410,1515,749,1197
1189: 618,831,2018,682,1322,1577,1027,262,493,699,1983,901,1840,625,1356,1558,804,183,376,1159
1190: 170,963,1120,811,473,590,1250,1004,1214,1476,1024,1641,2010,233,1554,319,1446,1116,936,1123,816,780,221,985
1191: 
1192: 37,543
1193: 668,837,1142
1194: 1093
1195: 1111,967,2,1538
1196: 
1197: 1410,1515,1188
1198: 1846
1199: 656
1200: 693
1201: 
1202: 1408,1052,408,669,687,365,1318,1001,463,2007
1203: 735
1204: 
1205: 
1987: 1055,177,770,1654,1427,167,600,1337,305
1207: 
1208: 1551
1209: 
1210: 
1211: 
1212: 433,678
1213: 244
1214: 963,1120,811,473,590,1250,1004,1190,1024,2010,233,319,1446,936,780,221,985
1215: 
1216: 
1217: 722
1218: 968
1885: 
1220: 
1221: 
1222: 
1223: 
1224: 567,1409,1570,58,26,1073,2013,1496,777,7,1225,1863,12,1745,141,314,514,86,1857,227,1541
1225: 567,1409,1570,58,26,1073,2013,582,1496,808,777,1863,12,1745,1338,141,1810,314,86,1857,842,227,1224
1226: 
1227: 
1228: 1381,18,1724,2016,1713,1924,1725
1229: 
1230: 
1231: 364,1557,138,1450,764,1493,338,637,25,1922
1232: 306,552
1233: 303,239,1315,286,2005,1407,1243,1676,1033,1032
1234: 
1896: 2008,1043,879,929,1275,1060,850,1763,1257,249,333,1091,100,1042,1521,1783,208,1061,1598,1167,1923
1236: 802,21
1237: 1000,1529,564,478,2006,732,1399,494,935,573,653,836,358,1303,487
1876: 
1239: 1709
1240: 378,1308,296,499,1659,2002,146,1816,387,1719,87,666
1241: 
1914: 641,1526
1243: 303,239,1233,1315,286,2005,1407,1676,1033,1032
1244: 916
1245: 
1246: 
1247: 787,723
1248: 1674,753
1249: 1578,1419,1128,1568,179,2019,670
1250: 170,963,811,473,590,1004,1190,1214,1024,2010,1554,319,1116,936,985
1251: 371,1700
1252: 585,1831,613,1412,211,643
1253: 546
1254: 
1255: 
1256: 2012,1482,417,821,1895,1948,238,192,1424,1332,1859,293,1564,1599,1533
1257: 2008,1043,879,929,1896,1275,1992,1060,850,1763,1029,249,333,1091,100,1042,49,1521,208,1923
1258: 
1259: 815
1260: 1023,200,220,928,1355,491,760,2003,1633,120,1575,253,1591,1179,578,426
1261: 1092,1314
1262: 1723,278,397
1263: 2017,1487,123,1429,856,1560,1079,1394,1774,1588,949,1177,83,1752,692,47,1690,163,1280,156
1264: 
1265: 1362,1764
1266: 1164,1694,413,1755,1397
1267: 43,1606
1268: 
1912: 
1270: 490
1271: 
1272: 2000,870,409,1432,1800,1015,1550,1130,1602,458,229,1712,1160,237,217,1728
1273: 1030
1274: 
1275: 2008,1043,879,929,1896,1992,1060,850,1763,1257,1029,249,333,1091,100,1521,1923
1276: 1902,1799,2001,754,114,482,1434,1005,1062,1787,942,77,1678
1277: 607,1645
1278: 
1279: 
1280: 2017,1487,123,1429,856,1560,1079,1394,1774,1588,1263,949,1177,1752,692,47,1690,163,156
1281: 
1282: 
1283: 1335,318,593
1284: 771
1285: 987,1845
1961: 1484,1419,1798,251,1568,940,2019,956,435,1977,1520
1287: 
1288: 145,178,331,779,2009,1166,403,1892,225,1971,462,1614
1289: 620,268
1290: 1638
1291: 1311,781,290,1132,979
1292: 281
1293: 710,1679
1294: 1669,372
1295: 18,206,1724,2016,1924
1296: 744,626
1297: 1097,1313,288,675,271
1298: 608,275
1299: 
1300: 
1301: 587,1765
1302: 
1303: 836,358,1555,487,1237,564,478,2006,732,1399,494,935,573,653
1954: 1694
1305: 787,436,723
1306: 
1307: 1108,1866,1966,1735
1308: 1240,378,296,499,1659,2002,146,562,1816,387,1719,666
1309: 716,1739
1310: 311,1766,128
1311: 781,290,1291,1132,979
1932: 
1313: 1097,288,1297,675,271
1314: 1261,1092
1315: 303,239,1233,2005,1407,1243,1676,1032
1316: 1605,19,1832,1016,1955
1317: 
1318: 1408,1052,408,669,687,365,1945,1202,1001,1988,463,2007,54,1823,965
1319: 1581,1687,301
2014: 1475,1901,1587,555,650,1611,1934,1825,448,756,247,131
1321: 
1322: 618,831,2018,1189,1150,682,1577,1027,262,493,699,1983,901,1840,625,1356,1558,804,183,376
1918: 1873,398
1324: 
1325: 106,254,768,1731
1326: 
1327: 
1328: 1701
1329: 
1330: 1714,701
1331: 26,1073,2013,582,141,514,86,842,227,1541
1332: 2012,1482,417,821,351,1895,1256,1948,238,192,1424,1859,293,1564,1599,1533
1333: 1537,911,155,1148,1495,1597,492
1334: 1501
1335: 318,1283
1336: 1776
1337: 770,1987,1654,167,600
1338: 1570,58,26,2013,1496,808,777,1225,1863,12,1810,314,1857
1339: 
1340: 834,1084,1443
1341: 
1342: 
1343: 661
1344: 545,878
1345: 
1346: 401,715
1347: 
1348: 
1349: 
1350: 
1351: 676
1352: 
1353: 
1354: 
1355: 807,1023,200,220,928,491,760,2003,876,1260,558,1633,1417,1575,253,1591,1179,426
1356: 901,1840,625,1558,804,183,376,618,831,2018,1189,682,1322,1577,262,493,699,1983
1951: 
1358: 119
1359: 
1360: 862,718,2015,532,267,769,1926,122
1361: 
1362: 1265,1764
1363: 
1364: 
1365: 
1366: 
1367: 
1368: 
1369: 
1370: 719,556,516,242,791
1371: 
1372: 
1373: 
1996: 
1375: 
1376: 
1377: 
1378: 
1379: 1976,460,866,1644
1380: 
1381: 1228,18,1724,2016,1713,1924,1725
1382: 140,1580,889,708,1003
1383: 662,2004,112,1677,635,1884,1964,1579,1972,263,62,833,1997,882
1384: 577,1582
1385: 
1386: 386,586
1387: 943
1388: 763
1389: 1927,694
1971: 145,178,331,779,2009,1166,403,1892,1288,225,727,1534,30,462,1614
1391: 616
1392: 
1393: 
1394: 2017,1487,123,1560,1079,1774,1588,1263,1177,47,1690,163,1280,156
1395: 
1396: 171,1055,177,1427,305
1397: 1164,1266,413,700
1398: 
1399: 1237,564,478,2006,732,494,573,836,358,1555,1303,487
1400: 
1401: 1974,98,1622,2015,121,1957,1762,201,1883,532,416,769,1926,130,718
1908: 1074,1559
1403: 
1404: 1629
1405: 1643
1406: 
1407: 303,239,1233,1315,286,2005,1243,1676,1033,1032
1408: 1052,408,669,687,365,1945,1202,1318,1001,463,2007,54,1823,965
1409: 1570,26,1073,2013,582,1496,808,1225,12,1745,314,514,86,842,227,1224
1410: 1515,749,1188,1197
1411: 1850,1905
1412: 585,1831,613,211,1252,643
1413: 
1414: 896,1548
1926: 416,267,769,1622,2015,1401,1957,1762,1883,532,122,130,13,1360,862,718
1416: 
1417: 120,1575,253,1591,1179,1355,2003,558
1418: 
1419: 1578,1484,1961,1798,251,1128,1568,179,940,2019,956,670,435,1977,1249,1520
1420: 
1421: 610,575
1422: 
1992: 2008,1043,1275,850,1257,249,100,1521
1424: 2012,1482,417,821,351,1895,1256,1948,192,1332,293,1564,1599,1533
1425: 797
1426: 
1427: 1055,177,770,1987,1654,167,600,305,1396
1428: 68,1153
1429: 2017,123,856,1079,1774,1588,1263,949,1177,83,1752,692,47,163,1280,156
1430: 683,336,805,470,765
1431: 
1432: 2000,870,409,1800,1015,1272,1130,1602,458,1712,1160,237,217,1728
1433: 
1434: 1902,1799,2001,754,657,114,482,1005,1062,1787,1276,942,1678
1435: 475,1853,1523,2011,1469,874,1080,184,1795,74,270,313,528,914
1436: 188
1437: 683,432,805,470,388
1438: 
1439: 
1440: 61
1441: 
1949: 
1443: 255,1502,1340,834,1084
1444: 
1445: 
1446: 170,963,1120,811,473,1190,1214,1476,1933,1024,1641,2010,233,1554,1116,1123,816,780,221,985
1447: 1176
1448: 
1449: 1486
1450: 364,1557,1231,138,764,1493,338,637,25,1922
1451: 891,1664
1452: 
1453: 
1454: 839
1455: 1561,1566,1634
1917: 795
1457: 
1458: 734,1524
1459: 
1460: 298
2005: 303,239,1233,1315,286,1407,1243,1676,1033,1032
1462: 456,711
1463: 
1464: 274
1465: 
1466: 
1928: 
1468: 
1469: 475,1853,1523,2011,1435,184,1795,270,313
1470: 898
1471: 
1472: 
1473: 1478,1753,158,501
1474: 
1475: 2014,1901,1587,555,650,1611,1825,448,756,247,131
1476: 170,1120,473,590,1190,1933,1024,1641,2010,1554,1446
1477: 763
1478: 1473,1753,158,501
1479: 681,786
1947: 
1481: 16,1963
1482: 2012,417,821,1895,1256,1948,238,192,1424,1332,1859,293,1564
1483: 
1484: 1961,1419,1798,251,1568,940,2019,956,435
1915: 
1486: 1817,1449
1487: 2017,123,856,1560,1394,1774,1588,1263,1177,692,47,1690,1280,156
1488: 973
1489: 
1490: 
1491: 917,1047
1492: 
1493: 364,1557,1231,138,1450,338,637,25
1494: 890,790,527
1495: 1537,1333,911,1827,155,1148,1597,492
1496: 1409,1570,58,26,2013,582,808,777,1225,1863,12,1745,1338,1810,314,86,1857,227,1224
1497: 
1498: 1034,958
1499: 2000,229
1500: 195,337
1501: 1334
1502: 255,1443,834
1503: 
1504: 1903
1505: 446
1506: 1751
1507: 1903,1542
1508: 
1509: 
1510: 584,344,1937,826,1180
1888: 1833
1512: 279,1,801
1513: 
1514: 
1515: 1410,749,1188,1197
1516: 
1517: 
1518: 695,1855,633,497
1519: 
1520: 1961,1419,251,1568,179,2019,956,670,435,1977
1521: 2008,1043,1896,1275,1992,850,1763,1257,249,333,1091,100,1042,1783,208,1061,1598,1167,1923
2008: 1043,879,929,1896,1275,1992,1060,850,1763,1257,1029,249,333,1091,100,1042,49,1521,1783,208,1061,1598,1167,1923,1736
1523: 475,1853,2011,1469,874,1435,1080,184,74,270,313,528,914
1524: 734,1458
1525: 355,885,1681
1526: 641,1914
1527: 1821
1528: 
1529: 1000,1237,564,478,2006,732,494,935,573,653,358
1530: 
1531: 259,1818,686
1532: 679
1533: 2012,1895,1256,192,1424,1332,293,1564,1599
1534: 30,462,1614,145,178,331,779,2009,1166,1892,225,1971,727
1535: 1155
1536: 
1537: 1333,1495,1597,492
1538: 1111,967,2,1195
1539: 
1540: 450,1898,452,297
1541: 567,1570,26,1073,2013,777,7,141,514,86,1331,227,1224
1542: 671,1903,1507
1543: 
1544: 
1545: 1049,1956,405
1546: 
1547: 
1548: 896,1414
1897: 
1550: 2000,870,409,1272,1130,1602,458,1160
1551: 1741,1208
1552: 
1553: 
1554: 170,963,1120,811,473,590,1250,1190,1476,1933,1024,1641,2010,1446,1116,936,1123,816,985
1555: 836,358,1303,487,564,478,2006,732,1399,494,573
1556: 1147
1557: 364,1231,138,1450,764,1493,338,637,25,1922
1558: 901,1840,625,1356,804,183,376,618,831,2018,1189,1322,1577,262,493,699,1983
1559: 1908,1074
1560: 2017,1487,123,856,1079,1394,1774,1588,1263,1177,83,47,1690,163,1280
1561: 1566,1455,1634,1604
1562: 927,34,1891
1563: 
1564: 2012,1482,417,821,1895,1256,1948,192,1424,1332,1859,293,1599,1533
1565: 520,1860,1115,396,551
1566: 1561,1455,1634,1604
1567: 
1568: 1578,1484,1961,1419,1798,251,1128,179,940,2019,956,670,1977,1249,1520
1964: 662,1858,2004,112,1677,1383,1124,1884,1972,263
1570: 567,1409,58,26,1073,2013,1496,777,7,1225,1863,12,1745,1338,141,314,514,86,1857,227,1224,1541
1990: 
1572: 
1573: 
1574: 
1575: 120,1417,253,1591,1179,1023,220,1355,491,760,2003,1260,578,426
1576: 1776
1577: 618,831,2018,1189,682,1322,1027,262,493,699,1840,625,1356,1558,804,183,376,1159
1578: 1419,1798,1128,1568,179,2019,956,670,1249
1579: 662,2004,112,1677,635,1383,1124,1884,1972,263,833,882
1580: 889,708,1003,1382
1581: 1319,301
1582: 577,1384
2016: 1381,1228,18,206,1724,1713,1924,1725,1295,597
1584: 
1585: 292
1586: 
1587: 2014,1475,1901,555,650,1611,1934,1825,448,756,131
1588: 2017,1487,123,1429,856,1560,1079,1394,1774,1263,949,1177,83,1752,692,47,1690,163,1280,156
1589: 
1590: 529,941
1591: 120,1417,1575,253,1179,1023,220,1355,760,2003,876,1260,558
1592: 304,1803
1593: 349
1594: 209
1595: 
1596: 
1597: 1537,1333,911,1148,1495,492
1598: 1783,208,1061,1167,1923,2008,1896,850,1763,249,333,1091,100,1521
1599: 2012,1895,1256,1948,192,1424,1332,293,1564,1533
1600: 
1601: 
1602: 2000,870,409,1432,1015,1272,1550,1130,458,229,1160
1603: 
1604: 1561,1566
1605: 1316,19,1832,1016,1955
1606: 1267
1607: 1100,322
1608: 
1927: 694,1389
1610: 1083,1781,549
1611: 2014,1475,1901,1587,555,650,1934,1825,448,756,131
1909: 642,1030,1098,775,1171
1613: 1660
1614: 1534,30,462,145,178,331,779,2009,403,1892,1288,1971
1615: 
1616: 
1982: 
1618: 
1919: 
1620: 887,1089
1621: 1627,287
1622: 1974,98,2015,121,1401,1957,1762,201,1883,532,416,267,769,1926,122,130,13,718
1623: 
1624: 
1625: 
1626: 
1627: 1621,287
1628: 1162,64
1629: 1404
1630: 
1631: 42,1849
1632: 
1633: 807,1023,200,220,928,1355,491,760,2003,876,1260,1179,578,426
1634: 1561,1566,1455
1635: 
1636: 
1637: 419,1078,1008
1638: 1290
1639: 954,1003
1640: 444,868
1641: 170,963,1120,811,473,1190,1476,1933,1024,2010,233,1554,1446,1116,1123,816,780,221,985
1642: 725
1643: 1911,1405
1644: 1976,560,460,866,1379
1645: 607,1277
1646: 817
1647: 
1648: 
1924: 1381,1228,18,206,1724,2016,1713,1725,1295
1650: 975
1651: 
1652: 
1653: 
1654: 177,770,1987,1427,167,600,1337,305
1655: 759
1656: 
1657: 1112,1979
1658: 69,621
1659: 1240,378,1308,2002,146,1816,666
1660: 1613
1661: 859
1662: 
1663: 342,1057
1664: 891,1451
1665: 
1666: 873,95
2000: 870,409,1432,1800,1015,1272,1550,1130,1602,1499,458,229,1712,1160,237,685,217,1728
1668: 927,34,1891
1669: 372,1294
1670: 
1671: 1973,439
1672: 690,1053
1673: 1718
1674: 1248
1675: 
1676: 303,239,1233,1315,286,2005,1407,1243,1033,1032
1677: 662,1858,2004,112,635,1383,1884,1964,1579,1972,263,62,361,833,1997,882
1678: 77,1799,2001,114,1434,1062,1787,1276,942
1679: 1293,710
1680: 
1681: 355,885,1525
1682: 
1683: 
1684: 
1685: 
1686: 
1687: 301,1319
1688: 
1942: 
1690: 2017,1487,856,1560,1079,1394,1774,1588,1263,1177,83,1752,47,163,1280,156
1691: 
1692: 835,1916,250
1969: 260
1694: 1266,1954,413
1695: 
1696: 615,1999
1697: 
1698: 1182,924
1699: 
1700: 371,1251
1701: 1328
1702: 1721
1703: 471,1874
1704: 857
1705: 574,939,713,261
1706: 0
1707: 1733,852
1708: 
1709: 1239
1710: 1767,945
1882: 
1712: 2000,409,1432,1800,1015,1272,1130,458,1728
1713: 1381,1228,18,206,1724,2016,1924,1725,597
1714: 1330,701
1715: 
1716: 
1717: 
1718: 1673
1719: 87,666,1240,1308,499,2002,146,1816,387
1720: 
1721: 1702
1722: 
1723: 1262,278,397
1724: 1381,1228,18,206,2016,1713,1924,1725,1295
1725: 1381,1228,18,206,1724,2016,1713,1924,597
1726: 
1727: 
1728: 237,685,217,2000,409,1432,1800,1015,1272,1712,1160
1729: 274,10
1730: 1095,377
1731: 1325,106,254,768
1732: 
1733: 1707,852
1734: 
1735: 1307,1108,1866,1966
1736: 1783,208,1923,2008,879,929,1763,1029,333,1091,1042,49
1737: 
1738: 
1739: 1309,716
1740: 1181
1741: 1551
1742: 
1743: 56
1744: 847
1745: 567,1409,1570,58,26,1073,2013,1496,777,7,1225,1863,12,227,1224
1746: 
1747: 
1748: 969,1812,773,186
2006: 1000,1529,1237,564,478,732,1399,494,935,573,653,836,358,1555,1303,487
1750: 
1751: 1506
1752: 2017,123,1429,856,1079,1774,1588,1263,949,1177,83,692,47,1690,163,1280,156
1753: 158,1478,1473,501
1754: 241
1755: 1164,1266,413,700
1756: 
1757: 631
1758: 1012
1759: 
1760: 599,1848
1761: 830
1762: 1974,98,1622,2015,121,1401,1957,201,1883,532,416,1926,122,130,718
1763: 2008,1043,879,929,1896,1275,1060,850,1257,1029,249,333,1091,100,1042,49,1521,1783,208,1598,1923,1736
1764: 1265,1362
1765: 1301
1766: 311,1310,128
1767: 945,1710
1768: 
1769: 1772
1770: 
1972: 662,1858,2004,112,1677,635,1383,1124,1884,1964,1579
1772: 1769
1773: 
1774: 2017,1487,123,1429,856,1560,1079,1394,1588,1263,1177,83,1752,692,47,1690,163,1280,156
1775: 1139
1776: 1576,1336
1777: 
1778: 
1976: 560,460,866,1644,1379
1780: 
1781: 1610,1083,549
1782: 
1783: 208,1061,1598,1167,1923,1736,2008,1896,850,1763,333,1091,1042,1521
1784: 820,1878,1893
1785: 
1786: 
1787: 1902,1799,2001,754,657,114,482,1434,1005,1062,1276,942,77,1678
1981: 
1789: 390,1939,617,784
1878: 1784,820,535,1893
1791: 
1792: 547
1793: 
1794: 
1795: 475,1853,2011,1469,874,1435,1080,74,270,313,528
1796: 
1797: 
1798: 1578,1484,1961,1419,251,1568,940,2019,956,670,435,1977
1799: 1902,2001,754,657,114,482,1434,1005,1062,1787,1276,942,77,1678
1800: 2000,870,409,1432,1015,1272,1130,458,1712,1160,217,1728
1801: 
1966: 1307,1108,1866,1735
1803: 304,1592
1804: 
1805: 740,428
1806: 
1807: 
1808: 
1809: 
1810: 2013,1496,808,1225,12,1338,314,1857
1811: 
1812: 1748,969,773,186
1879: 
1814: 
1815: 
1816: 1240,378,1308,296,499,1659,2002,146,562,387,1719,87,666
1817: 1486
1818: 259,1531,686
1819: 143
1999: 615,1696
1821: 1527
1822: 343,724
1823: 1988,463,2007,54,965,1408,1052,669,687,1945,1318,1001
1824: 761
1825: 448,756,2014,1475,1901,1587,555,1611,131
1826: 
1827: 766,911,1148,1495
1828: 
1829: 
1830: 
1831: 585,613,1412,211,1252,643
1832: 1605,1316,19,1016,1955
1833: 1888
1834: 
1835: 
1836: 
1837: 
1838: 
1839: 
1840: 901,625,1356,1558,804,183,376,831,2018,1189,1322,1577,1027,262,493,699,1983,1159
1894: 
1842: 593,750
2018: 618,831,1189,1150,682,1322,1577,1027,262,493,699,1983,901,1840,625,1356,1558,804,183,376,1159
1844: 
1845: 987,1285,496
1846: 1198
1906: 
1848: 599,1760
1849: 1631,42
1850: 1905,1411
1851: 
1852: 469
1853: 475,1523,2011,1469,874,1435,1080,184,1795,74,270,313,528,914
1854: 
1855: 695,633,497,1518
1856: 672,605
1857: 567,1570,58,26,2013,1496,808,777,1225,1863,12,1338,141,1810,314,227,1224
1858: 662,2004,112,1677,1124,1964,1972,263
1859: 2012,1482,417,821,351,1895,1256,1948,238,192,1332,293,1564
1860: 381,1115,520,1565
1861: 422
1862: 
1863: 567,1570,58,2013,1496,777,7,1225,12,1745,1338,314,1857,1224
1864: 
1865: 
1866: 1307,1108,1966,1735
1867: 
1868: 
1869: 
1870: 
1871: 
1872: 
1873: 1918,398