0: 93,656,587,1139,676
1: 678,1325,279,858
2: 188
1842: 
1687: 
5: 1336
6: 860,1947,440,1936
7: 783,1828,1455,1265,1857,26,1019,1221,2013,1570,663,1225,141,1496,1745,193,1764,842,1073,1810,1224,567,514,582,314,1561,1863,777,1338,58,1541,12,86,227,1409,808
8: 1733,157,486,1748,445,312
9: 939,78,1421,933,2001,1434
10: 675,1527,1508,1313,1384,118,1729,242
1781: 1479,1535,940,1034,2019,1540,1903,477,180,1595,1756,1968,1780,1568,1099,1249,1798,698
12: 783,1828,1265,1857,26,1019,1584,2013,1225,141,1331,1496,1745,193,842,1073,7,1610,1224,567,582,314,1561,777,1338,58,1541,86,227,808
13: 1562,1199,532,1622,902,267,1974,1464,1246,1138,1606,971,1957,1158,1360,1926,769,72,526,121,122,718,1452,1297,938,797,2015,469
14: 
15: 
16: 
17: 
18: 701,1725,597,1713,1724,2016,1228,1924,206,1953
19: 642
1718: 748,1501,456,737
21: 
22: 2004,1077,1579,690,662,946,882,361,62,1858,112,833,1383,263,1964,798,1997,1677,1124,747,1972
23: 
24: 982,510,1925,793
25: 1180,436
26: 783,1828,1455,1857,1019,1221,2013,1570,663,1225,141,1496,1745,193,1764,842,1073,7,1224,567,514,582,314,1863,777,58,1541,12,86,1409
27: 138,1072
28: 
1694: 
30: 331,779,1166,1205,462,1892,317,2009,756,343,503
1703: 1833,338,39
32: 37,1348
33: 
34: 820,1965,201,416,130,1944,862,98,719,532,1121,1622,1464,1246,526,718,797,2015
1852: 1926,72,526,121,122,718,1297,1883,938,797,2015,469,416,130,1944,862,98,719,532,1464,1606,1158
36: 
37: 1348,32
38: 1870
39: 1703,1833
40: 988,1839
41: 1961,1484,1535,1578,294,1362,855,962,179,1088,1342,670,1038,958,2019,418,1634,1045,1943,1520,1977,1419,1568,1099,1249,1798,698
42: 689,1758
43: 
1934: 337
45: 1062,617,1185,593,1866,939,1056,1276,713,78,1421,1772,933,2001,1434,1005,924,114,920,261,942,304,1787
46: 
47: 1429,123,863,1589,2017,1079,1280,949,1319,1263,156,1588,856,1210,83,1860
48: 1283
49: 1216,1042,879,1029,1736,800,100,2008,266,333,655,1043,1992,208,1521,1060,929,249,1896,1061,1275,850,1923,1598,1091,1257,1167
1606: 1562,1199,532,1121,13,1622,902,267,1974,1464,1246,1138,904,971,1158,820,1965,416,130,1944,1360,72,526,121,122,1852,718,938,797,2015,469
51: 
52: 
53: 
54: 687,1377,222,1202,81,365,1784,1945,1408,134,408,1988,669,785,1823,1013,1837,990,463,1267,1052,965,495,2007,1684,1341,1318
55: 
56: 1239,1111,432,974
57: 579,1044,792,1812
58: 783,1828,1455,1265,1857,26,1019,1221,2013,1225,141,1331,1496,1745,193,1764,842,1810,7,567,582,314,1561,1338,1541,12,227,808
59: 
60: 1213,1293,881,1505,761
61: 
62: 22,2004,1077,690,946,882,361,1858,112,833,1383,263,1964,798,1997,1124
63: 
1794: 
65: 1327,1451
66: 301,1278
1864: 968,1218,867,1980
68: 826
69: 
70: 619
71: 207
72: 1360,1926,769,526,121,122,1852,718,1452,1297,1883,938,797,2015,469,130,862,98,719,1199,13,1622,902,1974,1464,1138,1606,971,1957,1158
1735: 
74: 1838,1103,313,981,1435,1433,1699,475,2011,611,1853,1708,136,270,1523,184,528,1284,914,874,1795,1080
75: 
76: 
77: 109,409,574,1432,629,394,1993,196,1204,2000,903,1712,818,1015,1168,1053,339,1499,237,1819,217,132
78: 9,1160,1062,617,1185,593,1866,939,1056,1276,713,1421,1772,933,2001,1434,45
1744: 679,520,540,1201,268,454
1746: 699,831,1558,844,1356,405,2018,814,1983,1822,183,1545,1322,1577,618,625,506,203,1159,1750,1027
81: 687,1377,222,1202,54,1784,1945,1408,669,990,463,495,2007,1318
82: 
83: 945,2017,1079,1774,1280,1740,1487,949,1394,1319,1263,156,1860,1429,123,863,1589,47
84: 636
85: 
86: 783,1828,1857,26,1019,1221,1584,2013,1570,663,1225,141,1496,1745,193,842,1073,7,1224,567,514,582,314,1863,777,1541,12,227
87: 1472,562,1706,1046,1308,1921,666,535,374,1816,1240,146,387,273,2002,1351,296,1659,1791
88: 731,693
89: 995,604,1259
90: 
1966: 
92: 922,1963,1411,686
93: 656,587,0,1139,676
1737: 699,1840,541,1558,844,2018,1983,1822,901,1159,1189
95: 1488,543
96: 1353
97: 549,465
98: 1944,862,719,820,1965,201,416,34,130,532,1622,1464,1957,1158,1926,72,526,1852,718,1297,1883,938,797,2015,469
1750: 1159,804,1189,1027,1746,699,1558,2018,1983,1822,1577,506,203
100: 1216,1042,879,1029,800,2008,266,333,1992,208,1060,929,249,1896,1061,1275,1923,1598,1091,1257,49,1167
1978: 
2006: 1035,561,1095,1518,836,362,377,1303,494,487,594,1152,1350,335,1555,1494,934,1697,176,573,935,1000,478,1529,653,264,358,732,1824,1237
103: 
1925: 510,608,1132,24
1662: 
106: 
107: 
108: 1182
109: 1770,409,685,458,1244,635,574,77,629,394,1800,1993,229,196,1204,2000,903,1712,870,302,818,1015,1168,1053,1728,307,916,339,1499,237
1833: 1703,338,39
111: 1726
112: 22,2004,1077,690,946,882,361,62,1858,798,1997,1124
113: 1537,1688
114: 1005,924,920,261,942,304,1787,1185,1866,939,933,2001,1434,45
115: 864
116: 
117: 937
118: 10,675,1527,1508,1313,1384,1729,242,255,1096
1725: 701,18,597,1713,1381,1714,1724,2016,479,1228,1924,1295,206,1953
120: 1417,1440,253,638,181,1552,1804,1653,200,1575,928,262,2003,876
121: 1360,1926,769,72,526,122,1852,718,1452,1297,1883,938,797,2015,469,862,719,1562,13,1622,902,1974,1464,1138,1606,971,1957,1158
122: 1360,1926,769,72,526,121,1852,718,1452,1297,1883,938,797,2015,469,1562,13,902,1974,1464,1138,1606,971,1158
123: 1429,863,1589,47,2017,1079,1487,1319,1263,156,1588,1210,83,1860
1673: 999,551,213
125: 
126: 
1775: 
128: 
129: 
130: 820,1965,201,416,34,1944,862,98,719,1199,532,1121,1622,902,1464,1246,1138,1606,1957,1158,1926,72,526,1852,718,1297,938,797,2015,469
131: 1879,1901,2014,1215,555,1938,225,1587,1127,1611,650,1258,448,1475,247,1825
132: 1819,217,1770,574,77,629,1993,196,2000,903,870,302,818,1168,1728,916,339,1499,237
133: 1973
134: 1377,222,1202,54,365,1784,1945,1408,408,1988,669,785,1823,1013,990,1267,2007,1341,1318
135: 
136: 1838,313,1435,1433,1699,475,2011,611,1853,270,184,1284,1795,74,1080
137: 
138: 27,1072
139: 
140: 344
141: 783,1828,1455,1265,1857,26,1019,1221,2013,1570,663,1225,1496,1745,193,1764,842,1073,7,567,314,1561,1863,777,1338,58,1541,12,86
1963: 92,922,1411,686
143: 860,1947,440,1192
144: 1123,1738,527,1476,1309,599,233,2010,948,1214,780,221,1399,1004
145: 1528,178,403,727,1971,1614,1534,331,779,1371,1166,1205,317,2009,756,343,503
146: 1816,1719,1240,387,273,1339,2002,499,1351,296,1659,1791,796,87,562,1706,1308,1921,535,374
1591: 807,1023,426,2003,876,1633,1260,1969,491,760,220,1141,578,1417,638,1653,262
148: 
149: 1854
150: 
151: 999,213,1682
152: 1807
1892: 331,779,1371,1166,1205,30,462,317,2009,756,343,503,1288,427,1049,1483
154: 
155: 
156: 945,1752,1690,1181,2017,1079,1774,1280,692,1710,1740,1487,949,1394,1319,1263,1560,163,1588,856,1210,83,1860,1429,123,863,47
157: 8,1733,486,1748,445,312
158: 1914
159: 
1957: 1199,1121,13,1622,902,267,1464,1246,1138,971,1158,820,201,130,862,98,72,526,121,718,1452,1297,1883,938,2015
161: 1846
162: 
163: 945,1752,1690,1181,2017,1177,692,1710,1487,949,1319,1560,156,1588,856,1210,1860
1810: 783,1828,1455,1857,1221,2013,1745,1764,842,7,1224,582,1561,58,1541,1409,808
165: 1927,694
166: 
167: 
168: 1525,173
169: 1196
170: 1116,1933,1309,298,985,1554,1848,2010,1641,963,936,1760,1446,319,1214,811,1190,1250,430,816
171: 177,704,1504
172: 1472,562,1706,1308,1921,378,666,535,374,2002
173: 168,1525,689,1758
174: 1952
1638: 509,355,1532
176: 1035,561,1095,1518,836,377,1303,494,487,594,1152,1350,2006,335,934,1697,573,935,1000,478,1529,653,264,732,1824,1237
177: 171,704,1504
178: 1528,403,727,1971,145,1614,331,2009,756,343,503
179: 1961,1484,1535,294,962,1088,1034,2019,41,1540,418,1634,1045,1903,1943,1595,1756,1968,1419,1568,1099,1249,1798,698
180: 1535,1578,940,670,1034,2019,1540,1045,477,1595,1756,1968,1780,1568,1099,1249,1798,698,1781,1479
181: 1417,1440,253,558,1552,1804,1653,200,120,1575,928,262,1183,2003,1633,1141,578
182: 
183: 1746,699,1840,831,541,1558,844,682,1356,405,2018,814,1150,1983,493,1822,1545,1322,1577,618,625,506,203,1159,1189
184: 1838,1103,313,981,1435,1433,1699,475,2011,611,1853,1708,136,270,1469,1523,528,1284,914,874,1795,74,1080
185: 772,566
1615: 
1975: 1067
188: 2,1050
2001: 9,1160,1062,617,1185,593,1866,939,1056,1276,713,78,1421,1772,933,1434,45,1005,924,114,920,261,942,304,1787
190: 
191: 306,1281
192: 2012,1956,730,1424,1533,1564,351,1859,1783,417,1471,1332,1948,1482,238,1763
193: 783,1828,1265,26,1019,1584,2013,1225,141,1331,1496,1745,842,1073,7,1610,567,582,314,777,1338,58,1541,12,86,227,808
194: 
195: 1294
196: 109,1770,409,458,1244,635,574,77,629,394,1800,1993,229,1204,2000,903,1712,870,302,818,1015,1168,1053,1728,307,916,339,1499,237,1819,217,132
1688: 1537,113,763,1359
1995: 
199: 
200: 1417,1440,253,558,181,1804,1653,120,1575,928,1355,2003
201: 820,1965,416,34,130,862,98,719,1199,1121,1622,902,1464,1246,1957,1158,526,718,1297,2015
1626: 
203: 1746,699,831,1558,844,2018,1983,1822,183,1545,1322,1577,625,506,1159,1750,1189,1027
204: 
205: 
206: 1724,2016,479,1330,1228,1924,1295,1953,701,1725,18,597,1381
207: 71
208: 1216,1042,1029,1736,800,100,2008,266,333,1043,1992,1521,1060,929,1275,850,1923,1598,1257,49,1167
209: 1510,1147,1290
1826: 1382,615
211: 1379,1851
1753: 
213: 999,1673,151,1682
1803: 
1854: 149
216: 1261,282
217: 1819,132,574,1432,77,629,394,196,2000,1712,302,1053,1728,339,1499,237
218: 511,673
1675: 762,1722,885,843,873
220: 807,1023,426,2003,1591,1260,1969,491,760,1141,578
221: 1116,527,1476,1933,1309,298,599,1848,1650,233,2010,1641,559,1446,590,948,319,473,1214,811,780,1190,430,816,1399,1004,1123,1738,144
222: 1377,1202,54,81,365,1784,1945,1408,134,408,1988,669,785,1823,1013,1267,495,2007,1341,1318
223: 
224: 
225: 1879,1901,131,2014,1215,555,803,1938,1587,1127,448,247
226: 
227: 783,1265,1019,1584,2013,1225,1331,1496,1745,193,842,1073,7,1610,567,582,1338,58,1541,12,86,808
228: 
229: 109,1770,409,685,458,1244,635,629,394,1800,196,1204,2000,903,302,818,1015,1168,1728,307,916,339,237
230: 1576,1669,997
231: 1298,979
232: 1546
233: 527,1476,1933,1309,298,1848,2010,559,1446,590,948,319,1024,473,1214,780,221,1123,144
234: 
1906: 
236: 
237: 109,1770,574,77,629,394,1800,1993,229,196,2000,903,1712,870,302,818,1015,1168,1728,307,916,339,1499,1819,217,132
238: 1763,2012,192,730,1424,1533,351,1859,1783,417,1471,1332
239: 1676,1407,1940,947,1033,1884,1270,2005,1563,1233,1315,1191,286,1032
240: 1556,1631
1766: 
242: 10,675,1527,1508,1313,1384,118,1729,255,771,288,556
1865: 
244: 
245: 
246: 1122,476,1277,1450,1078,1151
247: 1127,1611,650,1300,1118,1258,448,1475,1825,1879,1901,131,2014,555,1938,225,1587
248: 534
249: 1042,879,1029,100,2008,333,655,1521,1060,929,1061,1923,1091,1257,49
250: 
251: 1484,1578,940,1362,1342,670,958,2019,418,1083,1520,1977,1780,1249,786,698
252: 
253: 1417,1440,638,181,1552,1804,1653,200,120,1575,928,262,1183,2003,1633,1260,1969,1141,578
254: 
255: 675,1508,1313,118,1729,242,771,288,556
256: 
257: 
258: 
259: 
1862: 
261: 1005,924,114,920,942,304,1787,1185,1866,1056,2001,45
262: 1417,1440,253,638,181,1552,1653,120,1575,1023,2003,1591,876,1633,1260,1969,491,760,578
263: 833,1383,1964,798,1997,1677,1124,1972,22,2004,946,361,62,1858
264: 358,732,1237,1035,561,494,487,1350,2006,934,176,573,935,478,653
1884: 1676,1407,1940,1243,947,1020,1033,1270,2005,1563,1233,1172,1315,1191,239,303,370,1032
266: 1216,1736,800,100,2008,1043,1992,208,929,1896,1275,1923,1598,1257,49,1167
267: 1562,1199,532,1121,13,1622,902,1974,1464,1246,1138,1606,904,971,1957,1158,1965,1360,938,797,2015
268: 454,679,520,1744,540,1201
269: 1503
270: 1838,1103,313,981,1435,1433,1699,475,2011,611,1853,136,1523,184,528,1284,1795,74,1080
1774: 945,1752,2017,1177,1079,1280,692,1740,1487,949,1394,1319,1263,156,856,83
272: 
273: 1816,1719,1240,146,387,1339,2002,1351,296,796,87,1706,1046,1921,535,374
274: 481,752
1924: 1724,2016,479,1330,1228,1295,206,1953,1713,701,1725,18,597,1381,1714
276: 
277: 
278: 
279: 678,1658,1,858
1804: 1417,1440,253,558,638,181,1552,1653,200,120,1575,928,1183,2003,1260
281: 
282: 1261,1176,216
1866: 1160,1062,617,1185,593,939,1056,1276,713,78,1421,1772,933,2001,1434,45,1005,924,114,920,261,942,1787
284: 770,297
1882: 
286: 947,1033,1270,2005,1563,1233,1315,1191,239,370,1032
1657: 
288: 1096,1527,1508,1313,242,255
289: 764
290: 
1736: 1042,800,2008,266,333,655,1043,208,1521,1060,929,1275,850,1923,1598,1257,49
292: 1640,1106
293: 2012,1956,1256,730,1424,414,1895,1564,1859,821,1471,1332,1948,1482
294: 1961,1484,1535,1578,1362,855,962,179,1088,1342,670,1034,958,2019,41,418,1634,1903,1943,1520,1977,1419,1568,1099,1249,1798,786,698
1650: 1476,1933,1554,1848,2010,1641,559,1446,590,319,1024,473,1214,811,1670,780,430,221,816
296: 1816,1719,1240,146,387,273,1339,2002,499,1351,1659,1791,796,87,1472,562,1706,1308,1921,378,666,535,374
297: 284,770
298: 1116,527,1933,1309,599,985,1848,233,2010,1641,936,559,170,1760,1446,948,319,473,1214,780,1190,1250,221,816,1399,1004
299: 
300: 
301: 1278,66
302: 109,1770,685,458,1244,574,629,394,1800,1993,229,196,2000,903,870,818,1015,1168,1728,307,916,339,1499,237,1819,217,132
303: 370,1032,1676,1243,947,1020,1033,1884,1270,2005,1563,1172,1191
304: 1005,924,114,920,261,942,1787,1185,939,1421,933,2001,1434,45
305: 
306: 191,1281
307: 109,1770,685,458,1244,635,629,394,1800,229,196,2000,903,302,818,1168,1728,916,237
1938: 1879,131,2014,1215,555,803,225,1587,1127,1118,1258,448,1475,247
1869: 973,912
310: 1986,1117
1593: 
312: 8,1733,157,486,1748,445,546
313: 1838,981,1433,1699,475,2011,611,1853,136,270,1523,184,528,1284,914,1795,74
314: 1828,1455,1265,26,1019,1221,2013,1570,663,1225,141,1496,1745,193,842,1073,7,1610,567,514,1863,777,1338,58,1541,12,86
1714: 1381,1713,1725,2016,1228,1924,1295,1953
1993: 109,1770,685,1244,574,77,629,196,2000,903,870,302,818,1015,1168,916,339,1499,237,1819,132
317: 331,779,1371,1166,1205,30,462,1892,2009,756,343,503,403,145,1288,427,1049,1483
318: 
319: 1116,527,1476,1933,1309,298,599,1554,1848,1650,233,2010,1641,963,936,559,170,1760,1446,590,948,1024,473,1214,811,1670,780,1190,430,221,816,1123,1738
320: 1343
321: 
322: 381
323: 
1902: 624,964
1733: 8,157,486,1748,312
326: 
1953: 1724,2016,479,1330,1228,1924,1295,206,1713,701,1725,18,597,1381,1714
1851: 1379,211
329: 
330: 1025,1789,575
331: 779,1371,1166,1205,30,462,1892,317,2009,756,343,503,1528,178,403,1971,145,1614,1534,1288,427,1049,1483
332: 1426
333: 1216,1042,879,1029,1736,800,100,2008,655,1992,208,1521,1060,929,249,1896,1061,1275,850,1923,1598,1091,1257,49,1167
334: 
335: 1035,561,1095,1518,836,362,377,1303,494,487,594,1152,1350,2006,1555,1494,1697,176,573,935,478,1529,653,1824
1708: 1838,1103,981,1435,475,2011,1853,1469,1523,184,528,914,874,1795,74
337: 1934
338: 1703,1833
339: 109,1770,574,1432,77,629,394,1993,229,196,1204,2000,903,1712,870,302,818,1015,1168,1053,1728,916,1499,237,1819,217,132
340: 
341: 
1976: 
343: 331,1371,1166,1205,30,462,1892,317,2009,756,503,1528,178,403,727,1971,145,1614,1534,1288,427,1483
344: 140
1719: 1816,1240,146,387,273,1339,2002,499,1351,296,796,562,1706,1308,1921,535,374
1933: 1116,527,1476,1309,298,599,985,1554,1848,1650,233,2010,1641,963,936,559,170,1760,1446,590,948,319,1024,473,1214,811,1670,780,1190,1250,430,221,816,1399,1004,1123,1738
347: 
1911: 
349: 1832
350: 
351: 2012,192,1956,730,1424,1533,1895,1564,821,1783,417,1471,1332,1948,1599,1482,238,1763
352: 1213,1245,881,761
1970: 1112,1328
354: 
355: 1532,1638,509
356: 
357: 
358: 264,732,1824,1237,1035,561,836,362,494,2006,934,1697,573,935,478,1529,653
1796: 
360: 
361: 22,2004,1077,1579,690,946,882,62,1858,112,833,1383,263,1964,798,1997,1677,1124,1972
362: 1035,561,1095,1518,836,377,1303,487,2006,335,1555,1697,573,935,478,1529,653,358,732,1824
363: 419,1222,765,538,455,1247
364: 1979
365: 1377,222,1202,54,1784,1945,1408,134,408,1988,1267,2007,1341,1318
366: 
367: 1702
1676: 1407,1940,1243,947,1020,1033,1884,1270,2005,1563,1172,1191,239,303,1032
369: 
370: 303,1032,1243,947,1020,1033,1884,1270,2005,1563,1315,1191,286
1838: 1103,313,981,1435,1699,475,2011,611,1853,1708,136,270,1469,1523,184,528,1284,914,874,1795,74
372: 
1893: 
374: 87,1472,562,1706,172,1046,1308,1921,378,666,535,1816,1719,146,387,273,2002,1351,296,1791,796
1913: 1941,806
376: 
377: 1035,561,1095,1518,836,362,1303,1152,2006,335,1555,1494,1697,176,935,1529,653,1824
378: 1472,562,1706,172,1308,1921,666,535,374,2002,296
1812: 579,1044,792,57
1901: 1879,131,2014,1215,555,225,1587,1611,1258,1475,247,1825
381: 322
382: 
383: 548
384: 1548
1974: 1562,532,13,902,267,1138,1606,971,1158,1360,769,72,121,122,938,797,2015
1715: 1844
387: 1816,1719,1240,146,273,1339,2002,499,1351,296,1659,1791,87,1706,1308,1921,535,374
1713: 701,1725,18,597,1381,1714,2016,1228,1924,1295,1953
389: 1030
390: 
391: 
392: 
393: 
394: 109,635,574,1432,77,629,1800,229,196,1204,2000,903,1712,302,1015,1168,1053,1728,307,339,1499,237,217
395: 926
1595: 1535,940,962,179,1088,670,1034,1038,2019,1540,435,1045,477,1943,180,1756,1968,1419,1568,1099,1249,1798,698,1781,1479
1592: 
1730: 
399: 1652
400: 
401: 1316,1051
402: 
403: 1528,178,727,1971,145,1614,1534,331,1371,1166,1205,462,317,2009,756,343,503,1288,427,1483
404: 744
405: 1746,699,1840,831,844,682,1356,2018,814,1150,493,1822,183,1545,1322,1577,901,618,625,506,1189
406: 709,1252
1958: 
408: 1377,222,1202,54,365,1784,1408,134,1988,785,1823,1013,1267,2007,1341,1318
409: 109,1770,458,1244,635,77,629,1800,229,196,1204,2000,903,1712,818,1015,1168,1053,916
410: 
411: 
412: 899,634
413: 
414: 2012,1956,1256,730,1424,293,1895,1564,821,1471,1948,1599,1482
415: 
416: 820,1965,201,34,130,1944,862,98,719,1562,532,1121,1622,902,1464,1246,1138,1606,904,1158,526,1852,718,938,797,2015,469
417: 2012,192,1956,730,1424,1533,1564,351,1859,1783,1471,1332,1948,238,1763
418: 1961,1484,1535,1578,940,294,1362,855,962,179,1088,1342,670,1034,1038,958,2019,41,1634,1045,477,1083,1943,1520,1977,251,1419,1568,1099,1249,1798,786,698
419: 363,1222,765,538,455
420: 
1930: 1161,877
1894: 1627,1984
423: 513
1937: 
425: 518
426: 807,1023,2003,1591,1633,1969,220,1141,578,1417,1183
427: 1288,1049,1483,1528,403,1614,1534,331,1371,1166,462,1892,317,2009,343
428: 
1956: 2012,192,1256,730,1424,293,1533,414,1895,1564,351,1859,821,1783,417,1471,1332,1948,1599,1482
430: 1116,1476,1933,1309,599,1554,1848,1650,2010,1641,963,559,170,1760,1446,590,319,1024,1214,811,1670,780,1190,221,816
431: 1335
432: 1111,974,822,1239,56
433: 
1939: 
435: 1961,855,962,1088,1038,1128,2019,1045,477,1943,1595,1798
436: 25,1180,700,1162
1654: 909
438: 1361
439: 592,1917
440: 143,860,1947,1192,6
441: 
1716: 
443: 1067
444: 
445: 8,157,1748,546,312
446: 
447: 
448: 1127,1611,650,1118,1258,247,131,2014,555,803,1938,225,1587
449: 
450: 986,580
451: 1087,500,539,1040
452: 
453: 1289,743
454: 268,679,520,1744,1201
455: 538,1247,419,363,1222,765
456: 748,1501,737,1718
457: 
458: 109,1770,409,685,1244,635,629,1800,229,196,2000,903,302,818,1015,1168,307,916
459: 
460: 1600
461: 
462: 331,779,1371,1166,1205,30,1892,317,2009,343,1528,403,1971,1534,1288,427,1049,1483
463: 1013,1837,990,965,495,2007,1684,1318,687,54,81,1784,1945,669
464: 1785,1048,547,898
465: 549,97
466: 
1945: 687,1377,222,1202,54,81,365,1784,1408,134,1988,669,785,1823,1013,990,463,1267,965,495,2007,1684,1318
468: 
469: 1360,1926,769,72,526,121,122,1852,718,1452,1297,1883,938,797,2015,416,130,1944,862,98,719,532,13,1622,902,1464,1138,1606,1158
470: 740
1927: 165,694
472: 1767,695,572,1404
473: 527,1476,1933,1309,298,599,985,1848,1650,233,2010,1641,936,559,1446,590,948,319,1024,1214,1670,780,221,816,1123
1610: 783,1265,1019,1584,2013,1225,1331,1496,193,1073,567,314,1338,1541,12,227,808
475: 1838,1103,313,981,1435,1433,1699,2011,611,1853,1708,136,270,1469,1523,184,528,1284,914,1795,74
476: 1122,1277,1450,246,1078,1151
477: 1535,1578,940,1088,670,1034,1038,2019,1540,418,435,1045,1943,180,1595,1756,1780,1568,1099,1249,1798,698,1781
478: 1035,561,1095,1518,836,362,494,487,594,1350,2006,335,1555,934,1697,176,573,935,1529,653,264,358,732,1824,1237
479: 1724,2016,1330,1228,1924,1295,206,1953,1725,597,1381
480: 
481: 274,752
1668: 
1710: 945,1752,1690,1181,2017,1177,692,1740,1487,949,1394,1319,1560,156,163,1588,856,1210,1860,1429
1980: 1218,1864,867
485: 515,637
486: 8,1733,157,1748,312
487: 1035,561,1095,1518,362,1303,494,594,1152,1350,2006,335,1555,1494,934,176,573,935,1000,478,653,264
1879: 1901,131,2014,1215,555,1938,225,1587,1127,1611,1300,1258,1475,247,1825
1787: 1005,924,114,920,261,942,304,617,1185,1866,939,1421,933,2001,1434,45
490: 1420,1115
491: 807,1023,2003,1591,876,1260,1969,760,220,578,262
492: 
493: 699,831,682,1356,405,2018,814,183,1322,618,625
494: 1035,561,1518,836,487,594,1350,2006,335,934,1697,176,573,935,1000,478,1529,653,264,358,732,1824,1237
495: 785,1823,1013,1837,990,463,1267,1052,965,2007,1684,1318,687,1377,222,54,81,1784,1945,1988,669
496: 
497: 
1968: 1535,179,1034,2019,1540,1634,1903,180,1595,1756,1419,1568,1099,1249,1798,698,1781,1479
499: 1719,1240,146,387,1339,2002,296,1659,1791,1706,1308
500: 451,539
501: 
502: 530,984
503: 331,779,1371,1166,1205,30,1892,317,2009,756,343,1528,178,403,727,1971,145
504: 
2010: 1116,527,1476,1933,1309,298,599,985,1554,1848,1650,233,1641,963,936,559,170,1760,1446,590,948,319,1024,473,1214,811,1670,780,1190,1250,430,221,816,1399,1004,1123,1738,144
506: 1746,699,1558,405,2018,814,1150,1983,1822,183,1545,1322,1577,618,625,203,1159,1750,804,1189,1027
1759: 
1770: 109,409,685,458,1244,629,1993,229,196,2000,903,870,302,818,1015,1168,307,916,339,237,132
509: 1638,355,1532
510: 1925,608,1132,793,24
511: 218,673
1697: 1035,561,1518,836,362,377,1303,494,2006,335,1555,176,935,478,1529,653,358,732,1824
513: 423
514: 26,1019,2013,1570,663,1496,842,1073,7,1224,567,314,1863,777,86
515: 485,637
516: 
517: 
518: 425
519: 1492
520: 679,1744,540,1201,268,454
1849: 1449
1977: 1961,1484,1535,1578,940,294,1362,855,1088,1342,670,1038,958,2019,41,418,1634,1045,1083,1943,1520,251,1419,1099,1249,1798,786,698
523: 
524: 
1599: 1482,2012,1956,1533,414,1895,1564,351,821,1783,1471,1332,1948
526: 1926,72,121,122,1852,718,1452,1297,1883,938,797,2015,469,820,1965,201,416,34,130,1944,862,98,719,532,1121,13,1622,902,1464,1246,1138,1606,1957,1158
527: 1116,1476,1933,1309,298,599,985,1848,233,2010,1641,936,559,1446,590,948,319,473,1214,780,1190,221,816,1399,1004,1123,1738,144
528: 1838,1103,313,981,1435,1433,1699,475,2011,611,1853,1708,270,1469,1523,184,914,74
529: 
530: 502,984
531: 
532: 1562,1199,1121,13,1622,902,267,1974,1464,1246,1138,1606,904,1158,820,1965,416,34,130,1944,862,98,526,1852,718,938,797,2015,469
533: 
534: 248
535: 87,1472,562,1706,172,1046,1308,1921,378,666,374,1816,1719,1240,146,387,273,2002,1351,296,1659,1791,796
1682: 999,213,151
2003: 807,1023,426,1591,876,1633,1260,1969,491,760,220,1141,578,1417,1440,253,558,638,181,1552,1804,1653,200,120,1575,928,262,1183
538: 455,1247,419,363,1222,765
539: 1087,451,500,615,1040,1382
540: 679,520,1744,1201,268
541: 699,1840,831,1558,844,682,1356,2018,814,1150,1737,1983,1822,183,1322,1577,901,1159
1789: 1025,330,575
543: 1488,95
1663: 
1768: 
546: 1748,445,312
547: 898,1048,464
548: 383
549: 465,97
1997: 833,1383,263,1964,798,1677,1124,22,2004,1077,946,361,62,112
551: 1673
552: 1193
553: 
1643: 1098
555: 1879,1901,131,2014,1215,803,1938,225,1587,1127,1258,448,1475,247
556: 691,1729,242,255,771
557: 1616
558: 1440,181,1804,200,1575,928,1355,2003
559: 527,1476,1933,1309,298,1848,1650,233,2010,1641,963,1446,590,319,1024,473,1214,811,1670,780,430,221,816,1123
560: 
561: 1035,1095,1518,836,362,377,1303,494,487,594,1152,1350,2006,335,1555,1494,934,1697,176,573,935,478,1529,653,264,358,1824,1237
562: 87,1472,1706,172,1046,1308,1921,378,666,535,374,1816,1719,146,2002,1351,296,796
1727: 
564: 
565: 
566: 772,185
567: 1828,1265,26,1019,2013,663,1225,141,1496,193,842,1073,7,1610,514,314,777,1338,58,1541,12,86,227
568: 1734
2013: 783,1828,1455,1265,1857,26,1019,1221,1584,1570,663,1225,141,1331,1496,1745,193,1764,842,1073,1810,7,1610,1224,567,514,582,314,1561,1863,777,1338,58,1541,12,86,227,1409,808
570: 
571: 1081,728
572: 1767,695,472,1404
573: 1035,561,1095,1518,362,494,487,594,1350,2006,335,1494,934,176,935,478,653,264,358,1237
574: 109,1432,77,629,394,1800,1993,196,1204,2000,903,1712,870,302,1015,1168,1053,1728,339,1499,237,1819,217,132
575: 330,1789
576: 
1690: 945,1752,1181,2017,692,1710,1487,1319,1560,156,163,1588,856,1210,1860,1429
578: 807,1023,426,2003,1591,876,1633,1260,1969,491,760,220,1141,1417,1440,253,638,181,1552,1653,1575,262,1183
579: 1044,792,1812,57
580: 986,1507,1126,450
1830: 
582: 783,1828,1265,1857,26,1019,1221,1584,2013,663,1225,1496,1745,193,1764,842,1073,1810,7,1224,1561,1863,58,1541,12,86,227,1409,808
1910: 
584: 1515
585: 
586: 
587: 93,656,0,1139,676
588: 
1829: 1473
590: 527,1476,1933,1309,1848,1650,233,2010,1641,559,1446,319,1024,473,1214,811,780,1190,430,221,816,1123
591: 
592: 439,1917
593: 1160,1062,617,1185,1866,939,1056,1276,713,78,1421,1772,933,2001,1434,45,1005,924,942
594: 1035,561,1095,1518,1303,494,487,1152,1350,2006,335,1494,934,176,573,935,1000,478,1529,653
595: 
596: 1664,1157
597: 701,1725,18,1713,1381,1724,2016,479,1228,1924,206,1953
1642: 1681
599: 1116,527,1476,1933,1309,298,985,2010,1641,936,948,319,473,1214,780,1190,1250,430,221,1399,1004,1123,1738,144
600: 1991
601: 
2012: 192,1956,1256,730,1424,293,1533,414,1895,1564,351,1859,821,1783,417,1471,1332,1948,1599,1482,238,1763
603: 1268,913
604: 995,89,1259
605: 
606: 
607: 1058
608: 510,1925,1132
1929: 
610: 887,853,1799
611: 1838,313,981,1435,1433,1699,475,2011,1853,136,270,1523,184,528,1284,914,874,1795,74,1080
612: 
613: 
1652: 399
615: 1087,539,1826,1382
616: 
617: 1160,1062,1185,593,1866,1056,1276,713,78,1421,1772,933,2001,1434,45,924,920,1787
618: 1746,699,831,682,1356,405,2018,814,493,183,1545,1322,1577,625,506
619: 70
620: 
621: 1439
622: 1904
1859: 2012,192,1956,1256,730,1424,293,1564,1783,417,1471,1332,238
624: 1902,964
625: 1746,699,831,844,682,1356,405,2018,814,1150,493,1822,183,1545,1322,1577,618,506,203,1159,1027
626: 1410
627: 680
628: 
629: 109,1770,409,458,1244,635,574,1432,77,394,1800,1993,229,196,1204,2000,903,1712,870,302,818,1015,1168,1053,1728,307,916,339,1499,237,1819,217,132
630: 1632,1491
631: 
632: 1272
633: 
634: 412
635: 109,409,458,1244,629,394,1800,229,196,1204,2000,903,1712,818,1015,1168,1053,307
636: 84
637: 515,485
638: 1417,253,1552,1804,1653,120,1575,262,1023,2003,1591,876,1260,1969,760,578
1855: 
1844: 1715
641: 
642: 19
643: 1517
1712: 109,409,1244,635,574,1432,77,629,394,1800,196,1204,2000,903,1015,1168,1053,1728,339,1499,237,1819,217
645: 
1742: 1293
1828: 783,1455,1265,1857,26,1019,1221,2013,1570,663,1225,141,1496,1745,193,1764,842,1073,1810,7,1224,567,582,314,1561,1863,777,1338,58,1541,12,86,1409,808
1943: 1961,1535,294,855,962,179,1088,670,1038,1128,2019,41,418,435,1045,477,1595,1756,1977,1419,1568,1099,1249,1798
649: 
650: 1127,1611,1300,1118,1258,448,1475,247,1825,131,2014
651: 
1922: 1625,1231,795
653: 1035,561,1095,1518,836,362,377,494,487,594,1350,2006,335,1555,934,1697,176,573,935,478,1529,264,358,732,1824,1237
1659: 146,387,2002,499,296,1791,87,1472,1706,1308,535
655: 1042,879,1029,1736,2008,333,1521,1060,929,249,1275,850,1923,1598,1091,49
656: 93,587,0,1139,676
657: 
1795: 1838,313,981,1435,475,2011,611,1853,1708,136,270,1469,1523,184,1284,914,874,74,1080
659: 
660: 
1706: 87,1472,562,172,1308,1921,378,666,535,374,1816,1719,1240,146,387,273,2002,499,1351,296,1659,1791,796
662: 22,2004,1077,1579,690,882,1858,1383,1677,747,1972
663: 1828,1857,26,1019,1221,2013,1570,141,1496,842,1073,7,1224,567,514,582,314,1863,777,1541,86,1409
664: 
1921: 87,1472,562,1706,172,1046,1308,378,666,535,374,1816,1719,146,387,273,2002,1351,296,1791,796
666: 87,1472,562,1706,172,1046,1308,1921,378,535,374,1816,2002,1351,296,1791,796
1748: 8,1733,157,486,445,546,312
668: 
669: 687,1377,222,1202,54,81,1784,1945,1408,134,1823,1013,990,463,1267,965,495,2007,1684,1318
670: 1484,1535,1578,940,294,855,1088,1342,1034,1038,958,2019,41,418,1045,477,1083,1943,1520,180,1595,1756,1977,251,1419,1780,1099,1249,1798,786,698
1635: 1022
2000: 109,1770,409,685,458,1244,635,574,1432,77,629,394,1800,1993,229,196,1204,903,1712,870,302,818,1015,1168,1053,1728,307,916,339,1499,237,1819,217,132
673: 218,511
1806: 
675: 10,1527,1508,1313,1384,118,1729,242,255,771
676: 93,656,587,0,1139
677: 
678: 1325,279,1658,1,858
679: 520,1744,540,1201,268,454
680: 627
681: 
682: 699,1840,831,541,1558,844,1356,405,2018,814,1150,1983,493,1822,183,1322,1577,901,618,625
683: 
684: 
685: 109,1770,458,1244,1993,229,2000,903,870,302,818,1168,1728,307,916
686: 92,922,1963,1411
687: 1377,54,81,1784,1945,1408,669,1823,1013,990,463,1267,965,495,2007,1684,1318
688: 
689: 1525,173,1758,42
690: 22,2004,1077,1579,662,946,882,361,62,1858,112,833,1383,798,1677,1124,747,1972
691: 556,771
692: 945,1752,1690,1181,2017,1177,1774,1280,1710,1740,1487,949,1394,1319,1263,1560,156,163,856,1210,1860
693: 731,88
694: 1927,165
695: 1767,472,572,1404
696: 
697: 
698: 1484,1535,1578,940,294,1362,179,1088,1342,670,1034,2019,41,418,1634,1903,477,1083,1520,180,1595,1756,1968,1977,251,1419,1780,1568,1099,1249,1798,786,1781,1479
699: 1746,1840,831,541,1558,844,682,1356,405,2018,814,1150,1737,1983,493,1822,183,1545,1322,1577,901,618,625,506,203,1159,1750,1189
700: 1162,436
701: 1725,18,597,1713,1724,2016,1228,1924,206,1953
2009: 331,779,1371,1166,1205,30,462,1892,317,756,343,503,1528,178,403,727,1971,145,1614,1534,1288,427,1049,1483
703: 
704: 177,171,1504
705: 
1620: 
1655: 794
708: 
709: 1252,406
710: 
711: 944
712: 906,1637
713: 1160,1062,617,1185,593,1866,1056,1276,78,1772,933,2001,45
2011: 1838,1103,313,981,1435,1433,1699,475,611,1853,1708,136,270,1469,1523,184,528,1284,914,874,1795,74,1080
1780: 1484,1535,1578,940,670,1034,2019,1634,1903,477,1083,1520,180,1756,251,1568,1099,1249,1798,786,698,1781,1479
716: 
717: 
718: 1926,72,526,121,122,1852,1297,1883,938,797,2015,469,820,1965,201,416,34,130,1944,862,98,719,1562,532,13,1622,902,1464,1246,1138,1606,1957,1158
719: 1944,862,98,820,201,416,34,130,1622,1464,1158,1926,72,526,121,1852,718,1297,1883,938,797,2015,469
720: 
1941: 806,1913
722: 1887,896
723: 1954
1636: 
725: 
1887: 722,896
727: 1528,178,403,1971,145,1614,1534,1371,2009,343,503
728: 571,1081
729: 
730: 2012,192,1956,1256,1424,293,414,1895,1564,351,1859,821,1783,417,1471,1332,1948,1482,238
731: 693,88
732: 264,358,1824,1237,1035,836,362,494,2006,1697,176,935,478,1529,653
1867: 
1717: 
735: 
1983: 1746,699,1840,831,541,1558,844,682,1356,2018,1150,1737,1822,183,1545,1322,1577,901,506,203,1159,1750,1189
737: 748,1501,456,1718
738: 
739: 927,1679
740: 470
741: 1299
1848: 1116,527,1933,1309,298,985,1554,1650,233,2010,1641,963,936,559,170,1760,1446,590,948,319,1024,473,1214,811,1670,780,1190,1250,430,221,816
743: 1289,453
744: 404
745: 1458
746: 
747: 833,1383,1677,1124,1972,22,2004,1077,1579,690,662,882,1858
748: 1501,456,737,1718
749: 1449
750: 
1613: 1872
752: 274,481
753: 
754: 
755: 
756: 331,779,1166,1205,30,1892,317,2009,343,503,178,403,1971,145
1639: 1680
758: 
1660: 
760: 807,1023,2003,1591,876,1260,1969,491,220,1141,578,1417,638,1653,262
761: 60,1213,1245,352,1293,881,1505
762: 1722,885,843,1675,873
763: 1359,1688,1537
764: 289,1195
765: 419,363,1222,538,455,1247
766: 
1870: 38
1700: 
769: 1360,1926,72,121,122,1452,1297,1883,938,2015,469,13,902,1974,971,1158
770: 284,297
771: 675,1508,1729,242,255,691,556
772: 566,185
773: 810
774: 1574
775: 
776: 
777: 1828,26,1019,1221,2013,1570,663,1225,141,1496,193,842,1073,7,567,514,314,1863,12,86
2015: 1360,1926,769,72,526,121,122,1852,718,1452,1297,1883,938,797,469,820,1965,201,416,34,130,1944,862,98,719,1562,1199,532,1121,13,1622,902,267,1974,1464,1246,1138,1606,904,971,1957,1158
779: 331,1371,1166,1205,30,462,1892,317,2009,756,503,145,1049
780: 527,1476,1933,1309,298,599,1848,1650,233,2010,1641,559,1446,590,948,319,1024,473,1214,1190,430,221,816,1123,1738,144
781: 
1769: 
783: 1828,1455,1265,1857,26,1019,1221,1584,2013,1225,141,1331,1496,1745,193,1764,842,1073,1810,7,1610,1224,582,1561,1863,1338,58,1541,12,86,227,1409,808
1684: 1823,1013,1837,990,463,965,495,2007,687,54,1945,669
785: 1823,1013,1837,990,1267,1052,965,495,2007,1341,1318,222,54,1784,1945,134,408,1988
786: 1484,1535,1578,940,294,1362,1342,670,1034,2019,418,1634,1903,1083,1520,1977,251,1780,1099,1249,1798,698
787: 
1891: 
789: 
790: 
791: 
792: 579,1044,1812,57
793: 982,510,24
794: 1655
795: 1625,1231,1922
796: 1816,1719,1240,146,273,2002,1351,296,562,1706,1046,1308,1921,666,535,374
797: 1360,1926,72,526,121,122,1852,718,1297,938,2015,469,820,1965,416,34,130,1944,862,98,719,1562,532,13,1622,902,267,1974,1464,1246,1138,1606,1158
798: 833,1383,263,1964,1997,1677,1124,1972,22,2004,1077,690,946,882,361,62,1858,112
799: 
800: 1216,1042,1029,1736,100,2008,266,333,1043,1992,208,1060,929,1896,1275,1923,1598,1091,1257,49,1167
1761: 
1738: 1123,144,527,1476,1933,1309,599,985,2010,948,319,1214,780,1190,221,1399,1004
803: 2014,555,1938,225,1587,1127,1258,448
804: 1159,1750,1189,1027,2018,1150,1822,1577,901,506
805: 
806: 1941,1913
807: 1023,426,2003,1591,876,1260,1969,491,760,220,1141,578
808: 783,1828,1265,1857,1019,1584,2013,1225,1331,1496,1745,193,842,1810,7,1610,582,1561,1338,58,1541,12,227
1699: 1838,1103,313,981,1435,1433,475,2011,611,1853,136,270,1523,184,528,1284,74
810: 773
811: 1116,1933,1309,1554,1848,1650,2010,1641,963,559,170,1760,1446,590,319,1024,1670,430,221,816
812: 
1762: 
814: 1746,699,831,541,844,682,1356,405,2018,1150,493,1822,183,1545,1322,1577,618,625,506
815: 
816: 1116,527,1933,1309,298,1554,1848,1650,2010,1641,963,936,559,170,1760,1446,590,319,1024,473,1214,811,1670,780,1190,1250,430,221
1637: 906,712
818: 109,1770,409,685,458,1244,635,77,629,1800,1993,229,196,1204,2000,903,870,302,1015,1168,307,916,339,1499,237,132
1633: 426,2003,1591,1141,578,1417,1440,253,181,1552,1653,1575,928,262,1183
820: 1965,201,416,34,130,1944,862,98,719,1199,532,1121,1622,902,1464,1246,1138,1606,904,1957,1158,526,718,1297,938,797,2015
821: 2012,1956,1256,730,1424,293,1533,414,1895,1564,351,1783,1471,1948,1599,1482
822: 1111,432,974,1239
1607: 
824: 
2017: 945,1752,1690,1181,1177,1079,1774,1280,692,1710,1740,1487,949,1394,1319,1263,1560,156,163,1588,856,1210,83,1860,1429,123,863,1589,47
826: 68
827: 
1757: 
829: 
830: 1797
831: 1746,699,1840,541,1558,844,682,1356,405,2018,814,1983,493,1822,183,1545,1322,1577,618,625,203
832: 
833: 1383,263,1964,798,1997,1677,1124,747,22,2004,1077,690,946,361,62
834: 
1729: 10,675,1527,1508,1313,1384,118,242,255,771,556
836: 1035,561,1518,362,377,494,2006,335,1555,1697,176,935,478,1529,653,358,732,1824,1237
837: 1981
1985: 
839: 1845,1009
1984: 1627,1894
1669: 1576,230,997
842: 783,1828,1455,1265,1857,26,1019,1221,1584,2013,1570,663,1225,141,1496,1745,193,1764,1073,1810,7,1224,567,514,582,314,1561,1863,777,1338,58,1541,12,86,227,1409,808
843: 762,1722,885,1675,873
844: 1746,699,1840,831,541,1558,682,1356,405,2018,814,1150,1737,1983,1822,183,1322,1577,901,625,203,1159,1189
1670: 1933,1554,1848,1650,2010,963,559,1760,1446,319,1024,473,811,430,816
1758: 1525,173,689,42
1702: 367
2004: 22,1077,1579,690,662,946,882,361,62,1858,112,833,1383,263,1964,798,1997,1677,1124,747,1972
1816: 1719,1240,146,387,273,1339,2002,1351,296,1791,796,87,562,1706,1046,1308,1921,666,535,374
850: 1042,879,1736,2008,333,655,1043,208,1521,1060,929,1275,1923,1598,49
851: 1443,1370
852: 
853: 610,887,1799
854: 
855: 1961,1578,294,962,1088,1342,670,1038,958,1128,2019,41,418,435,1045,1943,1520,1977,1419,1249,1798
856: 945,1752,1690,1181,2017,1177,1079,1774,1280,692,1710,1487,949,1394,1319,1263,1560,156,163,1588,1210,1860,1429,47
1602: 
858: 678,279,1658,1
1821: 
860: 143,1947,440,1192,6
861: 
862: 1944,98,719,820,1965,201,416,34,130,1199,532,1121,1622,902,1464,1246,1138,1957,1158,1926,72,526,121,1852,718,1452,1297,1883,938,797,2015,469
863: 1429,123,1589,47,945,2017,1079,1280,1740,1487,1319,1263,156,83,1860
864: 115
1827: 
866: 
867: 968,1218,1864,1980
868: 
1950: 
870: 109,1770,685,574,629,1993,196,2000,903,302,818,1015,1168,1728,916,339,1499,237,1819,132
1623: 
1740: 945,2017,1079,1774,1280,692,1710,1487,949,1394,1319,1263,156,83,1860,1429,863,1589
873: 762,1722,885,843,1675
874: 1838,981,2011,611,1853,1708,1469,1523,184,914,1795,74,1080
1622: 1562,1199,532,1121,13,902,267,1464,1246,1138,1606,904,971,1957,1158,820,1965,201,416,34,130,1944,862,98,719,72,526,121,718,1452,1297,938,797,2015,469
876: 807,1023,2003,1591,1260,1969,491,760,578,1417,638,1653,120,262
877: 1161,1930
1785: 1048,464,898
879: 1216,1042,1029,100,2008,333,655,1060,929,249,1896,1061,1275,850,1923,1598,1091,1257,49
880: 
881: 60,1213,1245,352,1293,1505,761
882: 22,2004,1077,1579,690,662,946,361,62,1858,112,1383,798,1677,1124,747,1972
1972: 1383,263,798,1677,1124,747,22,2004,1579,690,662,882,361,1858
884: 
885: 762,1722,843,1675,873
886: 
887: 610,853,1799
1895: 2012,1956,1256,730,1424,293,414,1564,351,821,1783,1471,1332,1948,1599,1482
1658: 678,1325,279,858
890: 
1709: 1104
892: 1982,1707
893: 
894: 
1728: 109,685,1244,574,629,394,1800,229,196,1204,2000,903,1712,870,302,1168,307,916,339,1499,237,217,132
896: 722,1887
897: 1428,1036
898: 547,1785,1048,464
899: 412
1960: 
901: 699,1840,541,1558,844,682,1356,405,2018,1150,1737,1983,1822,1577,1159,804,1189
902: 1562,1199,532,1121,13,1622,267,1974,1464,1246,1138,1606,971,1957,1158,820,1965,201,416,130,862,1360,769,72,526,121,122,718,1452,1297,938,797,2015,469
903: 109,1770,409,685,458,1244,635,574,77,629,394,1800,1993,229,196,1204,2000,1712,870,302,818,1015,1168,1053,1728,307,916,339,1499,237,1819,132
904: 1562,1199,532,1121,1622,267,1464,1246,1138,1606,820,1965,416,2015
905: 
906: 712,1637
2007: 785,1823,1013,1837,990,463,1267,1052,965,495,1684,1341,1318,687,1377,222,1202,54,81,365,1784,1945,1408,134,408,1988,669
1853: 1838,1103,313,981,1435,1433,1699,475,2011,611,1708,136,270,1469,1523,184,528,1284,914,874,1795,74,1080
909: 1654
1832: 349
911: 
912: 973,1869
913: 603,1268
914: 1838,1103,313,981,1435,475,2011,611,1853,1708,1469,1523,184,528,1284,874,1795,74,1080
1764: 783,1828,1455,1857,26,1221,2013,1570,141,1745,842,1810,7,1224,582,1561,1863,1338,58,1409
916: 109,1770,409,685,458,1244,629,1800,1993,229,196,2000,903,870,302,818,1015,1168,1728,307,339,237,132
917: 
918: 
1959: 
920: 1005,924,114,261,942,304,1787,617,1185,1866,933,2001,45
1986: 310
922: 92,1963,1411,686
923: 
924: 1005,114,920,261,942,304,1787,617,1185,593,1866,939,1056,1276,1772,933,2001,1434,45
1590: 
926: 395
927: 739,1679
928: 1417,1440,253,558,181,1552,1804,1653,200,120,1575,1355,1183,2003,1633
929: 1216,1042,879,1029,1736,800,100,2008,266,333,655,1043,208,1521,1060,249,1896,1061,1275,850,1923,1598,1091,1257,49,1167
930: 
1856: 
932: 
933: 9,1062,617,1185,593,1866,939,1276,713,78,1421,2001,1434,45,1005,924,114,920,942,304,1787
934: 1035,561,1518,494,487,594,1152,1350,2006,176,573,935,1000,478,1529,653,264,358,1237
935: 1035,561,1095,1518,836,362,377,1303,494,487,594,1152,1350,2006,335,1555,1494,934,1697,176,573,1000,478,1529,653,264,358,732,1824,1237
936: 1116,527,1933,1309,298,599,985,1554,1848,2010,1641,170,1760,1446,948,319,473,1214,1190,1250,816,1399,1004
937: 117
938: 1360,1926,769,72,526,121,122,1852,718,1452,1297,1883,797,2015,469,820,1965,416,130,1944,862,98,719,1562,1199,532,1121,13,1622,902,267,1974,1464,1246,1138,1606,971,1957,1158
939: 9,1185,593,1866,1056,1276,78,1421,933,2001,1434,45,1005,924,114,942,304,1787
940: 1484,1535,1578,1088,1342,670,1034,1038,2019,418,1045,1903,477,1083,1520,180,1595,1756,1977,251,1780,1568,1099,1249,1798,786,698,1781,1479
941: 
942: 1005,924,114,920,261,304,1787,1185,593,1866,939,1056,1421,933,2001,1434,45
943: 
944: 711
945: 1752,1690,1181,2017,1177,1079,1774,1280,692,1710,1740,1487,949,1394,1319,1263,1560,156,163,856,1210,83,1860,1429,863
946: 22,2004,1077,690,882,361,62,1858,112,833,263,1964,798,1997,1124
947: 1676,1407,1940,1243,1020,1033,1884,1270,2005,1563,1233,1172,1315,1191,239,286,303,370,1032
948: 1116,527,1476,1933,1309,298,599,985,1848,233,2010,1641,936,319,473,1214,780,1190,1250,221,1399,1004,1123,1738,144
949: 945,1752,2017,1177,1079,1774,1280,692,1710,1740,1487,1394,1319,1263,156,163,856,1210,83,1860,1429,47
950: 978,1187,1573
951: 
1672: 
1807: 152
954: 
1850: 
1628: 
957: 
958: 1961,1484,1578,294,1362,855,1088,1342,670,2019,41,418,1634,1520,1977,251,1419,1249,1798
959: 
1701: 
961: 1050
962: 1961,294,855,179,1088,1038,1128,2019,41,418,435,1045,1943,1595,1419,1798
963: 1933,1554,1848,2010,1641,559,170,1760,1446,319,1024,811,1670,430,816
964: 1902,624
965: 785,1823,1013,1837,990,463,1267,1052,495,2007,1684,1318,687,54,1945,669
966: 
967: 1368,1266
968: 1218,1864,867
969: 
1756: 1484,1535,1578,940,179,1088,670,1034,2019,1540,1045,1903,477,1943,180,1595,1968,1419,1780,1568,1099,1249,1798,698,1781,1479
971: 1562,1199,13,1622,902,267,1974,1464,1246,1138,1606,1957,1158,1360,769,72,121,122,1452,938,2015
1965: 820,201,416,34,130,1944,862,98,1199,532,1121,1622,902,267,1464,1246,1138,1606,904,1158,526,718,938,797,2015
973: 1869,912
974: 1111,432,822,1239,56
1647: 
976: 
977: 
978: 950,1187,1573
979: 1298,231
1598: 1216,1042,879,1029,1736,800,100,2008,266,333,655,1043,208,1521,1060,929,1896,1275,850,1923,1091,1257,49,1167
981: 1838,1103,313,1435,1433,1699,475,2011,611,1853,1708,270,1469,1523,184,528,1284,914,874,1795,74
982: 793,24
983: 
984: 502,530
985: 1116,527,1933,1309,298,599,1848,2010,1641,936,170,948,473,1214,1190,1250,1399,1004,1738
986: 1507,450,580
987: 
988: 40,1839
1889: 
990: 785,1823,1013,1837,463,1267,1052,965,495,2007,1684,1318,687,1377,54,81,1784,1945,134,669
991: 
992: 
1999: 1208
994: 
995: 604,89,1259
1797: 830
997: 1576,230,1669
1942: 1142
999: 1673,213,151,1682
1000: 1518,494,487,594,1152,1350,2006,934,176,935,1529
1001: 1490
1904: 1376,1075,622
1681: 1642
1004: 1116,527,1476,1933,1309,298,599,985,2010,936,948,1214,1190,1250,221,1399,1123,1738,144
1005: 924,114,920,261,942,304,1787,1185,593,1866,939,1056,1276,1421,933,2001,1434,45
1006: 
1952: 174
1008: 1692,1437,1366
1009: 839,1845
1677: 833,1383,263,1964,798,1997,1124,747,1972,22,2004,1077,1579,690,662,882,361,1858
1011: 
1012: 
1013: 785,1823,1837,990,463,1267,1052,965,495,2007,1684,1341,1318,687,1377,222,54,1784,1945,134,408,1988,669
1014: 
1015: 109,1770,409,458,1244,635,574,1432,77,629,394,1800,1993,229,196,1204,2000,903,1712,870,302,818,1168,1053,916,339,1499,237,1819
1016: 
1641: 1116,527,1476,1933,1309,298,599,985,1554,1848,1650,2010,963,936,559,170,1760,1446,590,948,319,473,1214,811,780,1190,1250,430,221,816,1399
1763: 238,2012,192,1533,351,1783,417,1471,1332,1948
1019: 783,1828,1455,1265,1857,26,1221,1584,2013,1570,663,1225,141,1496,1745,193,842,1073,7,1610,1224,567,514,582,314,1863,777,58,1541,12,86,227,808
1020: 1676,1940,1243,947,1033,1884,1270,2005,1563,1172,1191,303,370,1032
1021: 
1022: 1635
1023: 807,426,2003,1591,876,1260,1969,491,760,220,1141,578,638,1653,262
1024: 1933,1848,1650,233,2010,963,559,1760,1446,590,319,473,811,1670,780,430,816
1025: 1789,330
1026: 
1027: 1159,1750,804,1189,1746,2018,1822,1577,625,506,203
1028: 
1029: 1216,1042,879,800,100,2008,333,655,1992,208,1060,929,249,1896,1061,1275,1923,1598,1091,1257,49,1167
1030: 389
1903: 1484,1535,1578,940,294,179,1034,2019,1634,1520,1756,1968,1419,1780,1568,1099,1249,1798,786,698,1781,1479
1032: 303,370,1676,1243,947,1020,1033,1884,1270,2005,1563,1233,1172,1315,1191,239,286
1033: 1676,1407,1940,1243,947,1020,1884,1270,2005,1563,1233,1172,1315,1191,239,286,303,370,1032
1034: 1484,1535,1578,940,294,179,1088,670,2019,1540,418,1634,1045,1903,477,1520,180,1595,1756,1968,1419,1780,1568,1099,1249,1798,786,698,1781,1479
1035: 561,1095,1518,836,362,377,1303,494,487,594,1152,1350,2006,335,1555,1494,934,1697,176,573,935,478,1529,653,264,358,732,1824,1237
1036: 1428,897
1741: 
1038: 1961,1578,940,855,962,1088,670,1128,2019,41,418,435,1045,477,1943,1595,1977,1419,1099,1249,1798
1863: 783,1828,1455,1857,26,1019,1221,2013,1570,663,1225,141,1496,1745,1764,842,1073,7,1224,514,582,314,777,1541,86,1409
1040: 1087,451,539
1634: 1484,1535,1578,294,1362,179,1088,1342,1034,958,2019,41,418,1903,1520,1968,1977,1419,1780,1568,1099,1249,1798,786,698,1479
1042: 1216,879,1029,1736,800,100,2008,333,655,1043,208,1521,1060,929,249,1896,1275,850,1923,1598,1091,1257,49
1043: 1216,1042,1736,800,2008,266,208,1521,929,1275,850,1923,1598,1257,49,1167
1044: 579,792,1812,57
1045: 1961,1535,1578,940,855,962,179,1088,670,1034,1038,1128,2019,41,1540,418,435,477,1943,180,1595,1756,1977,1419,1568,1099,1249,1798
1046: 87,562,1921,666,535,374,1816,273,2002,1351,796
1646: 
1048: 1785,464,547,898
1049: 1288,427,1483,331,779,1371,1166,462,1892,317,2009
1050: 961,1066,188
1051: 401,1316
1052: 785,1823,1013,1837,990,1267,965,495,2007,1341,1318,54
1053: 109,409,635,574,1432,77,629,394,1800,196,1204,2000,903,1712,1015,339,1499,1819,217
1054: 
1055: 1987,1808
1056: 1160,617,1185,593,1866,939,1276,713,78,1421,1772,2001,45,1005,924,261,942
1057: 1133,1543
1058: 607
1059: 
1060: 1216,1042,879,1029,1736,800,100,2008,333,655,208,1521,929,249,1896,1061,1275,850,1923,1598,1091,1257,49
1061: 879,1029,100,2008,333,1992,1060,929,249,1896,1923,1091,1257,49,1167
1062: 1160,617,1185,593,1866,1276,713,78,1421,1772,933,2001,1434,45
1875: 
1064: 
1936: 1947,6
1066: 1050
1067: 443,1975
1739: 
1069: 
1070: 
1071: 
1072: 138,27,1548
1073: 783,1828,1265,1857,26,1019,1584,2013,1570,663,1225,141,1496,193,842,7,1610,1224,567,514,582,314,1863,777,1541,12,86,227
1074: 
1075: 1376,1904
1979: 364
1077: 22,2004,1579,690,662,946,882,361,62,1858,112,833,1383,1964,798,1997,1677,1124,747
1078: 1151,476,1450,246
1079: 945,2017,1774,1280,1740,1487,949,1394,1319,1263,156,856,1210,83,1860,1429,123,863,1589,47
1080: 1435,2011,611,1853,136,270,184,1284,914,874,1795,74
1081: 571,728
1082: 
1083: 1484,1535,1578,940,1362,1342,670,2019,418,1520,1977,251,1780,1099,1249,786,698
1792: 
1973: 133
2002: 1816,1719,1240,146,387,273,1339,499,1351,296,1659,1791,796,87,1472,562,1706,172,1046,1308,1921,378,666,535,374
1087: 451,539,615,1040,1382
1088: 1961,1484,1535,1578,940,294,855,962,179,1342,670,1034,1038,958,1128,2019,41,418,1634,435,1045,477,1943,1520,1595,1756,1977,1419,1568,1099,1249,1798,698
1627: 1984,1894
1948: 2012,192,1956,730,1424,293,1533,414,1895,1564,351,821,1783,417,1471,1332,1599,1482,1763
1091: 1216,1042,879,1029,800,100,2008,333,655,1992,1060,929,249,1896,1061,1275,1923,1598,1257,49,1167
1092: 
1683: 
1831: 
1095: 1035,561,1518,362,377,1303,487,594,1152,1350,2006,335,1555,1494,176,573,935,478,653
1096: 288,1527,1313,118
1097: 
1098: 1643
1099: 1484,1535,1578,940,294,179,1088,670,1034,1038,2019,41,1540,418,1634,1045,1903,477,1083,1943,1520,180,1595,1756,1968,1977,1419,1780,1568,1249,1798,786,698,1781,1479
1100: 
1988: 1377,222,1202,54,365,1784,1945,1408,134,408,785,1823,1013,1267,495,2007,1341,1318
1102: 
1103: 1838,981,1435,1699,475,2011,1853,1708,270,1469,1523,184,528,914,74
1104: 1709
1105: 
1106: 292
1107: 
1108: 
1837: 785,1823,1013,990,463,1267,1052,965,495,2007,1684,1318,54
1110: 
1111: 432,974,822,1239,56
1112: 1970,1328
1944: 862,98,719,820,1965,416,34,130,532,1622,1464,1246,1138,1606,1158,1926,526,1852,718,1297,938,797,2015,469
1752: 945,1690,1181,2017,1177,1774,1280,692,1710,1487,949,1394,1319,1263,1560,156,163,1588,856,1210,1860,1429
1115: 1420,490
1116: 527,1933,1309,298,599,985,1554,1848,2010,1641,936,170,1760,1446,948,319,1214,811,1190,1250,430,221,816,1399,1004
1117: 310
1118: 1127,1611,650,1300,1258,448,1475,247,2014,1938,1587
1883: 1926,769,72,526,121,122,1852,718,1452,1297,938,2015,469,862,98,719,1957,1158
1120: 
1121: 1199,532,1622,902,267,1464,1246,1138,1606,904,1957,1158,820,1965,201,416,34,130,862,526,938,2015
1122: 476,1277,1450,246,1151
1123: 1738,144,527,1476,1933,1309,599,233,2010,559,590,948,319,473,1214,780,1190,221,1004
1124: 833,1383,263,1964,798,1997,1677,747,1972,22,2004,1077,1579,690,946,882,361,62,1858,112
1125: 1582
1126: 1507,580
1127: 1611,650,1118,1258,448,1475,247,1879,131,2014,555,803,1938,225,1587
1128: 1961,855,962,1088,1038,2019,435,1045,1943
1905: 
1130: 
1605: 
1132: 510,1925,608
1133: 1057,1543
1134: 
1135: 
1136: 
1991: 600
1138: 1562,1199,532,1121,13,1622,902,267,1974,1464,1246,1606,904,971,1957,1158,820,1965,416,130,1944,862,1360,72,526,121,122,718,1452,938,797,2015,469
1139: 93,656,587,0,676
1653: 1417,1440,253,638,181,1552,1804,200,120,1575,928,262,1183,1023,2003,1591,876,1633,1260,1969,760,1141,578
1141: 807,1023,426,2003,1591,1633,1260,1969,760,220,578,1417,253,181,1552,1653,1183
1142: 1942
1143: 
1784: 687,1377,222,1202,54,81,365,1945,1408,134,408,1988,669,785,1013,990,463,1267,495,2007,1318
1696: 
1146: 
1147: 1510,1290,209
1148: 
2018: 1746,699,1840,831,541,1558,844,682,1356,405,814,1150,1737,1983,493,1822,183,1545,1322,1577,901,618,625,506,203,1159,1750,804,1189,1027
1150: 699,1840,541,1558,844,682,1356,405,2018,814,1983,1822,183,1322,1577,901,625,506,1159,804,1189
1151: 1078,1122,476,1277,1450,246
1152: 1035,561,1095,1518,377,1303,487,594,1350,2006,335,1555,1494,934,176,935,1000,1529
1153: 
1857: 783,1828,1455,26,1019,1221,1584,2013,1570,663,1225,141,1496,1745,1764,842,1073,1810,7,1224,582,1561,1863,58,1541,12,86,1409,808
1625: 1231,795,1922
2019: 1961,1484,1535,1578,940,294,1362,855,962,179,1088,1342,670,1034,1038,958,1128,41,1540,418,1634,435,1045,1903,477,1083,1943,1520,180,1595,1756,1968,1977,251,1419,1780,1568,1099,1249,1798,786,698,1781,1479
1157: 596,1664
1158: 1562,1199,532,1121,13,1622,902,267,1974,1464,1246,1138,1606,971,1957,820,1965,201,416,130,1944,862,98,719,1360,1926,769,72,526,121,122,1852,718,1452,1297,1883,938,797,2015,469
1159: 1750,804,1189,1027,1746,699,1840,541,1558,844,2018,1150,1737,1983,1822,183,1545,1322,1577,901,625,506,203
1160: 1062,617,593,1866,1056,1276,713,78,1421,1772,2001
1161: 1930,877
1162: 700,436
1840: 699,831,541,1558,844,682,1356,405,2018,1150,1737,1983,1822,183,1577,901,1159,1189
1164: 
1923: 1042,879,1029,1736,800,100,2008,266,333,655,1043,1992,208,1521,1060,929,249,1061,1275,850,1598,1091,1257,49,1167
1166: 331,779,1371,1205,30,462,1892,317,2009,756,343,503,1528,403,1971,145,1614,1534,1288,427,1049,1483
1167: 1216,1029,800,100,2008,266,333,1043,1992,208,929,1896,1061,1275,1923,1598,1091,1257,49
1168: 109,1770,409,685,458,1244,635,574,77,629,394,1800,1993,229,196,1204,2000,903,1712,870,302,818,1015,1728,307,916,339,1499,237,1819,132
1967: 
1645: 
1171: 
1172: 1676,1940,1243,947,1020,1033,1884,1270,2005,1563,1191,303,1032
1173: 
1174: 
1175: 
1176: 1261,282
1177: 945,1752,1181,2017,1774,692,1710,949,1394,1560,163,856
1940: 1676,1407,1243,947,1020,1033,1884,1270,2005,1563,1172,1191,239
1179: 
1180: 25,436
1181: 945,1752,1690,2017,1177,692,1710,1394,1560,156,163,856
1182: 108
1183: 1417,1440,253,181,1552,1804,1653,1575,928,426,2003,1633,1260,1969,1141,578
1184: 
1185: 1062,617,593,1866,939,1056,1276,713,78,1421,1772,933,2001,1434,45,1005,924,114,920,261,942,304,1787
1186: 
1187: 950,978,1573,1292
1188: 1372,1818
1189: 1159,1750,804,1027,699,1840,1558,844,405,2018,1150,1737,1983,1822,183,1577,901,506,203
1190: 1116,527,1476,1933,1309,298,599,985,1554,1848,2010,1641,936,170,1446,590,948,319,1214,780,1250,430,221,816,1399,1004,1123,1738
1191: 1676,1407,1940,1243,947,1020,1033,1884,1270,2005,1563,1233,1172,1315,239,286,303,370,1032
1192: 143,860,1947,440
1193: 552
1194: 
1195: 764
1196: 169
1197: 
1772: 1160,1062,617,1185,593,1866,1056,1276,713,78,2001,45,924
1199: 1562,532,1121,13,1622,902,267,1464,1246,1138,1606,904,971,1957,1158,820,1965,201,130,862,72,1452,938,2015
1755: 
1201: 679,520,1744,540,268,454
1202: 1377,222,54,81,365,1784,1945,1408,134,408,1988,669,1267,2007,1341,1318
1203: 
1204: 109,409,1244,635,574,1432,77,629,394,1800,229,196,2000,903,1712,818,1015,1168,1053,1728,339,1499
1205: 331,779,1371,1166,30,462,1892,317,2009,756,343,503,1528,403,1971,145,1288
1987: 1808,1055
1822: 1746,699,1840,831,541,1558,844,682,1356,405,2018,814,1150,1737,1983,183,1545,1322,1577,901,625,506,203,1159,1750,804,1189,1027
1208: 1999
1209: 
1210: 945,1752,1690,2017,1079,1280,692,1710,1487,949,1319,1263,1560,156,163,1588,856,1860,1429,123,47
1211: 
1679: 739,927
1213: 60,352,1293,881,1505,761
1214: 1116,527,1476,1933,1309,298,599,985,1848,1650,233,2010,1641,936,559,170,1446,590,948,319,473,780,1190,1250,430,221,816,1399,1004,1123,1738,144
1215: 1879,1901,131,2014,555,1938,225,1587,1258,1475,1825
1216: 1042,879,1029,800,100,2008,266,333,1043,1992,208,1060,929,1896,1275,1598,1091,1257,49,1167
1217: 
1218: 968,1864,867,1980
1885: 
1220: 
1221: 783,1828,1455,1857,26,1019,2013,1570,663,1225,141,1745,1764,842,1810,7,1224,582,314,1561,1863,777,58,1541,86,1409
1222: 419,363,765,538,455
1223: 
1224: 783,1828,1857,26,1019,1221,1584,2013,1570,663,1496,1745,1764,842,1073,1810,7,514,582,1863,1541,12,86,1409
1225: 783,1828,1455,1265,1857,26,1019,1221,2013,141,1331,1496,1745,193,842,1073,7,1610,567,582,314,1561,1863,777,1338,58,1541,12,86,227,808
1226: 
1227: 
1228: 1724,2016,479,1330,1924,1295,206,1953,1713,701,1725,18,597,1381,1714
1760: 1116,1933,1309,298,1554,1848,2010,1641,963,936,170,1446,319,1024,811,1670,1250,430,816
1230: 
1231: 1625,795,1922
1232: 
1233: 1407,947,1033,1884,2005,1563,1315,1191,239,286,1032
1234: 
1896: 1216,1042,879,1029,800,100,2008,266,333,1992,1060,929,1061,1275,1598,1091,1257,49,1167
1236: 
1237: 264,358,732,1824,1035,561,836,494,2006,934,176,573,935,478,1529,653
1876: 
1239: 56,1111,432,974,822
1240: 1816,1719,146,387,273,1339,2002,499,1351,296,1791,796,87,1706,535
1241: 
1914: 158
1243: 1676,1940,947,1020,1033,1884,1270,2005,1563,1172,1191,303,370,1032
1244: 109,1770,409,685,458,635,629,1800,1993,229,196,1204,2000,903,1712,302,818,1015,1168,1728,307,916
1245: 352,881,1505,761
1246: 1562,1199,532,1121,13,1622,902,267,1464,1138,1606,904,971,1957,1158,820,1965,201,416,34,130,1944,862,526,718,938,797,2015
1247: 538,455,363,765
1248: 
1249: 1484,1535,1578,940,294,855,179,1088,1342,670,1034,1038,958,2019,41,1540,418,1634,1045,1903,477,1083,1943,1520,180,1595,1756,1968,1977,251,1419,1780,1568,1099,1798,786,698,1781,1479
1250: 1116,1933,1309,298,599,985,1554,1848,2010,1641,936,170,1760,948,1214,1190,816,1399,1004
1251: 
1252: 709,406
1253: 
1800: 109,409,458,1244,635,574,629,394,229,196,1204,2000,903,1712,302,818,1015,1168,1053,1728,307,916,237
1644: 
1256: 2012,1956,730,1424,293,414,1895,1564,1859,821,1783,1471
1257: 1216,1042,879,1029,1736,800,100,2008,266,333,1043,1992,208,1521,1060,929,249,1896,1061,1275,1923,1598,1091,49,1167
1258: 1127,1611,650,1300,1118,448,1475,247,1825,1879,1901,131,2014,1215,555,803,1938,1587
1259: 995,604,89
1260: 807,1023,2003,1591,876,1969,491,760,220,1141,578,1417,253,638,1552,1804,1653,262,1183
1261: 282,1176,216
1262: 
1263: 945,1752,2017,1079,1774,1280,692,1740,1487,949,1394,1319,156,1588,856,1210,83,1860,1429,123,863,47
1680: 1639
1265: 783,1828,1019,1584,2013,1225,141,1331,1496,1745,193,842,1073,7,1610,567,582,314,1338,58,1541,12,227,808
1266: 967
1267: 785,1823,1013,1837,990,1052,965,495,2007,1341,1318,687,1377,222,1202,54,365,1784,1945,1408,134,408,1988,669
1268: 603,913
1912: 
1270: 1676,1940,1243,947,1020,1033,1884,2005,1563,1172,1315,1191,239,286,303,370,1032
1868: 
1272: 632
1273: 1444
1274: 1550
1275: 1216,1042,879,1029,1736,800,100,2008,266,333,655,1043,208,1521,1060,929,1896,850,1923,1598,1091,1257,49,1167
1276: 1160,1062,617,1185,593,1866,939,1056,713,78,1421,1772,933,2001,1434,45,1005,924
1277: 1122,476,1450,246,1151
1278: 301,66
1279: 
1280: 945,1752,2017,1079,1774,692,1740,1487,949,1394,1319,1263,156,856,1210,83,1860,1429,863,47
1281: 306,191
1282: 
1283: 48
1284: 1838,313,981,1435,1433,1699,475,2011,611,1853,136,270,184,914,1795,74,1080
1285: 
1961: 294,855,962,179,1088,1038,958,1128,2019,41,418,435,1045,1943,1977,1419,1798
1287: 
1288: 427,1049,1483,1528,403,1971,1614,1534,331,1371,1166,1205,462,1892,317,2009,343
1289: 743,453
1290: 1510,1147,209
1291: 1497,1317
1292: 1187,1573
1293: 60,1213,881,1505,761,1742
1294: 195
1295: 1724,2016,479,1330,1228,1924,206,1953,1713,1725,1381,1714
1296: 
1297: 1926,769,72,526,121,122,1852,718,1452,1883,938,797,2015,469,820,201,130,1944,862,98,719,13,1622,902,1464,1957,1158
1298: 979,231
1299: 741
1300: 1611,650,1118,1258,1475,247,1825,1879,2014,1587
1301: 
1872: 1613
1303: 1035,561,1095,1518,362,377,487,594,1152,1350,2006,335,1555,1494,1697,176,935,1529
1954: 723
1767: 695,472,572,1404
1306: 
1307: 
1308: 87,1472,562,1706,172,1921,378,666,535,374,1816,1719,146,387,2002,499,296,1659,1791,796
1309: 1116,527,1476,1933,298,599,985,1554,1848,233,2010,1641,936,559,170,1760,1446,590,948,319,473,1214,811,780,1190,1250,430,221,816,1399,1004,1123,1738,144
1674: 
1311: 
1932: 
1313: 10,675,1527,1508,1384,118,1729,242,255,1096,288
1981: 837
1315: 1407,947,1033,1884,1270,2005,1563,1233,1191,239,286,370,1032
1316: 401,1051
1317: 1291,1497
1318: 785,1823,1013,1837,990,463,1267,1052,965,495,2007,1341,687,1377,222,1202,54,81,365,1784,1945,1408,134,408,1988,669
1319: 945,1752,1690,2017,1079,1774,1280,692,1710,1740,1487,949,1394,1263,156,163,1588,856,1210,83,1860,1429,123,863,1589,47
2014: 1879,1901,131,1215,555,803,1938,225,1587,1127,1611,650,1300,1118,1258,448,1475,247,1825
1321: 
1322: 1746,699,831,541,1558,844,682,1356,405,2018,814,1150,1983,493,1822,183,1545,1577,618,625,506,203,1159
1918: 
1324: 
1325: 678,1658,1,1512
1326: 
1327: 1451,65
1328: 1970,1112
1329: 
1330: 1724,2016,479,1228,1924,1295,206,1953,1381
1331: 783,1265,1584,2013,1225,1496,1745,193,1610,1338,58,1541,12,227,808
1332: 2012,192,1956,730,1424,293,1533,1895,1564,351,1859,1783,417,1471,1948,1599,1482,238,1763
1798: 1961,1484,1535,1578,940,294,855,962,179,1088,670,1034,1038,958,2019,41,1540,418,1634,435,1045,1903,477,1943,1520,180,1595,1756,1968,1977,1419,1780,1568,1099,1249,786,698,1781,1479
1846: 161
1335: 431
1336: 5
1337: 
1338: 783,1828,1455,1265,2013,1225,141,1331,1496,1745,193,1764,842,7,1610,567,314,1561,58,1541,12,227,808
1339: 1816,1719,1240,146,387,273,2002,499,1351,296,1791
1340: 
1341: 785,1823,1013,1267,1052,2007,1318,1377,222,1202,54,365,134,408,1988
1342: 1484,1535,1578,940,294,1362,855,1088,670,958,2019,41,418,1634,1083,1520,1977,251,1419,1249,786,698
1343: 320
1344: 
1982: 892
1346: 
1347: 
1348: 37,32
1825: 1611,650,1300,1258,1475,247,1879,1901,131,2014,1215,1587
1350: 1035,561,1095,1518,1303,494,487,594,1152,2006,335,1494,934,176,573,935,1000,478,653,264
1351: 1816,1719,1240,146,387,273,1339,2002,296,1791,796,87,562,1706,1046,1921,666,535,374
1352: 
1353: 96
1354: 1396
1355: 558,200,928
1356: 1746,699,1840,831,541,1558,844,682,405,2018,814,1150,1983,493,1822,183,1545,1322,1577,901,618,625
1951: 
1358: 
1359: 763,1688,1537
1360: 1926,769,72,121,122,1452,938,797,2015,469,1562,13,902,267,1974,1138,1606,971,1158
1361: 438
1362: 1484,1578,294,1342,958,2019,41,418,1634,1083,1520,1977,251,786,698
1707: 892
1835: 
1365: 
1366: 1692,1437,1008
1367: 
1368: 967
1369: 
1370: 1443,851
1371: 331,779,1166,1205,462,1892,317,2009,343,503,1528,403,727,1971,145,1614,1534,1288,427,1049,1483
1372: 1188,1818
1373: 
1996: 
1743: 
1376: 1904,1075
1377: 687,222,1202,54,81,365,1784,1945,1408,134,408,1988,669,1823,1013,990,1267,495,2007,1341,1318
1747: 
1379: 1851,211
1724: 2016,479,1330,1228,1924,1295,206,1953,701,1725,18,597
1381: 1714,1713,1725,597,2016,479,1330,1228,1924,1295,206,1953
1382: 1826,1087,539,615
1383: 833,263,1964,798,1997,1677,1124,747,1972,22,2004,1077,1579,690,662,882,361,62,1858
1384: 10,675,1527,1508,1313,118,1729,242
1385: 
1386: 
1705: 
1388: 
1389: 
1971: 1528,178,403,727,145,1614,1534,331,1371,1166,1205,462,2009,756,343,503,1288,1483
1734: 568,1502
1392: 
1799: 610,887,853
1394: 945,1752,1181,2017,1177,1079,1774,1280,692,1710,1740,1487,949,1319,1263,156,856,83,1860
1395: 
1396: 1354
1722: 762,885,843,1675,873
1640: 292
1399: 1116,527,1476,1933,1309,298,599,985,2010,1641,936,948,1214,1190,1250,221,1004,1738,144
1791: 1816,1240,146,387,1339,2002,499,1351,296,1659,87,1472,1706,1308,1921,666,535,374
1401: 
1611: 1127,650,1300,1118,1258,448,1475,247,1825,1879,1901,131,2014
1403: 
1404: 1767,695,472,572
1632: 630,1491
1406: 
1407: 1676,1940,947,1033,1884,2005,1563,1233,1315,1191,239
1408: 687,1377,222,1202,54,81,365,1784,1945,134,408,1988,669,1267,2007,1318
1409: 783,1828,1455,1857,26,1221,2013,1570,663,1745,1764,842,1810,7,1224,582,1561,1863
1410: 626
1411: 92,922,1963,686
1412: 
1805: 1430
1414: 
1926: 1360,769,72,526,121,122,1852,718,1452,1297,1883,938,797,2015,469,130,1944,862,98,719,13,1158
1845: 839,1009
1417: 1440,253,638,181,1552,1804,1653,200,120,1575,928,262,1183,426,2003,1591,876,1633,1260,1969,760,1141,578
1808: 1987,1055
1419: 1961,1484,1535,1578,294,855,962,179,1088,1342,670,1034,1038,958,2019,41,418,1634,1045,1903,1943,1520,1595,1756,1968,1977,1568,1099,1249,1798,698
1420: 1115,490
1421: 9,1160,1062,617,1185,593,1866,939,1056,1276,78,933,2001,1434,45,1005,942,304,1787
1422: 
1992: 1216,1029,800,100,2008,266,333,208,1896,1061,1923,1091,1257,49,1167
1424: 2012,192,1956,1256,730,293,1533,414,1895,1564,351,1859,821,1783,417,1471,1332,1948,238
1425: 
1426: 332
1427: 
1428: 1036,897
1429: 123,863,1589,47,945,1752,1690,2017,1079,1280,1710,1740,1487,949,1319,1263,156,1588,856,1210,83,1860
1430: 1805
1431: 
1432: 574,77,629,394,1204,2000,1712,1015,1053,339,1499,1819,217
1433: 313,981,1435,1699,475,2011,611,1853,136,270,184,528,1284,74
1434: 9,1062,617,1185,593,1866,939,1276,78,1421,933,2001,45,1005,924,114,942,304,1787
1435: 1838,1103,981,1433,1699,475,2011,611,1853,1708,136,270,184,528,1284,914,1795,74,1080
1436: 
1437: 1692,1008,1366
1819: 217,132,574,1432,77,629,1993,196,2000,903,1712,870,302,1015,1168,1053,339,1499,237
1439: 621
1440: 1417,253,558,181,1552,1804,1653,200,120,1575,928,262,1183,2003,1633,578
1441: 1873
1600: 460
1443: 851,1370
1444: 1273
1445: 
1446: 1116,527,1476,1933,1309,298,1554,1848,1650,233,2010,1641,963,936,559,170,1760,590,319,1024,473,1214,811,1670,780,1190,430,221,816
1604: 
1448: 
1449: 1849,749
1450: 1122,476,1277,246,1078,1151
1451: 1327,65
1452: 1360,1926,769,72,526,121,122,1297,1883,938,2015,469,862,1199,13,1622,902,1464,1138,971,1957,1158
1453: 
1698: 
1455: 783,1828,1857,26,1019,1221,2013,1570,1225,141,1745,1764,842,1810,7,314,1561,1863,1338,58,1409
1917: 592,439
1704: 
1458: 745
1692: 1437,1008,1366
1460: 
2005: 1676,1407,1940,1243,947,1020,1033,1884,1270,1563,1233,1172,1315,1191,239,286,303,370,1032
1462: 
1463: 
1464: 1562,1199,532,1121,13,1622,902,267,1246,1138,1606,904,971,1957,1158,820,1965,201,416,34,130,1944,862,98,719,72,526,121,122,1852,718,1452,1297,938,797,2015,469
1465: 
1726: 111
1754: 
1468: 
1469: 1838,1103,981,475,2011,1853,1708,1523,184,528,914,874,1795
1470: 
1471: 2012,192,1956,1256,730,1424,293,1533,414,1895,1564,351,1859,821,1783,417,1332,1948,1599,1482,238,1763
1472: 87,562,1706,172,1308,1921,378,666,535,374,2002,296,1659,1791
1473: 1829
1745: 783,1828,1455,1265,1857,26,1019,1221,1584,2013,1225,141,1331,1496,193,1764,842,1810,7,1224,582,314,1561,1863,1338,58,1541,12,86,227,1409,808
1475: 1127,1611,650,1300,1118,1258,247,1825,1879,1901,131,2014,1215,555,1938,1587
1476: 527,1933,1309,599,1650,233,2010,1641,559,1446,590,948,319,473,1214,780,1190,430,221,1399,1004,1123,1738,144
1477: 
1478: 
1479: 1781,1484,1535,940,1034,2019,1540,1634,1903,180,1595,1756,1968,1780,1568,1099,1249,1798,698
1947: 143,860,440,1936,1192,6
1481: 
1482: 1599,2012,192,1956,730,293,414,1895,1564,351,821,1471,1332,1948
1483: 1288,427,1049,1528,403,1971,1614,1534,331,1371,1166,462,1892,317,2009,343
1484: 1535,1578,940,294,1362,179,1088,1342,670,1034,958,2019,41,418,1634,1903,1083,1520,1756,1977,251,1419,1780,1568,1099,1249,1798,786,698,1479
1915: 
1858: 22,2004,1077,1579,690,662,946,882,361,62,112,1383,263,798,1677,1124,747,1972
1487: 945,1752,1690,2017,1079,1774,1280,692,1710,1740,949,1394,1319,1263,1560,156,163,1588,856,1210,83,1860,1429,123,863
1488: 543,95
1489: 
1490: 1001
1491: 630,1632
1492: 519
1493: 
1494: 1035,561,1095,1518,377,1303,487,594,1152,1350,2006,335,1555,573,935
1495: 
1496: 783,1828,1265,1857,26,1019,1584,2013,663,1225,141,1331,1745,193,842,1073,7,1610,1224,567,514,582,314,1863,777,1338,58,1541,12,86,227,808
1497: 1291,1317
1498: 
1499: 109,574,1432,77,629,394,1993,196,1204,2000,903,1712,870,302,818,1015,1168,1053,1728,339,237,1819,217,132
1500: 
1501: 748,456,737,1718
1502: 1734
1503: 269
1504: 177,171,704
1505: 60,1213,1245,1293,881,761
1839: 988,40
1507: 986,1126,580
1508: 10,675,1527,1313,1384,118,1729,242,255,771,288
1509: 
1510: 1147,1290,209
1888: 
1512: 1325
1969: 807,1023,426,2003,1591,876,1260,491,760,220,1141,578,1417,253,638,1552,1653,262,1183
1514: 
1515: 584
1516: 
1517: 643
1518: 1035,561,1095,836,362,377,1303,494,487,594,1152,1350,2006,335,1555,1494,934,1697,176,573,935,1000,478,1529,653
1783: 2012,192,1956,1256,730,1424,1533,1895,1564,351,1859,821,417,1471,1332,1948,1599,238,1763
1520: 1484,1535,1578,940,294,1362,855,1088,1342,670,1034,958,2019,41,418,1634,1903,1083,1977,251,1419,1780,1568,1099,1249,1798,786,698
1521: 1042,1736,2008,333,655,1043,208,1060,929,249,1275,850,1923,1598,1257,49
2008: 1216,1042,879,1029,1736,800,100,266,333,655,1043,1992,208,1521,1060,929,249,1896,1061,1275,850,1923,1598,1091,1257,49,1167
1523: 1838,1103,313,981,1699,475,2011,611,1853,1708,270,1469,184,528,914,874,1795,74
1524: 
1525: 168,173,689,1758
1526: 
1527: 10,675,1508,1313,1384,118,1729,242,1096,288
1528: 178,403,727,1971,145,1614,1534,331,1371,1166,1205,462,2009,343,503,1288,427,1483
1529: 1035,561,1518,836,362,377,1303,494,594,1152,2006,335,1555,934,1697,176,935,1000,478,653,358,732,1824,1237
1530: 
1531: 
1532: 355,1638,509
1533: 2012,192,1956,1424,1564,351,821,1783,417,1471,1332,1948,1599,238,1763
1534: 1614,1528,403,727,1971,145,331,1371,1166,462,2009,343,1288,427,1483
1535: 1484,1578,940,294,179,1088,1342,670,1034,2019,41,1540,418,1634,1045,1903,477,1083,1943,1520,180,1595,1756,1968,1977,1419,1780,1568,1099,1249,1798,786,698,1781,1479
1536: 
1537: 113,1688,763,1359
1614: 1534,1528,178,403,727,1971,145,331,1371,1166,2009,343,1288,427,1483
1823: 785,1013,1837,990,1267,1052,965,495,2007,1684,1341,1318,687,1377,222,54,1945,134,408,1988,669
1540: 1535,179,1034,2019,1045,477,180,1595,1756,1968,1568,1099,1249,1798,1781,1479
1541: 783,1828,1265,1857,26,1019,1221,1584,2013,663,1225,141,1331,1496,1745,193,842,1073,1810,7,1610,1224,567,582,314,1561,1863,1338,58,12,86,227,808
1542: 
1543: 1057,1133
1732: 
1545: 1746,699,831,1356,405,2018,814,1983,1822,183,1322,1577,618,625,506,203,1159
1546: 232
1664: 596,1157
1548: 384,1072
1818: 1372,1188
1550: 1274
1551: 
1552: 1417,1440,253,638,181,1804,1653,120,1575,928,262,1183,2003,1633,1260,1969,1141,578
1553: 
1554: 1116,1933,1309,1848,1650,2010,1641,963,936,170,1760,1446,319,811,1670,1190,1250,430,816
1555: 1035,561,1095,1518,836,362,377,1303,487,1152,2006,335,1494,1697,935,478,1529,653,1824
1556: 240,1631
1629: 
1558: 1746,699,1840,831,541,844,682,1356,2018,1150,1737,1983,1822,183,1322,1577,901,506,203,1159,1750,1189
1631: 240,1556
1560: 945,1752,1690,1181,2017,1177,692,1710,1487,156,163,1588,856,1210
1561: 783,1828,1455,1857,1221,2013,1225,141,1745,1764,842,1810,7,582,1338,58,1541,12,1409,808
1562: 1199,532,13,1622,902,267,1974,1464,1246,1138,1606,904,971,1158,416,1360,121,122,718,938,797,2015
1563: 1676,1407,1940,1243,947,1020,1033,1884,1270,2005,1233,1172,1315,1191,239,286,303,370,1032
1564: 2012,192,1956,1256,730,1424,293,1533,414,1895,351,1859,821,1783,417,1471,1332,1948,1599,1482
1616: 557
1566: 
1721: 
1568: 1484,1535,1578,940,294,179,1088,1034,2019,41,1540,418,1634,1045,1903,477,1943,1520,180,1595,1756,1968,1419,1780,1099,1249,1798,698,1781,1479
1964: 833,1383,263,798,1997,1677,1124,22,2004,1077,946,361,62
1570: 1828,1455,1857,26,1019,1221,2013,663,141,1764,842,1073,7,1224,514,314,1863,777,86,1409
1990: 
1873: 1441
1573: 950,978,1187,1292
1574: 774
1575: 1417,1440,253,558,638,181,1552,1804,1653,200,120,928,262,1183,2003,1633,578
1576: 230,1669,997
1577: 1746,699,1840,831,541,1558,844,682,1356,405,2018,814,1150,1983,1822,183,1545,1322,901,618,625,506,203,1159,1750,804,1189,1027
1578: 1484,1535,940,294,1362,855,1088,1342,670,1034,1038,958,2019,41,418,1634,1045,1903,477,1083,1520,180,1756,1977,251,1419,1780,1568,1099,1249,1798,786,698
1579: 22,2004,1077,690,662,882,361,1858,1383,1677,1124,747,1972
1731: 
1860: 945,1752,1690,2017,1079,1280,692,1710,1740,1487,949,1394,1319,1263,156,163,1588,856,1210,83,1429,123,863,1589,47
1582: 1125
2016: 1724,479,1330,1228,1924,1295,206,1953,1713,701,1725,18,597,1381,1714
1584: 783,1265,1857,1019,2013,1331,1496,1745,193,842,1073,1610,1224,582,1541,12,86,227,808
1824: 358,732,1237,1035,561,836,362,377,494,2006,335,1555,1697,176,935,478,1529,653
1811: 
1587: 1879,1901,131,2014,1215,555,803,1938,225,1127,1300,1118,1258,448,1475,247,1825
1588: 1752,1690,2017,1710,1487,1319,1263,1560,156,163,856,1210,1860,1429,123,47
1589: 1429,123,863,47,2017,1079,1740,1319,83,1860