0: 392,400
1: 
2: 
1842: 
1687: 1351,1014,146,387,273,796,2002,1472,1706,535,1659,278,378,172,1816,296,1046
5: 152,1963
6: 
7: 783,86,1561,777,1073,1541,1828,1409,2013,12,1019,1863,663,514,1857,1338,1764,1225,808
8: 709,548,795,894,1761,1812,383,312
9: 
10: 691,1097
1781: 1419,41,1520,251,786,855,1354,1961
12: 26,1561,777,1745,1073,7,1541,1584,1828,1409,567,2013,1224,1019,1863,1331,1221,663,514,1857,1338,582,1764,193,1225,808
13: 1974,1562,2015,820,1199,416,1452,34,532,201,797,971,1606,1158,1957,1502,904,1622,244,902,1297,1944,1883,469,660,1138
14: 
15: 1616
16: 
17: 
18: 1228,1725,1713,1381,206,1953,2016,597,479,1295,701,1724
1824: 494,732,1237,1095,2006,335,1518,594,836,653,377
1718: 1306,1673
1579: 1077,1124,690,833,798,747,946,1775,2004
22: 1278,1964,2004,662,882,1972,1383,1858,361,112,1077,1677,833,798,747,946,1775
1560: 163,1280,1210,1181,692,863,47,1710,1690,1860,1263,1394,2017,1429,856,1319,156,1589,1774,1752,945,1177,1079,83,1588
24: 1335,982,596
25: 1669
26: 783,86,1561,1570,777,1745,1265,1073,58,1541,1584,1828,567,2013,1496,1224,12,1019,1810,842,1863,227,1331,1221,663,514,1857,1338,582,1241,1764,808
27: 1701,350
28: 
1694: 
30: 427,1534,1614,2009,462,1483,1205,756,403,779,1971,1166,1892,1049,169,1528,178,317,343
1703: 439,363,1430,366,455,794
32: 
33: 
34: 1562,2015,13,416,1452,201,70,526,1158,1957,1502,904,1622,244,902,1297,1883,660,656,1138,130
1852: 98,2015,820,416,1452,532,267,70,526,797,1464,1926,1158,72,1965,862,1957,904,122,1622,244,851,1944,1883,718,938,660,656,130,1121,769,1246,719,121
36: 
37: 
38: 
39: 
40: 
41: 1419,1781,1520,2019,1249,251,1595,1342,855,1756,1484,1354,1961
42: 1451,627,168,216
43: 
1934: 
45: 617,933,593,261,78,2001,924,1434,942,114,1772,1866,1005,1276,304,939,1787,1056,853,1160,1062,1421
46: 
47: 1560,1280,1210,1181,863,1710,1690,1860,1263,1394,2017,856,1319,1589,1774,1752,945,1177,1079,1588,1487
48: 717
49: 1091,1167,1043,1521,1275,850,1598,1923,333,100,800,1216,1029,1992,2008,1061,1736,249,1896,208,655,1257,879
1606: 1974,2015,13,820,1199,1452,532,1360,201,797,971,1926,1957,568,904,122,1622,244,902,1297,1944,1883,938,469,660,1138
51: 
52: 
53: 
54: 1684,1202,1052,1341,687,408,1377,2007,669,129,965,1762
55: 886,1468
56: 
57: 486,399,906
58: 26,783,1561,1570,777,1745,1265,1073,1541,1584,567,2013,1224,1019,1810,842,1863,227,1331,663,514,1857,1338,1764
59: 1353,1336
60: 
61: 1392
62: 1997,263,833,747,946,1775,1278,1964,2004,882,1972,1858,361,112
63: 
1794: 
1589: 1560,1280,1210,1181,863,47,1710,1690,1740,1860,1263,2017,1429,1319,1177,1079,1588,1487
66: 1075
1864: 1917,1285,867
1541: 26,783,86,1610,1561,314,1570,777,1745,1265,1073,58,7,1828,1409,567,2013,141,1496,12,1810,1863,1331,1221,663,514,1857,1338,582,1241,1764,193,1225,808
69: 1463
70: 1974,1562,2015,820,416,1452,34,532,267,526,1852,1926,1158,72,1957,1502,904,122,1622,902,1297,851,1944,1883,660,656,1138,130,769
71: 
72: 98,2015,820,416,532,267,70,526,1852,1926,1965,1502,904,122,1622,851,1883,660,656,1138,130,1121,769,719,121
1735: 
74: 136,1853,2011,1838,1433,874,611,914,270,1523,313,1708,1284,184,1347
75: 
76: 
77: 903,870,629,2000,1800,1499,1367,132,1244,339,1432,196,635,302,1993,1168,1204,574
78: 617,933,261,2001,924,713,468,1434,942,114,1866,45,1005,887,920,939,1769,277,853,1160,1062,1421
1744: 
1746: 682,2018,1983,493,804,1840,1027,1750,1322,1558,541,1822,203,1150,1159,844,506,699,1737,183,1189
81: 1823,2007,463,1988,1945,1318,495,990,669,222,365,785,1408,129,1784,965,1013,1837,1267,1762,134,1684,1202,1341,408,1377
82: 143,1291
83: 1560,163,1280,1210,1181,692,863,1710,1740,1263,1394,2017,1429,856,1319,1774,1752,123,1177,1079,1588,1487
84: 
85: 1766,1807
86: 26,783,1610,1561,314,1570,777,1745,1265,1073,7,1541,1828,1409,2013,141,1496,1810,1331,1221,663,514,1455,1338,1241,193,1225
87: 374,1719,666,499,562,1014,1139,2002,1472,1240,1816,1339
88: 
89: 575,1187
90: 684
1966: 
92: 
93: 
1737: 1746,2018,804,814,1840,1027,1750,1322,541,1822,203,699,183,1189
95: 957
96: 
97: 1427,1500
98: 1974,2015,820,532,1360,267,1464,1852,1926,72,1965,568,122,1622,851,1944,718,656,130,1121,769,719
1750: 682,1746,2018,831,814,1027,1322,1558,541,901,1822,203,699,1737,183,1189
100: 800,1216,1029,1060,1992,2008,1061,1736,249,1896,208,655,1257,49
1978: 136,1853,2011,1838,1433,874,611,1103,1435,270,274,1708,1284,1347
2006: 633,1697,494,573,732,358,1237,1095,335,487,935,1518,561,594,1035,836,1824,1529,653,264,1350,377,1555,1303,1811,934,1152,1494,176,478,362,1000
103: 
1925: 860
1662: 1550,549
106: 
107: 
108: 
109: 1770,409,685,1168,1728,394,237,716,217,1204,870,629,2000,1800,1712,1244,818,196,635,307,302,458,574
1833: 281,1548,138
111: 565,937
112: 1278,1964,2004,882,1972,1383,1858,361,22,690,833,747,946,1775,62,1997,263
113: 552
114: 617,933,261,78,2001,924,713,468,1434,323,1866,45,1005,887,920,939,1769,277,853,1160,1062,1421
115: 
116: 
117: 159
118: 
1725: 18,1228,1713,1381,1953,1714,2016,1924,236,479
120: 1440,2003,1355,262,807,200,1969,253,1552,1023,1260,1591,1141,426
121: 769,1246,719,2015,267,526,1464,1852,1926,72,862,904,1622,851,718,656,130,1121
122: 1974,98,2015,820,1452,532,1360,267,70,971,1606,1852,1926,72,1965,1957,568,1502,904,1622,902,1297,851,1944,1883,718,660,656,1138,130,1121
123: 163,1280,1181,692,1710,1740,1263,1394,2017,1429,1774,1752,1177,1079,83,1588,1487
1673: 1306,1718
125: 1201
126: 139,1226,1680
1775: 1077,1579,1124,690,833,798,747,946,1964,2004,882,1972,1858,112,22,62,1997,263
128: 
129: 81,2007,463,1988,495,990,669,365,785,1408,1784,965,1013,1837,1267,1762,134,1684,1202,1052,54,1341,687,408,1377
130: 98,2015,820,416,1452,34,532,267,70,526,1852,1926,1158,72,862,1957,1502,904,122,1622,851,1883,660,656,1138,1121,769,719,121
131: 1938,247,1611,555,1118,1901,1300,2014,1825
132: 903,870,629,2000,1800,1499,1367,1712,77,1244,339,1432,196,635,307,302,1993,1204
133: 
134: 81,2007,463,1988,1945,495,669,129,965,1013,1837,1267,1202,1052,1341
135: 
136: 1080,74,1853,475,2011,1795,1838,1433,874,611,1103,1435,893,1978,914,270,274,1523,313,1708,1284,184,1347
1553: 557
138: 281,1833
139: 126,1226,1680
140: 1382
141: 86,1610,314,1570,1745,1265,1541,1828,567,2013,1496,1221,663,1455,582,1241,193
1963: 152,5
143: 82,1291
144: 1123,780,221,1446,936,559,963,430,1116,1650,2010,1024,1554,1214,811,1399,527,170,599,1738,816
145: 427,727,1534,1614,2009,1483,1205,756,503,403,779,1971,1166,1892,1528,1288,331,178,317,1371
146: 1014,1687,387,374,1719,666,562,1921,2002,1472,1706,1240,378,172,1816,296,1339,1046
1591: 1575,1440,1804,558,1653,120,2003,1355,1183,262,807,200,1969,578,1552,1023,1260,1141,426,928,638,1417,760
148: 419,439,1430,455,794
149: 
150: 
151: 
152: 5,1963
1892: 427,30,727,1534,1614,2009,462,1483,756,145,779,1971,1166,1049,169,1528,1288,331,178,1371,343
154: 
155: 
156: 1560,1210,1181,692,863,1690,1860,2017,856,1319,1774,1752,945
157: 1722,546,1231
158: 731
159: 1902,866,117
1957: 1974,1562,2015,13,820,416,1452,34,532,201,267,70,526,797,971,1606,1852,1926,1158,862,1502,904,122,1622,244,902,1297,1944,1883,469,660,656,1138,130
161: 299
162: 
163: 1560,1181,692,1710,1740,1263,1394,2017,1429,856,1774,1752,123,1177,1079,83
1810: 26,783,86,1561,1570,1745,1265,1073,58,1541,1584,2013,1224,1019,842,227,1331,663,1857,1455,1338
165: 
166: 
167: 
168: 1451,42,627,216
169: 1049,1528,1288,178,317,1371,343,30,1534,1614,2009,1483,1205,503,779,1971,1166,1892
170: 1116,1650,985,1190,2010,1024,1670,1554,1250,1120,1476,1848,1214,811,1399,527,599,1738,1123,144,780,221,1446,559,430
171: 1504
172: 1139,273,1921,796,2002,1472,1706,535,1659,1240,278,378,1816,1339,1046,1014,146,1687,387,1719,666,499,562
173: 433,1792,1789
174: 297,1987,986,453,704,628,755,1100,743
1638: 1692
176: 1494,362,1000,633,1697,494,573,358,1095,2006,1035,1529,653,1350,377,1555,1303,1811,934,1152
177: 
178: 1049,169,1528,1288,331,317,1371,343,427,30,727,1534,1614,2009,1483,1205,756,145,503,403,779,1971,1166,1892
179: 1088,2019,1634,418,1038,1498,1578,1903,1362,1943,958,477,1034,1045
180: 2019,698,1634,1038,1498,1128,1479,1099,1362,1943,1977,294,1756,1484,1034,1045
181: 1575,1440,1804,558,1653,2003,1355,220,1183,200,578,1552,1141,928,1417,760
1558: 682,1746,2018,831,1983,1184,493,618,814,1840,1750,1322,1545,541,901,1822,203,1150,405,506,699,183,1189
183: 682,1746,2018,831,1983,1184,804,1840,1027,1750,1322,1558,1545,541,901,1822,1577,203,1150,1159,625,844,405,506,699,1737,1189
184: 136,981,74,1853,2011,1838,1433,874,1103,914,1523,313,1708,1284,1347
185: 
1615: 1448
1975: 
188: 
2001: 617,933,593,261,78,924,713,468,1434,942,323,114,1772,1866,45,1005,1276,887,920,304,939,1769,1787,277,1056,853,1160,1062,1421
190: 
191: 
192: 994,1471,1599,417,1256,821,1332,1783,2012,1956,1895,1948,1482,238,1564,293
193: 86,1610,314,777,1541,1828,1409,567,2013,141,1496,12,1221,663,582,1241,1225
194: 
195: 
196: 629,2000,1800,1499,1367,916,132,1712,77,1244,818,339,635,307,302,1993,1770,685,1168,394,237,109,716,217,1204,574
1688: 
1995: 
199: 
200: 1575,1440,1804,558,1653,120,2003,1355,220,181,1183,262,807,1969,578,253,1552,1023,1260,1591,1141,426,928,638,1417,760
201: 1974,1562,2015,13,820,1452,34,971,1606,1158,1957,1502,244,902,1297,1883,469,660,1138
1626: 
203: 682,1746,2018,1983,493,804,618,1840,1356,1027,1750,1322,1558,1545,541,901,1822,1577,1150,1159,625,844,405,506,699,1737,183,1189
204: 
205: 
206: 1713,1381,1953,1714,1330,2016,1924,597,236,479,1295,701,18
207: 1942,1069,393,1344
208: 100,800,1216,1029,1060,1992,2008,1061,1736,249,1042,1896,655,1257,879,1091,1167,1521,1275,850,49,1598,1923,333
209: 1008,1006
1826: 
211: 
1561: 26,783,86,1570,777,1745,1265,1073,58,7,1541,1828,1409,567,2013,1496,1224,12,1019,1810,1863,1331,1221,663,514,1857,1338,1764,1225,808
213: 
1536: 
1854: 
216: 1451,42,627,168
217: 1770,685,1168,1728,237,109,716,1204,629,2000,196,302,1053,458,574
218: 
1675: 
220: 1804,558,1653,2003,1355,181,807,200,1969,578,253,1552,1023,1260,1141
221: 1123,144,780,1446,936,559,963,430,1116,1650,2010,1024,1670,1554,811,1399,170,599,1738
222: 81,1823,2007,1945,1318,495,990,365,785,1408,1784,1837,1762
1575: 1440,1804,558,1653,2003,1355,181,1183,807,200,1552,1023,1260,1591,1141,426,928,638,1417,760
224: 1517,892,1644,1894
225: 650,1475,1127,1215,1300,2014,1879,803,1258,1825,448,1587
226: 
227: 26,783,1570,1745,1265,58,1584,567,2013,1224,1810,842,1331,1455,1241
228: 1478
229: 
230: 
231: 1982,977,1142
232: 
233: 1855,1650,985,2010,1024,1120,1848,1214,948,811,1399,473,1641,527,599,1760,298,1004,1933,319
234: 
1906: 
236: 1713,1381,206,1953,1714,1330,2016,1924,597,479,1228,1725
237: 1770,409,685,1168,1728,394,109,716,217,1204,629,2000,1800,1499,916,1244,818,339,196,635,307,574
238: 994,1471,1424,1599,1859,192,1256,821,1763,2012,730,1895,1482,1533,414,1564,293
239: 1172,1563,303,1033,1032,947,1233,1884,2005,949,1270,1243,286,370,1020,1191
240: 1556
1766: 85,1807
242: 
1865: 
244: 1974,2015,13,820,1199,416,1452,34,532,1360,201,267,797,971,1606,1852,1926,1158,862,1957,1502,904,1622,902,1297,1944,1883,938,469,660,656
245: 
246: 1806,1642
247: 1938,1611,555,1118,131,1901,1300,2014,1879,1127,1215,1825,1587
248: 1192,534
249: 100,800,1216,266,1029,1060,1992,2008,1061,1736,1042,1896,208,655,1257,879,1091,1167,1521,1275,49,1598,1923
250: 723
251: 940,1780,2019,1249,1083,1507,1968,786,1595,1540,1099,1342,1568,1274,855,435,1977,1535,1756,962,1484,1354,1961,41,1781,1520
2016: 1713,1381,206,1953,1714,1330,1924,597,236,479,1295,701,1724,18,1228,1725
253: 558,1653,120,2003,1355,220,807,200,1969,578,1552,1023,1260,1141
254: 
255: 
256: 790
257: 402
258: 
259: 
1862: 1171
261: 617,933,593,78,2001,924,713,468,1434,942,323,114,1772,1866,45,1005,1276,304,939,1769,1787,277,1056,853,1160,1062,1421
262: 1440,1804,1653,120,2003,1355,807,200,1969,578,1552,1023,1260,1591,426,928,638
263: 62,1997,798,747,946,1775,1278,1964,2004,882,1972,1858,112
264: 633,1697,494,732,358,1237,1095,2006,1035,836,1529,1350,377,1555,934,1152
1884: 1172,1407,1563,303,1033,1032,947,1233,1676,2005,949,239,1315,1270,1940,286,370,1020
266: 800,1216,1060,1992,2008,1736,249,1042,1896,655,879,1091,1167
267: 98,2015,820,1199,416,1452,532,1360,70,526,797,971,1464,1852,1926,1158,72,1965,862,1957,568,904,122,1622,244,1297,851,1944,1883,718,938,660,656,130,1121,769,1246,719,121
268: 1657
269: 
270: 136,74,1853,2011,1838,1433,874,1435,1978,274,1708,1284,1347
1774: 1560,163,1280,1210,1181,692,863,47,1710,1690,1263,1394,2017,856,156,1752,945,123,1177,1079,83,1588
1811: 633,1697,494,732,358,2006,1035,1529,653,377,1303,934,1152,176
273: 1139,1921,796,2002,1472,1791,1706,535,1659,278,172,1308,1816,1339,1046,1014,1687,387,1719,499,562
274: 1080,136,981,1853,475,2011,1795,1838,1433,611,528,1103,1435,893,1978,914,270,313,1708,1284,1347
1924: 1713,1381,206,1953,1714,1330,2016,597,236,479,1228,1725
276: 
277: 617,933,261,78,2001,924,713,468,1434,323,114,1866,1005,887,920,1769,853,1160,1421
278: 1139,273,1921,796,2002,1472,1791,1706,535,1659,1240,378,172,1308,1816,296,1339,1046,1351,1687,387
279: 
1804: 1575,1440,558,1653,2003,1355,220,181,1183,262,807,200,1969,578,1552,1023,1591,1141,928,638,1417,760
281: 138,1833
282: 464,1059,1176
1866: 617,933,261,78,2001,924,713,468,942,114,1772,45,1005,1276,304,939,1769,277,853,1421
284: 
1882: 456
286: 1172,1407,1563,303,1033,1032,947,1884,1676,2005,949,239,1315,1270,1940,1243,370,1020,1191
1657: 268
288: 1574,1508
289: 1218,485,1428,897,1195,476
290: 
1736: 100,800,1216,266,1029,1060,2008,249,1896,208,655,1257,879,1091,1167,1043,1275,49,1598,1923,333
292: 1148
293: 994,1599,192,1256,821,2012,730,1895,1948,1482,238,1533,1564
294: 2019,1249,698,1634,1038,1595,1128,1479,1540,1099,1342,1274,855,435,1977,1756,180,1484,1034,1961,1520
1650: 1855,1116,985,1190,2010,1024,233,1670,1554,1250,1120,1476,1848,1214,948,811,1399,590,473,1641,527,170,599,1738,1760,1123,144,780,221,559,430
296: 1921,796,2002,1472,1706,535,1659,1240,278,378,1308,1816,1339,1046,1351,146,1687,387,374
297: 1987,986,453,704,628,755,174,1100,743
298: 1004,1309,1933,319,2010,233,1214,1399,473,527,599,1760,816
299: 161
300: 
301: 
302: 1993,870,629,2000,132,77,1244,196,307,1168,109,716,217,1204,1053,458,574
303: 1172,1407,1563,1033,1032,947,1233,1884,2005,949,239,1270,1243,286,1020,1191
304: 933,593,261,2001,924,942,1772,1866,45,1005,1276,939,1769,1787,853
305: 
306: 1524
307: 903,870,629,2000,1800,1499,1367,132,1712,1244,818,1432,196,635,302,1770,409,394,237,109,716,1204
1938: 247,1611,555,1118,131,1901,1300,2014,1879,803,1258,1127,1215,1825,448,1587
1869: 758,1412
310: 
1593: 793
312: 1812,383,548,8,894,1761
313: 1080,136,981,74,1853,475,2011,1838,1433,874,611,1103,914,274,1523,1708,1284,184,1347
314: 86,1610,1570,777,1745,1541,1828,1409,2013,141,1496,1221,663,1455,582,1241,193,1225
1714: 1713,1381,206,1953,2016,1924,597,236,479,1295,1228,1725
1993: 302,870,629,2000,132,77,196,574
317: 1049,169,1528,1288,331,178,1371,343,30,1534,1614,2009,1483,1205,145,503,403,779,1166
318: 
319: 298,1004,1309,1933,1855,985,2010,233,1214,948,473,1738,1760,816
320: 1067
321: 
322: 711
323: 933,593,261,2001,924,468,1434,114,1005,1276,920,939,1769,1787,277,1056,1160,1062
1902: 866,159
1733: 613,765
326: 
1953: 1713,1381,206,1714,1330,2016,1924,597,236,479,1295,701,18,1228,1725
1851: 
1664: 606,781,892
330: 1463
331: 1528,1288,178,317,1371,727,1534,1614,2009,1205,756,145,503,403,779,1166,1892
332: 
333: 1091,1521,1275,850,49,1598,1923,1029,2008,1061,1736,208,655,1257
1578: 1780,670,1088,2019,179,1507,418,1038,1498,1540,1903,1362,1943,1535,962,958,477,1034
335: 633,1697,494,573,732,1095,2006,487,935,1518,561,836,1824,1529,653,377,1555,1494,1000
1708: 136,74,1853,2011,1838,1433,874,1103,1978,914,270,274,1523,313,1284,184,1347
337: 456
338: 764
339: 2000,1800,1499,1367,916,132,1712,77,1244,818,196,635,1770,409,685,1168,394,237,1204
340: 
341: 987,441
1976: 1640,1232
343: 1049,169,1528,1288,178,317,30,1534,2009,1483,1205,503,403,779,1971,1166,1892
344: 
1719: 374,666,499,562,87,1014,146,387,1139,273,1921,2002,1472,1791,1706,1240,172,1308,1816,1339,1046
1933: 298,1004,1309,319,985,2010,233,1214,811,1399,473,527,599,1738,1760,816
347: 
1911: 
349: 1875
350: 1701,27
351: 1424,1859,1763,2012,730,1895,414
352: 761,1505
1970: 
354: 
355: 
356: 
1631: 1954,700,1437
358: 633,1697,494,732,1237,1095,2006,1035,836,1529,653,264,1350,377,1555,1303,1811,934,1152,176
1796: 1431
360: 
361: 1278,1964,2004,662,882,1972,1383,1858,112,22,833,747,62
362: 1494,176,478,1000,1697,573,2006,487,1035,1529,1303,1152
363: 366,1703
364: 
365: 81,1823,2007,463,1945,1318,495,990,669,222,785,1408,129,1784,965,1013,1837,1762,1684,1202,1341,408,1377
366: 439,363,1430,1703,455
367: 591,1327
1676: 1172,1407,1563,1032,947,1884,2005,1315,1940,286,370
369: 
370: 1172,1033,1032,947,1884,1676,2005,949,239,1315,1270,1940,1243,286,1191
1838: 1080,136,981,74,1853,2011,1795,1433,1469,874,611,1103,1435,893,1978,914,270,274,1523,313,1708,1284,184,1347
372: 
1893: 
374: 1719,666,499,562,87,1014,146,387,1139,1921,2002,1472,1706,1240,1308,1816,296,1339,1046
1913: 
376: 
377: 633,1697,494,732,358,1237,1095,2006,335,1518,594,1035,836,1824,1529,653,264,1350,1555,1811,934,1152,176
378: 1921,2002,1472,1706,535,1659,1240,278,172,1308,1816,296,1046,1351,146,1687,387
1812: 383,312,548,8,795,894,1761
1901: 1938,247,1611,555,1118,131,1300,2014,1879,1825,1587
381: 570
382: 1627
383: 1812,312,548,8,1960,795,894,1761
384: 
1974: 98,2015,13,820,1199,1452,532,1360,201,70,971,1606,1926,1965,1957,568,1502,122,1622,244,902,1297,1944,1883,469,660,1138
1715: 
387: 1351,1014,146,1687,374,1719,666,562,1139,273,1921,796,2002,1472,1706,535,1659,1240,278,378,172,1308,1816,296,1339,1046
1713: 1381,206,1953,1714,1330,2016,1924,597,236,479,1295,18,1228,1725
389: 
390: 1698,880
391: 737,722,705
392: 1146,1668,0
393: 1942,1069,207
394: 1770,409,685,1168,1728,237,109,1204,2000,1800,1499,916,1712,1244,818,339,196,635,307
395: 1261,604
1595: 940,1780,670,1088,2019,1249,698,1083,251,1507,1634,1968,786,1128,1479,1540,1099,1342,1798,1568,1274,855,435,1362,1977,1535,294,1756,962,958,477,1484,1034,1354,1961,41,1520
1592: 
1730: 
399: 57,486,906
400: 0
401: 419,1709,1973,1655,741,1051
402: 257
403: 427,30,727,1534,1614,2009,1483,1205,756,145,503,779,1971,1166,1288,331,178,317,343
404: 560
405: 682,2018,1983,1184,618,1840,1356,1558,1545,901,1822,1577,203,1150,625,506,183
406: 1652,1845,1044
1958: 
408: 1684,1202,1052,54,1341,687,1377,81,2007,463,1318,669,365,785,1408,129,965,1013,1837,1762
409: 1770,685,1728,394,237,109,716,1204,2000,1800,916,1712,1244,818,339,307
410: 
411: 
412: 
413: 1818
414: 994,1471,1424,1859,821,1763,1783,2012,730,1895,351,1482,238,1533
415: 
416: 1562,2015,13,820,1452,34,267,70,526,797,1852,1926,1158,72,862,1957,1502,904,1622,244,902,1297,1944,1883,660,656,1138,130,769
417: 994,1471,1859,192,1256,821,1332,1783,2012,1956,1895,1482,1564
418: 1780,1088,2019,179,698,1507,1634,1038,1498,1578,1479,1540,1903,1099,1798,1274,1362,1943,1977,962,958,477,1034,1045
419: 401,1973,1655,741,1051,148,439,1430,455,794
420: 837,1106
1930: 1509
1894: 606,781,892,224
423: 1643,959
1937: 1658,678,1372
425: 1576
426: 1575,1440,120,2003,1355,262,807,200,1023,1260,1591,638,760
427: 30,727,1534,1614,2009,462,1483,1205,756,145,503,403,779,1971,1166,1892,178
428: 
1956: 417,192,1256,2012,1948,1564
430: 1123,144,221,1446,936,559,963,1855,1116,1650,985,1190,2010,1024,1670,1554,1214,811,1399,473,527,170,599,1738,1760,816
431: 
432: 1236
433: 1792,1789,173
1939: 
435: 940,670,1088,2019,1249,698,251,1038,1968,1595,1479,1540,1099,1342,855,1362,1977,1535,294,1756,962,477,1484,1034,1961
436: 1849
1654: 557,571,1872
438: 1531
439: 1430,366,1703,455,794,419,148
440: 
441: 341,987
1716: 1832
443: 
444: 1605
445: 
446: 
447: 
448: 1825,1587,2014,1879,803,1938,1611,555,650,225,1475,1127,1215
449: 
450: 
451: 
452: 
453: 297,1987,986,704,628,755,174,1100,743
454: 
455: 439,1430,366,1703,794,419,741,148
456: 1882,337
457: 
458: 1053,574,2000,302,1770,1168,1728,109,716,217,1204
459: 
460: 531,585
461: 1932,1986,1117
462: 427,30,727,1534,1614,2009,1483,756,779,1971,1166,1892
463: 81,1823,2007,1988,1945,495,669,365,785,1408,129,965,1013,1837,1267,134,1202,1052,1341,408
464: 282,1059,1176
465: 
466: 
1945: 81,1823,2007,463,1988,495,669,222,365,785,1408,1784,1013,1837,1267,134
468: 617,933,261,78,2001,924,713,323,114,1866,1005,1276,887,920,1769,277,1421
469: 1974,2015,13,820,201,971,1606,1957,244,902,1297,1944,1883,1138
470: 607,1058,974,659
1927: 
472: 
473: 1855,1116,1650,985,1190,2010,233,1214,948,811,1399,527,599,1738,1760,430,816,298,1004,1309,1933,319
1610: 783,86,314,1570,1745,1265,1541,1828,1409,2013,141,1496,1221,663,1455,582,1241,193,1225
475: 1080,136,981,1853,2011,1795,1469,611,528,1103,893,914,274,313,1284
476: 1218,485,1428,289,897,1195
477: 940,1780,670,1088,2019,179,1083,1507,418,1968,1595,1578,1540,1099,1798,1568,435,1362,1943,1977,1535,962,958,1034
478: 1494,362,1000,573,2006,487,561
479: 1713,1381,206,1953,1714,2016,1924,597,236,18,1228,1725
480: 
481: 1574,1508,791,1096
1668: 1146,392
1710: 1560,163,1280,1210,1181,47,1740,1263,1394,2017,1589,1774,1752,123,1177,1079,83,1588,1487
1980: 1078
485: 1218,1428,289,897,1195,476
486: 57,399,906
487: 573,2006,335,935,561,1529,1555,1494,478,362,1000
1879: 1300,2014,803,1258,1938,247,1611,1118,1901,650,225,1475,1127,1215,1825,448,1587
1787: 933,593,261,2001,924,1434,942,323,1772,45,1005,1276,304,939,1769,1056,853,1160,1062
490: 
491: 
1629: 
493: 682,1746,2018,1983,804,618,1840,1356,1027,1322,1558,1545,1822,1577,203,1150,1159,625,844,506,699,1189
494: 633,1697,732,358,1237,1095,2006,335,1518,594,1035,836,1824,1529,653,264,1350,377,1555,1303,1811,934,1152,176
495: 81,1823,2007,463,1988,1945,1318,990,669,222,365,785,1408,129,1784,965,1013,1837,1267,1762,134,1202
496: 995
1542: 
1968: 940,1780,670,1088,2019,1249,698,1083,251,1507,786,1595,1479,1540,1099,1342,1798,1568,1274,855,435,1977,1535,1756,962,958,477,1484,1034,1354,1961,1520
499: 374,1719,666,562,87,1014,1139,273,1921,796,2002,1472,1791,1706,1240,172,1308,1816,1339,1046
500: 686,1348
501: 
502: 
503: 427,727,1534,1614,2009,1483,1205,145,403,779,1166,169,1528,1288,331,178,317,1371,343
504: 
2010: 1855,1116,1650,985,1190,1024,233,1670,1554,1250,1120,1476,1848,1214,948,811,1399,590,473,1641,527,170,599,1738,1760,1123,144,780,221,1446,936,559,963,430,816,298,1004,1309,1933,319
506: 682,1746,2018,1983,1184,493,804,618,1840,1356,1027,1322,1558,1545,541,901,1822,1577,203,1150,1159,625,844,405,699,183,1189
1759: 
1770: 409,685,1168,1728,394,237,109,716,217,1204,629,2000,1800,1244,818,339,196,307,458
509: 1266
510: 
511: 
1697: 633,494,573,732,358,1095,2006,335,935,1518,561,1035,836,1529,653,264,1350,377,1555,1303,1811,934,1152,1494,176,362,1000
513: 
514: 26,783,86,1561,777,1073,58,7,1541,1828,1409,2013,12,1019,1863,1331,663,1857,1338,1225,808
515: 683,913,815
516: 1996
517: 1660
518: 1287,735
519: 
520: 
1849: 436
1977: 940,1780,1088,2019,1249,698,1083,251,1507,1634,418,1038,1968,1595,1128,1479,1540,1099,1342,1798,1568,1274,855,435,1362,1943,294,1756,962,180,958,477,1484,1034,1961,1045,1520
523: 
524: 1044
1599: 994,1424,192,1256,821,1332,1763,2012,730,1895,1948,1482,238,1533,1564,293
526: 2015,416,1452,34,267,70,1852,1926,1158,72,862,1957,1502,904,1622,851,1883,660,656,130,1121,769,121
527: 1116,1650,985,2010,1024,233,1120,1848,1214,948,811,1399,473,1641,170,599,1738,1760,144,430,816,298,1004,1933
528: 1080,981,475,2011,1795,1469,611,1103,893,274
529: 
530: 
531: 460,585
532: 1974,98,2015,13,820,1199,1452,1360,267,70,797,971,1606,1464,1852,1926,1158,72,1965,862,1957,568,904,122,1622,244,902,1297,851,1944,1883,718,938,660,656,1138,130,1121
533: 
534: 248
535: 1139,273,1921,796,2002,1472,1791,1706,1659,278,378,172,1308,1816,296,1339,1046,1351,1687,387
1682: 
2003: 1575,1440,1804,558,1653,120,1355,220,181,1183,262,807,200,1969,578,253,1552,1023,1260,1591,1141,426,928,638,1417,760
538: 
539: 
540: 
541: 682,1746,2018,831,1184,814,1840,1027,1750,1322,1558,1545,901,1822,1577,203,1150,506,699,1737,183,1189
1789: 433,1792,173
543: 
1573: 
1768: 
546: 1748,1850,1231,1722,157
547: 
548: 709,8,1960,795,894,1761,1812,383,312
549: 1550,1662
1997: 62,263,1124,690,833,798,747,946,1775,1278,1964,2004,882,1972,1858,112
551: 
552: 113
553: 1021
1643: 423
555: 1938,247,1611,1118,131,1901,2014,1127,1825,448,1587
556: 
557: 1553,1654
558: 1575,1440,1804,1653,2003,1355,220,181,1183,807,200,578,253,1552,1023,1260,1591,1141,928,638,1417,760
559: 1123,144,780,221,1446,936,963,430,1116,1650,1190,2010,1670,1554,170,599,1738
560: 404
561: 1697,573,1095,2006,335,487,935,1518,1529,653,1494,478,1000
562: 374,1719,666,499,87,1014,146,387,1139,273,1921,2002,1472,1706,1240,172,1816,1339,1046
1727: 
564: 
565: 111,937
566: 
567: 26,1561,1570,777,1745,1073,58,1541,1584,1828,2013,141,1496,1224,12,227,1331,1221,663,1857,1338,582,1241,1764,193,808
568: 1974,98,2015,820,1199,532,1360,267,971,1606,1926,1965,122,1622,1297,851,1944,1883,718,938,1138
2013: 26,783,86,1610,1561,314,1570,777,1745,1265,1073,58,7,1541,1584,1828,1409,567,141,1496,1224,12,1019,1810,842,1863,227,1331,1221,663,514,1857,1455,1338,582,1241,1764,193,1225,808
570: 381
571: 1872,1654
572: 
573: 633,1697,1095,2006,335,487,935,1518,561,836,1529,653,1350,1555,1303,1152,1494,176,478,362,1000
574: 1053,458,629,2000,77,1244,196,302,1993,1168,1728,237,109,716,217,1204
575: 89
576: 917
1690: 1560,1280,1210,1181,692,863,47,1860,2017,856,1319,156,1589,1774,945,1177,1588
578: 1440,1804,558,1653,2003,1355,220,181,262,807,200,1969,253,1552,1023,1260,1591,1141,928,638
579: 
580: 645
1830: 
582: 26,1610,314,777,1745,1073,1541,1828,567,2013,141,1496,12,1221,663,1241,1764,193,1225,808
1910: 
584: 
585: 460,531
586: 
587: 
588: 
1829: 
590: 1855,1116,1650,985,1190,2010,1024,1670,1554,1250,1120,1476,1848,1214,948,811,1641,1738
591: 367,1327
592: 
593: 933,261,2001,924,1434,942,323,1772,45,1276,304,939,1787,1056,853,1062
594: 494,732,1237,1095,2006,1518,836,1824,653,377
595: 
596: 1335,982,24
597: 1713,1381,206,1953,1714,1330,2016,1924,236,479,1295,701,1724,18,1228
1642: 246
599: 1855,1116,1650,985,2010,1024,233,1554,1120,1848,1214,811,1399,473,527,170,1738,1760,1123,144,221,1446,559,430,816,298,1309,1933
1556: 240
601: 
2012: 994,1471,1424,1599,417,1859,192,1256,821,1332,1763,1783,1956,730,1895,351,1948,1482,238,1533,414,1564,293
603: 1268
604: 395,1261
605: 
606: 781,1664,1894,892
607: 470,1058,974
608: 
1929: 
610: 1503
611: 1080,136,981,74,1853,475,2011,1795,1838,1433,1469,528,1103,1435,893,1978,914,274,1523,313,1284
612: 
613: 1733,765
1652: 406,1845,1044
615: 1208
616: 
617: 933,261,78,2001,924,713,468,942,114,1866,45,1005,1769,277,853,1421
618: 682,2018,831,1983,1184,493,1840,1356,1322,1558,1545,901,1822,203,1150,405,506,699,1189
619: 
620: 
621: 708,749
622: 
1859: 994,1471,1424,417,1256,821,1332,1763,1783,2012,730,1895,351,1482,238,1533,414
624: 
625: 682,2018,1983,493,804,1840,1356,1027,1322,1545,1822,1577,203,1150,1159,844,405,506,183
626: 
627: 1451,42,168,216
628: 297,1987,986,453,704,755,174,743
629: 903,870,2000,1800,1499,1367,132,77,1244,818,1432,196,635,307,302,1993,1770,1168,237,109,716,217,1204,574
630: 
631: 
632: 
633: 1697,494,573,732,358,1237,1095,2006,335,935,1518,1035,836,1529,653,264,1350,377,1555,1303,1811,934,1152,1494,176,1000
634: 
635: 903,870,629,2000,1800,1499,1367,916,132,1712,77,1244,818,339,1432,196,307,394,237,109,1204
636: 744
637: 
638: 1575,1440,1804,558,1653,2003,1355,1183,262,807,200,578,1552,1023,1591,426,928,1417,760
1855: 1116,1650,985,1190,2010,233,1670,1250,1120,1848,1214,948,811,590,473,1641,599,1738,1760,1123,430,1004,1309,319
1844: 
641: 
642: 
643: 1981,1161
1712: 903,870,2000,1800,1499,1367,916,132,1244,818,339,196,635,307,409,394,109,1204
645: 580
1742: 
1828: 26,783,86,1610,1561,314,1570,777,1745,1073,7,1541,1409,567,2013,141,1496,12,1863,1331,1221,663,514,582,1241,1764,193,1225,808
1943: 1780,1088,2019,179,698,1507,1634,418,1038,1498,1128,1578,1479,1540,1099,1798,1274,1362,1977,962,180,958,477,1034,1045
649: 
650: 225,1475,1127,1215,1300,2014,1879,803,1258,1825,448
651: 
1922: 1253
653: 633,1697,494,573,732,358,1095,2006,335,935,1518,561,594,1035,836,1824,1529,377,1555,1303,1811,1152,176
1659: 1139,273,1921,796,2002,1472,1706,535,278,378,172,1816,296,1046,1351,1014,1687,387
655: 100,800,1216,266,1029,1060,1992,2008,1061,1736,249,1042,1896,208,1257,879,1091,1167,1521,1275,49,1598,1923,333
656: 98,1562,2015,820,416,1452,34,532,267,70,526,797,1852,1926,1158,72,862,1957,1502,904,122,1622,244,902,1297,851,1944,1883,938,660,1138,130,1121,769,121
1570: 26,783,86,1610,1561,314,777,1745,1265,58,1541,1584,1828,567,2013,141,1496,1224,1810,842,227,1331,1221,663,1455,1338,1241
1795: 1080,136,981,475,2011,1838,1469,611,528,1103,893,914,274,1523,1284
659: 1111,740,470
660: 1974,1562,2015,13,820,416,1452,34,532,201,267,70,526,797,971,1606,1852,1926,1158,72,862,1957,1502,904,122,1622,244,902,1297,851,1944,1883,656,1138,130,769
1706: 1139,273,1921,796,2002,1472,1791,535,1659,1240,278,378,172,1308,1816,296,1339,1046,1014,146,1687,387,374,1719,666,499,562
662: 1278,1964,2004,1972,1383,1858,361,22,1677,747
663: 26,783,86,1610,1561,314,1570,777,1745,1265,1073,58,7,1541,1584,1828,1409,567,2013,141,1496,1224,12,1810,1863,1331,1221,514,1857,1455,1338,582,1241,1764,193,1225,808
664: 
1921: 1139,273,796,2002,1472,1791,1706,535,1659,1240,278,378,172,1308,1816,296,1339,1046,1014,146,387,374,1719,499,562
666: 374,1719,499,562,87,1014,146,387,1139,2002,1472,1706,1240,172,1816,1339
1748: 1850,546,1231
668: 
669: 81,2007,463,1945,495,365,785,1408,129,965,1013,1837,1267,1762,134,1684,1202,1052,54,1341,687,408
670: 940,1088,2019,1507,1968,1595,1578,1540,1568,855,435,1362,1535,962,958,477,1034
1635: 
2000: 903,870,629,1800,1499,1367,916,132,1712,77,1244,818,339,1432,196,635,307,302,1993,1770,409,685,1168,1728,394,237,109,716,217,1204,1053,458,574
673: 1048
1806: 246
675: 
676: 
677: 
678: 1658,1937,1372
679: 
680: 
681: 
682: 1746,2018,831,1983,1184,493,804,618,1840,1356,1027,1750,1322,1558,1545,541,901,1822,1577,203,1150,1159,625,844,405,506,699,183,1189
683: 515,913,815
684: 1104,90
685: 1770,409,1168,1728,394,237,109,716,217,1204,2000,1800,916,1244,818,339,196
686: 500,1348
687: 1684,1202,1052,54,1341,408,2007,669,129,1013,1762
688: 1492,739
689: 
690: 1077,1579,1677,1124,833,798,747,946,1775,1964,2004,1383,112,1997
691: 10,1097
692: 1560,163,1280,1210,1181,863,1690,1740,1860,1263,1394,2017,1429,856,1319,156,1774,1752,945,123,1177,1079,83,1588
693: 
694: 
695: 
696: 
697: 
698: 940,1780,1088,2019,1249,1634,418,1038,1968,1498,1595,1128,1479,1540,1099,1342,1798,1274,855,435,1362,1943,1977,294,1756,962,180,958,1484,1034,1045
699: 682,1746,2018,831,1983,1184,493,618,814,1840,1027,1750,1322,1558,541,901,1822,203,1150,506,1737,183,1189
700: 1954,1631,1437
701: 1724,1381,206,1953,1330,2016,597,1295,18
2009: 427,30,727,1534,1614,462,1483,1205,756,145,503,403,779,1971,1166,1892,1049,169,1528,1288,331,178,317,1371,343
703: 
704: 297,1987,986,453,628,755,174
705: 391,737,722
1620: 750
1655: 401,419,1973,741,1051
708: 621,749
709: 548,8,1960,795,894,1761
710: 1245
711: 322
712: 
713: 617,933,261,78,2001,924,468,114,1866,1005,887,920,1769,277,853,1421
2011: 1080,136,981,74,1853,475,1795,1838,1433,1469,874,611,528,1103,1435,893,1978,914,270,274,1523,313,1708,1284,184,1347
1780: 940,1088,2019,1249,698,1083,251,1507,1634,418,1968,1595,1578,1479,1540,1099,1342,1798,1568,1274,1943,1977,1535,1756,962,958,477,1484,1034
716: 1770,409,685,1168,1728,237,109,217,1204,629,2000,1800,1244,818,196,307,302,1053,458,574
717: 48
718: 98,2015,820,1199,1452,532,1360,267,797,971,1464,1852,1926,1965,862,568,904,122,1622,851,1944,938,1121,769,719,121
719: 769,1246,121,98,2015,267,1464,1852,1926,72,1965,851,718,130,1121
720: 
1941: 
722: 391,737,705
723: 250
1636: 
725: 1292
1887: 
727: 427,1534,1614,2009,462,1483,1205,756,145,503,403,779,1971,1166,1892,1288,331,178,1371
728: 
729: 
730: 1424,1599,1859,821,1763,2012,1895,351,1482,238,1533,414,293
731: 158
732: 633,1697,494,358,1237,1095,2006,335,1518,594,836,1824,1529,653,264,1350,377,1811,934
1867: 
1717: 988
735: 518,1287
1983: 682,1746,2018,1184,493,618,1840,1356,1322,1558,1545,901,1822,1577,203,1150,625,844,405,506,699,183,1189
737: 391,722,705
738: 1012
739: 1492,688
740: 1111,659
741: 401,419,1973,1655,1051,1430,455,794
1848: 1855,1116,1650,985,2010,1024,233,1250,1120,1476,1214,948,811,590,1641,527,170,599,1760
743: 1100,297,1987,453,628,755,174
744: 636
745: 
746: 
747: 1077,1579,1677,1124,690,833,798,946,1775,1964,2004,662,882,1972,1383,1858,361,112,22,62,1997,263
748: 
749: 621,708
750: 1620
1613: 909,1055
752: 
753: 
754: 
755: 297,1987,986,453,704,628,174,743
756: 427,30,727,1534,1614,2009,462,1483,1205,145,403,779,1971,1166,1892,1528,1288,331,178,1371
1639: 
758: 1869,1412
1660: 1289,517
760: 1417,1575,1440,1804,558,1653,2003,181,1183,807,200,1552,1260,1591,426,928,638
761: 1505,352
762: 912
763: 1344
764: 338
765: 1733,613
1548: 1833
1870: 
1700: 
769: 1246,719,121,98,2015,416,267,70,526,1464,1852,1926,72,862,904,1622,851,718,660,656,130,1121
770: 
771: 
772: 861
773: 
774: 
775: 
776: 
777: 26,783,86,1561,314,1570,1745,1073,58,7,1541,1584,1828,1409,567,2013,1496,1224,12,1019,1863,1331,1221,663,514,1857,1338,582,1241,1764,193,1225,808
2015: 1974,98,1562,13,820,1199,416,1452,34,532,1360,201,267,70,526,797,971,1606,1464,1852,1926,1158,72,1965,862,1957,568,1502,904,122,1622,244,902,1297,851,1944,1883,718,938,469,660,656,1138,130,1121,769,1246,719,121
779: 427,30,727,1534,1614,2009,462,1483,1205,756,145,503,403,1971,1166,1892,1049,169,1528,1288,331,178,317,1371,343
780: 1123,144,221,1446,559,963,1116,1650,2010,1670,1554,1250,170
781: 606,1664,1894,892
1769: 617,933,261,78,2001,924,713,468,1434,323,114,1866,1005,1276,887,920,304,939,1787,277,853,1160,1062,1421
783: 26,86,1610,1561,1570,777,1745,1265,1073,58,7,1541,1584,1828,1409,2013,1496,1224,1019,1810,842,227,1331,1221,663,514,1455,1338,1241
1684: 1202,54,1341,687,408,1377,81,2007,669,365,129,1762
785: 81,1823,2007,463,1988,1945,1318,495,669,222,365,1408,129,1784,1013,1837,1267,1762,408
786: 940,2019,1083,251,1968,1595,1540,1568,855,1535,962,1354,1961,1781
787: 
1891: 
789: 967
790: 256
791: 481,1096
792: 
793: 1593
794: 439,1430,1703,455,419,741,148
795: 709,548,8,1960,894,1761,1812,383
796: 1139,273,1921,2002,1472,1791,1706,535,1659,278,172,1308,296,1339,1046,1687,387,499
797: 2015,13,820,1199,416,1452,532,1360,267,971,1606,1852,1926,1158,862,1957,904,1622,244,1297,1944,718,938,660,656
798: 1077,1579,1677,1124,690,833,747,946,1775,1964,2004,882,1972,1383,1858,22,1997,263
799: 
800: 100,1216,266,1029,1060,1992,2008,1061,1736,249,1042,1896,208,655,1257,879,1091,1167,1521,1275,49,1598,1923
1761: 709,548,8,1960,795,894,1812,383,312
1738: 1855,1116,1650,985,1190,2010,1024,1670,1554,1250,1120,1214,811,1399,590,473,527,170,599,1760,1123,144,221,1446,936,559,963,430,816,1309,1933,319
803: 1300,2014,1879,1258,1938,650,225,1475,1127,1215,1825,448,1587
804: 682,1746,2018,493,1840,1027,1322,1822,1577,203,1150,1159,625,844,506,1737,183,1189
805: 
806: 
807: 1575,1440,1804,558,1653,120,2003,1355,220,1183,262,200,1969,578,253,1552,1023,1260,1591,1141,426,928,638,760
808: 1225,26,1561,777,1073,7,1541,1828,1409,567,2013,12,1863,663,514,1857,1338,582,1764
1699: 
810: 
811: 1855,1116,1650,985,1190,2010,1024,233,1554,1250,1120,1476,1848,1214,948,1399,590,473,1641,527,170,599,1738,1760,144,221,430,1933
812: 
1762: 81,2007,1318,495,990,669,222,365,785,1408,129,1784,965,1013,1837,1684,1202,54,1341,687,408,1377
814: 2018,831,1184,1750,1322,1558,541,901,1822,699,1737,1189
815: 683,515,913
816: 144,1446,936,430,985,2010,1214,1399,473,527,599,1738,1760,298,1309,1933,319
1637: 1239,1959
818: 903,629,2000,1800,1499,916,1712,1244,339,196,635,307,1770,409,685,1168,1728,394,237,109,716,1204
1633: 
820: 1974,98,2015,13,1199,416,1452,532,1360,201,267,70,797,971,1606,1852,1926,1158,72,1965,862,1957,568,1502,904,122,1622,244,902,1297,851,1944,1883,718,938,469,660,656,1138,130,1121
821: 994,1471,1424,1599,417,1859,192,1256,1332,1763,1783,2012,730,1895,1482,238,1533,414,1564,293
822: 
1607: 
824: 
2017: 1560,163,1280,1210,1181,692,863,47,1710,1690,1740,1860,1263,1394,1429,856,1319,156,1589,1774,1752,945,123,1177,1079,83,1588,1487
826: 1147,1515
827: 
1757: 
829: 
830: 
831: 682,2018,1184,618,814,1840,1750,1322,1558,1545,541,901,1822,699,183,1189
832: 
833: 1077,1579,1677,1124,690,798,747,946,1775,1964,2004,1972,1383,1858,361,112,22,62,1997
834: 
1729: 
836: 633,1697,494,573,732,358,1237,1095,2006,335,935,1518,594,1824,1529,653,264,1350,377,1555,934,1152
837: 1106,420
1582: 1950
839: 
1984: 
1669: 25
842: 26,783,1570,1745,1265,58,1584,2013,1224,1810,227,1331,1455,1241
843: 1709
844: 682,1746,2018,1983,493,804,1840,1356,1027,1322,1545,1822,1577,203,1150,1159,625,506,183
1670: 1855,1116,1650,985,1190,2010,1024,1554,1250,1120,590,170,1738,1123,780,221,559,963,430
1758: 1732
1702: 1628
2004: 1278,1964,662,882,1972,1383,1858,361,112,22,1077,1579,1677,1124,690,833,798,747,946,1775,62,1997,263
1816: 1139,273,1921,2002,1472,1706,535,1659,1240,278,378,172,1308,296,1339,1046,1014,146,1687,387,374,1719,666,499,562,87
850: 1091,1167,1043,1521,1275,49,1598,1923,333,1029,2008,208
851: 98,2015,820,1452,532,267,70,526,1464,1852,1926,72,1965,862,568,904,122,1622,1944,1883,718,938,660,656,130,1121,769,1246,719,121
852: 
853: 617,933,593,261,78,2001,924,713,1434,942,114,1772,1866,45,1005,1276,304,939,1769,1787,277,1056,1160,1062,1421
854: 
855: 940,670,1088,2019,1249,698,1083,251,1968,786,1595,1479,1540,1099,1342,1568,435,1977,1535,294,1756,962,1484,1354,1961,41,1781,1520
856: 1560,163,1210,1181,692,863,47,1690,1860,1263,1394,2017,1319,156,1774,1752,945,1177,83
1602: 
858: 1546
1821: 
860: 1925
861: 772
862: 2015,820,1199,416,1452,532,267,526,797,971,1852,1926,1158,1957,904,1622,244,1297,851,1944,718,938,660,656,130,1121,769,121
863: 1560,1280,1210,1181,692,47,1690,1740,1860,1263,2017,1429,856,1319,156,1589,1774,1177,1079,83,1588,1487
864: 
1827: 
866: 1902,159
867: 1917,1864
868: 
1950: 1582
870: 903,629,2000,1800,1367,132,1712,77,1244,1432,635,307,302,1993,109,1204
1623: 
1740: 163,1280,1210,1181,692,863,1710,1263,1394,2017,1429,1319,1589,123,1177,1079,83,1588,1487
873: 
874: 136,74,1853,2011,1838,1433,1978,914,270,1523,313,1708,1284,184,1347
1622: 1974,98,2015,13,820,1199,416,1452,34,532,1360,267,70,526,797,971,1606,1852,1926,1158,72,1965,862,1957,568,1502,904,122,244,902,1297,851,1944,1883,718,938,660,656,1138,130,1121,769,121
876: 
877: 
1785: 
879: 800,1216,266,1029,1060,1992,2008,1736,249,1042,1896,208,655,1091,1167,49
880: 1698,390
881: 
882: 1278,1964,2004,1972,1858,361,112,22,798,747,946,1775,62,1997,263
1972: 1278,1964,2004,662,882,1383,1858,361,112,22,833,798,747,946,1775,62,1997,263
1964: 1278,2004,662,882,1972,1383,1858,361,112,22,690,833,798,747,946,1775,62,1997,263
885: 
886: 55,1468
887: 78,2001,713,468,1434,114,1005,920,1769,277,1160,1421
1895: 994,1471,1424,1599,417,1859,192,1256,821,1332,1763,1783,2012,730,351,1482,238,1533,414,1564,293
1658: 678,1937,1372
890: 
1709: 401,843,1973,1051
892: 1517,1644,224,606,781,1664,1894
893: 1080,136,981,475,2011,1795,1838,1433,1469,611,528,1103,1435,914,274,1284
894: 709,548,8,1960,795,1761,1812,383,312
1728: 1770,409,685,1168,394,237,109,716,217,1204,2000,818,458,574
896: 
897: 1218,485,1428,289,1195,476
898: 
899: 
1960: 709,548,795,894,1761,383
901: 682,2018,831,1983,1184,618,814,1027,1750,1322,1558,1545,541,1822,1577,203,1150,405,506,699,183,1189
902: 1974,1562,2015,13,820,416,1452,34,532,201,70,971,1606,1926,1158,1957,1502,904,122,1622,244,1297,1944,1883,469,660,656,1138
903: 870,629,2000,1800,1499,1367,132,1712,77,1244,818,1432,635,307
904: 2015,13,820,1199,416,1452,34,532,267,70,526,797,971,1606,1852,1926,1158,72,862,1957,1502,122,1622,244,902,1297,851,1944,1883,718,938,660,656,130,1121,769,121
905: 
906: 399,57,486
2007: 81,1823,463,1988,1945,1318,495,990,669,222,365,785,1408,129,1784,965,1013,1837,1267,1762,134,1684,1202,1052,54,1341,687,408,1377
1853: 1080,136,981,74,475,2011,1838,1433,874,611,1103,1435,1978,914,270,274,1523,313,1708,1284,184,1347
909: 1613,1055
1832: 1716
911: 
912: 762
913: 683,515,815
914: 1080,136,981,74,1853,475,2011,1795,1838,1433,1469,874,611,1103,893,274,1523,313,1708,1284,184
1764: 26,1561,777,1745,1073,58,7,1541,1584,1828,567,2013,1224,12,1019,1863,1331,663,1857,1338,582,808
916: 2000,1800,1499,1367,1712,1244,818,339,196,635,409,685,394,237
917: 576,1632
918: 
1959: 1239,1637,1151
920: 78,2001,713,468,1434,323,114,1005,887,1769,277,1160
1986: 1932,461,1117
922: 954,1835
923: 
924: 617,933,593,261,78,2001,713,468,1434,942,323,114,1772,1866,45,1005,1276,304,939,1769,1787,277,1056,853,1160,1062,1421
1590: 
926: 
927: 1385
928: 1575,1440,1804,558,1653,2003,1355,181,1183,262,807,200,578,1552,1023,1591,638,1417,760
929: 
930: 
1856: 1526
932: 1353,1336
933: 617,593,261,78,2001,924,713,468,1434,942,323,114,1772,1866,45,1005,1276,304,939,1769,1787,277,853,1421
934: 633,1697,494,732,358,1237,1095,2006,1035,836,1529,264,1350,377,1555,1811,1152,176
935: 633,1697,573,1095,2006,335,487,1518,561,836,1529,653,1350,1555,1152,1494,1000
936: 1123,144,221,1446,559,963,430,1116,2010,1738,816
937: 565,111
938: 2015,820,1199,1452,532,1360,267,797,971,1606,1852,1926,1158,1965,862,568,904,1622,244,1297,851,1944,718,656,1121
939: 933,593,261,78,2001,924,1434,942,323,114,1772,1866,45,1005,1276,304,1769,1787,1056,853,1160,1062,1421
940: 1780,670,1088,2019,1249,698,1083,251,1507,1968,786,1595,1540,1099,1342,1568,855,435,1362,1977,1535,962,958,477,1484,1034,1354,1961
941: 
942: 617,933,593,261,78,2001,924,1772,1866,45,1005,1276,304,939,1787,1056,853,1062,1421
943: 1755,1162,1692
944: 
945: 1560,1210,1181,692,47,1690,1860,2017,856,156,1774,1752,1177
946: 1077,1579,1124,690,833,798,747,1775,1964,2004,882,1972,1383,1858,112,22,62,1997,263
947: 1172,1407,1563,303,1033,1032,1233,1884,1676,2005,949,239,1315,1270,1940,1243,286,370
948: 1855,1650,985,1190,2010,1024,233,1250,1120,1476,1848,1214,811,590,473,1641,527,1760,1004,319
949: 1172,1407,1563,303,1033,1032,947,1884,2005,239,1315,1270,1940,1243,286,370,1020,1191
950: 
951: 1915,1420
1555: 633,1697,494,573,358,1237,1095,2006,335,487,935,1518,1035,836,1529,653,264,1350,377,934,1152,1494,176,1000
1807: 1766,85
954: 922,1835
1850: 1748,546,1231
1628: 1702,1261
957: 95
958: 940,1780,670,1088,2019,179,698,1507,1634,418,1038,1968,1498,1595,1578,1479,1540,1903,1099,1798,1568,1362,1943,1977,1535,962,477,1034,1045
959: 423
1701: 27,350
961: 
962: 940,1780,670,1088,2019,1249,698,1083,251,1507,1634,418,1968,786,1595,1578,1479,1540,1099,1342,1798,1568,1274,855,435,1362,1943,1977,1535,958,477,1484,1034,1961
963: 1123,144,780,221,1446,936,559,430,1116,1190,2010,1670,1554,1738
964: 
965: 81,1823,2007,463,1988,495,990,669,365,1408,129,1784,1013,1837,1267,1762,134,1202,1052,54,1341,408,1377
966: 
967: 789
968: 
969: 
1756: 1780,2019,1249,698,1083,251,1634,1968,1595,1128,1479,1099,1342,1798,1274,855,435,1977,294,180,1484,1034,1961,41,1520
971: 1974,2015,13,820,1199,1452,532,1360,201,267,797,1606,1926,1158,862,1957,568,904,122,1622,244,902,1297,1944,1883,718,938,469,660,1138
1965: 1974,98,2015,820,1199,532,1360,267,1464,1852,1926,72,568,122,1622,851,1944,718,938,1121,719
973: 
974: 607,470,1058
1647: 
976: 1439
977: 231,1982,1142
978: 1707,1905
979: 
1598: 1091,1167,1043,1521,1275,850,49,1923,333,800,1029,2008,1736,249,208,655,1257
981: 1080,1853,475,2011,1795,1838,1469,611,528,1103,893,914,274,1523,313,1284,184
982: 596,24
983: 
984: 
985: 1855,1116,1650,1190,2010,1024,233,1670,1250,1120,1476,1848,1214,948,811,1399,590,473,1641,527,170,599,1738,1760,1123,430,816,1004,1933,319
986: 297,1987,453,704,628,755,174
987: 341,441
988: 1717
1889: 
990: 81,1823,2007,1318,495,222,365,1408,129,1784,965,1013,1837,1762,1202,1377
991: 
992: 
1999: 
994: 1471,1424,1599,417,1859,192,1256,821,1332,1763,1783,2012,1895,1948,1482,238,1533,414,1564,293
995: 496
1797: 
997: 
1942: 1069,393,207,1344
999: 
1000: 1494,176,478,362,633,1697,573,2006,335,487,935,561,1035,1529,1555,1303,1152
1001: 
1904: 
1681: 
1004: 298,1309,1933,319,1855,985,2010,233,1214,948,473,1641,527,1760
1005: 617,933,261,78,2001,924,713,468,1434,942,323,114,1772,1866,45,1276,887,920,304,939,1769,1787,277,1056,853,1160,1062,1421
1006: 1008,209
1952: 
1008: 209,1006
1009: 
1677: 1077,690,833,798,747,2004,662,1383,22
1011: 1936
1012: 738
1013: 81,1823,2007,463,1988,1945,495,990,669,365,785,1408,129,1784,965,1837,1267,1762,134,1202,1052,1341,687,408
1014: 146,1687,387,374,1719,666,499,562,87,1139,273,1921,2002,1472,1706,1659,1240,172,1816,1339,1046
1015: 
1990: 
1641: 1855,1650,985,2010,1024,233,1250,1120,1476,1848,1214,948,811,590,527,1760,1004
1763: 994,1471,1424,1599,1859,821,2012,730,1895,351,1482,238,1533,414
1019: 26,783,1561,777,1073,58,7,2013,1224,12,1810,1863,1331,514,1857,1338,1764
1020: 1172,1563,303,1033,1032,1884,2005,949,239,1270,1940,1243,286,1191
1021: 1208,553
1022: 
1023: 1575,1440,1804,558,1653,120,2003,1355,220,1183,262,807,200,1969,578,253,1552,1260,1591,1141,426,928,638
1024: 1116,1650,985,1190,2010,233,1670,1554,1250,1120,1476,1848,1214,948,811,1399,590,1641,527,170,599,1738,1760,144,221,430
1025: 1057
1026: 
1027: 682,1746,2018,493,804,1840,1750,1322,1545,541,901,1822,1577,203,1150,1159,625,844,506,699,1737,183,1189
1028: 1805
1029: 100,800,1216,1060,1992,2008,1061,1736,249,1896,208,655,1257,879,1091,1167,1521,1275,850,49,1598,1923,333
1030: 
1903: 2019,179,418,1498,1578,1362,958
1032: 1172,1407,1563,303,1033,947,1233,1884,1676,2005,949,239,1315,1270,1940,1243,286,370,1020
1033: 1172,1407,1563,303,1032,947,1884,2005,949,239,1270,1940,1243,286,370,1020,1191
1034: 940,1780,670,1088,2019,1249,179,698,1507,1634,418,1038,1968,1498,1595,1128,1578,1479,1540,1099,1342,1798,1274,435,1362,1943,1977,294,1756,962,180,958,477,1484,1045
1035: 633,1697,494,358,1237,1095,2006,1529,653,264,1350,377,1555,1303,1811,934,1152,1494,176,362,1000
1036: 
1741: 
1038: 1088,2019,179,698,1634,418,1498,1128,1578,1479,1540,1099,435,1362,1943,1977,294,180,958,1034,1045
1863: 26,1561,777,1073,58,7,1541,1828,1409,2013,12,1019,1331,663,514,1857,1338,1764,1225,808
1040: 
1634: 1780,1088,2019,1249,179,698,1507,418,1038,1498,1595,1128,1479,1540,1099,1342,1798,1274,1362,1943,1977,294,1756,962,180,958,1484,1034,1045
1042: 800,1216,266,1060,1992,2008,249,1896,208,655,879,1091,1167
1043: 1091,1167,1275,850,49,1598,1923,2008,1736
1044: 524,406,1652,1845
1045: 1088,2019,179,698,1634,418,1038,1498,1128,1479,1099,1798,1362,1943,1977,180,958,1034
1046: 1139,273,1921,796,2002,1472,1791,1706,535,1659,1240,278,378,172,1308,1816,296,1339,1351,1014,146,1687,387,374,1719,499,562
1646: 1213,1425
1048: 673
1049: 169,1528,1288,178,317,1371,343,30,1534,1614,2009,779,1166,1892
1050: 
1051: 401,419,1709,1973,1655,741
1052: 1202,54,1341,687,408,2007,463,669,129,965,1013,1267,134
1053: 458,574,2000,302,716,217
1054: 
1055: 909,1613
1056: 593,261,2001,924,1434,942,323,1772,45,1005,1276,939,1787,853,1160,1062
1057: 1025
1058: 607,470,974
1059: 282,464,1176
1060: 100,800,1216,266,1029,1992,2008,1736,249,1042,1896,208,655,879,1167
1061: 100,800,1216,1029,1992,2008,249,208,655,1257,1091,1521,1275,49,333
1062: 1421,593,261,78,2001,924,1434,942,323,114,1772,45,1005,1276,939,1769,1787,1056,853,1160
1875: 349
1064: 
1936: 1011
1568: 940,1780,670,1088,2019,1249,1083,251,1507,1968,786,1595,1540,1099,1342,1798,855,1977,1535,962,958,477,1354,1961
1067: 1251,320
1739: 
1069: 1942,393,207
1070: 
1071: 
1072: 
1073: 26,783,86,1561,777,1745,58,7,1541,1584,1828,1409,567,2013,1224,12,1019,1810,1863,1331,1221,663,514,1857,1338,582,1764,1225,808
1074: 
1075: 66
1979: 
1077: 1579,1677,1124,690,833,798,747,946,1775,2004,1383,22
1078: 1980
1079: 1560,163,1280,1210,1181,692,863,47,1710,1740,1263,1394,2017,1429,1589,1774,123,1177,83,1588,1487
1080: 136,981,1853,475,2011,1795,1838,1433,1469,611,528,1103,893,914,274,1523,313,1284
1081: 
1576: 425
1083: 940,1780,2019,1249,251,1507,1968,786,1595,1479,1540,1099,1342,1798,1568,1274,855,1977,1756,962,477,1484,1354,1961,1520
1792: 433,1789,173
1973: 401,419,1709,1655,741,1051
2002: 1139,273,1921,796,1472,1791,1706,535,1659,1240,278,378,172,1308,1816,296,1339,1046,1351,1014,146,1687,387,374,1719,666,499,562,87
1087: 
1088: 940,1780,670,2019,179,698,1507,1634,418,1038,1968,1498,1595,1578,1479,1540,1099,1798,1568,855,435,1362,1943,1977,1535,962,958,477,1484,1034,1045
1627: 382
1948: 994,1599,192,1256,2012,1956,1482,1564,293
1091: 1167,1043,1521,1275,850,49,1598,1923,333,800,1216,266,1029,1992,2008,1061,1736,249,1042,1896,208,655,1257,879
1092: 
1683: 
1831: 
1095: 633,1697,494,573,732,358,1237,2006,335,935,1518,561,594,1035,836,1824,1529,653,264,1350,377,1555,934,1152,1494,176
1096: 481,791
1097: 691,10
1098: 
1099: 940,1780,1088,2019,1249,698,1083,251,1507,1634,418,1038,1968,1595,1128,1479,1540,1342,1798,1568,1274,855,435,1362,1943,1977,294,1756,962,180,958,477,1484,1034,1961,1045,1520
1100: 743,297,1987,453,174
1988: 81,1823,2007,463,1945,495,785,129,965,1013,1837,1267,134
1102: 
1103: 1080,136,981,1853,475,2011,1795,1838,1433,1469,611,528,1435,893,1978,914,274,1523,313,1708,1284,184,1347
1104: 684
1105: 
1106: 837,420
1107: 
1108: 
1837: 81,1823,2007,463,1988,1945,1318,495,990,669,222,365,785,1408,129,1784,965,1013,1267,1762,134,1202,408
1110: 
1111: 740,659
1112: 
1944: 1974,98,2015,13,820,1199,416,1452,532,1360,267,70,797,971,1606,1852,1926,1158,1965,862,1957,568,904,122,1622,244,902,1297,851,1883,718,938,469,660,656,1138
1752: 1560,163,1210,1181,692,47,1710,1263,1394,2017,856,156,1774,945,123,1177,83
1115: 
1116: 1855,1650,985,1190,2010,1024,1670,1554,1250,1120,1476,1848,1214,811,1399,590,473,527,170,599,1738,1760,1123,144,780,221,1446,936,559,963,430
1117: 1932,1986,461
1118: 1938,247,1611,555,131,1901,1300,2014,1879,1587
1883: 1974,1562,2015,13,820,416,1452,34,532,201,267,70,526,971,1606,1852,1926,1158,72,1957,568,1502,904,122,1622,244,902,1297,851,1944,469,660,656,1138,130
1120: 1855,1116,1650,985,1190,2010,1024,233,1670,1554,1250,1476,1848,1214,948,811,590,1641,527,170,599,1738,1760
1121: 98,2015,820,532,267,526,1464,1852,1926,72,1965,862,904,122,1622,851,718,938,656,130,769,1246,719,121
1122: 
1123: 144,780,221,1446,936,559,963,430,1855,1116,1650,985,1190,2010,1670,1554,1250,1214,170,599,1738
1124: 1077,1579,690,833,798,747,946,1775,2004,1997
1125: 
1126: 
1127: 650,225,1475,1215,1300,2014,1879,803,1258,1938,247,1611,555,1825,448,1587
1128: 2019,1249,698,1634,1038,1595,1479,1099,1342,1798,1274,1943,1977,294,1756,180,1484,1034,1045,1520
1905: 1707,978
1130: 1329
1605: 444
1132: 1317
1133: 1197
1134: 
1823: 81,2007,463,1988,1945,495,990,222,365,785,1408,1784,965,1013,1837,1267
1584: 26,783,1570,777,1745,1265,1073,58,567,2013,1224,12,1810,842,227,1331,1221,663,1857,1455,1338,1241,1764
1991: 
1138: 1974,1562,2015,13,820,416,1452,34,532,201,70,971,1606,1926,72,1957,568,1502,122,1622,902,1297,1944,1883,469,660,656,130
1139: 273,1921,796,2002,1472,1791,1706,535,1659,1240,278,172,1308,1816,1339,1046,1014,387,374,1719,666,499,562,87
1653: 1575,1440,1804,558,2003,1355,220,181,1183,262,807,200,578,253,1552,1023,1260,1591,1141,928,638,1417,760
1141: 1575,1440,1804,558,1653,120,2003,1355,220,181,1183,807,200,1969,578,253,1552,1023,1260,1591
1142: 231,1982,977
1143: 
1784: 81,1823,2007,1945,1318,495,990,222,365,785,1408,129,965,1013,1837,1762,1377
1696: 
1146: 392,1668
1147: 826,1515
1148: 292
2018: 682,1746,831,1983,1184,493,804,618,814,1840,1356,1027,1750,1322,1558,1545,541,901,1822,1577,203,1150,1159,625,844,405,506,699,1737,183,1189
1150: 682,1746,2018,1983,1184,493,804,618,1840,1356,1027,1322,1558,1545,541,901,1822,1577,203,1159,625,844,405,506,699,183,1189
1151: 1239,1959
1152: 633,1697,494,573,358,1237,1095,2006,935,1035,836,1529,653,264,1350,377,1555,1303,1811,934,1494,176,362,1000
1552: 1575,1440,1804,558,1653,120,2003,1355,220,181,1183,262,807,200,1969,578,253,1023,1260,1591,1141,928,638,1417,760
1857: 26,1561,777,1745,1073,58,7,1541,1584,567,2013,1224,12,1019,1810,1863,1331,663,514,1338,1764,808
1625: 
2019: 940,1780,670,1088,1249,179,698,1083,251,1507,1634,418,1038,1968,1498,786,1595,1128,1578,1479,1540,1903,1099,1342,1798,1568,1274,855,435,1362,1943,1977,1535,294,1756,962,180,958,477,1484,1034,1354,1961,1045,41,1520
1157: 
1158: 1562,2015,13,820,416,1452,34,532,201,267,70,526,797,971,1852,862,1957,1502,904,1622,244,902,1297,1944,1883,938,660,656,130
1159: 682,1746,2018,493,804,1356,1027,1322,1545,1577,203,1150,625,844,506,183
1160: 261,78,2001,924,1434,323,114,45,1005,887,920,939,1769,1787,277,1056,853,1062,1421
1161: 643,1981
1162: 1692,943,1755
1840: 682,1746,2018,831,1983,493,804,618,1356,1027,1322,1558,1545,541,1822,203,1150,625,844,405,506,699,1737,183,1189
1164: 
1923: 1091,1167,1043,1275,850,49,1598,333,800,1029,2008,1736,249,1896,208,655,1257
1166: 427,30,727,1534,1614,2009,462,1483,1205,756,145,503,403,779,1971,1892,1049,169,1528,1288,331,178,317,1371,343
1167: 1091,1043,1521,1275,850,49,1598,1923,800,1216,266,1029,1060,1992,2008,1736,249,1042,1896,208,655,1257,879
1168: 1770,685,1728,394,237,109,716,217,1204,629,2000,1800,77,1244,818,339,196,302,458,574
1587: 1825,448,1300,2014,1879,803,1258,1938,247,1611,555,1118,1901,225,1475,1127,1215
1645: 
1171: 1862
1172: 1407,1563,303,1033,1032,947,1233,1884,1676,2005,949,239,1315,1270,1940,1243,286,370,1020,1191
1173: 
1174: 
1175: 
1176: 282,464,1059,1525
1177: 1560,163,1280,1210,1181,692,863,47,1710,1690,1740,1263,1394,2017,1429,856,1319,1589,1774,1752,945,123,1079,83,1588,1487
1940: 1172,1407,1563,1033,1032,947,1884,1676,2005,949,1315,286,370,1020
1179: 
1180: 
1181: 1560,163,1280,1210,692,863,47,1710,1690,1740,1860,1263,1394,2017,1429,856,1319,156,1589,1774,1752,945,123,1177,1079,83,1588,1487
1182: 
1183: 1575,1440,1804,558,1653,2003,1355,181,807,200,1552,1023,1260,1591,1141,928,638,1417,760
1184: 682,2018,831,1983,618,814,1558,1545,541,901,1822,1150,405,506,699,183
1185: 
1186: 
1187: 89
1188: 1839
1189: 682,1746,2018,831,1983,493,804,618,814,1840,1027,1750,1322,1558,541,901,1822,203,1150,506,699,1737,183
1190: 1855,1116,1650,985,2010,1024,1670,1554,1250,1120,1214,948,811,590,473,170,1738,1760,1123,559,963,430
1191: 1172,303,1033,2005,949,239,1243,286,370,1020
1192: 248
1193: 
1194: 
1195: 1218,485,1428,289,897,476
1196: 
1197: 1133
1772: 933,593,261,2001,924,1434,942,1866,45,1005,1276,304,939,1787,1056,853,1062,1421
1199: 1974,2015,13,820,1452,532,1360,267,797,971,1606,1965,862,568,904,1622,244,1297,1944,718,938
1755: 943,1162,1692
1201: 125
1202: 1684,1052,54,1341,687,408,1377,81,2007,463,495,990,669,365,1408,129,965,1013,1837,1267,1762,134
1203: 
1204: 1770,409,685,1168,1728,394,237,109,716,217,870,629,2000,1800,1499,132,1712,77,1244,818,339,196,635,307,302,458,574
1205: 427,30,727,1534,1614,2009,1483,756,145,503,403,779,1971,1166,169,1288,331,178,317,343
1987: 297,986,453,704,628,755,174,1100,743
1822: 682,1746,2018,831,1983,1184,493,804,618,814,1840,1027,1750,1322,1558,1545,541,901,1577,203,1150,625,844,405,506,699,1737,183,1189
1208: 1021,615
1209: 
1210: 1560,1280,1181,692,863,47,1710,1690,1740,1860,1263,1394,2017,1429,856,1319,156,1589,1774,1752,945,1177,1079,83,1588,1487
1211: 
1679: 
1213: 1646,1425
1214: 1855,1116,1650,985,1190,2010,1024,233,1554,1250,1120,1476,1848,948,811,1399,590,473,1641,527,170,599,1738,1760,1123,144,430,816,298,1004,1309,1933,319
1215: 650,225,1475,1127,1300,2014,1879,803,1258,1938,247,1825,448,1587
1216: 100,800,266,1029,1060,1992,2008,1061,1736,249,1042,1896,208,655,1257,879,1091,1167,49
1543: 
1218: 485,289,897,1195,476
1885: 
1220: 
1221: 26,783,86,1610,1561,314,1570,777,1745,1265,1073,1541,1584,1828,1409,567,2013,141,1496,12,1331,663,1455,582,1241,193,1225
1222: 
1223: 
1224: 26,783,1561,1570,777,1745,1073,58,1584,567,2013,12,1019,1810,842,227,1331,663,1857,1338,1764
1225: 808,86,1610,1561,314,777,1073,7,1541,1828,1409,2013,1496,12,1863,1221,663,514,582,193
1226: 139,126,1680
1577: 682,2018,1983,493,804,1356,1027,1322,1545,541,901,1822,203,1150,1159,625,844,405,506,183
1228: 18,1725,1713,1381,1953,1714,2016,1924,597,236,479
1760: 1855,1116,1650,985,1190,2010,1024,233,1120,1848,1214,948,811,1399,473,1641,527,599,1738,430,816,298,1004,1309,1933,319
1230: 
1231: 1748,1850,546,1722,157
1232: 1976
1233: 1172,1563,303,1032,947,1884,2005,239,1270,1243
1564: 994,1471,1599,417,192,1256,821,1332,2012,1956,1895,1948,1482,238,1533,293
1896: 100,800,1216,266,1029,1060,1992,2008,1736,249,1042,208,655,1257,879,1091,1167,1275,49,1923
1236: 432
1237: 633,494,732,358,1095,2006,594,1035,836,1824,1529,264,1350,377,1555,934,1152
1873: 
1239: 1637,1151,1959
1240: 1139,1921,2002,1472,1706,278,378,172,1308,1816,296,1339,1046,1014,146,387,374,1719,666,499,562,87
1241: 26,783,86,1610,314,1570,777,1745,1265,1541,1584,1828,567,2013,141,1496,842,227,1331,1221,663,1455,582,193
1914: 
1243: 1172,1563,303,1033,1032,947,1233,2005,949,239,1270,286,370,1020,1191
1244: 903,870,629,2000,1800,1499,1367,916,132,1712,77,818,339,1432,196,635,307,302,1770,409,685,1168,394,237,109,716,1204,574
1245: 710
1246: 769,719,121,2015,267,1464,1852,851,1121
1247: 
1248: 
1249: 940,1780,2019,698,1083,251,1507,1634,1968,1595,1128,1479,1540,1099,1342,1798,1568,1274,855,435,1977,294,1756,962,1484,1034,1354,1961,41,1520
1250: 1855,1116,1650,985,1190,2010,1024,1670,1554,1120,1476,1848,1214,948,811,590,1641,170,1738,1123,780
1251: 1067
1252: 1326
1253: 1922
1800: 903,870,629,2000,1499,1367,916,132,1712,77,1244,818,339,196,635,307,1770,409,685,1168,394,237,109,716,1204
1644: 1517,892,224
1256: 994,1471,1599,417,1859,192,821,1332,1783,2012,1956,1895,1948,1482,238,1533,1564,293
1257: 100,800,1216,1029,2008,1061,1736,249,1896,208,655,1091,1167,1521,1275,49,1598,1923,333
1258: 1300,2014,1879,803,1938,650,225,1127,1215,1825,1587
1563: 1172,1407,303,1033,1032,947,1233,1884,1676,2005,949,239,1315,1270,1940,1243,286,1020
1260: 1575,1440,558,1653,120,2003,1355,220,1183,262,807,200,1969,578,253,1552,1023,1591,1141,426,760
1261: 395,604,1628
1262: 
1263: 1560,163,1280,1210,1181,692,863,47,1710,1740,1394,2017,1429,856,1319,1589,1774,1752,123,1177,1079,83,1588,1487
1680: 139,126,1226
1265: 26,783,86,1610,1561,1570,1745,58,1541,1584,1409,2013,141,1496,1810,842,227,1331,1221,663,1455,1338,1241
1266: 509
1267: 81,1823,2007,463,1988,1945,495,669,785,129,965,1013,1837,134,1202,1052,1341
1268: 603
1912: 
1270: 1172,1563,303,1033,1032,947,1233,1884,2005,949,239,1243,286,370,1020
1868: 1600
1272: 
1273: 
1274: 1780,2019,1249,698,1083,251,1507,1634,418,1968,1595,1128,1479,1099,1342,1798,1943,1977,294,1756,962,1484,1034,1961,1520
1275: 1091,1167,1043,1521,850,49,1598,1923,333,800,1029,2008,1061,1736,249,1896,208,655,1257
1276: 933,593,261,2001,924,468,1434,942,323,1772,1866,45,1005,304,939,1769,1787,1056,853,1062
1277: 
1278: 1964,2004,662,882,1972,1858,361,112,22,62,1997,263
1279: 
1280: 1560,1210,1181,692,863,47,1710,1690,1740,1860,1263,2017,1429,1319,1589,1774,123,1177,1079,83,1588,1487
1281: 
1282: 
1283: 
1284: 1080,136,981,74,1853,475,2011,1795,1838,1433,1469,874,611,1103,1435,893,1978,914,270,274,1523,313,1708,184,1347
1285: 1864,1450
1961: 940,2019,1249,1083,251,1968,786,1595,1540,1099,1342,1568,1274,855,435,1977,294,1756,962,1484,1354,1419,41,1781,1520
1287: 518,735
1288: 1049,169,1528,331,178,317,1371,343,727,1534,1614,2009,1483,1205,756,145,503,403,779,1166,1892
1289: 1660
1290: 
1291: 82,143
1292: 725
1293: 
1294: 
1295: 1713,1381,206,1953,1714,1330,2016,597,701,1724,18
1296: 
1297: 1974,1562,2015,13,820,1199,416,1452,34,532,1360,201,267,70,797,971,1606,1926,1158,862,1957,568,1502,904,122,1622,244,902,1944,1883,938,469,660,656,1138
1298: 
1299: 
1300: 2014,1879,803,1258,1938,247,1611,1118,131,1901,650,225,1127,1215,1825,1587
1301: 
1872: 571,1654
1303: 633,1697,494,573,358,2006,1035,1529,653,1811,1152,1494,176,362,1000
1954: 1631,700,1437
1767: 
1306: 1718,1673
1588: 1560,1280,1210,1181,692,863,47,1710,1690,1740,1263,1394,2017,1429,1319,1589,1774,123,1177,1079,83,1487
1308: 1139,273,1921,796,2002,1472,1791,1706,535,1240,278,378,1816,296,1339,1046,387,374,1719,499
1309: 298,1004,1933,319,1855,2010,1214,1399,473,599,1738,1760,816
1546: 858
1311: 
1932: 1986,461,1117
1562: 2015,13,416,1452,34,201,70,1158,1957,1502,902,1297,1883,660,656,1138
1981: 643,1161
1315: 1172,1407,1563,1032,947,1884,1676,2005,949,1940,286,370
1316: 
1317: 1132
1318: 81,2007,495,990,222,365,785,1408,1784,1837,1762,408,1377
1319: 1560,1280,1210,1181,692,863,47,1690,1740,1860,1263,2017,1429,856,156,1589,1177,83,1588
2014: 1300,1879,803,1258,1938,247,1611,555,1118,131,1901,650,225,1475,1127,1215,1825,448,1587
1321: 1325
1322: 682,1746,2018,831,1983,493,804,618,814,1840,1027,1750,1558,1545,541,901,1822,1577,203,1150,1159,625,844,506,699,1737,183,1189
1918: 
1545: 682,2018,831,1983,1184,493,618,1840,1356,1027,1322,1558,541,901,1822,1577,203,1150,1159,625,844,405,506,183
1325: 1321
1326: 1252
1327: 367,591
1328: 
1329: 1130
1330: 1713,1381,206,1953,2016,1924,597,236,1295,701,1724
1331: 26,783,86,1561,1570,777,1745,1265,1073,58,1541,1584,1828,1409,567,2013,1496,1224,12,1019,1810,842,1863,227,1221,663,514,1857,1455,1338,1241,1764
1332: 994,1471,1424,1599,417,1859,192,1256,821,1783,2012,1895,1482,1564
1798: 1780,1088,2019,1249,698,1083,1507,1634,418,1968,1595,1128,1479,1540,1099,1342,1568,1274,1943,1977,1756,962,958,477,1034,1045
1818: 413
1335: 596,24
1336: 932,1353,59
1337: 
1338: 26,783,86,1561,1570,777,1745,1265,1073,58,7,1541,1584,1409,567,2013,1224,12,1019,1810,1863,1331,663,514,1857,1764,808
1339: 1139,273,1921,796,2002,1472,1791,1706,535,1240,278,172,1308,1816,296,1046,1014,146,387,374,1719,666,499,562,87
1340: 1370,1734
1341: 1684,1202,1052,54,687,408,1377,81,2007,463,669,365,129,965,1013,1267,1762,134
1342: 940,1780,2019,1249,698,1083,251,1507,1634,1968,1595,1128,1479,1540,1099,1798,1568,1274,855,435,1977,294,1756,962,1484,1034,1354,1961,41,1520
1343: 
1344: 763,1942,207
1982: 231,977,1142
1346: 
1347: 136,74,1853,2011,1838,1433,874,1103,1435,1978,270,274,313,1708,1284,184
1348: 686,500
1825: 448,1587,1300,2014,1879,803,1258,1938,247,1611,555,131,1901,650,225,1475,1127,1215
1350: 633,1697,494,573,732,358,1237,1095,2006,935,1035,836,1529,264,377,1555,934,1152,1494,176
1351: 1687,387,2002,535,1659,278,378,296,1046
1352: 
1353: 932,59,1336
1354: 940,2019,1249,1083,251,1968,786,1595,1342,1568,855,1961,1419,41,1781,1520
1355: 1575,1440,1804,558,1653,120,2003,220,181,1183,262,807,200,1969,578,253,1552,1023,1260,1591,1141,426,928,638
1356: 682,2018,1983,493,618,1840,1545,1577,203,1150,1159,625,844,405,506
1554: 1116,1650,1190,2010,1024,1670,1250,1120,1214,811,590,170,599,1738,1123,144,780,221,1446,559,963,430
1358: 
1359: 
1360: 1974,98,2015,820,1199,1452,532,267,797,971,1606,1926,1965,568,122,1622,244,1297,1944,718,938
1537: 
1362: 940,670,1088,2019,179,698,1634,418,1038,1498,1595,1578,1479,1540,1903,1099,435,1943,1977,962,180,958,477,1034,1045
1707: 1905,978
1835: 954,922
1731: 
1366: 
1367: 903,870,629,2000,1800,1499,916,132,1712,77,1244,339,1432,196,635,307
1368: 
1369: 
1370: 1340,1734
1371: 1049,169,1528,1288,331,178,317,727,1534,1614,2009,756,145,503,779,1166,1892
1372: 1658,678,1937
1373: 
1996: 516
1743: 
1376: 
1377: 1684,1202,54,1341,408,81,2007,1318,990,365,1408,129,1784,965,1762
1732: 1758
1379: 
1724: 701,1381,1330,2016,597,1295,18
1381: 1713,206,1953,1714,1330,2016,1924,597,236,479,1295,701,1724,18,1228,1725
1382: 140
1383: 1964,2004,662,1972,1858,361,112,22,1077,1677,690,833,798,747,946
1384: 
1385: 927
1386: 
1705: 1497
1388: 
1389: 
1971: 427,30,727,1534,1614,2009,462,1483,1205,756,145,403,779,1166,1892,169,1528,178,343
1734: 1370,1340
1392: 61
1799: 1497
1394: 1560,163,1210,1181,692,47,1710,1740,1263,2017,856,1774,1752,123,1177,1079,83,1588,1487
1540: 940,1780,670,1088,2019,1249,698,1083,251,1507,1634,418,1038,1968,786,1595,1578,1479,1099,1342,1798,1568,855,435,1362,1943,1977,1535,294,962,958,477,1484,1034,1961
1550: 1662,549
1722: 546,1231,157
1640: 1976
1399: 1116,1650,985,2010,1024,233,1214,811,473,527,170,599,1738,1760,144,221,1446,430,816,298,1309,1933
1791: 1139,273,1921,796,2002,1472,1706,535,278,1308,1339,1046,1719,499
1401: 
1611: 1938,247,555,1118,131,1901,1300,2014,1879,1127,1825,448,1587
1403: 
1404: 
1632: 917
1860: 1560,1280,1210,1181,692,863,47,1690,2017,856,1319,156,1589,945
1407: 1172,1563,303,1033,1032,947,1884,1676,2005,949,1315,1940,286
1408: 81,1823,2007,463,1945,1318,495,990,669,222,365,785,129,1784,965,1013,1837,1762,1202,408,1377
1409: 783,86,1610,1561,314,777,1265,1073,7,1541,1828,2013,1496,12,1863,1331,1221,663,514,1338,193,1225,808
1410: 
1411: 
1412: 758,1869
1805: 1028
1414: 
1926: 1974,98,2015,820,416,1452,532,1360,267,70,526,797,971,1606,1464,1852,72,1965,862,1957,568,1502,904,122,1622,244,902,1297,851,1944,1883,718,938,660,656,1138,130,1121,769,719,121
1845: 406,1652,1044
1417: 760,1575,1440,1804,558,1653,2003,181,1183,200,1552,1591,928,638
1808: 
1419: 41,1781,1520,1354,1961
1420: 951,1915
1421: 1062,617,933,261,78,2001,924,713,468,1434,942,114,1772,1866,45,1005,887,939,1769,277,853,1160
1422: 
1992: 100,800,1216,266,1029,1060,2008,1061,249,1042,1896,208,655,879,1091,1167,1521,49
1424: 994,1471,1599,1859,821,1332,1763,2012,730,1895,351,1482,238,1533,414
1425: 1646,1213
1426: 
1427: 97,1500
1428: 485,289,897,1195,476
1429: 1560,163,1280,1210,1181,692,863,1740,1263,2017,1319,1589,123,1177,1079,83,1588,1487
1430: 439,366,1703,455,794,419,741,148
1431: 1796
1432: 903,870,629,2000,1367,132,77,1244,635,307
1433: 1080,136,74,1853,2011,1838,874,611,1103,1435,893,1978,914,270,274,1523,313,1708,1284,184,1347
1434: 933,593,261,78,2001,924,323,114,1772,45,1005,1276,887,920,939,1769,1787,277,1056,853,1160,1062,1421
1435: 136,1853,2011,1838,1433,611,1103,893,1978,270,274,1284,1347
1566: 
1437: 1954,1631,700
1819: 
1439: 976
1440: 1575,1804,558,1653,120,2003,1355,181,1183,262,807,200,578,1552,1023,1260,1591,1141,426,928,638,1417,760
1441: 
1600: 1868
1443: 
1444: 
1445: 
1446: 1123,144,780,221,936,559,963,430,1116,2010,1554,1399,170,599,1738,816
1574: 481,1508,288
1448: 1615
1449: 
1450: 1285
1451: 42,627,168,216
1452: 1974,1562,2015,13,820,1199,416,34,532,1360,201,267,70,526,797,971,1606,1852,1926,1158,862,1957,1502,904,122,1622,244,902,1297,851,1944,1883,718,938,660,656,1138,130
1453: 
1698: 880,390
1455: 783,86,1610,314,1570,1745,1265,1584,2013,141,1496,1810,842,227,1331,1221,663,1241
1917: 1864,867
1704: 
1458: 
1692: 1162,1638,943,1755
1460: 
2005: 1172,1407,1563,303,1033,1032,947,1233,1884,1676,949,239,1315,1270,1940,1243,286,370,1020,1191
1614: 427,30,727,1534,2009,462,1483,1205,756,145,503,403,779,1971,1166,1892,1049,169,1528,1288,331,178,317,1371
1463: 330,69
1464: 98,2015,532,267,1852,1926,1965,851,718,1121,769,1246,719,121
1465: 
1726: 
1754: 
1468: 55,886
1469: 1080,981,475,2011,1795,1838,611,528,1103,893,914,1523,1284
1470: 
1471: 994,1424,417,1859,192,1256,821,1332,1763,1783,2012,1895,1482,238,1533,414,1564
1472: 1139,273,1921,796,2002,1791,1706,535,1659,1240,278,378,172,1308,1816,296,1339,1046,1014,146,1687,387,374,1719,666,499,562,87
1473: 
1745: 26,783,86,1610,1561,314,1570,777,1265,1073,58,1541,1584,1828,567,2013,141,1496,1224,12,1810,842,227,1331,1221,663,1857,1455,1338,582,1241,1764
1475: 650,225,1127,1215,2014,1879,803,1825,448,1587
1476: 1116,1650,985,2010,1024,1250,1120,1848,1214,948,811,590,1641,170
1477: 
1478: 228
1479: 1780,1088,2019,1249,698,1083,1634,418,1038,1968,1595,1128,1540,1099,1342,1798,1274,855,435,1362,1943,1977,294,1756,962,180,958,1484,1034,1045,1520
1947: 
1481: 
1482: 994,1471,1424,1599,417,1859,192,1256,821,1332,1763,1783,2012,730,1895,1948,238,1533,414,1564,293
1483: 427,30,727,1534,1614,2009,462,1205,756,145,503,403,779,1971,1166,1892,169,1288,178,317,343
1484: 940,1780,1088,2019,1249,698,1083,251,1634,1968,1595,1128,1479,1540,1099,1342,1274,855,435,1977,294,1756,962,180,1034,1961,41,1520
1915: 951,1420
1858: 1278,1964,2004,662,882,1972,1383,361,112,22,833,798,747,946,1775,62,1997,263
1487: 1280,1210,1181,863,47,1710,1740,1263,1394,2017,1429,1589,123,1177,1079,83,1588
1488: 
1489: 
1490: 
1491: 
1492: 688,739
1493: 
1494: 176,478,362,1000,633,1697,573,1095,2006,335,487,935,561,1035,1529,1350,1555,1303,1152
1616: 15
1496: 26,783,86,1610,1561,314,1570,777,1745,1265,1541,1828,1409,567,2013,141,1331,1221,663,1455,582,1241,193,1225
1497: 1799,1705
1498: 1088,2019,179,698,1634,418,1038,1578,1903,1362,1943,180,958,1034,1045
1499: 903,629,2000,1800,1367,916,132,1712,77,1244,818,339,196,635,307,394,237,1204
1500: 97,1427
1501: 
1502: 1974,1562,2015,13,820,416,1452,34,201,70,526,1926,1158,72,1957,904,122,1622,244,902,1297,1883,660,656,1138,130
1503: 610
1504: 171
1505: 761,352
1839: 1188
1507: 940,1780,670,1088,2019,1249,1083,251,1634,418,1968,1595,1578,1540,1099,1342,1798,1568,1274,1943,1977,1535,962,958,477,1034
1508: 481,1574,288
1509: 1930
1510: 
1888: 
1512: 
1969: 1804,120,2003,1355,220,262,807,200,578,253,1552,1023,1260,1591,1141
1514: 
1515: 826,1147
1516: 
1517: 892,1644,224
1518: 633,1697,494,573,732,1095,2006,335,935,561,594,836,1824,1529,653,377,1555
1783: 994,1471,417,1859,192,1256,821,1332,2012,1895,1482,414
1520: 1419,41,1781,2019,1249,1083,251,1968,1595,1128,1479,1099,1342,1274,855,1977,294,1756,1484,1354,1961
1521: 1091,1167,1275,850,49,1598,333,800,1029,1992,2008,1061,249,208,655,1257
2008: 100,800,1216,266,1029,1060,1992,1061,1736,249,1042,1896,208,655,1257,879,1091,1167,1043,1521,1275,850,49,1598,1923,333
1523: 1080,136,981,74,1853,2011,1795,1838,1433,1469,874,611,1103,914,313,1708,1284,184
1524: 306
1525: 1176
1526: 1856
1527: 
1528: 1049,169,1288,331,178,317,1371,343,30,1534,1614,2009,756,145,503,779,1971,1166,1892
1529: 633,1697,494,573,732,358,1237,1095,2006,335,487,935,1518,561,1035,836,653,264,1350,377,1555,1303,1811,934,1152,1494,176,362,1000
1530: 
1531: 438
1532: 
1533: 994,1471,1424,1599,1859,1256,821,1763,2012,730,1895,1482,238,414,1564,293
1534: 427,30,727,1614,2009,462,1483,1205,756,145,503,403,779,1971,1166,1892,1049,169,1528,1288,331,178,317,1371,343
1535: 940,1780,670,1088,2019,251,1507,1968,786,1595,1578,1540,1568,855,435,962,958,477