0: 1646,720
1: 
2: 787,1631,1162,723,1515
1842: 1379,1605,393
1687: 1876,352
5: 
6: 1663
7: 514,808,1225,193,1570,567,1224,58,1541,1338,86,2013,842,1496,12,1265,582
8: 
9: 78,920,1434,45,2001,1185,617,939,1160
10: 
1781: 1249,2019,1977,435,1045,294,1038,1479,1568,251,958,1088,1484,1128,477,1968,1903,1595,1961
12: 514,1455,808,1225,193,1570,567,1224,58,1541,1810,7,1338,2013,842,1265,1764,582,26,1019,1610,1857,1745,1331,1863,1073,227,141,777
13: 1965,1883,797,1138,1360,34,1957,1852,130,2015,1246,769,1121,971,532,904,718,1622,938,121,1452,1974,862
14: 
15: 1872
16: 
17: 32,232,1348,1826,1130
18: 701,1713,1724,1714,597,1725,1330,1953,1924,2016,1228,1295,479,1381,206
19: 
1718: 
21: 
22: 946,1677,2004,361,1579,882,62,1972,1124,1964,1997,1383,1077,798,833,662
23: 
24: 
25: 1268,1642
26: 514,1455,193,1570,58,1810,1338,2013,842,12,1265,1764,1019,1610,1857,1745,1331,1828,1073,663,227,141,777
27: 
28: 509,1180
1694: 664,789,967,1755
30: 1528,178,1166,462,779,2009,1288,756,331,1049,145,1371,343,1534,317,727,403,225,1614
1703: 1051,1222,684,1645
32: 232,1348,1826,17
33: 
34: 469,1965,797,416,1957,1852,130,13,2015,1121,971,532,904,938,121,1974,862
1852: 469,201,1965,1883,797,416,1360,34,1957,122,1401,130,72,13,2015,1246,1121,971,1606,532,1562,1622,938,121,1452,1974,862
36: 148,1392
37: 884,413
38: 432,1195
39: 1785,383,843,546
40: 
41: 1099,180,698,1520,1578,1362,1756,962,2019,435,1798,294,1479,958,1484,1128,1968,1943,1903,1595,855,670,1961
42: 1850,1576,96,957
43: 
1934: 
45: 78,920,1434,9,2001,942,390,1787,1799,924,1185,713,617,261,1005,1769,939,1160,1276,1056,1705
46: 
47: 1487,163,123,949,863,1177,1710,2017,1774,1319,1752,856,1588,1589,83,692,1429,1740,1280,1181
48: 
49: 1521,655,1216,1061,2008,208,1091,1257,1275,1598,1992,100
50: 
51: 1477,1353
52: 
53: 
54: 1013,1341,495,1202,1684,669,2007,408,1837,990,1318,222,1784,81,1945,1267,1052,1988,134,785,1186,1408,365,1823,1377
55: 1472,374
56: 
57: 
58: 514,1455,808,1225,193,1570,567,1224,1541,1810,7,1338,2013,842,12,1265,1764,582,26,1019,1610,1857,1409,1221,1745,1331,1863,1828,1073,663,227,141,314,777
59: 95,1830,1593,911,149,793
60: 
61: 711,1657,641,1462
62: 946,2004,22,361,882,1972,1964,1383,662
63: 913,1111
1794: 306
65: 
66: 
1864: 
68: 1268,188,1642,154,1743
69: 
70: 
71: 
72: 469,201,797,416,1360,122,1852,1401,2015,1606,532,1562,862,98
1735: 1531
74: 611,2011,1469,1523,1080,1853,184,1433,914
75: 
76: 
77: 1204,229,339,409,916,1800,217,2000,870,458,635,1432,1993,574,1015,302,394,1602
78: 920,1434,45,9,2001,390,1787,924,1185,713,617,1005,939,1160,1056
1744: 523,268
1746: 
81: 1013,1341,495,1202,1684,669,2007,1837,990,1318,1945,1052,54,1988,134,785,687,1186,1408,365
82: 
83: 1860,863,1177,1710,1394,2017,1774,1319,1560,1263,1752,856,1588,1690,1589,692,1079,1429,1210,1740,156,1280,1181,47,163,123,945
84: 593,1503,624,853,1335
85: 108
86: 808,1570,1541,7,1338,2013,842,1496,582,314
87: 1046,2002,1791,1865,1240,129,172,296,273,1351,1659,499,562,387,535,1308,666
88: 
89: 892,604
90: 1973,395,496,364
1966: 1272,310
92: 1040
93: 
1737: 183,844,203,1514,1027,1159,901,493,699,506,618,2018,1983,541,1840,1356,1150,625
95: 431,1830,1593,59,911,149,793
96: 42,1850,1576,957
97: 1952,174,1498,1274,1396,1354,549,1780
98: 469,201,797,416,72,2015,1606,532,1562,862
1750: 
100: 1521,655,249,1216,1061,879,1923,1029,2008,1042,1257,1275,1736,1598,333,1167,1992,49
1978: 
2006: 1529,478,1697,1095,176,487,264,573,1237,1824,653,362,732,1152,935,561,836,1000,358,1518,934,494,594,1350,377,1303,1555
103: 1951
1925: 1336,1410
1662: 
106: 
107: 
108: 85
109: 1204,629,1168,916,132,217,2000,870,458,635,1015,818,394,1819,1712,1499
1833: 1316,1292
111: 
112: 263,798,833,2004,1858,1124,1964,1997,1077
113: 1688
114: 304,1497
115: 171,1542,167
116: 
117: 
118: 1508,556,771,516,1096,1384,1950,1729,675
1725: 701,1713,1724,597,1330,1953,1924,2016,1228,18,1295,479,206
120: 1575,928,1260,200,2003,1179,876,760,1969,1633,253,578,220,1417,807,1653,1141,491,1023,1355,638,426
121: 469,201,1965,1883,797,1138,1360,34,1957,122,1852,1401,13,2015,1246,1121,971,1606,532,1562,1622,938,1452,1974,862
122: 469,201,1965,1883,797,1360,1957,1852,1401,72,2015,1246,1606,532,1562,1622,938,121,1452,1974
123: 1487,47,163,949,1177,2017,1774,1319,1752,856,1588,1589,83,692,1181
1673: 
125: 
126: 
1775: 
128: 1388,258
129: 1046,1816,1921,378,1339,2002,1791,87,1865,146,1240,172,296,1719,273,1351,1659,499,562,387,535,1308,666
130: 469,1965,797,416,34,1957,1852,1401,13,2015,769,1121,971,532,904,1562,718,938,1974,862,267
131: 1300,1611,1587,1118,1215,2014,1475,1938,1879,1901
132: 1204,237,339,629,1168,916,217,2000,458,903,635,574,1015,818,394,109,1819,1712,685
133: 524
134: 1341,669,2007,408,1837,1318,222,81,1267,54,1186,1408,365,463,1823,1377
135: 814
136: 611,1795,2011,1469,1523,1284,528,1708,1080,874,1853,313,184,1433,914,981,270,1838,475,1435,1103
137: 
138: 205,1516
139: 
140: 
141: 1610,1857,1409,1221,1745,1331,1863,1073,663,227,314,514,808,1570,58,1541,1810,1338,2013,842,12,26,1019
1963: 1439
143: 979
144: 1494,1848,1309,1650,2010,170,559,1738,319
145: 1528,178,462,779,2009,756,331,1049,30,1371,1971,343,1534,317,727
146: 1046,1816,1921,378,1339,2002,1865,129,172,296,1719,273,1351,1659,499,387,535,666
1916: 
148: 36,1392
149: 911,793,431,95,1830,1593,59
150: 1910
151: 
152: 754
1892: 1528,178,1166,503,462,2009,1288,756,331,1049,1371,1971,343,1534,727,403
154: 1743,355,188,1642,68
155: 
156: 1860,863,1710,1394,2017,1774,1319,1560,1263,1752,856,1588,1690,83,692,1079,1429,1740,1280,945
157: 
158: 1201
159: 
1957: 469,201,1965,1883,797,1138,416,1360,34,122,1852,1401,130,13,2015,769,1121,971,532,904,1562,718,1622,938,121,1452,1974,862,267
161: 
162: 700,1006
163: 1487,47,123,949,1710,2017,1319,1752,856,1588,83,1429,1740,1280,1181
1810: 514,1455,808,1225,193,1570,567,1224,58,1338,2013,842,12,1265,1764,582,26,1019,1610,1857,1745,1331,1863,1828,1073,227,141,777
165: 
166: 1851,444,292
167: 115,171,1542
168: 
169: 
170: 559,430,1738,319,1476,1116,1024,936,144,1494,590,1848,1309,221,1650,1641,233,1399,2010,1004,985,1190,1214
171: 115,1542,167
172: 1046,1816,1921,378,1339,2002,1791,87,1865,146,1240,129,296,273,1351,1659,499,387,535,1308,666
173: 
174: 1952,1498,97,1274,1396,1354,418,549,1780
175: 
176: 1529,478,2006,1697,1095,487,264,573,1824,653,732,1152,935,561,836,1000,358,1518,934,594,1350,377,1303,1555
177: 305
178: 1166,503,462,2009,1288,756,331,1049,145,30,1371,1971,343,1892,1534,727,225,1614
179: 1634,962,786,2019,1045,1798,1419,1568,1083,1484,1128,1943,855,1540,1578,1362,1756
180: 1099,41,698,1578,1362,2019,435,1045,1798,294,1479,1568,958,1484,1128,1968,1903,1595,670
181: 1575,928,1260,200,2003,1179,558,760,1969,253,578,1804,1440,220,1552,1417
182: 288,1125
183: 1737,844,203,1514,1027,1159,901,493,699,506,804,618,831,2018,1840,1356,1150
184: 611,1795,2011,1469,1523,1284,528,1708,1080,74,874,1853,313,1433,914,981,136,270,1838
185: 
186: 
1975: 
188: 1642,68,154,1743
2001: 78,920,1434,45,9,942,390,1787,1799,924,1185,713,617,261,1005,1769,939,1160,1276,1056,1705
190: 1742,1293,1443,526
191: 
192: 1533,1895,293,2012,1424,1956,1763,1332,1859,1471,238,414,1564,821
193: 514,1455,808,1225,1570,567,1224,58,1541,1810,7,2013,842,12,1265,1764,582,26,1019,1610,1857,1221,1331,1863,1073,663,777
194: 1468,519
195: 
196: 
1688: 113
1995: 
199: 
200: 1575,928,1260,2003,1179,558,876,760,1969,1633,253,578,1804,1440,220,120,181,1023,426
201: 469,1965,1883,797,416,1360,1957,122,1852,1401,72,2015,1246,1606,532,1562,1622,121,1452,1974,862,98
202: 
203: 183,1737,844,1514,1027,1159,901,699,506,804,618,831,1322,2018,682,1983,541,1840,1356,1150,625
204: 
205: 138,1516
206: 701,1713,1724,1725,1330,1953,2016,1228,18,1295,479
207: 1047
208: 1521,929,655,1216,1061,1029,2008,1091,1257,1275,1598,333,1167,1992,850,49
209: 584,1510
1826: 32,232,1361,1348,1130,17
211: 1161,1135
1753: 
213: 
1803: 1698
1854: 
216: 
217: 1204,237,307,229,339,629,409,1168,916,132,2000,870,458,903,635,77,1432,574,1015,818,394,109,1819,1712,1499,685
218: 344
1675: 1157,1352,995,751,1911
220: 1575,928,1260,200,2003,1179,558,876,1969,1633,253,578,1440,120,1552,181,1417,807,1653,1141,1355,638,426
221: 1494,1123,590,1848,1309,1650,948,527,936,1554,2010,1004,985,1214,298,170,559,430,1738,319
222: 1341,495,1202,669,2007,408,1837,990,1318,1945,1267,1052,54,1988,134,785,687,1186,1408,463,1823,1377
223: 
224: 
225: 403,1614,1528,178,1166,462,2009,1288,756,331,1049,30,343,317,727
226: 941,764
227: 1610,1857,1409,1745,1331,1828,1073,663,141,314,1570,58,1810,2013,842,12,26,1019
228: 899,566
229: 1204,237,307,339,629,409,1168,916,1770,1728,1800,217,2000,1244,870,458,635,77,1432,1993,574,1015,302,394
230: 789
231: 
232: 32,1361,1348,1826,1130,17
233: 1760,1641,816,1399,780,2010,1004,985,1120,1190,1214,170,559,430,1476,1116,1024
234: 
1906: 306
236: 491,1355,426,1575,1591,2003,1417,807
237: 307,229,339,629,409,1168,916,1770,132,217,2000,1244,870,458,903,635,1993,574,1015,818,394,1819,685
238: 1533,1895,1256,351,293,2012,1424,192,1956,1763,1332,1859,1482,414,730,1564,821
239: 1020,1172,1884,1233,1563,2005,303,1032,1033,370,1940,1315
240: 1147
1766: 1546,257
242: 1297
1865: 1046,1921,1339,2002,87,146,129,172,273,1351,1659,499,535,666
244: 
245: 612,616
246: 1203,470
247: 1300,1611,1587,1118,1215,2014,1475,1938,650,555,448,1825,1879
248: 
249: 1216,1061,1060,879,1923,2008,1042,1257,1275,1736,1896,333,1167,100,1043
250: 
251: 786,1249,2019,1977,435,1045,1798,294,1781,1342,1419,1038,1479,1568,958,1083,1088,1484,1128,477,1968,940,1943,1903,1595,855,1540,670,1961,1578,1362,1756
252: 
253: 1575,1591,928,1260,200,2003,1179,558,876,760,1969,1633,1440,220,120,1552,181,1417,807,1653,491,1023,1355,426
254: 
255: 
256: 1075,301
257: 1546,1766
258: 1388,128
259: 
1862: 
261: 45,2001,942,390,1799,924,1185,713,1005,1769,1160,1276,1056,1705
262: 
263: 112,798,833,662,946,1677,2004,1858,361,1579,1124,1964,1997,1383,1077
264: 478,2006,1095,176,573,1824,653,362,732,1152,935,594,1350,1555
1884: 1191,1020,1243,1172,286,1233,1563,2005,303,947,1032,1676,1033,1407,370,239,1940,1315
266: 696
267: 1965,797,416,1957,1401,130,1926,2015,769,1121,971,904,718,1974
268: 1744
269: 
270: 611,1795,2011,1469,1523,1284,528,1708,1080,874,1853,184,1433,914,981,136,1838,1435
1774: 1860,863,1177,1710,1394,2017,1319,1560,1263,1752,856,1588,1690,1589,83,692,1079,1429,1210,1740,156,1280,1181,47,123
272: 
273: 1046,1816,378,1339,2002,1791,87,1865,146,1240,129,172,296,1719,1351,1659,499,562,387,535,666
274: 
275: 
276: 
277: 
278: 
279: 438,1372
1804: 928,1260,200,2003,558,876,1969,1633,578,1440,181
281: 1231
282: 
1866: 
284: 452,1660,1427
1882: 1217
286: 1191,1020,1243,1172,1884,1233,2005,303,947,1032,1407,370,1940
287: 
288: 182,1125
289: 
290: 
1736: 1521,929,655,249,1216,1061,1060,879,1923,1029,2008,1091,1042,1257,1275,1896,333,1167,1992,100
292: 166,1851,444
293: 1533,1895,2012,1424,192,1599,1956,1763,1332,1859,1471,238,414,1564,821
294: 1249,2019,435,1781,1038,1479,251,958,1088,1484,477,1968,1903,1595,855,670,1961,1099,180,41,698
295: 1492
296: 1046,1816,378,2002,1791,87,146,1240,129,172,1719,273,1351,1659,499,562,387,535,1308,666
297: 1808
298: 1446,1760,1641,811,816,1399,1670,599,2010,1004,985,1120,1190,1214,473,948,1250,527,936,1554,1933,963,590,1309,221,559,430,1476
299: 
300: 
301: 256,790,1075
302: 1204,229,339,1800,2000,870,458,635,77,1432,394,1602,1499
303: 1191,1020,1243,1172,1884,286,1233,1563,2005,947,1032,1676,1033,1407,370,239,1940,1315
304: 114,1497
305: 177
306: 1794,1906
307: 1204,237,229,339,629,409,1168,916,1770,1728,1800,217,2000,1244,870,458,635,1432,1993,574,1015,394
1938: 1300,1611,1587,1118,1215,2014,1475,650,555,448,131,1879,247,1901
1869: 
310: 1272,1966
311: 
312: 984,776,1112
313: 611,1795,2011,1469,1708,874,184,1433,914,981,136,1838,475,1435,1103
314: 1610,1857,1409,1221,1863,1073,227,141,808,1570,58,1541,1338,86,2013,842,1496,582
1714: 1713,1724,597,1330,1924,2016,1228,18,479,1381
1993: 237,307,229,339,409,916,1728,1800,2000,1244,870,458,635,77,1432,574
317: 1528,1166,462,779,2009,756,331,1049,145,30,343,1534,727,403,225,1614
318: 
319: 170,559,430,1738,1476,1116,1024,936,144,1494,1123,1848,1309,221,1650,2010,1004,1214
320: 
321: 983,1761,455,1292
322: 
323: 
1902: 492,964
1733: 1652
326: 
1953: 701,1713,1724,1725,1330,2016,1228,18,1295,479,206
1851: 166,444,292
329: 382
330: 
331: 178,1166,503,462,2009,1288,756,145,30,1371,1971,343,1892,317,727,403,225,1614
332: 1022
333: 1521,929,655,249,1216,1061,1060,879,1923,1029,2008,208,1091,1042,1257,1275,1736,1896,1167,1992,100,1043,850
334: 1734
335: 
1708: 611,1795,2011,1469,1523,1284,528,1080,874,1853,313,184,1433,914,981,136,270,1838,475,1435,1103
337: 
338: 1917,1285
339: 1204,237,307,229,629,409,1168,916,1770,1728,1800,132,217,2000,1244,870,458,903,635,77,1432,1993,574,1015,818,302,394,1819,1602
340: 
341: 984,776,1112
1976: 
343: 1528,178,1166,503,462,779,2009,1288,756,331,1049,145,30,1371,1971,1892,1534,317,727,403,225,1614
344: 218
1719: 1046,1816,378,2002,1791,146,129,296,273,562,387,535,1308
1933: 473,948,1250,527,936,1554,963,1446,1760,811,816,1670,2010,1214,298
347: 1359
1911: 1675,1157,1352,995,751
349: 1716,1905,1664
350: 
351: 1533,1895,1256,2012,1424,1956,1763,1332,1859,1948,1482,238,730
352: 1876,1679,1687
1970: 
354: 
355: 154,1743
356: 
357: 
358: 1529,2006,1697,1095,176,487,1237,362,732,935,561,836,1000,1518,494,594,377,1303,1555
1796: 
360: 1403,1026
361: 946,1677,2004,22,1579,882,62,1972,1964,1997,1383,263,833,662
362: 1529,478,2006,1095,487,264,573,1237,732,935,561,358,1518,494,594,1303
363: 1151
364: 90,1973,395,496
365: 1341,1684,669,2007,1837,990,1318,1784,81,1945,1267,1052,54,1988,134,785,1186,1408,1377
366: 668,1470
367: 
1676: 1243,1172,1884,2005,303,1033,1407,1315
369: 
370: 1191,1020,1243,1172,1884,286,1233,1563,2005,303,947,1032,1033,239,1940,1315
1838: 611,1795,2011,1469,1523,1284,528,1708,1080,874,313,184,1433,981,136,270,475,1435,1103
372: 
1893: 905,902
374: 1255,1472,55
1913: 1831,1927
376: 
377: 1529,478,2006,1697,1095,176,487,1824,732,1152,935,561,836,1000,358,1518,934,494,594,1350,1303,1555
378: 1046,1816,1339,2002,1791,146,129,172,296,1719,273,1351,1659,562,387,535,666
379: 
1901: 1300,1587,1118,2014,1475,1938,131
381: 
382: 329
383: 1785,843,39,546
384: 
1974: 469,201,1965,1883,797,1138,416,1360,34,1957,122,1852,1401,130,13,1926,2015,1246,769,1121,971,532,904,1562,718,1622,938,121,1452,862,267
1715: 
387: 1046,1816,1921,378,1339,2002,1791,87,146,1240,129,172,296,1719,273,1351,1659,499,562,535,1308,666
1713: 701,1724,1714,597,1725,1330,1953,1924,2016,1228,18,1295,479,1381,206
389: 1211,642
390: 78,920,1434,45,2001,1787,1799,924,1185,713,261,1005,1769,939,1160,1276,1056,1705
391: 1548
392: 
393: 1842,1379,1605
394: 1204,237,307,229,339,629,1168,916,132,217,2000,870,458,903,635,77,1432,574,1015,818,302,109,1819,1602,1712,1499
395: 90,1973,496,364
396: 1289
1782: 
1730: 
399: 
400: 
401: 
402: 626
403: 225,1614,1528,1166,462,2009,1288,756,331,1049,30,343,1892,317,727
404: 
405: 
406: 
1958: 
408: 1341,495,669,2007,990,1318,222,1784,1945,1267,54,1988,134,1186,1823,1377
409: 237,307,229,339,916,1770,1728,1800,217,2000,1244,870,458,903,635,77,1432,1993,574,1015
410: 747,690
411: 1445,1537
412: 1478,634,456
413: 37,884
414: 1533,293,2012,192,1332,238,1564,821
415: 
416: 469,201,1965,1883,797,1360,34,1957,1852,1401,130,72,2015,769,1121,971,1606,532,904,1562,938,1974,862,267,98
417: 
418: 1535,1354,549,1952,174
419: 
420: 
1930: 1344,1621
1894: 596,1187
423: 
1937: 1266,1366
425: 
426: 1141,491,1023,1355,638,236,1575,1591,928,1260,200,2003,1179,876,760,1633,253,578,220,120,1417,807,1653
427: 
428: 
1956: 1533,1895,1256,351,293,2012,1424,192,1599,1763,1332,1859,1471,1948,1482,238
430: 170,559,1738,319,1476,1116,1024,473,948,936,1554,963,1494,590,1848,1309,221,1650,1760,233,811,816,1399,780,2010,1004,985,1190,1214,298
431: 95,1830,1593,911,149
432: 1195,38
433: 
1939: 1772,1497
435: 786,1249,2019,1977,1045,1798,294,1781,1342,1038,1479,1568,251,958,1088,1484,1128,477,1968,940,1943,1903,1595,855,1540,670,1961,1099,180,41,1578,1362,1756
436: 1556,673
437: 
438: 279,1372
439: 
440: 
441: 
1716: 349,1905
443: 
444: 166,1851,292
445: 
446: 719
447: 
448: 1300,1611,1587,1118,1215,2014,1475,1938,650,555,1825,1879,247
449: 
450: 
451: 
452: 1660,1427,284
453: 
454: 
455: 321,983,1761
456: 1478,412,634
457: 
458: 1204,237,307,229,339,409,1168,916,1800,132,217,2000,870,903,635,77,1432,1993,574,1015,302,394,109,1819,1602,1712,1499
459: 
460: 
461: 
462: 1528,178,1166,779,2009,1288,756,331,1049,145,30,1371,1971,343,1892,1534,317,727,403,225,1614
463: 1341,495,1202,669,2007,1837,222,1267,134,785,687,1408
464: 735
465: 
466: 
1945: 1013,1341,495,1202,1684,669,2007,408,1837,990,1318,222,1784,81,1267,1052,54,1988,785,687,1186,1408,365
468: 
469: 201,1965,1883,797,416,1360,34,1957,122,1852,1401,130,72,2015,1246,1606,532,1562,938,121,1974,862,98
470: 1203,246
471: 
472: 1855
473: 948,1250,527,936,1554,1933,963,590,1848,1309,1650,1446,1760,1641,811,816,1399,1670,780,2010,1004,985,1120,1214,298,559,430,1116,1024
474: 
475: 1435,1103,611,1795,2011,1469,1708,874,313,1433,914,981,136,1838
476: 
477: 786,1249,2019,1977,435,1045,1798,294,1781,1342,1419,1038,1479,1568,251,958,1083,1088,1484,1128,1968,940,1943,1903,1595,855,1540,670,1961
478: 1529,2006,1095,176,487,264,573,1237,1824,653,362,732,1152,935,561,836,1518,934,494,594,1350,377,1303,1555
479: 701,1713,1724,1714,597,1725,1330,1953,1924,2016,1228,18,1295,1381,206
480: 
481: 
1668: 
1710: 1860,863,1177,1394,2017,1774,1319,1560,1263,1752,856,1588,1690,1589,83,692,1079,1429,1210,1740,156,1280,1181,1487,47,163
1980: 1637,1028,906,805
485: 
486: 950,1012
487: 1529,478,2006,1697,1095,176,573,1237,362,732,561,836,1000,358,1518,934,494,594,377,1303,1555
1879: 1300,1611,1587,1118,1215,2014,1475,1938,650,555,448,1825,131,247
1787: 78,920,1434,45,2001,942,390,924,1185,713,617,1005,1769,1160,1056
490: 
491: 1141,1023,1355,236,426,1575,1591,2003,760,253,120,1552,1417,807,1653
492: 964,1902
493: 183,1737,844,1514,1027,1159,901,618,2018,1840,1356,1150,625
494: 1529,478,2006,1095,487,1237,362,732,935,561,836,358,1518,594,377,1303
495: 1013,1341,1202,1684,669,2007,408,1837,990,222,1784,81,1945,1267,1052,54,1988,785,687,1186,1408,463
496: 90,395,364
497: 
1968: 1249,2019,435,1045,1798,294,1781,1038,1479,1568,251,958,1088,1484,1128,477,1903,1595,855,670,1961,1099,180,41,698,1578,1362
499: 1046,1921,1339,2002,1791,87,1865,146,1240,129,172,296,273,1351,1659,387,535,666
500: 
501: 
502: 
503: 178,1166,2009,1288,756,331,1049,1371,1971,343,1892,1534,727
504: 
2010: 1446,1760,1641,233,811,816,1399,1670,599,780,1004,985,1120,1190,1214,298,473,948,1250,527,936,1554,1933,963,144,1494,1123,590,1848,1309,221,1650,170,559,430,1738,319,1476,1116,1024
506: 699,804,618,183,1737,844,203,1027,1159,901,831,1189,1322,2018,682,1983,541,1840,1356,1150,625
1759: 
1770: 237,307,229,339,629,409,1168,916,1728,2000,1244,574,1015,818
509: 28,1180
510: 
511: 
1697: 2006,1095,176,487,732,1152,561,836,1000,358,934,594,1350,377,1303,1555
513: 
514: 1455,808,1225,193,1570,567,1224,58,1810,7,1338,2013,842,12,1265,1764,582,26,1019,1745,1073,141,777
515: 
516: 1508,556,771,118,1096,1384,1729,675,688
517: 645
518: 
519: 1468,194
520: 
1849: 1290
1977: 786,1249,2019,435,1045,1781,1342,1419,1038,1568,251,958,1083,1088,477,940,1595,855,1961
523: 1744
524: 133
525: 
526: 1742,1293,190,1443
527: 473,948,1250,936,1554,1933,963,1123,590,1848,1309,221,1650,816,2010,1004,1214,298
528: 611,1795,2011,1469,1523,1284,1708,1080,874,1853,184,1433,914,981,136,270,1838,1435,1103
529: 1525,1532
530: 1701
531: 
532: 469,201,1965,1883,797,416,1360,34,1957,122,1852,1401,130,72,13,2015,1246,769,1121,971,1606,1562,1622,938,121,1452,1974,862,98
533: 
534: 
535: 1046,1921,378,1339,2002,1791,87,1865,146,1240,129,172,296,1719,273,1351,1659,499,387,1308,666
1682: 1248
2003: 1575,1591,928,1260,200,1179,558,876,760,1969,1633,253,578,1804,1440,220,120,1552,181,1417,807,1653,1141,491,1023,1355,638,236,426
538: 
539: 
540: 
541: 831,1189,1577,1322,2018,682,1983,506,804,618,1737,844,203,1159,901,1840,1356,1150,625
1789: 
543: 
1663: 6
1768: 697
546: 1785,383,843,39
547: 
548: 
549: 1354,418,1952,174,1498,97,1274,1396,1780
1997: 946,1677,2004,22,1858,361,1579,882,1124,1964,1383,1077,112,263,798,833,662
551: 
552: 
553: 1411
554: 
555: 1300,1611,1587,1215,2014,1475,1938,448,1825,1879,247
556: 1508,771,516,118,1096,1384,1950,1729,675,688
557: 600,1126
558: 928,1260,200,2003,1179,876,760,1969,1633,253,578,1804,1440,220,181
559: 170,430,1738,319,1476,1116,1024,473,948,936,1554,963,144,1494,590,1848,1309,221,1650,1641,233,816,1399,780,2010,1004,985,1190,1214,298
560: 
561: 478,2006,1697,1095,176,487,1237,362,732,935,836,358,1518,494,594,1350,377,1303,1555
562: 1046,378,2002,1791,87,1240,129,296,1719,273,387,1308
1727: 
564: 
565: 
566: 899,228
567: 514,1455,808,1225,193,1224,58,1541,1810,7,1338,2013,842,12,1265,582
568: 
2013: 514,1455,808,1225,193,1570,567,1224,58,1541,1810,7,1338,86,842,1496,12,1265,1764,582,26,1019,1610,1857,1409,1221,1745,1331,1863,1828,1073,663,227,141,314,777
570: 
571: 
572: 1110
573: 1529,478,2006,1095,176,487,264,1824,653,362,732,1152,935,1518,934,594
574: 1204,237,307,229,339,629,409,1168,916,1770,1728,1800,132,217,2000,1244,870,458,903,635,77,1432,1993,1015,818,394
575: 
576: 
1690: 1860,863,1177,1710,1394,2017,1774,1319,1560,1263,1752,856,1589,83,692,1079,1429,1210,156,1181
578: 928,1260,200,2003,1179,558,876,1969,1633,1804,1440,220,120,181,1653,638,426
579: 
580: 1081
1830: 431,95,1593,59,911,149,793
582: 514,808,1225,193,1570,567,1224,58,1541,1810,7,1338,86,2013,842,1496,12,1265,1857,1221,1863,314
1910: 150
584: 1510,209
585: 
586: 
587: 
588: 1450
1829: 
590: 1494,1123,1848,1309,221,1650,473,948,527,936,1554,963,816,1399,2010,1004,985,1190,1214,298,170,559,430,1738,1476
591: 1758
592: 
593: 1503,624,84,853
594: 1529,478,2006,1697,1095,176,487,264,573,1237,1824,653,362,732,1152,935,561,836,1000,358,1518,934,494,1350,377,1303,1555
595: 
596: 1187,1894
597: 701,1713,1724,1714,1725,1330,1924,2016,18,479,1381
598: 
599: 1446,1760,811,816,1670,2010,985,1120,1190,298,1250,963
600: 557,1126
601: 
2012: 1533,1895,1256,351,293,1424,192,1599,1956,1763,1332,1859,1471,1948,1482,238,414,730,1564,821
603: 
604: 89
605: 
606: 
607: 
608: 
1929: 
610: 982
611: 1795,2011,1469,1523,528,1708,1080,74,874,1853,313,184,1433,914,981,136,270,1838,475,1435,1103
612: 245,616
613: 
614: 
615: 1999,1208
616: 612,245
617: 78,920,1434,45,9,2001,942,1787,924,1185,713,1005,939,1160,1056
618: 699,506,804,183,1737,844,203,1514,1027,1159,901,493,831,1189,1577,1322,2018,1983,541,1840,1356,1150,625
619: 
620: 875
621: 976,1226
622: 
1859: 1533,1895,351,293,2012,1424,192,1599,1956,1763,1332,1471,1948,238
624: 593,1503,84,853,1335
625: 1840,1356,1150,506,618,1737,844,203,1159,901,493,831,1189,1577,1322,2018,682,1983,541
626: 402
627: 1543,1176,1488
628: 
629: 237,307,229,339,1168,916,1770,132,217,2000,1244,870,903,635,574,1015,818,394,109,685
630: 1524
631: 791
632: 
633: 1404
634: 1478,412,1115,456
635: 1204,237,307,229,339,629,409,1168,916,1800,132,217,2000,870,458,903,77,1432,1993,574,1015,818,302,394,109,1819,1602,1712,1499
636: 1067
637: 1845,1805,1277
638: 1141,1023,1355,426,1575,928,1260,2003,876,760,1969,1633,578,220,120,1653
1855: 472
1844: 
641: 61,711,1657,1462
642: 389,1211
643: 1193
1712: 1819,1602,1499,1204,1168,132,217,2000,870,458,903,635,1015,394,109,685
645: 517
1742: 1293,190,1443,526
1828: 1610,1745,1331,1073,663,227,58,1810,2013,1764,26,1019,777
1943: 786,1249,2019,435,1045,1798,1342,1419,1568,251,958,1083,1088,1484,1128,477,940,1903,855,1540,670,1961,1634,179,962,41,1578,1362,1756
649: 
650: 1300,1611,1118,2014,1475,1938,448,1825,1879,247
651: 
1922: 
653: 1529,478,2006,1095,176,264,573,1824,732,1152,935,934,594,1350,1555
654: 
655: 1521,929,1216,1061,2008,208,1091,1257,1275,1736,1598,333,1992,100,850,49
656: 
657: 
1795: 611,2011,1469,1523,1284,528,1708,1080,874,1853,313,184,1433,914,136,270,1838,475,1435,1103
659: 
660: 796,1891
661: 1495
662: 263,833,946,2004,22,361,1579,882,62,1972,1964,1997,1383,1077
663: 1610,1857,1409,1221,1745,1331,1863,1828,1073,227,141,193,1570,58,2013,1764,26,1019
664: 1694,789,967,1755
1921: 1046,1816,1339,2002,1865,146,129,172,1351,1659,499,387,535,666
666: 1046,1816,1921,378,1339,2002,1791,87,1865,146,1240,129,172,296,273,1351,1659,499,387,535
1748: 795
668: 366,1470
669: 1013,1341,495,1202,1684,2007,408,1837,990,1318,222,1784,81,1945,1267,1052,54,1988,134,785,687,1186,1408,365,463,1377
670: 786,1249,2019,435,1045,1798,294,1342,1419,1479,251,958,1088,1484,1128,477,1968,940,1943,1903,1595,855,1540,1961,962,1099,180,41,1520,1578,1362,1756
671: 
2000: 1204,237,307,229,339,629,409,1168,916,1770,1728,1800,132,217,1244,870,458,903,635,77,1432,1993,574,1015,818,302,394,109,1819,1602,1712,1499,685
673: 436,1556
1806: 1450
675: 1508,556,516,118,1096,1729,688
676: 1762
677: 
678: 
679: 
680: 
681: 832,722
682: 831,1189,1577,1322,1558,2018,1983,541,699,506,804,844,203,1840,625
683: 
684: 1645,1051,1222,1703
685: 1819,1712,237,629,1168,132,217,2000,903,1015,818
686: 988
687: 1341,495,1202,669,2007,1837,222,81,1945,1052,785,1408,463
688: 1508,556,516,1096,1729,675
689: 
690: 747,410
691: 1347
692: 1860,863,1177,1710,2017,1774,1319,1560,1263,1752,856,1588,1690,1589,83,156,1280,1181,47,123
693: 
694: 
695: 1811
696: 266
697: 1768
698: 1099,180,41,1520,1578,2019,294,1968,1903
699: 506,804,618,183,1737,844,203,901,831,1322,2018,682,1983,1840
700: 1006,162
701: 1713,1724,597,1725,1330,1953,1924,2016,18,1295,479,206
2009: 1528,178,1166,503,462,779,1288,756,331,1049,145,30,1371,1971,343,1892,1534,317,727,403,225,1614
703: 1132,977
704: 
705: 
706: 731,857
707: 
708: 1449
709: 
710: 
711: 61,1657,641
712: 
713: 78,920,45,2001,942,390,1787,1799,924,1185,617,261,1005,1769,1160,1276,1056,1705
2011: 611,1795,1469,1523,1284,528,1708,1080,74,874,1853,313,184,1433,914,981,136,270,1838,475,1435,1103
715: 
716: 1489
717: 1426
718: 1965,1883,1138,1957,1401,130,13,1926,2015,769,1121,971,904,1452,1974,267
719: 446
720: 0,854,1646
1941: 1444
722: 681,832
723: 1515,1287,2,1631
1773: 
725: 
1887: 
727: 1528,178,1166,503,462,779,2009,1288,756,331,1049,145,30,1371,1971,343,1892,1534,317,403,225,1614
728: 
729: 
730: 1564,821,1533,1895,1256,351,2012,1763,1332,1482,238
731: 706,857
732: 1529,478,2006,1697,1095,176,487,264,573,1237,1824,653,362,1152,935,561,836,1000,358,1518,934,494,594,1350,377,1303,1555
733: 
1717: 
735: 464
1983: 831,1189,1577,1322,1558,2018,682,541,699,506,804,618,1737,844,203,901,1840,1150,625
737: 
738: 
739: 
740: 
741: 
1848: 144,1494,1123,590,1309,221,1650,473,527,936,2010,1004,1214,170,559,430,1738,319,1024
743: 
744: 
745: 
746: 
747: 410,690
748: 
749: 
750: 1936,1395
751: 1675,1157,1352,995,1911
752: 
753: 
754: 152
755: 
756: 1528,178,1166,503,462,779,2009,1288,331,1049,145,30,1371,1971,343,1892,1534,317,727,403,225,1614
757: 
758: 
759: 
760: 1575,928,1260,200,2003,558,876,1969,1633,253,120,181,1417,491,1023,638,426
761: 886
762: 
763: 1148
764: 226
765: 
766: 
1870: 773
1700: 
769: 1965,1883,797,1138,416,1957,1401,130,13,1926,2015,1121,971,532,904,1562,718,1622,1452,1974,267
770: 772
771: 1508,556,516,118,1096,1384,1950
772: 770
773: 1870
774: 
775: 
776: 984,341,312,1112
777: 514,1455,1225,193,58,1810,2013,12,1265,1764,26,1019,1745,1331,1828,1073
2015: 469,201,1965,1883,797,1138,416,1360,34,1957,122,1852,1401,130,72,13,1926,1246,769,1121,971,1606,532,904,1562,718,1622,938,121,1452,1974,862,267,98
779: 1528,462,2009,756,1049,145,30,1371,343,1534,317,727
780: 1446,1760,1641,233,811,816,1399,1670,2010,1004,985,1120,1190,1214,473,963,559,430,1476,1116,1024
781: 1573,1792,1707
1769: 45,2001,942,390,1787,1799,924,1185,713,261,1005,1160,1276,1056
783: 
1684: 1013,1341,495,669,2007,990,1318,1784,81,1945,1052,54,1988,785,1408,365
785: 1013,1341,495,1202,1684,669,2007,1837,990,1318,222,81,1945,1267,1052,54,1988,687,1186,1408,365,463
786: 1249,2019,1977,435,1045,1798,1342,1419,1568,251,958,1083,1484,1128,477,940,1943,855,1540,670,1961,1634,179,962,1578,1362,1756
787: 2,1631,1162,1515
1891: 660,796
789: 664,1694,230
790: 1075,301
791: 631
792: 
793: 911,149,95,1830,1593,59
794: 
795: 1748
796: 660,1891
797: 469,201,1965,1883,1138,416,1360,34,1957,122,1852,1401,130,72,13,2015,1246,769,1121,971,1606,532,904,1562,1622,938,121,1452,1974,862,267,98
798: 112,263,833,1677,2004,22,1858,1579,1124,1964,1997,1077
799: 
800: 
1761: 321,983,455,1292
1738: 170,559,430,319,1476,1116,936,1554,144,1494,1123,590,1848,1309,221,1650,2010,1004,985,1214
803: 
804: 699,506,618,183,844,203,831,1189,1322,1558,2018,682,1983,541
805: 906,1980,1028
806: 
807: 1575,1591,928,1260,2003,1179,253,220,120,1552,1417,1653,1141,491,1023,1355,236,426
808: 514,1225,193,1570,567,1224,58,1541,1810,7,1338,86,2013,842,1496,12,1265,1764,582,1019,1610,1857,1221,1331,1863,1073,141,314
1699: 
810: 
811: 1446,1760,816,1399,1670,599,780,2010,1004,985,1120,1190,298,473,948,1250,1554,1933,963,430
812: 1680
813: 
814: 135
815: 
816: 1446,1760,1641,233,811,1399,1670,599,780,2010,1004,985,1120,1190,1214,298,473,948,1250,527,936,1554,1933,963,590,1309,1650,559,430,1476,1116,1024
817: 
818: 237,339,629,1168,916,1770,132,217,2000,903,635,574,1015,394,109,1819,685
819: 
820: 1425,851
821: 730,1564,1533,1895,1256,293,2012,192,1763,1332,1482,238,414
822: 
823: 
824: 
2017: 1860,863,1177,1710,1394,1774,1319,1560,1263,1752,856,1588,1690,1589,83,692,1079,1429,1210,1740,156,1280,1181,1487,47,163,123,949,945
826: 1954,1153
827: 
1757: 
829: 
830: 
831: 1189,1577,1322,1558,2018,682,1983,541,699,506,804,618,183,844,203,901,1840,1356,625
832: 681,722
833: 112,263,798,662,946,1677,2004,22,1858,361,1579,882,1124,1964,1997,1383,1077
834: 
1729: 1508,556,516,118,1096,675,688
836: 1529,478,2006,1697,1095,176,487,1237,732,1152,561,1000,358,1518,934,494,594,377,1303,1555
837: 
1985: 
839: 
1984: 
1669: 
842: 514,1455,808,1225,193,1570,567,1224,58,1541,1810,7,1338,86,2013,1496,12,1265,1764,582,26,1019,1610,1857,1221,1745,1331,1863,1073,227,141,314
843: 1785,383,39,546
844: 183,1737,203,1514,1027,1159,901,493,699,506,804,618,831,1189,1577,1322,2018,682,1983,541,1840,1356,1150,625
1670: 1446,1760,1641,811,816,1399,599,780,2010,1004,1120,1214,298,473,948,1250,936,1933,963
1758: 591
1702: 1044
2004: 946,1677,22,1858,361,1579,882,62,1972,1124,1964,1997,1383,1077,112,263,798,833,662
1816: 1046,1921,378,1339,2002,146,129,172,296,1719,273,1351,1659,387,666
850: 1521,929,655,2008,208,1091,1257,1598,333
851: 820,1425
852: 
853: 593,1503,624,84,1335
854: 720
855: 786,1249,2019,1977,435,1045,1798,294,1342,1419,1568,251,958,1083,1088,1484,1128,477,1968,940,1943,1903,1595,1540,670,1961,179,962,1099,41,1578,1362,1756
856: 863,1177,1710,1394,2017,1774,1319,1263,1752,1588,1690,1589,83,692,1079,1429,1210,1740,156,1280,1181,1487,47,163,123
857: 706,731
858: 1431
1821: 
860: 
861: 
862: 469,201,1965,1883,797,416,1360,34,1957,1852,1401,130,72,13,2015,1121,971,1606,532,904,1562,938,121,1974,98
863: 1860,1177,1710,1394,2017,1774,1319,1560,1263,1752,856,1588,1690,1589,83,692,1079,1429,1210,1740,156,1280,1181,47,945
864: 1553
1827: 
866: 1942
867: 1428,1122,897
868: 
1950: 1508,556,771,118,1096,1384
870: 1204,237,307,229,339,629,409,1168,916,1728,1800,217,2000,458,635,77,1432,1993,574,1015,302,394,109,1602,1712,1499
871: 
1740: 863,1710,1394,2017,1774,1319,1752,856,1588,1589,83,1079,1429,1210,156,1280,1181,1487,47,163,945
873: 
874: 611,1795,2011,1469,1523,1284,528,1708,1080,1853,313,184,1433,914,981,136,270,1838,475,1435,1103
875: 620
876: 1575,928,1260,200,2003,558,760,1969,1633,253,578,1804,1440,220,120,1653,1141,1023,638,426
877: 
1785: 383,843,39,546
879: 249,1216,1061,1060,1923,2008,1042,1275,1736,333,1167,100,1043
880: 
881: 
882: 946,1677,2004,22,361,1579,62,1972,1124,1964,1997,1383,1077,833,662
1972: 946,1677,2004,22,361,1579,882,62,1964,1383,662
884: 37,413
885: 
886: 761,1734
887: 1936,1395
1895: 1533,1256,351,293,2012,1424,192,1956,1763,1332,1859,1948,1482,238,730,1564,821
889: 
890: 
1709: 968
892: 89
893: 
894: 
1728: 307,229,339,409,916,1770,1800,2000,1244,870,1432,1993,574
896: 
897: 1428,1122,867
898: 1850,1576,957
899: 228,566
1960: 
901: 183,1737,844,203,1514,1027,1159,493,699,506,618,831,2018,1983,541,1840,1356,1150,625
902: 905,1893
903: 237,339,629,409,1168,916,132,217,2000,458,635,574,1015,818,394,1819,1712,685
904: 1965,797,1138,416,34,1957,130,13,1926,2015,769,1121,971,718,938,1974,862,267
905: 902,1893
906: 805,1980,1028
2007: 1013,1341,495,1202,1684,669,408,1837,990,1318,222,1784,81,1945,1267,1052,54,1988,134,785,687,1186,1408,365,463,1823,1377
1853: 611,1795,2011,1469,1523,1284,528,1708,1080,74,874,184,1433,914,981,136,270
909: 1613
1832: 
911: 149,793,431,95,1830,1593,59
912: 
913: 63,1111
914: 611,1795,2011,1469,1523,1284,528,1708,1080,74,874,1853,313,184,1433,136,270,475,1103
1764: 514,1455,808,1225,193,1224,58,1810,2013,842,12,1265,26,1019,1610,1857,1745,1331,1828,1073,663,777
916: 1204,237,307,229,339,629,409,1168,1770,1728,1800,132,217,2000,1244,870,458,903,635,77,1432,1993,574,1015,818,394,109
917: 
918: 1054
1959: 
920: 78,1434,45,9,2001,390,1787,924,1185,713,617,1005,939,1160,1056,1705
1986: 
922: 
923: 
924: 78,920,1434,45,2001,390,1787,1185,713,617,261,1005,1769,939,1160,1056
925: 
926: 1277,1805
927: 
928: 1575,1260,200,2003,1179,558,876,760,1969,1633,253,578,1804,1440,220,120,181,1417,807,1653,1141,1023,1355,638,426
929: 1521,655,1216,1061,1060,1029,2008,208,1091,1257,1275,1736,1598,1896,333,1167,1992,1043,850
930: 
1856: 
932: 1726,1317
933: 
934: 1529,478,2006,1697,1095,176,487,573,1824,653,732,1152,836,1000,594,377,1555
935: 478,2006,1095,176,264,573,1237,1824,653,362,732,561,358,1518,494,594,1350,377,1303,1555
936: 473,948,1250,527,1554,1933,963,1494,1123,590,1848,1309,221,1650,1641,816,1399,1670,2010,1004,985,1214,298,170,559,430,1738,319,1024
937: 
938: 469,1965,1883,797,1138,416,1360,34,1957,122,1852,130,13,2015,1246,1121,971,1606,532,904,121,1452,1974,862
939: 78,920,1434,45,9,2001,390,924,1185,617,1160,1276,1705
940: 786,1249,2019,1977,435,1045,1342,1419,1038,1568,251,958,1083,1088,477,1943,1903,855,1540,670,1961
941: 226,1436
942: 45,2001,1787,1799,1185,713,617,261,1005,1769,1160,1276,1056
943: 
944: 1064
945: 1860,863,1394,2017,1319,1560,1588,83,1079,1429,1740,156,1280
946: 1677,2004,22,1858,361,1579,882,62,1972,1124,1964,1997,1383,1077,263,833,662
947: 1191,1020,1243,1884,286,1233,1563,2005,303,1032,370,1940
948: 473,1250,527,936,1554,1933,963,1494,1123,590,1309,221,1650,1446,1760,811,816,1399,1670,2010,1004,985,1214,298,559,430
949: 1487,47,163,123,2017
950: 1012,486
951: 991
1672: 
1807: 
954: 
1850: 898,42,1576,96,957
956: 
957: 898,42,1850,1576,96
958: 786,1249,2019,1977,435,1045,1798,294,1781,1342,1038,1479,1568,251,1088,1484,1128,477,1968,940,1943,1903,1595,855,1540,670,1961,1099,180,41,1362
959: 
1701: 530
961: 
962: 1634,179,786,2019,1045,1798,1419,1484,1128,1943,855,1540,670,41,1520,1578,1362,1756
963: 473,948,1250,527,936,1554,1933,590,1309,1650,1446,1760,1641,811,816,1399,1670,599,780,2010,1004,985,1120,1190,1214,298,559,430
964: 492,1902
965: 
966: 
967: 664,1694,1755
968: 1709
969: 
970: 1022
971: 1965,1883,797,1138,416,34,1957,1852,1401,130,13,1926,2015,769,1121,532,904,718,938,121,1452,1974,862,267
1965: 469,201,1883,797,1138,416,1360,34,1957,122,1852,1401,130,13,2015,769,1121,971,532,904,1562,718,1622,938,121,1452,1974,862,267
973: 1422
974: 
975: 
976: 621,1226
977: 703,1132
978: 
979: 143
980: 
981: 611,2011,1469,1523,528,1708,874,1853,313,184,1433,136,270,1838,475,1435
982: 610
983: 321,1761,455
984: 341,776,312,1112
985: 1760,1641,233,811,816,1399,599,780,2010,1004,1120,1190,1214,298,473,948,1250,936,1554,963,590,1309,221,170,559,430,1738,1476,1116
986: 
987: 
988: 686
1889: 
990: 1013,1341,495,1202,1684,669,2007,408,1318,222,1784,81,1945,1267,1052,54,1988,785,1186,365
991: 951
992: 
1999: 1279,615,1208
994: 
995: 1675,1157,1352,751,1911
1797: 
997: 
1874: 1104
999: 
1000: 1529,2006,1697,1095,176,487,1824,732,1152,836,358,934,594,377,1303,1555
1001: 
1904: 
1681: 
1004: 1760,1641,233,811,816,1399,1670,780,2010,985,1190,1214,298,473,948,1250,527,936,1554,963,1494,590,1848,1309,221,1650,170,559,430,1738,319,1476,1116,1024
1005: 78,920,45,2001,942,390,1787,1799,924,1185,713,617,261,1769,1160,1276,1056,1705
1006: 700,162
1952: 174,1498,97,1274,1396,1354,418,549,1780
1008: 
1009: 
1677: 946,2004,22,1858,361,1579,882,1972,1124,1964,1997,1383,1077,263,798,833
1011: 1873,1358
1012: 950,486
1013: 495,1202,1684,669,2007,990,1784,81,1945,1052,54,1988,785
1014: 1262,1460
1015: 1204,237,307,229,339,629,409,1168,916,1770,132,217,2000,870,458,903,635,77,1432,574,818,394,109,1819,1712,685
1016: 
1017: 
1763: 1533,1895,1256,351,293,2012,1424,192,1599,1956,1332,1859,1948,1482,238,730,821
1019: 514,1455,808,1225,193,1224,58,1810,2013,842,12,1265,1764,26,1610,1857,1745,1331,1828,1073,663,227,141,777
1020: 1191,1243,1884,286,1233,1563,2005,303,947,1032,370,239,1940,1315
1021: 1696,1182
1022: 970,332
1023: 1141,491,1355,638,426,1575,928,1260,200,2003,876,760,1633,253,120,1417,807,1653
1024: 170,559,430,319,1476,1116,473,936,1494,1848,1309,1650,1641,233,816,1399,780,2010,1004,1190,1214
1025: 1057,1223,1298
1026: 1403,360
1027: 183,1737,844,203,1514,1159,901,493,506,618,2018,1840,1356,1150
1028: 1980,1637,906,805
1029: 1521,929,1061,1060,1923,2008,208,1042,1257,1275,1736,1598,1896,333,1167,1992,100,1043
1030: 
1903: 1249,2019,435,1045,1798,294,1781,1342,1038,1479,1568,251,958,1088,1484,1128,477,1968,940,1943,1595,855,1540,670,1961,1099,180,41,698,1520,1578,1362,1756
1032: 1191,1020,1243,1172,1884,286,1233,2005,303,947,1407,370,239,1940,1315
1033: 1243,1172,1884,1233,1563,2005,303,1676,1407,370,239,1940,1315
1034: 
1035: 
1036: 
1741: 
1038: 1249,2019,1977,435,1045,294,1781,1479,251,958,1088,477,1968,940,1903,1595,1961
1863: 1610,1857,1409,1221,1331,1073,663,141,314,808,193,1570,1224,58,1541,1810,2013,842,1496,12,1265,582
1040: 92
1041: 
1042: 249,1061,1060,879,1923,1029,2008,1257,1275,1736,1896,333,1167,1992,100,1043
1043: 929,249,1061,1060,879,1923,1029,2008,1042,1257,1275,1896,333,1167,1992
1044: 1702
1045: 786,1249,2019,1977,435,1798,1781,1342,1419,1038,1479,1568,251,958,1083,1088,1484,1128,477,1968,940,1943,1903,1595,855,1540,670,1961,179,962,180,1578,1362
1046: 1816,1921,378,1339,2002,1791,87,1865,146,1240,129,172,296,1719,273,1351,1659,499,562,387,535,1308,666
1047: 207
1048: 
1049: 1528,178,1166,503,462,779,2009,1288,756,145,30,1371,1971,343,1892,1534,317,727,403,225
1050: 
1051: 1222,1703,684,1645
1052: 1013,1341,495,1202,1684,669,2007,1837,990,222,81,1945,54,1988,785,687,1408,365
1053: 
1054: 918
1055: 
1056: 78,920,45,2001,942,390,1787,1799,924,1185,713,617,261,1005,1769,1160,1276,1705
1057: 1025,1223,1298
1058: 
1059: 
1060: 929,249,1061,879,1923,1029,2008,1042,1257,1275,1736,1896,333,1167,1043
1061: 1521,929,655,249,1216,1060,879,1923,1029,2008,208,1091,1042,1257,1275,1736,333,1167,1992,100,1043,49
1062: 
1875: 
1064: 944
1936: 887,1395,750
1066: 1247
1067: 636
1739: 
1069: 
1070: 
1071: 
1072: 
1073: 1610,1857,1409,1221,1745,1331,1863,1828,663,227,141,314,514,1455,808,1225,193,1570,1224,58,1541,1810,2013,842,12,1265,1764,26,1019,777
1074: 
1075: 256,790,301
1979: 
1077: 946,1677,2004,22,1858,1579,882,1124,1964,1997,1383,112,263,798,833,662
1078: 
1079: 1860,863,1710,1394,2017,1774,1319,1560,1263,1752,856,1690,1589,83,1429,1210,1740,156,1280,1181,945
1080: 611,1795,2011,1469,1523,1284,528,1708,74,874,1853,184,1433,914,136,270,1838,1103
1081: 580
1082: 
1083: 786,1249,2019,1977,1045,1798,1342,1419,1568,251,1128,477,940,1943,855,1540,179
1792: 1573,781,1707
1973: 90,395,364
2002: 1046,1816,1921,378,1339,1791,87,1865,146,1240,129,172,296,1719,273,1351,1659,499,562,387,535,1308,666
1087: 
1088: 1249,2019,1977,435,1045,294,1781,1342,1419,1038,251,958,1484,477,1968,940,1943,1903,1595,855,1540,670,1961,1099
1089: 
1948: 1895,1256,351,2012,1424,1599,1956,1763,1332,1859,1482
1091: 1521,929,655,1216,1061,2008,208,1257,1275,1736,1598,333,1167,1992,850,49
1092: 
1683: 
1094: 
1095: 1529,478,2006,1697,176,487,264,573,1237,1824,653,362,732,1152,935,561,836,1000,358,1518,934,494,594,1350,377,1303,1555
1096: 1508,556,771,516,118,1384,1950,1729,675,688
1097: 
1098: 
1099: 180,41,698,1520,1578,1362,1249,2019,435,294,1479,958,1088,1484,1968,1903,1595,855,670,1961
1100: 1127
1988: 1013,1341,495,1684,669,2007,408,990,1318,222,1784,81,1945,1267,1052,54,785,1186,1408,365,1377
1102: 
1103: 475,1435,611,1795,2011,1469,1284,528,1708,1080,874,313,1433,914,136,1838
1104: 1874
1105: 
1106: 
1107: 
1108: 
1837: 1341,495,1202,669,2007,1318,222,81,1945,1267,1052,54,134,785,687,1186,1408,365,463
1110: 572
1111: 913,63
1112: 984,341,776,312
1944: 
1752: 863,1177,1710,2017,1774,1319,1560,1263,856,1588,1690,1589,83,692,1079,1429,1210,1740,156,1280,1181,1487,47,163,123
1115: 1478,634
1116: 170,559,430,1738,319,1476,1024,473,1309,1650,1641,233,816,1399,780,2010,1004,985,1120,1190,1214
1117: 
1118: 1300,1611,1587,1215,2014,1475,1938,650,448,1825,131,1879,247,1901
1883: 469,201,1965,797,1138,416,1360,1957,122,1852,1401,13,2015,1246,769,1121,971,1606,532,1562,718,1622,938,121,1452,1974,862
1120: 1446,1760,1641,233,811,816,1399,1670,599,780,2010,985,1190,298,473,963,1476,1116
1121: 1965,1883,797,1138,416,34,1957,1852,130,13,2015,769,971,532,904,718,938,121,1452,1974,862,267
1122: 1428,867,897
1123: 1494,590,1848,1309,221,1650,948,527,936,1554,2010,1214,1738,319
1124: 946,1677,2004,22,1858,1579,882,1964,1997,1077,112,263,798,833
1125: 182,288
1126: 600,1991,557
1127: 1100
1128: 786,1249,2019,435,1045,1798,1781,1479,1568,251,958,1083,1484,477,1968,1943,1903,1595,855,1540,670,179,962,180,41,1578,1362
1905: 349,1716
1130: 232,1361,1348,1826,17
1131: 
1132: 703,977
1133: 1136,1437
1134: 
1135: 211,1161
1136: 1133,1437
1991: 1126
1138: 1965,1883,797,1957,13,1926,2015,769,1121,971,904,718,1622,938,121,1452,1974
1139: 
1809: 
1141: 491,1023,1355,638,426,1575,928,2003,876,220,120,1417,807,1653
1142: 1465
1143: 1639,1329
1784: 1013,1341,495,1684,669,2007,408,990,1318,1945,54,1988,1186,365,1377
1696: 1021,1182
1146: 
1147: 240
1148: 763
2018: 831,1189,1577,1322,1558,682,1983,541,699,506,804,618,183,1737,844,203,1514,1027,1159,901,493,1840,1356,1150,625
1150: 1840,1356,625,506,618,183,1737,844,203,1514,1027,1159,901,493,1577,1322,2018,1983,541
1151: 363
1152: 478,2006,1697,1095,176,264,573,1824,653,732,836,1000,934,594,1350,377,1555
1153: 1954,826
1857: 1610,1409,1221,1745,1331,1863,1073,663,227,141,314,808,193,1570,1224,58,1541,1810,1338,2013,842,1496,12,1265,1764,582,26,1019
1155: 
2019: 786,1249,1977,435,1045,1798,294,1781,1342,1419,1038,1479,1568,251,958,1083,1088,1484,1128,477,1968,940,1943,1903,1595,855,1540,670,1961,1634,179,962,1099,180,41,698,1520,1578,1362,1756
1157: 1675,1352,995,751,1911
1158: 
1159: 183,1737,844,203,1514,1027,901,493,506,618,2018,541,1840,1356,1150,625
1160: 78,920,1434,45,9,2001,942,390,1787,1799,924,1185,713,617,261,1005,1769,939,1276,1056,1705
1161: 211,1135
1162: 2,787,1515
1840: 1356,1150,625,699,506,618,183,1737,844,203,1514,1027,1159,901,493,831,1189,1577,1322,2018,682,1983,541
1164: 
1923: 249,1061,1060,879,1029,2008,1042,1257,1275,1736,1896,333,1167,1992,100,1043
1166: 1528,178,503,462,2009,1288,756,331,1049,30,1371,343,1892,1534,317,727,403,225,1614
1167: 1521,929,249,1216,1061,1060,879,1923,1029,2008,208,1091,1042,1257,1275,1736,1896,333,1992,100,1043
1168: 1204,237,307,229,339,629,916,1770,132,217,2000,870,458,903,635,574,1015,818,394,109,1819,1712,685
1967: 
1786: 
1171: 
1172: 1884,286,2005,303,1032,1676,1033,1407,370,239,1940,1315
1173: 
1174: 
1175: 
1176: 1543,627,1488
1177: 863,1710,2017,1774,1319,1263,1752,856,1690,1589,83,692,1210,1181,47,123
1940: 1191,1020,1243,1172,1884,286,1233,1563,2005,303,947,1032,1033,370,239,1315
1179: 1575,928,1260,200,2003,558,1969,253,578,1440,220,120,1552,181,1417,807,1653,1355,426
1180: 509,28
1181: 863,1177,1710,2017,1774,1319,1263,1752,856,1588,1690,1589,83,692,1079,1429,1210,1740,1280,1487,47,163,123
1182: 1696,1021
1183: 
1184: 
1185: 78,920,1434,45,9,2001,942,390,1787,1799,924,713,617,261,1005,1769,939,1160,1276,1056,1705
1186: 1341,495,669,2007,408,1837,990,1318,222,1784,81,1945,1267,54,1988,134,785,1408,365,1823,1377
1187: 596,1894
1188: 
1189: 831,1577,1322,1558,2018,682,1983,541,506,804,618,844,1840,625
1190: 1760,1641,233,811,816,1399,599,780,2010,1004,985,1120,1214,298,1554,963,590,170,559,430,1476,1116,1024
1191: 1020,1243,1884,286,1233,2005,303,947,1032,370,1940
1192: 
1193: 643
1194: 
1195: 432,38
1196: 1205
1197: 
1772: 1939,1497
1199: 
1755: 664,1694,967
1201: 158
1202: 1013,1341,495,669,2007,1837,990,222,81,1945,1267,1052,54,785,687,1408,463
1203: 470,246
1204: 307,229,339,1168,916,1800,132,217,2000,870,458,635,77,1432,574,1015,302,394,109,1602,1712,1499
1205: 1196
1987: 
1822: 
1208: 1999,615
1209: 
1210: 863,1177,1710,1394,2017,1774,1319,1263,1752,856,1690,1589,83,1079,1429,1740,1181
1211: 389,642
1679: 1876,352
1213: 1492,1340,1301
1214: 1760,1641,233,816,1399,1670,780,2010,1004,985,1190,298,473,948,527,936,1554,1933,963,1494,1123,590,1848,1309,221,1650,170,559,430,1738,319,1476,1116,1024
1215: 1300,1611,1587,1118,2014,1938,555,448,1825,131,1879,247
1216: 1521,929,655,249,1061,879,2008,208,1091,1257,1275,1736,1598,333,1167,1992,100,49
1217: 1882
1218: 
1885: 
1220: 
1221: 1610,1857,1409,1331,1863,1073,663,141,314,808,193,1570,58,1541,2013,842,1496,582
1222: 1051,1703,684,1645
1223: 1057,1025,1298
1224: 514,1455,808,1225,193,1570,567,58,1541,1810,7,1338,2013,842,12,1265,1764,582,1019,1857,1863,1073
1225: 514,1455,808,193,567,1224,58,1810,7,2013,842,12,1265,1764,582,1019,1331,1073,777
1226: 621,976
1227: 
1228: 1713,1714,1725,1330,1953,2016,18,1295,479,206
1760: 1446,1641,233,811,816,1399,1670,599,780,2010,1004,985,1120,1190,1214,298,473,948,1250,1933,963,430,1476
1230: 
1231: 281
1232: 
1233: 1191,1020,1243,1884,286,1563,2005,303,947,1032,1033,370,239,1940,1315
1234: 
1896: 929,249,1060,1923,1029,2008,1042,1257,1275,1736,333,1167,1043
1236: 
1237: 1529,478,2006,1095,487,362,732,935,561,836,358,1518,494,594,1303
1876: 352,1679,1687
1239: 
1240: 1046,2002,1791,87,129,172,296,273,1659,499,562,387,535,1308,666
1241: 
1914: 
1243: 1191,1020,1884,286,1233,2005,303,947,1032,1676,1033,1407,370,1940,1315
1244: 237,307,229,339,629,409,916,1770,1728,1800,2000,1993,574
1245: 
1246: 469,201,1883,797,1360,122,1852,13,2015,1606,532,1622,938,121,1452,1974
1247: 1066
1248: 1682
1249: 786,2019,1977,435,1045,1798,294,1781,1342,1419,1038,1479,1568,251,958,1083,1088,1484,1128,477,1968,940,1943,1903,1595,855,1540,670,1961,1099,1578,1362
1250: 473,948,527,936,1554,1933,963,1446,1760,811,816,1399,1670,599,2010,1004,985,298
1251: 
1252: 
1253: 
1800: 1204,307,229,339,409,916,1728,2000,1244,870,458,635,77,1432,1993,574,302
1255: 374
1256: 1533,1895,351,2012,1424,1956,1763,1332,1948,1482,238,730,1564,821
1257: 1521,929,655,249,1216,1061,1060,1923,1029,2008,208,1091,1042,1275,1736,1598,1896,333,1167,1992,100,1043,850,49
1258: 
1259: 
1260: 1575,928,200,2003,1179,558,876,760,1969,1633,253,578,1804,1440,220,120,1552,181,1417,807,1653,1023,1355,638,426
1261: 
1262: 1014,1460
1263: 1860,863,1177,1710,1394,2017,1774,1319,1560,1752,856,1588,1690,1589,83,692,1079,1210,156,1181
1680: 812
1265: 514,1455,808,1225,193,1570,567,1224,58,1541,1810,7,1338,2013,842,12,1764,582,26,1019,1857,1331,1863,1073,777
1266: 1937,1366
1267: 1341,495,1202,669,2007,408,1837,990,1318,222,1945,54,1988,134,785,1186,1408,365,463,1823,1377
1268: 25,1642,68
1912: 
1270: 
1868: 
1272: 1966,310
1273: 
1274: 1952,174,1498,97,1396,549,1780
1275: 1521,929,655,249,1216,1061,1060,879,1923,1029,2008,208,1091,1042,1257,1736,1896,333,1167,1992,100,1043,49
1276: 45,2001,942,390,1799,1185,713,261,1005,1769,939,1160,1056,1705
1277: 926,1805,637
1278: 
1279: 1999
1280: 1860,863,1710,1394,2017,1774,1319,1560,1752,856,1588,83,692,1079,1429,1740,156,1181,1487,47,163,945
1281: 1373
1282: 1526
1283: 
1284: 1795,2011,1469,1523,528,1708,1080,874,1853,184,1433,914,136,270,1838,1435,1103
1285: 338,1917
1961: 786,1249,2019,1977,435,1045,294,1781,1342,1419,1038,251,958,1088,1484,477,1968,940,1943,1903,1595,855,1540,670,1099,41,1578,1362,1756
1287: 723
1288: 1528,178,1166,503,462,2009,756,331,1049,30,1371,343,1892,1534,727,403,225,1614
1289: 396
1290: 1849
1291: 
1292: 321,1761,1833,1316
1293: 1742,190,1443,526
1294: 
1295: 701,1713,1724,1725,1330,1953,2016,1228,18,479,206
1296: 1620
1297: 242
1298: 1057,1025,1223
1299: 
1300: 1611,1587,1118,1215,2014,1475,1938,650,555,448,1825,131,1879,247,1901
1301: 1492,1213,1340
1302: 
1303: 1529,478,2006,1697,1095,176,487,1237,1824,362,732,935,561,836,1000,358,1518,494,594,1350,377,1555
1954: 826,1153
1767: 
1306: 
1307: 
1308: 1046,2002,1791,87,1240,129,172,296,1719,562,387,535
1309: 144,1494,1123,590,1848,221,1650,473,948,527,936,1554,963,816,1399,2010,1004,985,1214,298,170,559,430,1738,319,1476,1116,1024
1674: 
1311: 
1932: 1698
1313: 
1981: 
1315: 1020,1243,1172,1884,1233,1563,2005,303,1032,1676,1033,370,239,1940
1316: 1833,1292
1317: 1726,932
1318: 1341,1684,669,2007,408,1837,990,222,1784,81,1945,1267,54,1988,134,785,1186,1408,365,1823,1377
1319: 1860,863,1177,1710,1394,2017,1774,1560,1263,1752,856,1588,1690,1589,83,692,1079,1429,1210,1740,156,1280,1181,1487,47,163,123,945
2014: 1300,1611,1587,1118,1215,1475,1938,650,555,448,1825,131,1879,247,1901
1321: 
1322: 831,1189,1577,1558,2018,682,1983,541,699,506,804,618,844,203,1840,1356,1150,625
1918: 
1324: 
1325: 
1326: 
1327: 
1328: 
1329: 1639,1143
1330: 701,1713,1724,1714,597,1725,1953,1924,2016,1228,18,1295,479,1381,206
1331: 1610,1857,1221,1745,1863,1828,1073,663,227,141,808,1225,193,1570,58,1810,2013,842,12,1265,1764,26,1019,777
1332: 1533,1895,1256,351,293,2012,1424,192,1599,1956,1763,1859,1471,1948,238,414,730,1564,821
1798: 786,1249,2019,435,1045,1419,1479,1568,251,958,1083,1484,1128,477,1968,1943,1903,855,1540,670,1634,179,962,180,41,1578,1362
1846: 
1335: 1503,624,84,853
1336: 1925,1410
1337: 
1338: 514,808,1570,567,1224,58,1541,1810,7,86,2013,842,1496,12,1265,582,26,1857,141,314
1339: 1046,1816,1921,378,2002,1865,146,129,172,273,1351,1659,499,387,535,666
1340: 1492,1213,1301
1341: 495,1202,1684,669,2007,408,1837,990,1318,222,1784,81,1945,1267,1052,54,1988,134,785,687,1186,1408,365,463,1823,1377
1342: 786,1249,2019,1977,435,1045,1419,251,958,1083,1088,477,940,1943,1903,855,1540,670,1961,1578,1756
1343: 
1344: 1621,1930
1345: 
1346: 
1347: 691
1348: 32,232,1361,1826,1130,17
1825: 1300,1611,1587,1118,1215,2014,1475,650,555,448,1879,247
1350: 478,2006,1697,1095,176,264,1824,653,732,1152,935,561,594,377,1303,1555
1351: 1046,1816,1921,378,1339,2002,87,1865,146,129,172,296,273,1659,499,387,535,666
1352: 1675,1157,995,751,1911
1353: 51,1477
1354: 418,549,1952,174,1498,97,1396
1355: 1141,491,1023,638,236,426,1575,1591,928,1260,2003,1179,253,220,120,1552,1417,807,1653
1356: 1840,1150,625,506,618,183,1737,844,203,1514,1027,1159,901,493,831,1322,2018,541
1951: 103
1358: 1011,1873
1359: 347
1360: 469,201,1965,1883,797,416,1957,122,1852,1401,72,13,2015,1246,1606,532,1562,1622,938,121,1452,1974,862
1361: 232,1348,1826,1130
1362: 1099,180,41,1520,1578,1756,179,962,786,1249,2019,435,1045,1798,1479,1568,251,958,1484,1128,1968,1943,1903,1595,855,1540,670,1961
1707: 781,1792
1835: 
1365: 
1366: 1937,1266
1367: 
1368: 
1369: 
1370: 1996
1371: 1528,178,1166,503,462,779,2009,1288,756,331,1049,145,30,1971,343,1892,1534,727
1372: 279,438
1373: 1281
1996: 1370
1743: 154,355,188,1642,68
1376: 
1377: 1341,669,2007,408,1318,222,1784,1267,54,1988,134,1186,365,1823
1747: 
1379: 1842,1605,393
1724: 701,1713,1714,597,1725,1330,1953,1924,2016,18,1295,479,1381,206
1381: 1713,1724,1714,597,1330,1924,2016,18,479
1382: 
1383: 946,1677,2004,22,361,1579,882,62,1972,1964,1997,1077,263,833,662
1384: 1508,556,771,516,118,1096,1950
1385: 
1386: 
1705: 920,45,2001,390,1799,1185,713,261,1005,939,1160,1276,1056
1388: 258,128
1389: 
1971: 178,503,462,2009,756,331,1049,145,1371,343,1892,1534,727
1734: 886,334
1392: 148,36
1393: 
1394: 1860,863,1710,2017,1774,1319,1560,1263,856,1690,83,1079,1429,1210,1740,156,1280,945
1395: 1936,887,750
1396: 1952,174,1498,97,1274,1354,549,1780
1722: 
1398: 
1399: 1446,1760,1641,233,811,816,1670,780,2010,1004,985,1120,1190,1214,298,473,948,1250,936,1554,963,590,1309,1650,170,559,430,1476,1116,1024
1791: 1046,378,2002,87,1240,129,172,296,1719,273,1659,499,562,387,535,1308,666
1401: 469,201,1965,1883,797,416,1360,1957,122,1852,130,72,2015,769,971,532,1562,718,1622,121,1452,1974,862,267
1908: 1491,1632
1403: 360,1026
1404: 633
1405: 
1406: 
1407: 1243,1172,1884,286,2005,303,1032,1676,1033
1408: 1341,495,1202,1684,669,2007,1837,1318,222,81,1945,1267,1052,54,1988,134,785,687,1186,365,463
1409: 1610,1857,1221,1863,1073,663,227,141,314,1570,58,2013,1496
1410: 1925,1336
1411: 553
1412: 
1805: 637,1277,926
1414: 
1926: 1138,2015,769,971,904,718,1974,267
1845: 637
1417: 1575,1591,928,1260,2003,1179,760,253,220,120,1552,181,807,1653,1141,491,1023,1355,236,426
1808: 297
1419: 786,1249,2019,1977,1045,1798,1342,1568,251,1083,1088,477,940,1943,855,1540,670,1961,1634,179,962,1756
1420: 
1421: 
1422: 973
1992: 1521,929,655,1216,1061,1923,1029,2008,208,1091,1042,1257,1275,1736,1598,333,1167,100,1043,49
1424: 1533,1895,1256,351,293,2012,192,1599,1956,1763,1332,1859,1471,1948,1482,238
1425: 820,851
1426: 717
1427: 452,1660,284
1428: 1122,867,897
1429: 1860,863,1710,1394,2017,1774,1319,1560,1752,856,1588,1690,83,1079,1210,1740,156,1280,1181,47,163,945
1430: 
1431: 858
1432: 1204,307,229,339,409,916,1728,1800,217,2000,870,458,635,77,1993,574,1015,302,394,1602
1433: 611,1795,2011,1469,1523,1284,528,1708,1080,74,874,1853,313,184,914,981,136,270,1838,475,1435,1103
1434: 78,920,45,9,2001,390,1787,924,1185,617,939,1160
1435: 475,1103,611,1795,2011,1469,1284,528,1708,874,313,1433,981,136,270,1838
1436: 941
1437: 1133,1136
1819: 1712,1499,237,339,1168,132,217,2000,458,903,635,1015,818,394,109,685
1439: 1963
1440: 928,1260,200,2003,1179,558,876,1969,1633,253,578,1804,220,1552,181
1441: 
1815: 
1443: 1742,1293,190,526
1444: 1941
1445: 411,1537
1446: 1760,1641,811,816,1399,1670,599,780,2010,1120,298,473,948,1250,1933,963
1447: 
1448: 
1449: 708
1450: 1806,588
1451: 
1452: 201,1965,1883,797,1138,1360,1957,122,1852,1401,13,2015,1246,769,1121,971,532,1562,718,1622,938,121,1974
1453: 
1698: 1803,1932
1455: 514,1225,193,567,1224,58,1810,2013,842,12,1265,1764,26,1019,1073,777
1917: 338,1285
1704: 
1458: 
1692: 
1460: 1014,1262
2005: 1191,1020,1243,1172,1884,286,1233,1563,303,947,1032,1676,1033,1407,370,239,1940,1315
1462: 61,1657,641
1463: 
1464: 1706
1465: 1142
1726: 932,1317
1754: 
1468: 194,519
1469: 611,1795,2011,1523,1284,528,1708,1080,74,874,1853,313,184,1433,914,981,136,270,1838,475,1435,1103
1470: 668,366
1471: 293,2012,1424,192,1599,1956,1332,1859
1472: 55,374
1473: 
1745: 1610,1857,1331,1828,1073,663,227,141,514,1570,58,1810,2013,842,12,1764,26,1019,777
1475: 1300,1611,1587,1118,2014,1938,650,555,448,1825,131,1879,247,1901
1476: 170,559,430,1738,319,1116,1024,1494,590,1309,1650,1760,1641,233,816,1399,780,2010,1004,985,1120,1190,1214,298
1477: 51,1353
1478: 412,634,1115,456
1479: 1249,2019,435,1045,1798,294,1781,1038,1568,251,958,1484,1128,477,1968,1903,1595,1540,670,1099,180,41,1362
1947: 
1481: 
1482: 1895,1256,351,2012,1424,1956,1763,1948,238,730,821
1483: 
1484: 786,1249,2019,435,1045,1798,294,1781,1479,1568,251,958,1088,1128,477,1968,1943,1903,1595,855,1540,670,1961,179,962,1099,180,41,1578,1362,1756
1915: 
1858: 946,1677,2004,1579,1124,1964,1997,1077,112,263,798,833
1487: 47,163,123,949,1710,2017,1319,1752,856,1588,1740,1280,1181
1488: 1543,627,1176
1489: 716
1490: 
1491: 1632,1908
1492: 295,1213,1340,1301
1493: 
1494: 144,1123,590,1848,1309,221,1650,948,936,1554,2010,1004,1214,170,559,430,1738,319,1476,1024
1495: 661
1496: 808,1570,1541,7,1338,86,2013,842,582,1857,1409,1221,1863,314
1497: 304,114,1939,1772
1498: 1952,174,97,1274,1396,1354,549,1780
1499: 1819,1602,1712,1204,217,2000,870,458,635,302,394,109
1500: 
1501: 
1502: 
1503: 593,624,84,853,1335
1504: 
1505: 
1839: 
1507: 
1508: 556,771,516,118,1096,1384,1950,1729,675,688
1509: 1644
1510: 584,209
1888: 
1512: 
1969: 928,1260,200,2003,1179,558,876,760,1633,253,578,1804,1440,220,120,181,638
1514: 183,1737,844,203,1027,1159,901,493,618,2018,1840,1356,1150
1515: 723,2,787,1631,1162
1516: 138,205
1517: 
1518: 1529,478,2006,1095,176,487,573,1237,362,732,935,561,836,358,494,594,377,1303
1783: 
1520: 1099,41,698,1578,1362,1756,962,2019,1903,670
1521: 929,655,1216,1061,1029,2008,208,1091,1257,1275,1736,1598,333,1167,1992,100,850,49
2008: 1521,929,655,249,1216,1061,1060,879,1923,1029,208,1091,1042,1257,1275,1736,1598,1896,333,1167,1992,100,1043,850,49
1523: 611,1795,2011,1469,1284,528,1708,1080,74,874,1853,184,1433,914,981,136,270,1838
1524: 630
1525: 529,1532
1526: 1282
1527: 
1528: 1166,462,779,2009,1288,756,1049,145,30,1371,343,1892,1534,317,727,403,225,1614
1529: 478,2006,1095,176,487,573,1237,1824,653,362,732,836,1000,358,1518,934,494,594,377,1303,1555
1530: 
1531: 1735
1532: 529,1525
1533: 1895,1256,351,293,2012,1424,192,1956,1763,1332,1859,238,414,730,1564,821
1534: 1528,178,1166,503,462,779,2009,1288,756,1049,145,30,1371,1971,343,1892,317,727
1535: 418
1536: 
1537: 411,1445
1538: 
1823: 1341,2007,408,1318,222,1267,54,134,1186,1377
1540: 786,1249,2019,435,1045,1798,1342,1419,1479,1568,251,958,1083,1088,1484,1128,477,940,1943,1903,855,670,1961,1634,179,962,1578,1362,1756
1541: 808,193,1570,567,1224,58,7,1338,86,2013,842,1496,12,1265,582,1857,1221,1863,1073,141,314
1542: 115,171,167
1543: 627,1176,1488
1732: 
1545: 
1546: 1766,257
1547: 
1548: 391
1818: 
1550: 
1551: 
1552: 1575,1591,1260,2003,1179,253,1440,220,181,1417,807,1653,491,1355
1553: 864
1554: 473,948,1250,527,936,1933,963,1494,1123,590,1309,221,811,816,1399,2010,1004,985,1190,1214,298,559,430,1738
1555: 1529,478,2006,1697,1095,176,487,264,1824,653,732,1152,935,561,836,1000,358,934,594,1350,377,1303
1556: 436,673
1557: 
1558: 831,1189,1577,1322,2018,682,1983,804
1559: 
1560: 1860,863,1710,1394,2017,1774,1319,1263,1752,1588,1690,83,692,1079,1429,156,1280,945
1561: 
1562: 469,201,1965,1883,797,416,1360,1957,122,1852,1401,130,72,2015,769,1606,532,1622,121,1452,1974,862,98
1563: 1020,1884,1233,2005,303,947,1033,370,239,1940,1315
1564: 730,821,1533,1895,1256,293,2012,192,1332,238,414
1836: 
1566: 
1721: 
1568: 786,1249,2019,1977,435,1045,1798,1781,1419,1479,251,958,1083,1484,1128,477,1968,940,1943,1903,1595,855,1540,179,180,1362
1964: 946,1677,2004,22,1858,361,1579,882,62,1972,1124,1997,1383,1077,112,263,798,833,662
1570: 514,808,193,1224,58,1541,1810,7,1338,86,2013,842,1496,12,1265,582,26,1610,1857,1409,1221,1745,1331,1863,1073,663,227,141,314
1990: 
1873: 1011,1358
1573: 781,1792
1574: 
1575: 1591,928,1260,200,2003,1179,876,760,1633,253,220,120,1552,181,1417,807,1653,1141,491,1023,1355,638,236,426
1576: 898,42,1850,96,957
1577: 831,1189,1322,1558,2018,682,1983,541,618,844,1840,1150,625
1578: 1099,180,41,698,1520,1362,1756,179,962,786,1249,2019,435,1045,1798,1342,251,1484,1128,1968,1943,1903,855,1540,670,1961
1579: 946,1677,2004,22,1858,361,882,1972,1124,1964,1997,1383,1077,263,798,833,662
1731: 
1860: 863,1710,1394,2017,1774,1319,1560,1263,1588,1690,83,692,1079,1429,156,1280,945
1582: 
2016: 701,1713,1724,1714,597,1725,1330,1953,1924,1228,18,1295,479,1381,206
1584: 
1824: 1529,478,2006,1095,176,264,573,653,732,1152,935,1000,934,594,1350,377,1303,1555
1811: 695
1587: 1300,1611,1118,1215,2014,1475,1938,555,448,1825,131,1879,247,1901
1588: 1860,863,1710,2017,1774,1319,1560,1263,1752,856,83,692,1429,1740,156,1280,1181,1487,47,163,123,945
1589: 863,1177,1710,2017,1774,1319,1263,1752,856,1690,83,692,1079,1210,1740,1181,47,123
1590: 
1591: 1575,2003,253,1552,1417,807,491,1355,236,426
1592: 
1593: 431,95,1830,59,911,149,793
1762: 676
1595: 1249,2019,1977,435,1045,294,1781,1038,1479,1568,251,958,1088,1484,1128,477,1968,1903,855,670,1961,1099,180,41,1362
1812: 
1942: 866
1598: 1521,929,655,1216,1029,2008,208,1091,1257,1992,100,850,49
1599: 293,2012,1424,1956,1763,1332,1859,1471,1948
1600: 
1756: 41,1520,1578,1362,179,962,786,2019,435,1342,1419,251,1484,1943,1903,855,1540,670,1961
1602: 1712,1499,1204,339,2000,870,458,635,77,1432,302,394
1867: 
1604: 
1605: 1842,1379,393
1606: 469,201,1883,797,416,1360,122,1852,72,2015,1246,532,1562,938,121,862,98
1607: 
1608: 
1927: 1913,1831
1610: 1857,1409,1221,1745,1331,1863,1828,1073,663,227,141,314,808,193,1570,58,1810,2013,842,12,1764,26,1019
1611: 1300,1587,1118,1215,2014,1475,1938,650,555,448,1825,131,1879,247
1799: 45,2001,942,390,1185,713,261,1005,1769,1160,1276,1056,1705
1613: 1872,909
1614: 403,225,1528,178,1166,462,2009,1288,756,331,30,343,317,727
1615: 
1616: 
1982: 
1660: 452,1427,284
1664: 349,1627
1620: 1296
1621: 1344,1930
1622: 201,1965,1883,797,1138,1360,1957,122,1852,1401,13,2015,1246,769,532,1562,121,1452,1974
1623: 
1872: 1613,15
1625: 
1626: 
1627: 1664
1628: 
1629: 
1831: 1913,1927
1631: 2,787,723,1515
1632: 1491,1908
1633: 1575,928,1260,200,2003,558,876,760,1969,253,578,1804,1440,220,120,1023,638,426
1634: 179,962,786,2019,1798,1419,1943,1540
1635: 
1636: 
1637: 1980,1028
1638: 
1639: 1143,1329
1640: 
1641: 1446,1760,233,816,1399,1670,780,2010,1004,985,1120,1190,1214,298,473,936,963,1650,170,559,1476,1116,1024
1642: 25,1268,188,68,154,1743
1643: 
1644: 1509
1645: 684,1051,1222,1703
1646: 0,720
1647: 
1648: 
1924: 701,1713,1724,1714,597,1725,1330,2016,18,479,1381
1650: 144,1494,1123,590,1848,1309,221,473,948,527,936,963,1641,816,1399,2010,1004,1214,170,559,430,1738,319,1476,1116,1024
1780: 549,1952,174,1498,97,1274,1396
1652: 1733
1653: 1575,928,1260,2003,1179,876,253,578,220,120,1552,1417,807,1141,491,1023,1355,638,426
1654: 
1655: 
1706: 1464
1657: 61,711,641,1462
1658: 
1659: 1046,1816,1921,378,1339,2002,1791,87,1865,146,1240,129,172,296,273,1351,499,387,535,666