0: 660,676
1: 1912
2: 913,1066
1842: 
1687: 
5: 1336,1835,1592,651,1951,1388
6: 1406
7: 582,1331,1455,314,777,1863,193,1496,1409,1338,1225,1828,1745,2013,1610,1570,808,1584,1019,1810,1541,1265,514,1561,58,12,842,663,86,1073
8: 496,1761,312
9: 924,114,1160,1799,45,1276,593,1787,617,2001,1005,713,78,1434,304,1421
10: 1574,675,118,242,1623,1729,288
1781: 1943,1756,1634,1038,1568,698,1540,1362,41,958,1595,435,2019,1128,477,1099,1479,418,1520,1961,251,1484,1083,1034,1045,1342,855,940,1903,1798
12: 1561,58,842,141,663,26,86,1073,808,1584,1019,1221,1541,1265,514,1331,314,7,1863,193,1409,1338,1225,1828,1745,2013
13: 526,1121,1852,719,98,797,862,1158,2015,1926,34,1622,1452,938,267,121,201,1199,1360,1944,971,820,532,1464,718,1883,902,1957,1562,1606
14: 
15: 1500
16: 
17: 
18: 1724,1953,1714,1924,1228,2016,1381,1713,597,1725,1295,701,1330
19: 
1718: 337,1420,276,381,1501
21: 
22: 2004,361,1972,1579,112,1964,62,662,1677,1124,798,263,747,1858,833,1077,690,1997
23: 
24: 51,440
25: 1515,700
26: 1561,1857,58,12,842,141,663,86,567,1073,1570,808,1764,1224,1221,227,1541,1265,514,582,1331,777,193,1409,2013
27: 1922,138
28: 
1694: 
30: 145,2009,779,1205,427,1288,178,503,756,1049,727,1166,331,462,1971,1614
1703: 1051,1316,133,401,1365
32: 
33: 461,468
34: 526,1121,1852,130,719,72,98,797,862,1158,2015,13,1926,1622,1138,267,416,121,1199,1965,1944,971,820,532,718,1883,904,469,1957,1562,1606,122,769
1852: 526,1121,130,719,72,797,1158,2015,13,1926,34,1622,1138,938,267,416,121,1199,1360,1965,971,820,532,718,1957
36: 
37: 
38: 
39: 
40: 413
41: 1943,180,1756,1634,1038,294,1568,698,1540,786,1362,958,1595,435,2019,1128,477,1099,1479,962,418,1780,1961,251,1484,1083,1034,1342,855,940,1781,1798
42: 689
43: 
1934: 1882
45: 114,1160,1799,1276,593,261,1787,617,2001,1005,920,1056,713,78,1434,9,304,1421,1185,1769
46: 
47: 1690,1429,2017,1560,1394,949,1710,1280,863,1079,692,1319
48: 1647,155
49: 249,1257,2008,100,655,929,1060,333,1598,1521,1923,800,1275,1029,879,1992,1042,1167,850,1043,1896,1091,1736
1606: 1246,904,1974,902,469,1957,1562,130,98,862,2015,13,1926,34,1622,267,201,1944,971,820,532,718,769
51: 440,24,793,932
52: 1981,1373
53: 
54: 1377,365,1318,687,669,1052,1945,1837,2007,1988,1267,463,134,1823,1408,222,408
55: 
56: 
57: 
58: 1561,1857,12,842,141,663,26,86,567,1073,1570,808,1764,1221,227,1541,1265,514,1331,777,7,1863,193,1409,1338,1828,2013
59: 608,1108,1102,1192,143,1936,911
60: 761,881
61: 
62: 2004,361,1972,1579,112,1964,662,1677,1124,798,263,22,747,1858,833,946,1077,690,1997
63: 188,961
1794: 
65: 
66: 1278
1864: 1277,1980,867,906
68: 
69: 1792
70: 
71: 347
72: 1121,1852,130,98,2015,34,1622,1138,267,416,121,1965,532,718,904,1957,769
1735: 
74: 1435,1284,1103,313,1795,184,874,1469,1838,2011,914,1708,1699,1523,528,475,981,1853,611
75: 
76: 278,886
77: 1770,217,339,916,1800,870,635,685,229,2000,629,307,1712,302,132,1015,409,1499,574,1204,1728,1053,1993
78: 924,114,942,1160,1866,1799,45,939,1276,593,261,1787,617,2001,1005,920,1056,713,1434,9,304,1421,1185,1769
1744: 852,454,679
1746: 2018,1822,682,1159,1150,1577,831,1840,901,844,699,183,1027,1737,804,1750,1514,493,1545,506,814,405,541
81: 1377,365,1318,687,990,495,669,1052,1837,785,2007,1988,463,1823,1408,1684,1202
82: 
83: 1588,163,1263,1740,2017,123,1589,1394,1774,945,1860,1487,1079,1177,1210,1181
84: 111,269,1975,390
85: 1021,152,539,1807,1766,108
86: 1561,1857,58,12,842,141,663,26,567,1073,1570,808,1584,1019,1764,1221,227,1541,1265,514,582,1331,1455,777,7,1863,193,1409,1338,1828,1745,2013,1610
87: 1816,1046,146,499,387,535,2002,1351,1921,1659,378,1339,296,562,666,273
88: 
89: 1732,995,1785
90: 
1966: 1999
92: 1696
93: 656,400
1737: 804,1750,1514,493,1545,618,814,1356,405,541,1322,2018,831,844,1746
95: 735
96: 
97: 465
98: 1121,130,72,862,2015,13,1926,34,1622,267,121,1199,1965,1944,971,532,718,904,902,469,1957,1562,1606,122,769
1750: 1737,804,1514,493,1545,618,506,814,1356,405,541,1322,2018,1822,1150,1577,831,1840,844,699,183,1746
100: 249,2008,929,333,1598,49,1521,800,1275,1029,879,1042,1061,1167,850,1043,1091,208,1736
1978: 
2006: 1035,176,1350,1529,561,487,264,935,836,1095,377,573,1303,594,1697,653,1152,1824,358,1555,1000,934,1237,1494,732,335,478,362,494,1518
103: 
1925: 982,1132
1662: 
106: 
107: 
108: 1021,152,539,1807,85,1766,754
109: 1770,1819,217,458,339,685,229,2000,629,1432,307,1712,818,132,574,196,1728,1993
1833: 1761,312,548
111: 269,1975,390,84
112: 2004,361,1972,1579,1383,1964,62,662,1677,1124,798,263,22,747,882,1858,833,690,1997
113: 1344,763,1359
114: 924,942,1160,1866,1799,45,939,261,617,2001,1005,920,1056,713,78,1434,9,933,1185
115: 704
116: 
117: 
118: 1574,675,242,516,1623,10,1096,1729,1527
1725: 1724,479,1953,1228,2016,1381,1713,18,597,206,1330
120: 181,262,491,2003,1417,426,220,807,578,1653,876,1355,638,760,1969,253,236,928,1023,1591,1183,1575,1804,558,1260,1440
121: 526,1121,1852,130,719,72,98,797,862,1158,2015,13,1926,34,1622,1452,1138,938,267,416,201,1199,1360,1965,1944,971,820,532,718,1957,1562
122: 1246,1883,904,1974,469,1957,1562,130,719,98,797,2015,34,1622,267,1965,971,718,769
123: 1588,1429,163,1263,1740,2017,1560,1394,1774,945,1280,863,1860,1487,1079,692,1177,83,1210,1181
1673: 551,151
125: 
126: 
1775: 
128: 
129: 
130: 1121,1852,72,98,862,2015,1926,34,1622,267,121,1965,1944,971,532,718,904,469,1957,1562,1606,122,769
131: 1475,1938,2014,1300,1215,1587,1901,448,1879,225,1118,1825,1611
132: 1770,217,339,916,903,1800,870,77,685,1244,229,2000,629,1168,307,1712,818,302,1015,409,574,1204,1728,109,1053,1993
133: 1051,1316,401,1703,1365
134: 1377,365,1318,687,669,1945,54,785,2007,1988,1267,463,1823,1341,222,408
135: 
136: 313,1795,874,1469,1838,2011,914,1080,1699,1523,981,270
137: 
138: 1922,27
139: 686
140: 
141: 1561,1857,58,12,842,663,26,86,567,1073,1764,1221,1541,1265,514,1331,1409,2013
1963: 
143: 608,1108,1102,1192,1936,911,59
144: 319,590,963,985,1446,936,816,1214,1024,473,2010,1650,599,527,430,1399,298,1476,1004,170,233,1309,1120,559,1738,1116,1670
145: 343,2009,779,1205,1483,427,1371,1528,178,503,756,1049,403,30,1166,1892,331,317
146: 1816,1046,499,387,535,2002,1351,1921,1659,378,87,1339,296,562,666,1706,273,1865,1240,1308,1791,374
1916: 
148: 
149: 1593,1220,231,1854
150: 300,472
151: 213,551,1673
152: 1021,539,1807,85,1766,754,108
1892: 343,145,2009,779,1483,427,1371,1528,178,503,756,1049,403,1166,331,462,1614,317,1534
154: 
155: 48,1647
156: 1429,1263,2017,1394,945,863,692,1210,1181
157: 
158: 
159: 1873,1074
1957: 1246,1883,904,1974,902,469,1562,1606,122,1852,130,719,72,98,797,862,2015,13,1926,34,1622,267,121,1965,1944,971,820,718,769
161: 678,1279
162: 1743,282
163: 1588,1429,1263,1740,2017,123,1589,1560,1394,949,1774,945,1280,1860,1487,1079,692,856,1177,83,1752,1210,1181
1810: 1570,808,1584,1019,1764,1224,227,1265,514,582,1455,777,7,193,1409,1338,1225,2013,1610,663
165: 1927,1941
166: 1016
167: 
168: 
169: 
170: 319,590,936,816,1933,1024,473,2010,599,527,1399,144,1476
171: 
172: 1046,499,535,2002,1921,1659,1339,666,1791,374
173: 
174: 755
1638: 
176: 1035,1350,1529,561,487,264,935,836,1095,377,2006,358,1000,934,1237,1494,732,335,478,362,494,1518
177: 
178: 343,145,2009,779,1205,1483,427,1371,1528,503,756,1049,403,30,1892,331,462,1971,317,1534
179: 1943,180,1756,294,1568,786,2019,1099,1479,962,1780,1484,1083,1977
180: 1943,1634,1038,294,698,786,1362,41,2019,1128,1099,1479,1961,1484,1083,670,1977,1034,1419,855,179
181: 262,491,2003,1417,220,120,807,578,1653,1355,638,1969,253,236,1591,1440
182: 
183: 2018,1822,682,1159,1150,831,1840,901,844,699,1746,1027,1750,493,1545,506,814,541
184: 1435,1284,1103,313,1795,874,1469,1838,2011,914,1708,1080,1699,74,1523,528,475,981,1853,611
185: 
1615: 
1975: 111,269,390,84,443
188: 63,961
2001: 924,114,942,1160,1866,1799,45,939,1276,593,261,1787,617,1005,920,1056,713,78,1434,9,933,304,1421,1185,1769,1062,1772
190: 
191: 
192: 2012,293,1859,1424,351,1564,1599,414,1783,1471,1895,238,730,1533,821,417,1763
193: 582,1331,1455,314,777,7,1863,1496,1409,1338,1225,1828,1745,2013,1610,1570,808,1584,1019,1810,1221,227,1541,1265,514,1561,58,12,842,663,26,86,1073
194: 
195: 
196: 1770,1819,217,458,339,916,903,870,1602,635,685,1244,2000,629,1432,1168,307,1712,394,818,1499,574,109
1688: 
1995: 
199: 
200: 2003,1417,220,807,578,1653,876,1355,638,1141,1969,253,236,1260
201: 862,2015,13,1926,1452,267,121,1199,1360,1944,971,820,1464,718,1974,902,1562,1606
1626: 
203: 625,1189,1558,2018,682,1150,1577,1840,699,1983,1027,804,1514,493,506,1322
204: 509
205: 1231,1625,1326
206: 1330,1724,479,2016,1381,1713,597,1725
207: 
208: 1091,1736,249,2008,100,1060,333,1598,1521,800,1029,879,1061,1167,850,1896
209: 723
1826: 451,615,1130,1087,1382,500,812,1040,1321
211: 1193,1605
1753: 
213: 151
1803: 1272
1854: 231,1593,149
216: 1261
217: 1770,1819,458,339,916,1800,870,77,635,685,1244,229,2000,629,1432,1168,307,1712,394,818,302,132,1015,409,1499,574,196,1728,109,1993
218: 
1675: 
220: 181,262,491,2003,200,1417,426,120,807,578,1653,876,1355,638,760,1141,1969,253,236,928,1591,1183,558
221: 319,590,1446,936,816,1214,1933,473,948,2010,1650,527,1123,1554,1190,1760,780,233,811
222: 365,1318,687,990,669,1052,1945,1013,54,785,2007,1988,965,1267,463,134,1408,1341,1684,408,1202
223: 
224: 
225: 1475,1938,1127,131,803,2014,1300,1215,1587,1901,448,1879,555,247,1118,1825,1611,650,1258
226: 
227: 1764,1224,1221,1265,514,1570,808,1810,582,1455,777,193,2013,1610,1561,58,663,26,86,567,1073
228: 
229: 1770,1819,217,339,916,1800,77,685,2000,629,1432,307,1712,302,132,1499,574,1728,109,1993
230: 
231: 1854,149
232: 1546
233: 319,590,963,985,1446,936,1214,1024,473,2010,1650,1123,430,1554,1190,144,298,1760,1476,780,1004,221,811,1848,1641,1120,559,1738,1670
234: 
1906: 
236: 181,262,491,2003,200,1417,426,220,120,807,578,1653,876,1355,638,760,1141,1969,253,1260,1440
237: 916,903,1800,870,1602,635,1244,2000,629,1168,1015,409,1204
238: 2012,293,1859,1956,1424,351,1564,1599,1482,1256,1783,1471,192,1332,1948,730,1533,821,417,1763
239: 303,1233,1020,2005,1315,1676,1172,1033,1032,286,1940,1407,947,1563,1270,1243,1191
240: 1287,1153
1766: 1021,152,1807,85,108
242: 1574,675,118,1623,10,1729,288
1865: 1240,1308,1791,1719,1816,146,387,2002,1921,1706,273
244: 
245: 
246: 
247: 1475,1938,1127,803,2014,1300,1215,1587,1901,448,555,225,1118,1825,1611,650,1258
248: 277
249: 1257,2008,100,655,1216,1060,333,1598,49,1521,800,266,1275,1029,879,1042,1061,1167,850,1043,208
250: 1844,1683,1715
251: 1943,1756,1634,1038,698,1088,1540,1362,41,1578,958,1595,435,2019,1128,477,1099,1479,418,1780,1968,1249,1520,1961,1484,1083,670,1034,1045,1342,1419,855,940,1903,1781,1798
252: 
253: 181,262,491,2003,200,1417,426,220,120,807,1653,876,1355,760,1969,236,928,1023,1591,1183,1575,1804,558,1260,1440
254: 
255: 1996
256: 
257: 1182
258: 
259: 
1862: 585
261: 114,942,1160,1866,1799,45,939,1787,2001,1005,920,1056,713,78,1434,933,1185,1769,1062,1772
262: 181,491,2003,426,220,120,807,1653,253,236,928,1023,1591,1183,1575,1804,558,1633,1440
263: 2004,1972,112,62,1677,1124,798,22,690,1997
264: 1035,176,1350,1529,561,487,377,2006,1237,335,494
1884: 303,1233,1020,2005,1315,1676,1033,370,1032,286,1940,1407,947,1270
266: 249,1257,2008,655,1216,1060,333,1521,800,879,1061,1896
267: 526,1121,1852,130,719,72,98,797,862,1158,2015,13,1926,34,1622,1452,938,121,201,1199,1360,1965,1944,971,820,532,1464,718,1883,904,1974,902,469,1957,1562,1606,122,769
268: 1887,523
269: 111,1975,390,84
270: 981,136,313,1795,874,1469,1838,2011,1699,1523
1774: 163,1263,2017,123,1394,945,1860,1487,1177,83,1210,1181
272: 
273: 1816,1046,146,499,387,535,2002,1351,1921,378,87,296,562,666,1706,1865,1240,1308,1791
274: 631
1924: 1724,1953,1714,1228,2016,1381,18,1295,701
276: 337,1420,381,1718,1501
277: 534,248,887
278: 76,886
279: 1372,1839,1512
1804: 1591,1183,1575,558,1633,262,2003,426,120,253,928,1023,1440
281: 
282: 162,1743
1866: 924,114,942,1160,1799,939,261,617,2001,1005,920,1056,713,78,933
284: 1289,1987
1882: 412,1934
286: 239,1020,2005,1676,1172,1884,1033,370,1032,1940,1407,947,1563,1270,1243,1191
1657: 
288: 1574,675,242,1623,10
289: 1436,659
290: 
1736: 1091,208,2008,100,929,1598,49,1029,879,1992,1167,850,1043
292: 1491
293: 2012,1424,351,1564,1599,414,1471,192,1332,238,730,1533,417
294: 1943,180,1756,1634,1038,1568,698,786,41,958,435,2019,1099,1479,962,1780,1249,1961,1484,1083,670,1977,1034,1419,940,179
1650: 319,590,963,1446,936,816,1214,1024,473,948,2010,527,430,1554,1190,144,298,1760,1476,780,1004,221,233,811,1848,1120,559,1670
296: 1816,1046,146,387,535,2002,1351,1921,1659,378,87,1339,562,666,1706,273
297: 
298: 319,590,963,985,1446,936,816,1214,1024,473,2010,1650,599,430,1190,144,1476,1004,233,811,1641,1120,559,1738,1116,1670
299: 1143,1361
300: 150,472
301: 
302: 217,339,916,1800,870,77,685,229,2000,629,307,132,1015,409,574,1204,1728,1053,1993
303: 1233,239,1020,2005,1315,1676,1172,1884,1033,1032,947,1563,1270
304: 1421,1799,45,1276,593,1787,2001,1005,713,78,1434,9,1769
305: 
306: 
307: 1770,1819,217,339,916,903,1800,870,77,635,685,1244,229,2000,629,1432,1168,1712,818,302,132,1015,409,1499,574,196,1728,109,1993
1938: 1475,131,803,2014,1300,1215,1587,1901,448,1879,555,247,225,1611
1869: 
310: 632
311: 
312: 1833,1761,548,8,496
313: 1435,1284,136,1795,184,1433,874,1469,1838,2011,914,1708,1080,1699,74,1523,270
314: 1331,1455,777,7,1863,193,1496,1409,1338,1225,1828,1745,2013,12,842,1073
1714: 1724,479,1924,1228,2016,1381,18,597
1993: 217,339,916,1800,870,77,685,229,2000,629,307,1712,302,132,1015,409,574,1728,109,1053
317: 1614,1534,343,145,2009,779,1371,178,503,756,1049,1892,331,1971
318: 
319: 590,963,1446,936,816,1214,1933,1024,473,948,2010,1650,599,527,1123,430,1399,1554,1190,144,298,1476,780,1004,221,170,233,811
320: 
321: 1453,873,445
322: 
323: 1939
1902: 
1733: 
326: 
1953: 1724,1924,1228,2016,1381,1713,18,597,1725,1295,701,1330
1851: 977
329: 
330: 
331: 343,145,2009,779,427,1371,1288,178,503,756,1049,403,30,1166,1892,462,1971,1614,317,1534
332: 
333: 249,1257,2008,100,655,1216,1060,1598,49,1521,1923,800,266,1275,1029,879,1992,1042,1061,1167,850,1043,1896,208
334: 1646,392,1536,905,587
335: 934,1237,1494,732,362,494,1518,1035,176,1350,561,487,264,836,1095,377,2006,1000
1708: 1435,1284,1103,313,1795,184,1433,874,1469,1838,2011,914,1080,1699,74,1523,528,1853
337: 456,1115,1420,276,737,381,1718
338: 439,1917
339: 1770,1819,217,916,1800,870,77,635,685,1244,229,2000,629,1168,307,1712,818,302,132,1015,409,1499,574,196,1728,109,1053,1993
340: 
341: 776
1976: 1173
343: 145,2009,779,1205,1483,427,1371,1528,178,503,756,1049,403,1166,1892,331,462,317,1534
344: 
1719: 1865,1240,1308,1791,374,499,387,2002,1921,1706
1933: 319,590,936,816,1214,1024,473,948,2010,599,527,1123,1399,1554,221,170
347: 71
1911: 1470,950,1187
349: 
350: 
351: 2012,293,1859,1956,1424,1564,1599,414,1482,1256,1783,1471,192,1895,1332,238,1948,730,1533,821,417,1763
352: 761
1970: 391
354: 
355: 
356: 
357: 
358: 653,1152,1824,1555,1000,573,1303,594,1697,176,1350,561,935,1095,2006,934,1237,732,478,1518
1796: 
360: 
361: 2004,1972,1579,1383,112,1964,62,662,1677,1124,798,22,747,882,1858,833,946,1077
362: 934,1237,1494,732,335,478,494,1518,176,561,836,1095,377,2006,1152,1824,1555,1000
363: 1702,1973
364: 591,1889
365: 1377,1318,81,687,990,669,1052,1945,1013,54,1837,785,2007,1988,1267,463,134,1823,1408,1341,222,408,1202
366: 
367: 
1676: 303,239,1020,2005,1172,1884,370,1032,286,1940,1270,1191
369: 
370: 1020,2005,1676,1172,1884,1033,1032,286,1940,1407,947,1270
1838: 1435,1284,136,313,1795,184,1433,874,1469,2011,914,1708,1080,1699,74,1523,270
372: 428
1893: 1297
374: 1240,1308,1791,1719,1046,146,499,387,535,2002,1921,1659,378,562,172,666
1913: 1171
376: 
377: 1035,176,1350,1529,561,487,264,935,836,1095,2006,1303,594,1555,1000,934,1237,1494,732,335,362,494,1518
378: 1816,1046,146,499,387,535,2002,1351,1921,1659,87,1339,296,562,666,1706,273,1240,1308,374
379: 
1901: 1475,1938,1127,131,803,2014,1300,1215,448,1879,247,225,1118,1825,1611
381: 456,1115,337,1420,276,737,1718
382: 
383: 1722,486,1748,762
384: 1548
1974: 1246,1883,904,902,469,1957,1562,1606,122,719,2015,1926,1622,267,201,971,820,718
1715: 1683,1844,250
387: 1816,1046,146,499,535,2002,1351,1921,1659,378,87,296,562,666,1706,273,1865,1240,1308,1791,1719,374
1713: 1724,479,1953,1228,2016,1381,18,597,1725,206,1330
389: 
390: 111,269,1975,84,443
391: 1970
392: 1646,334,1536,905,587
393: 937,1142
394: 1770,1819,217,458,903,635,1244,2000,1432,1168,1712,818,1499,196
395: 
396: 
1782: 
1730: 
399: 
400: 656,93
401: 1051,1316,133,1703,1365
402: 
403: 343,145,2009,1205,1483,427,1371,1528,178,1049,727,1166,1892,331
404: 
405: 1737,804,1750,1514,493,1545,618,506,814,1356,1322,2018,1822,1159,1150,1577,831,1840,844,1746
406: 
1958: 1203,1058
408: 365,1318,687,990,669,1052,1945,1013,54,785,2007,1988,965,1267,463,134,1823,1408,1341,1684,222,1202
409: 217,237,339,916,903,1800,870,77,685,1244,2000,629,1168,307,302,132,1015,1204,1728,1053,1993
410: 
411: 1135
412: 1882
413: 40
414: 2012,293,1424,351,1564,1599,1471,192,1895,730,1533,417
415: 
416: 526,1121,1852,72,2015,34,1138,938,121,1199,532
417: 2012,293,1424,351,1564,1599,414,1256,1783,1471,192,1332,238,730,1533
418: 1634,698,1088,1540,1362,41,1578,958,1595,435,2019,1128,477,1099,1520,1961,251,1034,1045,1342,855,940,1903,1781,1798
419: 1247,1299
420: 1930
1930: 420
1894: 1905,1627
423: 
1937: 
425: 
426: 262,491,2003,1417,220,120,807,578,876,760,1969,253,236,928,1023,1591,1183,1575,1804,558,1440
427: 343,145,2009,779,1205,1483,1371,1528,1288,178,503,756,1049,727,403,30,1166,1892,331,462,1971
428: 372
1956: 2012,1859,1424,351,1564,1599,1482,1256,1783,1471,1332,238,1948,730,1533,1763
430: 319,590,963,985,1446,936,816,1214,1024,473,948,2010,1650,599,1123,1399,144,298,1476,780,1004,233,1309,811,1641,1120,559,1738,1116,1670
431: 
432: 1239
433: 1012
1939: 323
435: 1756,1634,1038,294,1568,698,1088,41,1578,958,1595,2019,1099,1479,962,418,1780,1249,1961,251,1484,1083,670,1045,1342,940,1903,1781,1798
436: 1147
1654: 
438: 858
439: 338,1812,1917
440: 51,24,793,932
441: 
1716: 1573,1707,1664,1157
443: 1975,390
444: 
445: 1453,873,321
446: 
447: 1797,830,649,1530
448: 1475,1938,1127,131,803,2014,1300,1215,1587,1901,1879,555,247,225,1118
449: 
450: 
451: 1826,615,1130,1087,500,812,1040
452: 
453: 
454: 852,1744,679
455: 
456: 1115,337,1420,737,381
457: 1404,1768,1767,695
458: 1770,1819,217,2000,1432,1168,1712,394,818,1499,196,109
459: 
460: 
461: 33
462: 343,2009,779,1205,427,1371,1288,178,503,756,1049,727,30,1166,1892,331,1971,1614
463: 1377,365,1318,81,687,990,669,1052,1945,54,1837,785,2007,1988,1267,134,1823,1408,1341,222,408,1202
464: 
465: 97
466: 
1945: 365,1318,687,669,1013,54,785,2007,1988,1267,463,134,1341,222,408,1202
468: 33
469: 1246,1883,904,1974,902,1957,1562,1606,122,130,98,2015,34,1622,267,1965,1944,971,718,769
470: 
1927: 165,1941
472: 300,150
473: 319,590,963,985,1446,936,816,1214,1933,1024,948,2010,1650,599,527,1123,430,1399,1554,1190,144,298,1476,780,1004,221,170,233,1309,811,1641,1120,559,1738,1116,1670
1610: 582,1331,1455,777,7,193,1496,1409,1338,1225,1745,2013,1570,808,1584,1019,1810,1224,227,1265,514,1561,663,86,1073
475: 528,981,1853,611,1103,1795,184,874,2011,74,1523
476: 1805
477: 1943,1756,1634,1568,698,1540,1362,41,958,1595,2019,1128,1099,1479,418,251,1083,1034,940,1781,1798
478: 934,1237,1494,732,362,1518,1697,176,561,2006,1152,1824,358,1000
479: 1724,1714,1228,2016,1381,1713,597,1725,206,1330
480: 
481: 
1668: 1891
1710: 1690,1429,1740,2017,1589,1560,1394,47,949,1280,1079,856,1319,1752,1210
1980: 1805,1277,1864,1028,867,906
485: 1428
486: 1722,383,1748,762
487: 1035,176,1350,1529,561,264,935,1095,377,2006,1237,335,494,1518
1879: 1475,1938,131,2014,1300,1215,1901,448,225,1118
1787: 45,1276,593,261,2001,1005,713,78,1434,9,304,1421,1185,1769
490: 
491: 181,262,2003,1417,426,220,120,578,638,760,1969,253,236,928,1591,1183,1575,558
492: 
493: 1737,804,1750,1514,1545,618,506,814,1356,405,541,203,2018,1822,682,1159,1150,1577,831,1840,844,699,183,1746,1027
494: 1237,1494,335,362,1518,1035,176,1350,561,487,264,377,2006
495: 81,687,1784,990,1052,1013,2007,1988,965,1408,1684,1202
496: 8,312,548
497: 1910,1811
1968: 1634,1038,698,1088,1362,1578,1595,2019,1520,1961,251,670,1342,1419,855
499: 1816,1046,146,387,535,2002,1921,1659,378,87,1339,562,172,666,1706,273,1240,1308,1791,1719,374
500: 1826,451,615,1130,1087,1382,812,1321
501: 
502: 1885
503: 343,145,2009,779,1205,427,1371,178,756,1049,30,1892,331,462,1971,1614,317,1534
504: 
2010: 319,590,963,985,1446,936,816,1214,1933,1024,473,948,1650,599,527,1123,430,1399,1554,1190,144,298,1760,1476,780,1004,221,170,233,1309,811,1848,1641,1120,559,1738,1116,1670
506: 804,1750,1514,493,1545,618,814,1356,405,1322,1189,203,2018,1822,682,1150,1577,831,1840,844,699,1983,183,1746,1027
1759: 
1770: 1819,217,458,339,916,870,77,635,685,1244,229,2000,629,1432,1168,307,1712,394,818,132,1499,574,196,1728,109
509: 204
510: 
511: 
1697: 573,1303,594,935,1095,2006,653,1152,1824,358,1555,1000,934,1494,732,478,1518
513: 
514: 1764,1224,1221,227,1541,1265,1570,808,1584,1019,1810,582,1331,1455,777,7,193,1409,1225,2013,1610,1561,58,12,141,663,26,86,1073
515: 
516: 118,1096,1729,1527
517: 1081,1071,571,1550
518: 1223,1543
519: 
520: 711
1849: 943,1266,1954,967
1977: 180,1756,1038,294,1568,786,2019,1099,1479,962,1780,1249,1961,1484,1083,670,179
523: 1887,268
524: 
525: 1335
526: 1121,1852,797,1158,2015,13,1926,34,1622,1138,938,267,416,121,1199,1360,820,532
527: 319,590,936,816,1933,1024,473,948,2010,1650,599,1399,1554,1190,144,221,170
528: 475,981,1853,611,1284,1103,1795,184,874,2011,914,1708,1699,74,1523
529: 
530: 984
531: 1868
532: 526,1121,1852,130,72,98,862,2015,13,1926,34,1622,1138,938,267,416,121,1199,1965,1944,971,718,1606
533: 
534: 277,887
535: 1816,1046,146,499,387,2002,1351,1921,1659,378,87,1339,296,562,172,666,273,1791,374
1682: 
2003: 181,262,491,200,1417,426,220,120,807,578,1653,876,1355,638,760,1141,1969,253,236,928,1023,1591,1183,1575,1804,558,1633,1260,1440
538: 1247,1299
539: 152,1807,85,754,108
540: 
541: 1737,1750,493,1545,814,2018,1822,1159,831,699,183,1746
1789: 
543: 
1663: 
1768: 1404,457,1767,695
546: 579
547: 898,680,1758
548: 1833,1761,312,496
549: 
1997: 833,1077,690,2004,112,62,662,1677,1124,798,263,22,1858
551: 1673,151
552: 
553: 
1643: 
555: 1475,1938,1127,803,2014,1587,448,247,225,1611,650,1258
556: 
557: 
558: 1591,1183,1575,1804,1633,262,491,2003,426,220,120,807,1653,253,928,1023,1440
559: 1120,1738,1116,1670,963,985,936,1214,1024,473,2010,1650,599,430,1399,144,298,1476,1004,233,1309,811,1641
560: 
561: 1035,176,1350,1529,487,264,935,836,1095,377,2006,1303,594,358,1555,1000,934,1237,1494,732,335,478,362,494,1518
562: 1816,1046,146,499,387,535,2002,1351,1921,1659,378,87,1339,296,666,1706,273,1240,1308,374
1727: 
564: 
565: 
566: 
567: 1561,1857,58,141,663,26,86,1073,1764,1224,1221,227,1265,777,2013
568: 
2013: 582,1331,1455,314,777,7,1863,193,1496,1409,1338,1225,1828,1745,1610,1570,808,1584,1019,1810,1764,1224,1221,227,1541,1265,514,1561,1857,58,12,842,141,663,26,86,567,1073
570: 
571: 1081,1071,1550,517
572: 
573: 1303,594,1697,935,1095,2006,653,1152,1824,358,1555,1000,732
574: 1770,1819,217,339,916,1800,870,77,1602,635,1244,229,2000,629,1168,307,1712,302,132,1015,1499,196,1728,109,1993
575: 627,1048,1025
576: 
1690: 1429,2017,1560,47,949,1710,1280,863,1079,856,1319
578: 181,491,2003,200,1417,426,220,120,1355,638,760,1141,1969,236
579: 546
580: 1616,909
1830: 
582: 1331,1455,777,7,193,1496,1409,1338,1225,1828,2013,1610,1570,808,1019,1810,1764,1224,227,1265,514,1561,663,26,86,1073
1910: 497,1811
584: 
585: 1862
586: 
587: 1536,905,392,334
588: 1009,839,1285
1829: 
590: 319,963,985,1446,936,816,1214,1933,1024,473,948,2010,1650,599,527,1123,430,1399,1554,1190,144,298,1760,780,221,170,233,811
591: 1889,364
592: 
593: 1799,45,1276,1787,617,2001,1005,713,78,1434,9,304,1421
594: 573,1303,1697,1350,1529,561,935,836,1095,377,2006,653,1152,1824,358,1555,1000,934,1494,732,1518
595: 
596: 
597: 1724,479,1953,1714,1228,2016,1381,1713,18,1725,1295,206,1330
1642: 1681
599: 319,590,963,985,936,816,1214,1933,1024,473,948,2010,527,430,1399,144,298,1476,170,1309,559,1738,1116
600: 1991
601: 
2012: 293,1859,1956,1424,351,1564,1599,414,1482,1256,1783,1471,192,1895,1332,238,1948,730,1533,821,417,1763
603: 826,1050
604: 1732,1259
605: 1832,781
606: 
607: 
608: 1108,1102,1192,143,1936,911,59
1929: 
610: 
611: 528,475,981,1853,1103,184,874,2011,74
612: 616
613: 
1652: 987
615: 1826,451,1130,1087,1382,500,812,1321
616: 612
617: 924,114,1160,1866,1799,45,939,593,2001,1005,1056,713,78,9
618: 1737,804,1750,1514,493,506,814,1356,405,1322,2018,1150
619: 
620: 722,896,1914,832
621: 
622: 
1859: 2012,1956,1424,351,1564,1599,1482,1256,1783,192,1895,238,1948,730,1533,821,1763
624: 1441,1726
625: 1189,1558,203,2018,682,1577,1840,1983,1027,1514
626: 1731
627: 575,1048
628: 
629: 1770,1819,217,237,339,916,903,1800,870,77,1602,635,685,1244,229,2000,1168,307,1712,818,302,132,1015,409,1499,574,1204,196,1728,109,1053,1993
630: 
631: 274
632: 310
633: 
634: 
635: 1770,1819,217,237,339,916,903,1800,870,77,1602,1244,2000,629,1168,307,1712,394,818,1015,1499,574,196
636: 
637: 
638: 181,491,2003,200,1417,220,120,807,578,1653,1355,1141,1969,236
1855: 
1844: 250,1683,1715
641: 
642: 
643: 
1712: 1770,1819,217,458,339,916,903,870,77,635,685,1244,229,2000,629,1432,1168,307,394,818,132,1499,574,196,1728,109,1993
645: 
1742: 854
1828: 582,1331,1455,314,777,7,1863,193,1496,1338,1745,2013,1265,1561,58,12,842,663,86,1073
1943: 180,1756,1634,1038,294,1568,698,41,958,2019,1128,477,1099,1479,962,1780,251,1484,1083,1034,940,179,1781,1798
649: 1797,830,447,1530
650: 1825,1611,1127,803,2014,1300,1587,555,247,225,1118,1258
651: 1336,1835,5,1592,1951,1388
1922: 138,27
653: 1152,1824,358,1555,1000,573,1303,594,1697,1095,2006,934,1494,732
1659: 1046,146,499,387,535,2002,1921,378,87,1339,296,562,172,666,1308,374
655: 249,1257,2008,1216,1060,333,1598,49,1521,1923,800,266,1275,1029,879,1992,1061,850,1896
656: 400,93
657: 
1795: 1435,1284,136,1103,313,184,1433,874,1469,1838,2011,914,1708,1080,1699,74,1523,528,475,981,1853,270
659: 289
660: 0,676
1706: 1816,1046,146,499,387,2002,1921,378,296,562,666,273,1865,1240,1308,1719
662: 2004,361,1972,1579,112,62,1677,1124,798,22,747,882,1858,833,946,1077,690,1997
663: 1561,58,12,842,141,26,86,567,1073,1570,808,1584,1019,1810,1764,1224,1221,227,1541,1265,514,582,1331,1455,777,7,1863,193,1409,1338,1225,1828,1745,2013,1610
664: 1180
1921: 1816,1046,146,499,387,535,2002,1351,1659,378,87,296,562,172,666,1706,273,1865,1240,1308,1791,1719,374
666: 1816,1046,146,499,387,535,2002,1351,1921,1659,378,87,1339,296,562,172,1706,273,1308,374
1748: 1722,383,486,762
668: 1059,1576,1669
669: 1377,365,1318,81,687,990,1052,1945,1013,54,785,2007,1988,1267,463,134,1823,1408,1341,222,408,1202
670: 180,1756,1634,1038,294,698,1088,786,1578,1595,435,2019,1099,1479,962,1780,1968,1249,1961,251,1484,1083,1977,1034,1342,1419,855
1635: 
2000: 1770,1819,217,237,458,339,916,903,1800,870,77,1602,635,685,1244,229,629,1432,1168,307,1712,394,818,302,132,1015,409,1499,574,1204,196,1728,109,1053,1993
673: 1556
1806: 
675: 1574,118,242,1623,10,1729,288
676: 660,0
677: 
678: 1279,161
679: 852,454,1744
680: 898,547,1758
681: 
682: 2018,1822,1159,1150,1577,831,1840,901,844,699,1983,183,1746,1027,625,1189,1558,203,1514,493,506
683: 
684: 1628
685: 1770,217,339,870,77,1244,229,2000,629,1432,1168,307,1712,818,302,132,409,196,1728,109,1993
686: 139
687: 1377,365,1318,81,990,495,669,1052,1945,1013,54,785,2007,1988,1267,463,134,1823,1408,1341,1684,222,408,1202
688: 
689: 42
690: 833,1077,1997,2004,1972,112,62,662,1677,1124,798,263,22,1858
691: 
692: 1429,163,1263,1740,2017,123,1560,1394,47,949,945,863,1487,1079,156,1752,1210,1181
693: 731
694: 
695: 1404,457,1768,1767
696: 
697: 
698: 1943,180,1756,1634,1038,294,1568,1088,1540,786,1362,41,1578,958,1595,435,2019,1128,477,1099,1479,962,418,1780,1968,1249,1520,1961,251,1484,1083,670,1034,1342,1419,855,940,1903,1781
699: 2018,1822,682,1159,1150,1577,831,1840,183,1746,1027,203,1750,1514,493,1545,506,814,1356,541
700: 1515,25
701: 1295,1330,1724,1953,1924,2016,18
2009: 343,145,779,1205,1483,427,1371,1528,1288,178,503,756,1049,727,403,30,1166,1892,331,462,1971,1614,317,1534
703: 1311
704: 115
705: 
1620: 
1655: 794,712
708: 
709: 
710: 
711: 520
712: 794,1655
713: 924,114,942,1160,1866,1799,45,1276,593,261,1787,617,2001,1005,920,1056,78,1434,9,304,1421,1185,1769
2011: 1435,1284,136,1103,313,1795,184,1433,874,1469,1838,914,1708,1080,1699,74,1523,528,475,981,1853,611,270
1780: 1943,1756,1634,1038,294,1568,698,1088,786,41,958,435,2019,1099,1479,962,1249,1961,251,1484,1083,670,1977,1342,940,179,1903
716: 
717: 
718: 1852,130,719,72,98,797,862,2015,13,1926,34,1622,1452,267,121,201,1199,1965,1944,971,820,532,1246,1883,904,1974,902,469,1957,1562,1606,122,769
719: 1852,797,1158,2015,13,1926,34,1622,267,121,1360,1965,971,820,1464,718,1883,1974,902,1957,1562,122
720: 
1941: 1927,165
722: 896,1914,832,620
723: 209,1266
1636: 
725: 741
1887: 268,523
727: 2009,1205,427,1528,1288,1049,403,30,1166,462
728: 
729: 
730: 2012,293,1859,1956,1424,351,1564,1599,414,1482,1256,1783,1471,192,1895,238,1948,1533,821,417,1763
731: 693
732: 934,1237,1494,335,478,362,1518,573,1303,594,1697,176,1350,1529,561,935,836,1095,377,2006,653,1152,1824,358,1555,1000
1648: 
1717: 
735: 95
1983: 2018,1822,682,1159,1150,1577,831,1840,901,844,1027,625,1189,1558,203,1514,506
737: 456,1115,337,1420,381
738: 
739: 
740: 
741: 725
1848: 963,1446,2010,1650,1190,1760,780,1004,233,811,1120
743: 
744: 
745: 
746: 
747: 2004,361,1972,1579,1383,112,1964,62,662,1677,798,22,882,1858
748: 
749: 
750: 
1613: 
752: 1175
753: 1282
754: 1021,152,539,108,1329
755: 174
756: 343,145,2009,779,1205,427,1371,1288,178,503,1049,30,1892,331,462,1971,1614,317,1534
1639: 1680,1658
758: 
1660: 1055
760: 491,2003,1417,426,220,120,578,1141,1969,253,236,928,1591,1183
761: 60,352
762: 1722,383,486,1748
763: 1344,113,1359
764: 
765: 1702,1973
766: 
1870: 815,1151
1700: 
769: 1246,904,469,1957,1606,122,130,72,98,2015,34,1622,267,1965,971,718
770: 1990
771: 
772: 
773: 
774: 
775: 
776: 341
777: 582,1331,1455,314,7,193,1496,1409,1338,1225,1828,1745,2013,1610,1570,808,1019,1810,227,1265,514,1561,58,842,663,26,86,567,1073
2015: 526,1121,1852,130,719,72,98,797,862,1158,13,1926,34,1622,1452,1138,938,267,416,121,201,1199,1360,1965,1944,971,820,532,1464,718,1246,1883,904,1974,902,469,1957,1562,1606,122,769
779: 343,145,2009,1205,427,1371,1528,1288,178,503,756,1049,30,1166,1892,331,462,1971,1614,317
780: 319,590,963,1446,936,1214,1024,473,948,2010,1650,1123,430,1554,1190,1760,1004,221,233,811,1848,1641
781: 1832,605
1769: 1185,1062,1772,304,1421,942,1799,45,1276,261,1787,2001,1056,713,78,1434
783: 
1684: 81,687,1784,990,495,1052,1013,2007,1988,965,1408,222,408,1202
785: 365,1318,81,687,990,669,1945,1013,2007,1267,463,134,1408,1341,222,408,1202
786: 180,1756,1634,1038,294,698,41,2019,1099,1479,962,1780,1249,1961,1484,1083,670,1977,1034,1342,1419,855,179
787: 
1891: 1668
789: 
790: 
791: 
792: 
793: 51,440,932
794: 1655,712
795: 1625
796: 
797: 526,1852,719,1158,2015,13,1926,34,1622,1138,267,121,1360,1965,971,820,1464,718,1883,1957,1562,122
798: 2004,361,1972,1579,1383,112,1964,62,662,1677,1124,263,22,747,882,1858,833,946,1077,690,1997
799: 
800: 249,1257,2008,100,655,1216,1060,333,1598,49,1521,1923,266,1275,1029,879,1992,1042,1061,1167,850,1896,1091,208
1761: 1833,312,548,8
1738: 1120,559,1116,1670,963,985,936,1214,1024,473,2010,599,430,144,298,1476,1004,233,1309,1641
803: 1475,1938,1127,2014,1300,1215,1587,1901,448,555,247,225,1118,1825,1611,650,1258
804: 1737,1750,1514,493,1545,618,506,814,1356,405,1322,1189,203,2018,1150,1577,831,1840,844,1746
805: 
806: 1458
807: 181,262,2003,200,1417,426,220,120,1653,876,1355,638,1969,253,236,928,1023,558,1260,1440
808: 1570,1584,1019,1810,1764,1224,1221,227,1541,1265,514,582,1331,1455,777,7,193,1409,1338,1225,1745,2013,1610,1561,58,12,663,26,86,1073
1699: 1435,1284,136,313,1795,184,1433,874,1469,1838,2011,914,1708,1080,74,1523,528,981,270
810: 
811: 319,590,963,985,1446,936,1214,1024,473,948,2010,1650,1123,430,1554,1190,298,1760,780,1004,221,233,1848,1641,1120,559
812: 1826,451,615,1130,500,1040,1321
813: 
814: 1737,804,1750,1514,493,1545,618,506,1356,405,541,2018,1822,1159,1150,831,844,699,183,1746
815: 1151,1870
816: 319,590,963,985,936,1214,1933,1024,473,948,2010,1650,599,527,1123,430,1399,1554,1190,144,298,1476,221,170,1309,1116
1637: 
818: 1770,1819,217,458,339,903,870,635,685,1244,2000,629,1432,1168,307,1712,394,132,1499,196,1728,109
1633: 1552,1575,1804,558,262,2003,1023,1440
820: 526,1852,719,797,862,1158,2015,13,1926,34,1622,1452,938,267,121,201,1199,1360,971,1464,718,1883,1974,902,1957,1562,1606
821: 2012,1859,1424,351,1599,1482,1256,1783,1471,192,1895,238,1948,730,1533,1763
822: 
1607: 951
824: 
2017: 1690,1588,1429,163,1263,1740,123,1589,1560,1394,47,949,1774,945,1710,1280,863,1860,1487,1079,692,156,856,1177,1319,83,1752,1210,1181
826: 603,1050
827: 
1757: 
829: 
830: 1797,447,649,1530
831: 2018,1822,682,1159,1150,1577,1840,901,844,699,1983,183,1746,1027,1737,804,1750,1514,493,1545,506,814,405,541
832: 722,896,1914,620
833: 946,1077,690,1997,2004,361,1579,112,62,662,1124,798,22,1858
834: 
1729: 1574,675,118,242,516,1623,10,1096,1527
836: 1035,176,1350,1529,561,935,1095,377,2006,1303,594,1555,1000,934,1237,1494,732,335,362,1518
837: 
1985: 
839: 588,1009,1285
1984: 
1669: 668,1059,997
842: 1561,1857,58,12,141,663,26,86,1073,1541,1265,1331,1455,314,777,7,1863,193,1409,1338,1828,1745,2013
843: 1453,873
844: 2018,1822,682,1159,1150,1577,831,1840,901,1983,183,1746,1737,804,1750,1514,493,1545,506,814,405
1670: 1120,559,1738,1116,963,985,1446,1024,473,2010,1650,430,144,298,1476,1004,233,1641
1758: 898,547,680
1702: 363,1973,765
2004: 361,1972,1579,1383,112,1964,62,662,1677,1124,798,263,22,747,882,1858,833,946,1077,690,1997
1816: 1046,146,499,387,535,2002,1351,1921,378,87,1339,296,562,666,1706,273,1865,1240,1308
850: 249,1257,2008,100,655,929,1216,1060,333,1598,49,1521,1923,800,1275,1029,879,1992,1061,1167,1896,1091,208,1736
851: 1340
852: 454,1744,679
853: 
854: 1742
855: 180,1634,1038,698,1540,786,1362,41,1578,1595,2019,1128,1099,418,1968,1520,1961,251,1484,1083,670,1034,1342,1419,1781
856: 1690,163,1740,2017,1589,1560,1394,949,1710,1280,1079,1177,1319,1752
857: 
858: 438
1821: 
860: 
861: 
862: 1121,130,98,1158,2015,13,1926,34,1622,1452,938,267,121,201,1199,1360,1944,971,820,532,1464,718,902,1957,1562,1606
863: 1690,1429,1263,1740,2017,123,1560,1394,47,949,1280,1079,692,156,1177,1319,1210,1181
864: 
1827: 
866: 
867: 1277,1980,1864,1028,906
868: 
1950: 
870: 1770,217,237,339,916,903,1800,77,1602,635,685,1244,2000,629,1168,307,1712,818,302,132,1015,409,1499,574,1204,196,1728,1053,1993
1623: 1574,675,118,242,10,1729,288
1740: 1588,1429,163,1263,2017,123,1589,1560,1394,949,945,1710,1280,863,1860,1487,1079,692,856,1177,83,1752,1210
873: 1453,445,843,321
874: 1284,136,1103,313,1795,184,1469,1838,2011,914,1708,1080,1699,74,1523,528,475,981,1853,611,270
1622: 526,1121,1852,130,719,72,98,797,862,1158,2015,13,1926,34,1138,267,121,1360,1965,1944,971,820,532,718,1883,904,1974,902,469,1957,1562,1606,122,769
876: 2003,200,1417,426,220,120,807,1653,1355,1969,253,236,928,1023,1260,1440
877: 1161
1785: 1732,1259,995,89
879: 249,1257,2008,100,655,929,1060,333,1598,49,1521,1923,800,266,1275,1029,1992,1042,1061,1167,850,1043,1091,208,1736
880: 
881: 60
882: 2004,361,1972,1579,1383,112,1964,662,798,747,1858
1972: 2004,361,1579,1383,112,1964,62,662,1677,798,263,22,747,882,1858,690
884: 
885: 1292
886: 76,278
887: 277,534
1895: 2012,1859,351,1564,1599,414,192,730,1533,821,1763
1658: 1639,1680
890: 1489
1709: 
892: 
893: 
894: 
1728: 1770,217,339,1800,870,77,685,229,2000,629,1432,307,1712,818,302,132,409,574,109,1993
896: 722,1914,832,620
897: 1036,1078,1450
898: 547,680,1758
899: 
1960: 
901: 2018,1822,682,1159,1150,1577,831,1840,844,1983,183,1746,1027,1558
902: 1883,904,1974,469,1957,1562,1606,719,98,862,2015,13,1926,1622,1452,267,201,1944,971,820,1464,718
903: 237,916,870,1602,635,1244,2000,629,1168,307,1712,394,818,132,1015,409,1204,196
904: 1246,1974,902,469,1957,1562,1606,122,130,72,98,2015,34,1622,267,1965,1944,718,769
905: 1536,587,1646,392,334
906: 1277,1980,1864,1028,867
2007: 1377,365,1318,81,687,1784,990,495,669,1052,1945,1013,54,1837,785,1988,965,1267,463,134,1823,1408,1341,1684,222,408,1202
1853: 528,475,611,1103,1795,184,874,2011,1708,74
909: 580,1616
1832: 605,781
911: 608,1108,1102,1192,143,1936,59
912: 
913: 2,1066
914: 1435,1284,136,313,1795,184,1433,874,1469,1838,2011,1708,1080,1699,74,1523,528
1764: 1224,1221,227,1541,1265,514,1570,808,1810,582,2013,1561,58,141,663,26,86,567
916: 1770,217,237,339,903,1800,870,77,1602,635,1244,229,2000,629,1168,307,1712,302,132,1015,409,1499,574,1204,196,1053,1993
917: 
918: 
1959: 
920: 924,114,942,1160,1866,1799,45,939,261,2001,1005,1056,713,78,933,1185,1062
1986: 
922: 
923: 
924: 114,1160,1866,1799,939,617,2001,1005,920,1056,713,78,9
925: 
926: 
927: 1097
928: 262,491,2003,426,220,120,807,876,760,1969,253,1023,1591,1183,1575,1804,558,1440
929: 2008,100,1598,49,1923,1275,1029,879,1042,1167,850,1043,1091,1736
930: 
1856: 
932: 51,440,793
933: 114,942,1866,261,2001,920,1056,1185,1062,1772
934: 1237,1494,732,335,478,362,1518,1303,594,1697,176,561,935,836,1095,377,2006,653,1152,1824,358,1555,1000
935: 1035,176,1350,1529,561,487,836,1095,377,2006,573,1303,594,1697,1824,358,1555,1000,934,1237,732,1518
936: 319,590,963,985,1446,816,1214,1933,1024,473,948,2010,1650,599,527,1123,430,1399,1554,1190,144,298,1760,1476,780,1004,221,170,233,1309,811,1641,1120,559,1738
937: 393,1142
938: 526,1121,1852,862,1158,2015,13,1926,1452,1138,267,416,121,1199,1360,820,532
939: 924,114,942,1160,1866,1799,261,617,2001,1005,920,1056,78
940: 1943,1756,1634,1038,294,1568,698,1088,1540,1362,41,958,1595,435,2019,1128,477,1099,1479,962,418,1780,1961,251,1484,1083,1034,1342,1903,1781,1798
941: 
942: 114,1866,1799,939,261,2001,920,1056,713,78,933,1185,1769,1062,1772
943: 1849,1266,1954,967
944: 1306,1674,1201
945: 1588,1429,163,1263,1740,2017,123,1560,1394,1774,1860,1487,692,156,1177,83,1752,1210,1181
946: 833,1077,2004,361,1579,62,662,798,1858
947: 303,1233,239,1020,2005,1315,1172,1884,1033,370,1032,286,1940,1407,1563,1270,1243
948: 319,590,963,985,936,816,1214,1933,1024,473,2010,1650,599,527,1123,430,1399,1554,1190,1476,780,221,1309,811
949: 1690,1429,163,1263,1740,2017,1560,1394,47,1710,1280,863,1079,692,856,1177,1319,1752,1210
950: 1292,1187,1911
951: 1607
1672: 
1807: 152,539,85,1766,108
954: 
1850: 
1628: 684
957: 1176
958: 1943,1756,1634,294,1568,698,1088,1540,41,435,2019,1128,477,1099,1479,962,418,1780,1249,1961,251,1484,1083,940,1903,1781,1798
959: 
1701: 1885
961: 63,188
962: 1943,1756,1038,294,1568,698,786,41,958,435,2019,1099,1479,1780,1249,1961,1484,1083,670,1977,940,179
963: 319,590,985,1446,936,816,1214,1024,473,948,2010,1650,599,1123,430,1399,144,298,1476,780,1004,233,1309,811,1848,1641,1120,559,1738,1116,1670
964: 1873,1074
965: 1784,990,495,1052,1013,2007,1408,1684,222,408,1202
966: 
967: 1849,943,1266,1954
968: 
969: 
970: 
971: 1852,130,719,98,797,862,1158,2015,13,1926,34,1622,1452,267,121,201,1199,1360,1965,1944,820,532,1464,718,1883,1974,902,469,1957,1562,1606,122,769
1965: 1852,130,719,72,98,797,1158,2015,1926,34,1622,1138,267,121,971,532,718,1883,904,469,1957,1562,122,769
973: 
974: 
1647: 48,155
976: 
977: 1851
978: 
979: 
980: 1146,1492
981: 528,475,611,270,136,1795,184,874,1469,2011,1699,74,1523
982: 1925,1132
983: 1412
984: 530
985: 590,963,936,816,1214,1024,473,948,2010,599,1123,430,1399,144,298,1476,233,1309,811,1641,1120,559,1738,1116,1670
986: 
987: 1652
988: 
1889: 591,364
990: 365,81,687,1784,495,669,1052,1013,785,2007,1988,965,463,1408,1341,1684,222,408,1202
991: 
992: 
1999: 1966
994: 
995: 1732,1259,1785,89
1797: 830,447,649,1530
997: 1059,1669
1874: 
999: 
1000: 653,1152,1824,358,1555,573,1303,594,1697,176,1350,561,935,836,1095,377,2006,934,1237,1494,732,335,478,362,1518
1001: 
1904: 
1681: 1642,1369
1004: 319,963,1446,936,473,2010,1650,430,1190,144,298,1760,780,233,811,1848,1120,559,1738,1670
1005: 924,114,1160,1866,1799,45,939,1276,593,261,1787,617,2001,920,1056,713,78,1434,9,304,1421
1006: 
1952: 
1008: 
1009: 588,839,1285
1677: 2004,361,1972,112,1964,62,662,1124,798,263,22,747,1858,690,1997
1011: 
1012: 433
1013: 365,687,990,495,669,1052,1945,785,2007,1988,965,1267,1408,1341,1684,222,408,1202
1014: 
1015: 217,237,339,916,903,1800,870,77,1602,635,1244,2000,629,307,302,132,409,574,1204,1053,1993
1016: 166
1641: 963,985,1446,936,1214,1024,473,2010,1123,430,298,1476,780,233,1309,811,1120,559,1738,1116,1670
1763: 2012,1859,1956,1424,351,1564,1599,1482,1256,1783,192,1895,238,1948,730,1533,821
1019: 1570,808,1584,1810,1541,1265,514,582,1331,1455,777,7,193,1496,1409,1338,1225,1745,2013,1610,12,663,86
1020: 303,1233,239,2005,1315,1676,1172,1884,1033,370,1032,286,1940,947,1270
1021: 152,85,1766,754,108
1022: 1386,1343
1023: 262,2003,426,120,807,1653,876,253,928,1591,1183,1575,1804,558,1552,1633,1260,1440
1024: 319,590,963,985,1446,936,816,1214,1933,473,948,2010,1650,599,527,1123,430,1399,1554,144,298,1476,780,170,233,1309,811,1641,559,1738,1116,1670
1025: 1048,575
1026: 
1027: 2018,1822,682,1159,1150,1577,831,1840,901,699,1983,183,1746,625,1189,1558,203,1514,493,506
1028: 1805,1277,1980,867,906
1029: 249,1257,2008,100,655,929,1216,1060,333,1598,49,1521,1923,800,1275,879,1992,1042,1061,1167,850,1043,1896,1091,208,1736
1030: 
1903: 1756,1634,698,1088,1540,1578,958,1595,435,2019,1099,418,1780,1520,1961,251,1045,1342,940,1781,1798
1032: 303,1233,239,1020,2005,1315,1676,1172,1884,1033,370,286,1940,1407,947,1563,1270,1243,1191
1033: 303,1233,239,1020,2005,1315,1884,370,1032,286,1407,947,1563,1270,1243
1034: 1943,180,1634,1038,294,698,1540,786,1362,41,1595,2019,1128,477,1099,1479,418,1520,1961,251,1484,1083,670,1342,1419,855,940,1781
1035: 176,1350,1529,561,487,264,935,836,1095,377,2006,1303,1237,335,494
1036: 1078,897,1450
1741: 
1038: 1943,180,1756,1634,294,698,1088,1540,786,1362,41,1578,1595,435,2019,1128,1099,1479,962,1780,1968,1249,1961,251,1484,1083,670,1977,1034,1342,1419,855,940,1781
1863: 1331,314,7,193,1409,1338,1225,1828,1745,2013,58,12,842,663,86,1073
1040: 1826,451,1130,1087,812
1634: 1943,180,1756,1038,294,698,1088,1540,786,1362,41,1578,958,1595,435,2019,1128,477,1099,1479,418,1780,1968,1249,1520,1961,251,1484,1083,670,1034,1045,1342,1419,855,940,1903,1781,1798
1042: 249,1257,2008,100,929,333,1598,49,1923,800,1275,1029,879,1167,1043
1043: 249,1257,2008,100,929,333,1598,49,1923,1275,1029,879,1042,1167,1736
1044: 
1045: 1634,1088,1540,1362,1578,1595,435,2019,418,1520,251,1342,1903,1781,1798
1046: 1816,146,499,387,535,2002,1351,1921,1659,378,87,1339,296,562,172,666,1706,273,1308,1791,374
1646: 392,334,1536,905
1048: 1025,627,575
1049: 343,145,2009,779,1205,427,1371,1528,1288,178,503,756,727,403,30,1166,1892,331,462,1971,1614,317,1534
1050: 826,603
1051: 1316,133,401,1703,1365
1052: 1377,365,81,687,1784,990,495,669,1013,54,2007,1988,965,1267,463,1823,1408,1341,1684,222,408,1202
1053: 339,916,1800,870,77,2000,629,302,132,1015,409,1204,1993
1054: 
1055: 1660,1808
1056: 924,114,942,1160,1866,1799,45,939,261,617,2001,1005,920,713,78,933,1185,1769,1062,1772
1057: 1136,1133
1058: 1958
1059: 668,997,1576,1669
1060: 249,1257,2008,655,1216,333,1598,49,1521,800,266,1275,1029,879,1992,1061,850,1896,208
1061: 249,2008,100,655,1216,1060,333,1598,1521,800,266,1029,879,1167,850,1896,1091,208
1062: 1185,1769,1772,942,261,2001,920,1056,933
1875: 
1064: 
1936: 608,1108,1102,1192,143,911,59
1066: 913,2
1067: 
1739: 
1069: 
1070: 
1071: 1081,571,1550,517
1072: 1328
1073: 1561,1857,58,12,842,141,663,26,86,567,1570,808,1221,227,1541,1265,514,582,1331,1455,314,777,7,1863,193,1496,1409,1338,1225,1828,1745,2013,1610
1074: 1873,1358,159,964
1075: 
1979: 
1077: 833,946,690,1997,2004,361,1579,62,662,798,22,1858
1078: 1036,897,1450
1079: 1690,1429,163,1263,1740,2017,123,1589,1560,1394,47,949,1710,1280,863,1487,692,856,1177,1319,83,1752,1210
1080: 1435,1284,136,313,1795,184,1433,874,1469,1838,2011,914,1708,1699
1081: 1071,571,1550,517
1082: 
1083: 1943,180,1756,1634,1038,294,1568,698,786,1362,41,958,1595,435,2019,1128,477,1099,1479,962,1780,1249,1961,251,1484,670,1977,1034,1342,1419,855,940,179,1781
1792: 69
1973: 363,1702,765
2002: 1816,1046,146,499,387,535,1351,1921,1659,378,87,1339,296,562,172,666,1706,273,1865,1240,1308,1791,1719,374
1087: 1826,451,615,1382,500,1040,1321
1088: 1756,1634,1038,698,1578,958,1595,435,2019,1099,418,1780,1968,1249,1520,1961,251,1484,670,1045,1342,940,1903
1627: 1905,1894
1948: 2012,1859,1956,351,1482,1256,1783,238,730,1533,821,1763
1091: 208,1736,2008,100,929,1598,49,1521,800,1029,879,1061,1167,850,1896
1092: 1217
1683: 1715,1844,250
1831: 
1095: 1035,176,1350,1529,561,487,935,836,377,2006,573,1303,594,1697,653,1152,1824,358,1555,1000,934,1237,1494,732,335,362,1518
1096: 1574,118,516,1729,1527
1097: 927
1098: 
1099: 1943,180,1756,1634,1038,294,1568,698,1088,1540,786,1362,41,1578,958,1595,435,2019,1128,477,1479,962,418,1780,1249,1961,251,1484,1083,670,1977,1034,1342,855,940,179,1903,1781,1798
1100: 
1988: 1377,365,1318,81,687,990,495,669,1052,1945,1013,54,2007,1267,463,134,1823,1408,1341,1684,222,408,1202
1102: 608,1192,143,1936,911,59
1103: 1435,1284,1795,184,874,1469,2011,1708,74,1523,528,475,1853,611
1104: 
1105: 1385
1106: 
1107: 
1108: 608,1192,143,1936,911,59
1837: 1377,365,81,54,2007,463,1823
1110: 
1111: 
1112: 
1944: 1121,130,98,862,2015,13,1926,34,1622,267,121,201,1199,971,532,718,904,902,469,1957,1562,1606
1752: 1588,1429,163,1263,1740,2017,1589,1560,1394,949,945,1710,1280,1860,1487,1079,692,856,1177,1210
1115: 456,337,1420,737,381
1116: 1120,559,1738,1670,963,985,816,1024,473,2010,599,430,1399,144,298,1476,1309,1641
1117: 
1118: 1475,1127,131,803,2014,1300,1215,1587,1901,448,1879,247,225,1825,1611,650
1883: 1246,1974,902,469,1957,1562,122,719,797,2015,13,1926,34,1622,267,1965,971,820,1464,718
1120: 559,1738,1116,1670,963,985,1446,936,1214,473,2010,1650,430,144,298,1476,1004,233,811,1848,1641
1121: 526,1852,130,72,98,862,1158,2015,13,1926,34,1622,1138,938,267,416,121,1199,1360,1944,532
1122: 
1123: 319,590,963,985,1446,936,816,1214,1933,1024,473,948,2010,430,1399,1554,1190,1760,780,221,233,811,1641
1124: 2004,361,1579,112,1964,62,662,1677,798,263,22,1858,833,690,1997
1125: 
1126: 
1127: 1475,803,2014,1300,1215,1587,1901,448,555,247,225,1118,1825,1611,650,1258
1128: 1943,180,1634,1038,698,1540,1362,41,958,1595,2019,477,1099,1479,418,1520,1961,251,1083,1034,1342,855,940,1781,1798
1905: 1627,1894
1130: 1826,451,615,500,812,1040,1321
1131: 
1132: 982,1925
1133: 1136,1057
1134: 
1135: 411
1136: 1133,1057
1991: 600
1138: 526,1121,1852,72,797,1158,2015,1926,34,1622,938,416,121,1199,1965,532
1139: 
1653: 181,262,2003,200,1417,220,120,807,876,1355,638,1969,253,236,1023,558,1260,1440
1141: 2003,200,1417,220,578,1355,638,760,1969,236
1142: 393,937
1143: 299,1361
1784: 990,495,1052,2007,965,1684
1696: 92
1146: 980,1492
1147: 436
1148: 
2018: 1822,682,1159,1150,1577,831,1840,901,844,699,1983,183,1746,1027,625,1189,1558,203,1737,804,1750,1514,493,1545,618,506,814,1356,405,541,1322
1150: 2018,1822,682,1159,1577,831,1840,901,844,699,1983,183,1746,1027,1189,1558,203,804,1750,1514,493,1545,618,506,814,1356,405
1151: 815,1870
1152: 653,1824,358,1555,1000,573,1303,594,1697,1095,2006,934,1494,732,478,362,1518
1153: 1287,240
1857: 1561,58,842,141,26,86,567,1073,1221,2013
1625: 205,1326,795
2019: 1943,180,1756,1634,1038,294,1568,698,1088,1540,786,1362,41,1578,958,1595,435,1128,477,1099,1479,962,418,1780,1968,1249,1520,1961,251,1484,1083,670,1977,1034,1045,1342,1419,855,940,179,1903,1781,1798
1157: 1716,1707,1664,1982
1158: 526,1121,1852,719,797,862,2015,13,1926,34,1622,1452,1138,938,267,121,1199,1360,1965,971,820,1464
1159: 2018,1822,682,1150,1577,831,1840,901,844,699,1983,183,1746,1027,493,1545,814,405,541
1160: 924,114,1866,1799,45,939,1276,261,617,2001,1005,920,1056,713,78,9
1161: 877
1162: 
1840: 2018,1822,682,1159,1150,1577,831,901,844,699,1983,183,1746,1027,625,1189,1558,203,804,1750,1514,493,506,405
1164: 
1923: 1257,2008,655,929,333,1598,49,800,1275,1029,879,1992,1042,850,1043
1166: 343,145,2009,779,1205,427,1528,1288,1049,727,403,30,1892,331,462
1167: 249,2008,100,929,333,1598,49,1521,800,1275,1029,879,1992,1042,1061,850,1043,1091,208,1736
1168: 1770,1819,217,237,458,339,916,903,870,635,685,1244,2000,629,1432,307,1712,394,818,132,409,1499,574,196
1967: 
1645: 1451
1171: 1913
1172: 303,239,1020,2005,1676,370,1032,286,1940,1407,947,1563,1270,1243,1191
1173: 1976
1174: 1227,1324
1175: 752
1176: 957
1177: 1588,1429,163,1263,1740,2017,123,1589,1560,1394,949,1774,945,1280,863,1860,1487,1079,856,83,1752,1210
1940: 239,1020,2005,1676,1172,1884,370,1032,286,947,1270,1191
1179: 
1180: 664
1181: 1429,163,1263,2017,123,1560,1394,1774,945,863,1487,692,156,83,1210
1182: 257
1183: 1591,1575,1804,558,262,491,2003,426,220,120,760,1969,253,928,1023,1440
1184: 
1185: 1769,1062,1772,114,942,45,261,1787,2001,920,1056,713,78,1434,933
1186: 
1187: 950,1292,1911,1470
1188: 
1189: 625,1558,203,2018,682,1150,1577,1840,1983,1027,804,1514,506
1190: 319,590,1446,936,816,473,948,2010,1650,527,1123,1554,298,1760,780,1004,221,233,811,1848
1191: 239,2005,1676,1172,1032,286,1940,1407,1563,1270,1243
1192: 608,1108,1102,143,1936,911,59
1193: 1605,211
1194: 
1195: 1430
1196: 
1197: 
1772: 1185,1769,1062,942,261,2001,1056,1434,933
1199: 526,1121,1852,98,862,1158,2015,13,1926,34,1452,1138,938,267,416,121,201,1360,1944,971,820,532,718
1755: 
1201: 944,1306,1674
1202: 365,1318,81,687,990,495,669,1052,1945,1013,785,2007,1988,965,1267,463,1408,1341,1684,222,408
1203: 1958
1204: 237,916,903,1800,870,77,1602,2000,629,302,132,1015,409,1053
1205: 343,145,2009,779,427,1528,1288,178,503,756,1049,727,403,30,1166,462
1987: 1289,284
1822: 2018,682,1159,1150,1577,831,1840,901,844,699,1983,183,1746,1027,1750,1514,493,1545,506,814,405,541
1208: 
1209: 
1210: 1588,1429,163,1263,1740,2017,123,1589,1560,1394,949,1774,945,1710,863,1860,1487,1079,692,156,1177,83,1752,1181
1211: 
1679: 
1213: 
1214: 319,590,963,985,1446,936,816,1933,1024,473,948,2010,1650,599,1123,430,1399,1554,144,298,1476,780,221,233,1309,811,1641,1120,559,1738
1215: 1475,1938,1127,131,803,2014,1300,1587,1901,448,1879,247,225,1118,1825,1611
1216: 249,1257,2008,655,1060,333,1521,800,266,1029,1992,1061,850,1896
1217: 1092
1218: 
1885: 502,1701
1220: 1593,149
1221: 1764,1224,227,1541,1265,514,1570,808,1584,193,1409,2013,1561,1857,58,12,141,663,26,86,567,1073
1222: 
1223: 518,1543
1224: 1764,1221,227,1541,1265,514,1570,808,1584,1810,582,2013,1610,1561,663,26,567
1225: 582,1331,1455,314,777,7,1863,193,1496,1409,1338,1745,2013,1610,1570,808,1584,1019,1810,514,12,663,1073
1226: 
1227: 1324,1174
1228: 1724,479,1953,1714,1924,2016,1381,1713,18,597,1725
1760: 590,1446,936,2010,1650,1123,1554,1190,780,1004,221,233,811,1848
1230: 
1231: 205,1326
1232: 
1233: 303,239,1020,2005,1315,1884,1033,1032,947,1563,1270
1234: 
1896: 1257,2008,655,1216,1060,333,1598,49,1521,800,266,1029,1992,1061,850,1091,208
1236: 
1237: 934,1494,732,335,478,362,494,1518,1035,176,1350,561,487,264,935,836,1095,377,2006,1824,358,1000
1876: 
1239: 432
1240: 1865,1308,1791,1719,374,1816,146,499,387,2002,1921,378,562,1706,273
1241: 
1914: 722,896,832,620
1243: 239,2005,1315,1172,1033,1032,286,1407,947,1563,1270,1191
1244: 1770,1819,217,237,339,916,903,870,1602,635,685,2000,629,1168,307,1712,394,818,132,1015,409,1499,574,196
1245: 
1246: 1883,904,1974,469,1957,1562,1606,122,2015,718,769
1247: 538,419,1299
1248: 
1249: 1756,1634,1038,294,1568,698,1088,786,1578,958,435,2019,1099,1479,962,1780,1961,251,1484,1083,670,1977,1342
1250: 
1251: 
1252: 
1253: 
1800: 217,237,339,916,870,77,1602,635,229,2000,629,307,302,132,1015,409,1499,574,1204,1728,1053,1993
1644: 
1256: 2012,1859,1956,1424,351,1599,1482,1783,1471,1332,238,1948,730,821,417,1763
1257: 249,2008,655,1216,1060,333,1598,49,1521,1923,800,266,1275,1029,879,1992,1042,850,1043,1896
1258: 1127,803,2014,1587,555,247,225,650
1259: 1732,995,1785,604
1260: 1440,2003,200,120,807,1653,876,253,236,1023
1261: 216
1262: 
1263: 1588,1429,163,1740,2017,123,1560,1394,949,1774,945,1280,863,1860,1487,1079,692,156,1177,83,1752,1210,1181
1680: 1639,1658
1265: 1764,1224,1221,227,1541,514,1570,808,1584,1019,1810,582,1331,1455,777,7,193,1409,1338,1828,2013,1610,1561,58,12,842,141,663,26,86,567,1073
1266: 1849,943,1954,967,723
1267: 365,1318,687,669,1052,1945,1013,54,785,2007,1988,463,134,1823,1341,222,408,1202
1268: 
1912: 1
1270: 303,1233,239,1020,2005,1315,1676,1172,1884,1033,370,1032,286,1940,1407,947,1563,1243,1191
1868: 531
1272: 1803
1273: 
1274: 
1275: 249,1257,2008,100,655,929,1060,333,1598,49,1923,800,1029,879,1992,1042,1167,850,1043
1276: 1160,45,593,1787,2001,1005,713,78,1434,9,304,1421,1769
1277: 1980,1864,1028,867,906
1278: 66
1279: 678,161
1280: 1690,1429,163,1263,1740,2017,123,1589,1560,1394,47,949,1710,863,1079,856,1177,1319,1752
1281: 
1282: 753
1283: 
1284: 1435,1103,313,1795,184,1433,874,1469,1838,2011,914,1708,1080,1699,74,1523,528
1285: 588,1009,839
1961: 180,1756,1634,1038,294,698,1088,1540,786,1362,41,1578,958,1595,435,2019,1128,1099,1479,962,418,1780,1968,1249,1520,251,1484,1083,670,1977,1034,1342,1419,855,940,1903,1781
1287: 240,1153
1288: 2009,779,1205,427,756,1049,727,30,1166,331,462,1971
1289: 1987,284
1290: 
1291: 1317
1292: 950,885,1187
1293: 
1294: 
1295: 701,1330,1724,1953,1924,2016,1381,18,597
1296: 
1297: 1893
1298: 
1299: 1247,538,419
1300: 1475,1938,1127,131,803,2014,1215,1587,1901,448,1879,247,225,1118,1825,1611,650
1301: 
1872: 
1303: 573,594,1697,1035,1350,1529,561,935,836,1095,377,2006,653,1152,358,1555,1000,934,1494,732
1954: 1849,943,1266,967
1767: 1404,457,1768,695
1306: 944,1674,1201
1307: 
1308: 1865,1240,1791,1719,374,1816,1046,146,499,387,2002,1921,1659,378,562,666,1706,273
1309: 963,985,936,816,1214,1024,473,948,2010,599,430,1399,144,1476,1641,559,1738,1116
1674: 944,1306,1201
1311: 703
1932: 
1313: 
1981: 1373,52
1315: 303,1233,239,1020,2005,1884,1033,1032,1407,947,1563,1270,1243
1316: 1051,133,401,1703,1365
1317: 1291
1318: 1377,365,81,687,669,1945,54,785,2007,1988,1267,463,134,1823,1408,1341,222,408,1202
1319: 1690,1429,2017,1560,1394,47,949,1710,1280,863,1079,856
2014: 1475,1938,1127,131,803,1300,1215,1587,1901,448,1879,555,247,225,1118,1825,1611,650,1258
1321: 1826,615,1130,1087,1382,500,812
1322: 1737,804,1750,1514,618,506,1356,405,203,2018,1577
1918: 
1324: 1227,1174
1325: 
1326: 205,1231,1625
1327: 
1328: 1072
1329: 754
1330: 206,1295,701,1724,479,1953,2016,1381,1713,18,597,1725
1331: 582,1455,314,777,7,1863,193,1496,1409,1338,1225,1828,1745,2013,1610,808,1019,1541,1265,514,1561,58,12,842,141,663,26,86,1073
1332: 2012,293,1956,1424,351,1564,1599,1256,1783,1471,238,417
1798: 1943,1756,1634,1540,1362,41,958,1595,435,2019,1128,477,1099,418,1520,251,1045,940,1903,1781
1846: 
1335: 525
1336: 1835,5,1592,651,1388
1337: 1500
1338: 582,1331,1455,314,777,7,1863,193,1496,1409,1225,1828,1745,2013,1610,808,1019,1810,1265,1561,58,12,842,663,86,1073
1339: 1816,1046,146,499,535,2002,1351,1659,378,87,296,562,172,666
1340: 851
1341: 365,1318,687,990,669,1052,1945,1013,785,2007,1988,1267,463,134,1408,222,408,1202
1342: 1634,1038,698,1088,1540,786,1362,41,1578,1595,435,2019,1128,1099,418,1780,1968,1249,1520,1961,251,1484,1083,670,1034,1045,1419,855,940,1903,1781
1343: 1386,1022
1344: 113,763,1359
1982: 1707,1664,1157
1346: 
1347: 
1348: 
1825: 1611,650,1475,1127,131,803,2014,1300,1215,1587,1901,247,225,1118
1350: 1035,176,1529,561,487,264,935,836,1095,377,2006,1303,594,358,1000,1237,1494,732,335,494,1518
1351: 1816,1046,146,387,535,2002,1921,378,87,1339,296,562,666,273
1352: 
1353: 
1354: 
1355: 181,2003,200,1417,220,120,807,578,1653,876,638,1141,1969,253,236
1356: 1737,804,1750,1514,493,1545,618,506,814,405,1322,2018,1150,699
1951: 1388,1835,5,1592,651
1358: 1873,1074
1359: 1344,113,763
1360: 526,1121,1852,719,797,862,1158,2015,13,1926,1622,1452,938,267,121,201,1199,971,820,1464
1361: 1143,299
1362: 180,1634,1038,698,1540,41,1578,1595,2019,1128,477,1099,418,1968,1520,1961,251,1083,1034,1045,1342,1419,855,940,1781,1798
1707: 1573,1716,1664,1157,1982
1835: 1336,5,1592,651,1951,1388
1365: 1051,1316,133,401,1703
1366: 
1367: 
1368: 
1369: 1681
1370: 
1371: 343,145,2009,779,1483,427,1528,178,503,756,1049,403,1892,331,462,1971,1614,317,1534
1372: 279,1839,1512
1373: 1981,1517,52
1996: 255
1743: 162,282
1376: 1629
1377: 365,1318,81,687,669,1052,54,1837,2007,1988,463,134,1823,1408
1747: 
1379: 
1724: 479,1953,1714,1924,1228,2016,1381,1713,18,597,1725,1295,701,206,1330
1381: 1724,479,1953,1714,1924,1228,2016,1713,18,597,1725,1295,206,1330
1382: 1826,615,1087,500,1321
1383: 2004,361,1972,112,1964,798,747,882
1384: 
1385: 1105
1386: 1343,1022
1705: 
1388: 1951,1336,1835,5,1592,651
1389: 
1971: 2009,779,427,1371,1288,178,503,756,1049,30,331,462,1614,317,1534
1734: 1502
1392: 
1799: 924,114,942,1160,1866,45,939,593,261,617,2001,1005,920,1056,713,78,1434,9,304,1769
1394: 1429,163,1263,1740,2017,123,1560,47,949,1774,945,1710,1280,863,1487,1079,692,156,856,1177,1319,83,1752,1210,1181
1395: 
1396: 
1722: 383,486,1748,762
1640: 1754
1399: 319,590,963,985,936,816,1214,1933,1024,473,948,2010,599,527,1123,430,1554,144,1476,170,1309,559,1116
1791: 1865,1240,1308,1719,374,1046,146,499,387,535,2002,1921,172,273
1401: 
1611: 1825,650,1475,1938,1127,131,803,2014,1300,1215,1587,1901,555,247,225,1118
1403: 
1404: 457,1768,1767,695
1632: 
1406: 6
1407: 239,2005,1315,1172,1884,1033,370,1032,286,947,1563,1270,1243,1191
1408: 1377,365,1318,81,687,990,495,669,1052,1013,54,785,2007,1988,965,463,1823,1341,1684,222,408,1202
1409: 582,1331,1455,314,777,7,1863,193,1338,1225,1745,2013,1610,1570,808,1584,1019,1810,1221,1541,1265,514,58,12,842,141,663,26,86,1073
1410: 
1411: 
1412: 983
1805: 1980,1028,476
1414: 
1926: 526,1121,1852,130,719,98,797,862,1158,2015,13,34,1622,1452,1138,938,267,121,201,1199,1360,1965,1944,971,820,532,1464,718,1883,1974,902,1957,1562,1606
1845: 
1417: 181,491,2003,200,426,220,120,807,578,1653,876,1355,638,760,1141,1969,253,236
1808: 1055
1419: 180,1634,1038,294,698,786,1362,1595,2019,1968,1961,251,1484,1083,670,1034,1342,855
1420: 456,1115,337,276,737,381,1718
1421: 304,45,1276,593,1787,2001,1005,713,78,1434,9,1769
1422: 
1992: 1257,2008,655,1216,1060,333,1598,49,1521,1923,800,1275,1029,879,1167,850,1896,1736
1424: 2012,293,1859,1956,351,1564,1599,414,1482,1256,1783,1471,192,1332,238,730,1533,821,417,1763
1425: 
1426: 
1427: 
1428: 485
1429: 1690,163,1263,1740,2017,123,1560,1394,47,949,945,1710,1280,863,1487,1079,692,156,1177,1319,1752,1210,1181
1430: 1195
1431: 
1432: 1770,1819,217,458,685,229,2000,1168,307,1712,394,818,196,1728,109
1433: 1435,1284,313,1795,1469,1838,2011,914,1708,1080,1699
1434: 114,1799,45,1276,593,261,1787,2001,1005,713,78,9,304,1421,1185,1769,1772
1435: 1284,1103,313,1795,184,1433,1469,1838,2011,914,1708,1080,1699,74,1523
1436: 289
1437: 
1819: 1770,217,458,339,635,1244,229,2000,629,1432,1168,307,1712,394,818,1499,574,196,109
1439: 
1440: 1260,1591,1183,1575,1804,558,1552,1633,181,262,2003,426,120,807,1653,876,253,236,928,1023
1441: 624,1726
1815: 
1443: 
1444: 
1445: 
1446: 319,590,963,936,1214,1024,473,2010,1650,1123,430,1554,1190,144,298,1760,780,1004,221,233,811,1848,1641,1120,1670
1447: 
1448: 
1449: 
1450: 1036,1078,897
1451: 1645
1452: 862,1158,2015,13,1926,938,267,121,201,1199,1360,971,820,1464,718,902,1562
1453: 873,445,843,321
1698: 
1455: 582,1331,314,777,7,193,1496,1409,1338,1225,1828,1745,2013,1610,1570,808,1019,1810,227,1265,514,1561,842,663,86,1073
1917: 338,1812,439
1704: 
1458: 806
1692: 
1460: 
2005: 303,1233,239,1020,1315,1676,1172,1884,1033,370,1032,286,1940,1407,947,1563,1270,1243,1191
1462: 
1463: 
1464: 719,797,862,1158,2015,13,1926,1452,267,201,1360,971,820,1883,902,1562
1465: 
1726: 1441,624
1754: 1640
1468: 
1469: 1435,1284,136,1103,313,1795,184,1433,874,1838,2011,914,1708,1080,1699,74,1523,981,270
1470: 1911,1187
1471: 2012,293,1956,1424,351,1599,414,1482,1256,1783,192,1332,238,730,1533,821,417
1472: 
1473: 
1745: 1331,1455,314,777,7,1863,193,1496,1409,1338,1225,1828,2013,1610,808,1019,12,842,663,86,1073
1475: 1938,1127,131,803,2014,1300,1215,1587,1901,448,1879,555,247,225,1118,1825,1611
1476: 319,963,985,936,816,1214,1024,473,948,2010,1650,599,430,1399,144,298,170,233,1309,1641,1120,559,1738,1116,1670
1477: 
1478: 
1479: 1943,180,1756,1634,1038,294,1568,698,786,41,958,435,2019,1128,477,1099,962,1780,1249,1961,251,1484,1083,670,1977,1034,940,179,1781
1947: 
1481: 
1482: 2012,1859,1956,1424,351,1599,1256,1783,1471,238,1948,730,1533,821,1763
1483: 343,145,2009,427,1371,1528,178,403,1892
1484: 1943,180,1756,1634,1038,294,1568,698,1088,786,41,1578,958,1595,435,2019,1099,1479,962,1780,1249,1961,251,1083,670,1977,1034,1342,1419,855,940,179,1781
1915: 
1858: 2004,361,1972,1579,112,1964,62,662,1677,1124,798,22,747,882,833,946,1077,690,1997
1487: 1588,1429,163,1263,1740,2017,123,1560,1394,1774,945,1860,1079,692,1177,83,1752,1210,1181
1488: 
1489: 890
1490: 
1491: 292
1492: 1146,980
1493: 
1494: 934,1237,732,335,478,362,494,1518,1303,594,1697,176,1350,561,836,1095,377,2006,653,1152,1824,1555,1000
1495: 
1496: 582,1331,1455,314,777,7,193,1338,1225,1828,1745,2013,1610,1019,1073
1497: 
1498: 
1499: 1770,1819,217,458,339,916,1800,870,77,1602,635,1244,229,2000,629,1168,307,1712,394,818,574,196
1500: 1337,15
1501: 276,1718
1502: 1734
1503: 
1504: 
1505: 
1839: 279,1372,1512
1507: 
1508: 
1509: 
1510: 
1888: 
1512: 279,1372,1839
1969: 181,491,2003,200,1417,426,220,120,807,578,1653,876,1355,638,760,1141,253,236,928,1183
1514: 1737,804,1750,493,1545,618,506,814,1356,405,1322,625,1189,1558,203,2018,1822,682,1150,1577,831,1840,844,699,1983,1746,1027
1515: 25,700
1516: 
1517: 1373
1518: 934,1237,1494,732,335,478,362,494,594,1697,176,1350,561,487,935,836,1095,377,2006,1152,1824,358,1555,1000
1783: 2012,1859,1956,1424,351,1599,1482,1256,1471,192,1332,238,1948,730,1533,821,417,1763
1520: 1634,698,1088,1540,1362,1578,1595,2019,1128,418,1968,1961,251,1034,1045,1342,855,1903,1781,1798
1521: 249,1257,2008,100,655,1216,1060,333,1598,49,800,266,1029,879,1992,1061,1167,850,1896,1091,208
2008: 249,1257,100,655,929,1216,1060,333,1598,49,1521,1923,800,266,1275,1029,879,1992,1042,1061,1167,850,1043,1896,1091,208,1736
1523: 1435,1284,136,1103,313,1795,184,874,1469,1838,2011,914,1708,1699,74,528,475,981,270
1524: 
1525: 
1526: 
1527: 1574,118,516,1096,1729
1528: 343,145,2009,779,1205,1483,427,1371,178,1049,727,403,1166,1892
1529: 1035,176,1350,561,487,264,935,836,1095,377,2006,1303,594,732
1530: 1797,830,447,649
1531: 
1532: 
1533: 2012,293,1859,1956,1424,351,1564,1599,414,1482,1783,1471,192,1895,238,1948,730,821,417,1763
1534: 1614,317,343,2009,1371,178,503,756,1049,1892,331,1971
1535: 
1536: 905,587,1646,392,334
1537: 
1614: 317,1534,2009,779,1371,503,756,1049,30,1892,331,462,1971
1823: 1377,365,1318,81,687,669,1052,54,1837,2007,1988,1267,463,134,1408,408
1540: 1634,1038,698,1362,41,958,1595,2019,1128,477,1099,418,1520,1961,251,1034,1045,1342,855,940,1903,1781,1798
1541: 1764,1224,1221,1265,514,1570,808,1584,1019,1331,7,193,1409,2013,1561,58,12,842,141,663,26,86,1073
1542: 
1543: 518,1223
1732: 1259,995,1785,89,604
1545: 1737,804,1750,1514,493,506,814,1356,405,541,2018,1822,1159,1150,831,844,699,183,1746
1546: 232
1664: 1716,1707,1157,1982
1548: 384
1818: 
1550: 1081,1071,571,517
1551: 
1552: 1633,1023,1440
1553: 
1554: 319,590,1446,936,816,1214,1933,1024,473,948,2010,1650,527,1123,1399,1190,1760,780,221,233,811
1555: 653,1152,1824,358,1000,573,1303,594,1697,561,935,836,1095,377,2006,934,1494,732,362,1518
1556: 673
1629: 1376
1558: 625,1189,203,2018,682,1150,1577,1840,901,1983,1027,1514
1631: 
1560: 1690,1588,1429,163,1263,1740,2017,123,1589,1394,47,949,945,1710,1280,863,1487,1079,692,856,1177,1319,1752,1210,1181
1561: 1857,58,12,842,141,663,26,86,567,1073,1570,808,1764,1224,1221,227,1541,1265,514,582,1331,1455,777,7,193,1338,1828,2013,1610
1562: 1246,1883,904,1974,902,469,1957,1606,122,130,719,98,797,862,2015,13,1926,34,1622,1452,267,121,201,1965,1944,971,820,1464,718
1563: 303,1233,239,2005,1315,1172,1033,1032,286,1407,947,1270,1243,1191
1564: 2012,293,1859,1956,1424,351,1599,414,192,1895,1332,238,730,1533,417,1763
1616: 580,909
1566: 
1721: 
1568: 1943,1756,294,698,41,958,435,2019,477,1099,1479,962,1780,1249,1484,1083,1977,940,179,1781
1964: 2004,361,1972,1383,112,62,1677,1124,798,22,747,882,1858
1570: 808,1584,1019,1810,1764,1224,1221,227,1541,1265,514,582,1455,777,7,193,1409,1225,2013,1610,1561,58,663,26,86,1073
1990: 770
1873: 1358,159,964,1074
1573: 1716,1707
1574: 675,118,242,1623,10,1096,1729,288,1527
1575: 1591,1183,1804,558,1633,262,491,2003,426,120,253,928,1023,1440
1576: 668,1059
1577: 2018,1822,682,1159,1150,831,1840,901,844,699,1983,1746,1027,625,1189,1558,203,804,1750,1514,493,506,405,1322
1578: 1634,1038,698,1088,1362,1595,435,2019,1099,418,1968,1249,1520,1961,251,1484,670,1045,1342,855,1903
1579: 2004,361,1972,112,62,662,1124,798,22,747,882,1858,833,946,1077
1731: 626
1860: 1588,163,1263,1740,2017,123,1589,1774,945,1487,1177,83,1752,1210
1582: 
2016: 1724,479,1953,1714,1924,1228,1381,1713,18,597,1725,1295,701,206,1330
1584: 1570,808,1019,1810,1224,1221,1541,1265,514,7,193,1409,1225,2013,1610,12,663,86
1824: 653,1152,358,1555,1000,573,594,1697,935,1095,2006,934,1237,1494,732,478,362,1518
1811: 1910,497
1587: 1475,1938,1127,131,803,2014,1300,1215,448,555,247,225,1118,1825,1611,650,1258
1588: 163,1263,1740,2017,123,1589,1560,945,1860,1487,1177,83,1752,1210
1589: 1588,163,1740,2017,1560,1710,1280,1860,1079,856,1177,83,1752,1210
1590: 
1591: 1183,1575,1804,558,181,262,491,2003,426,220,120,760,253,928,1023,1440
1592: 1336,1835,5,651,1951,1388
1593: 149,1220,1854
1762: 
1595: 1634,1038,698,1088,1540,1362,41,1578,435,2019,1128,477,1099,418,1968,1520,1961,251,1484,1083,670,1034,1045,1342,1419,855,940,1903,1781,1798
1812: 439,1917
1942: 
1598: 249,1257,2008,100,655,929,1060,333,49,1521,1923,800,1275,1029,879,1992,1042,1061,1167,850,1043,1896,1091,208,1736
1599: 2012,293,1859,1956,1424,351,1564,414,1482,1256,1783,1471,192,1895,1332,238,730,1533,821,417,1763
1600: 
1756: 1943,1634,1038,294,1568,698,1088,786,41,958,435,2019,477,1099,1479,962,1780,1249,1961,251,1484,1083,670,1977,940,179,1903,1781,1798
1602: 237,916,903,1800,870,635,1244,2000,629,1015,1499,574,1204,196
1867: 
1604: 
1605: 1193,211