0: 52,680,677
1: 647
2: 898,1110,1491,580,367,712,527,1124,1082,924,615,1498
3: 948,66,1360,1085,291,1771
4: 
5: 
6: 1502,1756
7: 1297,1240,268,1311,1091,1142,417,1065,1594,254,832
8: 1757,972,1198,1880,1201
9: 716
10: 546,1574
11: 1838,1528,1317,690,570,606
12: 1440
13: 495,280,1274
14: 
15: 1143,1932
16: 
17: 1848,1511,1101,1221,1640,873,270,766,430,667
18: 
19: 966
20: 1171,890,718,1624,1588,1324,732,70
21: 
22: 
23: 
24: 2009,1148,1296
25: 
26: 962,386,204,218,957,1973,518,340
27: 
28: 302,1254,1165,1011,318,278,295,169
29: 
30: 1400,342
31: 
32: 
33: 221,1219,202,548,1636,897,182
34: 
35: 792
36: 624,2008,1398,353,343,1050,2001,64,1939,686,883
37: 1305,805,571,529,1568,144,189
38: 396,428,1885
39: 1047,419,184,514,1774,1622,657
40: 525,994,1271,71
41: 528,848,1151,1318,1816,2007,622,450,1819
42: 1520,1202,437,1623,247,1216
43: 
44: 626,1230,395,544,1503,2006,1883,1661,1096,1273,1540,1214
45: 197,401,925,804,1517,1972,1515,1186,1389,1423
46: 1306
47: 817,689,1791
48: 
49: 
50: 249,967
51: 1800,1437,167,1123,1064,706,289
52: 0,680,677
53: 577,209,1001,1385,1559,830
54: 1463,1950,545,1637
55: 
56: 185,1412,1070,889,1900,2004,979,1836
57: 
58: 923,497
59: 1662,1684,1717,818,985
60: 1591,1477,618,236,1196,1890,359
61: 546,1574,349
62: 1193
63: 
64: 624,2008,1398,353,343,1050,2001,36,1939,686,883
65: 
66: 948,1360,3,1085,291,1771
67: 1060,1161,1852,441,1573,266,1500,1781,1866,1118
68: 
69: 
70: 1171,20,890,718,1624,1588,1324,732
71: 994,1271,40
72: 1356,1839,520,999,592
73: 1481,768
74: 1849,1999,1217
75: 1710,1454,248,519,317
76: 
77: 885,307,1482,1671,1487,507,833
78: 1462,1937,1531,1393,779
79: 
80: 1215
81: 435
82: 572,1657
83: 1532
84: 
85: 
86: 
87: 1061,1144
88: 
89: 411,1868,531,1478,1446
90: 
91: 
92: 1267,1918,235,867
93: 798
94: 1368,1940,535,884,1822,1692
95: 2018,935,908,656,916,1345,2003,1929,530,955
96: 263,482,393,1544,839
97: 1119,1648,487,998,638,105,264,1638,1328,1370,1788
98: 1326,1682,698,960
99: 
100: 
101: 682,323,1874,788,424,1228
102: 486,1372
103: 1243,1644,1743,1737,1620,125,1320,1428
104: 198,658,329,1456,1190,589,446,444,1226,378
105: 1119,1648,487,97,998,638,264,1638,1328,1370,1788
106: 
107: 154,591,174,1145,1005,1981,230,380,610,512,522,1590,1755
108: 613,2015,521,1225,438,1724,1249,1309,1656,1954,870,456,582,699,1565,1149
109: 176,207,895,1415,949,1158,1825,1892,1140,1948
110: 240,1908,860,660
111: 
112: 
113: 215,576,1813,348,1455,590,807
114: 
115: 1728
116: 1279,160,1102
117: 1512,1247,1649
118: 887,1764,829
119: 1753,1128,1952
120: 1109,1651,974
121: 1457,166,161,810,1534,627,1745,1980
122: 460
123: 549,978
124: 
125: 1737,1620,103,1243,1644,1743,1320,1428
126: 1251,649,1044,865,970,1902,366
127: 
128: 
129: 
130: 1658,156,1054,1138
131: 702,678,448
132: 
133: 1556,823
134: 1694,1403,1410
135: 1835,1859,275,1180,1593
136: 1926,616,2011,1581,1351,1828
137: 1790,226,707,1505
138: 1562,1290,742,1823,1579
139: 158,811,1963,681,496
140: 2019,301,2017,325,1365,1935,750,1433,866
141: 1834,1758
142: 882,1576,536,2000,845,554,1350
143: 211,617,1860,1358,714,1116,311,1278,1459
144: 1305,805,571,529,1568,189,37
145: 
146: 
147: 
148: 1676
149: 1222,1851,1349,874
150: 1300
151: 1373
152: 1924,941,193,1693,253,1810,1280,893,1548,1163,476
153: 1879,1135,1337,542,1857
154: 591,174,1145,1005,107,1981,230,380,610,512,522,1590,1755
155: 
156: 1658,1054,130,1138
157: 1178,703,449
158: 811,139,1963,681,496
159: 
160: 1102,116,1279
161: 1457,166,121,810,1534,627,1745,1980
162: 1974,1333,1316,939,1192,1212,1336,711,1808
2017: 2019,140,301,325,1365,1935,750,1433,866
164: 1468
165: 409,991,538,389
166: 1457,121,161,810,1534,627,852,1745,1980
167: 1800,51,1437,1123,1064,706,289
168: 1707,701
169: 278,295,302,1254,1165,1011,318,28
170: 
171: 
172: 1653,1654,795,1911,1708
173: 
174: 154,591,1145,1005,107,1981,230,380,610,512,1590,1755
175: 665,267,490,1919,1501,569,1876,754,357,691
176: 207,895,1415,949,109,1158,1825,1892,1140,1948
177: 190,694,887,1764,829,1689
178: 
179: 831,1551,968,1289,862,1832
180: 
181: 641,888,1842,1083,1533,1896,1796,1464,1598,1510,1034,1936,630,899,1543,439,1578
182: 221,1219,202,33,548,1636,897
183: 932
184: 1047,39,419,514,1774,1622,657
185: 56,1412,1070,889,2004,979,1836
186: 1209,320,1670,470,1086,1766,1263
187: 1295,1432,1335,1006,473
188: 
189: 1305,805,571,529,1568,144,37
190: 177,694,887,1764,829,1689
191: 
192: 1664,1949,1017,1777,293
193: 1924,152,941,1693,253,1810,1280,893,1548,1163,476
194: 611,276,651,1471
195: 671,599
196: 
197: 401,45,925,804,1517,1972,1515,1186,1389,1423
198: 658,329,1456,1190,589,104,446,444,1226,378
199: 
200: 455,1195
201: 1072,1233,1043,234,614
202: 221,1219,33,548,1636,897,182
203: 
204: 962,386,218,957,1973,518,340,26
205: 1160,1508,382,937,1575,321,1688,986
206: 785,1379,853,777,1586,1387,1865,964,511,1765,1465
207: 176,895,1415,949,109,1158,1825,1892,1140,1948
208: 983,1237,413,1376,1886
209: 577,53,1001,1385,1559,830
210: 
211: 617,143,1860,1358,714,1116,311,1278,1459
212: 904
213: 642,1782,532,781,464,1242
214: 
215: 113,1813,348,590,807
216: 1907,567
217: 
218: 962,386,204,957,1973,518,340,26
219: 1897,1269,918,1585,1407,1062,1103,1891
220: 880,1550,841,1087
221: 1219,202,33,1636,897,182
222: 
223: 
224: 
225: 
226: 137,1790,707,1505
227: 1343,1438,1779
228: 281,1007,2016,1008
229: 1175,1030,279,555
230: 380,610,512,522,1590,154,591,174,1145,1005,107,1981,1755
231: 1120,1068,633
232: 
233: 652
234: 1072,201,1233,1043
235: 867,1267,92,1918
236: 1591,1477,618,1196,60,1890,359
237: 
238: 749,292
239: 
240: 110,1908,860,660
241: 1956,1920
242: 1439,1199,1172
243: 
244: 675,791,1261,1545,355,1167,1308,327
245: 630,899,1543,439,1578,368,1510,641,888,1083,1533,1896,1796,1464,1598,1034,1936
246: 
247: 1623,1216,42,1520,1202,437
248: 519,317,75,1710,1454
249: 50,967
250: 1722,758
251: 1984,414,1553,1711,1362,1894,1833,1450,608,285,1669
252: 
253: 1924,152,941,193,1693,1810,1280,893,1548,1163,476
254: 417,1065,1594,832,1297,1240,268,7,1311,1091,1142
255: 636,1518,1369,1321
256: 
257: 664,1298
258: 1340,1284
2015: 613,521,108,1225,438,1724,1249,1309,1656,1954,870,456,582,699,1565,1149
260: 1126,504,1325,784,458,431,331
261: 1702,1701
262: 2014,1889,851,1037,709,676,934,1470,2005,1521
263: 96,482,393,1544,839
264: 1119,1648,487,97,998,638,105,1638,1328,1370,1788
265: 976,1873
266: 1060,67,1161,1852,441,1573,1500,1781,1866,1118
267: 665,490,175,1919,1501,569,1876,754,357,691
268: 1297,1240,7,1311,1091,1142,417,1065,1594,254,832
269: 1870,1878
270: 1848,17,1511,1101,1221,1640,873,766,430,667
271: 1168,705,1675,1951
272: 
273: 1871,1399
274: 756,1055,1522,1869,1850,1286
275: 1835,1859,135,1180,1593
276: 194,611,651,1471
277: 371,1915
278: 295,169,302,1254,1165,1011,318,28
279: 1175,1030,555,229
280: 13,495,1274
281: 228,1007,2016,1008
282: 814,469,586,1690,1686,516,584,1208,797,1735,1630,1301
283: 402,1668,1430
284: 1231
285: 1984,414,1553,1711,1362,1894,1833,251,1450,608,1669
286: 1727,596
287: 1100,1292,1855,1887,373
288: 397,552,305,408,812,392,1639,1319
289: 1123,1064,706,1800,51,1437,167
290: 
291: 1085,1771,948,66,1360,3
292: 749,238
293: 192,1664,1949,1017,1777
294: 1516,383
295: 278,169,302,1254,1165,318,28
296: 
297: 
298: 
299: 1884
300: 351,1696,808,1414
301: 2019,140,2017,325,1365,1935,750,1433,866
302: 1254,1165,1011,318,28,278,295,169
303: 442,1945,1655
304: 
305: 397,552,288,408,812,392,1639,1319
306: 
307: 885,1482,1671,77,1487,507,833
308: 426,1413
309: 1015
310: 1293,1461,1893,1213,1601,1715,509
311: 211,617,143,1860,1358,714,1116,1278,1459
312: 800,517,315,776
313: 
314: 1494,1139,1056,432,931,462,745,1019,537
315: 800,312,517,776
316: 1052,1069,1625,670,583
317: 519,248,75,1710,1454
318: 302,1254,1165,1011,28,278,295,169
319: 1367,1472
320: 1209,186,1670,470,1086,1766,1263
321: 1575,1633,1688,1417,986,205,1160,1508,382
322: 875,1169,1931,620
323: 101,682,1874,788,424,1228
324: 
325: 2019,140,301,2017,1365,1935,750,1433,866
326: 654,1957,1035
327: 675,791,1261,244,1545,355,1167,1308
328: 1424,1095,1234,1339,1181
329: 198,658,1456,1190,589,104,446,444,1226,378
330: 
331: 431,1126,504,260,1325,784,458
332: 480,913,1353,1042,1811
333: 1435,534,943
334: 915
335: 494,927,1736,876,1691,1975,564
336: 
337: 
338: 
339: 
340: 962,386,204,218,957,1973,518,26
341: 1552
342: 1400,30
343: 624,2008,1398,353,1050,2001,36,64,1939,686,883
344: 404
345: 561,826,1683,475
346: 1260,1236
347: 697,631,737,1021
348: 113,215,576,1813,1455,590,807
349: 61,546,1574
350: 
351: 1696,300,808,1414
352: 1750,433
353: 624,2008,1398,343,1050,2001,36,64,1939,686,883
354: 
355: 675,791,1261,244,1545,1167,1308,327
356: 1051,1592
357: 1501,569,1876,754,691,665,267,490,175,1919
358: 
359: 1591,1477,618,236,1196,60,1890
360: 361,1063
361: 360,1063
362: 909,1523,1821,1173,740,727,942,1442,958,731,1820
363: 980,684,1265,1090
364: 1013,374
365: 
366: 865,970,1902,1251,649,1044,126
367: 898,1110,2,1491,580,712,527,1124,1082,924,615,1498
368: 630,899,1543,439,245,1578,1510,641,888,1842,1083,1533,1896,1796,1464,1598,1034,1936
369: 
370: 1942,1943,1004,412
371: 1915,277
372: 
373: 1100,1292,1855,287,1887
374: 1013,364
375: 1853,1901,1232,483,1546,1210,2013,1597,1495,1029,1799,1347,1612
376: 
377: 1122,1923
378: 198,658,329,1456,1190,589,104,446,444,1226
379: 799,1422,1315,1754,668,478,906,928,423
380: 230,610,512,522,1590,154,591,174,1145,1005,107,1981,1755
381: 
382: 205,1160,1508,937,1575,321,1633,1688,1417,986
383: 1516,294
384: 
385: 
386: 962,204,218,957,1973,518,340,26
387: 1348,953
388: 
389: 409,991,538,165
390: 
391: 609
392: 397,552,288,305,408,812,1639,1319
393: 263,96,482,1544,839
394: 
395: 626,1230,44,544,1503,2006,1883,1661,1096,1273,1540,1214
396: 38,428,1885
397: 552,288,305,408,812,392,1639,1319
398: 1429,1947,1761
399: 
400: 1480,1962
401: 197,45,925,804,1517,1515,1389,1423
402: 283,1668,1430
403: 
404: 344
405: 
406: 1646,1409,1381
407: 1355
408: 397,552,288,305,812,392,1639,1319
409: 991,538,165,389
410: 
411: 661,1868,531,89,1478,1446
412: 1942,370,1943,1004
413: 983,1237,208,1376,1886
414: 1984,1553,1711,1362,1894,1833,251,1450,608,285,1669
415: 919,1452,1113
416: 1314,1067,1580,1378,1877,713
417: 1065,1594,254,832,1297,1240,268,7,1311,1091,1142
418: 
419: 1047,39,184,514,1774,1622,657
420: 1434,659,1203
421: 1773,1678,1073
422: 
423: 1754,668,478,906,928,799,1422,1315,379
424: 788,1228,101,682,323,1874
425: 1738,806
426: 308,1413
427: 
428: 1885,396,38
429: 
430: 1848,17,1101,1221,1640,873,270,766,667
431: 331,1126,504,260,1325,784,458
432: 314,1139,1056,931,462,745,1019,537
433: 1750,352
434: 
435: 81
436: 
437: 42,1520,1202,1623,247,1216
438: 613,2015,521,108,1225,1724,1249,1309,1656,1954,870,456,582,699,1565,1149
439: 630,899,1543,245,1578,368,1510,641,888,1842,1083,1533,181,1896,1796,1464,1598,1034,1936
440: 
441: 1060,67,1161,1852,1573,266,1500,1781,1866,1118
442: 969,303,1945,1655
443: 1629,1046
444: 198,658,329,1456,1190,589,104,446,1226,378
445: 
446: 198,658,329,1456,1190,589,104,444,378
447: 
448: 702,131,678
449: 157,1178,703
450: 528,848,1151,1318,1816,2007,622,41,1819
451: 
452: 
453: 
454: 1964,1805
455: 1195,200
456: 613,2015,521,108,1225,438,1724,1249,1309,1656,1954,870,582,699,1565,1149
457: 
458: 1126,504,260,1325,784,431,331
459: 508,1133
460: 122
461: 
462: 931,745,1019,537,1494,314,1139,1056,432
463: 
464: 642,213,1782,532,781,1242
465: 
2016: 281,228,1007,1008
467: 
468: 
469: 814,282,586,1690,1686,516,584,1208,797,1630,1301
470: 1209,320,186,1670,1086,1766,1263
471: 
472: 1660,938
473: 1335,187,734
474: 1719,1527,769,1723
475: 561,826,1683,345
476: 1924,152,941,193,1693,253,1810,1280,893,1548,1163
477: 
478: 1754,668,906,928,423,799,1422,1315,379
479: 789,1789
480: 913,1353,332,1042,892,1157,1811
481: 1384,1895,1200,1048,1998,1814,1824,1332,1420,594,1529
482: 263,96,393,1544,839,1596
483: 1853,1901,1232,1546,1210,2013,375,1597,1495,1029,1799,1347,1612
484: 
485: 
486: 602,1372,102
487: 1119,1648,97,998,638,105,264,1638,1328,1370,1788
488: 
489: 645,1125,1572
490: 665,267,175,1919,1501,569,1876,754,357,691
491: 
492: 
493: 
494: 927,1736,335,876,1691,1975,1530
495: 13,280,1274
496: 1963,681,158,811,139
497: 923,58
498: 
499: 1770,1071,2012
500: 1991
501: 
502: 1129,1252,1334,625,717
503: 
504: 1126,260,1325,784,458,431,331
505: 
506: 
507: 833,885,307,1482,1671,77,1487
508: 459,1133
509: 1293,1461,1893,1213,1601,1715,310
510: 
511: 1002,1865,964,1765,785,206,1379,853,777,1586,1387,1465
512: 230,380,610,522,1590,154,591,174,1145,1005,107,1981,1755
513: 1749,911,1776,1220,1555,2002
514: 1047,39,419,184,1774,1622,657
515: 1382,1411,674,1443,1164,1847
516: 814,282,469,1690,1686,584,1208,1301
517: 800,312,315,776
518: 962,386,204,218,957,340,26
519: 317,248,75,1710,1454
520: 72,1356,1839,999,592
521: 613,2015,108,1225,438,1724,1249,1309,1656,1954,870,456,582,699,1565,1149
522: 230,380,610,512,1590,154,591,1145,1005,107,1981,1755
523: 
524: 1425,1785,1205,1026,1281
525: 40
526: 1483
527: 898,1110,2,1491,580,367,712,1124,1082,924,615,1498
528: 848,1151,1318,1816,2007,622,41,450,1819
529: 805,571,1568,1305,144,189,37
530: 916,1345,2003,1929,955,2018,95,935,908,656
531: 661,411,1868,89,1478,1446
532: 642,213,1782,781,464,1242
533: 
534: 1435,1564,943,333,1445
535: 884,1822,1692,1368,1940,94
536: 882,1576,2000,845,554,1350,142
537: 931,462,745,1019,1494,314,1139,1056,432
538: 409,991,165,389
539: 1041,819,1018
540: 838,650
541: 961,1380,1492
542: 1879,1135,153,1857
543: 648,1099,1159
544: 626,1230,44,395,1503,2006,1883,1661,1096,1273,1540,1214
545: 1950,54
546: 61,1574,349,10
547: 
548: 1219,202,33,1636,897,182
549: 123,978
550: 
551: 847,720,581
552: 397,288,305,408,812,392,1639,1319
553: 730
554: 882,1576,536,2000,845,1350,142
555: 1175,1030,279,229
556: 1809
557: 1009,1619,1673
558: 
559: 
560: 
561: 826,1683,345,475
562: 1447,869
563: 1260
564: 1736,335,1691,1975
565: 
566: 
567: 1907,216
568: 
569: 1501,1876,754,357,691,665,267,490,175,1919
570: 1838,1528,1317,690,11,606
571: 805,529,1568,1305,144,189,37
572: 82,1657
573: 
574: 
575: 
576: 113,1813,348,1455,807
577: 209,53,1001,1385,1559,830
578: 891,1987,1444
579: 
580: 898,1110,2,1491,367,712,527,1124,1082,924,615,1498
581: 847,720,1666,984,551
582: 613,2015,521,108,1225,438,1724,1249,1309,1656,1954,870,456,699,1565,1149
583: 1052,1069,1625,316,670
584: 814,282,469,586,1690,1686,516,1208,797,1735,1630,1301
585: 
586: 814,282,469,1690,1686,584,1208,797,1735,1630,1301
587: 
588: 
589: 198,658,329,1456,1190,104,446,444,1226,378
590: 807,113,215,1813,348,1455
591: 154,174,1145,1005,107,1981,230,380,610,512,522,1590
592: 72,1356,1839,520,999
593: 
594: 1384,1895,1200,1048,1998,1814,481,1824,1332,1420,1529
595: 
596: 1727,286
597: 842
2013: 1853,1901,1232,483,1546,1210,375,1597,1495,1029,1799,1347,1612
599: 671,195
600: 
601: 1451
602: 486,1372
603: 
604: 1631,950,1402,747,901,1992
605: 
606: 1838,1317,690,11,570
607: 735,1078
608: 1984,414,1553,1711,1362,1894,1833,251,1450,285,1669
609: 391
610: 230,380,512,522,1590,154,591,174,1145,1005,107,1981,1755
611: 194,276,651,1471
612: 
613: 2015,521,108,1225,438,1724,1249,1309,1656,1954,870,456,582,699,1565,1149
614: 201
615: 898,1110,2,1491,580,367,712,527,1124,1082,924,1498
616: 1926,136,2011,1581,1351,1828
617: 211,143,1860,1358,714,1116,311,1278,1459
618: 1591,1477,236,1196,60,1890,359
619: 1194,673,1032
620: 875,1169,1931,930,322
621: 
622: 528,848,1151,1318,1816,2007,41,450,1819
623: 644
624: 2008,1398,353,343,1050,2001,36,64,1939,686,883
625: 502,1129,1252,1334,717
626: 1230,44,395,544,1503,2006,1883,1661,1096,1273,1540,1214
627: 1457,166,121,161,810,1534,852,1745,1980
628: 
629: 753,1888
630: 899,1543,439,245,1578,368,1510,641,888,1842,1083,1533,181,1896,1796,1464,1598,1034,1936
631: 697,737,347,1021
632: 1964
633: 1068,1079,231,1120
634: 
635: 1721,1829,1584
636: 255,1518,1369,1321
637: 997,902
638: 1119,1648,487,97,998,105,264,1638,1328,1370,1788
639: 
640: 
641: 888,1842,1083,1533,181,1896,1796,1464,1598,1510,1034,1936,630,899,1543,439,245,1578,368
642: 213,1782,532,781,464,1242
643: 683,871,1969
644: 623
645: 1125,1572,489
646: 
647: 1
648: 1099,1159,543
649: 1251,1044,126,865,970,1902,366
650: 540,838
651: 194,611,276,1471
652: 1763,233
653: 1993,1718
654: 326,1035
655: 
656: 2018,95,935,908,916,1345,2003,1929,530,955
657: 1047,39,419,184,514,1774,1622
658: 198,329,1456,1190,589,104,446,444,1226,378
659: 420,1434,1203
660: 240,110,1908,860
661: 411,1868,531,1478,1446
662: 844,988,1632,693,1985,837,1780,770
663: 
664: 257,1298
665: 267,490,175,1919,1501,569,1876,754,357,691
666: 820,945,1775
667: 1848,17,1511,1101,1221,1640,873,270,766,430
668: 1754,478,906,928,423,799,1422,1315,379
669: 
670: 1052,1069,1625,316,583
671: 195,599
672: 1611,1401,1038
673: 1028,619,1194
674: 1382,1411,1443,515,1164,1847
675: 791,1261,244,1545,355,1167,1308,327
676: 2014,1889,851,1037,709,934,1470,2005,1521,262
677: 0,52,680
678: 131,448
679: 
680: 0,52,677
681: 1963,496,158,811,139
682: 101,323,1874,788,424,1228
683: 871,643,1969
684: 980,1265,363,1090
685: 1606,843
686: 624,2008,1398,353,343,1050,2001,36,64,1939,883
687: 
688: 1986,1449,1496,1166,1272,1049,1059
689: 47,817,1791
690: 1838,1528,1317,11,570,606
691: 1501,569,1876,754,357,665,267,490,175,1919
692: 
693: 844,988,1632,662,1985,837,1780,770
694: 177,190,887,1764,829,1689
695: 1840,794,1097,824,946,1066
696: 
697: 631,737,347,1021
698: 960,1326,98,1682
699: 613,2015,521,108,1225,438,1724,1249,1309,1656,1954,870,456,582,1565,1149
700: 796,757,1854
701: 1707,168
702: 131,448
703: 157,1178,449
704: 886,827,1817
705: 1675,1951,271,1168
706: 1123,1064,289,1800,51,1437,167
707: 137,1790,226,1505
708: 1248
709: 2014,1889,851,1037,676,934,1470,2005,1521,262
710: 1809
711: 1974,1333,1316,162,939,1192,1212,1336,1808
712: 898,1110,2,1491,580,367,527,1124,1082,924,615,1498
713: 1329,1605,1378,1877,1314,1067,1580,416
714: 211,617,143,1860,1358,1116,311,1278,1459
715: 1235,1561,783,1706
716: 9
717: 502,1129,1252,1334,625
718: 1171,20,890,1624,1588,1324,732,70
719: 1899,1989,1589
720: 847,1666,581,551
721: 
722: 1672,1997
723: 
724: 1966
725: 1608
726: 
727: 909,1523,1821,1173,740,362,942,1442,958,731,1820
728: 
729: 
730: 553
731: 909,1523,1821,1173,740,362,727,942,1442,958,1820
732: 1171,20,890,718,1624,1588,1324,70
733: 1709,1841,743,1641,1188,1485
734: 473
735: 1078,607
736: 
737: 697,631,347,1021
738: 1302,857,813
739: 
740: 909,1523,1821,1173,362,727,942,1442,958,731,1820
741: 
742: 1562,1290,1823,138,1579
743: 1709,1841,733,1641,1188,1485
744: 
745: 931,462,1019,537,1494,314,1139,1056,432
746: 774,896
747: 901,1992,604,1631,950,1402
748: 
749: 292,238
750: 2019,140,301,2017,325,1365,1935,1433,866
751: 
752: 1227
753: 1888,629
754: 1501,569,1876,357,691,665,267,490,175,1919
755: 
756: 1055,1522,274,1869,1850,1286
757: 796,700,1854
758: 1722,250
759: 1863,1020
760: 
761: 
762: 
763: 
764: 
765: 
766: 1848,17,1511,1101,1221,1640,873,270,430,667
767: 
768: 1481,73
769: 1719,1527,1723,474
770: 1985,837,1780,844,988,662,693
771: 878
772: 
773: 
774: 746,896
775: 
776: 800,312,517,315
777: 1586,1387,785,206,1379,853,1002,1865,964,511,1765,1465
778: 
779: 78,1462,1937,1531,1393
780: 
781: 642,213,1782,532,464,1242
782: 
783: 1235,1561,715,1706
784: 1126,504,260,1325,458,431,331
785: 206,1379,777,1586,1387,1002,1865,964,511,1765,1465
786: 
787: 
788: 424,1228,101,682,323,1874
789: 1789,479
790: 1307,1207,973
791: 675,1261,244,1545,355,1167,1308,327
792: 35
793: 
794: 1840,1097,824,695,946,1066
795: 1653,172,1654,1911,1708
796: 757,700,1854
797: 814,282,469,586,1690,1686,584,1208,1735,1630,1301
798: 93
799: 1422,1315,379,1754,668,478,906,928,423
800: 312,517,315,776
801: 1179,1304
802: 
803: 1045
804: 197,401,45,925,1517,1515,1186,1389,1423
805: 571,529,1568,1305,144,189,37
806: 1738,425
807: 590,113,215,576,1813,348,1455
808: 351,1696,300,1414
809: 
810: 1457,166,121,161,1534,627,852,1745,1980
811: 158,139,1963,681,496
812: 397,552,288,305,408,392,1639,1319
813: 1302,857,738
814: 282,469,586,1690,1686,516,584,1208,797,1735,1630,1301
815: 
816: 
817: 47,689,1791
818: 985,1684,59
819: 1041,539
820: 666,945,1775
821: 1104,1323
822: 
823: 1556,133
824: 1840,794,1097,695,946,1066
825: 
826: 561,1683,345,475
827: 704,886,1817
828: 
829: 887,1764,118,1689,177,190,694
830: 1385,1559,1001,577,209,53
831: 1551,179,968,1289,1613,862,1832
832: 417,1065,1594,254,1297,1240,268,7,1311,1091,1142
833: 507,885,307,1482,1671,77,1487
834: 1143,1932
835: 
836: 1967,1979,1023,1542,1057,1904,1392,1441
837: 1985,1780,770,988,662,693
838: 540,650
839: 263,96,482,393,1544,1596
840: 1697,1914
841: 220,880,1550,1787,1087
842: 597,1617
843: 685,1606
844: 988,1632,662,693,1985,1780,770
845: 882,1576,536,2000,554,1350,142
846: 1467
847: 720,1666,984,581,551
848: 528,1151,1318,1816,2007,622,41,450,1819
849: 
850: 
851: 2014,1889,1037,709,676,934,1470,2005,1521,262
852: 166,810,1534,627,1745,1980
853: 206,1379,777,1586,964,511,1765,1465
854: 
855: 1794,975,1185,1804,1905
856: 1524
857: 1302,813,738
858: 
859: 
860: 240,110,1908,660
861: 1154
862: 1832,831,1551,179,968
863: 954
864: 1769,1016,1460
865: 970,1902,366,1251,649,1044,126
866: 2019,140,301,2017,325,1365,1935,750,1433
867: 235,1267,92,1918
868: 
869: 562,1447
870: 613,2015,521,108,1225,438,1724,1249,1309,1656,1954,456,582,699,1565,1149
871: 683,643,1969
872: 1187,1953,1258,1107,1277
873: 1848,17,1511,1101,1221,1640,270,766,430,667
874: 149,1222,1851,1349
875: 1169,1931,930,620,322
876: 494,927,1736,335,1691,1975,1530
877: 
878: 771
879: 1903
880: 220,1550,841,1787,1087
881: 
882: 1576,536,2000,845,554,1350,142
883: 624,2008,1398,353,343,1050,2001,36,64,1939,686
884: 535,1822,1692,1368,1940,94
885: 307,1482,1671,77,1487,507,833
886: 704,827,1817
887: 1764,118,829,1689,177,190,694
888: 641,1842,1083,1533,181,1896,1796,1464,1598,1510,1034,1936,630,899,1543,439,245,1578,368
889: 1900,2004,979,1836,185,56,1412,1070
890: 1171,20,718,1588,1324,732,70
891: 1987,1444,578
892: 480,913,1353,1042,1157,1811
893: 1924,152,941,193,1693,253,1810,1280,1548,1163,476
894: 1571,903
895: 176,207,1415,949,109,1158,1825,1892,1140,1948
896: 746,774
897: 221,1219,202,33,548,1636,182
898: 1110,2,1491,580,367,712,527,1124,1082,924,615,1498
899: 630,1543,439,245,1578,368,1510,641,888,1842,1083,1533,181,1896,1796,1464,1598,1034,1936
900: 1933
901: 747,1992,604,1631,950,1402
902: 997,637
903: 1571,894
904: 212
905: 1299
906: 1754,668,478,928,423,799,1422,1315,379
907: 
908: 2018,95,935,656,916,1345,2003,1929,530,955
909: 1523,1821,1173,740,362,727,942,1442,958,731,1820
910: 
911: 1749,1776,1220,1555,513,2002
912: 
913: 480,1353,332,1042,892,1157,1811
914: 
915: 334
916: 1345,2003,1929,530,955,2018,95,935,908,656
917: 
918: 1897,1269,1585,219,1407,1062,1103,1891
919: 1452,1113,415
920: 1386,1174,1917,1741,1395
921: 
922: 1053
923: 58,497
924: 898,1110,2,1491,580,367,712,527,1124,1082,615,1498
925: 197,401,45,804,1517,1972,1515,1186,1389,1423
926: 
927: 494,1736,335,876,1691,1975,1530
928: 1754,668,478,906,423,799,1422,1315,379
929: 
930: 875,1169,1931,620
931: 462,745,1019,537,1494,314,1139,1056,432
932: 183
933: 
934: 2014,1889,851,1037,709,676,1470,2005,1521,262
935: 2018,95,908,656,916,1345,2003,1929,530,955
936: 
937: 205,1160,1508,382,1575,1633,1688,1417,986
938: 1660,472
939: 1974,1333,1316,162,1192,1212,1336,711,1808
940: 
941: 1924,152,193,1693,253,1810,1280,893,1548,1163,476
942: 909,1523,1821,1173,740,362,727,1442,958,731,1820
943: 1435,1564,534,333
944: 
945: 820,666,1775
946: 1066,1840,794,1097,824,695
947: 
948: 66,1360,3,1085,291,1771
949: 176,207,895,1415,109,1158,1825,1892,1140,1948
950: 604,1631,1402,747,901,1992
951: 
952: 
953: 387,1348
954: 863
955: 916,1345,2003,1929,530,2018,95,935,908,656
956: 
957: 962,386,204,218,1973,518,340,26
958: 909,1523,1821,1173,740,362,727,942,1442,731,1820
959: 1152
960: 698,1326,98,1682
961: 1380,541,1492
962: 386,204,218,957,1973,518,340,26
963: 1093,1253,1426
964: 1002,1865,511,1765,785,206,1379,853,777,1586,1387,1465
2014: 1889,851,1037,709,676,934,1470,2005,1521,262
966: 19
967: 50,249
968: 831,1803,1551,179,1289,1613,862,1832
969: 442,1945,1655
970: 865,1902,366,1251,649,1044,126
971: 
972: 1757,8,1198,1880,1201
973: 1307,1207,790
974: 1109,1651,120
975: 1794,855,1185,1804,1905
976: 1873,265
977: 
978: 549,123
979: 1900,2004,1836,889,185,56,1412,1070
980: 684,1265,363
981: 
982: 
983: 1237,208,413,1376,1886
984: 847,1666,581
985: 818,1662,1684,59,1717
986: 1575,321,1633,1688,1417,205,1160,1508,382,937
987: 
988: 844,1632,662,693,1985,837,1780,770
989: 
990: 
991: 409,538,165,389
992: 
993: 
994: 1271,71,40
995: 1760
996: 
997: 902,637
998: 1119,1648,487,97,638,105,264,1638,1328,1370,1788
999: 72,1356,1839,520,592
1000: 
1001: 1385,1559,830,577,209,53
1002: 1865,964,511,1765,785,777,1586,1387,1465
1003: 
1004: 1942,370,1943,412
1005: 154,591,174,1145,107,1981,230,380,610,512,522,1590,1755
1006: 1295,1432,1335,187
1007: 281,228,2016,1008
1008: 281,228,1007,2016
1009: 1619,557,1673
1010: 1224,1327
1011: 302,1254,1165,318,28,278,169
1012: 
1013: 374,364
1014: 1100,1292,1855,1887
1015: 309
1016: 1769,864,1460
1017: 192,1664,1949,1777,293
1018: 539
1019: 931,462,745,537,1494,314,1139,1056,432
1020: 1863,759
1021: 697,631,737,347
1022: 
1023: 1967,1979,1542,836,1057,1904,1392,1441
1024: 1567,1679,1607,1995,1184,1418,1408,1473
1025: 
1026: 1281,1425,1785,1205,524
1027: 1390
1028: 1194,673
1029: 1495,1799,1347,1612,1853,1232,483,1210,2013,375,1597
1030: 1175,279,555,229
1031: 
1032: 619,1194
1033: 
1034: 1936,1510,641,888,1842,1083,1533,181,1896,1796,1464,1598,630,899,1543,439,245,1578,368
1035: 1957,654,326
1036: 
1037: 2014,1889,851,709,676,934,1470,2005,1521,262
1038: 1611,1401,672
1039: 
1040: 
1041: 819,539
1042: 480,913,1353,332,892,1157,1811
1043: 1072,201,1233,234
1044: 1251,649,126,865,970,1902,366
1045: 803
1046: 443,1629
1047: 39,419,184,514,1774,1622,657
1048: 1384,1895,1200,1998,1814,481,1824,1332,1420,594,1529
1049: 688,1449,1496,1166,1272
1050: 624,2008,1398,353,343,2001,36,64,1939,686,883
1051: 1592,356
1052: 1069,1625,316,670,583
1053: 922
1054: 1658,156,130,1138
1055: 756,1522,274,1869,1850,1286
1056: 1494,314,1139,432,931,462,745,1019,537
1057: 1904,1392,1441,1967,1979,1023,1542,836
1058: 
1059: 1986,688,1449,1496,1166,1272
1060: 67,1161,1852,441,1573,266,1500,1781,1866,1118
1061: 87,1144
1062: 1897,1269,918,1585,219,1407,1103,1891
1063: 361,360,1634
1064: 1123,706,289,1800,51,1437,167
1065: 417,1594,254,832,1297,1240,268,7,1311,1091,1142
1066: 946,1840,794,1097,824,695
1067: 1314,1580,416,1605,1378,1877,713
1068: 633,231,1120
1069: 1052,1625,316,670,583
1070: 185,56,1412,889,1900,2004,979,1836
1071: 1770,2012,499
1072: 201,1233,1043,234
1073: 1773,1678,421
2006: 626,1230,44,395,544,1503,1883,1661,1096,1273,1540,1214
1075: 1479,1744,1862,1092,1700
1076: 
1077: 
1078: 735,607
1079: 633
1080: 
1081: 
1082: 898,1110,2,1491,580,367,712,527,1124,924,615,1498
1083: 641,888,1842,1533,181,1896,1796,1464,1598,1510,1034,1936,630,899,1543,439,245,1578,368
1084: 
1085: 291,1771,948,66,1360,3
1086: 1209,320,186,1670,470,1766,1263
1087: 1787,220,880,1550,841
1088: 
1089: 
1090: 684,1265,363
1091: 1297,1240,268,7,1311,1142,417,1065,1594,254,832
1092: 1479,1075,1862,1700
1093: 1253,963,1426
1094: 1112,1238
1095: 1424,1234,1339,1181,328
1096: 626,1230,44,395,544,1503,2006,1883,1661,1273,1540,1214
1097: 1840,794,824,695,946,1066
1098: 1363,1906
1099: 648,1159,543
1100: 1292,1855,287,1887,373,1014
1101: 1848,17,1511,1221,1640,873,270,766,430,667
1102: 160,116,1279
1103: 1897,1269,918,1585,219,1407,1062,1891
1104: 821,1323
1105: 1218,1921,1136
1106: 
1107: 872,1187,1953,1258,1277
1108: 
1109: 1651,974,120
1110: 898,2,1491,580,367,712,527,1124,1082,924,615,1498
1111: 1569,1490,1182
1112: 1094,1238
1113: 919,1452,415
1114: 
1115: 
1116: 211,617,143,1860,1358,714,311,1278,1459
2010: 
1118: 1500,1781,1866,266,1060,67,1161,1852,441,1573
1119: 1648,487,97,998,638,105,264,1638,1328,1370,1788
1120: 231,1068,633
1121: 1610
1122: 377,1923
1123: 1064,706,289,1800,51,1437,167
1124: 898,1110,2,1491,580,367,712,527,1082,924,615,1498
1125: 645,1572,489
1126: 504,260,1325,784,458,431,331
1127: 
1128: 1753,119,1952
1129: 502,1252,1334,625,717
1130: 
1131: 
1132: 
1133: 459,508
1134: 
1135: 1879,1337,542,153,1857
1136: 1105,1218,1921
1137: 1248
1138: 1658,156,1054,130
1139: 1494,314,1056,432,931,462,745,1019,537
1140: 176,207,895,1415,949,109,1158,1825,1892,1948
1141: 
1142: 1297,1240,268,7,1311,1091,417,1065,1594,254,832
1143: 834,15,1932
1144: 87,1061
1145: 154,591,174,1005,107,1981,230,380,610,512,522,1590,1755
1146: 1396
1147: 
1148: 2009,24,1296
1149: 613,2015,521,108,1225,438,1724,1249,1309,1656,1954,870,456,582,699,1565
1150: 1861,1667
1151: 528,848,1318,1816,2007,622,41,450,1819
1152: 959
1153: 
1154: 861
1155: 1647
1156: 
1157: 480,913,1353,1042,892,1811
1158: 176,207,895,1415,949,109,1825,1892,1140,1948
1159: 648,1099,543
1160: 205,1508,382,937,1575,321,1633,1688,1417,986
1161: 1060,67,1852,441,1573,266,1500,1781,1866,1118
1162: 
1163: 1924,152,941,193,1693,253,1810,1280,893,1548,476
1164: 1847,1382,1411,674,1443,515
1165: 302,1254,1011,318,28,278,295,169
1166: 1986,688,1449,1496,1272,1049,1059
1167: 675,791,1261,244,1545,355,1308,327
1168: 271,705,1675,1951
1169: 875,1931,930,620,322
1170: 
1171: 20,890,718,1588,1324,732,70
1172: 1439,242,1199
1173: 909,1523,1821,740,362,727,942,1442,958,731,1820
1174: 1386,920,1917,1741,1395
1175: 1030,279,555,229
1176: 
1177: 
1178: 157,703,449
1179: 1304,801
1180: 1835,1859,135,275,1593
1181: 1424,1095,1234,1339,328
1182: 1569,1490,1111
1183: 
1184: 1567,1024,1679,1607,1995,1418,1408,1473
1185: 1794,975,855,1804,1905
1186: 197,45,925,804,1517,1972,1515,1389,1423
1187: 872,1953,1258,1107,1277
1188: 1709,1841,733,743,1641,1485
1189: 
1190: 198,658,329,1456,589,104,446,444,1226,378
1191: 
1192: 1974,1333,1316,162,939,1212,1336,711,1808
1193: 62
1194: 1028,619,673,1032
1195: 455,200
1196: 1591,1477,618,236,60,1890,359
1197: 
1198: 1757,8,972,1880,1201
1199: 1439,242,1172
1200: 1384,1895,1048,1998,481,1824,1332,1420,594,1529
1201: 1880,1757,8,972,1198
1202: 42,1520,437,1623,247,1216
1203: 420,1434,659
1204: 
1205: 1425,1785,524,1026,1281
1206: 1431
1207: 1307,973,790
1208: 814,282,469,586,1690,1686,516,584,797,1735,1630,1301
1209: 320,186,1670,470,1086,1766,1263
1210: 1853,1901,1232,483,1546,2013,375,1597,1495,1029,1799,1347,1612
1211: 1275
1212: 1974,1333,1316,162,939,1192,1336,711,1808
1213: 1293,1461,1893,1601,1715,509,310
1214: 626,1230,44,395,544,1503,2006,1883,1661,1096,1273,1540
1215: 80
1216: 1623,247,42,1520,1202,437
1217: 1849,1999,74
1218: 1105,1921,1136
1219: 221,202,33,548,1636,897,182
1220: 1749,911,1776,1555,513,2002
1221: 1848,17,1511,1101,1640,873,270,766,430,667
1222: 149,1349,874
1223: 1285
1224: 1010,1327
1225: 613,2015,521,108,438,1724,1249,1309,1656,1954,870,456,582,699,1565,1149
1226: 198,658,329,1456,1190,589,104,444,378
1227: 752
1228: 788,424,101,682,323,1874
1229: 
1230: 626,44,395,544,1503,2006,1883,1661,1096,1273,1540,1214
1231: 284
1232: 1853,1901,483,1546,1210,2013,375,1597,1495,1029,1799,1347,1612
1233: 1072,201,1043,234
1234: 1424,1095,1339,1181,328
1235: 1561,715,783,1706
1236: 346,1260
1237: 983,208,413,1376,1886
1238: 1094,1112
1239: 1364
1240: 1297,268,7,1311,1091,1142,417,1065,1594,254,832
1241: 
1242: 642,213,532,781,464
1243: 103,1644,1743,1737,1620,125,1320,1428
1244: 
1245: 
1246: 
1247: 117,1512,1649
1248: 1137,708
1249: 613,2015,521,108,1225,438,1724,1309,1656,1954,870,456,582,699,1565,1149
1250: 1563
1251: 649,1044,126,865,970,1902,366
1252: 502,1129,1334,625,717
1253: 1093,963,1426
1254: 302,1165,1011,318,28,278,295,169
1255: 
1256: 
1257: 
1258: 872,1187,1953,1107,1277
1259: 
1260: 346,1236,563
1261: 675,791,244,1545,355,1167,1308,327
1262: 
1263: 1209,320,186,1670,470,1086,1766
1264: 
1265: 980,684,363,1090
1266: 
1267: 92,1918,235,867
1268: 
1269: 1897,918,1585,219,1407,1062,1103
1270: 
1271: 994,71,40
1272: 1986,688,1449,1496,1166,1049,1059
1273: 626,1230,44,395,544,1503,2006,1883,1661,1096,1540,1214
1274: 13,495,280
1275: 1211
1276: 
1277: 872,1187,1953,1258,1107
1278: 211,617,143,1860,1358,714,1116,311,1459
1279: 116,160,1102
1280: 1924,152,941,193,1693,253,1810,893,1548,1163,476
1281: 1026,1425,1785,1205,524
1282: 
1283: 
1284: 1340,258
1285: 1223
1286: 756,1055,1522,274,1869,1850
1287: 
1288: 
1289: 831,1803,1551,179,968,1613,1832
1290: 1562,742,1823,138,1579
1291: 1599,1704,1699
1292: 1100,1855,287,1887,373,1014
1293: 1461,1893,1213,1601,1715,509,310
1294: 
1295: 1432,1335,1006,187
1296: 2009,24,1148
1297: 1240,268,7,1311,1091,1142,417,1065,1594,254,832
1298: 257,664
1299: 905
1300: 150
1301: 814,282,469,586,1690,1686,516,584,1208,797,1735,1630
1302: 857,813,738
2008: 624,1398,353,343,1050,2001,36,64,1939,686,883
1304: 1179,801
1305: 805,571,529,1568,144,189,37
1306: 46
1307: 1207,973,790
1308: 675,791,1261,244,1545,355,1167,327
1309: 613,2015,521,108,1225,438,1724,1249,1656,1954,870,456,582,699,1149
1310: 
1311: 1297,1240,268,7,1091,1142,417,1065,1594,254,832
1312: 
1313: 
1314: 1067,1580,416,1605,1378,1877,713
1315: 799,1422,379,1754,668,478,906,928,423
1316: 1974,1333,162,939,1192,1212,1336,711,1808
1317: 1838,1528,690,11,570,606
1318: 528,848,1151,1816,2007,622,41,450,1819
1319: 397,552,288,305,408,812,392,1639
1320: 103,1243,1743,1737,1620,125,1428
1321: 1369,255,636,1518
1322: 
1323: 1104,821
1324: 1171,20,890,718,1624,1588,732,70
1325: 1126,504,260,784,458,431,331
1326: 98,1682,698,960
1327: 1224,1010
1328: 1119,1648,487,97,998,638,105,264,1638,1370,1788
1329: 1605,713
1330: 
1331: 
1332: 1384,1895,1200,1048,1998,1814,481,1824,1420,594,1529
1333: 1974,1316,162,939,1192,1212,1336,711,1808
1334: 502,1129,1252,625,717
1335: 1295,1432,1006,187,473
1336: 1974,1333,1316,162,939,1192,1212,711,1808
1337: 1879,1135,153,1857
1338: 
1339: 1424,1095,1234,1181,328
1340: 1284,258
1341: 
1342: 
1343: 227,1438,1779
1344: 
1345: 916,2003,1929,530,955,2018,95,935,908,656
1346: 
1347: 1495,1029,1799,1612,1853,1232,483,1546,1210,2013,375,1597
1348: 387,953
1349: 149,1222,1851,874
1350: 882,1576,536,2000,845,554,142
1351: 1926,136,616,2011,1581,1828
1352: 
1353: 480,913,332,1042,892,1157,1811
1354: 
1355: 407
1356: 72,1839,520,999,592
1357: 
1358: 211,617,143,1860,714,1116,311,1278,1459
1359: 
1360: 948,66,3,1085,291,1771
1361: 
1362: 1984,414,1553,1711,1894,1833,251,1450,608,285,1669
1363: 1098,1906
1364: 1239
1365: 2019,140,301,2017,325,1935,750,1433,866
1366: 
1367: 1472,319
1368: 1940,94,535,884,1822,1692
1369: 1321,255,636,1518
1370: 1119,1648,487,97,998,638,105,264,1638,1328,1788
1371: 
1372: 486,602,102
1373: 151
1374: 1614
1375: 
1376: 1886,983,1237,208,413
2012: 1770,1071,499
1378: 1605,1877,713,1314,1067,1580,416
1379: 785,206,853,777,1586,1387,1865,964,511,1765,1465
1380: 961,541,1492
1381: 406,1646,1409
1382: 1411,674,1443,515,1164,1847
1383: 
1384: 1895,1200,1048,1998,1814,481,1824,1332,1420,594,1529
1385: 1559,830,1001,577,209,53
1386: 920,1174,1917,1741,1395
1387: 777,1586,785,206,1379,1002,1865,964,511,1765,1465
1388: 
1389: 197,401,45,925,804,1517,1972,1515,1186,1423
1390: 1027
1391: 
1392: 1057,1904,1441,1967,1979,1023,1542,836
1393: 78,1462,1937,1531,779
1394: 
1395: 1386,920,1174,1917,1741
1396: 1146
1397: 
1398: 624,2008,353,343,1050,2001,36,64,1939,686,883
1399: 273,1871
1400: 30,342
1401: 1611,1038,672
1402: 604,1631,950,747,901,1992
1403: 1694,1410,134
1404: 
1405: 1577
1406: 
1407: 1897,1269,918,1585,219,1062,1103,1891
1408: 1567,1024,1679,1607,1995,1184,1418,1473
1409: 406,1646,1381
1410: 1694,1403,134
1411: 1382,674,515,1164,1847
1412: 185,56,1070,889,1900,2004,979,1836
1413: 308,426
1414: 351,1696,300,808
1415: 176,207,895,949,109,1158,1825,1892,1140,1948
1416: 
1417: 1575,321,1633,1688,986,1160,1508,382,937
1418: 1567,1024,1679,1995,1184,1408,1473
1419: 
1420: 1384,1895,1200,1048,1998,1814,481,1824,1332,594,1529
1421: 
1422: 799,1315,379,1754,668,478,906,928,423
1423: 197,401,45,925,804,1517,1972,1515,1186,1389
1424: 1095,1234,1339,1181,328
1425: 1785,1205,524,1026,1281
1426: 1093,1253,963
1427: 
1428: 103,1243,1644,1743,1737,1620,125,1320
1429: 1947,1761,398
1430: 402,283,1668
1431: 1206
1432: 1295,1335,1006,187
1433: 2019,140,301,2017,325,1365,1935,750,866
1434: 420,659,1203
1435: 1564,534,943,333,1445
1436: 
1437: 1800,51,167,1123,1064,706,289
1438: 1343,227,1779
1439: 242,1199,1172
1440: 12
1441: 1057,1904,1392,1967,1979,1023,1542,836
1442: 909,1523,1821,1173,740,362,727,942,958,731,1820
1443: 1382,674,515,1164,1847
1444: 891,1987,578
1445: 1435,1564,534
1446: 661,411,1868,531,89,1478
1447: 562,869
1448: 
1449: 1986,688,1496,1166,1272,1049,1059
1450: 1984,414,1553,1711,1362,1894,1833,251,608,285,1669
1451: 601
1452: 919,1113,415
1453: 
1454: 75,1710,248,519,317
1455: 113,576,1813,348,590,807
1456: 198,658,329,1190,589,104,446,444,1226,378
1457: 166,121,161,810,627,1745,1980
1458: 
1459: 211,617,143,1860,1358,714,1116,311,1278
1460: 1769,864,1016
1461: 1293,1893,1213,1601,1715,509,310
1462: 78,1937,1531,1393,779
1463: 1950,54,1637
1464: 641,888,1842,1083,1533,181,1896,1796,1598,1510,1034,1936,630,899,1543,439,245,1578,368
1465: 785,206,1379,853,777,1586,1387,1002,964,511,1765
1466: 
1467: 846
1468: 164
1469: 1554
1470: 2014,1889,851,1037,709,676,934,2005,1521,262
1471: 194,611,276,651
1472: 1367,319
1473: 1567,1024,1679,1607,1995,1184,1418,1408
1474: 
1475: 
1476: 
1477: 1591,618,236,1196,60,1890,359
1478: 661,411,1868,531,89,1446
1479: 1075,1744,1862,1092,1700
1480: 400,1962
1481: 73,768
1482: 885,307,1671,77,1487,507,833
1483: 526
1484: 
1485: 1709,1841,733,743,1641,1188
1486: 
1487: 885,307,1482,1671,77,507,833
1488: 
1489: 
1490: 1569,1111,1182
1491: 898,1110,2,580,367,712,527,1124,1082,924,615,1498
1492: 961,1380,541
1493: 
1494: 314,1139,1056,931,462,745,1019,537
1495: 1029,1799,1347,1612,1853,1901,1232,483,1546,1210,2013,375,1597
1496: 1986,688,1449,1166,1272,1049,1059
2019: 140,301,2017,325,1365,1935,750,1433,866
1498: 898,1110,2,1491,580,367,712,527,1124,1082,924,615
1499: 
1500: 1781,1866,1118,266,1060,67,1161,1852,441,1573
1501: 569,1876,754,357,691,665,267,490,175,1919
1502: 6,1756
1503: 626,1230,44,395,544,2006,1883,1661,1096,1273,1540,1214
1504: 
1505: 137,1790,226,707
1506: 
1507: 
1508: 205,1160,382,937,1575,321,1633,1688,1417,986
1509: 
1510: 641,888,1842,1083,1533,181,1896,1796,1464,1598,1034,1936,630,899,1543,439,245,1578,368
1511: 1848,17,1101,1221,1640,873,270,766,667
1512: 117,1247,1649
1513: 
1514: 
1515: 197,401,45,925,804,1517,1972,1186,1389,1423
1516: 383,294
1517: 197,401,45,925,804,1972,1515,1186,1389,1423
1518: 255,636,1369,1321
2005: 2014,1889,851,1037,709,676,934,1470,1521,262
1520: 42,1202,437,1623,247,1216
1521: 2014,1889,851,1037,709,676,934,1470,2005,262
1522: 756,1055,274,1869,1850,1286
1523: 909,1821,1173,740,362,727,942,1442,958,731,1820
1524: 856
1525: 
1526: 
1527: 1719,769,1723,474
1528: 1838,1317,690,11,570
1529: 1384,1895,1200,1048,1998,1814,481,1824,1332,1420,594
1530: 494,927,1736,876,1691
1531: 78,1462,1937,1393,779
1532: 83
1533: 641,888,1842,1083,181,1896,1796,1464,1598,1510,1034,1936,630,899,1543,439,245,1578,368
1534: 166,121,161,810,627,852,1745,1980
1535: 
1536: 
2007: 528,848,1151,1318,1816,622,41,450,1819
1538: 
1539: 
1540: 626,1230,44,395,544,1503,2006,1883,1661,1096,1273,1214
1541: 
1542: 1967,1979,1023,836,1057,1904,1392,1441
1543: 630,899,439,245,1578,368,1510,641,888,1842,1083,1533,181,1896,1796,1464,1598,1034,1936
1544: 263,96,482,393,839
1545: 675,791,1261,244,355,1167,1308,327
1546: 1853,1901,1232,483,1210,2013,375,1597,1495,1799,1347,1612
1547: 
1548: 1924,152,941,193,1693,253,1810,1280,893,1163,476
1549: 
1550: 220,880,841,1787,1087
1551: 831,1803,179,968,1289,1613,862,1832
1552: 341
1553: 1984,414,1711,1362,1894,1833,251,1450,608,285,1669
1554: 1469
1555: 1749,911,1776,1220,513,2002
1556: 133,823
1557: 
1558: 
1559: 1385,830,1001,577,209,53
1560: 
1561: 1235,715,783,1706
1562: 1290,742,1823,138,1579
1563: 1250
1564: 1435,534,943,1445
1565: 613,2015,521,108,1225,438,1724,1249,1656,1954,870,456,582,699,1149
1566: 
1567: 1024,1679,1607,1995,1184,1418,1408,1473
1568: 805,571,529,1305,144,189,37
1569: 1490,1111,1182
1570: 
1571: 903,894
1572: 645,1125,489
1573: 1060,67,1161,1852,441,266,1500,1781,1866,1118
1574: 61,546,349,10
1575: 321,1633,1688,1417,986,205,1160,1508,382,937
1576: 882,536,2000,845,554,1350,142
1577: 1405
1578: 630,899,1543,439,245,368,1510,641,888,1842,1083,1533,181,1896,1796,1464,1598,1034,1936
1579: 1562,1290,742,1823,138
1580: 1314,1067,416,1605,1378,1877,713
1581: 1926,136,616,2011,1351,1828
1582: 
1583: 
1584: 1721,635
1585: 1897,1269,918,219,1407,1062,1103,1891
1586: 777,1387,785,206,1379,853,1002,1865,964,511,1765,1465
1587: 
1588: 1171,20,890,718,1624,1324,732,70
1589: 1899,719
1590: 230,380,610,512,522,154,591,174,1145,1005,107,1981,1755
1591: 1477,618,236,1196,60,1890,359
1592: 1051,356
1593: 1835,1859,135,275,1180
1594: 417,1065,254,832,1297,1240,268,7,1311,1091,1142
2011: 1926,136,616,1581,1351,1828
1596: 482,839
1597: 1853,1901,1232,483,1546,1210,2013,375,1495,1029,1799,1347,1612
1598: 641,888,1842,1083,1533,181,1896,1796,1464,1510,1034,1936,630,899,1543,439,245,1578,368
1599: 1704,1291,1699
1600: 
1601: 1293,1461,1893,1213,1715,509,310
1602: 
1603: 1609,1983
1604: 
1605: 1329,1378,1877,713,1314,1067,1580
1606: 685,843
1607: 1567,1024,1679,1995,1184,1408,1473
1608: 725
1609: 1603,1983
1610: 1121
1611: 1401,1038,672
1612: 1495,1029,1799,1347,1853,1901,1232,483,1546,1210,2013,375,1597
1613: 831,1803,1551,968,1289
1614: 1374
1615: 
1616: 
1617: 842
1618: 
1619: 1009,557,1673
1620: 1737,125,103,1243,1644,1743,1320,1428
1621: 
1622: 1047,39,419,184,514,1774,657
1623: 247,1216,42,1520,1202,437
1624: 20,718,1588,1324,732,70
1625: 1052,1069,316,670,583
1626: 1971,1909
1627: 
1628: 
1629: 443,1046
1630: 814,282,469,586,1690,1686,584,1208,797,1735,1301
1631: 604,950,1402,747,901,1992
1632: 844,988,662,693,1985,1780
1633: 1575,321,1688,1417,986,1160,1508,382,937
1634: 1063
1635: 
1636: 221,1219,202,33,548,897,182
1637: 1463,1950,54
1638: 1119,1648,487,97,998,638,105,264,1328,1370,1788
1639: 397,552,288,305,408,812,392,1319
1640: 1848,17,1511,1101,1221,873,270,766,430,667
1641: 1709,1841,733,743,1188,1485
1642: 
1643: 
1644: 103,1243,1743,1737,1620,125,1428
1645: 
1646: 406,1409,1381
1647: 1155
1648: 1119,487,97,998,638,105,264,1638,1328,1370,1788
1649: 117,1512,1247
1650: 
1651: 1109,974,120
1652: 
1653: 172,1654,795,1911,1708
1654: 1653,172,795,1911,1708
1655: 969,442,303,1945
1656: 613,2015,521,108,1225,438,1724,1249,1309,1954,870,456,582,699,1565,1149
1657: 572,82
1658: 156,1054,130,1138
1659: 
1660: 938,472
1661: 626,1230,44,395,544,1503,2006,1883,1096,1273,1540,1214
1662: 1684,59,1717,985
1663: 
1664: 192,1949,1017,1777,293
1665: 
1666: 847,720,984,581
1667: 1861,1150
1668: 402,283,1430
1669: 1984,414,1553,1711,1362,1894,1833,251,1450,608,285
1670: 1209,320,186,470,1086,1766,1263
1671: 885,307,1482,77,1487,507,833
1672: 722,1997
1673: 1009,1619,557
1674: 
1675: 705,1951,271,1168
1676: 148
1677: 
1678: 1773,421,1073
1679: 1567,1024,1607,1995,1184,1418,1408,1473
1680: 
1681: 
1682: 1326,98,698,960
1683: 561,826,345,475
1684: 1662,59,1717,818,985
1685: 1856,1798
1686: 814,282,469,586,1690,516,584,1208,797,1735,1630,1301
1687: 
1688: 1575,321,1633,1417,986,205,1160,1508,382,937
1689: 887,1764,829,177,190,694
1690: 814,282,469,586,1686,516,584,1208,797,1735,1630,1301
1691: 494,927,1736,335,876,1975,1530,564
1692: 535,884,1822,1368,1940,94
1693: 1924,152,941,193,253,1810,1280,893,1548,1163,476
1694: 1403,1410,134
1695: 
1696: 351,300,808,1414
1697: 840,1914
1698: 
1699: 1599,1704,1291
1700: 1479,1075,1862,1092
1701: 261,1702
1702: 261,1701
1703: 
1704: 1599,1291,1699
1705: 
1706: 1235,1561,715,783
1707: 168,701
1708: 1653,172,1654,795,1911
1709: 1841,733,743,1641,1188,1485
1710: 75,1454,248,519,317
1711: 1984,414,1553,1362,1894,1833,251,1450,608,285,1669
1712: 1925
1713: 
2009: 24,1148,1296
1715: 1293,1461,1893,1213,1601,509,310
1716: 
1717: 1662,1684,59,985
1718: 653,1993
1719: 1527,769,1723,474
1720: 
1721: 635,1829,1584
1722: 250,758
1723: 1719,1527,769,474
1724: 613,2015,521,108,1225,438,1249,1309,1656,1954,870,456,582,699,1565,1149
1725: 
1726: 
1727: 596,286
1728: 115
1729: 
1730: 
1731: 
1732: 
1733: 
1734: 
1735: 814,282,586,1690,1686,584,1208,797,1630,1301
1736: 494,927,335,876,1691,1975,1530,564
1737: 1620,125,103,1243,1644,1743,1320,1428
1738: 806,425
1739: 
1740: 
1741: 1386,920,1174,1917,1395
1742: 
1743: 103,1243,1644,1737,1620,125,1320,1428
1744: 1479,1075,1862
1745: 1457,166,121,161,810,1534,627,852,1980
1746: 
1747: 
1748: 
1749: 911,1776,1220,1555,513,2002
1750: 433,352
1751: 
1752: 
1753: 119,1128,1952
1754: 668,478,906,928,423,799,1422,1315,379
1755: 154,174,1145,1005,107,1981,230,380,610,512,522,1590
1756: 6,1502
1757: 8,972,1198,1880,1201
1758: 141,1834
1759: 
1760: 995
1761: 1429,1947,398
1762: 
1763: 652
1764: 887,118,829,1689,177,190,694
1765: 1002,1865,964,511,785,206,1379,853,777,1586,1387,1465
1766: 1209,320,186,1670,470,1086,1263
1767: 
1768: 
1769: 864,1016,1460
1770: 1071,2012,499
1771: 1085,291,948,66,1360,3
1772: 
1773: 1678,421,1073
1774: 1047,39,419,184,514,1622,657
1775: 820,666,945
1776: 1749,911,1220,1555,513,2002
1777: 192,1664,1949,1017,293
1778: 
1779: 1343,227,1438
1780: 1985,837,770,844,988,1632,662,693
1781: 1500,1866,1118,266,1060,67,1161,1852,441,1573
1782: 642,213,532,781,464
1783: 
1784: 
1785: 1425,1205,524,1026,1281
1786: 
1787: 880,1550,841,1087
1788: 1119,1648,487,97,998,638,105,264,1638,1328,1370
1789: 789,479
1790: 137,226,707,1505
1791: 47,817,689
1792: 
1793: 1968
1794: 975,855,1185,1804,1905
2018: 95,935,908,656,916,1345,2003,1929,530,955
1796: 641,888,1842,1083,1533,181,1896,1464,1598,1510,1034,1936,630,899,1543,439,245,1578,368
1797: 
1798: 1685,1856
1799: 1495,1029,1347,1612,1853,1901,1232,483,1546,1210,2013,375,1597
1800: 51,1437,167,1123,1064,706,289
1801: 
1802: 
1803: 1551,968,1289,1613
1804: 1794,975,855,1185,1905
1805: 454,1964
1806: 
1807: 
1808: 1974,1333,1316,162,939,1192,1212,1336,711
1809: 556,710
1810: 1924,152,941,193,1693,253,1280,893,1548,1163,476
1811: 480,913,1353,332,1042,892,1157
1812: 
1813: 113,215,576,348,1455,590,807
1814: 1384,1895,1048,1998,481,1824,1332,1420,594,1529
1815: 
1816: 528,848,1151,1318,2007,622,41,450,1819
1817: 704,886,827
1818: 
1819: 528,848,1151,1318,1816,2007,622,41,450
1820: 909,1523,1821,1173,740,362,727,942,1442,958,731
1821: 909,1523,1173,740,362,727,942,1442,958,731,1820
1822: 535,884,1692,1368,1940,94
1823: 1562,1290,742,138,1579
1824: 1384,1895,1200,1048,1998,1814,481,1332,1420,594,1529
1825: 176,207,895,1415,949,109,1158,1892,1140,1948
1826: 
1827: 
1828: 1926,136,616,2011,1581,1351
1829: 1721,635
1830: 
1831: 
1832: 862,831,1551,179,968,1289
1833: 1984,414,1553,1711,1362,1894,251,1450,608,285,1669
1834: 141,1758
1835: 1859,135,275,1180,1593
1836: 1900,2004,979,889,185,56,1412,1070
1837: 
1838: 1528,1317,690,11,570,606
1839: 72,1356,520,999,592
1840: 794,1097,824,695,946,1066
1841: 1709,733,743,1641,1188,1485
1842: 641,888,1083,1533,181,1896,1796,1464,1598,1510,1034,1936,630,899,1543,439,1578,368
1843: 
1844: 
1845: 
1846: 
1847: 1164,1382,1411,674,1443,515
1848: 17,1511,1101,1221,1640,873,270,766,430,667
1849: 1999,1217,74
1850: 756,1055,1522,274,1869,1286
1851: 149,1349,874
1852: 1060,67,1161,441,1573,266,1500,1781,1866,1118
1853: 1901,1232,483,1546,1210,2013,375,1597,1495,1029,1799,1347,1612
1854: 796,757,700
1855: 1100,1292,287,1887,373,1014
1856: 1685,1798
1857: 1879,1135,1337,542,153
1858: 
1859: 1835,135,275,1180,1593
1860: 211,617,143,1358,714,1116,311,1278,1459
1861: 1150,1667
1862: 1479,1075,1744,1092,1700
1863: 1020,759
1864: 
1865: 1002,964,511,1765,785,206,1379,777,1586,1387
1866: 1500,1781,1118,266,1060,67,1161,1852,441,1573
1867: 
1868: 661,411,531,89,1478,1446
1869: 756,1055,1522,274,1850,1286
1870: 269,1878
1871: 273,1399
1872: 
1873: 976,265
1874: 101,682,323,788,424,1228
1875: 
1876: 1501,569,754,357,691,665,267,490,175,1919
1877: 1605,1378,713,1314,1067,1580,416
1878: 269,1870
1879: 1135,1337,542,153,1857
1880: 1201,1757,8,972,1198
1881: 
1882: 
1883: 626,1230,44,395,544,1503,2006,1661,1096,1273,1540,1214
1884: 299
1885: 428,396,38
1886: 1376,983,1237,208,413
1887: 1100,1292,1855,287,373,1014
1888: 753,629
1889: 2014,851,1037,709,676,934,1470,2005,1521,262
1890: 1591,1477,618,236,1196,60,359
1891: 1897,918,1585,219,1407,1062,1103
1892: 176,207,895,1415,949,109,1158,1825,1140,1948
1893: 1293,1461,1213,1601,1715,509,310
1894: 1984,414,1553,1711,1362,1833,251,1450,608,285,1669
1895: 1384,1200,1048,1998,1814,481,1824,1332,1420,594,1529
1896: 641,888,1842,1083,1533,181,1796,1464,1598,1510,1034,1936,630,899,1543,439,245,1578,368
1897: 1269,918,1585,219,1407,1062,1103,1891
1898: 
1899: 1989,719,1589
1900: 2004,979,1836,889,56,1412,1070
1901: 1853,1232,483,1546,1210,2013,375,1597,1495,1799,1612
1902: 865,970,366,1251,649,1044,126
1903: 879
1904: 1057,1392,1441,1967,1979,1023,1542,836
1905: 1804,1794,975,855,1185
1906: 1363,1098
1907: 216,567
1908: 240,110,860,660
1909: 1971,1626
1910: 
1911: 1653,172,1654,795,1708
1912: 
1913: 
1914: 1697,840
1915: 371,277
1916: 1982,1990
1917: 1386,920,1174,1741,1395
1918: 1267,92,235,867
1919: 665,267,490,175,1501,569,1876,754,357,691
1920: 1956,241
1921: 1105,1218,1136
1922: 
1923: 377,1122
1924: 152,941,193,1693,253,1810,1280,893,1548,1163,476
1925: 1712
1926: 136,616,2011,1581,1351,1828
1927: 
1928: 
1929: 916,1345,2003,530,955,2018,95,935,908,656
1930: 
1931: 875,1169,930,620,322
1932: 834,15,1143
1933: 900
1934: 
1935: 2019,140,301,2017,325,1365,750,1433,866
1936: 1034,1510,641,888,1842,1083,1533,181,1896,1796,1464,1598,630,899,1543,439,245,1578,368
1937: 78,1462,1531,1393,779
1938: 
1939: 624,2008,1398,353,343,1050,2001,36,64,686,883
1940: 1368,94,535,884,1822,1692
1941: 
1942: 370,1943,1004,412
1943: 1942,370,1004,412
1944: 
1945: 969,442,303,1655
1946: 
1947: 1429,1761,398
1948: 176,207,895,1415,949,109,1158,1825,1892,1140
1949: 192,1664,1017,1777,293
1950: 1463,54,545,1637
1951: 705,1675,271,1168
1952: 1753,119,1128
1953: 872,1187,1258,1107,1277
1954: 613,2015,521,108,1225,438,1724,1249,1309,1656,870,456,582,699,1565,1149
1955: 
1956: 241,1920
1957: 326,1035
1958: 
1959: 
1960: 
1961: 
1962: 400,1480
1963: 681,496,158,811,139
1964: 454,1805,632
1965: 
1966: 724
1967: 1979,1023,1542,836,1057,1904,1392,1441
1968: 1793
1969: 683,871,643
1970: 
1971: 1909,1626
1972: 197,45,925,1517,1515,1186,1389,1423
1973: 962,386,204,218,957,340,26
1974: 1333,1316,162,939,1192,1212,1336,711,1808
1975: 494,927,1736,335,876,1691,564
1976: 
1977: 
1978: 
1979: 1967,1023,1542,836,1057,1904,1392,1441
1980: 1457,166,121,161,810,1534,627,852,1745
1981: 154,591,174,1145,1005,107,230,380,610,512,522,1590,1755
1982: 1990,1916
1983: 1603,1609
1984: 414,1553,1711,1362,1894,1833,251,1450,608,285,1669
1985: 837,1780,770,844,988,1632,662,693
1986: 688,1449,1496,1166,1272,1059
1987: 891,1444,578
1988: 
1989: 1899,719
1990: 1982,1916
1991: 500
1992: 747,901,604,1631,950,1402
1993: 653,1718
1994: 
1995: 1567,1024,1679,1607,1184,1418,1408,1473
1996: 
1997: 1672,722
1998: 1384,1895,1200,1048,1814,481,1824,1332,1420,594,1529
1999: 1849,1217,74
2000: 882,1576,536,845,554,1350,142
2001: 624,2008,1398,353,343,1050,36,64,1939,686,883
2002: 1749,911,1776,1220,1555,513
2003: 916,1345,1929,530,955,2018,95,935,908,656
2004: 1900,979,1836,889,185,56,1412,1070