0: 57,1611,1401,1256,235
1: 9,558,415,246,1113,919,1452,716,938,585
2: 364,898,1124,513,1242,2002,248,367,1491,1498,580,1749,1776,1651,712,1555,527,615,1110,1082,911,924,1220
3: 948,1085,1771,1360,291,1731
4: 
5: 137,1994,124,1394,90,1474,157,485,1772,429
6: 1756,1502,792,497,58,923
7: 1390,268,832,1594,1297,1311,1592,1091,254,1142,1240,417,1065
8: 237,972,1750,1757,1198,352,1201,433,633,223,1880
9: 558,415,246,1113,919,1,1452,716,938,585
10: 60,1477,236,1591,1196,241,1920,61,1890,618,349,546,359,1956,1574
11: 1528,1838,690,606,570
12: 1844,721,1645
13: 308,547,191,280,1103,1659,495
14: 1112,1927,1238,76
15: 
16: 1942,509,1715,1601,664,971,310,1893,257,467,1298,1293,1461
17: 1848,430,667,384,270,873,1101,1348,1705,1416,1221,1801,766,1640,1511
1986: 
19: 
20: 1130,1617,842,718,904,1171,1624,1015,732,890,155,70,212,1588
21: 
22: 
23: 
24: 1148,1718,196,1499,2009,1296
25: 
26: 204,218,183,600,762,707,1244,957,518,1973,192,340
1988: 399,1987,922,43,1215,671,188,560,599,199,195
28: 1254,278,1011,169,1460,295,1898,91,960,1187,302,318
29: 655,1089
30: 1547,1041
31: 1819,1816,622,2007,1206,528,1431,41,1318,1151,450
32: 
33: 1636,221,46,774,1219,746,548,202,182,896,1609,1109
34: 141,1616,769,474,133,1719,1527
35: 
36: 1398,64,1050,883,2008,1385,343,686,1559,353,624,53,2001,1939
37: 868,1568
38: 1908,396,428,878,110,240,660,1022
39: 1622,657,1047,1774,936,419,377,184,959,514
40: 525,1271,1421,309,425,71,994,148
41: 31,1819,1816,622,2007,1206,528,1431,1318,848,1151,450
42: 1292,1855,373,1520,1887,437,735,1202,1216,1078,1479,287,1014,607,247,1179,1623,1100,145,1721
43: 1215,671,188,199,195,399,1988,922
44: 1538,1277,2006,1769,1503,1016,626,1096,1883,872,1661,1230,1953,1258,1540,544,1273,1214,395,1786
45: 804,505,197,1515,1389,925,227,1343,1423,1517,365,1186,510,298,401,1972
46: 1636,774,1219,548,202,33,182,896,1609
47: 
48: 620,875,146,1169,1910,322
49: 1051
50: 1295,1061,921,1235,1561,1144,1763,783,87,400,1480,1962,1706,249,715
51: 1427,167,289,1437,165,991,1321,706,1123,409,1000,538,1800,1064
52: 486,1372,2012,1770,499,680,677,1071
53: 2008,1385,343,686,1559,353,624,2001,1939,1398,64,1050,883,36
54: 1530,335,1463,1691,876,1736,494,927,1419,1583,564
55: 1900,1836,1858,185,56,1412,2004,889,252,1070,979
56: 1900,1836,1858,185,1412,2004,55,889,252,1070,979
57: 1611,1401,0,1256,235
58: 1756,6,1502,792,497,923
59: 150,1652,1717,650,1312,440,985,1739,1662,818,1684
60: 10,1477,1591,1196,61,1890,618,359,1956,1574
61: 1196,241,1920,1890,618,546,359,1956,1574,60,10,1477
62: 
63: 
64: 1398,1050,883,36,2008,1385,343,686,1559,353,624,53,2001,1939
65: 773
66: 1233,201,1458
67: 1161,1781,441,1500,1040,1599,1852,1866,266,1118,1060,1573
68: 214,1788,1638,1211,1564,1275,264,1435,1119,943,1370,1648,88,1406,534,333,798,998,105,1328,638,97,487,1445,234
69: 
70: 890,155,212,1588,904,1171,1624,1015,732,1130,1617,20,842,718
71: 1271,1421,309,425,994,148,525,40
72: 592,730,1839,1356,520,553
73: 1042,1481,1811,1157,1353,1888,258,480,768,892,332,1563,913,969
74: 
75: 1380,595,519,317,541,961,1665,1875,120
76: 14,1927
77: 885,978,307,1671,1487,835,123,507
78: 779,1531,1462,1937,1393
79: 729
80: 
81: 587
82: 
83: 168,405,243,1966,1725,701,1532
84: 
85: 1845,739
86: 559
87: 1295,1061,921,1235,1561,1144,50,1763,783,400,1480,1962,1706,249,715
88: 214,1788,1638,1211,1564,1275,264,1435,1119,943,1370,1648,1406,534,333,68,798,998,105,1328,638,97,487,1445,234
89: 1868,1021,748,1170,661,1446
90: 1505,137,1994,124,5,1394,1474,157,485,1772,429,1017
91: 1254,278,864,1011,169,1460,28,295,1898,960,1187,302,318
92: 672,1114,1918,1552
93: 
94: 1915,884,277,1822,535,1940,1692,1368
95: 1687,1929,916,935,1345,2018,2003,1913,908,530,656,955
96: 1641,263,1841,1132,1159,632,1283,1544,1188,839,821,463,1805,393,1964,482,454,1596
97: 214,1788,1638,1211,1564,1275,264,1435,1119,943,1370,1648,88,1406,534,333,68,798,998,105,1328,638,487,1445,234
98: 1261,244,1308,1847,1164,1167,1382,674,434,1643,1411,791,327,1545,675,515,355,1443
99: 1862,1075,1095,1181,328,1339,1424,578
100: 176,949,1948,1158,1825,1892,1415,109,1140,895
101: 323,424,788,1405,682,1228,1577
102: 1197,775,1775
103: 1428,1743,1243,125,1620,1644,1320,1737
104: 198,1363,589,444,329,1226,658,1899,1104,1989,446,1456,1921,719,1589,378,666,954,1190
105: 214,1788,1638,1211,1564,1275,264,1435,1119,943,1370,1648,88,1406,534,333,68,798,998,1328,638,97,487,1445,234
106: 1048,1529,481,1332,1895,1200,1998,549,1384,1420,1814,594,1824
107: 380,1590,154,1145,1005,512,491,230,591,522,174,1981,1755,610,787
108: 699,438,1149,1954,870,456,269,122,582,613,1249,2015,460,521,272,1225,1309,1656,1565,1826,1724
109: 949,1948,1158,100,1825,1892,1415,1140
110: 396,428,1885,878,771,240,660,1022,38,1908
111: 
112: 
113: 1933,1068,576,590,215,807,1354,348,435,479,1813,1455,900
114: 
115: 
116: 2000,536,1165,882,845,1576,554
117: 
118: 
1985: 770,988,844,837,1632,693,662,1780,492,468
120: 1875,1380,317,75,541,1665
121: 1980,627,1432,1457,1745,810,166,802,1534
122: 699,108,438,1149,1954,870,456,269,582,613,1249,2015,460,521,272,1225,1309,1656,1565,1826,1724
123: 885,978,77,307,1671,1487,835,507
124: 1505,137,1994,5,1394,90,1474,157,485,1772,429,1017
125: 1620,1644,103,1428,1743,1243,1320,1737
126: 1344,427,673,1028,1902,1032,1044
127: 394
1994: 1505,137,124,5,1394,90,1474,157,485,1772,429,1017
129: 705,1168,663,1451,1951,601,1155,271,910,1675
130: 1789,1054,1658
131: 
132: 1710,1912,698
133: 1719,1527,34,141,1616,769,474
134: 1579,776,710,556,1694,550,742,138,1410,1290,1562,1454,1809,1823
135: 275,1859,1602,1593,1535,1180,1571,1835,1504,1740,894
136: 645,180,2011,1125,299,616,1572,1926,744,1581,1828,1351,1952,489
137: 1505,1994,124,5,1394,90,1474,157,485,1772,429,1017
138: 1579,776,710,556,1694,550,742,1410,1403,1290,134,1562,1454,1809,1823
139: 1556,1963,1469,496,158,681
140: 1996,1399,324,2017,301,1115,866,2019,750,325,1365,1246,1369,1433,273,1935
141: 34,1616,769,474,133,1719,1527
142: 2000,536,1165,1350,882,207,845,1576,554
143: 160,1278,311,617,1102,1358,457,211,605,1459,1116,714,1716,1860
144: 1727,805,596,286,189,529
145: 1292,1855,373,1520,1887,437,1202,1216,1078,287,1014,607,247,1179,1623,1100,42,1721
146: 620,1554,875,930,48,1910,1931,322
147: 1784,643,871,1512,1111
148: 1271,1421,309,425,71,994,525,40
149: 874,334,1851,1621,1349
150: 1652,1717,650,1312,59,440,985,1739,1662,818,1684
151: 995
152: 1738,449,893,1693,1924,193,1548,941,476,1280,1810,703,253
153: 502,1879,1135,1267,1928,1129,1752,542
154: 380,1590,107,1145,1005,512,491,230,591,522,174,1981,1755,610,787
155: 890,70,212,1588,904,1171,1624,1015,732,1130,1617,20,842,718
156: 
157: 1505,137,1994,124,5,1394,90,1474,485,1772,429,1017
158: 1556,1963,1469,496,139,811,681
159: 1178,1143
160: 1278,311,617,1102,1358,457,211,605,1459,1116,714,143,1716,1860
161: 
162: 711,1192,939,1808,1974,1212,806,1316,1336
2017: 1996,1399,324,140,301,1115,866,2019,750,325,1365,1246,1369,1433,273,1935
164: 1837
165: 1437,991,1321,706,1123,409,1000,538,1800,1064,1427,51,167,289
166: 1980,627,1432,1457,1745,121,810,802,1534
167: 1427,51,289,1437,165,991,1321,706,1123,409,1000,538,1800,1064
168: 405,83,243,1966,1725,701,1532
169: 1254,278,864,1011,1460,28,295,1898,91,960,1187,302,318
170: 
171: 1906,1291,1846,313
172: 
173: 811,681,1963,1469,496
174: 380,1590,107,154,1145,1005,512,491,230,591,522,1981,1755,610,787
175: 1876,490,357,1919,1172,1501,754,569,691,1272,267,665,242,1388
176: 949,1948,1158,100,1825,1892,1415,1140,895
177: 763,966,829,1402,694,747,1982,604,1631,190,1689,1764,901,1992,887,950
178: 1582,1386,1395,1917,1741,920,1357,1174
179: 1289,831,1551,862,1803,968,1613,1832
180: 645,2011,1125,299,616,1572,1926,136,744,1581,1828,1351,1952,489
181: 1034,368,1083,439,999,1543,1364,1896,1936,630,354,1239,899,641,1796,817,1598,1578,1842,1533,888,245,1464,1510
182: 1636,221,46,774,1219,746,548,202,33,896,1609,1109
183: 204,218,962,600,762,707,1244,26,957,518,1973,192,340
184: 1622,657,1047,1774,39,936,419,377,959,514
185: 1900,1836,1858,56,1412,2004,55,889,252,1070,979
186: 1766,320,1086,1209
187: 1911,473,1203,1653,1302,1335,1708,795,1288
188: 43,1215,671,599,199,195,399,1988,1987,922
189: 596,286,529,144,1727,805
190: 763,966,829,1402,694,747,177,1982,604,1631,1689,1764,901,1992,887,950
191: 13,308,547,280,1103,1659,495
192: 204,218,183,600,762,707,1244,26,957,518,1973,340
193: 1738,449,893,1693,1163,152,1924,1548,941,476,1280,1810,703,253
194: 406,276,1646,651,611,292,1471,765,1381,1409
195: 43,1215,671,188,560,599,199,399,1988,1987,922
196: 1148,1718,1499,24,2009,1296
197: 804,505,1515,1389,925,227,1343,1423,1517,365,1186,510,45,298,401,1972
198: 1363,589,444,329,1226,658,1899,1104,1989,446,1456,1921,719,104,1589,378,666,954,1190
199: 43,1215,671,188,560,195,399,1988,922
200: 1079,1195,982
201: 1233,1458,66
202: 1636,221,46,774,1219,746,548,33,182,896,1609,1109
203: 1036,1760,1223
204: 218,183,600,762,707,1244,26,957,518,1973,192,340
205: 1633,634,1508,1688,382,986,1773,1417,421,1073,937,321,1575,1160,947,1674
206: 1586,777,1765,853,232,964,1944,1266,1379,1002,1387,511,825,1865,785,358,1465
207: 1350,882,845,1576,554,2000,142,536,1165
208: 1300,413,1376,1886,983,1237
209: 1141,577,830
210: 
211: 160,1278,311,617,1358,457,605,1459,1116,714,143,1716,1860
212: 890,155,70,1588,1171,1624,1015,1130,1617,20,842,718
213: 
214: 1788,1638,1211,1564,1275,264,1435,1119,943,1370,1648,88,1406,534,333,68,798,998,105,1328,638,97,487,1445,234
215: 807,1354,348,435,479,1813,1455,900,113,1933,1068,576,590
216: 952,508,567,1570
217: 445,861
218: 204,962,183,600,762,707,1244,26,957,518,1973,192,340
219: 256,918,1585,1407,1891,1897,1269,1748
220: 1026,841,1425,1550,1785,1787,524,1087,1281,1205
221: 1636,774,1219,746,548,202,33,182,896,1609,1109
222: 
223: 352,1201,433,633,1880,237,972,1750,1757,1198,8
224: 
225: 
1980: 627,1432,1457,1745,121,810,166,802,1534
227: 804,505,197,1515,1389,925,1343,1423,1517,365,1186,510,45,298,401,1972
228: 741,1008,1007,956,2016,281,1488
229: 1030
230: 380,1590,107,154,1145,1005,512,491,591,522,174,1981,1755,610,787
231: 
232: 1586,777,1765,853,964,1944,206,1266,1379,1002,1387,511,825,1865,785,358,1465
233: 1307,1207,790,303,1284,1340,973
234: 214,1788,1638,1211,1564,1275,264,1435,1119,943,1370,1648,88,1406,534,333,68,798,998,105,1328,638,97,487,1445
235: 57,1611,1401,0,1256
236: 10,1477,1591,1196,241,1920,1890,618,349,546,359,1956,1574
237: 972,1750,1757,1198,8,352,1201,433,633,223,1880
238: 977,1993,1968,749
239: 1558,533
240: 396,428,1885,878,771,110,660,1022,38,1908
241: 1196,1920,61,1890,618,349,546,359,1956,1574,10,1477,236,1591
242: 490,175,357,1919,1172,569,691,1272,267,665,1388
243: 168,405,83,1966,1725,701,1532
244: 1261,1308,1847,98,1164,1167,1382,674,434,1643,1411,791,327,1545,675,515,355,1443
245: 1464,1510,630,354,1239,899,641,1796,817,1598,1578,1842,1533,888,1034,368,1083,439,999,181,1543,1364,1896,1936
246: 9,558,415,1113,919,1,1452,716,938,585
247: 1292,1855,373,1520,1887,437,735,1202,1216,1078,1479,287,1014,607,1179,1623,1100,145,42,1721
248: 1242,2002,367,1491,1498,580,1749,1776,1651,712,1555,527,615,1110,1082,911,924,1220,364,2,898,1124,513
249: 1295,1061,921,1235,1561,1144,50,1763,967,783,87,400,1480,1962,1706,715
250: 717,1334,625
251: 1553,608,1733,1984,1669,1450,1894,1366,1362,1650,1711,808,300,1833,285,414
252: 1900,1836,1858,185,56,1412,2004,55,889,1070,979
253: 1738,449,893,1693,1163,152,1924,193,1548,941,476,1280,1810,703
254: 1390,268,832,1594,1297,1311,1592,1091,7,1142,1240,417,1065
255: 
256: 918,1585,1407,1891,1897,219,1713,1748
257: 1942,509,1715,1601,664,971,310,16,467,1298,1293,1461
258: 73,1042,1481,1811,1157,1353,1888,480,892,332,1563,913,969
2015: 699,108,438,1149,1954,870,456,269,122,582,613,1249,460,521,272,1225,1309,1656,1565,1826,1724
260: 331,431,1126,1325,458,504,784
261: 1059
262: 934,2005,1521,1778,1889,676,709,1037,2014,851,1470
263: 1641,1841,1132,1159,632,1283,1544,1188,96,839,821,463,1805,393,1964,482,454,1596
264: 214,1788,1638,1211,1564,1275,1435,1119,943,1370,1648,88,1406,534,333,68,798,998,105,1328,638,97,487,1445,234
265: 
266: 1500,1040,1599,822,1852,1866,1118,1060,1573,67,1161,1781,441
267: 1876,490,175,357,1919,1172,1501,754,569,691,1272,665,242,1388
268: 1390,832,1594,1297,1311,1592,1091,7,254,1142,1240,417,1065
269: 699,108,438,1149,1954,870,456,122,582,613,1249,2015,460,521,272,1225,1309,1656,1565,1826,1724
270: 1848,430,667,384,17,873,1101,1348,1705,1416,1221,766,1640
271: 705,1168,663,1451,1951,129,601,1155,910,1675
272: 699,108,438,1149,1954,870,456,269,122,582,613,1249,2015,460,521,1225,1309,1656,1565,1826,1724
273: 1935,1996,1399,324,140,2017,301,1115,866,2019,750,325,1365,1246,1369,1433
274: 1850,1647,1522,738,1493,339,756,1869,857,1286,1055,813
275: 1859,1602,1593,652,1535,1180,1571,1835,1504,135,1740,894
276: 406,1646,651,611,292,1471,194,765,1381,1409
277: 1915,94,884,1822,535,1940,1368
278: 1254,864,1011,169,1460,28,295,1898,91,960,1187,302,318
279: 1882
280: 13,308,547,191,1103,1659,495
281: 741,1008,1007,956,2016,228,1488
282: 1627,469,1686,586,1690,814,516,1735,1208,1630,797,1301
283: 
284: 581,720,629,1666,551,847,984,407
285: 608,1733,1669,1450,1894,1366,1362,1650,1711,808,300,1833,414,251
286: 596,189,529,144,805
287: 1292,1855,373,1520,1887,437,735,1202,1216,1078,1479,1014,607,247,1179,1623,1100,145,42,1721
288: 1639,408,397,472,305,552,392,812,1792,1319
289: 1427,51,167,1437,165,991,1321,706,1123,409,1000,538,1800,1064
290: 
291: 1771,1360,1731,3,948,1085
292: 406,276,1646,651,611,1471,194,765,1381,1409
293: 
294: 
295: 1254,278,864,1011,169,1460,28,1898,91,960,1187,302,318
296: 
1953: 1538,1277,2006,1769,1503,44,1016,626,1096,1883,872,1661,1230,1258,1540,544,1273,1214,395,1786
298: 804,505,197,1515,1389,925,227,1343,1423,1517,365,1186,510,45,401,1972
299: 645,180,2011,1125,616,1572,1926,136,744,1581,1828,1351,1952,489
300: 1553,608,1733,1984,1669,1450,1894,1366,1362,1650,1711,808,1833,285,414,251
301: 1996,1399,324,140,2017,1115,866,2019,750,325,1365,1246,1369,1433,273,1935
302: 960,1187,318,1254,278,864,1011,169,1460,28,295,1898,91
303: 1307,1207,790,233,1284,1340,973
304: 
305: 1639,408,397,472,552,392,288,812,1792,1319
306: 
307: 885,978,77,1671,1487,835,123,507
308: 13,547,191,280,1103,1659,495
309: 1271,1421,425,71,994,148,525,40
310: 1942,509,1715,1601,664,971,1893,16,257,467,1298,1293,1461
311: 160,1278,617,1102,1358,457,211,605,1459,1116,714,143,1716,1860
312: 517,1618,689,1791
313: 1846,171,1906,1291
314: 931,1139,1019,1494,745,462,537,432
315: 
316: 583,574,846,337,1625,1069,418
317: 1380,595,519,75,541,961,1665,1875,120
318: 960,1187,302,1254,278,864,1011,169,1460,28,295,1898,91
319: 1634,1604,1063,1367,1359,361
320: 1766,1670,1263,1086,1209,186,470
321: 1575,1160,947,1674,205,1633,634,1508,1688,382,986,1773,1417,421,1073,937
322: 620,1554,875,930,1250,146,1169,48,1910,451,1931
323: 101,1960,424,788,1405,682,1228,1577
324: 1996,1399,140,2017,301,1115,866,2019,750,325,1365,1246,1369,1433,273,1935
325: 1996,1399,324,140,2017,301,1115,866,2019,750,1365,1246,1369,1433,273,1935
326: 1313,654
327: 1167,1382,674,434,1643,1411,791,1545,675,515,355,1443,1261,244,1308,1847,98,1164
328: 1075,1095,1181,99,1339,1424
329: 198,1363,589,444,1226,658,1899,1104,1989,446,1456,1921,719,104,1589,378,666,954,1190
330: 
331: 431,1126,1325,260,458,504,784
332: 892,1563,913,969,73,1042,1481,1811,1157,1353,1888,258,480,768
333: 214,1788,1638,1211,1564,1275,264,1435,1119,943,1370,1648,88,1406,534,68,798,998,105,1328,638,97,487,1445,234
334: 874,1851,1621,149,1349
335: 1530,1463,1691,54,1975,876,1736,494,927,1419,1583,564
336: 
337: 583,574,316,846,1625,1069,418
1992: 887,950,763,966,829,1402,694,747,177,1982,604,1631,190,1689,1764,901
339: 1850,1522,738,1493,756,1869,857,274,1286,813
340: 204,218,962,183,600,762,707,1244,26,957,518,1973,192
341: 
342: 928,1009,1315,668,1754,772,1723,1422,379,478,1090,906,1619,799
343: 2008,1385,686,1559,353,624,53,2001,1939,1398,64,1050,883,36
344: 914,1703,819,1342
345: 
346: 
347: 737,531,1557,697,1827,631,1864
348: 215,807,1354,435,479,1813,1455,900,113,1933,1068,576,590
349: 1196,241,1920,1890,618,546,359,1956,1574,10,1477,236,1591
350: 
351: 
352: 1201,433,633,223,1880,237,972,1750,1757,1198,8
353: 2008,1385,343,686,1559,624,53,2001,1939,1398,64,1050,883,36
354: 630,1239,899,641,1796,817,1598,1578,1842,1533,888,245,1464,1510,1034,368,1083,439,181,1543,1364,1896,1936
355: 1167,1382,674,434,1643,1411,791,327,1545,675,515,1443,1261,244,1308,1847,98,1164
1982: 763,966,829,1402,694,747,177,604,1631,190,1689,1764,901,1992,887,950
357: 1876,175,1919,1172,1501,754,569,691,1272,267,665,242,1388
358: 1465,1586,777,1765,853,232,964,1944,206,1266,1379,1002,1387,511,825,1865,785
359: 1196,241,1920,61,1890,618,349,546,1956,1574,60,10,1477,236,1591
360: 
361: 1367,1359,1472,1604,1063,1634,319
362: 1820,1442,958,731,727,1821,942,1088,1526,1182,1173,909,1523,740
363: 1265,684
364: 2,898,1124,513,1242,2002,248,367,1491,1498,580,1749,1776,1651,712,1555,527,615,1110,1082,911,924,1220
365: 804,505,197,1515,1389,925,227,1343,1423,1517,1186,510,45,298,401,1972
366: 970,1720,649,1251
367: 1242,2002,248,1491,1498,580,1749,1776,1651,712,1555,527,615,1110,1082,911,924,1220,364,2,898,1124,513
368: 1034,1083,439,999,181,1543,1364,1896,1936,630,354,1239,899,641,1796,817,1598,1578,1842,1533,888,245,1464,1510
369: 1310,391,722,609,1204
370: 412
371: 
372: 836,1023,1441,1542,1234,1392,1904,1444,1967,1057,1979,891
373: 1292,1855,1520,1887,437,735,1202,1216,1078,1479,287,1014,607,247,1179,1623,1100,145,42,1721
374: 484
375: 1210,1467,1232,1029,1746,483,1853,1695,1347,1597,1901,2013,1612,1799,1495,1001,1546
376: 
377: 1622,657,1047,1774,39,936,419,184,959,514
378: 666,954,1190,198,1363,589,444,329,1226,658,1899,1104,1989,446,1456,1921,719,104,1589
379: 928,1009,1315,668,1754,772,1723,1422,342,478,1090,906,1619,799
380: 1590,107,154,1145,1005,512,491,230,591,522,174,1981,1755,610,787
1951: 705,1168,663,1451,129,601,1155,271,910,1675
382: 205,1633,634,1508,1688,986,1773,1417,421,1073,937,321,1575,1160,947,1674
383: 
384: 1848,430,667,270,17,873,1101,1348,1705,1416,1221,1801,766,1640,1511
385: 1536,679,1817
386: 
387: 907,1916,573,1990
388: 
389: 
390: 
391: 1310,369,722,609,1204
392: 1639,408,397,472,305,552,288,812,1792,1319
393: 1641,263,1841,1132,1159,632,1283,1544,1188,96,839,821,1805,1964,482,1596
394: 127
395: 1538,1277,2006,1769,1503,44,1016,626,1096,1883,872,1661,1230,1953,1258,1540,544,1273,1214,1786
396: 428,1885,878,771,110,240,660,1022,38,1908
397: 1639,408,472,305,552,392,288,812,1792,1319
398: 1761
399: 1988,1987,922,43,1215,671,188,560,599,199,195
400: 1295,1061,921,1235,1561,1144,50,1763,967,783,87,1480,1962,1706,249,715
401: 804,505,197,1515,1389,925,227,1343,1423,1517,365,1186,510,45,298,1972
402: 1668,1856,1430,448
1979: 836,1023,1441,1542,1234,1392,1904,372,1444,1967,1057,891
404: 
405: 168,83,243,1966,1725,701,1532
406: 276,1646,651,611,292,1471,194,765,1381,1409
407: 581,720,629,284,1666,551,847,984
408: 1639,397,472,305,552,392,288,812,1792,1319
409: 1437,165,991,1321,706,1123,1000,538,1800,1064,1427,51,167,289
410: 526,912,1448,1447,562,929,1525,453
411: 1868,1021,748,1170,661,1446
412: 370
413: 1300,208,1376,1886,983,1237
414: 1553,608,1733,1984,1669,1450,1894,1366,1362,1650,1711,808,300,1833,285,251
415: 9,558,246,1113,919,1,1452,716,938,585
416: 713,1378,1314,1067,1877,723,1605,1331,1580
417: 1240,1065,1390,268,832,1594,1297,1311,1592,1091,7,254,1142
418: 583,574,316,846,337,1625,1069
419: 1622,657,1047,1774,39,936,377,184,959,514
420: 603
421: 205,1633,634,1508,1688,382,986,1773,1417,1073,937,321,1575,1160,1674
422: 
423: 886,1615
424: 101,1960,323,788,1405,682,1228,1577
425: 1271,1421,309,71,994,148,525,40
426: 1189,1978,1977,1183,996
427: 1344,673,126,1028,1902,1032,1044,865
428: 396,1885,878,771,110,240,660,1022,38,1908
429: 1772,1017,1505,137,1994,124,5,1394,90,1474,157,485
430: 1848,667,384,270,17,873,1101,1348,1705,1416,1221,1801,766,1640,1511
431: 331,1126,1325,260,458,504,784
432: 745,462,537,931,314,1139,1019,1494
433: 352,1201,633,223,1880,237,972,1750,1757,1198,8
434: 1167,1382,674,1643,1411,791,327,1545,675,515,355,1443,1261,244,1308,1847,98
435: 215,807,1354,348,479,1813,1455,900,113,1933,1068,576,590
436: 
437: 1292,1855,373,1520,1887,1202,1216,1078,1479,287,1014,607,247,1623,1100,145,42,1721
438: 699,108,1149,1954,870,456,269,122,582,613,1249,2015,460,521,272,1225,1309,1656,1565,1826,1724
439: 1034,368,1083,999,181,1543,1364,1896,1936,630,354,1239,899,641,1796,817,1598,1578,1842,1533,888,245,1464,1510
440: 150,1652,1717,650,1312,59,985,1739,1662,818,1684
441: 67,1161,1781,1500,1040,1599,822,1852,1866,266,1118,1060,1573
442: 
443: 
444: 198,1363,589,329,1226,658,1899,1104,1989,446,1456,1921,719,104,1589,378,666,954,1190
445: 217,861
446: 198,1363,589,444,329,1226,658,1899,1104,1989,1456,1921,719,104,1589,378,666,954,1190
447: 
448: 1668,1856,1430,402
449: 1738,893,1693,1163,152,1924,193,1548,941,476,1280,1810,703,253
450: 31,1819,1816,622,2007,1206,528,1431,41,1318,848,1151
451: 620,1554,930,1250,1169,1910,1931,322
452: 
453: 526,912,410,1448,1447,562,929,1525
454: 263,1841,1132,1159,632,1283,1544,1188,96,839,821,463,1805,1964,482,1596
455: 
456: 699,108,438,1149,1954,870,269,122,582,613,1249,2015,460,521,272,1225,1309,1656,1565,1826,1724
457: 160,1278,311,617,1102,1358,211,605,1459,1116,714,143,1716,1860
458: 331,431,1126,1325,260,504,784
1971: 
460: 699,108,438,1149,1954,870,456,269,122,582,613,1249,2015,521,272,1225,1309,1656,1565,1826,1724
461: 
462: 745,537,432,931,314,1139,1019
463: 1641,263,1841,1132,1159,632,1283,1544,1188,96,839,821,1805,1964,482,454,1596
464: 
465: 
2016: 741,1008,1007,956,228,281,1488
467: 1942,509,1715,1601,664,971,310,1893,16,257,1298,1293,1461
468: 770,988,844,837,1632,693,1985
469: 1627,584,1686,586,1690,814,516,1735,1208,282,1630,797,1301
470: 1766,320,1670,1263,1086,1209
471: 
472: 1639,408,397,305,552,392,288,812,1792,1319
473: 1911,1203,1653,1302,1335,187,1708,795,1288
474: 34,141,1616,769,133,1719,1527
475: 640,1683
476: 1738,449,893,1693,1163,152,1924,193,1548,941,1280,1810,703,253
477: 688,1941,1166
478: 1090,906,1619,799,379,928,1009,1315,668,1754,772,1723,1422,342
479: 215,807,1354,348,435,1813,1455,900,113,1933,1068,576,590
480: 73,1042,1481,1811,1157,1353,1888,258,768,892,332,913,969
481: 1048,1529,106,1332,1895,1200,1998,549,1384,1420,1814,594,1824
482: 1641,263,1841,1132,1159,632,1283,1544,1188,96,839,821,463,1805,393,1964,454,1596
483: 375,1210,1467,1232,1029,1746,1853,1695,1347,1597,1901,2013,1612,1799,1495,1001,1546
484: 374
485: 1505,137,1994,124,5,1394,90,1474,157,1772,429,1017
486: 1372,2012,1770,499,680,677,52,1071
487: 214,1788,1638,1211,1564,1275,264,1435,1119,943,1370,1648,88,1406,534,333,68,798,998,105,1328,638,97,1445,234
488: 
489: 645,180,2011,1125,299,616,1572,1926,136,744,1581,1828,1351,1952
490: 175,1172,569,691,1272,267,665,242,1388
491: 380,1590,107,154,1145,1005,512,230,591,522,174,1981,1755,610,787
492: 770,988,844,837,1632,693,662,1985,1780
493: 793,1873
494: 1530,335,1463,54,876,1736,927,1419,1583,564
495: 1659,13,308,547,191,280,1103
496: 1556,1963,1469,139,158,811,173,681
497: 1756,6,1502,792,58,923
498: 932,1608
499: 486,1372,2012,1770,680,677,52,1071
500: 1991,1264,1227,1245,1779
501: 
502: 1879,1135,153,1267,1928,1129,1752,542
503: 
504: 331,431,1126,1325,260,458,784
505: 804,197,1515,1389,925,227,1343,1423,1517,365,1186,510,45,298,401,1972
1997: 1134,523,1672
507: 885,978,77,307,1671,1487,835,123
508: 952,567,216,1570
509: 1942,1715,1601,664,971,310,1893,16,257,467,1298,1293,1461
510: 804,505,197,1515,1389,925,227,1343,1423,1517,365,1186,45,298,401,1972
511: 1586,777,1765,853,232,964,1944,206,1266,1379,1002,1387,825,1865,785,358,1465
512: 380,1590,107,154,1005,491,230,591,522,174,1755,610,787
513: 364,2,898,1124,1242,2002,248,367,1498,580,1749,1776,1651,712,1555,527,615,1110,1082,911,924,1220
514: 1622,657,1047,1774,39,936,419,377,184,959
515: 1167,1382,674,434,1643,1411,791,327,1545,675,355,1443,1261,244,1308,1847,98,1164
516: 1627,469,584,1686,586,1690,814,1735,1208,282,1630,797,1301
517: 1618,689,1791,312
518: 204,218,962,183,600,762,707,1244,26,957,1973,192,340
519: 1380,595,317,75,541,961,1665,1875
520: 592,730,1839,1356,72,553
521: 699,108,438,1149,1954,870,456,269,122,582,613,1249,2015,460,272,1225,1309,1656,1565,1826,1724
522: 380,1590,107,154,1145,1005,512,491,230,591,174,1981,1755,610,787
523: 1134,1997,1672
524: 1026,841,1425,1550,220,1785,1787,1087,1281,1205
525: 40,1421,309,425,71,994,148
526: 912,410,1448,1447,562,929,1525,453
527: 1776,1651,712,1555,615,1110,1242,2002,248,367,1491,1498,580,1749,1082,911,924,1220,364,2,898,1124,513
528: 31,1819,1816,622,2007,1206,1431,41,1318,848,1151,450
529: 596,286,189,144,1727,805
530: 1687,1929,916,935,1345,2018,2003,1913,908,95,656,955
531: 1557,697,1827,631,1864,347,737
532: 1049,773
533: 239,1558
534: 214,1788,1638,1211,1564,1275,264,1435,1119,943,1370,1648,88,1406,333,68,798,998,105,1328,638,97,487,1445,234
535: 1915,94,884,277,1822,1940,1692,1368
536: 2000,142,1165,116,1350,882,207,845,1576,554
537: 745,462,432,931,314,1139,1019,1494
538: 1437,165,991,1321,706,1123,409,1000,1800,1064,1427,51,167,289
539: 
540: 
541: 1380,595,519,317,75,961,1665,1875,120
542: 502,1879,1135,153,1267,1928,1129,1752
543: 
544: 1538,1277,2006,1769,1503,44,1016,626,1096,1883,872,1661,1230,1953,1258,1540,1273,1214,395,1786
545: 
546: 1196,241,1920,61,1890,618,349,359,1956,1574,10,1477,236,1591
547: 13,308,191,280,1103,1659,495
548: 1636,221,46,774,1219,746,202,33,182,896,1609
549: 1200,1998,1384,1420,1814,594,1824,1048,1529,481,106,1332,1895
550: 1579,776,710,556,1694,742,138,1410,1403,1290,134,1562,1454,1809,1823
551: 581,720,629,284,1666,847,984,407
552: 1639,408,397,472,305,392,288,812,1792,1319
553: 592,730,1839,1356,520,72
554: 1350,882,207,845,1576,116,2000,142,536,1165
555: 840
556: 1579,776,710,1694,550,742,138,1410,1403,1290,134,1562,1454,1809,1823
557: 678,1673
558: 9,415,246,1113,919,1,1452,716,938,585
559: 86
560: 1215,671,599,199,195,399,1988,1987
561: 1383
562: 526,912,410,1448,1447,929,1525,453
563: 
564: 1530,335,1463,1691,54,1975,876,1736,494,927,1419,1583
565: 
566: 1965
567: 952,508,216,1570
568: 
569: 1876,490,175,357,1919,1172,1501,754,691,1272,267,665,242,1388
570: 11,1528,1838,690,606,1815
571: 
572: 1783,1156,1657
573: 907,387,1916,1990
574: 583,316,846,337,1625,1069,418
575: 
576: 113,1933,1068,590,215,807,1354,348,435,479,1813,1455,900
577: 1141,209,830
578: 1862,1075,1095,1181,99,1339,1424
579: 
580: 1242,2002,248,367,1491,1498,1749,1776,1651,712,1555,527,615,1110,1082,911,924,1220,364,2,898,1124,513
581: 720,629,284,1666,551,847,984,407
582: 699,108,438,1149,1954,870,456,269,122,613,1249,2015,460,521,272,1225,1309,1656,1565,1826,1724
583: 574,316,846,337,1625,1069,418
584: 1627,469,1686,586,1690,814,516,1735,1208,1301
585: 716,938,9,558,415,246,1113,919,1,1452
586: 1627,469,584,1686,1690,814,516,1735,1208,282,1630,797,1301
587: 81
588: 1093,1663,843,1483,1606
589: 198,1363,444,329,1226,658,1899,1104,1989,446,1456,1921,719,104,1589,378,666,954,1190
590: 113,1933,1068,576,215,807,1354,348,435,479,1813,1455,900
591: 380,1590,107,154,1145,1005,512,491,230,522,174,1981,1755,787
592: 730,1839,1356,520,72,553
593: 
594: 1814,1824,1200,1998,549,1384,1420,1048,1529,481,106,1895
595: 1380,519,317,75,541,961,1665,1875
596: 286,189,529,144,1727,805
597: 
2013: 1347,1597,1901,1612,1799,1495,1001,1546,375,1210,1467,1232,1029,1746,483,1853,1695
599: 1215,671,188,560,195,399,1988,1987
600: 204,218,962,183,762,707,1244,26,957,518,1973,192,340
601: 705,1168,663,1451,1951,129,1155,271,910,1675
602: 1466
603: 420
604: 763,966,829,1402,694,747,177,1982,1631,190,1689,1764,901,1992,887,950
605: 160,1278,311,617,1102,1358,457,211,1459,1116,714,143,1716,1860
606: 11,1528,1838,570
607: 1292,1855,373,1520,1887,437,735,1202,1216,1078,1479,287,1014,247,1179,1623,1100,145,42,1721
608: 1553,1733,1984,1669,1450,1894,1366,1362,1650,1711,808,300,1833,285,414,251
609: 1204,722,1310,369,391
610: 380,1590,107,154,1145,1005,512,491,230,522,174,1755,787
611: 406,276,1646,651,292,1471,194,765,1381,1409
612: 
613: 699,108,438,1149,1954,870,456,269,122,582,1249,2015,460,521,272,1225,1309,1656,1565,1826,1724
1960: 323,424,788,1405,682,1228,1577
615: 1776,1651,712,1555,527,1110,1242,2002,248,367,1491,1498,580,1749,1082,911,924,364,2,898,1124,513
616: 645,180,2011,1125,299,1572,1926,136,744,1581,1828,1351,1952,489
617: 160,1278,311,1102,1358,457,211,605,1459,1116,714,143,1716,1860
618: 1196,241,1920,61,1890,349,546,359,1956,1574,60,10,1477,236,1591
619: 1194,1276
620: 1554,875,930,1250,146,1169,48,1910,451,1931,322
621: 1327,1999,1217,815
622: 31,1819,1816,2007,1206,528,1431,41,1318,848,1151,450
623: 
624: 2008,1385,343,686,1559,353,53,2001,1939,1398,64,1050,883,36
625: 717,250,1334
626: 1538,1277,2006,1769,1503,44,1016,1096,1883,872,1661,1230,1953,1258,1540,544,1273,1214,395,1786
627: 1980,1432,1457,1745,121,810,166,802,1534
1959: 
629: 581,720,284,1666,551,847,984,407
630: 354,1239,899,641,1796,817,1598,1578,1842,1533,888,245,1464,1510,1034,368,1083,439,999,181,1543,1364,1896,1936
631: 531,1557,697,1827,1864,347,737
632: 1641,263,1841,1132,1159,1283,1544,1188,96,839,821,463,1805,393,1964,482,454,1596
633: 352,1201,433,223,1880,237,972,1750,1757,1198,8
634: 205,1633,1508,1688,382,986,1773,1417,421,1073,937,321,1575,1160,947,1674
635: 
636: 
637: 
638: 214,1788,1638,1211,1564,1275,264,1435,1119,943,1370,1648,88,1406,534,333,68,798,998,105,1328,97,487,1445,234
639: 
640: 1683,475
641: 1239,899,1796,817,1598,1578,1842,1533,888,630,354,245,1464,1510,1034,368,1083,439,999,181,1543,1364,1896,1936
642: 1496,1782,781
643: 1784,871,1969,1512,147,1111
644: 
645: 180,2011,1125,299,616,1572,1926,136,744,1581,1828,1351,1952,489
1984: 1553,608,1733,1669,1450,1894,1366,1362,1650,1711,808,300,1833,414,251
647: 
648: 
649: 366,1720,1251
650: 150,1652,1717,1312,59,440,985,1739,1662,818,1684
651: 406,276,1646,611,292,1471,194,765,1381,1409
652: 275,1602,1593,1535,1180,1835,1504,894
653: 
654: 1313,326
655: 1089,29
656: 1687,1929,916,935,1345,2018,2003,1913,908,530,95,955
657: 1622,1047,1774,39,936,419,377,184,959,514
658: 198,1363,589,444,329,1226,1899,1104,1989,446,1456,1921,719,104,1589,378,666,954,1190
659: 
660: 396,428,1885,878,771,110,240,1022,38,1908
661: 1868,89,1021,748,411,1170,1446
662: 770,988,837,1632,693,1985,1780,492
663: 705,1168,1451,1951,129,601,1155,271,910,1675
664: 1942,509,1715,1601,971,310,1893,16,257,467,1298,1293,1461
665: 1876,490,175,357,1919,1172,1501,754,569,691,1272,267,242,1388
666: 378,954,1190,198,589,444,329,1226,658,1899,1104,1989,446,1456,1921,719,104,1589
667: 1848,430,384,270,17,873,1101,1348,1705,1416,1221,1801,766,1640,1511
668: 928,1009,1315,1754,772,1723,1422,342,379,478,1090,906,1619,799
669: 
670: 
671: 43,1215,188,560,599,199,195,399,1988,1987,922
672: 1552,92
673: 1344,427,126,1028,1902,1032,1044,865
674: 1167,1382,434,1643,1411,791,327,1545,675,515,355,1443,1261,244,1308,1847,98,1164
675: 1167,1382,674,434,1643,1411,791,327,1545,515,355,1443,1261,244,1308,1847,98,1164
676: 934,2005,1521,262,1778,1889,709,1037,2014,851,1470
677: 486,1372,2012,1770,499,680,52,1071
678: 557,1265,1673
679: 1536,385,1817
680: 486,1372,2012,1770,499,677,52,1071
681: 811,173,1556,1963,1469,496,139,158
682: 101,1960,323,424,788,1405,1228,1577
683: 
684: 1265,363
685: 1093,1253,1663,843,1606
686: 2008,1385,343,1559,353,624,53,2001,1939,1398,64,1050,883,36
687: 1371
688: 477,1941,1166
689: 517,1618,1791,312
690: 11,1528,1838,570,1815
691: 1876,490,175,357,1919,1172,754,569,1272,267,665,242,1388
1995: 1607,1418,1408,1025,1184,1567,1024,1473,1679
693: 770,988,844,837,1632,662,1985,1780,492,468
694: 763,966,829,1402,747,177,1982,604,1631,190,1689,1764,901,1992,887,950
695: 
1976: 
697: 531,1557,1827,631,1864,347,737
698: 1912,132,1710
699: 108,438,1149,1954,870,456,269,122,582,613,1249,2015,460,521,272,1225,1309,1656,1565,1826,1724
700: 1373,1147
701: 1966,1725,1532,168,405,83,243
1970: 
703: 1738,449,893,1693,1163,152,1924,193,1548,941,476,1280,1810,253
704: 
705: 1168,663,1451,1951,129,601,1155,271,910,1675
706: 1437,165,991,1321,1123,409,1000,538,1800,1064,1427,51,167,289
707: 204,218,962,183,600,762,1244,26,957,518,1973,192,340
708: 733,1758
709: 934,2005,1521,262,1778,1889,676,1037,2014,851,1470
710: 1579,776,556,1694,550,742,138,1410,1290,134,1562,1454,1809,1823
711: 1192,162,939,1808,1974,1212,806,1316,1336
712: 1776,1651,1555,527,615,1110,1242,2002,248,367,1491,1498,580,1749,1082,911,924,1220,364,2,898,1124,513
713: 1378,1314,1067,1877,723,1605,1331,1580,416
714: 160,1278,311,617,1102,1358,457,211,605,1459,1116,143,1716,1860
715: 1295,1061,921,1235,1561,1144,50,1763,967,783,87,400,1480,1962,1706,249
716: 938,585,9,558,415,246,1113,919,1,1452
717: 250,1334,625
718: 1130,1617,20,842,904,1171,1624,1015,732,890,155,70,212,1588
719: 198,1363,589,444,329,1226,658,1899,1104,1989,446,1456,1921,104,1589,378,666,954,1190
720: 581,629,284,1666,551,847,984,407
721: 1844,12,1645
722: 609,1204,1310,369,391
723: 713,1378,1314,1067,1877,1605,1331,1580,416
724: 
725: 
726: 
727: 1820,1442,958,731,362,1821,942,1088,1526,1182,1173,909,1523,740
1973: 204,218,962,183,600,762,707,1244,26,957,518,192,340
729: 79
730: 592,1839,1356,520,72,553
731: 1820,1442,958,727,362,1821,942,1088,1526,1182,1173,909,1523,740
732: 1624,1015,904,1171,155,70,1588,1130,1617,20,718
733: 1758,708
734: 
735: 1292,1855,373,1520,1887,1202,1216,1078,1479,287,1014,607,247,1179,1623,1100,42,1721
736: 
737: 347,531,1557,697,1827,631,1864
738: 1850,1647,1522,1493,339,756,1869,857,274,1286,1055,813
739: 85,1845
740: 1820,1442,958,731,727,362,1821,942,1088,1526,1182,1173,909,1523
741: 1008,1007,956,2016,228,281,1488
742: 1579,776,710,556,1694,550,138,1410,1403,1290,134,1562,1454,1809,1823
743: 
744: 645,180,2011,1125,299,616,1572,1926,136,1581,1828,1351,1952,489
745: 462,537,432,931,314,1139,1019
746: 1636,221,774,1219,548,202,33,182,896,1609,1109
747: 763,966,829,1402,694,177,1982,604,1631,190,1689,1764,901,1992,887,950
748: 1868,89,1021,411,1170,661,1446
749: 977,238
750: 1996,1399,324,140,2017,301,1115,866,2019,325,1365,1246,1369,1433,273,1935
751: 780
752: 
753: 
754: 1876,175,357,1919,1172,1501,569,691,267,665,1388
755: 1906,1291,1846
756: 1850,1647,1522,738,1493,339,1869,857,274,1286,1055,813
757: 
758: 
759: 1863,1020
760: 
761: 
762: 204,218,962,183,600,707,1244,26,957,518,1973,192,340
763: 966,829,1402,694,747,177,1982,604,1631,190,1689,1764,901,1992,887,950
2000: 142,536,1165,116,1350,882,207,845,1576,554
765: 406,276,1646,651,611,292,1471,194,1381,1409
766: 1848,430,667,384,270,17,873,1101,1348,1705,1416,1221,1801,1640,1511
767: 1282,953
768: 73,1042,1481,1811,1157,1353,1888,480,892,332,1563,913,969
769: 34,141,1616,474,133,1719,1527
770: 988,844,837,1632,693,662,1985,1780,492,468
771: 396,428,1885,878,110,240,660,1022,1908
772: 928,1009,1315,668,1754,1723,1422,342,379,478,1090,906,1619,799
773: 65,1049,532
774: 1636,221,46,1219,746,548,202,33,182,896,1609,1109
775: 1197,1775,102
776: 1579,710,556,1694,550,742,138,1410,1403,1290,134,1562,1454,1809,1823
777: 1586,1765,853,232,964,1944,206,1266,1379,1002,1387,511,825,1865,785,358,1465
778: 1259
779: 78,1531,1462,1393
780: 751
781: 1496,642,1782
782: 
783: 1295,1061,921,1235,1561,1144,50,1763,967,87,400,1480,1962,1706,249,715
784: 331,431,1126,1325,260,458,504
785: 1586,777,1765,853,232,964,1944,206,1266,1379,1002,1387,511,825,1865,358,1465
786: 
787: 380,1590,107,154,1145,1005,512,491,230,591,522,174,1981,1755,610
788: 101,1960,323,424,1405,682,1228,1577
789: 
790: 1307,1207,233,303,1284,1340,973
791: 1167,1382,674,434,1643,1411,327,1545,675,515,355,1443,1261,244,1308,1847,98,1164
792: 1756,6,1502,497,58,923
793: 1873,493
794: 1066
795: 1911,473,1203,1653,1302,1335,187,1708,1288
1958: 
797: 1627,469,1686,586,1690,814,516,1735,1208,282,1630,1301
798: 214,1788,1638,1211,1564,1275,264,1435,1119,943,1370,1648,88,1406,534,333,68,998,105,1328,638,97,487,1445,234
799: 478,1090,906,1619,379,928,1009,1315,668,1754,772,1723,1422,342
800: 1476
801: 
802: 1980,627,1432,1457,1745,121,810,166,1534
803: 
804: 505,197,1515,1389,925,227,1343,1423,1517,365,1186,510,45,298,401,1972
805: 144,1727,596,286,189,529
806: 1974,1212,1316,939,1808,1336,711,1192,162
807: 215,1354,348,435,479,1813,1455,113,1933,576,590
808: 1553,608,1733,1984,1669,1450,1894,1366,1362,1650,1711,300,1833,285,414,251
809: 
810: 1980,627,1432,1457,1745,121,166,802,1534
811: 173,681,1556,1963,1469,496,158
812: 1639,408,397,472,305,552,392,288,1792,1319
813: 1850,1647,1522,738,1493,339,756,1869,857,274,1286,1055
814: 1627,469,584,1686,586,1690,516,1735,1208,282,1630,797,1301
815: 1217,1327,621,1999
816: 
817: 1239,899,641,1796,1598,1578,1842,1533,888,630,354,245,1464,1510,1034,368,1083,439,999,181,1543,1364,1896,1936
818: 150,1652,1717,650,1312,59,440,985,1739,1662,1684
819: 1342,1703,344,914
820: 
821: 1641,263,1841,1132,1159,632,1283,1544,1188,96,839,463,1805,393,1964,482,454,1596
822: 1500,1040,1599,1852,1866,266,1118,1060,1573,1161,1781,441
823: 
824: 
825: 1586,777,1765,853,232,964,1944,206,1266,1379,1002,1387,511,1865,785,358,1465
826: 858
1957: 1035
1987: 399,1988,1215,671,188,560,599,195
829: 763,966,1402,694,747,177,1982,604,1631,190,1689,1764,901,1992,887,950
830: 1141,209,577
831: 179,1289,1551,862,1803,968,1613,1832
832: 1390,268,1594,1297,1311,1592,1091,7,254,1142,1240,417,1065
833: 
834: 
835: 885,978,77,307,1671,1487,123,507
836: 1023,1441,1542,1234,1392,1904,372,1444,1967,1057,1979,891
837: 770,988,844,1632,693,662,1985,1780,492,468
838: 
839: 1641,263,1841,1132,1159,632,1283,1544,1188,96,821,463,393,1964,482,454,1596
840: 555
841: 1026,1425,1550,220,1785,524,1087,1281,1205
842: 1130,1617,20,718,904,1171,1624,1015,890,155,70,212,1588
843: 588,1093,1253,1663,685,1483,1606
844: 770,988,837,1632,693,1985,1780,492,468
845: 1350,882,207,1576,554,116,2000,142,536,1165
846: 583,574,316,337,1625,1069,418
847: 581,720,629,284,1666,551,984,407
848: 1819,1816,622,2007,1206,528,1431,41,1318,1151,450
849: 
850: 
851: 934,2005,1521,262,1778,1889,676,709,1037,2014,1470
852: 
853: 1586,777,1765,232,964,1944,206,1266,1379,1002,1387,511,825,1865,785,358,1465
854: 
1952: 645,180,2011,1125,299,616,1572,1926,136,744,1581,1828,1351,489
1967: 836,1023,1441,1542,1234,1392,1904,372,1444,1057,1979,891
857: 1850,1647,1522,738,1493,339,756,1869,274,1286,1055,813
858: 826
859: 
860: 
861: 445,217
862: 179,1289,831,1551,1803,968,1613,1832
1981: 380,1590,107,154,1145,1005,491,230,591,522,174,1755,787
864: 1254,278,1011,169,1460,295,1898,91,1187,302,318
865: 1032,1044,1344,427,673,1028,1902
866: 1996,1399,324,140,2017,301,1115,2019,750,325,1365,1246,1369,1433,273,1935
867: 
868: 37,1568
869: 
870: 699,108,438,1149,1954,456,269,122,582,613,1249,2015,460,521,272,1225,1309,1656,1565,1826,1724
871: 1784,643,1512,147,1111
872: 1538,1277,2006,1769,1503,44,1016,626,1096,1883,1661,1230,1953,1540,544,1273,1214,395,1786
873: 1848,430,667,384,270,17,1101,1348,1705,1416,1221,1801,766,1640,1511
874: 334,1851,1621,149,1349
875: 620,930,146,1169,48,1910,1931,322
876: 1530,335,1463,1691,54,1975,1736,494,927,1419,1583,564
877: 1753
878: 396,428,1885,771,110,240,660,1022,38,1908
879: 
880: 
881: 
882: 1350,207,845,1576,554,116,2000,142,536,1165
883: 1398,64,1050,36,2008,1385,343,686,1559,353,624,53,2001,1939
884: 1915,94,277,1822,535,1940,1692,1368
885: 978,77,307,1671,1487,835,123,507
886: 423,1615
887: 1992,950,763,966,829,1402,694,747,177,1982,604,1631,190,1689,1764,901
888: 1239,899,641,1796,817,1598,1578,1842,1533,630,354,245,1464,1510,1034,368,1083,439,999,181,1543,1364,1896,1936
889: 1900,1836,1858,185,56,1412,2004,55,252,1070,979
890: 155,70,212,1588,904,1171,1624,1015,1130,1617,20,842,718
891: 836,1023,1441,1542,1234,1392,1904,372,1444,1967,1057,1979
892: 332,1563,913,969,73,1042,1481,1811,1157,1353,1888,258,480,768
893: 1738,449,1693,1163,152,1924,193,1548,941,476,1280,1810,703,253
894: 275,1859,1602,1593,652,1535,1180,1571,1835,1504,135,1740
895: 176,949,100,1892,1415,1140
896: 1636,221,46,774,1219,746,548,202,33,182,1609,1109
897: 
898: 364,2,1124,513,1242,2002,248,367,1491,1498,580,1749,1776,1651,712,1555,527,615,1110,1082,911,924,1220
899: 1239,641,1796,817,1598,1578,1842,1533,888,630,354,245,1464,1510,1034,368,1083,439,999,181,1543,1364,1896,1936
900: 215,1354,348,435,479,1813,1455,113,1933,1068,576,590
901: 763,966,829,1402,694,747,177,1982,604,1631,190,1689,1764,1992,887,950
902: 
903: 
904: 1171,1624,1015,732,890,155,70,1588,1130,1617,20,842,718
905: 1925
906: 478,1090,1619,799,379,928,1009,1315,668,1754,772,1723,1422,342
907: 387,1916,573,1990
908: 1687,1929,916,935,1345,2018,2003,1913,530,95,656,955
909: 1820,1442,958,731,727,362,1821,942,1088,1526,1182,1173,1523,740
910: 705,1168,663,1451,1951,129,601,1155,271,1675
911: 1082,924,1220,1242,2002,248,367,1491,1498,580,1749,1776,1651,712,1555,527,615,1110,364,2,898,1124,513
912: 526,410,1448,1447,562,929,1525,453
913: 892,332,1563,969,73,1042,1481,1811,1157,1353,1888,258,480,768
914: 344,1703,819,1342
915: 1704
916: 1687,1929,935,1345,2018,2003,1913,908,530,95,656,955
1993: 977,1968,238
918: 256,1585,1407,1891,1897,219,1269,1713,1748
919: 9,558,415,246,1113,1,1452,716,938,585
920: 1582,1386,1395,1917,1741,1357,1174,178
921: 1295,1061,1235,1561,1144,50,1763,967,783,87,400,1480,1962,1706,249,715
922: 399,1988,43,1215,671,188,199,195
923: 1756,6,1502,792,497,58
924: 1082,911,1220,1242,2002,248,367,1491,1498,580,1749,1776,1651,712,1555,527,615,1110,364,2,898,1124,513
925: 804,505,197,1515,1389,227,1343,1423,1517,365,1186,510,45,298,401,1972
926: 
927: 1530,335,1463,54,876,1736,494,1419,1583,564
928: 1009,1315,668,1754,772,1723,1422,342,379,478,1090,906,1619,799
929: 526,912,410,1448,1447,562,1525,453
930: 620,1554,875,1250,146,1169,1910,451,1931,322
931: 314,1139,1019,1494,745,462,537,432
932: 1608,498
933: 
934: 2005,1521,262,1778,1889,676,709,1037,2014,851,1470
935: 1687,1929,916,1345,2018,2003,1913,908,530,95,656,955
936: 1622,657,1047,1774,39,419,377,184,959,514
937: 205,1633,634,1508,1688,382,986,1773,1417,421,1073,321,1575,1160,947,1674
938: 716,585,9,558,415,246,1113,919,1,1452
939: 1808,1974,1212,806,1316,1336,711,1192,162
940: 
941: 1738,449,893,1693,1163,152,1924,193,1548,476,1280,1810,703,253
942: 1820,1442,958,731,727,362,1821,1088,1526,1182,1173,909,1523,740
943: 214,1788,1638,1211,1564,1275,264,1435,1119,1370,1648,88,1406,534,333,68,798,998,105,1328,638,97,487,1445,234
944: 
945: 
946: 
947: 321,1575,1160,1674,205,1633,634,1508,1688,382,986,1773,1417,1073,937
948: 3,1085,1771,1360,291,1731
949: 176,1948,1158,100,1825,1892,1415,109,1140,895
950: 1992,887,763,966,829,1402,694,747,177,1982,604,1631,190,1689,1764,901
951: 1304
952: 508,567,216,1570
953: 767,1282
954: 378,666,1190,198,1363,589,444,329,1226,658,1899,1104,1989,446,1921,719,104,1589
955: 1687,1929,916,935,1345,2018,2003,1913,908,530,95,656
956: 741,1008,1007,2016,228,281,1488
957: 204,218,962,183,600,762,707,1244,26,518,1973,192,340
958: 1820,1442,731,727,362,1821,942,1088,1526,1182,1173,909,1523,740
959: 1622,657,1047,1774,39,936,419,377,184,514
960: 1187,302,318,1254,278,169,1460,28,295,1898,91
961: 1380,595,519,317,75,541,1665,1875
962: 218,183,600,762,707,1244,957,518,1973,340
963: 
964: 1586,777,1765,853,232,1944,206,1266,1379,1002,1387,511,825,1865,785,358,1465
2014: 934,2005,1521,262,1778,1889,676,709,1037,851,1470
966: 763,829,1402,694,747,177,1982,604,1631,190,1689,1764,901,1992,887,950
967: 1295,1061,921,1235,1561,1144,1763,783,400,1480,1962,1706,249,715
968: 1613,1832,862,179,1289,831,1551,1803
969: 892,332,1563,913,73,1042,1481,1811,1157,1353,1888,258,480,768
970: 366,1720,1251
971: 1942,509,1715,664,310,1893,16,257,467,1298,1293,1461
972: 237,1750,1757,1198,8,352,1201,433,633,223,1880
973: 1307,1207,790,233,303,1284,1340
974: 
975: 
1966: 1725,701,1532,168,405,83,243
977: 1993,1968,238,749
978: 885,77,307,1671,1487,835,123,507
979: 1900,1836,1858,185,56,1412,2004,55,889,252,1070
980: 
1972: 804,505,197,1515,1389,925,227,1343,1423,1517,365,1186,510,45,298,401
982: 1079,200,1195
983: 1300,208,413,1376,1886,1237
984: 581,720,629,284,1666,551,847,407
985: 150,1652,1717,650,1312,59,440,1739,1662,818,1684
986: 205,1633,634,1508,1688,382,1773,1417,421,1073,937,321,1575,1160,947,1674
987: 1092,1829,1700
988: 770,844,837,1632,693,662,1985,1780,492,468
989: 
1974: 1212,806,1316,939,1808,1336,711,1192,162
991: 1437,165,1321,706,1123,409,1000,538,1800,1064,1427,51,167,289
992: 
2002: 1242,248,367,1491,1498,580,1749,1776,1651,712,1555,527,615,1110,1082,911,924,1220,364,2,898,1124,513
994: 1271,1421,309,425,71,148,525,40
995: 151
996: 1189,1978,1977,1183,426
997: 1341
998: 214,1788,1638,1211,1564,1275,264,1435,1119,943,1370,1648,88,1406,534,333,68,798,105,1328,638,97,487,1445,234
999: 1034,368,1083,439,181,1543,1364,1896,1936,630,1239,899,641,1796,817,1598,1578,1842,1533,888,245,1464,1510
1000: 1437,165,991,1321,706,1123,409,538,1800,1064,1427,51,167,289
1001: 1347,1597,1901,2013,1612,1799,1495,1546,375,1210,1467,1232,1029,1746,483,1853,1695
1002: 1586,777,1765,853,232,964,1944,206,1266,1379,1387,511,825,1865,785,358,1465
1003: 
1004: 
1005: 380,1590,107,154,1145,512,491,230,591,522,174,1981,1755,610,787
1006: 
1007: 741,1008,956,2016,228,281,1488
1008: 741,1007,956,2016,228,281,1488
1009: 928,1315,668,1754,772,1723,1422,342,379,478,1090,906,1619,799
1010: 
1011: 1254,278,864,169,1460,28,295,1898,91,1187,302,318
1012: 
1013: 1341
1014: 1292,1855,373,1520,1887,437,735,1202,1216,1078,1479,287,607,247,1179,1623,1100,145,42,1721
1015: 1624,732,904,1171,890,155,70,212,1588,1130,1617,20,842,718
1016: 1538,1277,2006,1769,1503,44,626,1096,1883,872,1661,1230,1953,1258,1540,544,1273,1214,395,1786
1017: 1772,429,1505,137,1994,124,1394,90,1474,157,485
1018: 
1019: 931,314,1139,1494,745,462,537,432
1020: 759,1863
1021: 1868,89,748,411,1170,661,1446
1022: 396,428,1885,878,771,110,240,660,38,1908
1023: 836,1441,1542,1234,1392,1904,372,1444,1967,1057,1979,891
1024: 1025,1184,1567,1473,1679,1408,1995,1607
1025: 1184,1567,1024,1473,1679,1418,1408,1995,1607
1026: 841,1425,1550,220,1785,1787,524,1087,1281,1205
1027: 
1028: 1344,427,673,126,1902,1032,1044,865
1029: 375,1210,1467,1232,1746,483,1853,1695,1347,1597,1901,2013,1612,1799,1495,1001,1546
1030: 229
1031: 
1032: 1044,865,1344,427,673,126,1028,1902
1033: 1352
1034: 368,1083,439,999,181,1543,1364,1896,1936,630,354,1239,899,641,1796,817,1598,1578,1842,1533,888,245,1464,1510
1035: 1957
1036: 1760,1223,203
1037: 934,2005,1521,262,1778,1889,676,709,2014,851,1470
1038: 1252
1039: 1176
1040: 1500,1599,822,1852,1866,266,1118,1060,1573,67,1161,1781,441
1041: 30,1547
1042: 73,1481,1811,1157,1353,1888,258,480,768,892,332,1563,913,969
1043: 
1044: 1032,865,1344,427,673,126,1028,1902
1045: 
1046: 1185
1047: 1622,657,1774,39,936,419,377,184,959,514
1048: 1529,481,106,1332,1895,1200,1998,549,1384,1420,1814,594
1049: 773,532
1050: 1398,64,883,36,2008,1385,343,686,1559,353,624,53,2001,1939
1051: 49
1052: 
1053: 
1054: 1789,1658,130
1055: 1850,1647,1522,738,1493,756,1869,857,274,1286,813
1056: 
1057: 836,1023,1441,1542,1234,1392,1904,372,1444,1967,1979,891
1058: 
1059: 261
1060: 1500,1040,1599,822,1852,1866,266,1118,1573,67,1161,1781,441
1061: 1295,921,1235,1561,1144,50,1763,967,783,87,400,1480,1962,1706,249,715
1062: 
1063: 1604,1367,1359,361,1472,1634,319
1064: 1437,165,991,1321,706,1123,409,1000,538,1800,1427,51,167,289
1065: 1240,417,1390,268,832,1594,1297,1311,1592,1091,7,254,1142
1066: 794
1067: 713,1378,1314,1877,723,1605,1331,1580,416
1068: 113,1933,576,590,215,1354,348,435,479,1455,900
1069: 583,574,316,846,337,1625,418
1070: 1900,1836,1858,185,56,1412,2004,55,889,252,979
1071: 486,1372,2012,1770,499,680,677,52
1072: 
1073: 205,1633,634,1508,1688,382,986,1773,1417,421,937,321,1575,1160,947,1674
2006: 1538,1277,1769,1503,44,1016,626,1096,1883,872,1661,1230,1953,1258,1540,544,1273,1214,395,1786
1075: 1862,1095,1181,328,99,1339,1424,578
1076: 
1077: 
1078: 1292,1855,373,1520,1887,437,735,1202,1216,1479,287,1014,607,247,1179,1623,1100,145,42,1721
1079: 200,1195,982
1080: 
1081: 
1082: 911,924,1220,1242,2002,248,367,1491,1498,580,1749,1776,1651,712,1555,527,615,1110,364,2,898,1124,513
1083: 1034,368,439,999,181,1543,1364,1896,1936,630,354,1239,899,641,1796,817,1598,1578,1842,1533,888,245,1464,1510
1084: 
1085: 3,948,1771,1360,291,1731
1086: 1766,320,1670,1263,1209,186,470
1087: 1026,841,1425,1550,220,1785,1787,524,1281,1205
1088: 1820,1442,958,731,727,362,1821,942,1526,1182,1173,909,1523,740
1089: 655,29
1090: 478,906,1619,799,379,928,1009,1315,668,1754,772,1723,1422,342
1091: 1390,268,832,1594,1297,1311,1592,7,254,1142,1240,417,1065
1092: 987,1829,1700
1093: 588,1253,1663,843,685,1483,1606
1094: 
1095: 1862,1075,1181,328,99,1339,1424,578
1096: 1538,1277,2006,1769,1503,44,1016,626,1883,872,1661,1230,1953,1258,1540,544,1273,1214,395,1786
1097: 
1989: 198,1363,589,444,329,1226,658,1899,1104,446,1456,1921,719,104,1589,378,666,954,1190
1099: 
1100: 1292,1855,373,1520,1887,437,735,1202,1216,1078,1479,287,1014,607,247,1179,1623,145,42,1721
1101: 1848,430,667,384,270,17,873,1348,1705,1416,1221,1801,766,1640,1511
1102: 160,1278,311,617,1358,457,605,1459,1116,714,143,1716,1860
1103: 13,308,547,191,280,1659,495
1104: 198,1363,589,444,329,1226,658,1899,1989,446,1456,1921,719,104,1589,378,666,954,1190
1105: 
1106: 
1963: 1556,1469,496,139,158,811,173,681
1108: 
1109: 1636,221,774,1219,746,202,33,182,896,1609
1110: 1776,1651,712,1555,527,615,1242,2002,248,367,1491,1498,580,1749,1082,911,924,1220,364,2,898,1124,513
1111: 1784,643,871,1969,147
1112: 14,1238
1113: 9,558,415,246,919,1,1452,716,938,585
1114: 1918,1552,92
1115: 1996,1399,324,140,2017,301,866,2019,750,325,1365,1246,1369,1433,273,1935
1116: 160,1278,311,617,1102,1358,457,211,605,1459,714,143,1716,1860
2010: 
1118: 1500,1040,1599,822,1852,1866,266,1060,1573,67,1161,1781,441
1119: 214,1788,1638,1211,1564,1275,264,1435,943,1370,1648,88,1406,534,333,68,798,998,105,1328,638,97,487,1445,234
1120: 
1121: 
1122: 
1123: 1437,165,991,1321,706,409,1000,538,1800,1064,1427,51,167,289
1124: 364,2,898,513,1242,2002,248,367,1491,1498,580,1749,1776,1651,712,1555,527,615,1110,1082,911,924,1220
1125: 645,180,2011,299,616,1572,1926,136,744,1581,1828,1351,1952,489
1126: 331,431,1325,260,458,504,784
1977: 1189,1978,1183,996,426
1128: 
1129: 502,1879,1135,153,1267,1928,1752,542
1130: 1617,20,842,718,904,1171,1624,1015,732,890,155,70,212,1588
1983: 
1132: 1641,263,1841,1159,632,1283,1544,1188,96,839,821,463,1805,393,1964,482,454,1596
1133: 
1134: 1997,523,1672
1135: 502,1879,153,1267,1928,1129,1752,542
1136: 1642
1137: 
1138: 
1139: 931,314,1019,1494,745,462,537,432
1140: 176,949,1948,1158,100,1825,1892,1415,109,895
1141: 209,577,830
1142: 1390,268,832,1594,1297,1311,1592,1091,7,254,1240,417,1065
1143: 1178,159
1144: 1295,1061,921,1235,1561,50,1763,967,783,87,400,1480,1962,1706,249,715
1145: 380,1590,107,154,1005,491,230,591,522,174,1981,1755,610,787
2004: 1900,1836,1858,185,56,1412,55,889,252,1070,979
1147: 1373,700
1148: 1718,196,1499,24,2009,1296
1149: 699,108,438,1954,870,456,269,122,582,613,1249,2015,460,521,272,1225,1309,1656,1565,1826,1724
1150: 1762
1151: 31,1819,1816,622,2007,1206,528,1431,41,1318,848,450
1152: 
1990: 907,387,1916,573
1154: 
1155: 705,1168,663,1451,1951,129,601,271,910,1675
1156: 572,1783,1657
1157: 73,1042,1481,1811,1353,1888,258,480,768,892,332,1563,913,969
1158: 176,949,1948,100,1825,1892,1415,109,1140
1159: 1641,263,1841,1132,632,1283,1544,1188,96,839,821,463,1805,393,1964,482,454,1596
1160: 321,1575,947,1674,205,1633,634,1508,1688,382,986,1773,1417,421,1073,937
1161: 67,1781,441,1500,1040,1599,822,1852,1866,266,1118,1060,1573
1162: 
1163: 1738,449,893,1693,1924,193,1548,941,476,1280,1810,703,253
1164: 1261,244,1308,98,1167,1382,674,1643,1411,791,327,1545,675,515,355,1443
1165: 2000,142,536,116,1350,882,207,845,1576,554
1166: 688,477,1941
1167: 1382,674,434,1643,1411,791,327,1545,675,515,355,1443,1261,244,1308,1847,98,1164
1168: 705,663,1451,1951,129,601,1155,271,910,1675
1169: 620,1554,875,930,1250,48,1910,451,1931,322
1170: 1868,89,1021,748,411,661,1446
1171: 904,1624,1015,732,890,155,70,212,1588,1130,1617,20,842,718
1172: 1876,490,175,357,1919,1501,754,569,691,1272,267,665,242,1388
1173: 1820,1442,958,731,727,362,1821,942,1088,1526,1182,909,1523,740
1174: 1582,1386,1395,1917,1741,920,1357,178
1175: 
1176: 1039
1177: 
1178: 1143,159
1179: 1292,1855,373,1887,735,1202,1216,1078,1479,287,1014,607,247,1623,1100,145,42,1721
1180: 275,1859,1602,1593,652,1535,1571,1835,1504,135,1740,894
1181: 1862,1075,1095,328,99,1339,1424,578
1182: 1820,1442,958,731,727,362,1821,942,1088,1526,1173,909,1523,740
1183: 1189,1978,1977,996,426
1184: 1025,1567,1024,1473,1679,1418,1995,1607
1185: 1046
1186: 804,505,197,1515,1389,925,227,1343,1423,1517,365,510,45,298,401,1972
1187: 960,302,318,1254,278,864,1011,169,1460,28,295,1898,91
1188: 1641,263,1841,1132,1159,632,1283,1544,96,839,821,463,1805,393,1964,482,454,1596
1189: 1978,1977,1183,996,426
1190: 378,666,954,198,1363,589,444,329,1226,658,1899,1104,1989,446,1456,1921,719,104,1589
1191: 
1192: 711,162,939,1808,1974,1212,806,1316,1336
1193: 
1194: 619,1276
1195: 1079,200,982
1196: 241,1920,61,1890,618,349,546,359,1956,1574,60,10,1477,236,1591
1197: 775,1775,102
1198: 237,972,8,352,1201,433,633,223,1880
1199: 1439,1229
1200: 1998,549,1384,1420,1814,594,1048,1529,481,106,1332,1895
1201: 352,433,633,223,1880,237,972,1750,1757,1198,8
1202: 1292,1855,373,1520,1887,437,735,1216,1078,1479,287,1014,607,247,1179,1623,1100,145,42,1721
1203: 1911,473,1653,1302,187,1708,795,1288
1204: 609,722,1310,369,391
1205: 1026,841,1425,1550,220,1785,1787,524,1087,1281
1206: 31,1819,1816,622,2007,528,1431,41,1318,848,1151,450
1207: 1307,790,233,303,1284,1340,973
1208: 1627,469,584,1686,586,1690,814,516,1735,282,1630,797,1301
1209: 1766,320,1670,1263,1086,186,470
1210: 375,1467,1232,1029,1746,483,1853,1695,1347,1597,1901,2013,1612,1799,1495,1001,1546
1211: 214,1788,1638,1564,1275,264,1435,1119,943,1370,1648,88,1406,534,333,68,798,998,105,1328,638,97,487,1445,234
1212: 1974,806,1316,939,1808,1336,711,1192,162
1213: 
1214: 1538,1277,2006,1769,1503,44,1016,626,1096,1883,872,1661,1230,1953,1258,1540,544,1273,395,1786
1215: 43,671,188,560,599,199,195,399,1988,1987,922
1216: 1292,1855,373,1520,1887,437,735,1202,1078,1479,287,1014,607,247,1179,1623,1100,145,42,1721
1217: 815,1327,621,1999
1218: 
1219: 1636,221,46,774,746,548,202,33,182,896,1609,1109
1220: 1082,911,924,1242,2002,248,367,1491,1498,580,1749,1776,1651,712,1555,527,1110,364,2,898,1124,513
1221: 1848,430,667,384,270,17,873,1101,1348,1705,1416,1801,766,1640,1511
1222: 
1223: 1036,1760,203
1224: 1486
1225: 699,108,438,1149,1954,870,456,269,122,582,613,1249,2015,460,521,272,1309,1656,1565,1826,1724
1226: 198,1363,589,444,329,658,1899,1104,1989,446,1456,1921,719,104,1589,378,666,954,1190
1227: 1991,1264,1245,1779,500
1228: 1577,101,1960,323,424,788,1405,682
1229: 1199,1439
1230: 1538,1277,2006,1769,1503,44,1016,626,1096,1883,872,1661,1953,1258,1540,544,1273,1214,395,1786
1231: 
1232: 375,1210,1467,1029,1746,483,1853,1695,1347,1597,1901,2013,1612,1799,1495,1001,1546
1233: 201,1458,66
1234: 836,1023,1441,1542,1392,1904,372,1444,1967,1057,1979,891
1235: 1295,1061,921,1561,1144,50,1763,967,783,87,400,1480,1962,1706,249,715
1236: 
1237: 1300,208,413,1376,1886,983
1238: 1112,14
1239: 899,641,1796,817,1598,1578,1842,1533,888,630,354,245,1464,1510,1034,368,1083,439,999,181,1543,1364,1896,1936
1240: 417,1065,1390,268,832,1594,1297,1311,1592,1091,7,254,1142
1241: 1438
1242: 2002,248,367,1491,1498,580,1749,1776,1651,712,1555,527,615,1110,1082,911,924,1220,364,2,898,1124,513
1243: 1743,103,1428,125,1620,1644,1320,1737
1244: 204,218,962,183,600,762,707,26,957,518,1973,192,340
1245: 1991,1264,1227,1779,500
1246: 1996,1399,324,140,2017,301,1115,866,2019,750,325,1365,1369,1433,273,1935
1247: 
1248: 
1249: 699,108,438,1149,1954,870,456,269,122,582,613,2015,460,521,272,1225,1309,1656,1565,1826,1724
1250: 620,1554,930,1169,1910,451,1931,322
1251: 970,366,1720,649
1252: 1038
1253: 1093,1663,843,685,1483,1606
1254: 278,864,1011,169,1460,28,295,1898,91,960,1187,302,318
1255: 
1256: 57,1611,1401,0,235
1257: 
1258: 1538,2006,1769,1503,44,1016,626,1096,1883,1661,1230,1953,1540,544,1273,1214,395,1786
1259: 778
1260: 
1261: 244,1308,1847,98,1164,1167,1382,674,434,1643,1411,791,327,1545,675,515,355,1443
1262: 1361,1404
1263: 1766,320,1670,1086,1209,470
1264: 1991,1227,1245,1779,500
1265: 363,684,678
1266: 1586,777,1765,853,232,964,1944,206,1379,1002,1387,511,825,1865,785,358,1465
1267: 502,1879,1135,153,1928,1129,1752,542
1978: 1189,1977,1183,996,426
1269: 918,1585,1407,1891,1897,219,1713,1748
1270: 
1271: 1421,309,425,71,994,148,40
1272: 490,175,357,1919,1172,569,691,267,665,242,1388
1273: 1538,1277,2006,1769,1503,44,1016,626,1096,1883,872,1661,1230,1953,1258,1540,544,1214,395,1786
1274: 
1275: 214,1788,1638,1211,1564,264,1435,1119,943,1370,1648,88,1406,534,333,68,798,998,105,1328,638,97,487,1445,234
1276: 1194,619
1277: 1538,2006,1769,1503,44,1016,626,1096,1883,872,1661,1230,1953,1540,544,1273,1214,395,1786
1278: 160,311,617,1102,1358,457,211,605,1459,1116,714,143,1716,1860
1956: 1196,241,1920,61,1890,618,349,546,359,1574,60,10,1477,236,1591
1280: 1738,449,893,1693,1163,152,1924,193,1548,941,476,1810,703,253
1281: 1026,841,1425,1550,220,1785,1787,524,1087,1205
1282: 767,953
1283: 1641,263,1841,1132,1159,632,1544,1188,96,839,821,463,393,1964,482,454,1596
1284: 1307,1207,790,233,303,1340,973
1285: 
1286: 1850,1647,1522,738,1493,339,756,1869,857,274,1055,813
1968: 977,1993,238
1288: 1911,473,1203,1653,1302,187,1708,795
1289: 179,831,1551,862,1803,968,1613,1832
1290: 1579,776,710,556,1694,550,742,138,1410,1403,134,1562,1454,1809,1823
1291: 171,755,1906,1846,313
1292: 1855,373,1520,1887,437,735,1202,1216,1078,1479,287,1014,607,247,1179,1623,1100,145,42,1721
1293: 1942,509,1715,1601,664,971,310,1893,16,257,467,1298,1461
1294: 
1295: 1061,921,1235,1561,1144,50,1763,967,783,87,400,1480,1962,1706,249,715
1296: 1148,1718,196,1499,24,2009
1297: 1390,268,832,1594,1311,1592,1091,7,254,1142,1240,417,1065
1298: 1942,509,1715,1601,664,971,310,16,257,467,1293,1461
1299: 
1300: 208,413,1376,1886,983,1237
1301: 1627,469,584,1686,586,1690,814,516,1735,1208,282,1630,797
1302: 1911,473,1203,1653,1335,187,1708,795,1288
2008: 1385,343,686,1559,353,624,53,2001,1939,1398,64,1050,883,36
1304: 951
1305: 
1306: 1509
1307: 1207,790,233,303,1284,1340,973
1308: 1261,244,1847,98,1164,1167,1382,674,434,1643,1411,791,327,1545,675,515,355,1443
1309: 699,108,438,1149,1954,870,456,269,122,582,613,1249,2015,460,521,272,1225,1656,1565,1826,1724
1310: 369,391,722,609,1204
1311: 1390,268,832,1594,1297,1592,1091,7,254,1142,1240,417,1065
1312: 150,1652,1717,650,59,440,985,1739,1662,818,1684
1313: 326,654
1314: 713,1378,1067,1877,723,1605,1331,1580,416
1315: 928,1009,668,1754,772,1723,1422,342,379,478,1090,906,1619,799
1316: 1974,1212,806,939,1808,1336,711,1192,162
1317: 
1318: 31,1819,1816,622,2007,1206,528,1431,41,848,1151,450
1319: 1639,408,397,472,305,552,392,288,812,1792
1320: 1737,103,1428,1743,1243,125,1620,1644
1321: 1437,165,991,706,1123,409,1000,538,1800,1064,1427,51,167,289
1322: 
1323: 
1324: 
1325: 331,431,1126,260,458,504,784
1326: 
1327: 621,1999,1217,815
1328: 214,1788,1638,1211,1564,1275,264,1435,1119,943,1370,1648,88,1406,534,333,68,798,998,105,638,97,487,1445,234
1329: 
1330: 
1331: 713,1378,1314,1067,1877,723,1605,1580,416
1332: 1048,1529,481,106,1895,1200,1998,549,1384,1420,1814
1333: 1874
1334: 717,250,625
1335: 1911,473,1653,1302,187,1708,795
1336: 939,1808,1974,1212,806,1316,711,1192,162
1337: 
1338: 1938,1807
1339: 1862,1075,1095,1181,328,99,1424,578
1340: 1307,1207,790,233,303,1284,973
1341: 1013,997
1342: 819,1703,344,914
1343: 804,505,197,1515,1389,925,227,1423,1517,365,1186,510,45,298,401,1972
1344: 427,673,126,1028,1902,1032,1044,865
1345: 1687,1929,916,935,2018,2003,1913,908,530,95,656,955
1346: 
1347: 1597,1901,2013,1612,1799,1495,1001,1546,375,1210,1467,1232,1029,1746,483,1853,1695
1348: 1848,430,667,384,270,17,873,1101,1705,1416,1221,1801,766,1640,1511
1349: 874,334,1851,1621,149
1350: 882,207,845,1576,554,2000,142,536,1165
1351: 645,180,2011,1125,299,616,1572,1926,136,744,1581,1828,1952,489
1352: 1033
1353: 73,1042,1481,1811,1157,1888,258,480,768,892,332,1563,913,969
1354: 215,807,348,435,479,1813,1455,900,113,1933,1068,576,590
1355: 
1356: 592,730,1839,520,72,553
1357: 1582,1386,1395,1917,1741,920,1174,178
1358: 160,1278,311,617,1102,457,211,605,1459,1116,714,143,1716,1860
1359: 1367,361,1604,1063,1634,319
1360: 1771,291,1731,3,948,1085
1361: 1404,1262
1362: 1553,608,1733,1984,1669,1450,1894,1366,1650,1711,808,300,1833,285,414,251
1363: 198,589,444,329,1226,658,1899,1104,1989,446,1456,1921,719,104,1589,378,954,1190
1364: 1034,368,1083,439,999,181,1543,1896,1936,630,354,1239,899,641,1796,817,1598,1578,1842,1533,888,245,1464,1510
1365: 1996,1399,324,140,2017,301,1115,866,2019,750,325,1246,1369,1433,273,1935
1366: 608,1733,1984,1669,1450,1894,1362,1650,1711,808,300,1833,285,414,251
1367: 1359,361,1472,1604,1063,1634,319
1368: 1915,94,884,277,1822,535,1940,1692
1369: 1996,1399,324,140,2017,301,1115,866,2019,750,325,1365,1246,1433,273,1935
1370: 214,1788,1638,1211,1564,1275,264,1435,1119,943,1648,88,1406,534,333,68,798,998,105,1328,638,97,487,1445,234
1371: 687
1372: 486,2012,1770,499,680,677,52,1071
1373: 1147,700
1374: 
1375: 
1376: 1300,208,413,1886,983,1237
2012: 486,1372,1770,499,680,677,52,1071
1378: 713,1314,1067,1877,723,1605,1331,1580,416
1379: 1586,777,1765,853,232,964,1944,206,1266,1002,1387,511,825,1865,785,358,1465
1380: 595,519,317,75,541,961,1665,1875,120
1381: 406,276,1646,651,611,292,1471,194,765,1409
1382: 1167,674,434,1643,1411,791,327,1545,675,515,355,1443,1261,244,1308,1847,98,1164
1383: 561
1384: 1200,1998,549,1420,1814,594,1824,1048,1529,481,106,1332,1895
1385: 2008,343,686,1559,353,624,53,2001,1939,1398,64,1050,883,36
1386: 1582,1395,1917,1741,920,1357,1174,178
1387: 1586,777,1765,853,232,964,1944,206,1266,1379,1002,511,825,1865,785,358,1465
1388: 1876,490,175,357,1919,1172,1501,754,569,691,1272,267,665,242
1389: 804,505,197,1515,925,227,1343,1423,1517,365,1186,510,45,298,401,1972
1390: 268,832,1594,1297,1311,1592,1091,7,254,1142,1240,417,1065
1391: 
1392: 836,1023,1441,1542,1234,1904,372,1444,1967,1057,1979,891
1393: 1462,1937,78,779
1394: 1505,137,1994,124,5,90,1474,157,485,1772,429,1017
1395: 1582,1386,1917,1741,920,1357,1174,178
1396: 
1397: 
1398: 64,1050,883,36,2008,1385,343,686,1559,353,624,53,2001,1939
1399: 1996,324,140,2017,301,1115,866,2019,750,325,1365,1246,1369,1433,273,1935
1400: 
1401: 57,1611,0,1256,235
1402: 763,966,829,694,747,177,1982,604,1631,190,1689,1764,901,1992,887,950
1403: 1579,776,556,1694,550,742,138,1410,1290,1562,1454,1809,1823
1404: 1361,1262
1405: 101,1960,323,424,788,682,1228,1577
1406: 214,1788,1638,1211,1564,1275,264,1435,1119,943,1370,1648,88,534,333,68,798,998,105,1328,638,97,487,1445,234
1407: 256,918,1585,1891,1897,219,1269,1713,1748
1408: 1418,1995,1607,1025,1024,1473,1679
1409: 406,276,1646,651,611,292,1471,194,765,1381
1410: 1579,776,710,556,1694,550,742,138,1403,1290,134,1562,1454,1809,1823
1411: 1167,1382,674,434,1643,791,327,1545,675,515,355,1443,1261,244,1308,1847,98,1164
1412: 1900,1836,1858,185,56,2004,55,889,252,1070,979
1413: 
1414: 
1415: 176,949,1948,1158,100,1825,1892,109,1140,895
1416: 1848,430,667,384,270,17,873,1101,1348,1705,1221,1801,766,1640,1511
1417: 205,1633,634,1508,1688,382,986,1773,421,1073,937,321,1575,1160,947,1674
1418: 1408,1995,1607,1025,1184,1473,1679
1419: 1530,335,1463,1691,54,1975,876,1736,494,927,1583,564
1420: 1200,1998,549,1384,1814,594,1824,1048,1529,481,106,1332,1895
1421: 1271,309,425,71,994,148,525,40
1422: 928,1009,1315,668,1754,772,1723,342,379,478,1090,906,1619,799
1423: 804,505,197,1515,1389,925,227,1343,1517,365,1186,510,45,298,401,1972
1424: 1862,1075,1095,1181,328,99,1339,578
1425: 1026,841,1550,220,1785,1787,524,1087,1281,1205
1426: 
1427: 51,167,289,1437,165,991,1321,706,1123,409,1000,538,1800,1064
1428: 103,1743,1243,125,1620,1644,1320,1737
1429: 
1430: 1668,1856,448,402
1431: 31,1819,1816,622,2007,1206,528,41,1318,848,1151,450
1432: 1980,627,1457,1745,121,810,166,802,1534
1433: 1996,1399,324,140,2017,301,1115,866,2019,750,325,1365,1246,1369,273,1935
1434: 
1435: 214,1788,1638,1211,1564,1275,264,1119,943,1370,1648,88,1406,534,333,68,798,998,105,1328,638,97,487,1445,234
1436: 
1437: 165,991,1321,706,1123,409,1000,538,1800,1064,1427,51,167,289
1438: 1241
1439: 1199,1229
1440: 
1441: 836,1023,1234,1392,1904,372,1444,1967,1057,1979,891
1442: 1820,958,731,727,362,1821,942,1088,1526,1182,1173,909,1523,740
1443: 1167,1382,674,434,1643,1411,791,327,1545,675,515,355,1261,244,1308,98,1164
1444: 836,1023,1441,1542,1234,1392,1904,372,1967,1057,1979,891
1445: 214,1788,1638,1211,1564,1275,264,1435,1119,943,1370,1648,88,1406,534,333,68,798,998,105,1328,638,97,487,234
1446: 1868,89,1021,748,411,1170,661
1447: 526,912,410,1448,562,929,1525,453
1448: 526,912,410,1447,562,929,1525,453
1449: 
1450: 1553,608,1733,1984,1669,1894,1366,1362,1650,1711,808,300,1833,285,414,251
1451: 705,1168,663,1951,129,601,1155,271,910,1675
1452: 9,558,415,246,1113,919,1,716,938,585
1453: 
1454: 1579,776,710,556,1694,550,742,138,1410,1403,1290,134,1562,1809,1823
1455: 215,807,1354,348,435,479,1813,900,113,1933,1068,576,590
1456: 198,1363,589,444,329,1226,658,1899,1104,1989,446,1921,719,104,1589,378,666,1190
1457: 1980,627,1432,1745,121,810,166,802,1534
1458: 1233,201,66
1459: 160,1278,311,617,1102,1358,457,211,605,1116,714,143,1716,1860
1460: 1254,278,864,1011,169,28,295,1898,91,960,1187,302,318
1461: 1942,509,1715,1601,664,971,310,1893,16,257,467,1298,1293
1462: 1531,1937,1393,78,779
1463: 1530,335,54,876,1736,494,927,1419,1583,564
1464: 245,1510,630,354,1239,899,641,1796,817,1598,1578,1842,1533,888,1034,368,1083,439,999,181,1543,1364,1896,1936
1465: 358,1586,777,1765,853,232,964,1944,206,1266,1379,1002,1387,511,825,1865,785
1466: 602
1467: 375,1210,1232,1029,1746,483,1853,1695,1347,1597,1901,2013,1612,1799,1495,1001,1546
2001: 2008,1385,343,686,1559,353,624,53,1939,1398,64,1050,883,36
1469: 1556,1963,496,139,158,811,173,681
1470: 934,2005,1521,262,1778,1889,676,709,1037,2014,851
1471: 406,276,1646,651,611,292,194,765,1381,1409
1472: 1367,361,1604,1063,1634
1473: 1025,1184,1567,1024,1679,1418,1408,1995,1607
1474: 1505,137,1994,124,5,1394,90,157,485,1772,429,1017
1475: 
1476: 800
1477: 60,10,236,1591,1196,241,1920,61,1890,618,349,546,359,1956,1574
1478: 
1479: 1292,1855,373,1520,1887,437,735,1202,1216,1078,287,1014,607,247,1179,1623,1100,42,1721
1480: 1295,1061,921,1235,1561,1144,50,1763,967,783,87,400,1962,1706,249,715
1481: 73,1042,1811,1157,1353,1888,258,480,768,892,332,1563,913,969
1962: 1295,1061,921,1235,1561,1144,50,1763,967,783,87,400,1480,1706,249,715
1483: 588,1093,1253,1663,843,1606
1484: 
1485: 
1486: 1224
1487: 885,978,77,307,1671,835,123,507
1488: 741,1008,1007,956,2016,228,281
1489: 
1490: 1849
1491: 1242,2002,248,367,1498,580,1749,1776,1651,712,1555,527,615,1110,1082,911,924,1220,364,2,898,1124
1492: 
1493: 1850,1647,1522,738,339,756,1869,857,274,1286,1055,813
1494: 931,314,1139,1019,537,432
1495: 1347,1597,1901,2013,1612,1799,1001,1546,375,1210,1467,1232,1029,1746,483,1853,1695
1496: 642,1782,781
2019: 1996,1399,324,140,2017,301,1115,866,750,325,1365,1246,1369,1433,273,1935
1498: 1242,2002,248,367,1491,580,1749,1776,1651,712,1555,527,615,1110,1082,911,924,1220,364,2,898,1124,513
1499: 1148,1718,196,24,2009,1296
1500: 1040,1599,822,1852,1866,266,1118,1060,1573,67,1161,441
1501: 1876,175,357,1919,1172,754,569,267,665,1388
1502: 1756,6,792,497,58,923
1503: 1538,1277,2006,1769,44,1016,626,1096,1883,872,1661,1230,1953,1258,1540,544,1273,1214,395,1786
1504: 275,1859,1602,1593,652,1535,1180,1571,1835,135,894
1505: 137,1994,124,1394,90,1474,157,485,429,1017
1506: 
1507: 
1508: 205,1633,634,1688,382,986,1773,1417,421,1073,937,321,1575,1160,947,1674
1509: 1306
1510: 245,1464,630,354,1239,899,641,1796,817,1598,1578,1842,1533,888,1034,368,1083,439,999,181,1543,1364,1896,1936
1511: 1848,430,667,384,17,873,1101,1348,1705,1416,1221,1801,766,1640
1512: 1784,643,871,147
1991: 1264,1227,1245,1779,500
1514: 
1515: 804,505,197,1389,925,227,1343,1423,1517,365,1186,510,45,298,401,1972
1516: 
1517: 804,505,197,1515,1389,925,227,1343,1423,365,1186,510,45,298,401,1972
1518: 
2005: 934,1521,262,1778,1889,676,709,1037,2014,851,1470
1520: 1292,373,1887,437,735,1202,1216,1078,1479,287,1014,607,247,1623,1100,145,42,1721
1521: 934,2005,262,1778,1889,676,709,1037,2014,851,1470
1522: 1850,1647,738,1493,339,756,1869,857,274,1286,1055,813
1523: 1820,1442,958,731,727,362,1821,942,1088,1526,1182,1173,909,740
1524: 
1525: 526,912,410,1448,1447,562,929,453
1526: 1820,1442,958,731,727,362,1821,942,1088,1182,1173,909,1523,740
1527: 133,1719,34,141,1616,769,474
1528: 11,1838,690,606,570
1529: 1048,481,106,1332,1895,1200,1998,549,1384,1420,1814,594,1824
1530: 335,1463,1691,54,1975,876,1736,494,927,1419,1583,564
1531: 1462,78,779
1532: 1966,1725,701,168,405,83,243
1533: 1239,899,641,1796,817,1598,1578,1842,888,630,354,245,1464,1510,1034,368,1083,439,999,181,1364,1896,1936
1534: 1980,627,1432,1457,1745,121,810,166,802
1535: 275,1859,1602,1593,652,1180,1571,1835,1504,135,1740,894
1536: 679,385,1817
2007: 31,1819,1816,622,1206,528,1431,41,1318,848,1151,450
1538: 1277,2006,1769,1503,44,1016,626,1096,1883,872,1661,1230,1953,1258,1540,544,1273,1214,395,1786
1539: 
1540: 1538,1277,2006,1769,1503,44,1016,626,1096,1883,872,1661,1230,1953,1258,544,1273,1214,395,1786
1541: 
1542: 836,1023,1234,1392,1904,372,1444,1967,1057,1979,891
1543: 1034,368,1083,439,999,181,1364,1896,1936,630,354,1239,899,641,1796,817,1598,1578,1842,888,245,1464,1510
1544: 1641,263,1841,1132,1159,632,1283,1188,96,839,821,463,1805,393,1964,482,454,1596
1545: 1167,1382,674,434,1643,1411,791,327,675,515,355,1443,1261,244,1308,1847,98,1164
1546: 1347,1597,1901,2013,1612,1799,1495,1001,375,1210,1467,1232,1029,1746,483,1853,1695
1547: 30,1041
1548: 1738,449,893,1693,1163,152,1924,193,941,476,1280,1810,703,253
1549: 
1550: 1026,841,1425,220,1785,1787,524,1087,1281,1205
1551: 179,1289,831,862,1803,968,1613,1832
1552: 672,1114,1918,92
1553: 608,1733,1984,1669,1450,1894,1362,1650,1711,808,300,1833,414,251
1554: 620,930,1250,146,1169,1910,451,1931,322
1555: 1776,1651,712,527,615,1110,1242,2002,248,367,1491,1498,580,1749,1082,911,924,1220,364,2,898,1124,513
1556: 1963,1469,496,139,158,811,681
1557: 531,697,1827,631,1864,347,737
1558: 239,533
1559: 2008,1385,343,686,353,624,53,2001,1939,1398,64,1050,883,36
1560: 
1561: 1295,1061,921,1235,1144,50,1763,967,783,87,400,1480,1962,1706,249,715
1562: 1579,776,710,556,1694,550,742,138,1410,1403,1290,134,1454,1809,1823
1563: 892,332,913,969,73,1042,1481,1811,1157,1353,1888,258,768
1564: 214,1788,1638,1211,1275,264,1435,1119,943,1370,1648,88,1406,534,333,68,798,998,105,1328,638,97,487,1445,234
1565: 699,108,438,1149,1954,870,456,269,122,582,613,1249,2015,460,521,272,1225,1309,1656,1826,1724
1566: 1871
1567: 1025,1184,1024,1473,1679,1995,1607
1568: 868,37
1569: 
1570: 952,508,567,216
1571: 275,1859,1602,1593,1535,1180,1835,1504,135,1740,894
1572: 645,180,2011,1125,299,616,1926,136,744,1581,1828,1351,1952,489
1573: 1500,1040,1599,822,1852,1866,266,1118,1060,67,1161,1781,441
1574: 1196,241,1920,61,1890,618,349,546,359,1956,60,10,1477,236,1591
1575: 321,1160,947,1674,205,1633,634,1508,1688,382,986,1773,1417,421,1073,937
1576: 1350,882,207,845,554,116,2000,142,536,1165
1577: 1228,101,1960,323,424,788,1405,682
1578: 1239,899,641,1796,817,1598,1842,1533,888,630,354,245,1464,1510,1034,368,1083,439,999,181,1543,1364,1896,1936
1579: 776,710,556,1694,550,742,138,1410,1403,1290,134,1562,1454,1809,1823
1580: 713,1378,1314,1067,1877,723,1605,1331,416
1581: 645,180,2011,1125,299,616,1572,1926,136,744,1828,1351,1952,489
1582: 1386,1395,1917,1741,920,1357,1174,178
1583: 1530,335,1463,1691,54,1975,876,1736,494,927,1419,564
1584: 
1585: 256,918,1407,1891,1897,219,1269,1713,1748
1586: 777,1765,853,232,964,1944,206,1266,1379,1002,1387,511,825,1865,785,358,1465
1587: 
1588: 890,155,70,212,904,1171,1624,1015,732,1130,1617,20,842,718
1589: 198,1363,589,444,329,1226,658,1899,1104,1989,446,1456,1921,719,104,378,666,954,1190
1590: 380,107,154,1145,1005,512,491,230,591,522,174,1981,1755,610,787
1591: 60,10,1477,236,1196,241,1920,1890,618,349,546,359,1956,1574
1592: 1390,268,832,1594,1297,1311,1091,7,254,1142,1240,417,1065
1593: 275,1859,1602,652,1535,1180,1571,1835,1504,135,1740,894
1594: 1390,268,832,1297,1311,1592,1091,7,254,1142,1240,417,1065
2011: 645,180,1125,299,616,1572,1926,136,744,1581,1828,1351,1952,489
1596: 1641,263,1841,1132,1159,632,1283,1544,1188,96,839,821,463,1805,393,1964,482,454
1597: 1347,1901,2013,1612,1799,1495,1001,1546,375,1210,1467,1232,1029,1746,483,1853,1695
1598: 1239,899,641,1796,817,1578,1842,1533,888,630,354,245,1464,1510,1034,368,1083,439,999,181,1543,1364,1896,1936
1599: 1500,1040,822,1852,1866,266,1118,1060,1573,67,1161,441
1998: 1200,549,1384,1420,1814,594,1824,1048,1529,481,106,1332,1895
1601: 509,1715,664,310,16,257,467,1298,1293,1461
1602: 275,1859,1593,652,1535,1180,1571,1835,1504,135,1740,894
1603: 
1604: 1063,1367,1359,361,1472,1634,319
1605: 713,1378,1314,1067,1877,723,1331,1580,416
1606: 588,1093,1253,1663,843,685,1483
1607: 1995,1418,1408,1025,1184,1567,1024,1473,1679
1608: 932,498
1609: 1636,221,46,774,1219,746,548,202,33,182,896,1109
1610: 
1611: 57,1401,0,1256,235
1612: 1347,1597,1901,2013,1799,1495,1001,1546,375,1210,1467,1232,1029,1746,483,1853,1695
1613: 968,1832,862,179,1289,831,1551,1803
1614: 
1615: 423,886
1616: 34,141,769,474,133,1719,1527
1617: 1130,20,842,718,904,1171,1624,1015,732,890,155,70,212,1588
1618: 517,689,1791,312
1619: 478,1090,906,799,379,928,1009,1315,668,1754,772,1723,1422,342
1620: 125,1644,103,1428,1743,1243,1320,1737
1621: 874,334,1851,149,1349
1622: 657,1047,1774,39,936,419,377,184,959,514
1623: 1292,1855,373,1520,1887,437,735,1202,1216,1078,1479,287,1014,607,247,1179,1100,145,42,1721
1624: 1015,732,904,1171,890,155,70,212,1588,1130,1617,20,842,718
1625: 583,574,316,846,337,1069,418
1626: 
1627: 469,584,1686,586,1690,814,516,1735,1208,282,1630,797,1301
1628: 
1629: 
1630: 1627,469,1686,586,1690,814,516,1735,1208,282,797,1301
1631: 763,966,829,1402,694,747,177,1982,604,190,1689,1764,901,1992,887,950
1632: 770,988,844,837,693,662,1985,1780,492,468
1633: 205,634,1508,1688,382,986,1773,1417,421,1073,937,321,1575,1160,947,1674
1634: 319,1604,1063,1367,1359,361,1472
1635: 
1636: 221,46,774,1219,746,548,202,33,182,896,1609,1109
1637: 
1638: 214,1788,1211,1564,1275,264,1435,1119,943,1370,1648,88,1406,534,333,68,798,998,105,1328,638,97,487,1445,234
1639: 408,397,472,305,552,392,288,812,1792,1319
1640: 1848,430,667,384,270,17,873,1101,1348,1705,1416,1221,1801,766,1511
1641: 263,1841,1132,1159,632,1283,1544,1188,96,839,821,463,1805,393,1964,482,1596
1642: 1136
1643: 1167,1382,674,434,1411,791,327,1545,675,515,355,1443,1261,244,1308,1847,98,1164
1644: 125,1620,103,1428,1743,1243,1320,1737
1645: 1844,12,721
1646: 406,276,651,611,292,1471,194,765,1381,1409
1647: 1850,1522,738,1493,756,1869,857,274,1286,1055,813
1648: 214,1788,1638,1211,1564,1275,264,1435,1119,943,1370,88,1406,534,333,68,798,998,105,1328,638,97,487,1445,234
1649: 
1650: 1553,608,1733,1984,1669,1450,1894,1366,1362,1711,808,300,1833,285,414,251
1651: 1776,712,1555,527,615,1110,1242,2002,248,367,1491,1498,580,1749,1082,911,924,1220,364,2,898,1124,513
1652: 150,1717,650,1312,59,440,985,1739,1662,818,1684
1653: 1911,473,1203,1302,1335,187,1708,795,1288
1654: 
1655: 
1656: 699,108,438,1149,1954,870,456,269,122,582,613,1249,2015,460,521,272,1225,1309,1565,1826,1724
1657: 572,1783,1156
1658: 1789,1054,130
1659: 495,13,308,547,191,280,1103
1660: 
1661: 1538,1277,2006,1769,1503,44,1016,626,1096,1883,872,1230,1953,1258,1540,544,1273,1214,395,1786
1662: 150,1652,1717,650,1312,59,440,985,1739,818,1684
1663: 588,1093,1253,843,685,1483,1606
1664: 
1665: 1380,595,519,317,75,541,961,1875,120
1666: 581,720,629,284,551,847,984,407
1667: 
1668: 1856,1430,448,402
1669: 1553,608,1733,1984,1450,1894,1366,1362,1650,1711,808,300,1833,285,414,251
1670: 1766,320,1263,1086,1209,470
1671: 885,978,77,307,1487,835,123,507
1672: 1134,1997,523
1673: 678,557
1674: 321,1575,1160,947,205,1633,634,1508,1688,382,986,1773,1417,421,1073,937
1675: 705,1168,663,1451,1951,129,601,1155,271,910
1676: 
1677: 
1678: 
1679: 1025,1184,1567,1024,1473,1418,1408,1995,1607
1680: 1945
1681: 
1682: 
1683: 640,475
1684: 150,1652,1717,650,1312,59,440,985,1739,1662,818
1685: 1742
1686: 1627,469,584,586,1690,814,516,1735,1208,282,1630,797,1301
1687: 1929,916,935,1345,2018,2003,1913,908,530,95,656,955
1688: 205,1633,634,1508,382,986,1773,1417,421,1073,937,321,1575,1160,947,1674
1689: 763,966,829,1402,694,747,177,1982,604,1631,190,1764,901,1992,887,950
1690: 1627,469,584,1686,586,814,516,1735,1208,282,1630,797,1301
1691: 1530,335,54,1975,876,1736,1419,1583,564
1692: 1915,94,884,535,1940,1368
1693: 1738,449,893,1163,152,1924,193,1548,941,476,1280,1810,703,253
1694: 1579,776,710,556,550,742,138,1410,1403,1290,134,1562,1454,1809,1823
1695: 375,1210,1467,1232,1029,1746,483,1853,1347,1597,1901,2013,1612,1799,1495,1001,1546
1696: 
1697: 
2003: 1687,1929,916,935,1345,2018,1913,908,530,95,656,955
1699: 
1700: 1092,987,1829
1701: 
1702: 
1703: 819,1342,344,914
1704: 915
1705: 1848,430,667,384,270,17,873,1101,1348,1416,1221,1801,766,1640,1511
1706: 1295,1061,921,1235,1561,1144,50,1763,967,783,87,400,1480,1962,249,715
1950: 
1708: 1911,473,1203,1653,1302,1335,187,795,1288
1709: 
1710: 132,1912,698
1711: 1553,608,1733,1984,1669,1450,1894,1366,1362,1650,808,300,1833,285,414,251
1712: 
1713: 1748,256,918,1585,1407,1891,1897,1269
2009: 1148,1718,196,1499,24,1296
1715: 1942,509,1601,664,971,310,1893,16,257,467,1298,1293,1461
1716: 160,1278,311,617,1102,1358,457,211,605,1459,1116,714,143,1860
1717: 150,1652,650,1312,59,440,985,1739,1662,818,1684
1718: 1148,196,1499,24,2009,1296
1719: 133,1527,34,141,1616,769,474
1720: 970,366,649,1251
1721: 1292,1855,373,1520,1887,437,735,1202,1216,1078,1479,287,1014,607,247,1179,1623,1100,145,42
1722: 1857
1723: 928,1009,1315,668,1754,772,1422,342,379,478,1090,906,1619,799
1724: 699,108,438,1149,1954,870,456,269,122,582,613,1249,2015,460,521,272,1225,1309,1656,1565,1826
1725: 1966,701,1532,168,405,83,243
1726: 
1727: 144,805,596,189,529
1728: 
1969: 1784,643,1111
1730: 
1731: 1771,1360,291,3,948,1085
1732: 
1733: 1553,608,1984,1669,1450,1894,1366,1362,1650,1711,808,300,1833,285,414,251
1996: 1399,324,140,2017,301,1115,866,2019,750,325,1365,1246,1369,1433,273,1935
1735: 1627,469,584,1686,586,1690,814,516,1208,282,1630,797,1301
1736: 1530,335,1463,1691,54,1975,876,494,927,1419,1583,564
1737: 1320,103,1428,1743,1243,125,1620,1644
1738: 449,893,1693,1163,152,1924,193,1548,941,476,1280,1810,703,253
1739: 150,1652,1717,650,1312,59,440,985,1662,818,1684
1740: 275,1859,1602,1593,1535,1180,1571,135,894
1741: 1582,1386,1395,1917,920,1357,1174,178
1742: 1685
1743: 1243,103,1428,125,1620,1644,1320,1737
1744: 
1745: 1980,627,1432,1457,121,810,166,802,1534
1746: 375,1210,1467,1232,1029,483,1853,1695,1347,1597,1901,2013,1612,1799,1495,1001,1546
1747: 
1748: 1713,256,918,1585,1407,1891,1897,219,1269
1749: 1242,2002,248,367,1491,1498,580,1776,1651,712,1555,527,615,1110,1082,911,924,1220,364,2,898,1124,513
1750: 237,972,1757,8,352,1201,433,633,223,1880
1751: 
1752: 502,1879,1135,153,1267,1928,1129,542
1753: 877
1754: 928,1009,1315,668,772,1723,1422,342,379,478,1090,906,1619,799
1755: 380,1590,107,154,1145,1005,512,491,230,591,522,174,1981,610,787
1756: 6,1502,792,497,58,923
1757: 237,972,1750,8,352,1201,433,633,223,1880
1758: 733,708
1999: 1327,621,1217,815
1760: 1036,1223,203
1761: 398
1762: 1150
1763: 1295,1061,921,1235,1561,1144,50,967,783,87,400,1480,1962,1706,249,715
1764: 763,966,829,1402,694,747,177,1982,604,1631,190,1689,901,1992,887,950
1765: 1586,777,853,232,964,1944,206,1266,1379,1002,1387,511,825,1865,785,358,1465
1766: 320,1670,1263,1086,1209,186,470
1965: 566
1768: 
1769: 1538,1277,2006,1503,44,1016,626,1096,1883,872,1661,1230,1953,1258,1540,544,1273,1214,395,1786
1770: 486,1372,2012,499,680,677,52,1071
1771: 1360,291,1731,3,948,1085
1772: 429,1017,137,1994,124,5,1394,90,1474,157,485
1773: 205,1633,634,1508,1688,382,986,1417,421,1073,937,321,1575,1160,947,1674
1774: 1622,657,1047,39,936,419,377,184,959,514
1775: 1197,775,102
1776: 1651,712,1555,527,615,1110,1242,2002,248,367,1491,1498,580,1749,1082,911,924,1220,364,2,898,1124,513
1777: 
1778: 934,2005,1521,262,1889,676,709,1037,2014,851,1470
1779: 1991,1264,1227,1245,500
1780: 770,988,844,837,1632,693,662,1985,492
1781: 67,1161,441,1040,822,1852,1866,266,1118,1060,1573
1782: 1496,642,781
1783: 572,1156,1657
1784: 643,871,1969,1512,147,1111
1785: 1026,841,1425,1550,220,1787,524,1087,1281,1205
1786: 1538,1277,2006,1769,1503,44,1016,626,1096,1883,872,1661,1230,1953,1258,1540,544,1273,1214,395
1787: 1026,1425,1550,220,1785,524,1087,1281,1205
1788: 214,1638,1211,1564,1275,264,1435,1119,943,1370,1648,88,1406,534,333,68,798,998,105,1328,638,97,487,1445,234
1789: 1054,1658,130
1790: 
1791: 517,1618,689,312
1792: 1639,408,397,472,305,552,392,288,812,1319
1964: 1641,263,1841,1132,1159,632,1283,1544,1188,96,839,821,463,1805,393,482,454,1596
1794: 
2018: 1687,1929,916,935,1345,2003,1913,908,530,95,656,955
1796: 1239,899,641,817,1598,1578,1842,1533,888,630,354,245,1464,1510,1034,368,1083,439,999,181,1543,1364,1896,1936
1797: 
1798: 
1799: 1347,1597,1901,2013,1612,1495,1001,1546,375,1210,1467,1232,1029,1746,483,1853,1695
1800: 1437,165,991,1321,706,1123,409,1000,538,1064,1427,51,167,289
1801: 1848,430,667,384,17,873,1101,1348,1705,1416,1221,766,1640,1511
1802: 
1803: 862,179,1289,831,1551,968,1613,1832
1804: 
1805: 1641,263,1841,1132,1159,632,1544,1188,96,821,463,393,1964,482,454,1596
1806: 
1807: 1938,1338
1808: 939,1974,1212,806,1316,1336,711,1192,162
1809: 1579,776,710,556,1694,550,742,138,1410,1403,1290,134,1562,1454,1823
1810: 1738,449,893,1693,1163,152,1924,193,1548,941,476,1280,703,253
1811: 73,1042,1481,1157,1353,1888,258,480,768,892,332,1563,913,969
1812: 
1813: 215,807,1354,348,435,479,1455,900,113,1933,576,590
1814: 594,1824,1200,1998,549,1384,1420,1048,1529,481,106,1332,1895
1815: 690,570
1816: 31,1819,622,2007,1206,528,1431,41,1318,848,1151,450
1817: 1536,679,385
1818: 
1819: 31,1816,622,2007,1206,528,1431,41,1318,848,1151,450
1820: 1442,958,731,727,362,1821,942,1088,1526,1182,1173,909,1523,740
1821: 1820,1442,958,731,727,362,942,1088,1526,1182,1173,909,1523,740
1822: 1915,94,884,277,535,1940,1368
1823: 1579,776,710,556,1694,550,742,138,1410,1403,1290,134,1562,1454,1809
1824: 1814,594,1998,549,1384,1420,1529,481,106,1895
1825: 176,949,1948,1158,100,1892,1415,109,1140
1826: 699,108,438,1149,1954,870,456,269,122,582,613,1249,2015,460,521,272,1225,1309,1656,1565,1724
1827: 531,1557,697,631,1864,347,737
1828: 645,180,2011,1125,299,616,1572,1926,136,744,1581,1351,1952,489
1829: 1092,987,1700
1830: 
1831: 
1832: 968,1613,862,179,1289,831,1551,1803
1833: 1553,608,1733,1984,1669,1450,1894,1366,1362,1650,1711,808,300,285,414,251
1834: 
1835: 275,1859,1602,1593,652,1535,1180,1571,1504,135,894
1836: 1900,1858,185,56,1412,2004,55,889,252,1070,979
1837: 164
1838: 11,1528,690,606,570
1839: 592,730,1356,520,72,553
1840: 
1841: 1641,263,1132,1159,632,1283,1544,1188,96,839,821,463,1805,393,1964,482,454,1596
1842: 1239,899,641,1796,817,1598,1578,1533,888,630,354,245,1464,1510,1034,368,1083,439,999,181,1543,1364,1896,1936
1843: 
1844: 12,721,1645
1845: 85,739
1846: 313,171,755,1906,1291
1847: 1261,244,1308,98,1167,1382,674,434,1643,1411,791,327,1545,675,515,355
1848: 430,667,384,270,17,873,1101,1348,1705,1416,1221,1801,766,1640,1511
1849: 1490
1850: 1647,1522,738,1493,339,756,1869,857,274,1286,1055,813
1851: 874,334,1621,149,1349
1852: 1500,1040,1599,822,1866,266,1118,1060,1573,67,1161,1781,441
1853: 375,1210,1467,1232,1029,1746,483,1695,1347,1597,1901,2013,1612,1799,1495,1001,1546
1854: 
1855: 1292,373,1887,437,735,1202,1216,1078,1479,287,1014,607,247,1179,1623,1100,145,42,1721
1856: 1668,1430,448,402
1857: 1722
1858: 1900,1836,185,56,1412,2004,55,889,252,1070,979
1859: 275,1602,1593,1535,1180,1571,1835,1504,135,1740,894
1860: 160,1278,311,617,1102,1358,457,211,605,1459,1116,714,143,1716
1861: 
1862: 1075,1095,1181,99,1339,1424,578
1863: 759,1020
1864: 531,1557,697,1827,631,347,737
1865: 1586,777,1765,853,232,964,1944,206,1266,1379,1002,1387,511,825,785,358,1465
1866: 1500,1040,1599,822,1852,266,1118,1060,1573,67,1161,1781,441
1867: 
1868: 89,1021,748,411,1170,661,1446
1869: 1850,1647,1522,738,1493,339,756,857,274,1286,1055,813
1870: 
1871: 1566
1872: 
1873: 793,493
1874: 1333
1875: 120,1380,595,519,317,75,541,961,1665
1876: 175,357,1919,1172,1501,754,569,691,267,665,1388
1877: 713,1378,1314,1067,723,1605,1331,1580,416
1878: 
1879: 502,1135,153,1267,1928,1129,1752,542
1880: 352,1201,433,633,223,237,972,1750,1757,1198,8
1881: 
1882: 279
1883: 1538,1277,2006,1769,1503,44,1016,626,1096,872,1661,1230,1953,1258,1540,544,1273,1214,395,1786
1884: 
1885: 396,428,878,771,110,240,660,1022,1908
1886: 1300,208,413,1376,983,1237
1887: 1292,1855,373,1520,437,735,1202,1216,1078,1479,287,1014,607,247,1179,1623,1100,145,42,1721
1888: 73,1042,1481,1811,1157,1353,258,480,768,892,332,1563,913,969
1889: 934,2005,1521,262,1778,676,709,1037,2014,851,1470
1890: 1196,241,1920,61,618,349,546,359,1956,1574,60,10,1477,236,1591
1891: 256,918,1585,1407,1897,219,1269,1713,1748
1892: 176,949,1948,1158,100,1825,1415,109,1140,895
1893: 1942,509,1715,664,971,310,16,467,1293,1461
1894: 1553,608,1733,1984,1669,1450,1366,1362,1650,1711,808,300,1833,285,414,251
1895: 1048,1529,481,106,1332,1200,1998,549,1384,1420,1814,594,1824
1896: 1034,368,1083,439,999,181,1543,1364,1936,630,354,1239,899,641,1796,817,1598,1578,1842,1533,888,245,1464,1510
1897: 256,918,1585,1407,1891,219,1269,1713,1748
1898: 1254,278,864,1011,169,1460,28,295,91,960,1187,302,318
1899: 198,1363,589,444,329,1226,658,1104,1989,446,1456,1921,719,104,1589,378,666,954,1190
1900: 1836,1858,185,56,1412,2004,55,889,252,1070,979
1901: 1347,1597,2013,1612,1799,1495,1001,1546,375,1210,1467,1232,1029,1746,483,1853,1695
1902: 1344,427,673,126,1028,1032,1044,865
1903: 
1904: 836,1023,1441,1542,1234,1392,372,1444,1967,1057,1979,891
1905: 
1906: 171,755,1291,1846,313
1907: 
1908: 38,396,428,1885,878,771,110,240,660,1022
1954: 699,108,438,1149,870,456,269,122,582,613,1249,2015,460,521,272,1225,1309,1656,1565,1826,1724
1910: 620,1554,875,930,1250,146,1169,48,451,1931,322
1911: 473,1203,1653,1302,1335,187,1708,795,1288
1912: 698,132,1710
1913: 1687,1929,916,935,1345,2018,2003,908,530,95,656,955
1914: 
1915: 94,884,277,1822,535,1940,1692,1368
1916: 907,387,573,1990
1917: 1582,1386,1395,1741,920,1357,1174,178
1918: 1114,1552,92
1919: 1876,175,357,1172,1501,754,569,691,1272,267,665,242,1388
1920: 1196,241,61,1890,618,349,546,359,1956,1574,10,1477,236,1591
1921: 198,1363,589,444,329,1226,658,1899,1104,1989,446,1456,719,104,1589,378,666,954,1190
1922: 
1923: 
1924: 1738,449,893,1693,1163,152,193,1548,941,476,1280,1810,703,253
1925: 905
1926: 645,180,2011,1125,299,616,1572,136,744,1581,1828,1351,1952,489
1927: 14,76
1928: 502,1879,1135,153,1267,1129,1752,542
1929: 1687,916,935,1345,2018,2003,1913,908,530,95,656,955
1930: 
1931: 620,1554,875,930,1250,146,1169,1910,451,322
1932: 
1933: 113,1068,576,590,215,807,1354,348,435,479,1813,1455,900
1975: 1530,335,1691,876,1736,1419,1583,564
1935: 273,1996,1399,324,140,2017,301,1115,866,2019,750,325,1365,1246,1369,1433
1936: 1034,368,1083,439,999,181,1543,1364,1896,630,354,1239,899,641,1796,817,1598,1578,1842,1533,888,245,1464,1510
1937: 1462,1393,78
1938: 1807,1338
1939: 2008,1385,343,686,1559,353,624,53,2001,1398,64,1050,883,36
1940: 1915,94,884,277,1822,535,1692,1368
1941: 688,477,1166
1942: 509,1715,664,971,310,1893,16,257,467,1298,1293,1461
1943: 
1944: 1586,777,1765,853,232,964,206,1266,1379,1002,1387,511,825,1865,785,358,1465
1945: 1680
1946: 
1947: 
1948: 176,949,1158,100,1825,1892,1415,109,1140
1949: 