0: 1256,1611
1: 
2: 580,1124,1555,1749,364,924,911,898,712,1491,2002,1220,1110,1498,513,248,367,527,615,1776
3: 948,1360,1085,291
4: 455,587
5: 157,1394,1474,485,90,429,124,1994
6: 923,1756,58,497,792,1502
7: 832,1240,1297,1091,1311,1065,1594,1142,254,417
8: 972,1757,237,1750,223,1880,433,1201
9: 1452,919,246,415,558,1113
10: 349,1920,241,1574,61,1956,546
11: 606,1528,690,1838,1317,570
12: 1768,1440
13: 191,495,1659
14: 1238,1560,1112
15: 1932,834,1143
16: 664,1293,509,310,1461,1298,467,257,1601,1893,1715,971
17: 1640,1511,1416,384,1801,270,873,667,1101,430,1848,1221,766
1986: 1449,773,1049,65
19: 
20: 70,842,732,1171,1624,155,890,1588,718,1617,1130,904
21: 1097,695,946
22: 
23: 
24: 1296,2009,196,1148,1499
25: 1429
26: 962,957,340,386,192,518,218,1973,600,204
1988: 399,199,188
28: 302,1254,1187,318,1011,295,91,1165,169,278
29: 
30: 1730,819,539,1342,1703,914
31: 1431,1318,528,1819,1816,1206,1151,2007,622,450,41,848
32: 
33: 1219,774,182,221,202,746,548,46,1636,896
34: 133,474,1616
35: 
36: 1050,2001,53,343,883,2008,624,1398,1939,686,64,353
37: 1568,529,144,805
38: 110,660,240,878,771,1908,1022,396,1885,428
39: 419,1047,1622,377,184,657,514,959
40: 71,309,1421,425,525,1271,1818,994,148
41: 1431,1318,528,31,1819,1816,1206,1151,2007,622,450,848
42: 1100,1078,1202,1623,287,1216,1887,1292,1855,145,607,1520,247,1014,437,1479,373,735
43: 1215,599,199,188
44: 1661,1883,1769,544,1016,1786,1230,395,2006,626,1540,1503,1273,1214,1096
45: 401,1186,1515,1972,365,227,925,197,510,1389,1343,1423,804,1517
46: 746,548,221,202,1219,774,33,182,1636,896
47: 1618
48: 1888
49: 1051,1592
50: 1763,400,1706,1480,921,1561,249,1295,715,87,1061,1962,1144,967,783,1235
51: 1321,1064,991,706,1800,1123,538,167,1427,409,289,165,1437
52: 680,1071,2012,499,1770,677,486
53: 1050,2001,343,883,2008,624,1398,36,1939,686,64,353
54: 545,1950,1463
55: 
56: 2004,979,889,1900,1836,1412,1070,185,1858
57: 1134
58: 923,6,1756,497,792,1502
59: 150,650,818,1662,1652,1312,1684,440,1717,985
60: 1890,236,359,1591,618,1196,1477
61: 1956,546,349,1920,241,10,1574
62: 
63: 
64: 1050,2001,53,343,883,2008,624,1398,36,1939,686,353
65: 1449,773,1986,1049
66: 1233,201,1072
67: 1500,1161,1866,1060,1118,1852,1781,266,1573,441,1040
68: 1119,264,638,1211,1445,998,1435,88,1638,333,105,1328,1564,1370,97,1406,534,487,1275,1788,214,234,1648,943
69: 1762
70: 20,842,732,1171,1624,155,890,1588,718,1617,1130,904
71: 309,1421,425,525,40,1271,1818,994
72: 1839,553,1356,730,520,592
73: 1353,480,1042,1481,892,768,332,1563,1157,913,1811
74: 1217,1849,621
75: 541,1875,120,961,1380,1665,317,519
76: 
77: 885,1487,978,507,1671,835,307
78: 1531,779,1937,1462,1393
79: 298,944
80: 
81: 
82: 1657,1156,572
83: 
84: 
85: 739
86: 222,559
87: 1763,400,1706,1480,50,921,1561,249,1295,715,1061,1962,1144,967,783,1235
88: 264,638,1211,1445,998,1435,1638,68,333,105,1328,1370,97,1406,534,487,1275,214,234,1648,943
89: 1868,748,1478,661,411,1446
90: 157,5,1394,1474,485,429,124,1994
91: 302,1254,1187,318,1011,295,1165,169,28,278
92: 867,1552
93: 
94: 1940,1915,884,535,1692,1822
95: 2018,916,656,1345,1929,2003,530,935,908,955,1913
96: 1641,1805,1596,1544,1188,1132,1159,393,482,1283,821,1841,1964,454,839,632,263,463
97: 1119,264,638,1211,1445,998,1435,88,1638,68,333,105,1328,1564,1370,1406,534,487,1275,1788,214,234,1648,943
98: 
99: 671
100: 109,1825,1892,1140,1158,1948,1415,895,949,176
101: 1577,1960,424,682,323,1228,788
102: 1105,775
103: 1644,1320,1243,1743,125,1737,1620,1428
104: 1190,954,589,329,444,1899,446,198,1456,658,1921,719,1226,1989
105: 1119,264,638,1211,1445,998,1435,88,1638,68,333,1328,1564,1370,97,1406,534,487,1275,1788,214,234,1648,943
106: 1824,1895,481,1529,1814,1332,1200,1384,1048,1998,1420,594
107: 512,522,230,380,787,610,1755,1981,174,1590,591,1145,1005,491,154
108: 613,870,1249,521,122,1309,460,1656,2015,1724,1565,1149,1225,456,438,699,1954,582
109: 100,1825,1892,1140,1158,1948,1415,895,949,176
110: 660,240,878,771,38,1908,1022,396,1885,428
111: 
112: 
113: 1455,348,215,1933,807,576,900,590
114: 1846,313,171,755
115: 
116: 
117: 
118: 966,1764,190,887,1689,763,694,177,829
1985: 844,693,1780,662,492,988,1632,468,837,770
120: 541,1875,75,961,1380,1665,317,519
121: 810,802,627,1534,1457,166,1980,1745
122: 613,870,108,1249,521,1309,460,1656,2015,1724,1565,1149,1225,456,438,699,1954,582
123: 
124: 157,5,485,90,429
125: 1243,1743,1737,1620,1428,1644,1320,103
126: 366,1902,865,970,649,1044,1028,1251,1720
127: 394,1660
1994: 157,5,1394,1474,485,90,429
129: 705,1168,1451,1951,601,271,910,1675
130: 156,1138,1658
131: 1177
132: 
133: 34,474,1616
134: 556,1579,1290,1562,1410,742,710,1823,1809,1454,138,1694,550,1403
135: 275,1593,1571,652,1535,1740,1859,1835,1504,1602,894
136: 489,1926,616,744,645,2011,1125,1952,180,1351,1581,1828
137: 
138: 1694,550,1403,710,1823,1809,1454,556,1579,1290,1562,1410,134,742
139: 811,1556,158,1469,1963,173,681,496
140: 301,2017,2019,273,1365,1399,1433,1115,1369,1246,750,866,1935,325
141: 
142: 845,2000,536,554,207,1576,1350,882
143: 1860,1278,617,1116,211,714,1358,311,1459
144: 805,37,1568,529
145: 1100,1078,1202,1623,287,42,1216,1887,1292,1855,607,1520,247,1014,437,1479,373,735
146: 620,930,1910,1169,1931,322
147: 1482,687,1080
148: 309,525,40
149: 
150: 650,818,1662,1652,59,1312,1684,440,1717,985
151: 
152: 1924,476,1693,893,1280,1810,941,1548
153: 1928,1722,1879,1135,542,1857,1129
154: 512,230,787,610,1755,1981,174,1590,591,1145,107,1005,491
155: 1624,890,1588,718,1617,1130,904,20,70,842,732,1171
156: 1138,130,1658
157: 5,1394,1474,485,90,429,124,1994
158: 811,139,1556,1469,1963,173,681,496
159: 
160: 
161: 
162: 1808,939,711,1336,1974,1316,1333,1192,1212
2017: 140,301,2019,273,1365,1399,1433,1115,1369,1246,750,866,1935,325
164: 
165: 1321,1064,991,706,1800,1123,538,51,167,1427,409,289,1437
166: 810,802,627,121,1534,1457,1980,1745
167: 1321,1064,991,706,1800,1123,538,51,1427,409,289,165,1437
168: 1707,701
169: 302,1254,1187,318,1011,295,91,1165,28,278
170: 1476,1058,850,786
171: 755,1846,313,114
172: 
173: 1963,681,811,139,1556,158,1469,496
174: 512,522,230,380,787,610,1755,1981,1590,591,1145,107,1005,491,154
175: 1876,242,754,1272,357,1501,569,1919,267,1172,665,490,691
176: 100,109,1825,1892,1158,1948,1415,895
177: 966,1764,190,887,1689,763,118,694,829
178: 879
179: 1803,1832,831,968,1551,862,1613
180: 489,1926,616,744,645,136,2011,1125,1952,1351,1581,1828
181: 899,1896,245,1543,1936,888,1578,1083,630,1239,1598,439,1842,1364,641,1533,1034,817,1510,354,368,1796,1464
182: 1219,774,33,221,202,746,548,46,1636,896
183: 
184: 419,39,1047,1622,377,657,514,959
185: 2004,979,889,1900,1836,1412,1070,56,1858
186: 1670,1263,1086,1209,470,1766,320
187: 473,1006,1335,1203,734
188: 399,1988,199,1215,43,599
189: 1727,596,286
190: 966,1764,887,1689,763,118,694,177,829
191: 13,495,1659
192: 962,26,957,340,386,518,218,1973,600,204
193: 1924,476,1693,893,1280,1810,941,1548
194: 611,276,1381,1646,1409,651,1471,765,406
195: 922
196: 24,1296,2009,1148,1499
197: 227,925,510,1389,1343,1423,804,1517,401,1186,45,1515,1972,365
198: 1190,954,589,104,329,444,1899,446,1456,658,378,1104,1921,719,1226,1989
199: 399,1988,188,43,599
200: 1354,1195,296
201: 1233,1072,66
202: 221,1219,774,33,182,746,548,46,1636,896
203: 1036,1223,669
204: 218,1973,1244,600,26,957,340,386,192,518
205: 382,947,1688,421,1073,1160,937,1674,986,1773,1575,1417,1508,1633
206: 1765,964,853,511,785,1266,1465,777,1865,1944,1586,825,1379,1002,1387
207: 845,2000,142,536,554,1576,1350
208: 1300,983,1376,1237,413
209: 1001,830,1559,1385
210: 1642
211: 143,1860,1278,617,1116,714,1358,311,1459
212: 447
213: 1242,532,781,1782,642
214: 1119,264,638,1211,1445,998,1435,88,1638,68,333,105,1328,1564,1370,97,1406,534,487,1275,1788,234,1648,943
215: 1455,348,1933,113,807,576,900,590
216: 1570,1907,567
217: 861,388
218: 1973,1244,600,204,26,957,340,386,192,518
219: 1269,1891,918,256,1748,1585,1407,1897
220: 1087,1026,524,1205,1281,1787,1785,841,1425,880,1550
221: 202,1219,774,33,182,548,46,1636,896
222: 559,86
223: 1880,433,1201,972,8,1757,237,1750
224: 
225: 1697,840,1914
1980: 810,802,627,121,1534,1457,166,1745
227: 925,197,510,1389,1343,1423,804,1517,401,1186,45,1515,1972,365
228: 2016,281,1007,1008
229: 1175,1030,555,995,279
230: 512,522,380,787,610,1755,1981,174,1590,591,1145,107,1005,491,154
231: 1120,1068
232: 358
233: 1284,790,973,1207,1340,1307,303
234: 1119,264,638,1211,1445,998,1435,88,1638,68,333,105,1328,1564,1370,97,1406,534,487,1275,1788,214,1648,943
235: 341
236: 1890,359,1591,618,1196,60,1477
237: 972,8,1757,1750,223,1880,433,1201
238: 
239: 533,1558
240: 110,660,878,771,38,1908,1022,396,1885,428
241: 349,1920,10,1574,61,1956,546
242: 1876,175,754,1272,357,1501,569,1919,267,1172,665,490,691
243: 1257,1725,1532
244: 675,1167,1308,1261,355,327,1545
245: 1896,1543,1936,888,1578,1083,630,1239,1598,181,899,439,1842,1364,641,1533,817,1510,354,368,1796,1464
246: 1452,919,9,415,558,1113
247: 1100,1078,1202,1623,287,42,1216,1887,1292,1855,145,607,1520,1014,437,1479,373,735
248: 1220,1082,1110,1498,513,367,527,615,1776,580,1124,1555,1749,364,2,924,911,898,712,1491,2002
249: 1763,400,1706,1480,50,921,1561,1295,715,87,1061,1962,1144,967,783,1235
250: 
251: 1650,1894,285,1362,608,1833,1984,414,1711,1553,1669,1450
252: 
253: 
254: 832,1240,1297,1091,1311,1065,268,1594,7,1142,417
255: 
256: 1269,1891,918,1748,219,1585,1407,1897
257: 664,1293,509,16,310,1461,1298,467,1601,1893,1715,971
258: 1945,1655,442
2015: 613,870,108,1249,521,122,1309,460,1656,1724,1565,1149,1225,456,438,699,1954,582
260: 431,458,504,1126,1325,784,331
261: 1701
262: 2014,1889,1521,851,709,934,1037,1470,2005,676
263: 463,1641,1805,1596,96,1544,1188,1132,1159,393,482,1283,821,1841,1964,839,632
264: 1119,638,1211,1445,998,1435,88,1638,68,333,105,1328,1564,1370,97,1406,534,487,1275,1788,214,234,1648,943
265: 
266: 1118,1852,1781,1573,441,1040,1500,1161,1866,67,1060
267: 1501,569,1919,1172,665,490,691,1876,175,242,754,1272,357
268: 832,1240,1091,1311,1065,1594,1142,254,417
269: 1826
270: 1640,1511,1416,384,17,1801,873,667,1705,1348,1101,430,1848,1221,766
271: 705,1168,1451,1951,601,910,1675,129
272: 
273: 140,301,2017,2019,1365,1399,1433,1115,1369,1246,750,866,1935,325
274: 756,1055,1522,1850,339,1869,1286
275: 1593,1571,652,1535,135,1740,1859,1835,894
276: 611,1381,1646,1409,651,194,1471,765,406
277: 535,1692,1368
278: 302,1254,1187,318,1011,295,91,1165,169,28
279: 1175,555,995,229
280: 
281: 2016,228,1007,1008
282: 1735,1630,1301,1686,1627,1208,814,516,584,1690,797,586,469
283: 1430,1856
284: 
285: 1650,1894,1362,608,1833,251,1984,414,1711,1553,1669,1450
286: 1727,596,189
287: 1100,1078,1202,1623,42,1216,1887,1292,1855,145,607,1520,247,1014,437,1479,373,735
288: 812,1639,305,392,1319,552,408,397,1792
289: 1321,1064,991,706,1800,1123,538,51,167,1427,409,165,1437
290: 
291: 948,1360,3,1085
292: 
293: 
294: 1516,383
295: 302,1254,1187,318,1011,91,1165,169,28,278
296: 200,1195
297: 
298: 79,944
299: 623,1884
300: 1696,351
301: 140,2017,2019,273,1365,1399,1433,1115,1369,1246,750,866,1935,325
302: 1254,1187,318,1011,295,91,1165,169,28,278
303: 1307,1284,790,973,1207,1340,233
304: 992
305: 288,812,1639,392,1319,552,408,397,1792
306: 953
307: 1487,978,507,1671,77,835
308: 
309: 71,1421,525,40,1271,1818,994,148
310: 664,1293,509,16,1461,1298,467,257,1893,1715,971
311: 143,1860,1278,617,1116,211,714,1358,1459
312: 
313: 1846,114,171,755
314: 432,462,537,745,1494,1139,1019,931
315: 
316: 1069,337,1052,418,1625,846,583
317: 541,75,120,961,1380,1665,519
318: 302,1254,1187,1011,295,91,1165,169,28,278
319: 1367,361,1472,1634,1063
320: 1209,470,1766,1670,186,1263,1086
321: 382,947,1688,1073,1160,937,1674,1575,1417,1508,1633
322: 930,1250,1910,1554,451,875,1169,1931,620,146
323: 1577,1960,424,682,1228,788,101
324: 
325: 140,301,2017,2019,273,1365,1399,1433,1115,1369,1246,750,866,1935
326: 654,1957,1313
327: 791,1261,355,1545,675,1167,244,1308
328: 1339,1075,1862,1424,578,1095,1181
329: 1190,954,589,104,444,1899,446,198,1456,1589,658,378,1104,1921,719,1226,1989
330: 1718,977
331: 431,458,504,1126,260,1325,784
332: 1353,480,1042,1481,892,768,1563,73,1157,913,1811
333: 1119,264,638,1211,1445,998,1435,88,1638,68,105,1328,1564,1370,97,1406,534,487,1275,1788,214,234,1648,943
334: 1349,874,1851,1922,1621
335: 1530,1583,1736,1975,1419,927,494,564,1691
336: 
337: 1069,1052,418,1625,316,846,583
1992: 604,1631,950,1982,1402,901,747
339: 756,1055,274,1522,1850,1869,1286
340: 962,26,957,386,192,518,218,1973,600,204
341: 235
342: 1315,379,906,478,1422,1754,799,668,928
343: 1050,2001,53,883,2008,624,1398,36,1939,64,353
344: 
345: 640,561,1176,475,1683
346: 
347: 631,1827,737,1021,697
348: 1455,215,1933,113,807,576,900,590
349: 1920,241,10,1574,61,1956,546
350: 1829,635,1584
351: 300,1696
352: 
353: 1050,2001,53,343,883,2008,624,1398,36,1939,686,64
354: 439,1842,1364,641,1533,1034,817,1510,368,1796,1464,1896,245,1543,1936,1578,1083,630,1239,1598,181,899
355: 1261,327,1545,675,1167,244,1308
1982: 604,1631,950,1402,901,1992,747
357: 1876,175,242,754,1272,1501,569,1919,267,1172,665,490,691
358: 232
359: 1890,236,1591,618,1196,60,1477
360: 
361: 1472,319,1367,1634,1063
362: 1088,1820,958,1523,1182,1442,1821,1173,740,727,942,731,909
363: 1090
364: 580,1124,1555,1749,2,924,911,898,712,1491,2002,1220,1082,1110,1498,513,248,367,527,615,1776
365: 401,1186,45,1515,1972,227,925,197,510,1389,1343,1423,804,1517
366: 1902,865,126,970,649,1044,1028,1251,1720
367: 1220,1082,1110,1498,513,248,527,615,1776,580,1124,1555,1749,364,2,924,911,898,712,1491,2002
368: 439,1842,1364,641,1533,1034,817,1510,354,1796,1464,1896,245,1543,1936,888,1578,1083,630,1239,1598,181,899
369: 
370: 412,1004
371: 
372: 1444,1967,1441,1542,1979,1392,836,1023,891,1904,1057,1234
373: 1100,1078,1202,1623,287,42,1216,1887,1292,1855,145,607,1520,247,1014,437,1479,735
374: 484,1013,997
375: 1029,1495,1210,1901,1695,1853,2013,1597,1546,483,1232,1799,1347,1746,1467,1612
376: 
377: 419,39,1047,1622,184,657,514,959
378: 1190,954,589,329,444,1899,446,198,1456,1589,658,1104,1921,719,1226,1989
379: 1315,906,478,1422,342,1754,799,668,928
380: 512,522,230,787,610,1755,1981,174,1590,591,107,1005,491
381: 
382: 947,1688,421,1073,321,1160,937,1674,986,1773,1575,205,1417,1508,1633
383: 1516,294
384: 1640,1511,1416,17,1801,270,873,667,1348,1101,430,1848,1221,766
385: 1817,1536,704,886
386: 962,26,957,340,192,518,218,1973,1244,600,204
387: 
388: 861,217
389: 
390: 1162
391: 
392: 288,812,1639,305,1319,552,408,397,1792
393: 1641,1805,1596,96,1544,1188,1132,1159,482,1283,821,1841,1964,454,839,632,263
394: 127,1660
395: 1661,1883,1769,544,1016,1786,1230,2006,626,1540,44,1503,1273,1214,1096
396: 110,660,240,878,771,38,1908,1022,1885,428
397: 1792,288,812,1639,305,392,1319,552,408
398: 
399: 1988,199,188
400: 1763,1706,1480,50,921,1561,249,1295,715,87,1061,1962,1144,967,783,1235
401: 1186,45,1515,1972,365,227,925,197,510,1389,1343,1423,804,1517
402: 448,1798,1227
1979: 1444,1967,1441,1542,1392,836,1023,372,891,1904,1057,1234
404: 
405: 1797
406: 765,611,276,1381,1646,1409,651,194,1471
407: 1355,581,847,984,629,720,551,1666
408: 288,812,1639,305,392,1319,552,397,1792
409: 1321,1064,991,706,1800,1123,538,51,167,1427,289,165,1437
410: 912,562,526,1525,929,1447,1448
411: 1868,748,89,1478,661,1446
412: 370,1004
413: 1886,1237,1300,208,983,1376
414: 1650,1894,285,608,1833,251,1984,1711,1553,1669,1450
415: 1452,919,246,9,558,1113
416: 1067,1877,1580,713,1314,723,1605,1378,1331
417: 832,1240,1297,1091,1311,1065,268,1594,7,1142,254
418: 1069,337,1052,1625,316,583
419: 39,1047,1622,377,184,657,514,959,1774
420: 
421: 382,947,1688,1073,1160,937,1674,986,1773,205,1417,1508,1633
422: 
423: 
424: 1577,1960,682,323,1228,788,101
425: 71,1421,525,40,1271,1818,994
426: 
427: 673
428: 110,660,240,878,771,38,1908,1022,396,1885
429: 157,5,1394,1474,485,90,124,1994
430: 1640,1511,1416,384,17,1801,270,873,667,1705,1348,1101,1848,1221,766
431: 458,504,1126,260,1325,784,331
432: 462,537,745,314,1494,1139,1019,931
433: 223,1880,1201,972,8,1757,237,1750
434: 1411,1847,1443,1164,515,1382,674
435: 782
436: 
437: 1100,1078,1202,1623,287,42,1216,1887,1292,1855,145,607,1520,247,1014,1479,373,735
438: 1565,1149,1225,456,699,1954,582,613,870,108,1249,521,122,1309,460,1656,2015,1724
439: 1842,1364,641,1533,1034,817,1510,354,368,1796,1464,1896,245,1543,1936,888,1578,1083,630,1239,1598,181,899
440: 150,650,818,1662,1652,59,1312,1684,1717,985
441: 1118,1852,1781,266,1573,1040,1500,1161,1866,67,1060
442: 1945,1680,1655,258
443: 452,1629
444: 1190,954,589,104,329,1899,446,198,1456,1589,658,378,1104,1921,719,1226,1989
445: 
446: 1190,954,589,104,329,444,1899,198,1456,1589,658,378,1104,1921,719,1226,1989
447: 212,1015
448: 402,1798,1227
449: 
450: 1431,1318,528,31,1819,1816,1206,1151,2007,622,41,848
451: 930,1250,1910,1554,875,1169,322
452: 443,1629
453: 
454: 1641,1805,1596,96,1188,1132,1159,393,482,1283,821,1841,1964,839,632
455: 4,1255,587
456: 1565,1149,1225,438,699,1954,582,613,870,108,1249,122,1309,460,1656,2015,1724
457: 1716,1102,605
458: 431,504,1126,260,1325,784,331
459: 
460: 613,870,108,1249,521,122,1309,1656,2015,1724,1565,1149,1225,456,438,699,1954,582
461: 1831
462: 432,537,745,314,1494,1139,1019,931
463: 263,1641,1805,1596,96,1544,1188,1159,482,1283,821,1841,1964,839,632
464: 
465: 1248
2016: 281,228,1007,1008
467: 664,1293,509,16,310,1461,1298,257,1601,1893,1715,971
468: 1780,662,492,988,1632,837,770,1985,844,693
469: 1208,814,516,584,1690,797,586,1735,1630,1301,1686,1627,282
470: 1209,1766,320,1670,186,1263,1086
471: 
472: 
473: 187,1006,1335,1203,734
474: 133,34,1616
475: 1683,640,561,1176,345
476: 1924,152,1693,893,1280,1810,941,1548,193
477: 1496
478: 1315,379,906,1422,342,1754,799,668,928
479: 
480: 1353,1042,1481,892,768,332,1563,73,1157,913,1811
481: 1824,1895,1529,1814,1332,1384,106,1048,1998,1420,594
482: 1641,1805,1596,96,1544,1188,1132,1159,393,1283,821,1841,1964,454,839,632,263,463
483: 2013,1597,1546,1232,1799,1347,1746,1467,1612,1853,1029,1495,1210,1901,1695,375
484: 1013,997,374
485: 157,5,1394,1474,90,429,124,1994
486: 52,680,1071,2012,499,1770,677
487: 1119,264,638,1211,1445,998,1435,88,1638,68,333,105,1328,1564,1370,97,1406,534,1275,1788,214,234,1648,943
488: 1898
489: 1926,616,744,645,136,2011,1125,1952,180,1351,1581,1828
490: 1501,569,1919,267,1172,665,691,1876,175,242,754,1272,357
491: 512,522,230,380,787,610,1755,1981,174,1590,591,1145,107,1005,154
492: 1780,662,988,1632,468,837,770,1985,844,693
493: 1873
494: 1530,1583,1736,1975,1419,335,927,564,1691
495: 191,13,1659
496: 173,681,811,139,1556,158,1469
497: 923,6,1756,58,792,1502
498: 
499: 52,680,1071,2012,1770,677,486
500: 1991,1438
501: 
502: 1752,625,1334,1267
503: 
504: 431,458,1126,260,1325,784,331
505: 
1997: 1677,1672,523
507: 885,1487,978,1671,77,835,307
508: 
509: 664,1293,16,310,1461,1298,467,257,1893,1715,971
510: 227,925,197,1389,1343,1423,804,1517,401,1186,45,1515,1972,365
511: 853,785,1266,1465,777,1865,1944,1586,825,1379,1002,1387,1765,964,206
512: 522,230,380,787,610,1755,1981,174,1590,591,1145,107,1005,491,154
513: 1220,1082,1110,1498,248,367,527,615,1776,580,1124,1555,1749,364,2,924,911,898,712,1491,2002
514: 419,39,1047,1622,377,184,657,959,1774
515: 1164,1382,674,1411,1847,1443,434
516: 1208,814,584,1690,797,586,469,1735,1630,1301,1686,1627,282
517: 
518: 962,26,957,340,386,192,218,1973,600,204
519: 541,75,120,961,1380,1665,317
520: 1839,553,1356,730,72,592
521: 613,870,108,1249,122,1309,460,1656,2015,1724,1565,1149,1225,438,1954,582
522: 512,230,380,787,610,1755,1981,174,1590,591,1145,107,1005,491
523: 1677,1672,1997
524: 1087,1026,1205,1281,1787,1785,841,1425,220,880,1550
525: 71,309,1421,425,40,1271,1818,994,148
526: 912,562,929,1447,410
527: 1220,1082,1110,1498,513,248,367,615,1776,580,1124,1555,1749,364,2,924,911,898,712,1491,2002
528: 1431,1318,31,1819,1816,1206,1151,2007,622,450,41,848
529: 37,1568,144,805
530: 2018,916,656,1345,1929,95,2003,935,908,955,1913
531: 915
532: 1242,781,1782,213,642
533: 239,1558
534: 1119,264,638,1211,1445,998,1435,88,1638,68,333,105,1328,1564,1370,97,1406,487,1788,214,234,1648,943
535: 1692,1822,277,1368,1940,1915,94
536: 845,2000,142,554,207,1576,1350,882
537: 432,462,745,314,1494,1139,1019,931
538: 1321,1064,991,706,1800,1123,51,167,1427,409,289,165,1437
539: 1730,819,30,1342,1703,914
540: 
541: 1875,75,120,961,1380,1665,317,519
542: 153,1928,1722,1879,1135,1857,1129
543: 
544: 1661,1883,1769,1016,1786,1230,395,2006,626,1540,44,1503,1273,1214,1096
545: 54,1950,1463
546: 61,1956,349,1920,241,10,1574
547: 996,1103
548: 746,46,221,202,774,33,182,1636,896
549: 
550: 138,1694,1403,710,1454,556,1579,1290,1562,1410,134,742
551: 1355,581,847,984,629,407,720,1666
552: 288,812,1639,305,392,1319,408,397,1792
553: 1839,1356,730,72,520,592
554: 845,2000,142,536,207,1576,1350,882
555: 1175,1030,995,229,279
556: 1579,1290,1562,1410,134,742,710,1823,1809,1454,138,1694,550,1403
557: 772,1673,679,1619
558: 1452,919,246,9,415,1113
559: 222,86
560: 1081,1053
561: 640,1176,345,475,1683
562: 912,526,1525,929,1447,410,1448
563: 1012,1324
564: 1530,1583,1736,1975,1419,335,927,494,1691
565: 
566: 1224
567: 1570,1907,216
568: 1606,685,1253,843,1093,588,1663
569: 1501,1919,267,1172,665,490,691,1876,175,242,754,1272,357
570: 606,1528,690,1838,11,1317
571: 
572: 82,1657,1156
573: 
574: 
575: 
576: 1455,348,215,1933,113,807,900,590
577: 
578: 328,1339,1075,1862,1424,1095,1181
579: 
580: 1124,1555,1749,364,2,924,911,898,712,1491,2002,1220,1082,1110,1498,513,248,367,527,615,1776
581: 1355,847,984,629,407,720,551,1666
582: 1565,1149,1225,456,438,699,1954,613,870,108,1249,521,122,1309,460,1656,2015,1724
583: 1069,337,1052,418,1625,316,846
584: 1208,814,516,1690,797,586,469,1735,1630,1301,1686,282
585: 
586: 1208,814,516,584,1690,797,469,1735,1630,1301,1686,1627,282
587: 1255,4,455
588: 1606,685,1253,843,1093,568,1663
589: 1190,954,104,329,444,1899,446,198,1456,658,378,1921,719,1226,1989
590: 1455,348,215,1933,113,807,576,900
591: 512,522,230,380,787,610,1755,1981,174,1590,1145,107,1005,491,154
592: 1839,553,1356,730,72,520
593: 1807
594: 1824,1895,481,1529,1814,1332,1200,1384,106,1048,1998,1420
595: 
596: 1727,189,286
597: 
2013: 1597,1546,483,1232,1799,1347,1746,1467,1612,1853,1029,1495,1210,1901,1695,375
599: 1215,43,199,188
600: 218,1973,1244,204,26,957,340,386,192,518
601: 705,1168,1451,1951,271,910,1675,129
602: 
603: 
604: 1631,950,1982,1402,901,1992,747
605: 1716,1102,457
606: 1528,690,1838,11,1317,570
607: 1100,1078,1202,1623,287,42,1216,1887,1292,1855,145,1520,247,1014,437,1479,373,735
608: 1650,1894,285,1362,1833,251,1984,414,1711,1553,1669,1450
609: 1204,1310
610: 512,522,230,380,787,1755,1981,174,1590,591,1145,107,1005,491,154
611: 276,1381,1646,1409,651,194,1471,765,406
612: 
613: 870,108,1249,521,122,1309,460,1656,2015,1724,1565,1149,1225,456,438,699,1954,582
614: 
615: 1220,1082,1110,1498,513,248,367,527,1776,580,1124,1555,1749,364,2,911,898,712,1491,2002
616: 489,1926,744,645,136,2011,1125,1952,180,1351,1581,1828
617: 143,1860,1278,1116,211,714,1358,311,1459
618: 1890,236,359,1591,1196,60,1477
619: 1194,1276
620: 146,930,1910,1554,875,1169,1931,322
621: 74,1217,1849,815
622: 1431,1318,528,31,1819,1816,1206,1151,2007,450,41,848
623: 299,1884
624: 1050,2001,53,343,883,2008,1398,36,1939,686,64,353
625: 1752,1334,1267,502
626: 1661,1883,1769,544,1016,1786,1230,395,2006,1540,44,1503,1273,1214,1096
627: 810,802,121,1534,1457,166,1980
628: 
629: 1355,581,847,984,407,720,551,1666
630: 1936,888,1578,1083,1239,1598,1896,245,1543,181,899,439,1842,1364,641,1533,1034,817,1510,354,368,1796,1464
631: 347,1827,737,1021,697
632: 1641,1805,1596,96,1544,1188,1132,1159,393,482,1283,821,1841,1964,454,839,263,463
633: 
634: 
635: 1584,350,1829
636: 1518
637: 
638: 1119,264,1211,1445,998,1435,88,1638,68,333,105,1328,1564,1370,97,1406,534,487,1275,1788,214,234,1648,943
639: 
640: 561,1176,345,475,1683
641: 439,1842,1364,1533,1034,817,1510,354,368,1796,1464,1896,245,1543,1936,888,1578,1083,630,1239,1598,181,899
642: 1242,532,781,1782,213
643: 1111,1490,1969,683
644: 
645: 489,1926,616,744,136,2011,1125,1952,180,1351,1581,1828
1984: 1650,1894,285,1362,608,1833,251,414,1711,1553,1669,1450
647: 
648: 
649: 366,1902,865,126,1044,1028,1251
650: 150,818,1662,1652,59,1312,1684,440,1717,985
651: 611,276,1381,1646,1409,194,1471,406
652: 275,1180,1593,1571,1535,135,1740,1859,1835,1504,1602,894
653: 
654: 326,1957,1313
655: 
656: 2018,916,1345,1929,95,2003,530,935,908,955,1913
657: 419,39,1047,1622,377,184,514,959
658: 1190,954,589,104,329,444,1899,446,198,1456,1589,378,1921,719,1226,1989
659: 
660: 110,240,878,771,38,1908,1022,396,1885,428
661: 748,89,1478,411,1446
662: 1780,492,988,1632,468,837,770,1985,844,693
663: 
664: 1293,509,16,310,1461,1298,467,257,1601,1893,1715,971
665: 1501,569,1919,267,1172,490,691,1876,175,242,754,357
666: 1751,1136
667: 1640,1511,1416,384,17,1801,270,873,1705,1348,1101,430,1848,1221,766
668: 1315,379,906,478,1422,342,1754,799,928
669: 1223,1036,203
670: 
671: 99
672: 
673: 427
674: 1164,515,1382,1411,1847,1443,434
675: 1167,244,1308,791,1261,355,327,1545
676: 1470,2005,2014,1889,1521,851,262,709,934,1037
677: 52,680,1071,2012,499,1770,486
678: 1400,1538
679: 772,557,1673,1619
680: 52,1071,2012,499,1770,677,486
681: 1963,173,139,1556,158,1469,496
682: 1577,1960,424,323,1228,788,101
683: 1969,1111,1490,643,871
684: 
685: 1606,1253,843,1093,568,588,1663
686: 1050,2001,53,883,2008,624,1398,36,1939,64,353
687: 1482,147,1080
688: 1603,1166,1941
689: 
690: 606,1528,1838,11,1317,570
691: 1501,569,1919,267,1172,665,490,1876,175,242,754,1272,357
1995: 1184,1607,1473,1679,1024,1567,1408,1025,1418
693: 1985,844,1780,662,492,988,1632,468,837,770
694: 966,1764,190,887,1689,763,118,177,829
695: 1097,946,21
1976: 
697: 631,347,1827,737,1021
698: 
699: 1565,1149,1225,456,438,1954,582,613,870,108,122,1309,460,1656,2015,1724
700: 1270
701: 1707,168
702: 1245
703: 
704: 886,1817,1536,385
705: 1168,1451,1951,601,271,910,1675,129
706: 1321,1064,991,1800,1123,538,51,167,1427,409,289,165,1437
707: 
708: 
709: 2014,1889,1521,851,262,934,1037,1470,2005,676
710: 1823,1809,1454,556,1579,1290,1562,1410,134,742,138,1694,550,1403
711: 1808,939,162,1336,1974,1316,1333,1192,1212
712: 580,1124,1555,1749,364,2,924,911,898,1491,2002,1220,1082,1110,1498,513,248,367,527,615,1776
713: 1067,1877,1580,1314,723,1605,1378,416,1331
714: 143,1860,1278,617,1116,211,1358,311,1459
715: 1763,400,1706,1480,50,921,1561,249,1295,87,1061,1962,1144,967,783,1235
716: 
717: 
718: 1617,1624,155,890,1588,1130,904,20,70,842,732,1171
719: 1190,954,589,104,329,444,1899,446,198,1456,1589,658,378,1104,1921,1226,1989
720: 1355,581,847,984,629,407,551,1666
721: 1844,1758
722: 1610
723: 1067,1877,1580,713,1314,1605,1378,416,1331
724: 1843
725: 
726: 
727: 1088,1820,958,1523,1182,1442,1821,1173,362,740,942,731,909
728: 
729: 
730: 1839,553,1356,72,520,592
731: 1088,1820,958,1182,1442,1821,1173,362,740,727,942,909
732: 20,70,842,1171,1624,155,890,1588,718,1617,1130,904
733: 
734: 1203,187,473,1006,1335
735: 1100,1078,1202,1623,287,42,1216,1887,1292,1855,145,607,1520,247,1014,437,1479,373
736: 1094,1391
737: 631,347,1827,1021,697
738: 857,1493,813
739: 85
740: 1088,1820,958,1523,1182,1442,1821,1173,362,727,942,731,909
741: 956,1488
742: 556,1579,1290,1562,1410,134,710,1823,1809,1454,138,1694,550,1403
743: 1485
744: 489,1926,616,645,136,2011,1125,1952,180,1351,1581,1828
745: 432,462,537,314,1494,1139,1019,931
746: 548,46,202,774,33,182,1636,896
747: 604,1631,950,1982,901,1992
748: 1868,89,1478,661,411,1446
749: 
750: 140,301,2017,2019,273,1365,1399,1433,1115,1369,1246,866,1935,325
751: 
752: 
753: 
754: 1876,175,242,1272,357,1501,569,1919,267,1172,665,490,691
755: 171,1846,313,114
756: 1055,274,1522,1850,339,1869,1286
757: 
758: 
759: 
760: 
761: 
762: 
763: 966,1764,190,887,1689,118,694,177,829
2000: 845,142,536,554,207,1576,1350,882
765: 406,611,276,1381,1646,1409,194,1471
766: 1640,1511,1416,384,17,1801,270,873,667,1705,1348,1101,430,1848,1221
767: 
768: 1353,480,1042,1481,892,332,1563,73,1157,913,1811
769: 1719
770: 1780,662,492,988,1632,468,837,1985,844,693
771: 110,660,240,878,38,1908,1022,396,1885,428
772: 557,1673,679,1619
773: 1449,1986,1049,65
774: 1219,33,182,221,202,746,548,46,1636,896
775: 102,1105
776: 
777: 853,511,785,1266,1465,1865,1944,1586,825,1379,1002,1387,1765,964,206
778: 
779: 78,1531,1937,1462,1393
780: 
781: 1242,532,1782,213,642
782: 435
783: 1763,400,1706,50,921,1561,249,1295,715,87,1061,1962,1144,1235
784: 431,458,504,1126,260,1325,331
785: 853,511,1266,1465,777,1865,1944,1586,825,1379,1002,1387,1765,964,206
786: 1058,850,170
787: 512,522,230,380,610,1755,1981,174,1590,591,1145,107,1005,491,154
788: 1577,1960,424,682,323,1228,101
789: 
790: 1284,973,1207,1340,233,1307,303
791: 1261,327,1545,675,1308
792: 923,6,1756,58,497,1502
793: 
794: 1066,824
795: 1653,1288,1708,1302
796: 
797: 1208,814,516,584,1690,586,469,1735,1630,1301,1686,1627,282
798: 
799: 1315,379,906,478,1422,342,1754,668,928
800: 
801: 951,1304
802: 810,627,121,1534,1457,166,1980,1745
803: 
804: 227,925,197,510,1389,1343,1423,1517,401,1186,45,1515,1972,365
805: 144,37,1568,529
806: 
807: 1455,348,215,1933,113,576,900,590
808: 
809: 
810: 802,627,121,1534,1457,166,1980,1745
811: 139,1556,158,1469,1963,173,496
812: 288,1639,305,392,1319,552,408,397,1792
813: 738,857,1493
814: 1208,516,584,1690,797,586,469,1735,1630,1301,1686,1627,282
815: 1217,1849,621
816: 1943
817: 439,1842,1364,641,1533,1034,1510,354,368,1796,1464,1896,245,1543,1936,1578,1083,630,1239,1598,181,899
818: 150,650,1662,1652,59,1312,1684,440,1717,985
819: 1730,539,30,1342,1703,914
820: 
821: 1641,1805,1596,96,1544,1188,1132,1159,393,482,1283,1841,1964,454,839,632,263,463
822: 1375
823: 
824: 1066,794
825: 853,511,785,1266,1465,777,1865,1944,1586,1379,1002,1387,1765,964,206
826: 
827: 
1987: 
829: 966,1764,190,887,1689,763,118,694,177
830: 1001,1559,1385,209
831: 179,1803,1832,968,1551,1289,862,1613
832: 1240,1297,1091,1311,1065,268,1594,7,1142,254,417
833: 
834: 1932,15,1143
835: 885,1487,978,507,1671,77,307
836: 1444,1967,1441,1542,1979,1392,1023,372,891,1904,1057,1234
837: 1780,662,492,988,1632,468,770,1985,844,693
838: 
839: 1641,1805,1596,96,1544,1188,1132,1159,393,482,1283,821,1841,1964,454,632,263,463
840: 1697,225,1914
841: 1087,1026,524,1205,1281,1787,1785,1425,220,880,1550
842: 20,70,732,1171,1624,155,890,1588,718,1617,1130,904
843: 1606,685,1253,1093,568,588,1663
844: 1985,693,1780,662,492,988,1632,468,837,770
845: 2000,142,536,554,207,1576,1350,882
846: 1069,337,1052,1625,316,583
847: 1355,581,984,629,407,720,551
848: 1431,1318,528,31,1819,1816,1206,1151,2007,622,450,41
849: 
850: 1058,786,170,1476
851: 2014,1889,1521,262,709,934,1037,1470,2005,676
852: 
853: 511,785,1266,1465,777,1865,1944,1586,825,1379,1002,1387,964,206
854: 
855: 975,1794
856: 
857: 738,1493,813
858: 
859: 1056,1938
860: 
861: 217,388
862: 1289,1613,968,179,1803,1832,831,1551
1981: 512,522,230,380,787,610,1755,174,1590,591,1145,107,1005,491,154
864: 
865: 366,1902,126,970,649,1044,1028,1251,1720
866: 140,301,2017,2019,273,1365,1399,1433,1115,1369,1246,750,1935,325
867: 92,1552
868: 
869: 
870: 613,108,1249,521,122,1309,460,1656,2015,1724,1565,1149,1225,456,438,699,1954,582
871: 1969,683
872: 1258,1277,1953
873: 1640,1511,1416,384,17,1801,270,667,1705,1348,1101,430,1848,766
874: 1851,1922,1621,1349,334
875: 930,1250,1910,1554,451,1169,1931,322,620
876: 
877: 
878: 110,660,240,771,38,1908,1022,396,1885,428
879: 178
880: 1087,1026,524,1205,1281,1787,1785,841,1425,220,1550
881: 
882: 845,2000,142,536,554,1350
883: 1050,2001,53,343,2008,624,1398,36,1939,686,64,353
884: 1940,1915,94,1692,1822
885: 1487,978,507,1671,77,835
886: 704,1817,1536,385
887: 966,1764,190,1689,763,118,694,177,829
888: 1936,1578,1083,630,1239,1598,1896,245,1543,181,899,439,1842,1364,641,1533,1510,368,1796,1464
889: 2004,979,1900,1836,1412,1070,185,56,1858
890: 1624,155,1588,718,1617,1130,904,20,70,842,732,1171
891: 1444,1967,1441,1542,1979,1392,836,1023,372,1904,1057,1234
892: 1353,480,1481,768,332,1563,73,1157,913,1811
893: 1924,476,152,1693,1280,1810,941,1548,193
894: 275,1180,1593,1571,652,1535,135,1740,1859,1835,1504,1602
895: 100,109,1825,1892,1158,1948,1415,176
896: 1636,221,202,1219,774,33,182,746,548,46
897: 1804
898: 580,1124,1555,1749,364,2,924,911,712,1491,2002,1220,1082,1110,1498,513,248,367,527,615,1776
899: 181,1896,245,1543,1936,888,1578,1083,630,1239,1598,439,1842,1364,641,1533,1034,817,1510,354,368,1796,1464
900: 1455,348,215,1933,113,807,576,590
901: 604,1631,950,1982,1402,1992,747
902: 
903: 
904: 1130,1624,155,890,1588,718,1617,20,70,842,732,1171
905: 
906: 1315,379,478,1422,342,1754,799,668,928
907: 
908: 2018,916,656,1345,1929,95,2003,530,935,955,1913
909: 958,1182,1442,1821,1173,362,740,727,942,731
910: 705,1168,1451,1951,601,271,1675,129
911: 580,1124,1555,1749,364,2,924,898,712,1491,2002,1220,1082,1110,1498,513,248,367,527,615,1776
912: 562,526,1525,929,1447,410
913: 1353,480,1042,1481,892,768,332,1563,73,1157,1811
914: 1730,819,539,30,1342,1703,1018
915: 531
916: 2018,656,1345,1929,95,2003,530,935,908,955,1913
1993: 
918: 1269,1891,256,1748,219,1585,1407,1897
919: 1452,246,9,415,558,1113
920: 1741,1395,1386,1917,1582,1174
921: 1763,400,1706,1480,50,1561,249,1295,715,87,1061,1962,1144,967,783,1235
922: 195
923: 6,1756,58,497,792,1502
924: 580,1124,1555,1749,364,2,911,898,712,1491,2002,1220,1082,1110,1498,513,248,367,527,1776
925: 227,197,510,1389,1343,1423,804,1517,401,1186,45,1515,1972,365
926: 1003
927: 1530,1583,1736,1975,1419,335,494,564,1691
928: 1315,379,906,478,1422,342,1754,799,668
929: 912,562,526,1447,410
930: 1250,1910,1554,451,875,1169,1931,322,620,146
931: 1019,432,462,537,745,314,1494,1139
932: 1608
933: 1946
934: 2014,1889,1521,851,262,709,1037,1470,2005,676
935: 2018,916,656,1345,1929,95,2003,530,908,955,1913
936: 1285
937: 382,947,1688,421,1073,321,1160,1674,986,1773,1575,205,1417,1508,1633
938: 1397
939: 1808,711,162,1336,1974,1316,1333,1192,1212
940: 
941: 1924,476,152,1693,893,1280,1810,1548,193
942: 1088,1820,958,1523,1182,1442,1821,1173,362,740,727,731,909
943: 1119,264,638,1211,1445,998,1435,88,1638,68,333,105,1328,1564,1370,97,1406,534,487,1275,1788,214,234,1648
944: 298,79
945: 1775
946: 1097,695,21
947: 382,1688,421,1073,321,1160,937,1674,986,1773,1575,205,1417,1508,1633
948: 1360,3,1085,291,1771
949: 100,109,1140,1158,1948,1415
950: 604,1631,1982,1402,901,1992,747
951: 1304,801
952: 
953: 306
954: 1190,589,104,329,444,1899,446,198,1456,658,378,1921,719,1226,1989
955: 2018,916,656,1345,1929,95,2003,530,935,908,1913
956: 741,1488
957: 962,26,340,386,192,518,218,1973,600,204
958: 1088,1820,1523,1182,1442,1821,1173,362,740,727,942,731,909
959: 419,39,1622,377,184,657,514,1774
960: 
961: 541,1875,75,120,1380,1665,317,519
962: 26,957,340,386,192,518,1973
963: 1179
964: 1765,206,853,511,785,1266,1465,777,1865,1944,1586,825,1379,1002,1387
2014: 1889,1521,851,262,709,934,1037,1470,2005,676
966: 1764,190,887,1689,763,118,694,177,829
967: 1763,400,1706,1480,50,921,1561,249,1295,715,87,1061,1962,1144,1235
968: 179,1803,1832,831,1551,1289,862,1613
969: 
970: 366,1902,865,126,1720
971: 1893,1715,1601,664,1293,509,16,310,1461,1298,467,257
972: 8,1757,237,1750,223,1880,433,1201
973: 1284,790,1207,1340,233,1307,303
974: 
975: 855,1794
976: 
977: 1718,330
978: 885,1487,507,1671,77,835,307
979: 2004,889,1900,1836,1412,1070,185,56,1858
980: 
981: 
982: 
983: 1300,208,1376,1237,413
984: 1355,581,847,629,407,720,551,1666
985: 150,650,818,1662,1652,59,1312,1684,440,1717
986: 382,947,1688,421,1073,1160,937,1674,1773,1575,205,1417,1508,1633
987: 1092,1700
988: 1780,662,492,1632,468,837,770,1985,844,693
989: 
990: 
991: 1321,1064,706,1800,1123,538,51,167,1427,409,289,165,1437
992: 304
2002: 580,1124,1555,1749,364,2,924,911,898,712,1491,1220,1082,1110,1498,513,248,367,527,615,1776
994: 71,309,1421,425,525,40,1271,1818
995: 1175,1030,555,229,279
996: 547,1103
997: 484,1013,374
998: 1119,264,638,1211,1445,1435,88,1638,68,333,105,1328,1564,1370,97,1406,534,487,1275,1788,214,234,1648,943
999: 
1000: 
1001: 830,1559,1385,209
1002: 853,511,785,1266,1465,777,1865,1944,1586,825,1379,1387,1765,964,206
1003: 926
1004: 370,412
1005: 512,522,230,380,787,610,1755,1981,174,1590,591,1145,107,491,154
1006: 187,473,1335,1203,734
1007: 2016,281,228,1008
1008: 2016,281,228,1007
1009: 
1010: 1224
1011: 302,1254,1187,318,295,91,1165,169,28,278
1012: 563,1324
1013: 484,997,374
1014: 1100,1078,1202,1623,287,42,1216,1887,1292,1855,145,607,1520,247,437,1479,373,735
1015: 447
1016: 1661,1883,1769,544,1786,1230,395,2006,626,1540,44,1503,1273,1214,1096
1017: 1777,1949
1018: 914
1019: 931,432,462,537,745,314,1494,1139
1020: 
1021: 631,347,1827,737,697
1022: 110,660,240,878,771,38,1908,396,1885,428
1023: 1444,1967,1441,1542,1979,1392,836,372,891,1904,1057,1234
1024: 1184,1607,1473,1679,1567,1408,1025,1995,1418
1025: 1184,1607,1473,1679,1024,1567,1408,1995,1418
1026: 1087,524,1205,1281,1787,1785,841,1425,220,880,1550
1027: 
1028: 366,1902,865,126,649,1044,1251
1029: 1495,1210,1901,1695,375,1853,2013,1597,1546,483,1232,1799,1347,1746,1467,1612
1030: 1175,555,995,229
1031: 
1032: 
1033: 
1034: 439,1842,1364,641,1533,817,1510,354,368,1796,1464,1896,1543,1936,1578,630,1239,1598,181,899
1035: 
1036: 203,1223,669
1037: 2014,1889,1521,851,262,709,934,1470,2005,676
1038: 
1039: 
1040: 1118,1852,1781,266,1573,441,1500,1161,1866,67,1060
1041: 
1042: 1353,480,1481,768,332,1563,73,1157,913,1811
1043: 
1044: 366,1902,865,126,649,1028,1251
1045: 
1046: 
1047: 419,39,1622,377,184,657,514
1048: 1824,1895,481,1529,1814,1332,1200,1384,106,1998,1420,594
1049: 1449,773,1986,65
1050: 2001,53,343,883,2008,624,1398,36,1939,686,64,353
1051: 49,1592
1052: 1069,337,418,1625,316,846,583
1053: 1081,560
1054: 1658
1055: 756,274,1522,1850,339,1869
1056: 1938,859
1057: 1444,1967,1441,1542,1979,1392,836,1023,372,891,1904,1234
1058: 850,786,170,1476
1059: 
1060: 1500,1161,1866,67,1118,1781,266,1573,441,1040
1061: 1763,400,1706,1480,50,921,1561,249,1295,715,87,1962,1144,967,783,1235
1062: 
1063: 1634,319,1367,361,1472
1064: 1321,991,706,1800,1123,538,51,167,1427,409,289,165,1437
1065: 832,1240,1297,1091,1311,268,1594,7,1142,254,417
1066: 824,794
1067: 1877,1580,713,1314,723,1605,1378,416,1331
1068: 1120,231
1069: 337,1052,418,1625,316,846,583
1070: 2004,979,889,1900,1836,1412,185,56,1858
1071: 52,680,2012,499,1770,677,486
1072: 1233,201,66
1073: 382,947,1688,421,321,1160,937,1674,986,1773,1575,205,1417,1508,1633
2006: 1661,1883,1769,544,1016,1786,1230,395,626,1540,44,1503,1273,1214,1096
1075: 328,1339,1862,1424,578,1095
1076: 
1077: 1236,1260
1078: 1100,1202,1623,287,42,1216,1887,1292,1855,145,607,1520,247,1014,437,1479,373,735
1079: 
1080: 1482,687,147
1081: 1053,560
1082: 1220,1110,1498,513,248,367,527,615,1776,580,1124,1555,364,924,911,898,712,1491,2002
1083: 1936,888,1578,630,1239,1598,1896,245,1543,181,899,439,1842,1364,641,1533,817,1510,354,368,1796,1464
1084: 
1085: 948,1360,3,291,1771
1086: 1670,186,1263,1209,470,1766,320
1087: 1026,524,1205,1281,1787,1785,841,1425,220,880,1550
1088: 1820,958,1523,1182,1442,1821,1173,362,740,727,942,731
1089: 
1090: 363,1723
1091: 832,1240,1297,1311,1065,268,1594,7,1142,254,417
1092: 1700,987
1093: 1606,685,1253,843,568,588,1663
1094: 1391,736
1095: 328,1339,1075,1862,1424,578,1181
1096: 1661,1883,1769,544,1016,1786,1230,395,2006,626,1540,44,1503,1273,1214
1097: 695,946,21
1098: 
1099: 
1100: 1078,1202,1623,287,42,1216,1292,1855,145,607,1520,247,1014,437,1479,373,735
1101: 1640,1511,1416,384,17,1801,270,873,667,1705,1348,430,1848,1221,766
1102: 1716,457,605
1103: 547,996
1104: 1190,329,444,1899,446,198,1456,1589,378,1921,719,1226,1989
1105: 102,775
1106: 
1107: 
1108: 
1109: 
1110: 1220,1082,1498,513,248,367,527,615,1776,580,1124,1555,1749,364,2,924,911,898,712,1491,2002
1111: 1490,643,1969,683
1112: 1238,14,1560
1113: 1452,919,246,9,415,558
1114: 
1115: 140,301,2017,2019,273,1365,1399,1433,1369,1246,750,866,1935,325
1116: 143,1860,1278,617,211,714,1358,311,1459
2010: 
1118: 1852,1781,266,1573,441,1040,1500,1161,1866,67,1060
1119: 264,638,1211,1445,998,1435,1638,68,333,105,1328,1564,1370,97,1406,534,487,1275,1788,214,234,1648,943
1120: 231,1068
1121: 
1122: 
1123: 1321,1064,991,706,1800,538,51,167,1427,409,289,165,1437
1124: 580,1555,1749,364,2,924,911,898,712,1491,2002,1220,1082,1110,1498,513,248,367,527,615,1776
1125: 489,1926,616,744,645,136,2011,1952,180,1351,1581,1828
1126: 431,458,504,260,1325,784,331
1977: 
1128: 
1129: 153,1928,1722,1879,1135,542,1857
1130: 904,1624,155,890,1588,718,1617,20,70,842,732,1171
1983: 
1132: 1641,1805,1596,96,1544,1188,1159,393,482,1283,821,1841,1964,454,839,632,263
1133: 
1134: 57
1135: 153,1928,1722,1879,542,1129
1136: 666,1751
1137: 
1138: 156,130,1658
1139: 432,462,537,745,314,1494,1019,931
1140: 100,109,1825,1892,1158,1948,1415,949
1141: 
1142: 832,1240,1297,1091,1311,1065,268,1594,7,254,417
1143: 1932,15,834
1144: 1763,400,1706,1480,50,921,1561,249,1295,715,87,1061,1962,967,783,1235
1145: 512,522,230,787,610,1755,1981,174,1590,591,107,1005,491,154
1146: 
1147: 
1148: 24,1296,2009,196,1499
1149: 1565,1225,456,438,699,1954,582,613,870,108,1249,521,122,1309,460,1656,2015,1724
1150: 
1151: 1431,1318,528,31,1819,1816,1206,2007,622,450,41,848
1152: 
1990: 
1154: 1287,1259
1155: 
1156: 82,1657,572
1157: 1353,480,1042,1481,892,768,332,1563,73,913,1811
1158: 100,109,1825,1892,1140,1948,1415,895,949,176
1159: 1641,1805,1596,96,1544,1188,1132,393,482,1283,821,1841,1964,454,839,632,263,463
1160: 382,947,1688,421,1073,321,937,1674,986,1773,1575,205,1417,1508,1633
1161: 1500,1866,67,1060,1118,1852,1781,266,1573,441,1040
1162: 390
1163: 
1164: 515,1382,674,1411,1847,1443,434
1165: 302,1254,1187,318,1011,295,91,169,28,278
1166: 1603,1941,688
1167: 675,244,1308,1261,355,327,1545
1168: 705,1451,1951,601,271,910,1675,129
1169: 930,1250,1910,1554,451,875,1931,322,620,146
1170: 1557,1699
1171: 20,70,842,732,1624,155,890,1588,718,1617,1130,904
1172: 1501,569,1919,267,665,490,691,1876,175,242,754,1272,357
1173: 1088,1820,958,1523,1182,1442,1821,362,740,727,942,731,909
1174: 1582,1741,920,1395,1386,1917
1175: 1030,555,995,229,279
1176: 640,561,345,475,1683
1177: 131
1178: 
1179: 963
1180: 1593,1571,652,1535,1740,1859,1835,1504,1602,894
1181: 328,1339,1862,1424,578,1095
1182: 1088,1820,958,1523,1442,1821,1173,362,740,727,942,731,909
1183: 
1184: 1607,1473,1679,1024,1567,1408,1025,1995,1418
1185: 
1186: 401,45,1515,1972,365,227,925,197,510,1389,1343,1423,804,1517
1187: 302,1254,318,1011,295,91,1165,169,28,278
1188: 1641,1805,1596,96,1544,1132,1159,393,482,1283,821,1841,1964,454,839,632,263,463
1189: 
1190: 954,589,104,329,444,1899,446,198,1456,1589,658,378,1104,1921,719,1226,1989
1191: 
1192: 1808,939,711,162,1336,1974,1316,1333,1212
1193: 
1194: 619,1276
1195: 200,1354,296
1196: 1890,236,359,1591,618,60,1477
1197: 
1198: 
1199: 1229,1388,1439
1200: 1824,1895,1529,1814,1384,106,1048,1998,1420,594
1201: 223,1880,433,972,8,1757,237,1750
1202: 1100,1078,1623,287,42,1216,1887,1292,1855,145,607,1520,247,1014,437,1479,373,735
1203: 734,187,473,1006,1335
1204: 609,1310
1205: 1087,1026,524,1281,1787,1785,841,1425,220,880,1550
1206: 1431,1318,528,31,1819,1816,1151,2007,622,450,41,848
1207: 1284,790,973,1340,233,1307,303
1208: 814,516,584,1690,797,586,469,1735,1630,1301,1686,1627,282
1209: 470,1766,320,1670,186,1263,1086
1210: 1029,1495,1901,1695,375,1853,2013,1597,1546,483,1232,1799,1347,1746,1467,1612
1211: 1119,264,638,1445,998,1435,88,1638,68,333,105,1328,1564,1370,97,1406,534,487,1275,1788,214,234,1648,943
1212: 1808,939,711,162,1336,1974,1316,1333,1192
1213: 
1214: 1661,1883,1769,544,1016,1786,1230,395,2006,626,1540,44,1503,1273,1096
1215: 43,599,188
1216: 1100,1078,1202,1623,287,42,1887,1292,1855,145,607,1520,247,1014,437,1479,373,735
1217: 74,1849,621,815
1218: 
1219: 774,33,182,221,202,46,1636,896
1220: 1082,1110,1498,513,248,367,527,615,1776,580,1124,1555,1749,364,2,924,911,898,712,1491,2002
1221: 1640,1511,384,17,1801,270,667,1101,430,1848,766
1222: 1291
1223: 669,1036,203
1224: 566,1010
1225: 1565,1149,456,438,699,1954,582,613,870,108,1249,521,122,1309,460,1656,2015,1724
1226: 1190,954,589,104,329,444,1899,446,198,1456,658,378,1104,1921,719,1989
1227: 1798,402,448
1228: 1577,1960,424,682,323,788,101
1229: 1199,1388,1439
1230: 1661,1883,1769,544,1016,1786,395,2006,626,1540,44,1503,1273,1214,1096
1231: 
1232: 2013,1597,1546,483,1799,1347,1746,1467,1612,1853,1029,1495,1210,1901,1695,375
1233: 201,1072,66
1234: 1444,1967,1441,1542,1979,1392,836,1023,372,891,1904,1057
1235: 1763,400,1706,1480,50,921,1561,249,1295,715,87,1061,1962,1144,967,783
1236: 1260,1077
1237: 1886,413,1300,208,983,1376
1238: 14,1560,1112
1239: 1936,888,1578,1083,630,1598,1896,245,1543,181,899,439,1842,1364,641,1533,1034,817,1510,354,368,1796,1464
1240: 832,1297,1091,1311,1065,268,1594,7,1142,254,417
1241: 
1242: 532,781,1782,213,642
1243: 1743,125,1737,1620,1428,1644,1320,103
1244: 218,1973,600,204,386
1245: 702
1246: 140,301,2017,2019,273,1365,1399,1433,1115,1369,750,866,1935,325
1247: 
1248: 465
1249: 613,870,108,521,122,1309,460,1656,2015,1724,1565,1149,1225,456,438,1954,582
1250: 930,1910,1554,451,875,1169,1931,322
1251: 366,1902,865,126,649,1044,1028,1720
1252: 
1253: 1606,685,843,1093,568,588,1663
1254: 302,1187,318,1011,295,91,1165,169,28,278
1255: 587,455
1256: 0,1611
1257: 243,1725,1532
1258: 1277,872,1953
1259: 1287,1154
1260: 1236,1077
1261: 791,355,327,1545,675,1167,244,1308
1262: 
1263: 1670,186,1086,1209,470,1766,320
1264: 1742
1265: 
1266: 853,511,785,1465,777,1865,1944,1586,825,1379,1002,1387,1765,964,206
1267: 1334,1752,625,502
1978: 
1269: 1891,918,256,1748,219,1585,1407,1897
1270: 700
1271: 71,309,1421,425,525,40,1818,994
1272: 1876,175,242,754,357,1501,569,1919,267,1172,490,691
1273: 1661,1883,1769,544,1016,1786,1230,395,2006,626,1540,44,1503,1214,1096
1274: 
1275: 1119,264,638,1211,1445,998,1435,88,1638,68,333,105,1328,1564,1370,97,1406,487,1788,214,234,1648,943
1276: 1194,619
1277: 1258,872,1953
1278: 143,1860,617,1116,211,714,1358,311,1459
1279: 
1280: 1924,476,152,1693,893,1810,941,1548,193
1281: 1087,1026,524,1205,1787,1785,841,1425,220,880,1550
1282: 
1283: 1641,1805,1596,96,1544,1188,1132,1159,393,482,821,1841,1964,454,839,632,263,463
1284: 790,973,1207,1340,233,1307,303
1285: 936
1286: 1869,756,274,1522,1850,339
1287: 1259,1154
1288: 1653,795,1708,1302
1289: 862,1613,968,1803,1832,831,1551
1290: 556,1579,1562,1410,134,742,710,1823,1809,1454,138,1694,550,1403
1291: 1222
1292: 1100,1078,1202,1623,287,42,1216,1887,1855,145,607,1520,247,1014,437,1479,373,735
1293: 664,509,16,310,1461,1298,467,257,1601,1893,1715,971
1294: 
1295: 1763,400,1706,1480,50,921,1561,249,715,87,1061,1962,1144,967,783,1235
1296: 24,2009,196,1148,1499
1297: 832,1240,1091,1311,1065,1594,7,1142,254,417
1298: 664,1293,509,16,310,1461,467,257,1601,1893,1715,971
1299: 
1300: 208,983,1376,1237,413
1301: 1735,1630,1686,1627,282,1208,814,516,584,1690,797,586,469
1302: 1653,795,1288,1708
2008: 1050,2001,53,343,883,624,1398,36,1939,686,64,353
1304: 951,801
1305: 
1306: 
1307: 303,1284,790,973,1207,1340,233
1308: 675,1167,244,791,1261,355,327,1545
1309: 613,870,108,1249,521,122,460,1656,2015,1724,1565,1149,1225,456,438,699,1954,582
1310: 609,1204
1311: 832,1240,1297,1091,1065,268,1594,7,1142,254,417
1312: 150,650,818,1662,1652,59,1684,440,1717,985
1313: 326,654,1957
1314: 1067,1877,1580,713,723,1605,1378,416,1331
1315: 379,906,478,1422,342,1754,799,668,928
1316: 1808,939,711,162,1336,1974,1333,1192,1212
1317: 606,1528,690,1838,11,570
1318: 1431,528,31,1819,1816,1206,1151,2007,622,450,41,848
1319: 288,812,1639,305,392,552,408,397,1792
1320: 1644,103,1243,1743,125,1737,1620,1428
1321: 1064,991,706,1800,1123,538,51,167,409,289,165
1322: 
1323: 
1324: 563,1012
1325: 431,458,504,1126,260,784,331
1326: 
1327: 1999
1328: 1119,264,638,1211,1445,998,1435,88,1638,68,333,105,1564,1370,97,1406,534,487,1275,1788,214,234,1648,943
1329: 
1330: 
1331: 1067,1877,1580,713,1314,723,1605,1378,416
1332: 1824,1895,481,1529,1814,1384,106,1048,1998,1420,594
1333: 1808,939,711,162,1336,1974,1316,1192,1212
1334: 1267,625,502
1335: 187,473,1006,1203,734
1336: 1808,939,711,162,1974,1316,1333,1192,1212
1337: 
1338: 
1339: 328,1075,1862,1424,578,1095,1181
1340: 1284,790,973,1207,233,1307,303
1341: 
1342: 1730,819,539,30,1703,914
1343: 227,925,197,510,1389,1423,804,1517,401,1186,45,1515,1972,365
1344: 
1345: 2018,916,656,1929,95,2003,530,935,908,955,1913
1346: 
1347: 2013,1597,1546,483,1232,1799,1746,1467,1612,1853,1029,1495,1210,1695,375
1348: 1640,1511,1416,384,1801,270,873,667,1705,1101,430,1848,766
1349: 334,874,1851,1922
1350: 845,2000,142,536,554,207,1576,882
1351: 489,1926,616,744,645,136,2011,1125,1952,180,1581,1828
1352: 
1353: 480,1042,1481,892,768,332,1563,73,1157,913,1811
1354: 200,1195
1355: 581,847,984,629,407,720,551,1666
1356: 1839,553,730,72,520,592
1357: 
1358: 143,1860,1278,617,1116,211,714,311,1459
1359: 
1360: 948,3,1085,291
1361: 
1362: 1650,1894,285,608,1833,251,1984,1711,1553,1669,1450
1363: 
1364: 439,1842,641,1533,1034,817,1510,354,368,1796,1464,1896,245,1543,1936,888,1578,1083,630,1239,1598,181,899
1365: 140,301,2017,2019,273,1399,1433,1115,1369,1246,750,866,1935,325
1366: 
1367: 319,361,1472,1634,1063
1368: 535,1692,277,1915
1369: 140,301,2017,2019,273,1365,1399,1433,1115,1246,750,866,1935,325
1370: 1119,264,638,1211,1445,998,1435,88,1638,68,333,105,1328,1564,97,1406,534,487,1275,1788,214,234,1648,943
1371: 
1372: 1947,1761
1373: 
1374: 1965,1486
1375: 822
1376: 1300,208,983,1237,413
2012: 52,680,1071,499,1770,677,486
1378: 1067,1877,1580,713,1314,723,1605,416,1331
1379: 853,511,785,1266,1465,777,1944,1586,825,1002,1387,964,206
1380: 541,75,120,961,1665,317,519
1381: 611,276,1646,1409,651,194,1471,765,406
1382: 1164,515,674,1411,1847,1443,434
1383: 
1384: 1824,1895,481,1529,1814,1332,1200,106,1048,1998,1420,594
1385: 1001,830,1559,209
1386: 1741,920,1395,1917,1582,1174
1387: 853,511,785,1266,1465,777,1944,1586,825,1379,1002,964,206
1388: 1229,1199,1439
1389: 227,925,197,510,1343,1423,804,1517,401,1186,45,1515,1972,365
1390: 
1391: 1094,736
1392: 1444,1967,1441,1542,1979,836,1023,372,891,1904,1057,1234
1393: 78,1531,779,1937,1462
1394: 157,5,1474,485,90,429,1994
1395: 1741,920,1386,1917,1174
1396: 
1397: 938
1398: 1050,2001,53,343,883,2008,624,36,1939,686,64,353
1399: 140,301,2017,2019,273,1365,1433,1115,1369,1246,750,866,1935,325
1400: 678,1538
1401: 
1402: 604,1631,950,1982,901,1992
1403: 138,1694,550,710,1823,1809,1454,556,1579,1290,1562,1410,134,742
1404: 
1405: 
1406: 1119,264,638,1211,1445,998,1435,88,1638,68,333,105,1328,1564,1370,97,534,487,1275,1788,214,234,1648,943
1407: 1269,1891,918,256,1748,219,1585,1897
1408: 1184,1607,1473,1679,1024,1567,1025,1995,1418
1409: 611,276,1381,1646,651,194,1471,765,406
1410: 556,1579,1290,1562,134,742,710,1823,1809,1454,138,1694,550,1403
1411: 1847,1443,434,1164,515,1382,674
1412: 2004,979,889,1900,1836,1070,185,56,1858
1413: 
1414: 1434
1415: 100,109,1825,1892,1140,1158,1948,895,949,176
1416: 1640,1511,384,17,1801,270,873,667,1705,1348,1101,430,1848,766
1417: 382,947,1688,421,1073,321,1160,937,1674,986,1773,1575,205,1508,1633
1418: 1184,1607,1473,1679,1024,1567,1408,1025,1995
1419: 1583,1736,1975,335,927,494,564
1420: 1824,1895,481,1529,1814,1332,1200,1384,106,1048,1998,594
1421: 71,309,425,525,40,1271,1818,994
1422: 1315,379,906,478,342,1754,799,668,928
1423: 227,925,197,510,1389,1343,804,1517,401,1186,45,1515,1972,365
1424: 328,1339,1075,1862,578,1095,1181
1425: 1087,1026,524,1205,1281,1787,1785,841,220,880,1550
1426: 
1427: 1064,991,706,1800,1123,538,51,167,409,289,165,1437
1428: 1737,1620,1243,1743,125,1644,1320,103
1429: 25
1430: 1668,1856,283
1431: 1318,528,31,1819,1816,1206,1151,2007,622,450,41,848
1432: 
1433: 140,301,2017,2019,273,1365,1399,1115,1369,1246,750,866,1935,325
1434: 1414
1435: 1119,264,638,1211,1445,998,88,1638,68,333,105,1328,1564,1370,97,1406,534,487,1275,1788,214,234,1648,943
1436: 1687,1541
1437: 1064,991,706,1800,1123,538,51,167,1427,409,289,165
1438: 500,1991
1439: 1229,1199,1388
1440: 1768,12
1441: 1444,1967,1542,1979,1392,836,1023,372,891,1904,1057,1234
1442: 1088,1820,958,1523,1182,1821,1173,362,740,727,942,731,909
1443: 1411,1847,434,1164,515,1382,674
1444: 1967,1441,1542,1979,1392,836,1023,372,891,1904,1057,1234
1445: 1119,264,638,1211,998,1435,88,1638,68,333,105,1328,1564,1370,97,1406,534,487,1275,1788,214,234,1648,943
1446: 1868,748,89,1478,661,411
1447: 912,562,526,1525,929,410,1448
1448: 562,1525,1447,410
1449: 773,1986,1049,65
1450: 1650,1894,285,1362,608,1833,251,1984,414,1711,1553,1669
1451: 705,1168,1951,601,271,910,1675,129
1452: 919,246,9,415,558,1113
1453: 
1454: 710,1823,1809,556,1579,1290,1562,1410,134,742,138,1694,550,1403
1455: 348,215,1933,113,807,576,900,590
1456: 1190,954,589,104,329,444,1899,446,198,1589,658,378,1104,1921,719,1226,1989
1457: 810,802,627,121,1534,166,1980,1745
1458: 
1459: 143,1860,1278,617,1116,211,714,1358,311
1460: 
1461: 664,1293,509,16,310,1298,467,257,1601,1893,1715,971
1462: 78,1531,779,1937,1393
1463: 545,54,1950
1464: 439,1842,1364,641,1533,1034,817,1510,354,368,1796,1896,245,1543,1936,888,1578,1083,630,1239,1598,181,899
1465: 853,511,785,1266,777,1865,1944,1586,825,1379,1002,1387,1765,964,206
1466: 
1467: 2013,1597,1546,483,1232,1799,1347,1746,1612,1853,1029,1495,1210,1901,1695,375
2001: 1050,53,343,883,2008,624,1398,36,1939,686,64,353
1469: 811,139,1556,158,1963,173,681,496
1470: 2005,676,2014,1889,1521,851,262,709,934,1037
1471: 611,276,1381,1646,1409,651,194,765,406
1472: 361,319,1367,1634,1063
1473: 1184,1607,1679,1024,1567,1408,1025,1995,1418
1474: 157,5,1394,485,90,429,1994
1475: 
1476: 170,1058,850
1477: 1890,236,359,1591,618,1196,60
1478: 1868,748,89,661,411,1446
1479: 1100,1078,1202,1623,287,42,1216,1887,1292,1855,145,607,1520,247,1014,437,373,735
1480: 1763,400,1706,50,921,1561,249,1295,715,87,1061,1962,1144,967,1235
1481: 1353,480,1042,892,768,332,1563,73,1157,913,1811
1482: 687,147,1080
1483: 
1484: 
1485: 743
1486: 1965,1374
1487: 885,978,507,1671,77,835,307
1488: 956,741
1489: 
1490: 1111,643,1969,683
1491: 580,1124,1555,1749,364,2,924,911,898,712,2002,1220,1082,1110,1498,513,248,367,527,615,1776
1492: 
1493: 738,857,813
1494: 432,462,537,745,314,1139,1019,931
1495: 1029,1210,1901,1695,375,1853,2013,1597,1546,483,1232,1799,1347,1746,1467,1612
1496: 477
2019: 140,301,2017,273,1365,1399,1433,1115,1369,1246,750,866,1935,325
1498: 1220,1082,1110,513,248,367,527,615,1776,580,1124,1555,1749,364,2,924,911,898,712,1491,2002
1499: 24,1296,2009,196,1148
1500: 1161,1866,67,1060,1118,1852,1781,266,1573,441,1040
1501: 569,1919,267,1172,665,490,691,1876,175,242,754,1272,357
1502: 923,6,1756,58,497,792
1503: 1661,1883,1769,544,1016,1786,1230,395,2006,626,1540,44,1273,1214,1096
1504: 1180,1593,1571,652,1535,135,1740,1859,1835,1602,894
1505: 
1506: 
1507: 
1508: 382,947,1688,421,1073,321,1160,937,1674,986,1773,1575,205,1417,1633
1509: 
1510: 439,1842,1364,641,1533,1034,817,354,368,1796,1464,1896,245,1543,1936,888,1578,1083,630,1239,1598,181,899
1511: 1640,1416,384,17,1801,270,873,667,1705,1348,1101,430,1848,1221,766
1512: 
1991: 500,1438
1514: 
1515: 401,1186,45,1972,365,227,925,197,510,1389,1343,1423,804,1517
1516: 294,383
1517: 227,925,197,510,1389,1343,1423,804,401,1186,45,1515,1972,365
1518: 636
2005: 1470,676,2014,1889,1521,851,262,709,934,1037
1520: 1100,1078,1202,1623,287,42,1216,1887,1292,1855,145,607,247,1014,437,1479,373,735
1521: 2014,1889,851,262,709,934,1037,1470,2005,676
1522: 756,1055,274,1850,339,1869,1286
1523: 1088,1820,958,1182,1442,1821,1173,362,740,727,942
1524: 
1525: 912,562,1447,410,1448
1526: 
1527: 
1528: 606,690,1838,11,1317,570
1529: 1824,1895,481,1814,1332,1200,1384,106,1048,1998,1420,594
1530: 1583,1736,335,927,494,564,1691
1531: 78,779,1937,1462,1393
1532: 1725,1257,243
1533: 439,1842,1364,641,1034,817,1510,354,368,1796,1464,1896,245,1543,1936,888,1578,1083,630,1239,1598,181,899
1534: 810,802,627,121,1457,166,1980,1745
1535: 275,1180,1593,1571,652,135,1740,1859,1835,1504,1602,894
1536: 1817,385,704,886
2007: 1431,1318,528,31,1819,1816,1206,1151,622,450,41,848
1538: 1400,678
1539: 
1540: 1661,1883,1769,544,1016,1786,1230,395,2006,626,44,1503,1273,1214,1096
1541: 1436,1687
1542: 1444,1967,1441,1979,1392,836,1023,372,891,1904,1057,1234
1543: 1896,245,1936,888,1578,1083,630,1239,1598,181,899,439,1842,1364,641,1533,1034,817,1510,354,368,1796,1464
1544: 1641,1805,1596,96,1188,1132,1159,393,482,1283,821,1841,1964,839,632,263,463
1545: 791,1261,355,327,675,1167,244,1308
1546: 2013,1597,483,1232,1799,1347,1746,1467,1612,1853,1029,1495,1210,1901,1695,375
1547: 
1548: 1924,476,152,1693,893,1280,1810,941,193
1549: 
1550: 1087,1026,524,1205,1281,1785,841,1425,220,880
1551: 968,179,1803,1832,831,1289,862,1613
1552: 92,867
1553: 1650,1894,285,1362,608,1833,251,1984,414,1711,1669,1450
1554: 930,1250,1910,451,875,1169,322,620
1555: 580,1124,1749,364,2,924,911,898,712,1491,2002,1220,1082,1110,1498,513,248,367,527,615,1776
1556: 811,139,158,1469,1963,173,681,496
1557: 1170,1699
1558: 239,533
1559: 1001,830,1385,209
1560: 1238,14,1112
1561: 1763,400,1706,1480,50,921,249,1295,715,87,1061,1962,1144,967,783,1235
1562: 556,1579,1290,1410,134,742,710,1823,1809,1454,138,1694,550,1403
1563: 1353,480,1042,1481,892,768,332,73,1157,913,1811
1564: 1119,264,638,1211,1445,998,1435,1638,68,333,105,1328,1370,97,1406,534,487,1275,1788,214,234,1648,943
1565: 1149,1225,456,438,699,1954,582,613,870,108,1249,521,122,1309,460,1656,2015,1724
1566: 
1567: 1184,1607,1473,1679,1024,1408,1025,1995,1418
1568: 37,529,144,805
1569: 
1570: 1907,216,567
1571: 275,1180,1593,652,1535,135,1740,1859,1835,1504,1602,894
1572: 
1573: 1118,1852,1781,266,441,1040,1500,1161,1866,67,1060
1574: 349,1920,241,10,61,1956,546
1575: 382,947,1688,1073,321,1160,937,1674,986,1773,205,1417,1508,1633
1576: 845,2000,142,536,554,207,1350
1577: 1960,424,682,323,1228,788,101
1578: 1936,888,1083,630,1239,1598,1896,245,1543,181,899,439,1842,1364,641,1533,1034,817,1510,354,368,1796,1464
1579: 556,1290,1562,1410,134,742,710,1823,1809,1454,138,1694,550,1403
1580: 1067,1877,713,1314,723,1605,1378,416,1331
1581: 489,1926,616,744,645,136,2011,1125,1952,180,1351,1828
1582: 1174,1741,920,1386,1917
1583: 1530,1736,1975,1419,335,927,494,564,1691
1584: 635,350,1829
1585: 1269,1891,918,256,1748,219,1407,1897
1586: 853,511,785,1266,1465,777,1865,1944,825,1379,1002,1387,1765,964,206
1587: 
1588: 1624,155,890,718,1617,1130,904,20,70,842,732,1171
1589: 1190,329,444,1899,446,1456,658,378,1104,1921,719,1989
1590: 512,522,230,380,787,610,1755,1981,174,591,1145,107,1005,491,154
1591: 1890,236,359,618,1196,60,1477
1592: 1051,49
1593: 275,1180,1571,652,1535,135,1740,1859,1835,1504,1602,894
1594: 832,1240,1297,1091,1311,1065,268,7,1142,254,417
2011: 489,1926,616,744,645,136,1125,1952,180,1351,1581,1828
1596: 1641,1805,96,1544,1188,1132,1159,393,482,1283,821,1841,1964,454,839,632,263,463
1597: 2013,1546,483,1232,1799,1347,1746,1467,1612,1853,1029,1495,1210,1901,1695,375
1598: 1936,888,1578,1083,630,1239,1896,245,1543,181,899,439,1842,1364,641,1533,1034,817,1510,354,368,1796,1464
1599: 
1998: 1824,1895,481,1529,1814,1332,1200,1384,106,1048,1420,594
1601: 664,1293,16,1461,1298,467,257,1893,1715,971
1602: 1180,1593,1571,652,1535,135,1740,1859,1835,1504,894
1603: 1166,1941,688
1604: 
1605: 1067,1877,1580,713,1314,723,1378,416,1331
1606: 685,1253,843,1093,568,588,1663
1607: 1184,1473,1679,1024,1567,1408,1025,1995,1418
1608: 932
1609: 
1610: 722
1611: 0,1256
1612: 2013,1597,1546,483,1232,1799,1347,1746,1467,1853,1029,1495,1210,1901,1695,375
1613: 1289,862,968,179,1803,1832,831,1551
1614: 
1615: 
1616: 133,34,474
1617: 718,1624,155,890,1588,1130,904,20,70,842,732,1171
1618: 47
1619: 772,557,1673,679
1620: 1737,1428,1243,1743,125,1644,1320,103
1621: 874,1851,1922,334
1622: 419,39,1047,377,184,657,514,959
1623: 1100,1078,1202,287,42,1216,1887,1292,1855,145,607,1520,247,1014,437,1479,373,735
1624: 155,890,1588,718,1617,1130,904,20,70,842,732,1171
1625: 1069,337,1052,418,316,846,583
1626: 
1627: 1735,1630,1301,1686,282,1208,814,516,797,586,469
1628: 
1629: 452,443
1630: 1735,1301,1686,1627,282,1208,814,516,584,1690,797,586,469
1631: 604,950,1982,1402,901,1992,747
1632: 1780,662,492,988,468,837,770,1985,844,693
1633: 382,947,1688,421,1073,321,1160,937,1674,986,1773,1575,205,1417,1508
1634: 1063,319,1367,361,1472
1635: 
1636: 896,221,202,1219,774,33,182,746,548,46
1637: 
1638: 1119,264,638,1211,1445,998,1435,88,68,333,105,1328,1564,1370,97,1406,534,487,1275,1788,214,234,1648,943
1639: 288,812,305,392,1319,552,408,397,1792
1640: 1511,1416,384,17,1801,270,873,667,1705,1348,1101,430,1848,1221,766
1641: 1805,1596,96,1544,1188,1132,1159,393,482,1283,821,1841,1964,454,839,632,263,463
1642: 210
1643: 
1644: 1320,103,1243,1743,125,1737,1620,1428
1645: 
1646: 611,276,1381,1409,651,194,1471,765,406
1647: 
1648: 1119,264,638,1211,1445,998,1435,88,1638,68,333,105,1328,1564,1370,97,1406,534,487,1275,1788,214,234,943
1649: 
1650: 1894,285,1362,608,1833,251,1984,414,1711,1553,1669,1450
1651: 
1652: 150,650,818,1662,59,1312,1684,440,1717,985
1653: 795,1288,1708,1302
1654: 
1655: 1945,442,258
1656: 613,870,108,1249,521,122,1309,460,2015,1724,1565,1149,1225,456,438,699,1954,582
1657: 82,1156,572
1658: 156,1138,130,1054
1659: 191,13,495
1660: 127,394
1661: 1883,1769,544,1016,1786,1230,395,2006,626,1540,44,1503,1273,1214,1096
1662: 150,650,818,1652,59,1312,1684,440,985
1663: 1606,685,1253,843,1093,568,588
1664: 
1665: 541,1875,75,120,961,1380,317,519
1666: 1355,581,984,629,407,720,551
1667: 
1668: 1430,1856
1669: 1650,1894,285,1362,608,1833,251,1984,414,1711,1553,1450
1670: 186,1263,1086,1209,470,1766,320
1671: 885,1487,978,507,77,835,307
1672: 1677,523,1997
1673: 772,557,679,1619
1674: 382,947,1688,421,1073,321,1160,937,986,1773,1575,205,1417,1508,1633
1675: 705,1168,1451,1951,601,271,910,129
1676: 
1677: 1672,523,1997
1678: 
1679: 1184,1607,1473,1024,1567,1408,1025,1995,1418
1680: 1945,442
1681: 
1682: 
1683: 475,640,561,1176,345
1684: 150,650,818,1662,1652,59,1312,440,1717,985
1685: 
1686: 1735,1630,1301,1627,282,1208,814,516,584,1690,797,586,469
1687: 1436,1541
1688: 382,947,421,1073,321,1160,937,1674,986,1773,1575,205,1417,1508,1633
1689: 966,1764,190,887,763,118,694,177,829
1690: 1208,814,516,584,797,586,469,1735,1630,1301,1686,282
1691: 1530,1583,1736,335,927,494,564
1692: 535,1822,277,1368,1940,1915,94,884
1693: 1924,476,152,893,1280,1810,941,1548,193
1694: 138,550,1403,710,1823,1809,1454,556,1579,1290,1562,1410,134,742
1695: 1029,1495,1210,1901,375,1853,2013,1597,1546,483,1232,1799,1347,1746,1467,1612
1696: 300,351
1697: 840,225,1914
2003: 2018,916,656,1345,1929,95,530,935,908,955,1913
1699: 1557,1170
1700: 1092,987
1701: 261
1702: 
1703: 1730,819,539,30,1342,914
1704: 1864
1705: 1640,1511,1416,1801,270,873,667,1348,1101,430,1848,766
1706: 1763,400,1480,50,921,1561,249,1295,715,87,1061,1962,1144,967,783,1235
1707: 168,701
1708: 1653,795,1288,1302
1709: 
1710: 
1711: 1650,1894,285,1362,608,1833,251,1984,414,1553,1669,1450
1712: 
1713: 
2009: 24,1296,196,1148,1499
1715: 1893,971,1601,664,1293,509,16,310,1461,1298,467,257
1716: 1102,457,605
1717: 150,650,818,1652,59,1312,1684,440,985
1718: 330,977
1719: 769
1720: 366,1902,865,126,970,1251
1721: 
1722: 153,1928,1879,1135,542,1857,1129
1723: 1090
1724: 613,870,108,1249,521,122,1309,460,1656,2015,1565,1149,1225,456,438,699,1954,582
1725: 1532,1257,243
1726: 
1727: 596,189,286
1728: 
1729: 
1730: 819,539,30,1342,1703,914
1731: 
1732: 
1733: 
1996: 
1735: 1630,1301,1686,1627,282,1208,814,516,584,1690,797,586,469
1736: 1530,1583,1419,335,927,494,564,1691
1737: 1620,1428,1243,1743,125,1644,1320,103
1738: 
1739: 
1740: 275,1180,1593,1571,652,1535,135,1859,1835,1504,1602,894
1741: 920,1395,1386,1917,1582,1174
1742: 1264
1743: 1243,125,1737,1620,1428,1644,1320,103
1744: 
1745: 810,802,121,1534,1457,166,1980
1746: 2013,1597,1546,483,1232,1799,1347,1467,1612,1853,1029,1495,1210,1901,1695,375
1747: 1878
1748: 1269,1891,918,256,219,1585,1407,1897
1749: 580,1124,1555,364,2,924,911,898,712,1491,2002,1220,1110,1498,513,248,367,527,615,1776
1750: 972,8,1757,237,223,1880,433,1201
1751: 666,1136
1752: 625,1267,502
1753: 
1754: 1315,379,906,478,1422,342,799,668,928
1755: 512,522,230,380,787,610,1981,174,1590,591,1145,107,1005,491,154
1756: 923,6,58,497,792,1502
1757: 972,8,237,1750,223,1880,433,1201
1758: 1844,721
1999: 1327
1760: 
1761: 1372,1947
1762: 69
1763: 400,1706,1480,50,921,1561,249,1295,715,87,1061,1962,1144,967,783,1235
1764: 966,190,887,1689,763,118,694,177,829
1765: 964,206,511,785,1266,1465,777,1865,1944,1586,825,1002
1766: 1209,470,320,1670,186,1263,1086
1767: 
1768: 12,1440
1769: 1661,1883,544,1016,1786,1230,395,2006,626,1540,44,1503,1273,1214,1096
1770: 52,680,1071,2012,499,677,486
1771: 948,1085
1772: 
1773: 382,947,1688,421,1073,1160,937,1674,986,1575,205,1417,1508,1633
1774: 419,514,959
1775: 945
1776: 1220,1082,1110,1498,513,248,367,527,615,580,1124,1555,1749,364,2,924,911,898,712,1491,2002
1777: 1017,1949
1778: 
1779: 
1780: 662,492,988,1632,468,837,770,1985,844,693
1781: 1118,1852,266,1573,441,1040,1500,1161,1866,67,1060
1782: 1242,532,781,213,642
1783: 
1784: 
1785: 1087,1026,524,1205,1281,1787,841,1425,220,880,1550
1786: 1661,1883,1769,544,1016,1230,395,2006,626,1540,44,1503,1273,1214,1096
1787: 1087,1026,524,1205,1281,1785,841,1425,220,880
1788: 1119,264,638,1211,1445,998,1435,1638,68,333,105,1328,1564,1370,97,1406,534,487,1275,214,234,1648,943
1789: 
1790: 
1791: 
1792: 397,288,812,1639,305,392,1319,552,408
1793: 
1794: 855,975
2018: 916,656,1345,1929,95,2003,530,935,908,955,1913
1796: 439,1842,1364,641,1533,1034,817,1510,354,368,1464,1896,245,1543,1936,888,1578,1083,630,1239,1598,181,899
1797: 405
1798: 1227,402,448
1799: 2013,1597,1546,483,1232,1347,1746,1467,1612,1853,1029,1495,1210,1901,1695,375
1800: 1321,1064,991,706,1123,538,51,167,1427,409,289,165,1437
1801: 1640,1511,1416,384,17,270,873,667,1705,1348,1101,430,1848,1221,766
1802: 
1803: 179,1832,831,968,1551,1289,862,1613
1804: 897
1805: 1641,1596,96,1544,1188,1132,1159,393,482,1283,821,1841,1964,454,839,632,263,463
1806: 
1807: 593
1808: 939,711,162,1336,1974,1316,1333,1192,1212
1809: 710,1823,1454,556,1579,1290,1562,1410,134,742,138,1694,1403
1810: 1924,476,152,1693,893,1280,941,1548,193
1811: 1353,480,1042,1481,892,768,332,1563,73,1157,913
1812: 
1813: 
1814: 1824,1895,481,1529,1332,1200,1384,106,1048,1998,1420,594
1815: 
1816: 1431,1318,528,31,1819,1206,1151,2007,622,450,41,848
1817: 1536,385,704,886
1818: 71,309,1421,425,525,40,1271,994
1819: 1431,1318,528,31,1816,1206,1151,2007,622,450,41,848
1820: 1088,958,1523,1182,1442,1821,1173,362,740,727,942,731
1821: 1088,1820,958,1523,1182,1442,1173,362,740,727,942,731,909
1822: 535,1692,1940,1915,94,884
1823: 710,1809,1454,556,1579,1290,1562,1410,134,742,138,1694,1403
1824: 1895,481,1529,1814,1332,1200,1384,106,1048,1998,1420,594
1825: 100,109,1892,1140,1158,1948,1415,895,176
1826: 269
1827: 631,347,737,1021,697
1828: 489,1926,616,744,645,136,2011,1125,1952,180,1351,1581
1829: 350,635,1584
1830: 
1831: 461
1832: 179,1803,831,968,1551,1289,862,1613
1833: 1650,1894,285,1362,608,251,1984,414,1711,1553,1669,1450
1834: 
1835: 275,1180,1593,1571,652,1535,135,1740,1859,1504,1602,894
1836: 2004,979,889,1900,1412,1070,185,56,1858
1837: 
1838: 606,1528,690,11,1317,570
1839: 553,1356,730,72,520,592
1840: 
1841: 1641,1805,1596,96,1544,1188,1132,1159,393,482,1283,821,1964,454,839,632,263,463
1842: 439,1364,641,1533,1034,817,1510,354,368,1796,1464,1896,245,1543,1936,888,1578,1083,630,1239,1598,181,899
1843: 724
1844: 721,1758
1845: 
1846: 313,114,171,755
1847: 1411,1443,434,1164,515,1382,674
1848: 1640,1511,1416,384,17,1801,270,873,667,1705,1348,1101,430,1221,766
1849: 74,1217,621,815
1850: 756,1055,274,1522,339,1869,1286
1851: 874,1922,1621,1349,334
1852: 1118,1781,266,1573,441,1040,1500,1161,1866,67
1853: 1029,1495,1210,1901,1695,375,2013,1597,1546,483,1232,1799,1347,1746,1467,1612
1854: 
1855: 1100,1078,1202,1623,287,42,1216,1887,1292,145,607,1520,247,1014,437,1479,373,735
1856: 1430,1668,283
1857: 153,1928,1722,1879,542,1129
1858: 2004,979,889,1900,1836,1412,1070,185,56
1859: 275,1180,1593,1571,652,1535,135,1740,1835,1504,1602,894
1860: 143,1278,617,1116,211,714,1358,311,1459
1861: 
1862: 328,1339,1075,1424,578,1095,1181
1863: 
1864: 1704
1865: 853,511,785,1266,1465,777,1944,1586,825,1002,1765,964,206
1866: 1500,1161,67,1060,1118,1852,1781,266,1573,441,1040
1867: 
1868: 748,89,1478,411,1446
1869: 1286,756,1055,274,1522,1850,339
1870: 
1871: 
1872: 
1873: 493
1874: 
1875: 541,75,120,961,1665
1876: 175,242,754,1272,357,1501,569,1919,267,1172,665,490,691
1877: 1067,1580,713,1314,723,1605,1378,416,1331
1878: 1747
1879: 153,1928,1722,1135,542,1857,1129
1880: 223,433,1201,972,8,1757,237,1750
1881: 
1882: 
1883: 1661,1769,544,1016,1786,1230,395,2006,626,1540,44,1503,1273,1214,1096
1884: 623,299
1885: 110,660,240,878,771,38,1908,1022,396,428
1886: 1237,413
1887: 1078,1202,1623,287,42,1216,1292,1855,145,607,1520,247,1014,437,1479,373,735
1888: 48
1889: 2014,1521,851,262,709,934,1037,1470,2005,676
1890: 236,359,1591,618,1196,60,1477
1891: 1269,918,256,1748,219,1585,1407,1897
1892: 100,109,1825,1140,1158,1948,1415,895,176
1893: 1715,971,1601,664,1293,509,16,310,1461,1298,467,257
1894: 1650,285,1362,608,1833,251,1984,414,1711,1553,1669,1450
1895: 1824,481,1529,1814,1332,1200,1384,106,1048,1998,1420,594
1896: 245,1543,1936,888,1578,1083,630,1239,1598,181,899,439,1842,1364,641,1533,1034,817,1510,354,368,1796,1464
1897: 1269,1891,918,256,1748,219,1585,1407
1898: 488
1899: 1190,954,589,104,329,444,446,198,1456,1589,658,378,1104,1921,719,1226,1989
1900: 2004,979,889,1836,1412,1070,185,56,1858
1901: 1029,1495,1210,1695,375,1853,2013,1597,1546,483,1232,1799,1746,1467,1612
1902: 366,865,126,970,649,1044,1028,1251,1720
1903: 
1904: 1444,1967,1441,1542,1979,1392,836,1023,372,891,1057,1234
1905: 
1906: 
1907: 1570,216,567
1908: 110,660,240,878,771,38,1022,396,1885,428
1909: 
1910: 930,1250,1554,451,875,1169,1931,322,620,146
1911: 
1912: 
1913: 2018,916,656,1345,1929,95,2003,530,935,908,955
1914: 225,1697,840
1915: 1940,94,884,1368,535,1692,1822
1916: 
1917: 1741,920,1395,1386,1582,1174
1918: 
1919: 1501,569,267,1172,665,490,691,1876,175,242,754,1272,357
1920: 349,241,10,1574,61,1956,546
1921: 1190,954,589,104,329,444,1899,446,198,1456,1589,658,378,1104,719,1226,1989
1922: 874,1851,1621,1349,334
1923: 
1924: 476,152,1693,893,1280,1810,941,1548,193
1925: 
1926: 489,616,744,645,136,2011,1125,1952,180,1351,1581,1828
1927: 
1928: 153,1722,1879,1135,542,1857,1129
1929: 2018,916,656,1345,95,2003,530,935,908,955,1913
1930: 
1931: 930,1250,1910,875,1169,322,620,146
1932: 15,834,1143
1933: 1455,348,215,113,807,576,900,590
1934: 
1935: 140,301,2017,2019,273,1365,1399,1433,1115,1369,1246,750,866,325
1936: 888,1578,1083,630,1239,1598,1896,245,1543,181,899,439,1842,1364,641,1533,1034,817,1510,354,368,1796,1464
1937: 78,1531,779,1462,1393
1938: 1056,859
1939: 1050,2001,53,343,883,2008,624,1398,36,686,64,353
1940: 1915,94,884,535,1692,1822
1941: 1603,1166,688
1942: 
1943: 816
1944: 853,511,785,1266,1465,777,1865,1586,825,1379,1002,1387,1765,964,206
1945: 1680,1655,442,258
1946: 933
1947: 1372,1761
1948: 100,109,1825,1892,1140,1158,1415,895,949,176
1949: 1017,1777
1950: 545,54,1463
1951: 705,1168,1451,601,271,910,1675,129
1952: 489,1926,616,744,645,136,2011,1125,180,1351,1581,1828
1953: 1258,1277,872
1954: 1565,1149,1225,456,438,699,582,613,870,108,1249,521,122,1309,460,1656,2015,1724
2004: 979,889,1900,1836,1412,1070,185,56,1858
1956: 61,546,349,1920,241,10,1574
1957: 326,654,1313
1958: 
1959: 
1960: 1577,424,682,323,1228,788,101
1989: 1190,954,589,104,329,444,1899,446,198,1456,1589,658,378,1104,1921,719,1226
1962: 1763,400,1706,1480,50,921,1561,249,1295,715,87,1061,1144,967,783,1235
1963: 173,681,811,139,1556,158,1469
1964: 1641,1805,1596,96,1544,1188,1132,1159,393,482,1283,821,1841,454,839,632,263,463
1965: 1374,1486
1966: 
1967: 1444,1441,1542,1979,1392,836,1023,372,891,1904,1057,1234
1968: 
1969: 683,1111,1490,643,871
1970: 
1971: 
1972: 401,1186,45,1515,365,227,925,197,510,1389,1343,1423,804,1517
1973: 218,1244,600,204,962,26,957,340,386,192,518
1974: 1808,939,711,162,1336,1316,1333,1192,1212
1975: 1583,1419,335,927,494,564