1758: 
1: 1902,1609,1393,1683,2014,898,704,1099,193,812,1146,707,431,66,1166,825,1069,1111,1338,1597,1200,1546,1548,1047,385,1229,1457
2: 
3: 
1803: 
1926: 621,1797,1363,2016,1048,44,1715,1626,1167,1618,53,1250,1016
6: 
7: 
1797: 621,1363,2016,1048,1926,44,917,1715,1626,1167,712,1618,817,53
9: 
10: 1094,168,934
11: 1389,166,2004,1426,1788,1448,1981,523,1410,571,1236,1097,536,520,1018
12: 830,1450
1756: 
1865: 102,1044,1569,751,2013,547,826,1828,339,656,676,2015,1230,173,1198,1011,72,315,140,1855,202
15: 556
16: 1254,645,380,203,1405,1502,1654
17: 935
18: 
19: 1086,727,34,1484,1169,430,1964,2010,1641,1531,1556,1101,1717,93,295
20: 1814
21: 104,298
22: 
1808: 
1623: 
25: 1566,1413
26: 
1910: 972,2006,1161,1698,2007,1665,74,1039
28: 128,748
29: 30,280
30: 280,29
31: 
32: 295,727,34,1484,1964,2010,1641,1713,93
33: 
34: 1086,727,508,1484,1169,430,1964,2010,1641,1531,19,1556,1752,1713,1101,1717,93,295,32
35: 
36: 1530
37: 1542
38: 
39: 
40: 
41: 
1817: 
43: 
44: 621,1797,1363,2016,1048,1926,917,1715,1626,1167,712,1618,817,53,1250,1016,287,319,1368,1984,981
45: 
46: 
1759: 401,1555,2008,325,1322,121,409,1261,1271,1191,1380,1807
48: 259
49: 
50: 724,1375
51: 
52: 678
53: 817,1584,1250,1016,287,319,1368,621,1797,1363,2016,1926,44,917,1715,1626,1167,712,1984,981
54: 916,844,660,1387,1455,236,524,195,197,1844,2000,644
55: 1813
56: 
1860: 778,1845,492,1559,923,1285,2011,1849,218
58: 
59: 1371
60: 954
61: 1749,474,638,1007,65,850,1838,646,2005,993,1633,465
62: 724,1375
63: 1913,240,64
64: 1913,240,63
65: 1952,1838,828,646,2005,1390,798,993,970,1245,1878,868,1633,465,1892,1255,1414,61,1749,474,638
66: 2014,898,704,1099,812,1146,1,707,1166,1069,1338,1597,310,1548,1047
1662: 225,1082,486,1026,598
68: 543,1143,1607
69: 
1715: 621,1797,1363,2016,1048,1926,44,917,1626,1167,712,1866,1618,817,53,1250,1016,319,1984
71: 1501
72: 1044,1569,1266,751,2013,547,826,1828,339,656,676,1533,2015,1230,173,1198,1011,1865,315,140,1855,202
73: 231,1104
74: 2007,1665,249,972,1910,2006,1161,1698,1039
1589: 
76: 
77: 1701,1306
78: 
1564: 
80: 
81: 1970,1621
82: 
83: 254
1989: 
85: 
86: 
1653: 766
88: 
89: 
90: 
1718: 695,1930,1908,544,2017,968,1882,1640
92: 1130
93: 1086,727,34,1484,1169,1964,2010,1641,1531,19,1556,1752,1713,1101,295,32
94: 1355
95: 585
1916: 
97: 
98: 
99: 
100: 1645,387,922,1059,1469,2018,773,1887,1932,1550,135,1431,309
1978: 
102: 1044,1569,1266,751,2013,466,547,826,1828,339,656,2015,173,1198,179,1011,1865,941,315,140,1855,202
103: 572
104: 298,21
105: 897,1782,1560
106: 
1774: 
108: 
109: 
110: 565,238,1260
111: 
112: 
1754: 1009,372
114: 1434,1389,2004,1788,1422,460,1981,1056,523,617,1410,329,1236,1097,536,529
1701: 77,1306
116: 
117: 1943,1897,437,1934,1428,958,2001,1058,722,1538,467,1228,358,375,356,1753
1682: 
119: 
120: 787
121: 401,741,1555,2008,325,1322,1894,1114,409,1261,1271,1380,1759,1807
122: 
123: 1796
124: 
125: 
126: 
127: 736
128: 28,748
129: 
130: 1924,1755,257
131: 1595,1084
132: 813
133: 
134: 841
135: 1645,387,922,100,1059,1469,2018,773,1887,1932,1550,309
136: 
137: 
1707: 533
139: 511,966
140: 102,1044,1569,751,2013,466,547,826,1828,339,676,1533,2015,173,1198,179,1011,72,1865,315,1855,202
141: 603,1301,1581,1112
142: 
1787: 1841,1522,1268,743
144: 1562,1222
1842: 
1598: 1079
147: 753
148: 998
1652: 
150: 
151: 1836,814
152: 
153: 1540,930,1670,1607,983,666
1766: 
155: 377,651
156: 1831
157: 
158: 
159: 
160: 
1753: 1943,1897,1428,958,2001,1058,722,117,1538,1075,467,561,358
162: 702
163: 
1547: 
165: 759
166: 1389,2004,11,1981,523,1410,329,571,1236,1097,536,520,1018
167: 
168: 10,934,894
169: 
170: 1709
1828: 102,1044,1569,1266,1019,751,2013,466,547,826,339,656,676,1533,2015,1230,173,1198,179,1011,72,1865,941,1876,315,140,1855,202
172: 261,1379
173: 102,1569,751,2013,466,547,826,1828,339,2015,1198,1011,72,1865,315,140,1855,202
2004: 1434,1389,166,1500,114,11,1426,1788,1448,1422,460,1981,1056,523,617,1410,329,571,1236,1942,1097,536,1863,520,529,303,1018
175: 1785
176: 205,284,1100,2012,1149,1854,756,1885,291,1327,1225,1834,421,450,262,566,1239,1292,495
1767: 
1639: 1612
179: 102,1266,1019,751,2013,466,826,1828,339,656,1533,2015,1011,941,1876,140,1855,202
2003: 752,1763,629,335,1046,1944,1036,2002,737,610,1103,933,857,1170,1027,1708,1674,1638,1843,588,1294,1213,793,1240,323,1153,1471
2002: 752,1763,629,335,1046,1944,1036,737,610,1103,933,857,1170,2003,1027,1708,1674,1638,1843,588,1294,1213,793,1240,323,1153,1471
182: 222,979,1421,1725,1740
183: 1277,1365
184: 538
185: 
186: 870,1512
2008: 401,741,1555,661,1600,325,1822,464,1322,1894,1391,1451,121,1114,1482,281,409,1819,1261,1271,1191,1380,1759,1807,1257,1526,1159,353,1248
188: 
1813: 55
1878: 65,1666,1952,1838,828,646,2005,1390,798,993,777,970,1245,868,1633,465,1458,1255,638
191: 469
192: 
193: 1902,1609,1683,2014,704,812,1146,1,707,431,1166,1069,1111,1200,310,1546,1548,1457
194: 
195: 524,1667,197,1549,1455,236,54,1387,1844,2000,644
196: 
197: 524,1667,195,1549,1455,236,916,844,54,660,1387,1844,2000,644
198: 
1611: 
1563: 
201: 
202: 102,1569,751,2013,466,547,826,1828,339,656,2015,173,1198,179,1011,72,1865,941,315,140,1855
203: 1254,16,1502,1654,400,1784
1588: 
205: 284,2012,1149,1854,1885,291,176,450,262,566,1239,1408
206: 
1779: 
208: 235,416
209: 1719
210: 1342,705,965,328
211: 
1612: 1639
213: 
214: 
215: 
1740: 1421,1725,222,182,979
217: 690,1400
218: 923,1285,2011,1849,778,1845,492,731,1559,1860
219: 
220: 1021
2001: 1281,1943,1897,437,1934,1428,958,1058,722,1616,117,1538,1075,467,561,1228,685,358,375,356,1753
222: 182,979,1740
223: 703,675,1509,1986,1927,1272
1647: 1523,461,1293,477,2009,1780,662,1120,592,1658,1083
225: 1662,1082,486,1026,598
226: 
227: 574,1991,1503,1769,1585
228: 1190,394
1583: 995,894
230: 2019,620,1912,1025,1765,1034,546,1171
231: 73,673,1104
232: 996
233: 
1693: 1208,1975
235: 208,416
236: 1455,524,195,197,1549,916,844,54,660,1387,1844,2000
237: 619,1062
238: 565,1260,110
1618: 1866,1797,2016,1048,1926,44,917,1715,1626,712,1250,634,1984
240: 1913,64,63
241: 1243
242: 
243: 
244: 
245: 
246: 
247: 
1719: 209
249: 2007,1665,74,2006,1698,1039
250: 1433,539
251: 
1780: 1523,461,1293,477,1647,926,2009,1145,662,1023,1102,1120,1278,1071,592,1658,1083
1799: 
254: 83
255: 
256: 
257: 130,1924,1755
258: 
259: 48
260: 858,596
261: 1379,172
262: 205,284,1100,2012,1149,1854,756,1885,291,176,1225,1834,421,450,566,1239,1292,1408
263: 
264: 1300,1802,1309,1933
265: 
266: 1867
267: 
268: 
269: 
270: 
271: 
1914: 1592,869,580
273: 1399
274: 
275: 
276: 
277: 
278: 
279: 1809,880
280: 30,29
281: 661,2008,325,1822,464,1894,1114,1271,1807,1526,1159,353,1248
282: 446,296,763,2019,620,376,1746,1912,1765,1034,1401,1147
1962: 
284: 205,2012,1149,1854,756,1885,291,176,1327,1225,1834,450,262,566,1239,1408,495
285: 
286: 1395,1126,687
287: 817,53,1584,1016,319,621,1363,2016,44,1167
288: 
289: 
290: 1317,652
291: 205,284,1100,2012,1149,1854,756,1885,176,1327,1225,1834,421,450,262,566,1292,495
292: 1695
293: 
294: 
295: 32,1086,727,34,1484,1964,2010,1641,1531,19,1101,93
296: 763,2019,620,376,1746,1912,282,1034,615,1401,1171,1147
297: 663,534
298: 104,21
299: 
300: 
301: 
302: 
303: 2004,1500,1788,1448,1056,1942,1863,529
304: 
1795: 
1562: 1222,144
307: 
308: 
309: 1431,922,100,1059,2018,773,1887,1932,1550,135
310: 1609,1683,2014,704,193,812,707,66,1166,1069,1546,1047
311: 395,809,1875
312: 
313: 1349
1930: 1908,544,2017,1718,695,968,1882,1640
315: 102,1044,1569,1266,751,2013,547,1828,339,656,2015,1230,173,1198,72,1865,140,1855,202
1546: 1902,1609,1393,1683,2014,704,193,812,1,707,431,1166,1069,1111,1338,310,1548,1229,1457
317: 
318: 1226
319: 817,53,1584,1250,1016,287,1368,2016,44,917,1715,712,1984,981
1974: 862,1089,1486
321: 
322: 
323: 1240,1153,1471,752,1046,1944,2002,737,933,857,2003,1027,588,1294,1213
1806: 
325: 401,741,661,2008,1600,1822,464,1322,1894,1391,1451,121,1114,1482,281,1261,1271,1191,1380,1759,1807,1257,1526,1159,353,1248
326: 
327: 
328: 1342,705,965,210
329: 1434,1389,166,2004,114,460,1981,1056,523,617,1410,571,1236,1097,536
330: 1592
1586: 1134
332: 764
333: 1539
334: 1792,977
335: 752,1763,629,1046,1944,1036,2002,737,610,1103,933,857,1170,2003,1027,1708,1674,1638,1843,588,1294,1213,793,1153,1471
1991: 227,574,1503,1769,1585
337: 
338: 
339: 102,1044,1569,1266,751,2013,466,547,826,1828,656,676,2015,1230,173,1198,179,1011,72,1865,941,315,140,1855,202
1755: 130,1924,257
341: 
342: 
343: 
1695: 292
345: 
346: 
347: 
1903: 
1838: 65,1666,850,828,646,2005,1390,798,993,970,1245,1878,868,1633,465,61,1749,474,638,1007
350: 
351: 
1614: 951
353: 741,661,2008,1600,325,1822,464,1322,1894,1451,1114,1482,281,1261,1271,1380,1807,1257,1526,1159,1248
1548: 1902,1393,1683,2014,898,704,1099,193,812,1146,1,707,431,66,1166,825,1069,1111,1338,1597,1200,1546,1047,385,1229
355: 1603
356: 1281,1943,1897,437,1934,958,2001,722,117,1538,1228,685,375
357: 
358: 1943,1897,437,1428,958,2001,1058,722,117,1538,1075,467,561,1228,375,1753
359: 
360: 
361: 
1968: 
363: 801,650
364: 
1835: 1349
1892: 65,1952,828,2005,1390,798,993,970,868,1633,1255,1414,474
1826: 
1984: 634,981,2016,1048,44,917,1715,712,1866,1618,817,53,1250,319,1368
369: 
370: 
371: 1055
372: 1754,1009
373: 
374: 
375: 1943,1897,437,1934,1428,958,2001,1058,722,117,467,1228,685,358,356
376: 446,296,763,2019,1746,1912,282,1034,1401,1147
377: 155,651
378: 
379: 
380: 1254,645,16,1405,1502,1654
1732: 1127
1673: 
383: 
384: 1347
385: 1902,1393,2014,898,704,1099,1146,1,707,431,825,1111,1338,1597,1200,1548,1229
386: 1472
387: 1645,922,100,1469,2018,773,1932,135
388: 
389: 832
390: 1305,1223,1541
391: 
392: 
1980: 581
394: 228
395: 809,311,1875
1641: 1086,727,34,508,1484,1169,1964,2010,1531,19,1556,1752,1713,1101,1717,93,295,32
397: 1664
398: 1520,1140
399: 1778
400: 1784,203
401: 741,1555,2008,1600,325,1822,1322,1894,1391,121,409,1819,1261,1271,1191,1380,1759,1807,1257,1526
402: 1744,1109,438,1020
403: 1668
1961: 594
405: 
406: 
1581: 603,1301,1830,141,1112
408: 
409: 401,1555,2008,1322,121,1271,1191,1759,1807
410: 
411: 1247
412: 
413: 
414: 
1709: 170,488
416: 235,208
417: 
1751: 
1580: 
420: 
421: 1100,2012,1149,1854,1885,291,176,1225,1834,450,262,566,1239,1292,1408,495
1749: 61,474,638,1007,65,850,1838,828,646,2005,1633,465,1414
423: 
424: 
425: 
426: 
427: 
428: 1853
429: 997
430: 1086,727,34,508,1484,1169,1964,2010,1531,19,1556,1752,1713,1717
431: 1902,1393,1683,2014,704,193,812,1146,1,707,1166,825,1111,1338,1597,1200,1546,1548,385,1229,1457
432: 1513
433: 
434: 541,1030
1723: 
436: 
437: 1281,1943,1897,1934,958,2001,1058,1616,117,1538,1228,685,358,375,356
438: 1020,402,1109
1827: 1177
1550: 922,100,1059,1469,2018,773,1887,1932,135,1431,309
1986: 703,675,1509,223,1927,1272
1555: 401,2008,1322,1894,121,409,1261,1271,1759,1807
443: 1064
444: 
445: 
446: 763,2019,620,376,1746,1912,282,1765,1034
1565: 
2006: 972,1910,1161,1698,2007,1665,74,249,1039
449: 1438,494
450: 205,284,1100,2012,1149,1854,756,1885,291,176,1327,1225,1834,421,262,566,1239,1292,1408,495
1544: 618,499
452: 
1752: 1086,727,34,508,1169,430,1964,2010,1641,1531,1556,1713,1101,1717,93
454: 1336
455: 
456: 
457: 
1825: 1315,1881,1488
1897: 1943,437,1934,1428,958,2001,1058,722,1616,117,1538,1075,467,561,1228,358,375,356,1753
460: 1434,1389,2004,1500,114,1788,1422,1981,1056,523,617,329,571,1236,1097,536,1863,529
461: 1523,1293,1647,2009,1780,1145,662,747,1120,586,592,1658,1083
462: 
1811: 1115
464: 661,2008,1600,325,1822,1451,1482,281,1257,1526,1159,353,1248
465: 65,1666,850,1838,828,646,2005,1390,798,993,970,1245,1878,868,1633,1255,61,1749,474,638,1007
466: 102,751,2013,826,1828,339,656,2015,173,179,1011,941,140,1855,202
467: 1897,1428,958,2001,722,117,561,1228,358,375,1753
468: 1891,795
469: 191
470: 
1864: 
472: 
473: 
474: 61,1749,638,1007,65,1952,850,1838,828,646,2005,798,993,970,1245,1633,465,1892,1255,1414
1902: 1393,1683,2014,898,704,193,1146,1,707,431,1166,825,1111,1338,1597,1200,1546,1548,385,1229,1457
476: 
477: 1523,1293,1647,926,2009,1780,662,1918,1023,747,1102,1120,1278,1071,503,592,1658,1083
478: 
479: 
480: 1224
481: 963
1937: 
1882: 968,1640,1930,1908,544,2017,1718
484: 
485: 
486: 1662,225,1082,598
487: 
488: 1709
1928: 
490: 1197,1705,1183,1772
1851: 1433,539,1747
492: 778,1845,731,1559,1860,923,1285,2011,218
493: 1712,1979,1815
494: 1438,449
495: 284,2012,1149,1854,756,291,176,1327,1225,1834,421,450,566,1292
1688: 
1845: 778,492,731,1559,1860,923,1285,2011,1849,218
498: 1925
499: 618,1544
500: 
501: 1507
1553: 
503: 1523,1293,477,926,2009,1145,662,1918,1023,747,1102,1120,586,1278,1071,592,1658,1083
1993: 1487
2017: 1930,1908,544,1718,695,968,1882,1640
506: 1463
1650: 626,1356
508: 34,1169,430,1964,2010,1641,1531,1556,1752,1713,1101,1717
1661: 
510: 1378,1182
511: 139,966
512: 1267
513: 
1805: 1052,833
2011: 923,1285,1849,218,778,1845,492,731,1559,1860
516: 
1881: 1315,1825
518: 
519: 1696
520: 1434,166,2004,1500,11,1426,1788,1448,1981,1056,523,1410,571,1236,1942,1097,536,1863,1018
521: 
522: 
523: 1434,1389,166,2004,1500,114,11,1426,1788,1448,460,1981,1056,617,1410,329,571,1236,1942,1097,536,1863,520,529,1018
524: 1667,195,197,1549,1455,236,916,844,54,660,1387,1844,2000,644
525: 
526: 
527: 
528: 
529: 1434,2004,1500,114,1426,1788,1422,460,1981,1056,523,617,1942,1097,1863,303
530: 
531: 
532: 1459
533: 1707
534: 297,663
1692: 
536: 1434,1389,166,2004,1500,114,11,1788,460,1981,1056,523,617,1410,329,571,1236,1097,520
1744: 402,1109
538: 184
539: 1433,1747,1851,250
1949: 
541: 1030,434
542: 
543: 1143,68,1540,930,1607
544: 1930,1908,2017,1718,695,968,1882,1640
1824: 
546: 615,1401,1171,1147,2019,620,1912,1025,1765,1034,230
547: 102,1044,1569,1266,751,2013,826,1828,339,656,676,2015,1230,173,1198,72,1865,941,315,140,1855,202
1760: 
1739: 
1674: 752,1763,629,335,1944,1036,2002,737,610,1103,933,857,1170,2003,1027,1708,1638,1843,588,1294,1213,793
551: 
1976: 
1890: 
554: 
555: 
556: 15
557: 
558: 
559: 
560: 
561: 1897,1428,958,2001,1058,1538,1075,467,1228,358,1753
562: 
563: 
1954: 
565: 238,1260,110
566: 205,284,2012,1149,1854,756,291,176,1327,1225,1834,421,450,262,1239,1292,495
567: 
568: 1714
1885: 205,284,1100,2012,1149,1854,756,291,176,1225,1834,421,450,262,1292,1408
570: 
571: 1389,166,2004,1500,11,1426,1448,460,1981,1056,523,617,1410,329,1236,1097,536,520,1018
572: 103
573: 
574: 227,1991,1503,1585
1999: 1551
576: 
577: 
578: 
579: 
580: 869,1914
581: 794,1980
1559: 778,1845,492,731,1860,923,1285,2011,1849,218
583: 
584: 
585: 95
586: 1523,461,1293,2009,1145,662,747,1120,1278,1071,503,1658,1083
1667: 524,195,197,1549,1844,2000,644
588: 752,335,1944,2002,737,1103,933,857,2003,1027,1708,1674,1294,1213,323,1153
1829: 
1696: 519
1953: 1276,893,706
592: 1523,461,1293,477,1647,926,2009,1780,1145,662,1023,747,1102,1120,1278,1071,503,1658,1083
593: 1519
594: 1961
1712: 1979,493,1815
596: 1840,260
597: 
598: 1662,225,1082,486,1026
599: 
600: 
1711: 
602: 
603: 1301,1581,1830,141
604: 
605: 1192,678
606: 
607: 
1867: 266
609: 
610: 752,1763,335,1046,1944,1036,2002,737,857,2003,1027,1674,1638,1843,1471
611: 
1726: 
613: 
614: 1506,1359,1232
615: 546,1401,1171,1147,296,763,2019,1912,1025
616: 
617: 1434,1389,2004,114,460,1981,1056,523,329,571,1236,1097,536,529
618: 1544,499
619: 1062,237
620: 446,296,763,2019,1746,1912,1025,282,1765,1034,230,546,1171
621: 1797,1363,2016,1926,44,1715,1626,1167,817,53,1016,287
622: 
1812: 1940
624: 1959,1440
625: 
626: 1650,1356
2009: 1523,461,1293,477,1647,926,1780,1145,662,1918,1023,747,1102,1120,586,1278,1071,503,592,1658,1083
628: 
629: 1763,335,1944,1036,2002,737,933,857,1170,2003,1708,1674,1638,1843,793
1629: 
1769: 227,1991,1503,1585
632: 
633: 
634: 1984,981,2016,1048,917,712,1866,1618,1250,1368
635: 
1927: 703,675,1509,223,1986
637: 1369
638: 61,1749,474,1007,65,850,1838,828,646,2005,798,993,1878,1633,465,1414
639: 
1542: 37
641: 
1615: 
1855: 102,1044,1569,1266,1019,751,2013,466,547,826,1828,339,656,676,1533,2015,1230,173,1198,179,1011,72,1865,941,1876,315,140,202
644: 1844,2000,1455,524,1667,195,197,916,54,660,1387
645: 1254,16,380,1502,1654
646: 65,850,1838,828,2005,798,993,1245,1878,1633,465,1255,1414,61,1749,474,638,1007
647: 
1725: 1421,1740,182
649: 
650: 363
651: 155,377
652: 1317,290
653: 
1573: 
655: 
656: 102,1044,1569,1266,1019,751,2013,466,547,826,1828,339,676,1533,2015,1230,179,1011,72,1865,941,1876,315,1855,202
657: 
1633: 65,1666,1952,850,1838,828,646,2005,1390,798,993,970,1245,1878,868,465,1892,1255,1414,61,1749,474,638,1007
659: 
660: 916,844,54,1387,1455,236,524,197,1549,1844,2000,644
661: 2008,1600,325,1822,464,1894,1451,1114,1482,281,1807,1257,1526,1159,353,1248
662: 1523,461,1293,477,1647,2009,1780,1145,747,1120,586,1278,1071,503,592,1658,1083
663: 297,534
664: 1177
1651: 
666: 983,1540,930,153,1670
667: 
668: 
669: 
670: 
671: 
1912: 446,296,763,2019,620,376,1746,1025,282,1765,1034,230,615,546,1401,1171,1147
673: 231,1104
1765: 446,763,2019,620,1746,1912,282,1034,230,546,1171,1147
675: 703,1509,223,1986,1927
676: 1044,1569,1266,1019,751,2013,547,826,1828,339,656,1533,2015,1230,1011,72,1865,1876,140,1855
1572: 1024,1430,1684
678: 605,52,1192
679: 1659
680: 
681: 
1776: 
683: 1430,1684,1024
684: 1862
685: 1281,1943,437,1934,2001,1058,1616,375,356
1969: 
687: 1397,1395,286,1126
1778: 399
1840: 596
690: 217,1400
1694: 
692: 
1616: 1943,1897,437,1428,2001,1058,1538,1075,685
694: 
695: 1718,1930,1908,544,2017,1640
696: 
1874: 1091
698: 
699: 971
700: 
1584: 817,53,1016,287,319,2016,1167
702: 162
703: 675,1509,223,1986,1927,1272
704: 1902,1609,1393,1683,2014,898,1099,193,812,1146,1,707,431,66,1166,1069,1111,1338,1597,1200,310,1546,1548,1047,385
705: 1342,965,210,710,328
706: 1276,893,1953
707: 1902,1609,1393,1683,2014,898,704,193,812,1146,1,431,66,1166,825,1069,1111,1338,1597,310,1546,1548,1047,385,1229
708: 
709: 
710: 705,965
711: 1382
712: 1797,2016,1048,44,917,1715,1626,1167,1866,1618,817,53,1250,319,1368,634,1984,981
713: 1498
714: 
715: 1649
1876: 1044,1569,1266,1019,751,2013,826,1828,656,676,1533,2015,179,1011,941,1855
717: 
718: 
1944: 752,629,335,1046,1036,2002,737,610,1103,933,857,2003,1027,1708,1674,1638,588,1294,1213,1240,323,1153,1471
1642: 
721: 1593
722: 1943,1897,958,2001,117,1538,467,1228,358,375,356,1753
1734: 
724: 62,1375,50
1579: 
726: 
727: 1086,34,1484,1169,430,1964,2010,1641,1531,19,1556,1752,1713,1101,1717,93,295,32
1613: 
1784: 400,1254,203,1654
1704: 
731: 1845,492,1559,923,1285,2011,1849,218
732: 901
1933: 264,1802,1309
734: 
735: 
736: 127
737: 752,1763,629,335,1046,1944,1036,2002,610,933,857,2003,1027,1708,1674,1638,1843,588,1294,1213,1240,323,1153,1471
738: 
739: 
740: 
741: 401,2008,325,1822,1322,1894,1451,121,1114,1482,1261,1271,1380,1807,1257,1526,1159,353,1248
1549: 524,1667,195,197,1455,236,660,1387,2000
743: 1841,1787,1522,1268
1591: 
1982: 
1567: 
747: 1523,461,1293,477,926,2009,1145,662,1918,1023,1120,586,1278,1071,503,592,1658,1083
748: 28,128
1879: 1299
750: 
751: 102,1044,1569,1266,1019,2013,466,547,826,1828,339,656,676,1533,2015,1230,173,179,1011,72,1865,1876,315,140,1855,202
752: 335,1046,1944,1036,2002,737,610,1103,933,857,2003,1027,1708,1674,1638,1843,588,1294,1213,1240,323,1153,1471
753: 147
754: 808
755: 
756: 284,1100,2012,1149,1885,291,176,1327,1225,1834,450,262,566,1292,495
1606: 
758: 1529,1162
759: 165
1684: 1430,683,1024,1572
761: 1987
762: 
763: 446,296,2019,620,376,1746,1912,282,1765,1034,615,1401,1171,1147
764: 332
765: 
766: 1653
767: 
1846: 
769: 
1730: 
771: 1602
772: 
773: 1645,387,922,100,1059,1469,2018,1932,1550,135,1431,309
774: 
775: 
1880: 
777: 1666,1952,2005,1390,798,993,970,1878,868,1458
778: 1845,492,1559,1860,1285,2011,218
779: 
780: 
781: 
782: 
783: 
784: 
1785: 175
786: 
787: 120
788: 
789: 
790: 
791: 
792: 
793: 629,335,1036,2002,1103,933,857,1170,2003,1708,1674,1843,1213
794: 581
795: 468,1891
796: 
797: 
798: 65,1666,1952,1838,828,646,2005,1390,993,777,970,1245,1878,868,1633,465,1458,1892,1255,1414,474,638,1007
799: 
800: 1004,1720
801: 363
1917: 
803: 
1609: 1683,2014,704,193,812,1,707,1166,1069,1111,310,1546,1047
1919: 
806: 
1631: 
808: 754
809: 395,311,1875
810: 
811: 
812: 1609,1393,1683,2014,898,704,1099,193,1146,1,707,431,66,1166,1069,1111,1338,310,1546,1548,1047
813: 132
814: 1096,151
1849: 923,1285,2011,218,1845,731,1559,1860
816: 
817: 53,1584,1250,1016,287,319,1368,621,1797,1363,2016,44,917,1715,1167,712,1984,981
818: 
819: 
1802: 264,1300,1309,1933
821: 
822: 
1898: 
824: 1957
825: 1902,1393,2014,1,707,431,1111,1338,1597,1200,1548,385,1229
826: 102,1044,1569,1266,1019,751,2013,466,547,1828,339,656,676,1533,2015,173,179,1011,72,1865,941,1876,140,1855,202
827: 
828: 65,1666,1952,1838,646,2005,1390,798,993,970,1245,1878,868,1633,465,1892,1255,1414,1749,474,638,1007
1975: 1208,1693
830: 12,1450
1608: 
832: 1249,389,1497
833: 1052,1805
834: 1463
835: 
836: 
1942: 2004,1500,1426,1788,1448,1056,523,1097,1863,520,529,303,1018
2016: 621,1797,1363,1048,1926,44,917,1715,1626,1167,712,1866,1618,817,53,1584,1250,1016,287,319,1368,634,1984,981
839: 
840: 1839,1074
841: 134
842: 1212
843: 1364
844: 916,54,660,1387,1455,236,524,197,1844,2000
1844: 2000,644,1455,236,524,1667,195,197,916,844,54,660,1387
1690: 
1843: 752,1763,629,335,1036,2002,737,610,933,857,1170,2003,1708,1674,1638,793
848: 
849: 
850: 1838,646,2005,1245,1633,465,61,1749,474,638,1007
851: 
1569: 102,1044,1266,1019,751,2013,547,826,1828,339,656,676,1533,2015,1230,173,1198,1011,72,1865,941,1876,315,140,1855,202
1891: 468,795
1996: 
855: 
1691: 
857: 752,1763,629,335,1046,1944,1036,2002,737,610,1103,933,2003,1027,1708,1674,1638,1843,588,1294,1213,793,1240,323,1153,1471
858: 260
859: 1998
1848: 
861: 
862: 1089,1486,1974
863: 
864: 
865: 
1747: 1433,539,1851
2019: 446,296,763,620,376,1746,1912,1025,282,1765,1034,230,615,546,1401,1171,1147
868: 65,1666,1952,1838,828,2005,1390,798,993,777,970,1245,1878,1633,465,1458,1892,1255,1414
869: 580,1914
870: 186,1512
1595: 131,1084
872: 1263
1585: 227,574,1991,1503,1769
874: 
1934: 1281,1943,1897,437,1428,958,2001,1058,117,1228,685,375,356
876: 1251
1852: 
878: 
879: 
880: 279,1809
1887: 922,100,1059,1469,2018,1932,1550,135,1431,309
882: 
2018: 1645,387,922,100,1059,1469,773,1887,1932,1550,135,1431,309
884: 
885: 
1560: 105,897,1782
1836: 151
888: 
889: 
1698: 972,1910,2006,1161,2007,1665,74,249,1039
891: 
892: 
893: 1276,706,1953
894: 1583,995,168
895: 
1921: 
897: 105,1782,1560
898: 1902,1393,2014,704,1099,812,1146,1,707,66,1069,1338,1597,1200,1548,1047,385
899: 
1714: 568
901: 732
902: 
903: 
904: 
905: 
906: 1066
907: 1329
908: 
909: 
910: 
911: 
912: 
1676: 
914: 
915: 1252,978
916: 844,54,660,1387,1455,236,524,197,1844,2000,644
917: 1797,2016,1048,44,1715,1626,1167,712,1866,1618,817,53,1250,319,1368,634,1984,981
918: 952
919: 
920: 
1900: 
922: 1645,387,100,1059,1469,2018,773,1887,1932,1550,135,309
923: 1285,2011,1849,218,1845,492,731,1559,1860
1630: 
925: 
926: 1523,1293,477,2009,1780,1918,1023,747,1102,1120,1278,1071,503,592,1658,1083
1788: 1434,2004,1500,114,11,1426,1448,1422,460,1981,1056,523,1410,1236,1942,1097,536,1863,520,529,303,1018
928: 
2007: 1665,74,249,972,1910,2006,1161,1698,1039
930: 1540,153,1670,1607,983,666,543
931: 1329
932: 
933: 752,629,335,1944,1036,2002,737,1103,857,2003,1027,1708,1674,1843,588,1294,1213,793,323
934: 1094,168,10
935: 17
936: 
937: 
938: 
1713: 1086,727,34,508,1484,1169,430,1964,2010,1641,1531,1556,1752,1101,1717,93,32
1804: 
941: 102,1044,1569,1266,1019,2013,466,547,826,1828,339,656,2015,179,1011,1876,1855,202
942: 
1746: 446,296,763,2019,620,376,1912,282,1765,1034,1401,1171,1147
944: 
1640: 968,1882,1930,1908,544,2017,1718,695
946: 
947: 
948: 
1998: 859
1822: 401,741,661,2008,1600,325,464,1322,1894,1391,1451,1114,1482,281,1819,1261,1271,1191,1380,1807,1257,1526,1159,353,1248
951: 1614
952: 918
1990: 992
954: 60
955: 1582,1627
956: 1269
1830: 603,1581
958: 1943,1897,437,1934,1428,2001,1058,722,117,1538,1075,467,561,1228,358,375,356,1753
1710: 
960: 1632
2000: 1844,644,1455,236,524,1667,195,197,1549,916,844,54,660,1387
962: 
963: 481
1958: 1398
965: 1342,705,210,710,328
966: 139,511
1763: 629,335,1036,2002,737,610,857,2003,1674,1638,1843
968: 1882,1640,1930,1908,544,2017,1718
969: 
970: 65,1666,1952,1838,828,2005,1390,798,993,777,1245,1878,868,1633,465,1458,1892,1255,1414,474
971: 699
972: 1910,2006,1161,1698,2007,1665,74,1039
973: 
1955: 
1782: 105,897,1560
1643: 
977: 334,1792
978: 915,1252
979: 222,182,1421,1740
980: 
981: 634,1984,2016,44,917,1167,712,1866,817,53,1250,319,1368
982: 
983: 666,1540,930,153,1670
984: 1385,1303
1664: 397
1862: 684
1866: 1618,2016,1048,917,1715,712,634,1984,981
1649: 715
989: 
990: 
2015: 102,1044,1569,1266,1019,751,2013,466,547,826,1828,339,656,676,1533,1230,173,1198,179,1011,72,1865,941,1876,315,140,1855,202
992: 1990
993: 65,1952,1838,828,646,2005,1390,798,777,970,1245,1878,868,1633,465,1892,1255,1414,61,474,638
994: 
995: 1583,894
996: 232
997: 429
998: 148
999: 
1819: 401,2008,1600,1822,1391,1482,1191,1380,1257
1794: 1895,1252
1002: 
1003: 
1004: 1720,800
1610: 
1703: 
1007: 61,1749,474,638,850,1838,828,646,2005,798,1245,1633,465,1255
1554: 
1009: 1754,372
1010: 
1011: 102,1044,1569,1019,751,2013,466,826,1828,339,656,676,1533,2015,173,179,72,1865,941,1876,140,1855,202
1920: 
1013: 
1014: 
1015: 
1016: 817,53,1584,1250,287,319,621,1363,2016,1926,44,1715,1626,1167
1017: 
1018: 166,2004,1500,11,1426,1788,1448,523,1410,571,1236,1942,1097,520
1019: 1044,1569,1266,751,2013,826,1828,656,676,1533,2015,1230,179,1011,941,1876,1855
1020: 438,402,1109
1021: 220
1022: 
1023: 1523,477,926,2009,1780,1145,1918,747,1102,1120,1278,1071,503,592,1658,1083
1024: 1572,1430,1684,683
1025: 2019,620,1912,1034,230,615,546,1171
1026: 1662,225,1082,598
1027: 752,335,1046,1944,1036,2002,737,610,1103,933,857,2003,1708,1674,1638,588,1294,1213,1240,323,1153,1471
1028: 
1621: 1970,81
1030: 541,434
1031: 
1770: 
1033: 
1034: 446,296,763,2019,620,376,1746,1912,1025,282,1765,230,546,1401,1171,1147
1854: 205,284,2012,1149,1885,291,176,1834,421,450,262,566,1239,1408,495
1036: 752,1763,629,335,1046,1944,2002,737,610,1103,933,857,1170,2003,1027,1708,1674,1638,1843,1294,1213,793
1037: 
1038: 
1039: 2007,1665,74,249,972,1910,2006,1161,1698
1040: 
1041: 
1042: 
1043: 
1044: 102,1569,1266,1019,751,2013,547,826,1828,339,656,676,1533,2015,1230,1011,72,1865,941,1876,315,140,1855
1045: 
1046: 752,335,1944,1036,2002,737,610,857,2003,1027,1638,1294,1213,1240,323,1153,1471
1047: 1609,1683,2014,898,704,1099,812,1146,1,707,66,1166,1069,1111,1338,310,1548
1048: 1797,2016,1926,44,917,1715,1626,1167,712,1866,1618,1250,634,1984
1970: 81,1621
1050: 
1051: 
1052: 1805,833
1053: 
1054: 
1055: 371
1056: 1434,1389,2004,1500,114,1426,1788,1448,1422,460,1981,523,617,1410,329,571,1236,1942,1097,536,1863,520,529,303
1620: 
1058: 1943,1897,437,1934,1428,958,2001,1616,117,1538,1075,561,685,358,375,1753
1059: 1645,922,100,1469,2018,773,1887,1932,1550,135,1431,309
1060: 
1061: 
1062: 619,237
1063: 
1064: 443
1820: 
1066: 906
1067: 1437
1068: 
1069: 1609,1683,2014,898,704,1099,193,812,1146,1,707,66,1166,1111,1338,310,1546,1548,1047
1638: 752,1763,629,335,1046,1944,1036,2002,737,610,857,2003,1027,1674,1843,1471
1071: 1523,1293,477,926,2009,1780,1145,662,1918,1023,747,1102,1120,586,1278,503,592,1658,1083
1072: 1299,1370
1073: 
1074: 1839,840
1075: 1943,1897,1428,958,2001,1058,1616,1538,561,358,1753
1076: 
1077: 
1841: 1787,1522,1268,743
1079: 1598
1956: 
1783: 
1082: 1662,225,486,1026,598
1083: 1523,461,1293,477,1647,926,2009,1780,1145,662,1918,1023,747,1102,1120,586,1278,1071,503,592,1658
1084: 131,1595
1925: 498
1086: 727,34,1484,1169,430,1964,2010,1641,1531,19,1556,1752,1713,1101,1717,93,295
1087: 1227
1697: 
1089: 862,1486,1974
1090: 
1091: 1874
1092: 
1093: 
1094: 10,934
1095: 
1096: 814
1097: 1434,1389,166,2004,1500,114,11,1426,1788,1448,460,1981,1056,523,617,1410,329,571,1236,1942,536,1863,520,529,1018
1098: 
1099: 2014,898,704,812,1146,1,66,1069,1338,1597,1200,1548,1047,385
1100: 2012,1149,756,1885,291,176,1225,1834,421,450,262,1239,1292,1408
1101: 1086,727,34,508,1169,1964,2010,1641,1531,19,1556,1752,1713,1717,93,295
1102: 1523,477,926,2009,1780,1145,1918,1023,1120,1278,1071,503,592,1658,1083
1103: 752,335,1944,1036,2002,933,857,2003,1027,1708,1674,588,1294,1213,793
1104: 73,231,673
1105: 
1106: 
1909: 1234,1256
1108: 
1109: 1744,402,438,1020
1110: 1210
1111: 1902,1609,1393,1683,2014,704,193,812,1146,1,707,431,1166,825,1069,1338,1597,1200,1546,1548,1047,385,1229,1457
1112: 1301,1581,141
1113: 
1114: 741,661,2008,325,1822,1322,1894,1451,121,281,1261,1271,1807,1257,1526,1159,353,1248
1115: 1811
1116: 
1117: 
1118: 
1720: 1004,800
1120: 1523,461,1293,477,1647,926,2009,1780,1145,662,1023,747,1102,586,1278,1071,503,592,1658,1083
1121: 
1122: 
1123: 
1124: 
1834: 284,1100,2012,1149,1854,756,1885,291,176,1327,1225,421,450,262,566,1292,1408,495
1126: 1397,1395,286,687
1127: 1732
1128: 
1129: 
1130: 92
1131: 
1907: 
1133: 
1134: 1586
1809: 279,880
1136: 
1552: 
1831: 156
1873: 
1140: 1520,398
1141: 1288
1142: 
1143: 543,68
1144: 
1145: 1523,461,1293,2009,1780,662,1023,747,1102,1120,586,1278,1071,503,592,1658,1083
1146: 1902,1393,1683,2014,898,704,1099,193,812,1,707,431,66,1069,1111,1338,1597,1200,1548,1047,385
1147: 615,546,1401,1171,296,763,2019,376,1746,1912,282,1765,1034
1148: 
1149: 205,284,1100,2012,1854,756,1885,291,176,1225,1834,421,450,262,566,1239,1292,1408,495
1150: 
1151: 
1152: 
1153: 1240,323,1471,752,335,1046,1944,2002,737,857,2003,1027,1708,588,1294,1213
1773: 
1155: 
1156: 
1863: 1434,2004,1500,1426,1788,1448,1422,460,1056,523,1942,1097,520,529,303
1158: 
1159: 741,661,2008,325,1822,464,1894,1451,1114,281,1257,1526,353,1248
1160: 
1161: 972,1910,2006,1698,2007,1665,74,1039
1162: 758,1529
1163: 
1818: 
1165: 1637,1453
1166: 1902,1609,1393,1683,2014,704,193,812,1,707,431,66,1069,1111,1338,1597,310,1546,1548,1047,1457
1167: 621,1797,1363,2016,1048,1926,44,917,1715,1626,712,817,53,1584,1250,1016,287,981
1168: 
1169: 1086,727,34,508,430,1964,2010,1641,1531,19,1556,1752,1713,1101,1717,93
1170: 629,335,1036,2002,2003,1708,1674,1843,793
1171: 615,546,1401,1147,296,763,2019,620,1746,1912,1025,1765,1034,230
1172: 
1602: 771
1174: 
1901: 
1582: 955,1627
1177: 1827,664
1178: 
1814: 20
1180: 
1981: 1434,1389,166,2004,1500,114,11,1426,1788,1448,460,1056,523,617,1410,329,571,1236,1097,536,520,529
1182: 1378,510
1183: 1197,1705,490
1184: 
1185: 1206
1186: 
1187: 
1895: 1794,1252
1566: 25
1190: 228
1191: 401,2008,1600,325,1822,1322,1391,1482,409,1819,1380,1759,1807,1257
1192: 605,678
1193: 
1700: 
1607: 1540,930,153,1670,543,68
1617: 
1197: 1705,490,1183,1772
1198: 102,1569,2013,547,1828,339,2015,1230,173,72,1865,315,140,1855,202
1199: 
1200: 1902,1393,1683,2014,898,704,1099,193,1146,1,431,825,1111,1597,1548,385,1229
1201: 
1679: 
1203: 
1637: 1165
1205: 
1206: 1185
1592: 1914,330
1208: 1693,1975
1951: 1781
1210: 1110
1675: 1741
1212: 842
1213: 752,335,1046,1944,1036,2002,737,1103,933,857,2003,1027,1708,1674,588,1294,793,1240,323,1153,1471
2013: 102,1044,1569,1266,1019,751,466,547,826,1828,339,656,676,1533,2015,1230,173,1198,179,1011,72,1865,941,1876,315,140,1855,202
1215: 
1216: 
1217: 
1218: 
1219: 
1220: 
1946: 
1222: 1562,144
1223: 1305,1541,390
1224: 480
1225: 284,1100,2012,1149,756,1885,291,176,1327,1834,421,450,262,566,1292,495
1226: 318
1227: 1087
1228: 1943,1897,437,1934,958,2001,722,117,1538,467,561,358,375,356
1229: 1902,1393,2014,1,707,431,825,1111,1597,1200,1546,1548,385,1457
1230: 1044,1569,1266,1019,751,2013,547,1828,339,656,676,2015,1198,72,1865,315,1855
1717: 1086,727,34,508,1484,1169,430,1964,2010,1641,1531,19,1556,1752,1713,1101
1232: 1506,1359,614
1837: 
1234: 1909,1256
1913: 240,64,63
1236: 1434,1389,166,2004,1500,114,11,1426,1788,1448,460,1981,1056,523,617,1410,329,571,1097,536,520,1018
1721: 
1924: 130,1755,257
1239: 205,284,1100,2012,1149,1854,176,421,450,262,566,1292,1408
1240: 323,1153,1471,752,1046,1944,2002,737,857,2003,1027,1294,1213
1241: 
1821: 
1243: 241
1244: 
1245: 65,1666,1952,850,1838,828,646,2005,1390,798,993,970,1878,868,1633,465,1458,1255,474,1007
1627: 955,1582
1247: 411
1248: 741,661,2008,1600,325,1822,464,1894,1451,1114,1482,281,1257,1526,1159,353
1249: 832,1497
1250: 817,53,1016,319,1368,2016,1048,1926,44,917,1715,1167,712,1618,634,1984,981
1251: 876
1252: 915,978,1794,1895
1597: 1902,1393,2014,898,704,1099,1146,1,707,431,66,1166,825,1111,1338,1200,1548,385,1229
1254: 645,16,380,203,1405,1502,1654,1784
1255: 65,1666,1952,828,646,2005,1390,798,993,970,1245,1878,868,1633,465,1892,1414,474,1007
1256: 1234,1909
1257: 401,741,661,2008,1600,325,1822,464,1322,1894,1391,1451,1114,1482,1819,1261,1191,1380,1807,1526,1159,353,1248
1258: 
1259: 
1260: 565,238,110
1261: 401,741,1555,2008,325,1822,1322,1894,121,1114,1271,1380,1759,1807,1257,1526,353
1979: 1712,493
1263: 872,1792
1264: 
1645: 387,922,100,1059,1469,2018,773,135
1266: 102,1044,1569,1019,751,2013,547,826,1828,339,656,676,1533,2015,1230,179,72,941,1876,315,1855
1267: 512
1268: 1841,1787,1522,743
1269: 956
1915: 
1271: 401,741,1555,2008,325,1822,1322,1894,121,1114,281,409,1261,1759,1807,1526,353
1272: 703,223,1986
1943: 1897,437,1934,1428,958,2001,1058,722,1616,117,1538,1075,1228,685,358,375,356,1753
1274: 
1275: 
1276: 893,706,1953
1277: 1365,183
1278: 1523,1293,477,926,2009,1780,1145,662,1918,1023,747,1102,1120,586,1071,503,592,1658,1083
2010: 1086,727,34,508,1484,1169,430,1964,1641,1531,19,1556,1752,1713,1101,1717,93,295,32
1280: 
1281: 437,1934,2001,685,356
1894: 401,741,1555,661,2008,325,1822,1322,121,1114,281,1261,1271,1807,1257,1526,1159,353,1248
1283: 
1875: 395,809,311
1285: 923,2011,1849,218,778,1845,492,731,1559,1860
1286: 
1287: 
1288: 1141
1289: 
1290: 1304
1291: 
1292: 1100,2012,1149,756,1885,291,176,1225,1834,421,450,262,566,1239,495
1293: 1523,461,477,1647,926,2009,1780,1145,662,747,1120,586,1278,1071,503,592,1658,1083
1294: 752,335,1046,1944,1036,2002,737,1103,933,857,2003,1027,1708,1674,588,1213,1240,323,1153
1295: 
1296: 
1800: 
1932: 387,922,100,1059,1469,2018,773,1887,1550,135,1431,309
1299: 1072,1370,1879
1300: 264,1802,1309
1301: 603,1581,141,1112
1302: 
1303: 1385,984
1304: 1290
1305: 1223,1541,390
1306: 1701,77
1987: 761
1308: 
1309: 264,1300,1802,1933
1310: 
1677: 
1312: 1521
1313: 
1314: 
1315: 1881,1825
1316: 
1317: 652,290
1666: 1838,828,2005,1390,798,777,970,1245,1878,868,1633,465,1458,1255
1319: 
1320: 
1708: 752,629,335,1944,1036,2002,737,1103,933,857,1170,2003,1027,1674,1843,588,1294,1213,793,1153
1322: 401,741,1555,2008,1600,325,1822,1894,1391,121,1114,409,1261,1271,1191,1380,1759,1807,1257,1526,353
1323: 
1957: 824
1325: 
1908: 1930,544,2017,1718,695,968,1882,1640
1327: 284,2012,756,291,176,1225,1834,450,566,495
1328: 
1329: 907,931
1330: 
1331: 
1772: 1197,490
2012: 205,284,1100,1149,1854,756,1885,291,176,1327,1225,1834,421,450,262,566,1239,1292,1408,495
1556: 1086,727,34,508,1484,1169,430,1964,2010,1641,1531,19,1752,1713,1101,1717,93
1335: 
1336: 454
1600: 401,661,2008,325,1822,464,1322,1391,1482,1819,1191,1380,1807,1257,1526,353,1248
1338: 1902,1393,1683,2014,898,704,1099,812,1146,1,707,431,66,1166,825,1069,1111,1597,1546,1548,1047,385
1339: 
1793: 
1341: 
1342: 705,965,210,328
1807: 401,741,1555,661,2008,1600,325,1822,1322,1894,121,1114,281,409,1261,1271,1191,1380,1759,1257,1526,353
1344: 
1345: 
1603: 355
1347: 384
1935: 
1349: 313,1835
1632: 960
1351: 
1964: 1086,727,34,508,1484,1169,430,2010,1641,1531,19,1556,1752,1713,1101,1717,93,295,32
1353: 
1777: 
1355: 94
1356: 626,1650
1357: 
1358: 
1359: 614,1232
1668: 403
1361: 
1362: 
1363: 621,1797,2016,1926,44,1715,1626,1167,817,53,1016,287
1364: 843
1365: 1277,183
1366: 
1850: 
1368: 817,53,1250,319,2016,44,917,712,634,1984,981
1369: 637
1370: 1299,1072
1371: 59
1665: 2007,74,249,972,1910,2006,1161,1698,1039
1373: 
1374: 
1375: 724,62,50
1655: 
1377: 
1378: 1182,510
1379: 261,172
1380: 401,741,2008,1600,325,1822,1322,1391,1451,121,1482,1819,1261,1191,1759,1807,1257,1526,353
1381: 
1382: 711
1796: 123
1952: 65,828,2005,1390,798,993,777,970,1245,1878,868,1633,1892,1255,1414,474
1385: 1303,984
1386: 
1387: 916,844,54,660,1455,236,524,195,197,1549,1844,2000,644
1388: 
1389: 1434,166,2004,114,11,460,1981,1056,523,617,1410,329,571,1236,1097,536
1390: 65,1666,1952,1838,828,2005,798,993,777,970,1245,1878,868,1633,465,1458,1892,1255
1391: 401,2008,1600,325,1822,1322,1482,1819,1191,1380,1257
1392: 
1393: 1902,1683,2014,898,704,812,1146,1,707,431,1166,825,1111,1338,1597,1200,1546,1548,385,1229,1457
1394: 
1395: 1397,286,1126,687
1781: 1951
1397: 1395,1126,687
1398: 1958
1399: 273
1400: 217,690
1401: 615,546,1171,1147,296,763,2019,376,1746,1912,282,1034
1402: 
1403: 
1404: 1551
1405: 1254,16,380,1654
1406: 
1657: 
1408: 205,284,1100,2012,1149,1854,1885,1834,421,450,262,1239
1853: 428
1410: 1434,1389,166,2004,1500,114,11,1788,1448,1981,1056,523,329,571,1236,1097,536,520,1018
2005: 65,1666,1952,850,1838,828,646,1390,798,993,777,970,1245,1878,868,1633,465,1458,1892,1255,1414,61,1749,474,638,1007
1412: 
1413: 25
1414: 65,1952,828,646,2005,798,993,970,868,1633,1892,1255,1749,474,638
1596: 
1918: 477,926,2009,1023,747,1102,1278,1071,503,1083
1417: 
1593: 721
1419: 
1420: 
1421: 1725,1740,182,979
1422: 1434,2004,1500,114,1788,460,1056,1863,529
1940: 1812
1654: 1254,645,16,380,203,1405,1502,1784
1775: 
1426: 2004,1500,11,1788,1448,1981,1056,523,571,1236,1942,1097,1863,520,529,1018
1965: 
1428: 1943,1897,1934,958,2001,1058,1616,117,1075,467,561,358,375,1753
1429: 
1430: 1684,683,1024,1572
1431: 309,100,1059,2018,773,1887,1932,1550
1886: 
1433: 539,1747,1851,250
1434: 1389,2004,1500,114,1788,1448,1422,460,1981,1056,523,617,1410,329,1236,1097,536,1863,520,529
1659: 1460,679
1748: 
1437: 1067
1438: 449,494
1439: 
1440: 1959,624
1441: 
1442: 
1443: 
1444: 
1445: 
1446: 
1792: 1263,334,977
1448: 1434,2004,1500,11,1426,1788,1981,1056,523,1410,571,1236,1942,1097,1863,520,303,1018
1449: 
1450: 12,830
1451: 741,661,2008,325,1822,464,1114,1482,1380,1257,1526,1159,353,1248
1452: 
1453: 1165
1454: 
1455: 236,524,195,197,1549,916,844,54,660,1387,1844,2000,644
1456: 
1457: 1902,1393,1683,2014,193,1,431,1166,1111,1546,1229
1458: 1666,2005,1390,798,777,970,1245,1878,868
1459: 532
1460: 1659
1973: 
1462: 
1463: 506,834
1790: 
1465: 
1705: 1197,490,1183
1467: 
1551: 1999,1404
1469: 1645,387,922,100,1059,2018,773,1887,1932,1550,135
1656: 
1471: 1240,323,1153,752,335,1046,1944,2002,737,610,857,2003,1027,1638,1213
1472: 386
1473: 
1474: 
1475: 
1476: 
1687: 
1815: 1712,493
1561: 
1683: 1902,1609,1393,2014,704,193,812,1146,1,707,431,1166,1069,1111,1338,1200,310,1546,1548,1047,1457
1670: 1540,930,153,1607,983,666
1482: 741,661,2008,1600,325,1822,464,1391,1451,1819,1191,1380,1257,1526,353,1248
1483: 
1484: 1086,727,34,430,1964,2010,1641,1531,19,1556,1713,1717,93,295,32
1658: 1523,461,1293,477,1647,926,2009,1780,1145,662,1023,747,1102,1120,586,1278,1071,503,592,1083
1486: 862,1089,1974
1487: 1993
1488: 1825
1963: 
1490: 
1491: 
1492: 
1493: 
1571: 
1495: 1669
1496: 
1497: 1249,832
1498: 713
1499: 
1500: 1434,2004,1426,1788,1448,1422,460,1981,1056,523,1410,571,1236,1942,1097,536,1863,520,529,303,1018
1501: 71
1502: 1254,645,16,380,203,1654
1503: 227,574,1991,1769,1585
1504: 
1505: 
1506: 614,1232
1507: 501
1508: 
1509: 703,675,223,1986,1927
1510: 
1511: 
1512: 870,186
1513: 432
1514: 
1959: 624,1440
2014: 1902,1609,1393,1683,898,704,1099,193,812,1146,1,707,431,66,1166,825,1069,1111,1338,1597,1200,310,1546,1548,1047,385,1229,1457
1517: 
1518: 
1519: 593
1520: 1140,398
1521: 1312
1522: 1841,1787,1268,743
1523: 461,1293,477,1647,926,2009,1780,1145,662,1023,747,1102,1120,586,1278,1071,503,592,1658,1083
1524: 
1669: 1495
1526: 401,741,661,2008,1600,325,1822,464,1322,1894,1451,1114,1482,281,1261,1271,1380,1807,1257,1159,353,1248
1527: 
1626: 621,1797,1363,2016,1048,1926,44,917,1715,1167,712,1618,53,1016
1529: 758,1162
1530: 36
1531: 1086,727,34,508,1484,1169,430,1964,2010,1641,19,1556,1752,1713,1101,1717,93,295
1532: 
1533: 1044,1569,1266,1019,751,2013,826,1828,656,676,2015,179,1011,72,1876,140,1855
1534: 
1839: 1074,840
1536: 
1741: 1675
1538: 1943,1897,437,958,2001,1058,722,1616,117,1075,561,1228,358,356,1753
1539: 333
1540: 930,153,1670,1607,983,666,543
1541: 1305,1223,390