1758: 249,1910,2007,972,841,842,1079,1039,1665,74,1161,2006,1901,1698
1: 800,1445,898,1047,431,2014,1338,1004,1200,385,825,1229,1099,1111,1166,1902
1471: 1240,1153,629,793,1674,1638,1213,933,2002,335,737,857,752,487,610,1294,1036,1763,1027,1676,588,1103,1944,1708,1843,1046,323,1170,2003
3: 
1803: 332
1926: 1969,1048,1984,712,44,621,817,1167,319,2016,1618,981,472,1368,634
6: 1362
7: 1639
1797: 1715,1969,1048,1984,44,621,53,2016,1837,1250,1626,287,917
9: 1842
10: 1690
11: 523,460,166,2004,1448,329,1863,520,536,303,1500,1426,114,1434,1981,1236,1018,571,1788
12: 
1756: 565,1586,1241,110
1865: 1569,826,1855,1198,173,1876,656,2013,751,1828,102,2015,315,179,140,1266,676,547,941,1044,1019,997,1230
15: 
16: 
17: 
18: 
19: 295,1086,1291,275,1053,1347,727,384,1964,2010,80,1420,1713,1717,93,1169,34,1129
20: 
21: 
22: 
1393: 1445,898,1146,1047,193,2014,73,1338,470,1200,1457,1546,385,825,1069,310,1683,1166,707,1208,704,1548,812
1623: 
25: 
1368: 634,1048,712,817,1167,2016,1618,1926,981,1363,472
1910: 249,2007,972,1758,841,842,1079,1039,1665,74,1161,2006,1698
28: 
29: 1616,375,722,356,2001,1228,133,280,1075,30
30: 29,1616,375,722,356,2001,1339,1075
31: 1914,603
32: 1291,275,1053,801,1347,727,384,1964,1484,2010,1072,80,1752,1717,1641,93,1169,1556,427,1129,579
33: 
34: 1531,275,1053,1347,727,384,1964,1484,2010,1420,1713,1717,1641,93,427,1129,579,508,1691,1101,19,1086
35: 
36: 
37: 938,311
38: 
1379: 
40: 1093
1460: 209
1817: 43
43: 1963,1917,1817
44: 1715,1969,1048,1984,712,621,817,1167,53,319,2016,1618,1797,1926,1837,1584,1250,1626
45: 
46: 952
1759: 1257,1271,281,1114,1391,1248,121,1482,1819,1159,1555,1451,353,409,2008,1600,1201
48: 1366,1585
49: 598
50: 1359
51: 157
52: 724
53: 1715,1969,1048,1984,712,44,817,319,2016,1797,1837,1626
54: 236,1387,1455,1667,660,1549,916,1844,844,2000,1806,644,1113,298,524
55: 942,1796,1462
56: 
1860: 923,1845,492,778,1849,2011,731,218,1559,1285
58: 
1505: 403,1551,184
60: 
61: 1245,1892,646,607,1007,65,670,1633,2005,557,850,828,1414,474,970,1390,1749,993,1838,1666,78,748,1255,868
62: 1345
63: 
1363: 981,1016,1584,1250,287,472,1048,621,1167,2016,1368
65: 1245,1892,646,607,1007,2005,557,850,1458,61,1414,1878,638,474,798,1390,1749,993,1838,1666,78,748,1255,1952,868
66: 1445,1866,2014,73,1338,1004,470,1457,1546,385,1609,825,1069,310,1597,1229,1111,1208
1662: 
68: 1707,457,1503,932
69: 
1715: 1969,1048,1984,44,621,817,53,2016,1618,1797,1837,1584,1626
1443: 
72: 1569,826,1855,1198,173,1876,656,2013,751,1828,2015,1011,315,140,1266,1533,547,941,1044,1019,1687,202,997,466,339,1230
73: 1445,898,1866,1146,1393,1047,193,2014,1338,1004,470,1200,1457,1546,385,1609,825,1069,310,1597,1683,66,1111,1166,707,1208,704,1548,812
74: 249,1910,2007,972,1758,841,842,1079,1039,1665,1161,2006,1901,1698
1589: 
76: 
77: 645,758,698
78: 970,1390,1749,993,1838,1666,748,1255,777,1892,1007,65,2005,557,61,828,1414,474,1952,868
1564: 478
80: 1291,275,1053,801,727,1964,2010,1072,1713,1717,93,1169,32,427,1129,1101,430,328,295,19,1086
81: 
1422: 523,529,1410,460,2004,1448,1056,329,1389,520,303,1500,1426,1942,114,1434,1981,617,1097,1018
83: 254,1496
1462: 1796,55,942
85: 
86: 432
1653: 
1973: 1399,1024
89: 
1457: 1445,898,1866,1146,1393,431,2014,73,1338,1004,470,1200,1546,385,1609,825,1069,310,1597,1229,1683,66,1111,1166,707,1208,1548,812
1718: 1640,544,695,1882,2017,1163,1930,968,1632,1908
92: 1336
93: 1291,1531,275,1053,801,1347,727,384,1964,1484,2010,80,1420,1752,1713,1717,1641,1169,34,32,1556,1129,579,508,1691,1101,295,19,1086
94: 
95: 
1916: 
97: 
1385: 105,1990
1781: 1824
100: 1932,2018,922,1887,309,1059,1431,1645,135,1469
1501: 1193,1124
102: 1569,826,1855,1198,656,2013,751,2015,1865,315,179,140,676,997,1230
103: 405,994,912,1956,1670
104: 1140
105: 1385,1990
106: 
1774: 
108: 147,1061
109: 
110: 1756,565,1586,1241
111: 
112: 
1754: 
114: 523,529,460,2004,329,520,536,303,1500,1422,11,1434,1981,1097,1236,1018,1788
1701: 1304
1366: 48,1585,1830
117: 437,467,1753,1934,2001,1897,958,1281,1943,561
1682: 542,1142,756,291,1100,1854,560,1474,1076,1327,1834,1408,2012,284,1225,1885,205,1239,1292,421,450,495,1149
1452: 
120: 
121: 661,1257,1271,281,1114,1391,1894,1248,1482,1759,1819,464,1159,1261,1451,1381,473,2008,1600,741
122: 
123: 
1458: 1245,1892,646,1007,65,670,1633,2005,850,1414,1878,638,465,474,798
1490: 
126: 1704
1527: 
128: 
129: 1588,264
130: 1184
131: 
132: 699
133: 29,1616,375,722,1753,356,1934,2001,1228,958,280,1281,1339,925,1075,1943
1395: 322
135: 1645,1550,1469,1932,100,2018,922,1887,309,1059
136: 374,690
137: 
1707: 457,68,1394
139: 
140: 826,1855,1198,173,1876,656,2013,751,1828,102,2015,1011,1865,315,179,676,1533,941,1019,1687,202,72,997,466,339,1230
141: 1112
1659: 979,679,1499
1787: 1614
144: 1289,568
1842: 9
1598: 
147: 1061,108
1520: 1812,891,1524,273
1670: 1956,103
150: 
151: 
152: 
153: 1210
1815: 
155: 651,732
156: 
157: 51
158: 
159: 
1392: 330,313
1753: 437,1616,722,1934,2001,1228,1897,958,133,280,1281,1339,925,1075,1943,561,117
162: 
163: 1358
1547: 
165: 
166: 523,2004,1448,329,1389,1863,1500,1426,11,1981,617,1236,1018,571,1788
1504: 1109,1744,934
168: 1874,1913
169: 
170: 1459
1828: 826,173,656,2013,2015,1865,140,676,1533,941,1044,1019,1687,202,72,997,466,339,1230
172: 
173: 1569,826,1855,1198,1876,656,2013,1828,2015,1865,315,179,140,1266,676,547,941,1044,1019,1687,202,72,997,466,339,1230
2004: 523,529,1410,460,166,1448,1056,329,1389,1863,520,536,303,1500,1426,1422,1942,11,114,1434,1981,617,1097,1236,1018,571,1788
175: 
176: 1327,262,1834,1408,2012,566,284,1225,1885,205,1292,421,495,1149
1451: 1819,464,1159,1261,1555,1380,353,1381,409,473,2008,1526,1600,1201,1822,741,661,1257,1271,281,1114,1391,1248,121,1482,1759
1639: 7
179: 1569,826,1855,1198,173,1876,656,2013,751,102,2015,1011,1865,315,140,1266,676,941,1687,997,1230
2003: 1944,1708,1843,1046,323,1170,1240,1153,629,793,1674,1638,1213,933,2002,335,737,857,752,487,610,1294,1471,1036,1763,1027,1676,588,1103
2002: 1240,1153,629,793,1674,1638,1213,933,335,737,857,752,487,610,1294,1471,1036,1763,1027,1676,588,1103,1944,1708,1843,1046,323,1170,2003
182: 915
183: 
184: 403,1551,1505
185: 
186: 
2008: 1819,464,1159,1261,1555,1451,1380,1322,353,401,1381,409,473,673,1807,325,1526,1600,1201,1822,1191,741,661,1257,1271,281,1114,1391,1894,1248,121,1482,1759
188: 905,1117
1813: 
1878: 638,465,474,798,1245,1892,646,1007,65,670,1633,2005,557,850,1458,868
191: 
1476: 
193: 800,898,1146,1393,1047,2014,73,1338,470,310,1111,1166,1902,707,812
1839: 
195: 1844,844,2000,1806,1113,197,298
196: 
197: 1844,844,2000,195,644,1113,298,524,916
198: 
1611: 
1563: 
1940: 
202: 826,173,1876,2013,1828,2015,1011,140,1533,547,941,1044,1019,1687,72,997,466,339
203: 
1588: 129,264
205: 1327,1834,1408,176,2012,566,1225,1239,421,450,495,1149,542,1682,1474
1499: 979,679,1659
1779: 
208: 
209: 1460
210: 
211: 
1612: 
213: 1958,1541
214: 1881
215: 
1740: 
217: 
218: 923,1845,492,778,1849,2011,731,1860,1559
219: 
220: 
2001: 437,29,1616,467,375,722,1753,356,1934,1228,1897,358,958,133,280,1281,1339,925,1075,1943,561,30,1017,117
222: 
223: 
1647: 662,1523,1658,592,926,1428,747,586,2009,1918,1293,1145,1780,1083,461,1278,1120,1071
225: 1400
1398: 
227: 
228: 
1428: 662,1647,1523,1658,592,747,1102,586,2009,1918,1293,1780,1083,461,1278,1120
230: 998,1799,1025,546,1867,376,1171,1912,615,296,2019,1034,1147,1510,1491,620
231: 
1469: 1645,135,1550,1932,387,100,2018,922,1887,309,1059,1431,773
233: 
1693: 
235: 1043
236: 54,1387,1455,1667,1549,916,1844,844,2000,1806,644,1113,298
237: 
238: 
1618: 1715,1969,1048,1984,712,44,621,817,1167,319,2016,1926,981,1584,472,1368,634
240: 
241: 
1467: 
243: 
244: 1331
245: 454
246: 326,1654,1987,400
247: 
1386: 
249: 1910,2007,972,1758,841,842,1079,1039,74,1161,2006,1901,1698
250: 
1473: 
1780: 662,1647,1523,1658,1428,747,586,2009,1293,1083,461,1278,1120,1071
1799: 998,1401,1025,1765,546,230,1912,615,296,2019,1034,446,1147,1491,282,620,1495,1746,763
254: 83,1496
255: 
256: 
1404: 
258: 318,1002
259: 
260: 
261: 951,1696,476,827
262: 1327,1834,1408,176,2012,566,284,1225,1885,1292,421,450,495,1149
263: 1772
264: 1588,129
265: 1862,754
266: 
1362: 6
268: 
1965: 
1658: 662,1647,1523,592,926,1428,747,1102,2009,1918,1293,1145,477,1023,1780,1083,461,1278,1120,1071
1534: 1439,650
1914: 603,31
273: 1812,891,1524,1520
274: 1274,759,732
275: 1291,1531,1053,801,1347,727,384,1964,1484,2010,1072,80,1420,1713,1717,93,1169,34,32,427,1129,1691,1101,430,328,295,19,1086
276: 
277: 1096
278: 
279: 
280: 437,29,1616,722,1753,1934,2001,1228,958,133,1339,925,1075
281: 661,1257,1271,1114,1391,1894,1248,121,1482,1759,1159,1555,1451,409,473,2008,673,741
282: 998,1401,1799,1025,546,376,615,296,2019,1034,446,620,1495,1746
1962: 
284: 1327,262,1834,1408,176,2012,1885,1292,421,495,1149,1142,756,1854,1682,1474,1076
285: 
286: 
287: 1837,1016,1363,1584,1250,1626,917,1048,1984,621,2016,1797
288: 
2005: 1245,1892,646,607,1007,65,670,1633,557,850,1458,61,828,1414,1878,638,465,474,798,970,1390,1749,993,1838,1666,78,748,1255,777,1952,868
290: 772,880
291: 542,1142,756,1100,1854,1682,560,1474,1076,2012,1885,1239,1292,1149
292: 
1394: 1707
294: 
295: 19,1086,1291,275,1347,727,1964,2010,80,1420,1713,93,1169,1129,328
296: 998,1401,1799,1025,1765,230,1912,615,2019,1034,446,1147,1491,282,620,1495,1746,763
1400: 225
298: 1844,844,2000,195,1806,644,1113,197,524,54,236,1387,1455,1667,1549,916
299: 
300: 
1430: 
2014: 800,1445,898,1866,1146,1393,1047,193,431,73,1338,1004,470,1200,1457,1546,385,1,1609,825,1069,310,1597,1229,1099,1683,66,1111,1166,1902,707,1208,704,1548,812
303: 523,460,2004,329,520,536,1500,1422,11,114,1434,1981,617,1097,1018,1788
304: 408,1258,581,1835,858,414
1795: 
1391: 661,1257,1271,281,1114,1248,121,1482,1759,1819,1159,1555,1451,353,1381,409,2008,1600,741
307: 
1410: 529,2004,1448,1056,329,1389,1422,1942,1434,617,1097,1018
309: 1932,387,100,2018,922,1887,1059,1431,773,1645,135,1550,1469
310: 1445,898,1866,1146,1393,1047,193,2014,73,1338,1004,470,1200,1457,1546,385,1609,825,1069,1597,1683,66,1111,1166,707,1208,704,1548,812
311: 938,37
312: 
313: 1392
1930: 1163,968,1882,2017,1632,1640,1718,695
315: 1569,826,1855,1198,173,1876,656,2013,751,102,2015,1011,1865,179,140,1266,676,1533,547,941,1044,1019,1687,72,997,466,1230
1546: 1445,898,1866,1146,1393,1047,2014,73,1338,1004,470,1200,1457,385,825,1069,310,1597,1683,66,1111,1208,704
317: 1356
318: 1002,258
319: 1969,1048,1984,712,44,817,1167,53,2016,1618,1926,1837,1250,472,634
1974: 
321: 
322: 1395
323: 1708,1843,1046,1170,2003,1153,793,1674,1213,2002,335,737,857,752,487,1471,1763,1027,588,1103
1806: 1844,844,2000,195,1113,298,54,236,1549
325: 464,1159,1261,1380,1322,401,1381,409,473,2008,673,1807,1526,1201,1822,1191,741,1248
326: 246,1987
327: 
328: 430,1291,275,1053,801,727,1964,2010,1072,80,1713,427,1129,508,1691,1101,295,1086
329: 523,529,1410,460,166,2004,1448,1056,1389,1863,520,536,303,1500,1426,1422,1942,11,114,1434,1981,617,1097,1236,1018,1788
330: 794,1392
1586: 1756,565,1241,110
332: 1803
333: 
334: 
335: 1240,1153,629,793,1674,1638,1213,933,2002,737,857,487,610,1294,1471,1763,1027,588,1103,323,2003
1991: 1227
337: 
338: 
339: 826,1855,173,1876,656,2013,751,1828,2015,140,1533,941,1044,1019,1687,202,72,997,466,1230
1389: 523,529,1410,166,2004,1448,1056,329,1863,1500,1426,1422,1942,1981,617
341: 
1886: 
343: 493,1712
1695: 1378,599,510
345: 
346: 
347: 
1514: 
1838: 970,1390,1749,993,1666,78,748,1255,777,1245,1892,646,607,1007,65,670,1633,2005,557,850,61,828,1414,638,474,798,1952,868
1399: 1973,1024
351: 
1614: 1787
353: 1819,464,1159,1555,1451,401,409,2008,1600,1201,1191,1271,1391,1482,1759
1548: 704,812,1146,1393,2014,73,470,1457,1069,310,1597,1683,707,1208
1405: 
356: 29,1616,375,722,1934,2001,358,133,1339,1075,1943,30
1500: 523,529,460,166,2004,1448,1056,329,1389,1863,520,536,303,1426,1422,1942,11,114,1434,1981,617,1097,1236,1018,571,1788
358: 437,467,375,722,356,2001,1897,1339,1943,561,1017
359: 402,562,1136,1108,1055,1775
360: 1116,369
361: 
1968: 1621
363: 
364: 
1835: 858,408,304,581,414
1892: 1245,646,607,1007,65,670,1633,2005,557,850,1458,61,828,1414,1878,638,465,474,798,970,1390,1749,1838,1666,78,748,1255,1952,868
1826: 1873,488
1984: 1715,1969,1048,712,44,621,817,1167,53,319,2016,1618,1797,1926,1837,1584,1250,1626,287,917
369: 1116,360
370: 
371: 1073
372: 
1426: 523,166,2004,1448,329,1389,1863,1500,1422,1942,11,1981,617,1236,1018,571,1788
374: 136,1429,516
375: 29,1616,467,722,356,2001,358,133,1339,1075,1943,30
376: 1401,1025,546,1867,230,1171,1912,615,2019,1034,446,1510,1491,282,620
377: 
378: 395
379: 
380: 
1732: 
1673: 1800,479,1437,1067
383: 
384: 1291,1531,275,1053,801,1347,727,1964,1484,2010,1072,1420,1752,1717,1641,93,1169,34,32,1556,1129,579,19,1086
385: 800,1445,898,1866,1393,1047,431,2014,73,1338,1004,470,1200,1457,1546,1,825,1069,310,1229,1099,1683,66,1111,1166
386: 
387: 1932,2018,922,1887,309,1059,1431,773,1469
1493: 
389: 1361
390: 
391: 
392: 893,1998
1980: 
394: 411
395: 378
1641: 1531,1053,801,384,1964,1484,2010,1752,1717,93,34,32,1556,1129,579,508,1691
397: 1792
398: 
399: 
400: 1502,246,1654,531,1606
401: 464,1159,1555,1380,1322,353,1381,409,473,2008,673,1807,325,1600,1201,1822,1191,1257,1271
402: 562,359,1055,1775
403: 1551,184,1505
1961: 
405: 912,103
406: 
1581: 1301,714,1092
408: 1258,304,581,1835,858,414
409: 1819,464,1159,1555,1451,1322,353,401,1381,473,2008,673,325,1600,1201,1822,1191,741,1257,1271,281,1391,1248,1482,1759
410: 
411: 1190,585,394
1390: 970,1749,993,1838,1666,78,748,1255,777,1892,607,1007,65,1633,2005,557,850,61,828,1414
413: 
414: 408,304,1835,858
1709: 
416: 713
417: 
1751: 1203,1497,1010
1580: 851,1304
420: 573,1144
421: 1327,262,1834,1408,176,2012,566,284,1225,1885,205,1239,1292,450,495,1149,1142,756,1854,1682,1474,1076
1749: 970,1390,993,1838,1666,78,748,1255,777,1892,646,607,1007,65,670,2005,557,61,828,1414,638,474,798,1952,868
1532: 
424: 954
425: 
426: 
427: 1291,275,1053,801,727,1964,1484,2010,1072,80,1752,1713,1717,34,32,1556,1129,508,1691,1101,430,328
428: 1793
429: 
430: 328,275,1964,2010,1072,80,1713,427,1129,508,1691,1101,1086
431: 800,1445,1866,1047,2014,1338,1004,1200,1457,385,1,825,1229,1099,1111,1166,1902
432: 86
1388: 
434: 
1723: 1900
436: 1275
437: 1616,467,722,1753,1934,2001,1897,358,958,280,1281,1339,1943,561,1017,117
438: 
1827: 1783
1550: 1645,135,1469,1932,2018,922,1887,309,1059,773
1986: 
1555: 1819,464,1159,1451,353,401,1381,409,2008,673,1600,1201,1191,1257,1271,281,1391,1248,1482,1759
443: 1232,930,982
444: 
445: 
446: 998,1401,1799,1025,1765,546,1867,376,1171,1912,615,296,2019,1034,1147,1491,282,620,1495,1746,763
1565: 
2006: 249,1910,2007,972,1758,841,842,1079,1039,1665,74,1161,1901,1698
449: 
450: 1327,262,1834,1408,2012,566,1225,1885,205,1239,1292,421,495,1149,542,1142,1100,1682,1474
1544: 1921
1431: 1932,387,100,2018,922,1887,309,1059,773,1469
1752: 1291,1531,1053,801,384,1964,1484,2010,1717,1641,93,32,1556,427,579,508,1691
454: 245
1540: 
456: 
457: 1707,68,932
1825: 
1897: 437,467,1753,1934,2001,358,958,1281,1339,1943,561,1017,117
460: 523,529,2004,1448,329,1863,520,536,303,1500,1422,11,114,1434,1981,1097,1236,1018,1788
461: 662,1647,1523,1658,926,1428,747,1102,586,2009,1918,1293,1145,477,1023,1780,1083,1278,503,1120,1071
462: 
1811: 690
464: 1819,1159,1261,1555,1451,1380,1322,353,401,1381,409,473,2008,673,1807,325,1526,1600,1201,1822,1191,741,1257,1271,1248,121,1482
465: 1878,638,474,798,1245,1892,646,1007,2005,1458
466: 826,1855,173,1876,656,2013,1828,2015,1011,315,140,1266,1533,547,941,1044,1019,1687,202,72,997,339
467: 437,375,722,2001,1897,358,958,1281,1339,1943,561,1017,117
468: 
1381: 1819,464,1159,1261,1555,1451,1380,1322,401,409,473,2008,673,1807,325,1526,1600,1201,1822,1191,741,661,1257,1271,1391,1248,121,1482
470: 800,1445,898,1866,1146,1393,1047,193,2014,73,1338,1004,1200,1457,1546,385,1609,825,1069,310,1597,1683,66,1111,1166,1902,707,1208,1548,812
1864: 1341
472: 981,1016,1363,1584,1250,1048,712,621,817,1167,319,2016,1618,1926,1368,634
473: 464,1159,1261,1451,1380,401,1381,409,2008,673,1807,325,1526,1822,741,661,1257,1271,281,1894,1248,121,1482
474: 1878,638,465,798,1245,1892,646,1007,65,670,1633,2005,557,850,1458,61,828,1414,1749,1838,1666,78,748,1952,868
1902: 800,898,1146,1047,193,431,2014,1338,1004,470,1,1609,1099,1111,1166
476: 1696,951,261
477: 662,1523,1658,592,926,747,1102,2009,1918,1293,1145,1023,1083,461,1278,503,1071
478: 1564
479: 1800,1673,1437,1067
480: 
481: 
1937: 484
1882: 2017,1163,1930,968,1632,1908,1718,695
484: 1937
485: 
486: 1094
487: 629,793,1674,1638,1213,933,2002,335,857,610,1294,1471,1763,1027,588,1103,1843,1046,323,1170,2003
488: 1873,1826
1530: 
1665: 1910,2007,972,1758,842,1079,74,1161,2006,1901,1698
1851: 
492: 923,1845,778,1849,2011,731,218,1860,1285
493: 343,1712
494: 616,1438,1627
495: 1327,262,1834,1408,176,2012,566,284,1225,1885,205,1292,421,450,1149,1682,1474
1688: 
1845: 923,492,778,1849,2011,731,218,1860,1559
498: 
499: 577,626
1654: 1502,246,400
501: 
1553: 715
503: 1523,926,747,1102,2009,1918,1293,1145,477,1023,461,1278,1071
1993: 797,1218
2017: 1882,1163,1930,968,1632,1908,1640,1718,544,695
506: 
1650: 
508: 1291,1531,1053,801,1964,1484,2010,1072,1752,1717,1641,93,34,1556,427,1129,1691,1101,430,328
1661: 
510: 1378,599,1695
511: 
1790: 
1482: 661,1257,1271,281,1114,1391,1248,121,1759,1819,464,1159,1261,1555,1451,1380,353,1381,409,473,2008,673,1600,1201,741
1805: 
2011: 923,1845,492,778,1849,731,218,1860,1559,1285
516: 374,1429
1881: 214
1439: 650,1534
519: 
520: 523,529,460,2004,329,536,303,1500,1422,11,114,1434,1981,617,1097,1236,1018,1788
521: 
522: 1197,1183
523: 529,460,166,2004,1448,329,1389,1863,520,536,303,1500,1426,1422,1942,11,114,1434,1981,617,1236,1018,1788
524: 844,2000,644,1113,197,298,54,1387,1455,1667,660,916
525: 
526: 1210,543
1551: 403,184,1505
528: 
529: 523,1410,460,2004,1448,1056,329,1389,1863,520,1500,1422,1942,114,1434,1981,617,1097,1018
530: 
531: 1502,400,1606
532: 
533: 
534: 
1692: 
536: 523,460,2004,329,1863,520,303,1500,11,114,1434,1981,617,1097,1236,1018,571,1788
1744: 1109,1504,934
1963: 43,1917
539: 
1949: 
541: 
542: 1142,756,291,1100,1682,560,1474,1327,2012,1225,205,1239,450,1149
543: 526,1210
544: 1640,1718,695,2017,1163,968,1632,1908
1824: 1781
546: 998,1401,1799,1025,1765,1867,230,376,1171,1912,615,2019,1034,446,1147,1510,1491,282,620
547: 1569,1855,1198,173,1876,2013,2015,1011,1865,315,1266,1533,941,1044,1687,202,72,997,466
1760: 
1739: 
1674: 1153,793,1213,933,2002,335,737,857,487,610,1471,1763,1027,588,1103,323,1170,2003
551: 816
1976: 
1890: 
554: 
555: 
1403: 
557: 1245,1892,646,607,1007,65,670,1633,2005,61,828,1414,1878,638,474,970,1390,1749,1838,1666,78,748,1952,868
1484: 1291,1531,275,1053,801,727,384,1964,2010,1072,1752,1717,1641,93,34,32,1556,427,1129,579,508,1691,1101
559: 
560: 542,1142,756,291,1100,1854,1682,1474,1076,2012,1239,1149
561: 437,1616,467,1753,1934,2001,1897,358,1281,1339,1943,1017,117
562: 402,1136,1108,359,1055,1775
563: 
1954: 
565: 1756,1586,1241,110
566: 1327,262,1834,1408,176,2012,1225,205,421,450,495,1149
567: 1312
568: 1289,144
1885: 1327,262,1834,1408,176,2012,284,1225,1239,1292,421,450,495,1149,1142,291,1854,1682,1474,1076
1413: 
571: 166,2004,1863,536,1500,1426,11,1981,1236,1788
1517: 1060
573: 1144,420
574: 1087
1434: 523,529,1410,460,2004,1448,1056,329,520,536,303,1500,1422,1942,11,114,1981,617,1097,1018,1788
576: 
577: 499,626
578: 
579: 1291,1531,1053,801,1347,727,384,1484,2010,1752,1717,1641,93,34,32,1556,1129
580: 
581: 408,1258,304,1835,858
1559: 1285,1845,778,1849,2011,731,218,1860
583: 
584: 
585: 1190,411
586: 662,1647,1523,1428,747,1102,2009,1293,1023,1780,1083,461,1278
1667: 54,236,1387,1455,660,1549,916,1844,844,2000,644,1113,298,524
588: 1153,629,793,1674,1638,1213,933,2002,335,737,857,752,487,610,1294,1471,1036,1763,1027,1103,1944,1708,1843,1046,323,1170,2003
1402: 
1696: 476,827,951,261
1953: 
592: 1647,1523,1658,926,1428,747,1102,2009,1918,1293,477,1083,1278,1120,1071
593: 
594: 
1712: 343,493
596: 
597: 
598: 49
599: 1378,1695,510
600: 
1711: 
602: 
603: 1914,31
604: 
605: 1051
606: 
607: 1245,1892,646,65,670,1633,2005,557,850,61,828,1414,1390,1749,1838,1666,1255
1867: 546,230,376,1171,1912,2019,1034,446,1147,1510,1491,620
1561: 1951,1656,955
610: 1240,1153,629,793,1674,1638,1213,933,2002,335,857,752,487,1294,1471,1036,1763,1027,1676,588,1103,1843,1046,1170,2003
1523: 662,1647,1658,592,926,1428,747,1102,586,2009,1918,1293,1145,477,1023,1780,1083,461,1278,503,1120,1071
1726: 
1539: 
1669: 908
615: 998,1401,1799,1025,546,230,376,1171,1912,296,2019,1034,446,1147,1510,1491,282,620,1495
616: 494,1438,1627
617: 523,529,1410,166,2004,1448,1056,329,1389,520,536,303,1500,1426,1422,1942,1434,1981,1097,1236,1018,1788
618: 862
619: 797
620: 998,1401,1799,1025,546,1867,230,376,1171,1912,615,296,2019,1034,446,1147,1510,1491,282
621: 1715,1969,1048,1984,712,44,817,1167,2016,1618,1797,1926,981,1837,1016,1363,1584,1250,1626,287,917,472
622: 
1812: 891,1524,1520,273
624: 1554
625: 
626: 577,499
2009: 662,1647,1523,1658,592,926,1428,747,1102,586,1918,1293,1145,477,1023,1780,1083,461,1278,503,1120,1071
628: 
629: 1240,1153,793,1638,1213,933,2002,335,737,857,752,487,610,1294,1471,1036,1763,1027,588,1708,1843,2003
1414: 1245,1892,646,607,1007,65,670,1633,2005,557,850,1458,61,828,474,798,1390,1749,993,1838,1666,78,748,1255,1952
1769: 
632: 
1497: 1203,1010,1751
634: 1368,1048,712,817,1167,319,2016,1618,1926,981,1250,472
635: 
1927: 946,710
637: 1369,1247
638: 1878,465,474,798,1245,1892,646,1007,65,670,2005,557,1458,1749,1838,1952,868
1683: 1445,898,1866,1146,1393,1047,2014,73,470,1200,1457,1546,385,825,1069,310,1597,707,1208,704,1548,812
1542: 
641: 
1615: 874
1855: 1569,826,1198,173,1876,656,2013,751,102,2015,1011,1865,315,179,140,1266,676,1533,547,941,1044,1019,1687,72,997,466,339,1230
644: 844,2000,1113,197,298,524,54,236,1387,1455,1667,660,1549,916
645: 77,758,698
646: 1245,1892,607,1007,65,670,1633,2005,557,850,1458,61,828,1414,1878,638,465,474,798,1749,1838,1666
647: 
1656: 1951,1561,955
649: 
650: 1439,1534
651: 732,155
652: 
653: 
1573: 
655: 
656: 826,1855,1198,173,1876,2013,751,1828,102,2015,1865,315,179,140,676,1533,941,1044,1019,1687,72,997,466,339,1230
657: 
1633: 1245,1892,646,607,1007,670,2005,557,850,1458,61,828,1414,1878,474,798,1390,1838,1255
659: 
660: 54,1387,1455,1667,916,2000,644,524
661: 1257,1271,281,1114,1391,1894,1248,121,1482,1159,1261,1451,1381,473,2008,673,741
662: 1647,1523,1658,1428,747,1102,586,2009,1293,477,1023,1780,1083,461,1278,1071
663: 721
664: 
1796: 1462,55,942
666: 1227
667: 
668: 
669: 
670: 1245,1892,646,607,1007,1633,2005,557,850,1458,61,828,1414,1878,638,474,798,1749,1838,868
671: 
1912: 998,1401,1799,1025,1765,546,1867,230,376,1171,615,296,2019,1034,446,1147,1510,1491,620,1495
673: 464,1159,1261,1555,401,1381,409,473,2008,1807,325,1201,1822,1191,741,661,1257,1271,281,1894,1248,1482
1765: 998,1401,1799,546,1912,296,2019,1034,446,1147,1491,1495,1746,763
675: 
676: 826,1855,1198,173,656,2013,751,1828,102,2015,1865,315,179,140,1266,941,1044,1019,997,1230
1572: 
678: 
679: 979,1659,1499
1541: 1958,213
681: 931
1776: 
683: 
684: 
1511: 
1969: 1715,1048,1984,712,44,621,817,1167,53,319,2016,1618,1797,1926,981,1837,1584,1626
687: 
1778: 
1840: 
690: 136,1811
1373: 
692: 
1616: 437,29,375,722,1753,356,1934,2001,1228,958,133,280,1281,1339,925,1075,1943,561,30
1446: 771
695: 1640,1718,544,1882,2017,1163,1930,968,1632
696: 
1874: 168,1913
698: 645,77
699: 132
1491: 998,1401,1799,1025,1765,546,1867,230,376,1171,1912,615,296,2019,1034,446,1147,1510,620
1584: 981,1837,1016,1363,1250,1626,287,917,472,1715,1969,1048,1984,44,621,817,1167,2016,1618
702: 
703: 
704: 1548,812,1146,1393,2014,73,1546,1069,310,1683,707,1208
705: 
706: 
707: 1445,898,1146,1393,193,2014,73,470,1457,1609,1069,310,1597,1683,1166,1208,704,1548,812
708: 
709: 
710: 1927,946
711: 
712: 1969,1048,1984,44,621,817,1167,53,319,2016,1618,1926,981,1837,1250,472,1368,634
713: 416
714: 1301,1092,1581
715: 1553
1876: 1569,826,1855,1198,173,656,2013,751,2015,1011,1865,315,179,140,1266,1533,547,941,1044,1019,1687,202,72,997,466,339
717: 
1420: 1531,275,1053,1347,727,384,1964,2010,1713,1717,93,1169,34,1129,1101,295,19,1086
1944: 1708,1843,1046,1170,2003,1153,2002,752,1294,1471,1036,1763,1027,1676,588
1626: 1837,1016,1584,1250,287,917,1715,1969,1048,1984,44,621,817,1167,53,2016,1797
721: 663
722: 437,29,1616,467,375,1753,356,1934,2001,1228,358,958,133,280,1281,1339,925,1075,1943,30
1734: 
724: 52
1579: 1009,736
726: 
727: 1291,1531,275,1053,801,1347,384,1964,1484,2010,1072,80,1420,1713,1717,93,1169,34,32,1556,427,1129,579,328,295,19,1086
1613: 
1472: 
1704: 126
731: 923,1845,492,778,1849,2011,218,1860,1559,1285
732: 651,759,274,155
1933: 
734: 
735: 
736: 1579,1009
737: 1153,629,793,1674,1213,2002,335,857,752,1471,1027,588,1103,1708,1843,323,1170,2003
738: 
739: 1303
740: 
741: 1819,464,1159,1261,1451,1380,1381,409,473,2008,673,1807,325,1526,1822,661,1257,1271,281,1114,1391,1894,1248,121,1482
1549: 54,236,1455,1667,916,1844,844,2000,1806,644,1113,298
1429: 374,516
1591: 
1382: 
1567: 
747: 662,1647,1523,1658,592,926,1428,1102,586,2009,1918,1293,1145,477,1023,1780,1083,461,1278,503,1120,1071
748: 970,1390,1749,993,1838,1666,78,777,1892,1007,65,2005,557,61,1414,474,1952,868
1408: 1327,262,1834,176,2012,566,284,1225,1885,205,1239,1292,421,450,495,1149,1142,1682,1474
750: 
751: 1569,826,1855,1198,1876,656,2013,102,2015,1011,1865,315,179,140,676,1533,941,1687,72,997,339,1230
752: 1240,1153,629,793,1638,1213,2002,737,610,1294,1471,1036,1763,1027,1676,588,1944,1708,1843,1046,323,1170,2003
753: 
754: 1862,265
755: 
756: 542,1142,291,1100,1854,1682,560,1474,1076,1327,2012,284,1239,1292,421,1149
1606: 1502,531,400
758: 645,77
759: 1274,274,732
1684: 
761: 
762: 
763: 1746,998,1401,1799,1765,296,2019,446,1147,1495
764: 
765: 
766: 
767: 
1846: 
769: 
1445: 800,898,1866,1146,1393,1047,431,2014,73,1338,1004,470,1200,1457,1546,385,1,1609,825,1069,310,1597,1229,1683,66,1111,1166,707,1208,812
771: 1446
772: 880,290
773: 1932,387,2018,922,1887,309,1059,1431,1550,1469
774: 1192,1809,920,1259,1302
775: 
1880: 
777: 970,1390,1749,993,1838,1666,78,748,2005,1952,868
778: 923,1845,492,1849,2011,731,218,1860,1559,1285
1370: 
780: 
781: 
1705: 1104
783: 
784: 
1785: 
786: 
787: 
788: 
789: 
790: 
791: 
792: 
793: 1240,1153,629,1674,1638,1213,933,2002,335,737,857,752,487,610,1294,1471,1036,1027,588,1103,1708,323,1170,2003
794: 330
795: 
796: 956
797: 1993,1218,619
798: 1878,638,465,474,1245,1892,646,1007,65,670,1633,2005,850,1458,1414,1749,1838,1952,868
799: 
800: 1445,898,1146,1047,193,431,2014,1338,1004,470,1200,385,1,825,1229,1099,1111,1166,1902
801: 1291,275,1053,727,384,1964,1484,2010,1072,80,1752,1717,1641,93,32,1556,427,1129,579,508,1691,1101,328
1917: 1963,43
1502: 1654,531,400,1606
1609: 1445,898,1866,1146,2014,73,1338,1004,470,1457,825,1069,310,1597,1229,66,1111,1166,1902,707,1208,812
1919: 992
806: 
1631: 
808: 
809: 
810: 
1571: 
812: 704,1548,1445,898,1146,1393,1047,193,2014,73,470,1457,1609,1069,310,1597,1683,1166,707,1208
813: 
814: 
1849: 923,1845,492,778,2011,731,218,1860,1559
816: 551
817: 1715,1969,1048,1984,712,44,621,1167,53,319,2016,1618,1926,981,1837,1584,1250,1626,472,1368,634
818: 1703
819: 
1802: 
1533: 1569,826,1855,1198,1876,656,2013,751,1828,2015,1011,315,140,547,941,1019,1687,202,72,997,466,339,1230
822: 1276,1818
1898: 
824: 
825: 800,1445,898,1866,1393,1047,431,2014,73,1338,1004,470,1200,1457,1546,385,1,1609,1069,310,1597,1229,1099,1683,66,1111,1166
826: 1569,1855,1198,173,1876,656,2013,751,1828,102,2015,1011,1865,315,179,140,676,1533,941,1019,1687,202,72,997,466,339,1230
827: 1696,261
828: 1245,1892,646,607,1007,670,1633,2005,557,850,61,1414,474,970,1390,1749,1838,1666,78,1255,868
1975: 
830: 1979
1608: 
832: 
833: 
834: 1269,1256
835: 
836: 
1942: 523,529,1410,2004,1448,1056,329,1389,1500,1426,1422,1434,1981,617,1018
2016: 1715,1969,1048,1984,712,44,621,817,1167,53,319,1618,1797,1926,981,1837,1016,1363,1584,1250,1626,287,917,472,1368,634
839: 
840: 
841: 249,1910,2007,1758,842,1079,1039,74,1161,2006
842: 249,1910,2007,972,1758,841,1039,1665,74,1161,2006
843: 
844: 1844,2000,195,1806,644,1113,197,298,524,54,236,1387,1455,1667,1549,916
1844: 844,2000,195,1806,1113,197,298,54,236,1667,1549,916
1690: 10
1843: 1944,1708,1046,323,1170,2003,1153,629,1638,1213,2002,737,752,487,610,1294,1471,1036,1763,1027,1676,588,1103
848: 
849: 
850: 1245,1892,646,607,65,670,1633,2005,1458,61,828,1414,1878,474,798,1390,1838,1666,1255
851: 1580
1569: 826,1855,1198,173,1876,2013,751,102,2015,1011,1865,315,179,1266,1533,547,941,1044,1687,72,997
1891: 
1507: 
855: 
1691: 1291,1531,275,1053,801,1964,1484,2010,1072,1752,1713,1717,1641,93,34,427,1129,508,1101,430,328,1086
857: 1240,1153,629,793,1674,1638,1213,933,2002,335,737,487,610,1471,1027,588,1103,1708,323,2003
858: 1835,408,1258,304,581,414
859: 
1952: 868,1892,1007,65,2005,557,1414,638,474,798,1749,993,1838,1666,78,748,777
1503: 68,932
862: 618
863: 
864: 
865: 
1747: 1162
2019: 998,1401,1799,1025,1765,546,1867,230,376,1171,1912,615,296,1034,446,1147,1510,1491,282,620,1495,1746,763
868: 1952,1892,1007,65,670,2005,557,61,828,1878,638,474,798,970,1749,1838,78,748,777
869: 
870: 
1595: 
872: 
1585: 1366,48,1830
874: 1615
1934: 437,1616,722,1753,356,2001,1897,958,133,280,1281,1339,925,1075,1943,561,117
876: 
1852: 
878: 
1440: 1303
880: 772,290
1887: 1932,387,100,2018,922,309,1059,1431,773,1645,135,1550,1469
882: 
2018: 1932,387,100,922,1887,309,1059,1431,773,1645,135,1550,1469
1492: 1308,1118
1378: 599,1695,510
1560: 
1836: 
1508: 
889: 
1698: 249,1910,2007,972,1758,1079,1665,74,1161,2006,1901
891: 1812,1524,1520,273
1918: 1647,1523,1658,592,926,1428,747,1102,2009,1293,1145,477,461,1278,503,1120,1071
893: 392,1998
894: 
1421: 
1921: 1544
897: 
898: 800,1445,1146,1393,1047,193,2014,73,1338,1004,470,1200,1457,1546,385,1,1609,825,310,1683,1111,1166,1902,707,812
899: 
1714: 
1448: 523,529,1410,460,166,2004,1056,329,1389,1863,1500,1426,1422,1942,11,1434,1981,617,1236,1018
902: 
1506: 1375
1510: 1025,546,1867,230,376,1171,1912,615,2019,1034,1491,620
905: 188,1117
906: 
907: 1450
908: 1669
1450: 907
910: 
1536: 994,912,1956
912: 405,994,1956,1536,103
1676: 1638,2002,752,610,1294,1471,1036,1763,1027,1944,1843,1046,1170,2003
1792: 397
915: 1252,182
916: 54,236,1387,1455,1667,660,1549,1844,844,2000,644,1113,197,298,524
917: 1837,1016,1584,1250,1626,287,1048,1984,621,1167,2016,1797
918: 
919: 
920: 1192,1809,774,1259,1302
1900: 1723
922: 1932,387,100,2018,1887,309,1059,1431,773,1645,135,1550,1469
923: 1845,492,778,1849,2011,731,218,1860
1526: 464,1261,1451,1380,1322,1381,473,2008,1807,325,1822,741
925: 1616,722,1753,1934,2001,1228,958,133,280,1281,1075
926: 1647,1523,1658,592,747,1102,2009,1918,1293,1145,477,1023,1083,461,1278,503,1120,1071
1788: 523,460,166,2004,329,520,536,303,1500,1426,11,114,1434,1981,617,1236,1018,571
928: 
2007: 249,1910,972,1758,841,842,1079,1039,1665,74,1161,2006,1901,1698
930: 443,1232,982
931: 1329,1090,681
932: 457,1503,68
933: 1240,1153,629,793,1674,1638,1213,2002,335,857,487,610,1294,1471,1763,588,1103,2003
934: 1504,1744
935: 
1509: 
937: 
938: 37,311
1713: 1291,275,1053,1347,727,1964,2010,1072,80,1420,93,1169,34,427,1129,1691,1101,430,328,295,19,1086
1804: 
941: 1569,826,1855,1198,173,1876,656,2013,751,1828,2015,1011,1865,315,179,140,1266,676,1533,547,1044,1019,1687,202,72,997,466,339,1230
942: 55,1796,1462
1746: 763,998,1401,1799,1765,296,2019,1034,446,282,1495
1531: 275,1053,1347,727,384,1964,1484,2010,1420,1752,1717,1641,93,34,1556,1129,579,508,1691,1101,1086
1640: 1718,544,695,2017,1163,1930,968,1632,1908
946: 1927,710
1486: 
948: 
1998: 392,893
1822: 1819,464,1159,1261,1451,1380,1322,401,1381,409,473,2008,673,1807,325,1526,1201,1191,741,1248
951: 261,1696,476
952: 46
1990: 1385,105
954: 424
955: 1951,1561,1656
956: 796
1830: 1366,1585
958: 437,1616,467,722,1753,1934,2001,1897,133,280,1281,1339,925,1943,117
1959: 
960: 
2000: 1844,844,195,1806,644,1113,197,298,524,54,236,1387,1455,1667,660,1549,916
1453: 
963: 
1958: 213,1541
965: 
966: 
1763: 1153,629,1674,1638,1213,933,2002,335,752,487,610,1294,1471,1036,1027,1676,588,1103,1944,1843,1046,323,1170,2003
968: 1163,1930,1882,2017,1632,1640,1718,544,695
969: 
970: 1390,1749,993,1838,1666,78,748,1255,777,1892,2005,557,61,828,868
1850: 
972: 249,1910,2007,1758,842,1079,1039,1665,74,1161,2006,1901,1698
973: 
1955: 
1782: 
1643: 
977: 
978: 
979: 679,1659,1499
980: 
981: 1016,1363,1584,1250,472,1969,1048,712,621,817,1167,2016,1618,1926,1368,634
982: 443,1232,930
983: 
1687: 1569,826,1855,1198,173,1876,656,2013,751,1828,2015,1011,315,179,140,1266,1533,547,941,1044,1019,202,72,997,466,339,1230
1664: 
1862: 754,265
1866: 1445,431,2014,73,1338,1004,470,1200,1457,1546,385,1609,825,1069,310,1597,1229,1683,66,1111,1208
1498: 
1519: 1315
990: 
2015: 1569,826,1855,1198,173,1876,656,2013,751,1828,102,1011,1865,315,179,140,1266,676,1533,547,941,1044,1019,1687,202,72,997,466,339,1230
992: 1919
993: 970,1390,1749,1838,1666,78,748,1255,777,65,2005,61,1414,1952
994: 912,1956,1536,103
995: 1068
996: 
997: 1569,826,1855,1198,173,1876,656,2013,751,1828,102,2015,1011,1865,315,179,140,1266,676,1533,547,941,1044,1019,1687,202,72,466,339,1230
998: 1401,1799,1025,1765,546,230,1912,615,296,2019,1034,446,1147,1491,282,620,1495,1746,763
999: 
1819: 464,1159,1261,1555,1451,1380,1322,353,1381,409,2008,1600,1201,1822,1191,741,1271,1391,121,1482,1759
1794: 
1002: 318,258
1483: 
1004: 800,1445,898,1866,1146,1047,431,2014,73,1338,470,1200,1457,1546,385,1,1609,825,1069,310,1597,1229,1099,66,1111,1166,1902
1610: 
1703: 818
1007: 1245,1892,646,65,670,1633,2005,557,1458,61,828,1414,1878,638,465,474,798,1390,1749,1838,1666,78,748,1952,868
1554: 624
1009: 1579,736
1010: 1203,1497,1751
1011: 1569,826,1855,1198,1876,2013,751,2015,315,179,140,1266,1533,547,941,1687,202,72,997,466
1442: 
1441: 
1014: 
1015: 
1016: 981,1837,1363,1584,1250,1626,287,917,472,1048,621,1167,2016
1017: 437,467,2001,1897,358,1281,1339,1943,561
1018: 523,529,1410,460,166,2004,1448,1056,329,1863,520,536,303,1500,1426,1422,1942,11,114,1434,1981,617,1097,1236,1788
1019: 826,1855,1198,173,1876,656,2013,1828,2015,1865,315,140,1266,676,1533,941,1044,1687,202,72,997,466,339
1020: 
1412: 
1022: 
1023: 662,1523,1658,926,747,1102,586,2009,1293,1145,477,1083,461,1278,503,1071
1024: 1973,1399
1025: 998,1401,1799,546,230,376,1171,1912,615,296,2019,1034,446,1147,1510,1491,282,620,1495
1026: 
1027: 1240,1153,629,793,1674,1638,1213,2002,335,737,857,752,487,610,1294,1471,1036,1763,1676,588,1103,1944,1708,1843,1046,323,1170,2003
1028: 
1621: 1968
1030: 1809,1317,1259
1375: 1506
1770: 
1033: 
1034: 998,1401,1799,1025,1765,546,1867,230,376,1171,1912,615,296,2019,446,1147,1510,1491,282,620,1495,1746
1854: 1142,756,291,1682,560,1474,1076,1327,1834,2012,284,1885,1239,1292,421,1149
1036: 1240,1153,629,793,1638,1213,2002,752,610,1294,1471,1763,1027,1676,588,1944,1708,1843,1046,1170,2003
1037: 
1038: 
1039: 249,1910,2007,972,1758,841,842,1079,74,1161,2006
1040: 
1041: 
1521: 
1043: 235
1044: 1569,1855,1198,173,1876,656,2013,1828,2015,1865,315,1266,676,547,941,1019,1687,202,72,997,466,339
1437: 1800,1673,479,1067
1046: 1944,1708,1843,323,1170,2003,1153,1213,2002,752,487,610,1294,1471,1036,1763,1027,1676,588,1103
1047: 800,1445,898,1146,1393,193,431,2014,73,1338,1004,470,1200,1546,385,1,825,310,1099,1683,1111,1166,1902,812
1048: 1715,1969,1984,712,44,621,817,1167,53,319,2016,1618,1797,1926,981,1837,1016,1363,1584,1250,1626,287,917,472,1368,634
1970: 
1050: 
1051: 605
1052: 
1053: 1291,1531,275,801,1347,727,384,1964,1484,2010,1072,80,1420,1752,1713,1717,1641,93,1169,34,32,1556,427,1129,579,508,1691,1101,328,19,1086
1054: 
1055: 402,562,1136,1108,359,1775
1056: 529,1410,2004,1448,329,1389,1500,1422,1942,1434,1981,617,1097,1018
1620: 
1487: 
1059: 1932,387,100,2018,922,1887,309,1431,773,1645,135,1550,1469
1060: 1517
1061: 147,108
1062: 
1741: 
1655: 1252
1820: 
1066: 
1067: 1800,1673,479,1437
1068: 995
1069: 1445,1866,1393,2014,73,1004,470,1200,1457,1546,385,1609,825,310,1597,1683,66,707,1208,704,1548,812
1638: 1240,1153,629,793,1213,933,2002,335,857,752,487,610,1294,1471,1036,1763,1027,1676,588,1103,1843,2003
1071: 662,1647,1523,1658,592,926,747,1102,2009,1918,1293,1145,477,1023,1780,461,1278,503,1120
1072: 1291,275,1053,801,727,384,1964,1484,2010,80,1713,1717,1169,32,1556,427,1129,508,1691,1101,430,328
1073: 371
1074: 1172
1075: 29,1616,375,722,1753,356,1934,2001,1228,133,280,1339,925,30
1076: 1142,756,291,1854,1682,560,1474,1834,2012,284,1885,1239,1292,421,1149
1077: 
1841: 
1079: 249,1910,2007,972,1758,841,1039,1665,74,1161,2006,1901,1698
1956: 994,912,1536,103,1670
1783: 1827
1082: 
1083: 662,1647,1523,1658,592,926,1428,747,1102,586,2009,1293,477,1023,1780,461,1278
1438: 616,494,1627
1925: 
1086: 295,19,1291,1531,275,1053,1347,727,384,1964,2010,80,1420,1713,93,1169,34,1129,1691,1101,430,328
1087: 574
1697: 
1089: 
1090: 931,1131,1329
1091: 
1092: 1301,714,1581
1093: 40
1094: 486
1095: 
1096: 277
1097: 529,1410,460,2004,1056,329,520,536,303,1500,1422,114,1434,617,1018
1098: 
1099: 800,1047,431,2014,1338,1004,385,1,825,1229,1111,1166,1902
1100: 542,1142,756,291,1682,560,1474,1327,2012,1239,450,1149
1101: 1291,1531,275,1053,801,1964,1484,2010,1072,80,1420,1713,1717,93,34,427,1129,508,1691,430,328,1086
1102: 662,1523,1658,592,926,1428,747,586,2009,1918,1293,1145,477,1023,1083,461,1278,503,1120,1071
1103: 1153,793,1674,1638,1213,933,2002,335,737,857,487,610,1294,1471,1763,1027,588,1708,1843,1046,323,1170,2003
1104: 1705
1775: 402,562,1108,359,1055
1106: 
1909: 
1108: 562,1136,359,1055,1775
1109: 1504,1744
1110: 1607
1111: 800,1445,898,1866,1146,1047,193,431,2014,73,1338,1004,470,1200,1457,1546,385,1,1609,825,310,1597,1229,1099,66,1166,1902
1112: 141
1113: 1844,844,2000,195,1806,644,197,298,524,54,236,1387,1455,1667,1549,916
1114: 661,1257,1271,281,1391,1248,121,1482,1759,1451,2008,741
1115: 
1116: 369,360
1117: 905,188
1118: 1308,1492
1720: 
1120: 1647,1523,1658,592,926,1428,747,1102,2009,1918,1293,1145,1780,461,1278,1071
1121: 
1529: 
1123: 
1124: 1193,1501
1834: 1327,262,1408,176,2012,566,284,1225,1885,205,1239,1292,421,450,495,1149,1142,1854,1682,1474,1076
1126: 
1127: 
1128: 
1129: 1291,1531,275,1053,801,1347,727,384,1964,1484,2010,1072,80,1420,1713,1717,1641,93,1169,34,32,427,579,508,1691,1101,430,328,295,19,1086
1130: 
1131: 1329,1090
1512: 
1133: 
1134: 
1809: 1192,774,920,1030,1259,1302
1136: 562,1108,359,1055
1853: 
1831: 
1873: 488,1826
1140: 104
1141: 
1142: 542,756,291,1100,1854,1682,560,1474,1076,1327,1834,1408,2012,284,1225,1885,1239,1292,421,450,1149
1143: 
1144: 573,420
1145: 1647,1523,1658,926,747,1102,2009,1918,1293,477,1023,461,1278,503,1120,1071
1146: 800,1445,898,1393,1047,193,2014,73,1338,1004,470,1200,1457,1546,1609,310,1597,1683,1111,1166,1902,707,1208,704,1548,812
1147: 998,1401,1799,1025,1765,546,1867,230,1171,1912,615,296,2019,1034,446,1491,620,1495,763
1148: 
1149: 1327,262,1834,1408,176,2012,566,284,1225,1885,205,1239,1292,421,450,495,542,1142,756,291,1100,1854,1682,560,1474,1076
1150: 1513
1151: 
1152: 
1153: 1240,629,793,1674,1638,1213,933,2002,335,737,857,752,610,1294,1471,1036,1763,1027,588,1103,1944,1708,1843,1046,323,1170,2003
1748: 
1155: 
1156: 
1863: 523,529,460,166,2004,1448,329,1389,536,1500,1426,11,1981,1236,1018,571
1369: 1247,637
1159: 1819,464,1261,1555,1451,1380,1322,353,401,1381,409,473,2008,673,1807,325,1600,1201,1822,1191,741,661,1257,1271,281,1391,1248,121,1482,1759
1160: 
1161: 249,1910,2007,972,1758,841,842,1079,1039,1665,74,2006,1901,1698
1162: 1747,1433
1163: 1930,968,1882,2017,1632,1640,1718,544,695
1818: 822
1165: 1223
1166: 800,1445,898,1146,1393,1047,193,431,2014,73,1338,1004,470,1457,385,1,1609,825,310,1099,1111,1902,707,812
1167: 1969,1048,1984,712,44,621,817,319,2016,1618,1926,981,1837,1016,1363,1584,1250,1626,917,472,1368,634
1168: 
1169: 1291,275,1053,1347,727,384,1964,2010,1072,80,1420,1713,1717,93,32,1129,295,19,1086
1170: 1944,1708,1843,1046,323,2003,1153,793,1674,1213,2002,737,752,487,610,1294,1471,1036,1763,1027,1676,588,1103
1171: 1401,1025,546,1867,230,376,1912,615,2019,1034,446,1147,1510,1491,620
1172: 1074
1602: 
1174: 
1901: 249,2007,972,1758,1079,1665,74,1161,2006,1698
1582: 
1177: 
1433: 1162
1361: 389
1513: 1150
1981: 523,529,460,166,2004,1448,1056,329,1389,1863,520,536,303,1500,1426,1422,1942,11,114,1434,617,1236,1018,571,1788
1182: 
1183: 1197,522
1184: 130
1185: 
1387: 54,236,1455,1667,660,916,844,2000,644,1113,298,524
1380: 1819,464,1159,1261,1451,1322,401,1381,473,2008,1807,325,1526,1600,1201,1822,1191,741,1482
1895: 
1566: 
1190: 585,411
1191: 1819,464,1159,1555,1380,1322,353,401,1381,409,2008,673,325,1600,1201,1822
1192: 1809,774,920,1259,1302
1193: 1501,1124
1700: 
1607: 1110
1456: 
1197: 1183,522
1198: 1569,826,1855,173,1876,656,2013,751,102,2015,1011,1865,315,179,140,1266,676,1533,547,941,1044,1019,1687,72,997,1230
1199: 
1200: 800,1445,898,1866,1146,1393,1047,431,2014,73,1338,1004,470,1457,1546,385,1,825,1069,310,1683,1111
1201: 1819,464,1159,1555,1451,1380,1322,353,401,1381,409,2008,673,325,1600,1822,1191,1271,1482,1759
1679: 
1203: 1497,1010,1751
1637: 
1205: 
1206: 
1592: 
1208: 1445,1866,1146,1393,2014,73,470,1457,1546,1609,1069,310,1597,1683,66,707,704,1548,812
1951: 1561,1656,955
1210: 526,543,153
1675: 
1212: 
1213: 1240,1153,629,793,1674,1638,933,2002,335,737,857,752,487,610,1294,1471,1036,1763,1027,588,1103,1708,1843,1046,323,1170,2003
2013: 1569,826,1855,1198,173,1876,656,751,1828,102,2015,1011,1865,315,179,140,1266,676,1533,547,941,1044,1019,1687,202,72,997,466,339,1230
1215: 
1216: 
1217: 
1218: 1993,797
1459: 170
1495: 998,1401,1799,1025,1765,1912,615,296,2019,1034,446,1147,282,1746,763
1946: 
1365: 
1223: 1165
1224: 
1225: 1327,262,1834,1408,176,2012,566,1885,205,1239,1292,421,450,495,1149,542,1142,1682,1474
1226: 
1227: 666,1991
1228: 29,1616,722,1753,2001,133,280,925,1075
1229: 800,1445,1866,431,2014,1338,1004,1457,385,1,1609,825,1099,66,1111
1230: 826,1855,1198,173,656,2013,751,1828,102,2015,1865,315,179,140,676,1533,941,1687,72,997,339
1717: 1291,1531,275,1053,801,1347,727,384,1964,1484,2010,1072,80,1420,1752,1641,93,1169,34,32,1556,427,1129,579,508,1691,1101,19
1232: 443,930,982
1837: 1016,1584,1250,1626,287,917,1715,1969,1048,1984,712,44,621,817,1167,53,319,2016,1797
1234: 
1913: 168,1874
1236: 523,460,166,2004,1448,329,1863,520,536,1500,1426,11,114,1981,617,1018,571,1788
1721: 
1924: 
1239: 1327,1834,1408,2012,1225,1885,205,1292,421,450,1149,542,1142,756,291,1100,1854,1682,560,1474,1076
1240: 1153,629,793,1638,1213,933,2002,335,857,752,610,1294,1471,1036,1027,2003
1241: 1756,565,1586,110
1401: 998,1799,1025,1765,546,376,1171,1912,615,296,2019,1034,446,1147,1491,282,620,1495,1746,763
1243: 
1244: 
1245: 1892,646,607,1007,65,670,1633,2005,557,850,1458,61,828,1414,1878,638,465,474,798,1838
1627: 616,494,1438
1247: 1369,637
1248: 661,1257,1271,281,1114,1391,1894,121,1482,1759,464,1159,1261,1555,1451,1381,409,473,2008,673,1807,325,1600,1822,741
1474: 542,1142,756,291,1100,1854,1682,560,1076,1327,1834,1408,2012,284,1225,1885,205,1239,1292,421,450,495,1149
1250: 981,1837,1016,1363,1584,1626,287,917,472,1048,1984,712,44,621,817,1167,319,2016,1797,634
1251: 
1252: 1655,915
1597: 1445,1866,1146,2014,73,1004,470,1457,1546,1609,825,1069,310,1683,66,1111,707,1208,1548,812
1254: 
1255: 970,1390,1749,993,1838,1666,78,1892,607,65,1633,2005,850,61,828,1414
1256: 1269,834
1257: 661,1271,281,1114,1391,1894,1248,121,1482,1759,464,1159,1555,1451,401,1381,409,473,2008,673,741
1258: 408,304,581,858
1259: 1192,1809,774,920,1030,1302
1260: 
1261: 1819,464,1159,1451,1380,1322,1381,473,2008,673,1807,325,1526,1822,741,661,1894,1248,121,1482
1979: 830
1518: 
1264: 
1645: 135,1550,1469,1932,100,2018,922,1887,309,1059
1266: 1569,1855,1198,173,1876,2013,2015,1011,1865,315,179,676,547,941,1044,1019,1687,72,997,466
1267: 
1268: 
1269: 1256,834
1915: 
1271: 661,1257,281,1114,1391,1248,121,1482,1759,1819,464,1159,1555,1451,353,401,1381,409,473,2008,673,1600,1201,741
1272: 
1943: 437,1616,467,375,722,1753,356,1934,2001,1897,358,958,133,1281,1339,561,1017,117
1274: 759,274
1275: 436
1276: 822
1277: 
1278: 662,1647,1523,1658,592,926,1428,747,1102,586,2009,1918,1293,1145,477,1023,1780,1083,461,503,1120,1071
2010: 1291,1531,275,1053,801,1347,727,384,1964,1484,1072,80,1420,1752,1713,1717,1641,93,1169,34,32,1556,427,1129,579,508,1691,1101,430,328,295,19,1086
1280: 
1281: 437,1616,467,722,1753,1934,2001,1897,958,133,1339,925,1943,561,1017,117
1894: 661,1257,281,1248,121,1261,473,2008,673,1807,741
1283: 
1875: 
1285: 1559,492,778,2011,731,1860
1286: 
1463: 
1288: 
1289: 144,568
1290: 
1291: 275,1053,801,1347,727,384,1964,1484,2010,1072,80,1752,1713,1717,93,1169,32,1556,427,1129,579,508,1691,1101,328,295,19,1086
1292: 1327,262,1834,1408,176,2012,284,1225,1885,1239,421,450,495,1149,1142,756,291,1854,1682,1474,1076
1293: 662,1647,1523,1658,592,926,1428,747,1102,586,2009,1918,1145,477,1023,1780,1083,461,1278,503,1120,1071
1294: 1240,1153,629,793,1638,1213,933,2002,335,752,487,610,1471,1036,1763,1027,1676,588,1103,1944,1708,1843,1046,1170,2003
1295: 
1296: 
1800: 1673,479,1437,1067
1932: 387,100,2018,922,1887,309,1059,1431,773,1645,135,1550,1469
1299: 
1300: 
1301: 714,1092,1581
1302: 1192,1809,774,920,1259
1303: 1440,739
1304: 1701,1580
1305: 
1306: 
1987: 326,246
1308: 1118,1492
1309: 
1310: 
1677: 
1312: 567
1313: 
1496: 83,254
1315: 1519
1316: 
1317: 1030
1666: 970,1390,1749,993,1838,78,748,1255,777,1892,646,607,1007,65,2005,557,850,61,828,1414,474,1952
1524: 1812,891,1520,273
1320: 
1708: 1944,1843,1046,323,1170,2003,1153,629,793,1213,2002,737,857,752,1294,1471,1036,1027,588,1103
1322: 1819,464,1159,1261,1380,401,1381,409,2008,1807,325,1526,1201,1822,1191
1593: 
1957: 
1325: 
1908: 1632,1882,2017,1640,1718,544
1327: 262,1834,1408,176,2012,566,284,1225,1885,205,1239,1292,421,450,495,1149,542,1142,756,1100,1854,1682,1474
1522: 
1329: 931,1131,1090
1330: 
1331: 244
1772: 263
2012: 1327,262,1834,1408,176,566,284,1225,1885,205,1239,1292,421,450,495,1149,542,1142,756,291,1100,1854,1682,560,1474,1076
1556: 1291,1531,1053,801,727,384,1964,1484,2010,1072,1752,1717,1641,93,32,427,579,508
1335: 
1336: 92
1600: 1819,464,1159,1555,1451,1380,353,401,1381,409,2008,1201,1191,1271,1391,1248,121,1482,1759
1338: 800,1445,898,1866,1146,1393,1047,193,431,2014,73,1004,470,1200,1457,1546,385,1,1609,825,310,1229,1099,66,1111,1166,1902
1339: 437,1616,467,375,722,1753,356,1934,2001,1897,358,958,133,280,1281,1075,1943,561,30,1017
1793: 428
1341: 1864
1342: 
1807: 464,1159,1261,1380,1322,401,1381,473,2008,673,325,1526,1822,741,1894,1248
1344: 
1345: 62
1603: 
1347: 1291,1531,275,1053,727,384,2010,1420,1713,1717,93,1169,34,32,1129,579,295,19,1086
1935: 
1349: 
1632: 1908,1882,2017,1163,1930,968,1640,1718,544,695
1351: 
1964: 1291,1531,275,1053,801,727,384,1484,2010,1072,80,1420,1752,1713,1717,1641,93,1169,34,32,1556,427,1129,508,1691,1101,430,328,295,19,1086
1455: 54,236,1387,1667,660,1549,916,844,2000,644,1113,298,524
1777: 
1355: 
1356: 317
1357: 
1358: 163
1359: 50
1668: 