1758: 2006,1698,1161,848,249,1910,74,2007,972,1901,1039
1: 45,1047,1208,1166,1393,478,1705,193,1866,1229,1069,431,1445,1200,1902,1609,812,1720,1338,1004,707,1146,1597,1975,2014,1546
1471: 2003,2002,335,1046,1103,487,1240,588,1676,857,737,610,1014,1843,629,1153,1170,1036,752,323,1213,1944,1763,933,793,1674,1638,1708,1027
1979: 1450,907,1183
1803: 
1926: 764,44,1715,634,917,2016,1837,1626,1368,319,1984,981,1016,1584,472,1250,1048,1167
6: 
7: 1106
1797: 
9: 1795,395
1342: 615,1765,18,763,230,2019,546,620,296,1912,1867,156,1217,1510,1491
11: 166,2004,1961,1434,617,1448,523,536,303,529,114,1500,1426,1942,1788,460
12: 830,1090
1756: 
1865: 2013,1876,89,547,1855,1533,1828,1019,173,202,751,656,2015,339,1687,676,1198,1266,997,315,466,1011,1230
15: 
16: 
17: 
18: 615,1342,1765,763,230,1799,2019,546,998,620,1147,296,1912,1867,156,1746,1217,1510,1491
19: 80,1053,34,2010,32,1300,1588,1964,1602,295,771,1169,1531,1713,727,1752,1641,1347,1831,1291,1484,579,1272,1717
20: 
21: 44,1715,634,621,917,1969,2016,1837,712,287,1626,1368,1048,1618
22: 
1393: 1111,45,1047,1208,1166,478,66,1705,193,1866,470,1229,1069,1,1975,2014
1623: 1571,619
25: 
1368: 764,44,1715,634,621,917,21,1969,2016,1837,712,287,1626,1926,319,1984,981,1016,1584,1363,472,53,1250,1048,1618
1910: 1665,842,2006,1698,1161,848,249,74,2007,972,1079,1758,1901,1039,841
28: 798,850,1245,1458,1892,1838,474,670,828,1976,993,777,78,465,2005,607,61,748,65,1952,970,1666,1633,638,557,868,1255,1007,1414,1878
29: 722,1281,299,1120,117,1243,1017,2001,1934,561,958,1753,437,358,375,280,1616,133,30
30: 1281,1120,117,1243,2001,1934,561,29,958,1075,437,1616,133
31: 
32: 1101,80,1053,34,2010,801,1300,19,1964,1602,1556,1420,295,771,1169,384,1531,93,1713,727,650,1752,275,508,1347,1831,1291,1484,579,1272,1086,1717,965
33: 372
34: 1101,80,2010,32,801,1300,19,1964,1602,1556,1691,771,1169,1531,93,727,1752,275,508,1347,1831,1291,579,132,1272,965
35: 112
36: 
37: 
38: 
1379: 
40: 
1460: 
1817: 420,715
43: 
44: 764,1715,634,621,917,21,1969,2016,1837,287,1626,1368,1926,319,1984,981,1016,1584,1363,472,53,1250,1048,1618,1167
45: 1111,1047,1208,1166,1393,478,66,1705,385,193,1866,470,1229,1069,1,431,1200,1902,1609,812,1338,1004,1146,1975,2014,1546
46: 
1759: 1248,2008,1526,1600,121,1822,254,661,1819,1380,1555,409,1271,1159,1191,325,1894,673,1451,1022,1381,281,473,1257,1201,741
48: 
49: 318,334
50: 
51: 
52: 68,1511
53: 1984,981,1016,1584,1363,472,1048,1618,44,1715,917,1969,2016,712,287,1368
54: 1455,197,844,298,2000,1806,863,195,1387
55: 
56: 1483,969,1561
1860: 1285,2011,1283,1559
58: 
1505: 
60: 
61: 850,1245,1458,1892,474,670,828,1976,78,465,2005,607,28,748,65,1952,970,1666,868,1255,1007,1414,1878,1749,1739
62: 1210,1043
63: 
1363: 1984,981,1584,472,53,1250,1048,1618,44,2016,1368
65: 798,850,1245,1458,1296,1892,474,670,828,1976,993,777,78,2005,607,28,61,1952,970,1666,1633,638,557,868,1007,1878,1739
66: 1111,1457,45,1047,1208,1166,1393,478,385,193,1866,470,1229,2014
1662: 
68: 52,1511
69: 
1715: 764,44,634,621,917,21,1969,2016,1837,712,287,1626,1368,1926,319,1016,1584,472,53,1048,1618
1443: 258,797,1247
72: 751,102,656,826,179,941,2015,339,1569,1687,140,2013,202
73: 
74: 842,2006,1161,848,1910,2007,1758,1901,1039
1589: 
76: 1790,359
1524: 
78: 798,850,1245,1458,1892,1838,474,670,828,1976,993,777,465,2005,607,28,61,65,1952,970,1666,1633,638,557,868,1255,1007,1414,1878
1564: 
80: 1101,1053,34,2010,32,1300,19,1588,1964,1602,1420,328,295,771,1169,384,1531,93,727,650,1752,275,508,1347,1291,1484,579,430,1272,1086,1717,965
81: 
1422: 329,1981,1018,520,1056,1863,1389,1788,571,460,1236,2004,1961,1434,617,1448,529,114,1426,1410
83: 
1462: 
85: 
86: 
1653: 
1973: 
89: 2013,1876,547,1855,1533,1828,1019,1865,173,202,751,102,656,826,2015,339,1687,1044,676,140,1198,1266,997,315,466,1011,1230
1457: 1111,1047,1208,1166,478,66,385,1866,470,1229,431,1099,812,1683,310,825,2014,1546
1718: 1632,960,1640,968,544,2017,695,1930
92: 330,858
93: 1101,1129,80,34,2010,32,1556,1420,1691,771,727,275,508,427,1347,1291,579,132,430,1272,965
94: 1156,1506
1266: 997,315,466,1011,1230,751,2015,1044,676,1198,2013,89,1828,1865,173
1916: 
97: 391
1385: 
1781: 1351
100: 135,1431,1932,1645,773,2018,1059,309,387,922
1501: 1927
102: 72,751,656,826,179,941,2015,339,1569,1687,1044,676,140,1198,2013,89,1019,173,202,997,315,1011,1230
103: 
104: 735
105: 1504,486,1690
106: 
1774: 
1463: 235,713
109: 
110: 
111: 
112: 35
1754: 
114: 166,2004,1961,11,1434,617,1448,523,536,303,529,1500,1426,1410,1097,1942,329,1981,1018,1056,1788,1422,460,1236
1701: 
1366: 
117: 1281,1120,1243,2001,1934,561,29,958,437,375,1616,133,30
1682: 
1452: 510,292
120: 
121: 1248,2008,1114,1600,1261,254,661,1819,1807,1380,1555,1759,1271,1159,1191,1894,1482,1451,1022,464,1391,473,1201,741
1632: 960,1718,1640,968,2017,1930
123: 
1458: 850,1245,1296,1892,1838,474,670,1976,78,2005,28,61,748,65,970,1666,868,1255,1007,1414,1878,1749,1739
1490: 
126: 1152,816
1527: 1841,1093
128: 
129: 
130: 1852
131: 1206
132: 430,1272,965,1129,34,2010,1556,1420,1691,93,275,508,427,1347,1291,579
133: 1120,117,1243,2001,1934,561,29,958,1075,1753,437,1616,30
1395: 632
135: 1431,1932,1645,100,773,2018,1059,309,1469,1887,387,922,1550
136: 
137: 532
1707: 
139: 
140: 1044,676,1198,72,751,102,656,179,941,2015,339,1569,1687,2013,89,1828,202,997,315,466,1011,1230
141: 
1659: 
1787: 928,1254
144: 1280,1438
1842: 165
1598: 
147: 1325
1520: 
1670: 208,1809
150: 
151: 
152: 
153: 666
1815: 286
155: 402
156: 1734,230,1799,2019,546,998,620,1147,296,1912,1867,1746,615,1342,1765,18,763,1034,282,1495,1217,376,1510,1491
157: 
158: 
1331: 946
1392: 1603,869
1753: 722,1120,1243,1897,2001,1934,561,29,958,1075,467,356,358,375,280,1616,133
1309: 
163: 
1547: 
165: 1842
166: 2004,1961,11,1434,617,1448,523,536,303,529,114,1500,1426,1410,1942,329,1056,1788,571,460
1504: 105,486,1690,444
168: 651,516,1123,1136,977
169: 
170: 
1828: 2013,1876,89,547,1855,1533,1019,1865,173,202,751,656,179,2015,1687,1044,676,140,1266,997,315,466,1011,1230
172: 
173: 2013,1876,89,547,1855,1533,1828,1019,1865,202,751,102,656,826,2015,339,1569,1687,676,1266,997,315,466,1011
2004: 166,1961,11,1434,617,1448,523,536,303,529,114,1500,1426,1410,1097,1942,329,1981,1018,520,1056,1863,1389,1788,571,1422,460,1236
1322: 
176: 291,1239,542,2012,205,1100,1142,1327,450,1076,1292,756,262,495
1451: 2008,1114,1526,1600,121,1261,254,661,1819,1807,1380,1555,1759,1271,1159,1191,1894,1482,1022,464,1391,1201
1639: 
179: 72,751,102,656,826,941,2015,339,1569,1687,676,140,2013,547,1533,1828,1019,202,315,1011,1230
2003: 2002,335,1046,1471,1103,487,1240,588,1676,857,737,610,1014,1843,629,1153,1170,1036,752,323,1213,1944,1763,1294,933,793,1674,1638,1708,1027
2002: 2003,335,1046,1471,1103,487,1240,588,1676,857,737,610,1014,1843,629,1153,1170,1036,752,323,1213,1944,1763,1294,933,793,1674,1638,1708,1027
182: 
183: 
184: 438
2010: 1101,1129,80,1053,34,32,801,1300,1072,19,1588,1964,1602,1556,1420,1691,328,295,771,1169,384,1531,93,1713,727,650,1752,275,1641,508,427,1347,1831,1291,1484,579,132,430,1272,1086,1717,965
186: 
2008: 1248,1114,353,1526,1600,121,1261,1822,254,661,1819,1807,1380,1555,1759,409,1271,1159,1191,325,1894,1482,673,1451,1022,464,1381,281,1391,473,1257,401,1201,741
188: 563,905,934
1813: 
1878: 850,1245,1458,1296,1892,1838,474,670,993,78,2005,607,28,61,748,65,970,1666,1633,868,1007,1749,1739
191: 
2012: 291,176,1239,1408,542,205,1100,1142,1327,450,1076,1292,1885,756,262,284,421,560,1834,566,495,1474,1225,1149,1854
193: 1111,45,1047,1208,1166,1393,478,66,1705,385,1866,470,1229,1069,1,1200,1609,1099,812,1720,1338,1004,825,1597,1975,2014,1546
1839: 
195: 1549,1844,644,660,916,1113,524,1748,1387,54,844,298,2000,1806,863
196: 910
197: 1455,54,844,2000,1806,863,236,1844,660,1113,524,1387
198: 543
1257: 473,401,1201,741,1248,2008,1822,661,1380,1759,1159,1482,673,1022,1381,281
1563: 
1940: 360
202: 2013,1876,89,547,1855,1533,1828,1019,1865,173,72,751,102,656,826,179,2015,339,1569,1687,1044,676,140,997,315,466,1011,1230
1325: 147
1588: 1101,80,1053,2010,1300,1072,19,1964,1602,328,295,1169,1713,650,1752,1641,1831,1484
205: 176,1239,542,2012,1100,1142,1327,1076,1292,756,262,495,1854
1310: 
1779: 
208: 1809,1670,416
209: 
210: 
211: 714,1349
1612: 235,713
213: 1155
214: 
215: 
1740: 899
1276: 
218: 1285,923,1845,790,1849,731,778,492,2011,1283,1559
219: 705
1281: 299,1120,117,1243,1339,1017,2001,561,29,437,358,375,30
2001: 722,1281,299,1120,117,1243,1339,1897,1017,1934,561,29,958,1075,1753,467,437,356,358,375,280,1616,133,30
222: 585
223: 
1647: 1102,1780,926,747,1145,1023,2009,1658,1523,1126,1293,1428,477,503,1918,1278,594,461
225: 
1398: 
227: 408,304
1522: 
1428: 1102,1780,926,747,1145,662,1023,2009,1658,1647,1523,1126,1293,477,503,1918,1278,594,461,586,1083,1071
230: 1734,1799,2019,546,998,620,1147,1401,296,1912,1867,156,1746,615,1342,1765,18,763,1217,376,1491
1306: 698,534
1469: 309,1887,387,922,1550,135,1932,1645,773,2018,1059
233: 
1693: 
235: 1463,713,1612
236: 1455,197,844,2000,1806,1844,660,1113,524,1387
237: 
238: 
1618: 1984,981,1016,1584,1363,472,53,1048,764,44,1715,634,621,917,21,1969,2016,712,287,1368
240: 403
241: 
1467: 
243: 
1335: 
245: 
1277: 
1278: 1102,926,747,1145,662,2009,1658,1647,1523,1126,1293,1428,503,1918,594,461,1083,1071
1386: 
249: 1665,842,2006,1698,1161,848,1910,2007,972,1079,1758,1901
250: 
1473: 1518,279,290
1780: 1102,747,1145,1023,2009,1658,1647,1523,1126,1428,477,503,594,592,586
1799: 1734,230,2019,546,1025,998,620,1147,1401,1171,296,446,703,1912,1867,156,1746,1765,18,763,1217,376
254: 1248,2008,1114,353,1526,1600,121,1261,1822,661,1819,1807,1380,1555,1759,409,1271,1159,1191,325,1894,673,1451,1022,1381,281
255: 
1313: 1256,1234
1807: 2008,1114,353,1526,1600,121,1261,254,1819,1380,1555,1271,1191,1894,1451,464
258: 1443,797,1247
259: 
260: 
261: 664
262: 176,542,2012,205,1100,1142,1076,756,421,566,495,1474
263: 485,616,1402
264: 
265: 
266: 
1362: 
268: 
1965: 
1658: 1102,1780,747,1023,2009,1647,1523,1126,1293,1428,477,1278,594,461
1355: 
1914: 
273: 
274: 759,1412
275: 1101,1129,80,34,2010,32,1556,1420,1691,384,1531,93,727,1752,508,427,1347,1291,579,132,430,1272,1086,965
276: 468,1805
1330: 1650
278: 
279: 1473,1518,290
280: 722,299,1339,1017,2001,29,1753,467,356,358,375
281: 1248,2008,1822,254,1380,1759,409,1159,325,673,1022,1381,473,1257,401,741
282: 1034,1495,1217,376,1734,2019,546,446,1867,156,1746,1510,1491
1962: 
284: 291,1239,1408,542,2012,1100,1142,1327,450,1292,756,421,560,566,1225,1149,1854
285: 
286: 1815
287: 44,1715,634,621,917,21,1969,2016,1837,712,1368,981,1016,1584,472,53,1048,1618
288: 
2005: 798,850,1245,1458,1296,1892,1838,474,670,828,1976,993,777,78,465,607,28,61,748,65,1952,970,1666,1633,638,557,868,1255,1007,1414,1878,1749,1739
290: 1473,1518,279,1820
291: 176,1239,1408,542,2012,1142,1327,450,1292,1885,756,284,560,1834,1225,1149,1854
292: 1452,510
1394: 
294: 
295: 80,1053,2010,32,1300,19,1588,1964,771,1169,1531,650,1752,1641,1484,1086,1717
296: 1734,230,1799,2019,546,998,620,1147,1401,703,1912,1867,156,1746,615,1342,1765,18,763,1217
1400: 
298: 54,844,2000,1806,863,1549,644,916,1113,524,1748,195
299: 1281,1339,1017,2001,561,29,358,375,280
300: 1582
1430: 
2014: 1609,1099,800,812,1720,1338,1683,704,1004,310,1548,707,1146,825,1597,1975,1546,1111,1457,45,1047,1208,1166,1393,478,66,1705,385,193,1866,470,1229,1069,1,431,1445,1200,1902
303: 166,2004,1961,11,1434,617,1448,523,536,529,114,1500,1426,1410,1942,329,1981,1018,1056,1788,571,1236
304: 408,227
1795: 395,762,9
1391: 2008,1600,121,661,1271,1482,1451,464
307: 
1410: 166,2004,1961,1434,617,1448,303,529,114,329,1981,1018,520,1056,1863,1389,1788,571,1422,460,1236
309: 1469,1887,387,922,1550,135,1431,1932,1645,100,773,2018,1059
310: 1099,812,1683,1004,1548,825,1597,2014,1546,1457,1047,1166,478,385,470,431
311: 
312: 
313: 
1930: 1640,1908,968,1163,544,2017,695,1882,1632,960,1718
315: 1266,997,466,1011,1230,751,102,656,179,2015,339,1687,1044,676,140,1198,2013,1876,89,547,1855,1533,1828,1019,1865,173,202
1546: 1609,1099,812,1720,1338,1004,310,1548,825,1597,1975,2014,1457,45,1047,1208,1166,478,385,193,1229,1
317: 618,1486,599,1544,1554
318: 334,49
319: 1984,1016,1584,472,1250,1048,1167,764,44,1715,917,2016,1837,1368,1926
1974: 
321: 
322: 
323: 2003,2002,335,1471,1103,1240,588,857,737,610,1153,1170,1036,1213,793,1674
1806: 1455,54,197,844,298,2000,863,236,1844,644,916,1113,524,1748,195,1387
325: 1248,2008,1114,353,1526,1600,1822,254,661,1819,1380,1555,1759,409,1159,1894,673,1022,1381,281,473,401,741
326: 
327: 
328: 1101,80,1053,2010,801,1300,1072,1588,1964,1602,1420,1169,384,1713,650,1752,1641,1347,1831,1291,1484
329: 1981,1018,520,1056,1863,1389,1788,571,1422,460,1236,166,2004,1961,1434,617,1448,303,529,114,1426,1410
330: 858,92
1586: 1260,1162,539
332: 
333: 
334: 318,49
335: 2003,2002,1046,1471,1103,487,1240,588,1676,857,737,610,1014,1843,629,1153,1170,1036,752,323,1213,1944,1763,933,793,1674,1638,1708,1027
1991: 1498,1110
337: 
338: 
339: 72,751,102,656,826,179,941,2015,1569,1687,676,140,2013,1876,89,547,1533,1019,1865,173,202,997,315,1011
1389: 329,520,1056,1863,1788,571,1422,2004,1434,1410
341: 1037,1073
1886: 1776,370
343: 
1695: 397
345: 
346: 
347: 1677
1514: 
1838: 850,1245,1458,1296,1892,474,828,993,78,465,2005,607,28,748,1952,970,1666,1633,868,1255,1414,1878,1749
1399: 1140
351: 1954
1614: 
353: 2008,1114,1526,1600,1261,254,1819,1807,1555,409,1271,325,1894
1548: 1609,1099,800,812,1720,1338,1683,704,1004,310,707,825,1597,1975,2014,1546,1047,1166,431
1405: 
356: 722,1897,2001,1753,467,375,280
1500: 166,2004,1961,11,1434,617,1448,523,536,303,529,114,1426,1097,1942
358: 722,1281,299,1243,1339,1017,2001,561,29,1753,375,280
359: 1790,76
360: 1940
361: 
1968: 
1316: 1958
364: 1192
1835: 
1892: 850,1245,1458,1296,1838,670,828,1976,78,465,2005,28,61,748,65,970,1666,868,1255,1007,1414,1878,1749,1739
1826: 657
1984: 981,1016,1584,1363,472,53,1250,1048,1618,319,764,44,917,2016,1626,1368,1926
369: 
370: 1776,1886
371: 
372: 33
1426: 166,2004,1961,11,1434,617,1448,303,529,114,1500,1097,1942,329,1981,1018,1056,1788,1422,460,1236
374: 
375: 722,1281,299,117,1243,1339,1017,2001,561,29,958,1753,467,356,358,280
376: 1034,282,1495,1217,1734,230,1799,2019,546,998,446,1912,1867,156,1746,1510,1491
377: 1412,759
378: 
1935: 1513,775
380: 
1315: 
1673: 1553
383: 
384: 1101,80,2010,32,801,1300,1072,1602,1420,1691,328,771,1169,1531,727,650,1752,275,508,1347,1291,1484,579,1086
385: 1111,1457,45,1047,1208,1166,478,66,193,1866,470,1229,431,1099,812,1004,310,825,1597,1975,2014,1546
386: 
387: 309,1469,1887,922,1550,135,1431,1932,1645,100,773,2018,1059
1493: 
389: 
390: 
391: 97
392: 1592,1066,1130
1987: 
394: 
395: 1795,762,9
1641: 1053,2010,1300,1072,19,1588,1964,1602,328,295,771,1169,1713,1831,1484
397: 1695,1700
398: 
399: 
400: 
401: 473,1257,741,1248,2008,1822,661,409,1159,325,673,1022,1381,281
402: 155
403: 240
1961: 166,2004,11,1434,617,1448,523,536,303,529,114,1500,1426,1410,1097,1942,329,1981,1018,1422,1236
405: 
406: 
1581: 
408: 227,304
409: 1248,2008,1114,353,1526,1600,1261,1822,254,661,1819,1380,1555,1759,1271,1159,325,1894,673,1022,464,1381,281,401
410: 
411: 1373
1390: 
413: 
414: 1830
1709: 
416: 208,1809,930
417: 
1751: 
1580: 
420: 1817
421: 1408,542,2012,1100,1142,1327,450,1076,756,262,284,560,566,495,1474,1149
1749: 850,1245,1458,1296,1892,1838,474,670,2005,61,748,970,1666,868,1255,1878,1739
1532: 
1964: 1101,80,1053,34,2010,32,1300,1072,19,1588,1602,328,295,771,1169,1531,1713,727,1752,1641,1347,1831,1291,1484
425: 
1291: 1101,80,34,2010,32,801,1300,19,1964,1602,1556,1420,1691,328,771,1169,384,1531,93,727,650,1752,275,508,1347,1484,579,132,430,1272,1086,965
427: 1129,2010,1556,1691,93,275,132,430
428: 1177,1921
1295: 878
430: 132,1272,1086,965,80,2010,1420,93,275,427,1291,579
431: 1111,1457,45,1047,1208,1166,478,1705,385,1866,470,1069,1,1445,1609,1099,812,1683,704,1004,310,1548,1146,825,1597,1975,2014
432: 
1388: 889,1077
434: 
1723: 
436: 1800
437: 1281,1120,117,1243,1017,2001,1934,561,29,133,30
438: 184
1827: 
1550: 309,1469,1887,387,922,135,1431,1932,1645,773,2018,1059
1986: 1299
1555: 2008,1114,353,1526,1600,121,1261,254,1819,1807,1380,1759,409,1271,1159,1191,325,1894,1451,1022,464
443: 1259,859
444: 1504,486,1690
445: 
446: 1734,1799,2019,1025,998,1171,703,1746,1034,282,1495,1217,376
1565: 
2006: 1665,842,1698,1161,848,249,1910,74,2007,972,1079,1758,1901,1039,841
449: 
450: 291,176,1239,1408,542,2012,1100,1142,1327,1076,1292,1885,756,284,421,560,1834,566,495,1225,1149,1854
1544: 618,317,1486,599,1554
1431: 135,1932,1645,100,773,2018,1059,309,387,922,1550
1752: 1101,80,1053,34,2010,32,801,1300,1072,19,1588,1964,1602,1420,328,295,771,1169,384,1531,1713,727,650,275,508,1347,1831,1291,1484,579,1272,1086,1717,965
454: 
1540: 1336
1271: 2008,1114,353,1526,1600,121,1261,254,661,1819,1807,1380,1555,1759,409,1159,1191,1894,1482,1451,1022,464,1391
457: 1030
1825: 
1897: 722,1243,2001,958,1075,1753,467,356,1616
460: 329,1981,1056,1863,1788,571,1422,166,2004,11,1434,617,1448,529,114,1426,1410
461: 1102,926,747,1145,662,2009,1658,1647,1523,1126,1293,1428,503,1918,1278,594,1083,1071
462: 
1811: 
464: 2008,1114,1600,121,1261,661,1819,1807,1380,1555,409,1271,1894,1482,1451,1022,1391
465: 850,1245,1892,1838,828,1976,78,2005,28,61,748,1952,970,1666,1633,868,1255,1414
466: 1266,997,315,1011,1230,751,656,2015,1044,676,140,1198,2013,89,1533,1828,1865,173,202
467: 722,1897,1017,2001,1753,356,375,280
468: 1805,276
1381: 1248,2008,1114,1600,1822,254,661,1380,1759,409,1159,325,1894,1482,673,1022,281,473,1257,401,741
470: 1111,1457,45,1047,1208,1166,1393,478,66,385,193,1866,1229,431,1099,812,310,2014
1864: 
472: 1984,981,1016,1584,1363,53,1250,1048,1618,319,764,44,1715,917,1969,2016,1837,287,1368,1926
473: 1257,401,1201,741,1248,2008,121,1822,661,1380,1759,1159,1191,325,673,1022,1381,281
474: 798,850,1245,1458,1296,1838,670,828,993,777,78,2005,607,28,61,748,65,970,1666,1633,638,557,868,1007,1878,1749,1739
1902: 1445,1200,45,1208,1705,1866,1069,1,1609,704,707,1146,1975,2014
476: 
477: 1102,1780,1023,2009,1658,1647,1428,503,594,592,586
478: 1111,1457,45,1047,1208,1166,1393,66,1705,385,193,1866,470,1229,1069,1,431,1609,1099,812,1338,1683,1004,310,1146,825,1597,1975,2014,1546
1258: 
480: 
481: 
1937: 
1882: 1908,1163,544,2017,695,1930,960
484: 
485: 263,616,1402
486: 105,1504,1690,444
487: 2003,2002,335,1046,1471,1103,1240,1676,857,1843,629,1170,1036,752,1944,1763,793,1674,1638,1708,1027
488: 
1530: 
1665: 842,2006,1698,1161,848,249,1910,2007,972,1079,1039,841
1851: 
492: 1285,923,1845,1849,731,2011,218
493: 1688
494: 1627,1365
495: 176,1239,1408,542,2012,205,1100,1142,1327,450,1076,756,262,421,560,566,1474,1149
1688: 493
1845: 923,790,1849,731,778,492,2011,218,1283
498: 818
499: 
1654: 1621,1519,1268
501: 
1553: 1673
503: 1102,1780,926,1145,1023,2009,1647,1523,1428,477,1278,594,461,592,586,1071
1993: 
2017: 1640,1908,968,1163,544,695,1882,1930,1632,960,1718
1274: 872
1650: 1330
508: 1101,1129,80,34,2010,32,801,1602,1556,1420,1691,771,384,93,727,1752,275,1347,1291,579,132
1661: 
510: 1452,292
511: 
1790: 76,359
1482: 2008,1114,1600,121,1822,661,1380,1271,1159,1191,1894,1451,1022,464,1381,1391,1257,1201,741
1805: 468,276
2011: 1285,923,1845,790,1849,731,778,492,218,1283,1559,1860
516: 651,942,1123,168
1881: 
1439: 
519: 769
520: 329,1018,1056,1863,1389,1788,571,1422,2004,1410
521: 
522: 
523: 166,2004,1961,11,1434,617,1448,536,303,114,1500,1942
524: 1549,1844,644,660,916,1113,1748,195,1387,1455,197,844,298,2000,1806,863,236
525: 
526: 605
1551: 
528: 
529: 166,2004,1961,11,1434,617,1448,536,303,114,1500,1426,1410,1097,1942,329,1981,1018,1422,460,1236
530: 
531: 
532: 137
533: 
534: 698,1306
1261: 2008,1114,353,1526,1600,121,254,1819,1807,1380,1555,409,1271,1894,1451,1022,464
536: 166,2004,1961,11,1448,523,303,529,114,1500,1097,1942
1744: 
1963: 1917
539: 1260,1586,1162
1949: 1769,1092
541: 
542: 291,176,1239,1408,2012,205,1100,1142,1327,450,1076,1292,1885,756,262,284,421,560,1834,566,495,1225,1149,1854
543: 198
544: 1640,1908,968,1163,2017,695,1882,1930,960,1718
1824: 
546: 1734,230,1799,2019,998,620,1147,1401,1171,296,703,1912,1867,156,1746,615,1342,1765,18,763,1034,282,1217,376,1510,1491
547: 2013,1876,89,1855,1533,1828,1019,1865,173,202,751,656,826,179,2015,339,1569,1687,315,1011,1230
1760: 
1739: 850,1458,1296,1892,474,670,2005,607,61,748,65,970,868,1878,1749
1674: 2003,2002,335,1046,1471,1103,487,1240,588,857,737,610,1014,1843,629,1153,1170,1036,752,323,1213,1944,1763,933,793,1638,1708,1027
551: 
1976: 1245,1458,1892,828,777,78,465,2005,607,28,61,65,1952,970,1666,1633,868,1255,1007,1414
1890: 
554: 
555: 1608
1259: 443,859
557: 798,1245,474,828,993,777,78,2005,607,28,65,1952,1633,638,1007
1484: 1101,80,1053,2010,32,1300,1072,19,1588,1964,1602,1420,328,295,771,1169,384,1531,1713,650,1752,1641,1291,579,1272,1086,1717,965
1915: 
560: 291,1408,542,2012,1142,1327,450,1885,756,284,421,566,495,1225,1149,1854
561: 1281,299,1120,117,1243,2001,1934,29,958,1753,437,358,375,1616,133,30
562: 
563: 905,934,188
1954: 351
565: 
566: 542,2012,1100,1142,450,1076,756,262,284,421,560,495,1474,1149
567: 
568: 
1885: 291,1239,1408,542,2012,1327,450,1292,560,1834,1225,1854
1793: 
571: 329,520,1056,1863,1389,1788,1422,460,166,2004,1434,1448,303,1410
1517: 1152,816
1593: 
574: 
1434: 166,2004,1961,11,617,1448,523,303,529,114,1500,1426,1410,329,1981,1056,1863,1389,1788,571,1422,460,1236
576: 
1518: 1473,279,290
578: 
579: 1101,80,34,2010,32,1300,19,1602,1556,1420,1691,771,1169,384,1531,93,727,650,1752,275,508,1347,1291,1484,132,430,1272,1086,1717,965
580: 
581: 
1559: 1285,923,790,1849,778,2011,218,1283,1860
583: 739
584: 
585: 222
586: 592,1102,1780,1023,2009,1428,477,503,594
1667: 
588: 2003,2002,335,1471,1103,1240,857,737,610,1153,1036,323,1213,1944,933,793,1674,1638,1708
1402: 485,263,616
1696: 
1953: 
592: 586,1102,1780,1023,2009,477,503,594
593: 
594: 1102,1780,926,747,1145,1023,2009,1658,1647,1428,477,503,1278,461,592,586,1071
1268: 1519,1621,1654
596: 
597: 
598: 
599: 618,317,1486,1544,1554
600: 736
1711: 1506
602: 
603: 
604: 
605: 526
606: 
607: 798,850,1245,1838,474,670,828,1976,993,777,78,2005,28,61,65,1952,970,1666,1633,638,557,868,1007,1878,1739
1867: 1734,230,1799,2019,546,998,620,1147,1401,296,703,1912,156,1746,615,1342,1765,18,763,1034,282,1217,376,1510,1491
1561: 1483,56
610: 2003,2002,335,1046,1471,1103,1240,588,737,1014,1843,629,1153,1170,752,323,1213,1763,1294,793,1674,1708,1027
1523: 1780,926,747,1145,662,2009,1658,1647,1126,1293,1428,503,1918,1278,461,1083
1726: 
1539: 
1669: 
615: 1342,1765,18,763,230,2019,546,296,1867,156
616: 485,263,1402
617: 166,2004,1961,11,1434,1448,523,303,529,114,1500,1426,1410,1942,329,1981,1056,1788,1422,460
618: 317,1486,599,1544,1554
619: 1369,1571,1623
620: 1734,230,1799,2019,546,998,1147,1401,1171,296,703,1867,156,1746,1342,18,763,1034,1217,1510
621: 764,44,1715,634,917,21,1969,2016,1837,712,287,1626,1368,981,1048,1618
622: 1613
1812: 
624: 
625: 827
626: 
2009: 1102,1780,926,747,1145,662,1023,1658,1647,1523,1126,1293,1428,477,503,1918,1278,594,461,592,586,1083,1071
1603: 1392,869
629: 2003,2002,335,1046,1471,487,1240,610,1014,1843,1153,1170,752,1213,1763,1294,793,1674,1708,1027
1414: 1245,1458,1892,1838,828,1976,78,465,2005,28,61,1952,970,1666,1633,868,1255,1007
1769: 1092,1949
632: 1395
1497: 
634: 764,44,1715,621,917,21,1969,2016,1837,712,287,1626,1368,1926,981,1584,1048,1618
1292: 291,176,1239,1408,542,2012,205,1100,1142,1327,450,1076,1885,756,284,1834,1225,1854
1927: 1501
637: 
638: 798,474,993,777,78,2005,607,28,65,970,1633,557,1007
1683: 1609,1099,800,812,1720,704,310,1548,707,1146,825,1597,1975,2014,1111,1457,1047,1208,1166,478,1705,1866,431,1445
1542: 
641: 1818
1615: 
1855: 2013,1876,89,547,1533,1828,1019,1865,173,202,2015,1687,997,315,1011
644: 1549,1844,660,916,1113,524,1748,195,1387,844,298,2000,1806,863
645: 
646: 
647: 
1656: 
649: 
650: 1101,80,2010,32,1300,1072,1588,1420,328,295,1169,384,1531,1752,1291,1484,579,1086,1717
651: 516,1123,168
652: 655,678
653: 
1573: 
655: 652,678
656: 72,751,102,826,179,941,2015,339,1569,1687,1044,676,140,1198,2013,1876,89,547,1533,1828,1019,1865,173,202,997,315,466,1011,1230
657: 1826
1633: 798,850,1245,1838,474,828,1976,993,777,78,465,2005,607,28,65,1952,970,1666,638,557,868,1007,1414,1878
659: 
660: 1549,1844,644,916,1113,524,195,1387,197,844,2000,236
661: 1248,2008,1114,1600,121,1822,254,1819,1380,1759,409,1271,1159,1191,325,1894,1482,1451,1022,464,1381,1391,473,1257,401,1201,741
662: 926,747,1145,2009,1523,1293,1428,1918,1278,461,1083,1071
663: 
664: 261
1796: 1990,1357
666: 153
1303: 
668: 
669: 
670: 850,1245,1458,1296,1892,474,78,2005,607,28,61,748,65,970,1666,868,1007,1878,1749,1739
671: 
1912: 1734,230,1799,2019,546,998,1147,296,1867,156,1342,1765,18,763,1217,376
673: 1248,2008,1822,254,1380,1759,409,1159,325,1894,1022,1381,281,473,1257,401
1765: 615,1342,18,763,230,1799,2019,546,296,1912,1867,156,1491
675: 
676: 1044,140,1198,751,102,656,179,2015,339,1687,2013,89,1533,1828,1865,173,202,1266,997,315,466,1011,1230
1572: 
678: 655,652
679: 
1541: 1560
681: 1205
1776: 1886,370
683: 
684: 
1511: 68,52
1969: 764,44,1715,634,621,917,21,2016,1837,712,287,1626,1368,981,1016,1584,472,53,1048,1618
1269: 
1778: 
1840: 
690: 1775
1373: 411
692: 
1616: 1120,117,1243,1897,2001,1934,561,29,958,1075,1753,133,30
1446: 
695: 1640,1908,968,1163,544,2017,1882,1930,960,1718
1256: 1313,1234
1874: 1068,1429,784
698: 534,1306
1455: 54,197,844,2000,1806,863,236,524,1387
1491: 1510,1734,230,2019,546,1867,156,1342,1765,18,1034,282,1217,376
1584: 1984,981,1016,1363,472,53,1250,1048,1618,319,764,44,1715,634,917,1969,2016,1837,712,287,1368,1926
1296: 850,1245,1458,1892,1838,474,670,2005,748,65,970,1666,868,1878,1749,1739
703: 1734,1799,2019,546,1025,998,620,1147,1401,1171,296,446,1867,1746,1034,1495,1217
704: 1609,1099,800,812,1720,1338,1683,1004,1548,707,1146,825,1597,1975,2014,1047,1208,1166,1705,431,1445,1200,1902
705: 219
706: 
707: 1609,800,812,1720,1338,1683,704,1004,1548,1146,1597,1975,2014,1166,1705,1069,1,1445,1200,1902
1666: 850,1245,1458,1296,1892,1838,474,670,828,1976,993,78,465,2005,607,28,61,748,65,1952,970,1633,868,1255,1007,1414,1878,1749
709: 
710: 1193
711: 1664
712: 1715,634,621,917,21,1969,2016,287,1368,1584,53,1048,1618
713: 235,1463,1612
714: 211,1349
715: 1817
1876: 2013,89,547,1855,1533,1828,1019,1865,173,202,751,656,2015,339,1569,1687,997,315,1011
717: 
1420: 1101,80,2010,32,1300,1691,328,1169,384,1531,93,650,1752,275,508,1347,1291,1484,579,132,430,1272,1086,1717,965
1944: 2003,2002,335,1046,1471,1103,487,1240,588,1676,857,737,1843,1170,1036,752,1763,933,793,1674,1638,1708
1626: 764,44,1715,634,621,917,21,1969,2016,1837,1368,1926,1984,981,1250,1048,1167
1677: 347
722: 1339,1897,1017,2001,29,1753,467,356,358,375,280
1734: 230,1799,2019,546,1025,998,620,1147,1401,1171,296,446,703,1912,1867,156,1746,1034,282,1495,1217,376,1491
724: 
1579: 
726: 1502
727: 1101,1129,80,34,2010,32,801,1300,19,1964,1602,1556,1691,771,1169,384,1531,93,1713,1752,275,508,1347,1831,1291,579
1613: 622
1472: 
1704: 
731: 1285,923,1845,790,1849,778,492,2011,218,1283
732: 
1933: 
734: 
735: 104
736: 600
737: 2003,2002,335,1471,1103,1240,588,857,610,1153,1170,1036,323,1213,1944,1763,933,793,1674,1708
738: 
739: 583
740: 
741: 473,1257,401,1201,1248,2008,1600,121,1822,661,1819,1380,1759,1159,1191,325,1482,1022,1381,281
1549: 1844,644,660,916,1113,524,1748,195,1387,298,2000,863
1429: 1874
1591: 
1800: 1900,436
1567: 
747: 1102,1780,926,1145,662,2009,1658,1647,1523,1126,1293,1428,1918,1278,594,461,1083,1071
748: 850,1245,1458,1296,1892,1838,474,670,465,2005,28,61,970,1666,868,1255,1878,1749,1739
1408: 291,1239,542,2012,1142,1327,450,1076,1292,1885,756,284,421,560,1834,495,1225,1149
750: 
751: 72,102,656,826,179,941,2015,339,1569,1687,1044,676,140,1198,2013,1876,89,547,1533,1828,1019,1865,173,202,1266,997,315,466,1011,1230
752: 2003,2002,335,1046,1471,1103,487,1240,1676,610,1014,1843,629,1944,1763,1294,793,1674,1708,1027
753: 
754: 
755: 
756: 291,176,1239,1408,542,2012,205,1100,1142,1327,450,1076,1292,262,284,421,560,566,495,1474,1149,1854
1606: 
758: 
759: 274,377,1412
1684: 
761: 
762: 1795,395
763: 615,1342,1765,18,230,1799,2019,546,998,620,1147,1401,296,1912,1867,156
764: 44,1715,634,621,917,1969,2016,1837,1626,1368,1926,319,1984,981,1016,1584,472,1250,1048,1618,1167
765: 
1645: 135,1431,1932,100,773,2018,1059,309,1469,1887,387,922,1550
767: 
1846: 
769: 519
1445: 1200,1902,1208,1166,1705,1069,1,431,1609,800,812,1720,1338,1683,704,1004,707,1146,1597,1975,2014
771: 1101,80,1053,34,2010,32,801,1300,1072,19,1964,1602,1556,295,1169,384,1531,93,1713,727,1752,1641,508,1347,1831,1291,1484,579,1272,1086
1280: 144,1438
773: 135,1431,1932,1645,100,2018,1059,309,1469,387,922,1550
1264: 
775: 1513,1935
1301: 1112
777: 798,1245,474,828,1976,993,78,2005,607,28,65,1952,970,1633,638,557,1007
778: 1285,923,1845,790,1849,731,2011,218,1283,1559
1339: 722,1281,299,1017,2001,358,375,280
780: 
781: 
1705: 1111,45,1047,1208,1166,1393,478,193,1866,1229,1069,1,431,1445,1200,1902,1609,1099,812,1338,1683,704,1004,707,1146,1597,1975,2014
1288: 
784: 1068,1874
1785: 
786: 
787: 
788: 1898
789: 
790: 923,1845,1849,731,778,2011,218,1283,1559
791: 
1708: 2003,2002,335,1046,1471,1103,487,1240,588,1676,857,737,610,1014,1843,629,1036,752,1944,1763,1294,933,793,1674,1638,1027
793: 2003,2002,335,1046,1471,1103,487,1240,588,857,737,610,1014,1843,629,1153,1170,1036,752,323,1213,1944,1763,1294,1674,1638,1708,1027
794: 
795: 
796: 
797: 1443,258,1247
798: 474,993,777,78,2005,607,28,65,1952,970,1633,638,557,1007
1286: 
800: 1609,812,1720,1338,1683,704,1004,1548,707,1146,1597,1975,2014,1445,1200
801: 1101,34,2010,32,1072,1602,1556,1691,328,771,1169,384,1713,727,1752,508,1347,1831,1291
1917: 1963
1502: 726
1609: 1099,800,812,1720,1338,1683,704,1004,1548,707,1146,825,1597,1975,2014,1546,1111,45,1047,1208,1166,478,1705,193,1866,1069,1,431,1445,1200,1902
1919: 
1347: 1101,1129,80,34,2010,32,801,1300,19,1964,1602,1556,1420,1691,328,771,1169,384,1531,93,1713,727,1752,275,508,1831,1291,579,132,1272
1293: 747,1145,662,2009,1658,1647,1523,1126,1428,1918,1278,461,1083
808: 
809: 1990,1357
810: 1714
1571: 1369,619,1623
812: 1609,1099,800,1720,1338,1683,704,1004,310,1548,707,1146,825,1597,1975,2014,1546,1111,1457,45,1047,1208,1166,478,1705,385,193,1866,470,1229,1069,1,431,1445
813: 
1357: 809,1796,1990
1849: 1285,923,1845,790,731,778,492,2011,218,1283,1559
816: 1517,1152,126
817: 
818: 498
819: 
1802: 
1533: 2013,1876,89,547,1855,1828,1019,1865,173,202,751,656,179,2015,339,1569,1687,676,997,315,466,1011,1230
822: 
1898: 788
824: 
825: 1609,1099,812,1720,1338,1683,704,1004,310,1548,1597,1975,2014,1546,1457,1047,1166,478,385,193,431
826: 72,751,102,656,179,941,2015,339,1569,1687,2013,89,547,1019,173,202
827: 625
828: 850,1245,1892,1838,474,1976,993,777,78,465,2005,607,28,61,65,1952,970,1666,1633,557,868,1255,1007,1414
1975: 1609,1099,800,812,1720,1338,1683,704,1004,1548,707,1146,825,1597,2014,1546,1111,45,1047,1208,1166,1393,478,1705,385,193,1866,1229,1069,1,431,1445,1200,1902
830: 12,1090
1608: 555
832: 
833: 
834: 1227
835: 
836: 
1942: 1097,166,2004,1961,11,617,1448,523,536,303,529,114,1500,1426,1981,1236
2016: 764,44,1715,634,621,917,21,1969,1837,712,287,1626,1368,1926,319,1984,981,1016,1584,1363,472,53,1250,1048,1618,1167
839: 
1894: 1248,2008,1114,353,1526,1600,121,1261,1822,254,661,1819,1807,1380,1555,1759,409,1271,1159,1191,325,1482,673,1451,1022,464,1381
841: 1665,842,2006,1698,1161,848,1910,2007,972,1079,1039
842: 1665,2006,1698,1161,848,249,1910,74,2007,972,1079,1039,841
843: 
844: 1455,54,197,298,2000,1806,863,236,1844,644,660,916,1113,524,1748,195,1387
1844: 1549,644,660,916,1113,524,1748,195,1387,197,844,2000,1806,863,236
1690: 105,1504,486,444
1843: 2003,2002,335,1046,1471,1103,487,1240,1676,857,610,1014,629,1153,752,1944,1763,1294,793,1674,1638,1708,1027
848: 1665,842,2006,1698,1161,249,1910,74,2007,972,1079,1758,1901,1039,841
849: 
850: 1245,1458,1296,1892,1838,474,670,828,993,78,465,2005,607,28,61,748,65,970,1666,1633,868,1255,1878,1749,1739
851: 
1569: 72,751,102,656,826,179,941,2015,339,1687,140,2013,1876,547,1533,1019,173,202
1891: 
1507: 
855: 
1691: 1101,1129,34,2010,801,1602,1556,1420,384,93,727,275,508,427,1347,1291,579,132
857: 2003,2002,335,1046,1471,1103,487,1240,588,737,1843,1153,1170,1036,323,1213,1944,933,793,1674,1638,1708
858: 330,92
859: 1259,443
1952: 798,1245,1838,828,1976,993,777,78,465,2005,607,28,61,65,970,1666,1633,557,868,1255,1007,1414
1503: 
862: 
863: 1455,54,197,844,298,2000,1806,1549,1844,644,916,1113,524,1748,195,1387
864: 
1299: 1986
1747: 1241
2019: 1734,230,1799,546,1025,998,620,1147,1401,1171,296,446,703,1912,1867,156,1746,615,1342,1765,18,763,1034,282,1495,1217,376,1510,1491
868: 850,1245,1458,1296,1892,1838,474,670,828,1976,993,78,465,2005,607,28,61,748,65,1952,970,1666,1633,1255,1007,1414,1878,1749,1739
869: 1603,1392
870: 
1595: 
872: 1274
1585: 
874: 
1934: 1120,117,1243,2001,561,29,958,1075,1753,437,1616,133,30
876: 
1852: 130
878: 1295
1440: 
880: 920
1887: 309,1469,387,922,1550,135,1932,1645,2018,1059
882: 
2018: 135,1431,1932,1645,100,773,1059,309,1469,1887,387,922,1550
1492: 
1378: 1783
1560: 1541
1836: 
1508: 
889: 1077,1388
1698: 1665,842,2006,1161,848,249,1910,2007,972,1079,1758,1901,841
891: 
1918: 926,747,1145,662,2009,1647,1523,1126,1293,1428,1278,461,1083,1071
893: 
1338: 1609,1099,800,812,1720,704,1004,1548,707,1146,825,1597,1975,2014,1546,45,1208,1166,478,1705,193,1229,1069,1,1445,1200
1421: 
1921: 428,1177
1300: 1101,80,1053,34,2010,32,1072,19,1588,1964,1602,1420,328,295,771,1169,384,1531,1713,727,650,1752,1641,1347,1831,1291,1484,579,1086,1717
898: 
899: 1740
1714: 810
1448: 166,2004,1961,11,1434,617,523,536,303,529,114,1500,1426,1410,1942,329,1981,1056,1788,571,1422,460,1236
1772: 
1506: 94,1711
1510: 1491,2019,546,620,1867,156,1746,1342,18,1034,282,1217,376
905: 563,934,188
906: 
907: 1979,1450,1183
908: 
1450: 1979,907,1183
910: 196
1536: 1359
912: 
1676: 2003,2002,335,1046,1471,487,1014,1843,752,1944,1763,1294,1708,1027
1792: 992
915: 
916: 1549,1844,644,660,1113,524,1748,195,1387,844,298,2000,1806,863
917: 764,44,1715,634,621,21,1969,2016,1837,712,287,1626,1368,1926,319,1984,981,1016,1584,472,53,1250,1048,1618,1167
918: 
919: 
920: 880
1900: 1800
922: 309,1469,1887,387,1550,135,1431,1932,1645,100,773,2018,1059
923: 1285,1845,790,1849,731,778,492,2011,218,1283,1559
1526: 2008,1114,353,1600,1261,254,1819,1807,1380,1555,1759,409,1271,1159,325,1894,1451,1022
925: 
926: 747,1145,662,2009,1647,1523,1428,503,1918,1278,594,461,1083,1071
1788: 329,1981,520,1056,1863,1389,571,1422,460,166,2004,11,1434,617,1448,303,114,1426,1410
928: 1254,1787
2007: 1665,842,2006,1698,1161,848,249,1910,74,972,1079,1758,1901,1039,841
930: 1809,416
931: 
932: 
933: 2003,2002,335,1471,1103,1240,588,857,737,1036,1944,1674,1638,1708
934: 563,905,188
935: 
1496: 
937: 
938: 
1713: 1101,1053,2010,32,801,1300,1072,19,1588,1964,1602,328,771,1169,727,1752,1641,1347,1831,1484
1302: 
941: 72,751,102,656,826,179,2015,339,1569,1687,140,2013
942: 516
1746: 1734,230,1799,2019,546,1025,998,620,1147,1401,1171,296,446,703,1867,156,18,1034,282,1495,1217,376,1510
1531: 80,1053,34,2010,32,1300,19,1964,1602,1420,295,771,1169,384,727,650,1752,275,1347,1291,1484,579,1272,1086,1717,965
1640: 1908,968,544,2017,695,1930,1632,960,1718
946: 1331
1486: 618,317,599,1544,1554
948: 
1998: 
1822: 1248,2008,1114,1600,254,661,1380,1759,409,1159,325,1894,1482,673,1022,1381,281,473,1257,401,1201,741
951: 1841
952: 1251
1990: 809,1796,1357
954: 
955: 
956: 
1830: 414
958: 1120,117,1243,1897,2001,1934,561,29,1075,1753,375,1616,133,30
1959: 
960: 1632,1718,1640,968,544,2017,695,1882,1930
2000: 1455,54,197,844,298,1806,863,236,1549,1844,644,660,916,1113,524,1748,195,1387
1453: 
963: 
1958: 1316
965: 132,430,1272,1086,1717,80,34,2010,32,1420,1531,93,1752,275,1291,1484,579
966: 
1763: 2003,2002,335,1046,1471,1103,487,1240,1676,737,610,1014,1843,629,1153,752,1944,1294,793,1674,1708,1027
968: 1640,1908,1163,544,2017,695,1930,1632,960,1718
969: 1483,56
970: 798,850,1245,1458,1296,1892,1838,474,670,828,1976,993,777,78,465,2005,607,28,61,748,65,1952,1666,1633,638,868,1255,1007,1414,1878,1749,1739
1356: 
972: 1665,842,2006,1698,1161,848,249,1910,2007,1079,1758,1901,1039,841
1600: 1248,2008,1114,353,1526,121,1261,1822,254,661,1819,1807,1380,1555,1759,409,1271,1159,1191,325,1894,1482,1451,1022,464,1381,1391,1201,741
1285: 923,1849,731,778,492,2011,218,1283,1559,1860
1782: 1244
1943: 
977: 1123,1136,168
978: 
979: 
1289: 
981: 1984,1584,1363,472,53,1250,1048,1618,764,44,634,621,917,1969,2016,287,1626,1368,1926
982: 
983: 
1687: 72,751,102,656,826,179,941,2015,339,1569,676,140,2013,1876,89,547,1855,1533,1828,1019,1865,173,202,997,315,1011,1230
1664: 711
1862: 
1866: 1111,1457,45,1047,1208,1166,1393,478,66,1705,385,193,470,1229,1069,1,431,1902,1609,1099,812,1683,1146,1975,2014
1498: 1991,1110
1519: 1268,1654
990: 
2015: 72,751,102,656,826,179,941,339,1569,1687,1044,676,140,1198,2013,1876,89,547,1855,1533,1828,1019,1865,173,202,1266,997,315,466,1011,1230
992: 1792
993: 798,850,1245,1838,474,828,777,78,2005,607,28,65,1952,970,1666,1633,638,557,868,1007,1878
994: 
995: 
996: 
997: 1266,315,466,1011,1230,751,102,656,2015,339,1687,1044,676,140,1198,2013,1876,89,1855,1533,1828,1019,1865,173,202
998: 1734,230,1799,2019,546,1025,620,1147,1401,1171,296,446,703,1912,1867,156,1746,18,763,1034,1495,1217,376
999: 
1819: 1248,2008,1114,353,1526,1600,121,1261,254,661,1807,1380,1555,1759,409,1271,1159,1191,325,1894,1451,1022,464,1201,741
1794: 
1002: 
1483: 56,969,1561
1004: 1609,1099,800,812,1720,1338,704,310,1548,707,825,1597,1975,2014,1546,45,1047,1208,1166,478,1705,385,193,1229,1069,1,431,1445,1200
1610: 
1703: 
1007: 798,1245,1458,1892,474,670,828,1976,993,777,78,2005,607,28,61,65,1952,970,1666,1633,638,557,868,1414,1878
1554: 618,317,1486,599,1544
1009: 
1267: 
1011: 1266,997,315,466,1230,751,102,656,179,2015,339,1687,1044,676,140,1198,2013,1876,89,547,1855,1533,1828,1019,1865,173,202
1442: 1345
1441: 
1014: 2003,2002,335,1046,1471,1103,1240,1676,610,1843,629,1153,752,1763,1294,793,1674,1708,1027
1015: 
1016: 1984,1584,472,53,1250,1048,1618,319,1167,764,44,1715,917,1969,2016,1837,287,1368,1926
1017: 722,1281,299,1243,1339,2001,29,467,437,358,375,280
1018: 329,1981,520,1056,1422,1236,2004,1961,303,529,114,1426,1410,1097
1019: 2013,1876,89,547,1855,1533,1828,1865,173,202,751,102,656,826,179,2015,339,1569,1687,997,315,1011
1020: 
1412: 377,274,759
1022: 1248,2008,1114,1526,1600,121,1261,1822,254,661,1819,1380,1555,1759,409,1271,1159,1191,325,1894,1482,673,1451,464,1381,281,473,1257,401,1201,741
1023: 1102,1780,2009,1658,1647,1428,477,503,594,592,586
1024: 
1025: 1734,1799,2019,998,1147,1401,1171,446,703,1746,1495
1026: 
1027: 2003,2002,335,1046,1471,487,1676,610,1014,1843,629,1153,752,1763,1294,793,1674,1708
1028: 
1621: 1654,1268
1030: 457
1260: 1586,1162,539
1770: 
1033: 
1034: 282,1495,1217,376,1734,2019,546,998,620,1401,1171,446,703,1867,156,1746,1510,1491
1854: 291,1239,542,2012,205,1142,1327,450,1292,1885,756,284,560,1834,1225
1036: 2003,2002,335,1471,1103,487,1240,588,857,737,1153,1170,323,1213,1944,933,793,1674,1638,1708
1037: 341,1073
1038: 
1039: 1665,842,2006,1161,848,1910,74,2007,972,1758,841
1040: 
1041: 
1521: 
1043: 1210,62
1044: 676,140,1198,751,102,656,2015,2013,89,1828,202,1266,997,315,466,1011,1230
1437: 
1046: 2003,2002,335,1471,1103,487,1240,1676,857,610,1014,1843,629,1153,1170,752,1944,1763,1294,793,1674,1638,1708,1027
1047: 1111,1457,45,1208,1166,1393,478,66,1705,385,193,1866,470,1229,1069,1,431,1609,1099,812,1683,704,1004,310,1548,825,1597,1975,2014,1546
1048: 1984,981,1016,1584,1363,472,53,1250,1618,319,1167,764,44,1715,634,621,917,21,1969,2016,1837,712,287,1626,1368,1926
1359: 1536
1050: 
1051: 
1052: 
1053: 80,2010,32,1300,1072,19,1588,1964,1602,328,295,771,1169,1531,1713,1752,1641,1831,1484
1054: 
1055: 
1056: 329,1981,1018,520,1863,1389,1788,571,1422,460,1236,166,2004,1434,617,1448,303,114,1426,1410
1620: 
1487: 
1059: 135,1431,1932,1645,100,773,2018,309,1469,1887,387,922,1550
1060: 
1908: 1640,968,1163,544,2017,695,1882,1930
1349: 714,211
1741: 
1655: 1165
1820: 290
1066: 1130,392
1067: 
1068: 1874,784
1069: 1111,45,1047,1208,1166,1393,478,1705,193,1866,1229,1,431,1445,1200,1902,1609,812,1338,1004,707,1146,1975,2014
1638: 2003,2002,335,1046,1471,1103,487,1240,588,857,1843,1153,1170,1036,1213,1944,933,793,1674,1708
1071: 1083,926,747,1145,662,2009,1428,503,1918,1278,594,461
1072: 1101,1053,2010,801,1300,1588,1964,1602,328,771,1169,384,1713,650,1752,1641,1831,1484
1073: 341,1037
1556: 1101,1129,34,2010,32,801,1602,1691,771,93,727,275,508,427,1347,1291,579,132
1075: 1120,1243,1897,2001,1934,958,1753,1616,133,30
1076: 176,1239,1408,542,2012,205,1100,1142,1327,450,1292,756,262,421,566,495,1474,1149
1077: 889,1388
1841: 1527,951
1079: 1665,842,2006,1698,848,249,1910,2007,972,841
1956: 1106
1783: 1378
1082: 
1083: 1071,926,747,1145,662,2009,1523,1293,1428,1918,1278,461
1438: 1280,144
1925: 
1086: 430,1272,1717,965,80,2010,32,1300,1420,295,771,1169,384,1531,650,1752,275,1291,1484,579
1305: 
1697: 1459
1932: 135,1431,1645,100,773,2018,1059,309,1469,1887,387,922,1550
1090: 830,12
1091: 
1092: 1769,1949
1093: 1527
1290: 
1095: 
1096: 
1097: 1942,2004,1961,536,529,114,1500,1426,1981,1018,1236
1098: 
1099: 1609,812,1720,1338,1683,704,1004,310,1548,1146,825,1597,1975,2014,1546,1111,1457,1047,1208,1166,478,1705,385,193,1866,470,431
1100: 176,1239,542,2012,205,1142,1327,450,1076,1292,756,262,284,421,566,495,1474,1149
1101: 80,34,2010,32,801,1300,1072,1588,1964,1602,1556,1420,1691,328,771,1169,384,93,1713,727,650,1752,275,508,1347,1831,1291,1484,579
1102: 1780,747,1023,2009,1658,1647,1126,1428,477,503,1278,594,461,592,586
1103: 2003,2002,335,1046,1471,487,1240,588,857,737,610,1014,1843,1153,1036,752,323,1213,1944,1763,1294,933,793,1674,1638,1708
1104: 
1775: 690
1106: 7,1956
1909: 
1108: 
1109: 
1110: 1498,1991
1111: 1457,45,1047,1208,1166,1393,478,66,1705,385,193,1866,470,1229,1069,431,1609,1099,812,1683,1146,1975,2014
1112: 1301
1113: 1549,1844,644,660,916,524,1748,195,1387,197,844,298,2000,1806,863,236
1114: 2008,353,1526,1600,121,1261,1822,254,661,1819,1807,1380,1555,409,1271,1159,325,1894,1482,1451,1022,464,1381
1115: 
1304: 
1117: 
1118: 
1720: 1609,1099,800,812,1338,1683,704,1004,1548,707,1146,825,1597,1975,2014,1546,1208,1166,193,1,1445,1200
1120: 1281,117,1243,2001,1934,561,29,958,1075,1753,437,1616,133,30
1121: 
1529: 
1123: 651,516,1136,168,977
1124: 
1834: 291,1239,1408,542,2012,1327,450,1292,1885,1225,1854
1126: 1102,1780,747,2009,1658,1647,1523,1293,1428,1918,1278,461
1127: 
1345: 1442
1129: 2010,1556,1691,93,727,275,508,427,1347,132
1130: 1066,392
1131: 
1512: 
1133: 
1336: 1540
1809: 208,1670,416,930
1136: 1123,168,977
1853: 
1831: 1101,1053,34,2010,32,801,1300,1072,19,1588,1964,1602,328,771,1169,1713,727,1752,1641,1347
1873: 
1140: 1399
1283: 1285,923,1845,790,1849,731,778,2011,218,1559,1860
1142: 291,176,1239,1408,542,2012,205,1100,1327,450,1076,1292,756,262,284,421,560,566,495,1474,1225,1149,1854
1143: 
1144: 
1145: 1780,926,747,662,2009,1647,1523,1293,1428,503,1918,1278,594,461,1083,1071
1146: 1609,1099,800,812,1720,1338,1683,704,707,1597,1975,2014,1111,45,1208,1166,478,1705,1866,1069,1,431,1445,1200,1902
1147: 1734,230,1799,2019,546,1025,998,620,1401,296,703,1912,1867,156,1746,18,763,1217
1777: 
1149: 291,1408,542,2012,1100,1142,1327,450,1076,756,284,421,560,566,495,1474,1225
1150: 
1151: 
1152: 1517,816,126
1153: 2003,2002,335,1046,1471,1103,1240,588,857,737,610,1014,1843,629,1170,1036,323,1213,1763,793,1674,1638,1027
1748: 1549,1844,644,916,1113,524,195,844,298,2000,1806,863
1155: 213
1156: 94
1863: 329,520,1056,1389,1788,571,1422,460,2004,1434,1410
1369: 1571,619
1159: 1248,2008,1114,1526,1600,121,1822,254,661,1819,1380,1555,1759,409,1271,1191,325,1894,1482,673,1451,1022,1381,281,473,1257,401,1201,741
1160: 
1161: 1665,842,2006,1698,848,249,1910,74,2007,972,1758,1901,1039,841
1162: 1260,1586,539
1163: 1908,968,544,2017,695,1882,1930
1818: 641
1165: 1655
1166: 1111,1457,45,1047,1208,1393,478,66,1705,385,193,1866,470,1229,1069,1,431,1445,1200,1609,1099,812,1720,1338,1683,704,1004,310,1548,707,1146,825,1597,1975,2014,1546
1167: 319,1016,1250,1048,764,44,917,2016,1837,1626,1926
1168: 
1169: 1101,80,1053,34,2010,32,801,1300,1072,19,1588,1964,1602,1420,328,295,771,384,1531,1713,727,650,1752,1641,1347,1831,1291,1484,579,1086
1170: 2003,2002,335,1046,1471,487,1240,857,737,610,629,1153,1036,323,1213,1944,793,1674,1638
1171: 1734,1799,2019,546,1025,998,620,1401,446,703,1746,1034,1495,1217
1875: 
1602: 1101,80,1053,34,2010,32,801,1300,1072,19,1588,1964,1556,1691,328,771,1169,384,1531,1713,727,1752,1641,508,1347,1831,1291,1484,579
1668: 
1901: 2006,1698,1161,848,249,1910,74,2007,972,1758
1582: 300
1177: 428,1921
1433: 
1361: 
1513: 775,1935
1981: 329,1018,1056,1788,1422,460,1236,2004,1961,1434,617,1448,303,529,114,1426,1410,1097,1942
1294: 2003,2002,1046,1103,1676,610,1014,1843,629,752,1763,793,1708,1027
1183: 1979,1450,907
1184: 
1185: 
1387: 1549,1844,644,660,916,1113,524,195,1455,54,197,844,2000,1806,863,236
1380: 1248,2008,1114,1526,1600,121,1261,1822,254,661,1819,1807,1555,1759,409,1271,1159,1191,325,1894,1482,673,1451,1022,464,1381,281,473,1257,1201,741
1308: 
1566: 
1190: 
1191: 1248,2008,1600,121,254,661,1819,1807,1380,1555,1759,1271,1159,1894,1482,1451,1022,473,1201,741
1192: 364
1193: 710
1700: 397
1607: 
1456: 
1197: 
1198: 1044,676,140,751,102,656,2015,2013,89,1865,1266,997,315,466,1011,1230
1199: 
1200: 1445,1902,45,1208,1166,1705,193,1069,1,1609,800,1720,1338,704,1004,707,1146,1597,1975,2014
1201: 473,1257,741,1248,2008,1600,121,1822,661,1819,1380,1759,1159,1191,1482,1451,1022
1679: 
1203: 
1637: 
1205: 681
1206: 131
1592: 392
1208: 1111,1457,45,1047,1166,1393,478,66,1705,385,193,1866,470,1229,1069,1,431,1445,1200,1902,1609,1099,812,1720,1338,1683,704,1004,1146,1597,1975,2014,1546
1951: 
1210: 62,1043
1358: 
1212: 
1213: 2003,2002,335,1471,1103,1240,588,857,737,610,629,1153,1170,1036,323,793,1674,1638
2013: 1876,89,547,1855,1533,1828,1019,1865,173,202,72,751,102,656,826,179,941,2015,339,1569,1687,1044,676,140,1198,1266,997,315,466,1011,1230
1215: 
1351: 1781
1217: 1034,282,1495,376,1734,230,1799,2019,546,998,620,1147,1171,296,446,703,1912,1867,156,1746,1342,18,1510,1491
1218: 
1459: 1697
1495: 1034,282,1217,376,1734,2019,1025,998,1171,446,703,156,1746
1946: 
1365: 494,1627
1223: 
1224: 
1225: 291,1408,542,2012,1142,450,1292,1885,284,560,1834,1149,1854
1226: 
1227: 834
1327: 291,176,1239,1408,542,2012,205,1100,1142,450,1076,1292,1885,756,284,421,560,1834,495,1149,1854
1229: 1111,1457,45,1047,1208,1166,1393,478,66,1705,385,193,1866,470,1069,1,812,1338,1004,1975,2014,1546
1230: 1266,997,315,466,1011,751,102,656,179,2015,1687,1044,676,140,1198,2013,89,547,1533,1828,1865,202
1717: 1272,1086,965,80,2010,32,1300,19,1420,295,1531,650,1752,1484,579
1232: 
1837: 764,44,1715,634,621,917,21,1969,2016,287,1626,1368,1926,319,1016,1584,472,1250,1048,1167
1234: 1256,1313
1272: 132,430,1086,1717,965,80,34,2010,32,19,1420,771,1531,93,1752,275,1347,1291,1484,579
1236: 329,1981,1018,1056,1422,2004,1961,1434,1448,303,529,114,1426,1410,1097,1942
1329: 
1924: 
1239: 291,176,1408,542,2012,205,1100,1142,1327,450,1076,1292,1885,756,284,1834,495,1854
1240: 2003,2002,335,1046,1471,1103,487,588,857,737,610,1014,1843,629,1153,1170,1036,752,323,1213,1944,1763,933,793,1674,1638,1708
1241: 1747
1401: 1734,230,1799,2019,546,1025,998,620,1147,1171,296,703,1867,1746,763,1034
1243: 1281,1120,117,1897,1017,2001,1934,561,29,958,1075,1753,437,358,375,1616,133,30
1244: 1782
1245: 850,1458,1296,1892,1838,474,670,828,1976,993,777,78,465,2005,607,28,61,748,65,1952,970,1666,1633,557,868,1255,1007,1414,1878,1749
1627: 494,1365
1247: 1443,258,797
1248: 2008,1600,121,1822,254,661,1819,1380,1759,409,1159,1191,325,1894,673,1022,1381,281,473,1257,401,1201,741
1474: 2012,1100,1142,1076,756,262,421,566,495,1149
1250: 1984,981,1016,1584,1363,472,1048,319,1167,764,44,917,2016,1837,1626,1368,1926
1251: 952
1252: 
1597: 1609,1099,800,812,1720,1338,1683,704,1004,310,1548,707,1146,825,1975,2014,1546,1047,1208,1166,478,1705,385,193,1,431,1445,1200
1254: 928,1787
1255: 850,1245,1458,1892,1838,828,1976,78,465,2005,28,61,748,1952,970,1666,868,1414,1749