1758: 74,1039,1910,1665,2007,842,1698,321,848,972,249,1901,841,2006,1161,1079
1: 1229,704,1393,1338,1457,1705,385,825,1609,1208,1267,45,1069,1548,1146,707,2014,1866,1111,1166,1597,1047,431
1471: 2003,2002,1103,1213,629,933,1046,588,752,793,1674,1014,323,1843,487,1708,1944,1153,1027,1294
1979: 
1803: 
1926: 21,2016,1368,1363,1837,1984,1626,1943,917,981,1167,1618,1969,621,634,1715,764,1250,1048,319
6: 
7: 25,405
1797: 
9: 762,395
1342: 156,282,2019,296,1147,546,1912,620,1510,230,446,1734,18,763,1401,1867,1491,1025
11: 166,114,1500,303,2004,1434,1097,617,1863,1961,1422,520,1389,1981,1018,529,1942,1448,1056,511,1236,536,1426,329,1788
12: 830,681,1090
1756: 
1865: 72,676,89,1687,2015,1569,140,173,1266,1533,1011,202,466,941,1876,826,102,2013,547,1855,1044,997,179
15: 
16: 1701
17: 
18: 446,1746,1734,763,1401,1867,1491,1025,156,2019,1147,546,1912,1342,620,1510,230
19: 1717,1752,650,1531,32,683,328,965,430,1831,80,1588,1964,727,1053,771,1641,1602,295,508,1086,332,2010
20: 1329,1781,736
21: 2016,1368,1363,712,1984,1626,1016,472,1943,917,981,1167,1618,1969,621,287,53,1926,44,634,1715,764,1048
22: 1513,775
1393: 1229,704,1338,1457,66,1705,385,1683,825,1609,1208,1267,45,1069,1548,1146,707,1,1445,2014,1866,1111,1166,1597,1047,1975,431,1720,470,1546
1623: 
25: 7,405
1368: 21,2016,1363,712,1984,1016,472,917,981,1167,1618,1969,621,287,53,1926,44,634,1715,764,1048
1910: 74,1039,1665,2007,842,1698,848,972,249,1901,841,1758,2006,1161,1079
28: 970,1245,2005,61,1878,1976,868,1007,798,993,465,1390,1666,1255,828
29: 1120,1243,722,356,1075,1934,824,1017,1339,280,467,2001,1616,358
30: 356,561,375,1075,958,1281,437,1017,299,467,2001
31: 
32: 1717,1752,275,650,1347,1531,19,683,328,1072,965,430,1831,80,1588,1964,1129,727,1053,771,1641,1602,295,508,1713,129,132,1101,801,1086,332,579,2010,1272
33: 
34: 1420,1713,129,1169,132,1101,801,93,1086,2010,1291,1300,1484,1717,275,1347,1556,683,328,1072,1831,1129,1053,771,1641
35: 
36: 
37: 
38: 
1379: 1677
40: 
1460: 
1817: 
43: 1002
44: 21,2016,1368,1984,1016,472,917,981,1618,621,287,53,1715
45: 1393,1338,1705,385,1208,1146,1,2014,1111,1047
46: 
1759: 741,2008,1819,121,1600,1022,1894,1271,1807,473,401,1201,673,1526,353,464,1261,1555,409,254,1391,1159,1451,1257,1114,281,1482,1381,1380,1248,1822,1191,325
48: 
49: 1037,1218
1247: 
51: 
52: 1914,288,753,1224
53: 21,2016,1368,1363,712,1984,1016,472,917,981,621,287,44,634,1715,764
54: 524,916,1387,2000,195,1455,298,644,1844,1549,1806,236,863,197,844
55: 378
56: 
1860: 731,218,2011,923,790,1849,778,1845,492,1559,1283,1285
58: 657
1505: 
60: 
61: 65,2005,1892,557,850,777,1878,1976,868,1007,1952,1458,1739,1633,798,1749,474,748,638,78,993,465,1390,1666,1255,828,970,1245,28
62: 
63: 
1363: 21,2016,1368,712,1984,1626,1016,472,1943,917,981,1167,1969,621,287,53,1926,634,1715,764,1250,1048,319
65: 2005,1892,557,61,850,1878,1976,868,1007,1952,1458,1739,1633,798,1749,474,748,638,78,465,1666,1245
66: 704,1393,1457,1705,1683,825,1609,1267,1069,1548,707,193,1445,2014,1866,1597,478,800,470,1546
1662: 889
68: 
69: 
1715: 21,2016,1368,1363,712,1984,1626,1016,1943,917,981,1167,1618,1969,621,287,53,1926,44
1443: 
72: 676,656,1687,2015,1569,173,1266,1533,202,1828,1865,941,1876,826,102,2013,1019,547,1855,1044,997,751,315,1230
73: 741,2008,1819,121,473,1526,409,1391,1159,281,1381,1380,1248,1822,1191,325,661
74: 1039,1910,2007,842,1698,321,848,972,249,841,1758,2006,1079
1589: 
76: 
1524: 
78: 65,2005,1892,607,557,1838,1296,61,850,777,1414,1878,1976,868,1007,670,1952,1458,1739,1633,798,1749,474,638,993,465,1390
1564: 
80: 1717,1752,1347,19,32,1556,328,1072,965,1831,1588,1964,727,1053,771,1641,1602,508,1420,1713,1169,132,1101,1086,332,579,2010,1272
81: 
1422: 166,114,1500,303,11,2004,1097,617,1863,520,1018,529,1942,1448,523,1056,1236
83: 361,1483
1462: 942,481,165,184
85: 1679
86: 
1653: 
1973: 
89: 676,656,1687,2015,140,1266,1533,1011,202,339,466,1865,941,102,2013,547,997,179,1198
1457: 1229,704,1393,1338,66,385,1683,825,1609,1267,1069,1548,707,193,1,2014,1866,1166,1597,310,431,1902,800,1546
1718: 544,2017,960,1640,968,1163,1930,695
92: 
93: 1713,129,1169,132,1101,801,1086,2010,1291,1300,1484,34,1717,275,1347,683,1072,1129,1053,771
94: 
1266: 72,676,89,656,1687,2015,1569,140,1011,202,339,466,1828,1865,941,1876,826,102,2013,1019,547,1855,997
1916: 
97: 
1385: 
1781: 736,20,1329
100: 1550,773,2018,1431,309,1645,1059,1932
1501: 
102: 72,676,89,656,1687,2015,1569,140,173,1266,1533,1011,202,339,466,1828,1865,941,1876,826,2013,1019,547,1855,1044,997,315,1230,179
103: 
104: 
105: 1244,444,819,1690
106: 225
1774: 626
1463: 713,235
109: 
110: 
111: 
112: 1614
1754: 
114: 166,1500,303,11,2004,1434,1097,617,1863,1961,1422,520,1389,1981,1018,529,1942,1448,523,460,1056,1236,536,1426,1788,571
1701: 16
1366: 
117: 1934,824,437,1017,1339,280,299,467,2001,1616,1897,1753,358,1075,958
1682: 1292,1239,560,205,1225,291,1885,756,1100,1474,262,2012,1854,566,1327,1834,450
1452: 
120: 
121: 741,2008,1819,1600,1022,1894,1271,1807,473,401,1201,1526,353,464,73,1261,1555,409,254,1391,1159,1451,1257,1114,1759,281,1482,1381,1380,1248,1822,1191,325
1632: 1882,1908,1163,1930,695,2017,960,1640
1255: 2005,1892,61,777,1878,1976,868,1007,670,1952,1739,798,1749,993,465,1390,1666,828,970,1245,28
1458: 65,2005,1892,557,61,850,1414,1878,1976,868,1007,1952,1739,1633,798,1749,474,748,638,78,465,1666,970
1490: 
126: 1152
1527: 519,1093,769
128: 
129: 508,1420,1713,1169,132,1101,801,93,1691,1086,332,384,579,2010,1291,1300,1484,34,1717,1347,32,683,328,1129,1053,771,1602,295
130: 
131: 1539
132: 508,1420,1713,129,1169,1101,801,93,1691,1086,332,384,579,2010,1272,1291,1300,1484,34,1717,1752,275,1347,32,1556,683,328,1072,1831,80,1964,1129,1053,771,1641,1602
133: 
1395: 1358
135: 1887,1550,773,387,2018,1431,309,1645,1469,1059,1932,922
136: 
137: 836
1707: 
139: 597
140: 676,89,656,1687,2015,1266,1011,202,339,466,1865,102,2013,547
141: 
1627: 
1787: 928
144: 
1842: 1813
1245: 970,28,65,2005,61,777,1878,1976,868,1007,1952,798,993,465,1390,1666,1255,828
147: 
1520: 
1670: 912,1051
150: 1502
151: 
152: 
153: 
1815: 493,632
155: 1123,1136,374,977
156: 282,2019,1217,1799,615,296,1147,546,1912,1342,620,1510,230,446,1746,1734,703,18,763,1401,1867,1491,1025,1034,1765
157: 576
158: 
1331: 
1392: 
1753: 1934,824,437,117,1339,280,2001,1616,1897,358
1309: 
163: 286
1547: 
165: 942,1462,481,184
166: 114,1500,303,11,2004,1434,1097,617,1863,1961,1422,520,1389,1981,1018,529,1942,536
1504: 1244,1690
168: 1123,1136,374,977
169: 
1250: 1048,319,2016,1363,1837,1984,1626,472,1943,917,981,1167,1926,634,764
1828: 72,676,656,1687,2015,1569,173,1266,202,941,1876,826,102,2013,1019,1855,1044,997,751,315,1230
172: 
173: 72,676,1687,2015,1569,1533,202,1828,1865,941,1876,826,102,2013,1019,547,1855,1044,997,751,315,1230
2004: 166,114,1500,303,11,1434,1097,617,1863,1961,1422,520,1389,1981,1018,529,1942,1448,523,460,1056,511,1236,536,1426,329,1788,571
1322: 
176: 1142,421,1076,542,495,756,1100,2012,1854,1408,1327,1149,450,284
1451: 2008,121,1600,1022,1894,1271,1807,473,401,1201,673,1526,353,1261,1555,409,254,1391,1159,1257,1114,1759,1380,1248
1639: 
179: 1230,1198,676,89,656,2015,1569,1533,1011,202,339,1865,102,2013,547,1044,997
2003: 2002,1103,1213,629,933,1046,588,752,1638,793,1674,1036,1676,1014,1170,323,1240,335,737,1763,1843,487,857,1708,1944,1153,610,1027,1471,1294
2002: 2003,1103,1213,629,933,1046,588,752,1638,793,1674,1036,1676,1014,1170,323,1240,335,737,1763,1843,487,857,1708,1944,1153,610,1027,1471,1294
182: 1316
183: 
184: 942,1462,481,165
2010: 508,1420,1713,129,1169,132,1101,801,93,1691,1086,332,384,579,1272,1291,1300,1484,34,1717,1752,275,650,1347,1531,19,32,1556,683,328,1072,965,430,1831,80,1588,1964,1129,727,1053,771,1641,1602,295
186: 
2008: 741,1819,121,1600,1022,1894,1271,1807,473,401,1201,673,1526,353,464,73,1261,1555,409,254,1391,1159,1451,1257,1114,1759,281,1482,1381,1380,1248,1822,1191,325,661
188: 905,1223
1813: 1842
1878: 65,2005,1892,61,850,1976,868,1007,1952,1458,1739,1633,798,1749,748,78,993,465,1390,1666,1255,828,970,1245,28
191: 
2012: 1292,1239,560,205,1682,495,1225,291,1885,756,1100,1474,262,1854,566,1408,1327,1834,1149,450,284,1142,176,421,1076,542
193: 1229,704,1457,66,385,1683,1609,1267,1069,707,2014,1866,1166,1597,1975,310,431,1720,1004,1099,1200,478,1902,800,470,1546
1839: 
195: 524,916,1387,54,1113,2000,1455,1748,298,644,1844,1549,1806,236,863,197,844
196: 910,878
197: 236,863,844,524,1387,54,2000,195,1455,644,1844,1806
198: 834,666,1511
1257: 2008,121,1600,1022,1894,1271,1807,473,1201,673,1261,1555,254,1391,1159,1451,1114,1759,1248
1563: 
1940: 1472,1933
202: 72,676,89,656,1687,2015,1569,140,173,1266,1533,1011,339,466,1828,1865,941,1876,826,102,2013,1019,547,1855,1044,997,751,1230,179,1198
1325: 1498,724,1956,526
1588: 1717,1752,650,1531,19,32,328,965,430,80,727,771,1602,295,332,2010
205: 1292,1239,560,1682,495,1225,291,1885,756,1100,1474,262,2012,1854,566,1408,1327,1834,1149,450,284,1142
1310: 641
1779: 
208: 
209: 
210: 1512
211: 
1612: 543
213: 
214: 1586
1474: 1292,1239,560,205,1682,291,1885,2012,1854,1408
1740: 1655,1305,585
1276: 1592,1565
218: 731,2011,923,790,1860,1849,778,1845,492,1559,1285
219: 705
1281: 30,561,375,1075,958,437,1017,299,2001,1897
2001: 1934,824,437,117,1017,1339,280,299,467,1616,1897,1753,358,356,30,561,375,1075,958,1281,1120,29,1243,722
222: 
223: 
1647: 1102,1083,477,926,1918,1145,1658,1293,1278,662,1071,1523,461,1126,2009,586,1780
225: 106
1398: 
227: 1830,304
1522: 1769
1428: 1918,1145,592,1658,1293,477,926,461,1126,2009
230: 156,2019,615,296,1147,546,1912,1342,620,1510,446,1746,1734,18,763,1401,1491,1025
1306: 534,1519
1469: 1887,135,1550,387,2018,1431,1932,922
233: 
1693: 
235: 713,1463
236: 863,197,844,524,54,2000,195,1455,1806
237: 
238: 
1618: 21,2016,1368,1837,1984,1626,1943,917,981,1969,621,287,1926,44,1715
240: 
241: 
1467: 864
243: 
1252: 637
245: 1098,265
1277: 
1278: 594,662,1071,1523,461,1023,1126,747,2009,503,586,1780,1145,1293,1102,1083,1647
1386: 
249: 74,1039,1910,1665,2007,842,1698,321,848,1901,841,1758,2006,1161
250: 
1473: 
1780: 594,1278,1071,1523,461,1126,747,2009,503,586,477,926,1918,1145,1293,1102,1083,1647
1799: 156,282,2019,1217,615,296,1147,1912,620,1510,446,703,376,1867,1171,1491,1034,1765
254: 2008,121,1600,1022,1894,1271,1807,473,401,1201,673,464,1261,1555,1451,1257,1114,1759,1482,1380,1248,325
255: 
1313: 
1807: 741,2008,1819,121,1600,1022,1894,1271,473,401,1201,673,1526,353,464,1261,1555,409,254,1391,1159,1451,1257,1114,1759,1381,1380,1248,1822
258: 
259: 
260: 1098,265
261: 
262: 1292,1239,205,1682,495,291,756,1100,2012,566,1327,1834,1149
263: 
264: 
265: 260,1098,245
266: 
1362: 
268: 
1837: 2016,1984,1626,1943,981,1167,1618,1969,1926,634,764,1250,1048,319
1658: 1918,1145,592,1428,1293,477,926,1647,662,1071,461,1126,2009,503,586
1355: 1066,1953
1914: 52
273: 
274: 
275: 1717,1752,1347,1531,32,1556,328,1072,430,1831,1964,1129,1053,771,1641,132,1101,801,93,2010,34
276: 
1330: 
278: 
279: 
280: 1934,824,437,117,1017,1339,299,467,2001,1616,1897,1753,358,356,1075,958,1120,29,1243,722
281: 741,2008,121,1600,473,1526,353,73,409,1391,1159,1759,1381,1380,1248,1822,1191,325,661
282: 156,2019,1217,1799,615,296,1147,546,1912,1342,620,1510,446,703,1491,1034,1765
1962: 1553
284: 560,205,495,1225,291,756,1100,2012,1854,566,1408,1327,1834,1149,450,1142,176,421,1076,542
285: 377,1493
286: 163
287: 21,2016,1368,1363,712,1984,1016,472,1943,917,981,1618,621,53,44,634,1715,764
288: 753,52,1224
2005: 65,1892,607,557,1838,1296,61,850,777,1414,1878,1976,868,1007,670,1952,1458,1739,1633,798,1749,474,748,638,78,993,465,1390,1666,1255,828,970,1245,28
290: 
291: 1292,1239,560,205,1682,495,1885,756,1100,1474,262,2012,1854,566,1408,1327,1834,284,1142
292: 
1394: 
294: 1567,649
295: 1717,1752,650,1531,19,32,683,328,965,430,1588,727,1053,771,1602,508,1713,129,1101,801,1086,332,579,2010
296: 156,282,2019,1217,1799,615,1147,546,1912,1342,620,1510,230,703,1491
1400: 
298: 524,916,1387,54,1113,2000,195,1455,1748,644,1844,660,1549,1806,863,844
299: 1934,437,117,1017,280,467,2001,1897,358,30,375,1075,958,1281,722
300: 810
1430: 
2014: 1229,704,1393,1338,1457,66,1705,385,1683,825,1609,1208,1267,45,1069,1548,1146,707,193,1,1445,1866,1111,1166,1597,1047,1975,310,431,1720,1004,1099,1200,478,1902,800,470,1546
303: 166,114,1500,11,2004,1097,617,1863,1961,1422,520,1018,529,1942,1448,523,460,1056
304: 1830,227,408
1795: 
1391: 2008,121,1600,1894,1271,1807,473,1526,73,1555,409,1159,1451,1257,1759,281,1381,1380,1248,1822,325
307: 
1410: 
309: 1887,135,1550,773,100,387,2018,1431,1645,1932
310: 1975,431,1720,1229,704,1457,385,1683,1609,1267,1069,193,2014,1866,1166,1004,1099,1200,1902,470,1546
311: 
312: 
313: 
1930: 1908,1163,1632,695,544,2017,960,1718,1640
315: 72,676,1687,2015,1569,173,1828,941,1876,826,102,2013,1019,1855,1044,997,751,1230
1546: 478,1902,800,470,1975,310,431,1720,1229,704,1393,1457,66,385,1683,825,1609,1267,1069,193,1445,2014,1866,1166,1597,1004,1099,1200
317: 1530
318: 
319: 1250,1048,2016,1363,1837,1984,1626,1943,917,981,1167,1969,1926,634,764
1974: 
321: 74,1039,2007,842,1698,848,249,841,1758,2006
322: 
323: 2003,2002,1103,1213,629,933,1046,588,752,1638,793,1674,1036,1676,1014,1240,737,1763,1843,487,857,1708,1153,1027,1471
1806: 524,916,1387,54,1113,2000,195,1455,1748,298,644,1844,660,1549,236,863,197,844
325: 741,2008,1819,121,1600,1022,1894,473,353,464,73,409,254,1391,1759,281,1482,1381,1380,1248,1822,1191,661
1327: 1292,1239,560,205,1682,495,1225,291,1885,756,1100,262,2012,1854,566,1408,1834,1149,450,284,1142,176,421,1076,542
327: 1295,1439
328: 1717,1752,275,650,1347,1531,19,32,1556,683,1072,965,430,1831,80,1588,1964,1129,727,1053,771,1641,1602,295,508,1420,1713,129,1169,132,1101,801,1086,332,579,2010,1272,34
329: 511,1236,536,1426,1500,11,2004,1863,1961,1389,1981,1018,529,1788
330: 858
1586: 214
332: 508,1420,1713,129,132,1101,801,1691,1086,579,2010,1272,1717,1752,650,1347,1531,19,32,683,328,965,80,1588,727,1053,771,1602,295
333: 
334: 
335: 2003,2002,1213,933,1638,1674,1036,1014,1170,1240,487,857,610
1991: 605
337: 
338: 
339: 676,89,656,1687,2015,140,1266,1011,202,466,102,2013,547,1230,179,1198
1389: 166,114,1500,11,2004,1434,1097,617,1863,1961,520,1981,1018,529,1942,1448,1236,536,1426,329,1788
341: 
1886: 
343: 
1695: 377,1493
345: 963
346: 
347: 1440
1514: 
1838: 2005,1892,607,1296,850,777,1414,868,1007,670,1952,1739,1749,474,638,78,993,1390
1399: 735
351: 
1614: 112
353: 741,2008,1819,121,1600,1022,1894,1807,473,401,1201,1526,464,1261,409,1159,1451,1759,281,1482,1381,1380,1248,1822,1191,325
1548: 704,1393,1338,1457,66,1705,1683,825,1267,1069,1146,707,1,2014,1866,1597,1047
1405: 
356: 30,375,1075,958,29,722,437,1017,1339,280,467,2001
1500: 166,114,303,11,2004,1434,1097,617,1863,1961,1422,520,1389,1981,1018,529,1942,1448,523,1236,536,1426,329,1788
358: 1934,824,437,117,1017,1339,280,299,467,2001,1616,1897,1753,1075,958,1120,29,1243,722
1226: 
360: 
361: 83,1483
1968: 
1316: 182,1958
364: 
1835: 
1892: 65,2005,607,557,1838,61,850,777,1414,1878,1976,868,1007,670,1458,1739,1633,798,1749,474,748,638,78,993,465,1390,1666,1255,828,970
1826: 
1984: 21,2016,1368,1363,1837,712,1626,1016,472,1943,917,981,1167,1618,1969,621,287,53,1926,44,634,1715,764,1250,1048,319
369: 
370: 
371: 
372: 
1426: 511,1236,536,329,114,1500,11,2004,617,1863,1961,1389,1018,529,1942,1448,1056,1788,571
374: 1123,1136,168,977,155
375: 356,30,561,1075,958,1281,437,1017,299,467,2001,1897
376: 446,703,1495,998,1867,1171,1034,1765,2019,1799,1510
377: 285,1493,1695
378: 55
1935: 
380: 1264,593,1987
1315: 
1241: 1747
383: 
384: 508,1420,1713,129,1169,132,1691,1086,579,2010,1272,1291,1300,1484,1347
385: 1229,704,1393,1338,1457,1705,1683,1609,1208,1267,45,1069,1146,707,193,1,2014,1866,1111,1166,1597,1047,1975,310,431,1546
386: 
387: 1887,135,1550,2018,1431,309,1469,1932,922
1493: 285,377,1695
389: 1840
390: 
1248: 2008,1819,121,1600,1022,1894,1271,1807,473,1526,353,73,1261,1555,409,254,1391,1159,1451,1257,1759,281,1482,1381,1380,1822,1191,325
392: 1130
1987: 1264,380,593
394: 
395: 762,9
1641: 1717,1752,275,1347,19,32,1556,328,1072,965,1831,80,1964,1053,771,1602,508,1420,1713,1169,132,1101,1086,2010,1272,34
397: 
398: 
399: 625
400: 
401: 2008,1819,121,1600,1022,1894,1271,1807,473,1201,673,1526,353,464,1261,254,1451,1114,1759,1482,1380
402: 
403: 
1961: 166,114,1500,303,11,2004,617,1863,520,1389,1018,529,1942,1448,523,460,1056,1236,536,1426,329,1788,571
405: 25,7
406: 
1581: 
408: 304
409: 741,2008,1819,121,1600,1022,1894,1807,473,1526,353,464,73,1555,1391,1159,1451,1759,281,1482,1381,1380,1248,1822,1191,325,661
410: 
411: 
1390: 2005,1892,607,1838,1296,61,850,777,1878,1976,868,1007,670,1952,1739,798,1749,474,78,993,465,1255,828,970,1245,28
413: 
414: 
1709: 
416: 1809,1302,994
417: 1041
1751: 
1580: 
420: 978
421: 1142,176,1076,542,495,1225,756,1100,2012,1854,566,1327,1834,1149,450,284
1749: 65,2005,1892,607,557,1838,1296,61,850,777,1414,1878,1976,868,1007,670,1952,1458,1739,1633,798,474,748,638,78,993,465,1390,1666,1255,828
1532: 
1964: 1717,1752,275,1347,19,32,1556,328,1072,965,430,1831,80,1129,1053,771,1641,1602,132,1086,2010,1272
425: 1459
1291: 1420,1713,129,1169,132,1101,801,93,1691,1086,384,579,2010,1272,1300,1484,34,1347,1556,1072,1053,771
427: 813
428: 
1295: 1439,327
430: 1717,1752,275,650,1531,19,32,683,328,1072,965,1831,1588,1964,1129,727,1053,771,1602,295,2010
431: 1975,310,1720,1229,704,1393,1457,385,1683,1609,1208,1267,1069,1146,193,1,1445,2014,1866,1166,1597,1004,1099,1200,1902,470,1546
432: 
1388: 1560,1369
434: 1067,880
1723: 
436: 
437: 1934,824,117,1017,1339,280,299,467,2001,1616,1897,1753,358,356,30,375,1075,958,1281,722
438: 
1827: 
1550: 1887,135,773,100,387,2018,1431,309,1645,1469,1059,1932,922
1986: 
1555: 2008,121,1600,1022,1894,1271,1807,473,1261,409,254,1391,1159,1451,1257,1114,1759,1380,1248,1822
443: 
444: 1244,819,105,1690
445: 
446: 1746,1734,703,1495,18,763,998,1401,376,1867,1171,1491,1025,1034,1765,156,282,2019,1799,615,1147,546,1912,1342,620,1510,230
1565: 1592,1276
2006: 74,1039,1910,1665,2007,842,1698,321,848,972,249,1901,841,1758,1161,1079
449: 
450: 1239,205,1682,495,1225,1885,756,1100,2012,1854,566,1327,1834,1149,284,1142,176,421,1076,542
1544: 618,599
1431: 1887,135,1550,773,100,387,2018,309,1645,1469,1059,1932,922
1752: 1717,275,650,1347,1531,19,32,1556,683,328,1072,965,430,1831,80,1588,1964,1129,727,1053,771,1641,1602,295,508,1713,132,1101,801,1086,332,579,2010,1272
454: 
1540: 1127,1336
1271: 2008,121,1600,1022,1894,1807,473,401,1201,673,1261,1555,254,1391,1159,1451,1257,1114,1759,1482,1380,1248
457: 1030,859
1825: 
1897: 1934,824,437,117,1017,280,299,467,2001,1616,1753,358,375,1075,958,1281
460: 1448,523,1056,114,303,2004,1961,520,529,1942,1788,571
461: 594,1278,662,1071,1523,1126,747,2009,503,586,1780,477,926,1918,1145,592,1428,1658,1293,1102,1083,1647
462: 951
1811: 1121
464: 741,2008,1819,121,1600,1022,1894,1807,473,401,1201,353,1261,409,254,1759,1482,1380,1191,325
465: 65,2005,1892,61,850,777,1878,1976,868,1007,670,1952,1458,1739,1633,798,1749,474,748,78,993,1390,1666,1255,828,970,1245,28
466: 676,89,1687,2015,140,1266,1011,202,339,1865,941,1876,102,2013,547,1855
467: 1934,824,437,117,1017,1339,280,299,2001,1616,1897,358,356,30,375,1075,958,29,1243,722
468: 
1381: 741,2008,1819,121,1600,1807,1526,353,73,409,1391,1159,1759,281,1380,1248,1822,1191,325,661
470: 478,1902,800,1546,1975,310,431,1720,1229,704,1393,66,1683,825,1609,1267,1069,1146,193,1445,2014,1866,1166,1597,1004,1099,1200
1864: 
472: 21,2016,1368,1363,712,1984,1016,1943,981,621,287,53,44,634,764,1250
473: 2008,1819,121,1600,1022,1894,1271,1807,401,1201,1526,353,464,73,1261,1555,409,254,1391,1159,1451,1257,1759,281,1482,1380,1248,1822,1191,325
474: 65,2005,1892,607,557,1838,61,850,777,1414,1976,1007,1952,1458,1739,1633,798,1749,748,638,78,465,1390,1666
1902: 478,800,470,1546,1975,310,431,1720,1229,1457,1683,1609,1267,1069,193,2014,1166,1597,1004,1099,1200
476: 
477: 926,1918,1145,1428,1658,1293,1102,1083,1647,1071,461,1126,2009,586,1780
478: 1902,800,470,1546,1720,704,66,1683,825,1609,1267,1069,193,1445,2014,1597,1099,1200
1258: 808,1898
1236: 511,536,1426,329,114,1500,11,2004,617,1863,1961,1422,1389,1981,1018,529,1056,1788,571
481: 942,1462,165,184
1937: 
1882: 1908,1163,1632,695,2017,960,1640
484: 530
485: 
486: 819
487: 2003,2002,1103,1213,629,933,1046,588,752,793,1036,1014,323,1240,335,737,857,1708,1944,610,1471,1294
488: 
1530: 1486,317
1665: 1039,1910,2007,1698,848,972,249,1901,841,1758,2006,1161,1079
1851: 
492: 1845,1559,1283,1285,218,2011,923,790,1860,778
493: 1815
494: 
495: 1292,560,205,291,756,1100,262,2012,1854,566,1408,1327,1834,1149,450,284,1142,176,421,1076,542
1688: 1824
1845: 492,1559,1285,731,218,2011,923,790,1860,1849,778
498: 531
499: 
1654: 
501: 
1553: 1962,781
503: 594,1278,662,461,1023,1126,747,2009,586,1780,1918,1145,592,1658,1293
1993: 
2017: 544,960,1718,1640,968,1882,1908,1163,1632,1930,695
1274: 
1650: 
508: 1420,1713,129,1169,132,1101,1691,1086,332,384,579,2010,1272,1752,1347,19,32,683,328,965,80,727,1053,771,1641,1602,295
1661: 
510: 618,1554
511: 1236,536,1426,329,11,2004,617,1018,1788
1790: 
1482: 2008,1819,121,1600,1022,1894,1271,473,401,353,464,1261,409,254,1759,1380,1248,1822,1191,325
1805: 
2011: 731,218,923,790,1860,1849,778,1845,492,1559,1283,1285
516: 
1881: 
1439: 1295,327
519: 1093,1527,769
520: 166,114,1500,303,11,2004,1434,1097,617,1863,1961,1422,1389,1018,529,1942,1448,523,460,1056
521: 1288
522: 
523: 1448,460,1056,114,1500,303,2004,617,1863,1961,1422,520,1018,529,1942,1788,571
524: 1387,54,1113,2000,195,1455,1748,298,644,1844,1549,1806,236,863,197,844
525: 
526: 1325,1956
1551: 
528: 
529: 166,114,1500,303,11,2004,1097,617,1863,1961,1422,520,1389,1018,1942,1448,523,460,1056,1236,536,1426,329,1788,571
530: 484,918
531: 498
532: 
533: 
534: 1519,1306
1261: 2008,121,1600,1022,1894,1271,1807,473,401,1201,673,353,464,1555,254,1159,1451,1257,1114,1759,1482,1380,1248
536: 511,1236,1426,329,166,114,1500,11,2004,1434,1097,617,1863,1961,1389,1981,1018,529,1056,1788
1744: 
1963: 1121
539: 
1949: 
1254: 
542: 1142,176,421,1076,560,495,1225,1885,756,2012,1854,1408,1327,1834,450,284
543: 1612
544: 2017,960,1718,1640,968,1908,1930,695
1824: 1688
546: 156,282,2019,1217,615,296,1147,1912,1342,620,1510,230,446,1746,703,18,763,1401,1491,1025
547: 72,676,89,656,1687,2015,1569,140,173,1266,1533,1011,202,339,466,1865,941,1876,102,2013,1855,1044,997,1230,179,1198
1760: 
1739: 65,2005,1892,607,1838,1296,61,850,777,1414,1878,1976,868,1007,670,1952,1458,1633,798,1749,474,638,78,993,465,1390,1255,828
1674: 2003,2002,1103,1213,629,933,588,1638,793,1036,1676,1014,1170,323,1240,335,737,1763,1843,857,1708,1944,1153,610,1027,1471,1294
551: 
1976: 65,2005,1892,607,61,777,1414,1878,868,1007,670,1458,1739,1633,798,1749,474,748,78,993,465,1390,1666,1255,828,970,1245,28
1230: 179,1198,315,72,676,656,1687,2015,1569,173,1533,1011,202,339,1828,102,2013,1019,547,1044,997,751
554: 
555: 
1259: 
557: 65,2005,1892,61,1414,1458,1633,1749,474,748,638,78
1484: 1420,1713,129,1169,132,1101,801,93,1691,1086,384,579,2010,1291,1300,34,1347,683,771
1915: 
560: 1292,1239,205,1682,495,1225,291,1885,756,1474,2012,1854,1408,1327,1834,284,1142,542
561: 30,375,1075,958,1281,2001
562: 
563: 
1954: 
565: 
566: 1292,1239,205,1682,495,1225,291,756,1100,262,2012,1854,1327,1834,1149,450,284,1142,421,1076
1717: 1752,275,650,1347,1531,19,32,683,328,1072,965,430,1831,80,1588,1964,1129,727,1053,771,1641,1602,295,1713,129,132,1101,801,93,1086,332,2010,34
568: 
1885: 1239,560,205,1682,1225,291,756,1474,2012,1854,1408,1327,1834,450,1142,1076,542
1793: 
571: 1788,114,2004,617,1961,1018,529,1942,1448,523,460,1056,1236,1426
1517: 
1239: 1292,560,205,1682,1225,291,1885,756,1474,262,2012,1854,566,1408,1327,1834,450
574: 
1434: 166,114,1500,11,2004,1097,1863,520,1389,1981,1942,536
576: 157
1518: 652
578: 
579: 508,1420,1713,129,132,1101,801,1691,1086,332,384,2010,1272,1291,1484,1752,1347,32,683,328,965,80,727,771,1602,295
1401: 446,1746,1734,703,1495,18,763,998,1867,1171,1491,1025,1034,1765,156,2019,615,1147,546,1342,620,1510,230
581: 
1559: 1845,492,1283,1285,218,2011,923,790,1860,778
583: 
1225: 1239,560,205,1682,1885,756,2012,1854,566,1408,1327,1834,1149,450,284,1142,421,1076,542
585: 1740,1655,1305
586: 594,1278,662,1071,1523,461,1126,747,2009,503,1780,477,926,1918,1145,592,1658,1293,1083,1647
1667: 
588: 2003,2002,1103,1213,629,933,1046,752,793,1674,1036,1014,323,1240,1843,487,857,1708,1944,1153,610,1471,1294
1402: 
1696: 1440
1953: 1066,1355
592: 1918,1145,1428,1658,1293,594,662,461,1126,747,2009,503,586
593: 1264,380,1987
594: 1278,662,1071,1523,461,1023,1126,747,2009,503,586,1780,1145,592,1293,1083
1268: 
596: 
597: 139
598: 
599: 1544,618,1033
600: 
1711: 849,1156
602: 
603: 
604: 
605: 1991
606: 
607: 2005,1892,1838,1296,850,777,1414,1976,868,1007,670,1739,1633,1749,474,638,78,993,1390
1867: 446,1746,1734,703,1495,18,763,998,1401,376,1171,1491,1025,1034,1765,156,2019,1799,615,1147,1342,620,1510
1561: 
610: 2003,2002,1213,629,933,1046,588,1674,1036,1240,335,487,857,1708,1944,1294
1523: 594,1278,662,1071,461,1023,1126,747,2009,586,1780,1145,1083,1647
1726: 
1539: 131,1206
1669: 
615: 156,282,2019,1217,1799,296,1147,546,1912,620,1510,230,446,1746,703,1495,1401,1867,1171,1491,1034,1765
616: 
617: 166,114,1500,303,11,2004,1097,1863,1961,1422,520,1389,1018,529,1942,1448,523,1056,511,1236,536,1426,1788,571
618: 1544,599,510,1033,1554
619: 
620: 156,282,2019,1217,1799,615,296,1147,546,1912,1342,1510,230,446,1746,703,1495,18,1401,1867,1491,1025,1034,1765
621: 21,2016,1368,1363,712,1984,1626,1016,472,1943,917,981,1618,1969,287,53,1926,44,634,1715,764
622: 
1812: 
624: 
625: 399
626: 1774
2009: 594,1278,662,1071,1523,461,1023,1126,747,503,586,1780,477,926,1918,1145,592,1428,1658,1293,1102,1083,1647
1603: 
629: 2003,2002,1103,1213,933,1046,588,752,793,1674,1036,1014,323,1240,1843,487,857,1708,1944,1153,610,1027,1471,1294
1414: 2005,1892,607,557,1838,850,777,1976,1007,1458,1739,1633,1749,474,638,78
1769: 1522
632: 1815
1497: 
634: 21,2016,1368,1363,1837,712,1984,1626,472,1943,917,981,1167,621,287,53,1926,764,1250,1048,319
1292: 1239,560,205,1682,495,291,1100,1474,262,2012,566,1327,1834
1927: 
637: 1165,1252
638: 65,2005,1892,607,557,1838,61,850,1414,1007,1458,1739,1633,1749,474,78
1683: 1229,704,1393,1457,66,385,825,1609,1267,1069,1548,1146,707,193,1445,2014,1866,1166,1597,1975,310,431,1720,1004,1099,1200,478,1902,800,470,1546
1542: 740
641: 1310
1615: 
1855: 72,676,656,1687,2015,1569,173,1266,1011,202,466,1828,1865,941,1876,826,102,2013,1019,547,997,315
644: 524,916,1387,54,1113,2000,195,1455,1748,298,1844,660,1549,1806,197
645: 
646: 
647: 
1656: 
649: 294,1567
650: 1717,1752,1531,19,32,683,328,965,430,1588,727,1053,771,1602,295,332,2010
651: 
652: 1518
653: 
1573: 
655: 
656: 72,676,89,1687,2015,1569,140,1266,1533,1011,202,339,1828,941,102,2013,1019,547,1855,1044,997,751,1230,179,1198
657: 58
1633: 65,2005,1892,607,557,61,850,777,1414,1878,1976,1007,1458,1739,798,1749,474,748,638,78,465,1666,970
659: 
660: 1387,2000,1748,298,644,1844,1549,1806
661: 741,2008,1819,1526,73,409,281,1381,1380,1822,1191,325
662: 594,1278,1071,1523,461,1023,1126,747,2009,503,586,1918,1145,592,1658,1293,1647
663: 
664: 
1796: 1091,1357
666: 834,198,1511
1303: 
668: 
669: 
670: 2005,1892,607,1838,1296,850,777,1976,868,1007,1952,1739,1749,78,993,465,1390,1255,828
671: 
1912: 156,282,2019,1217,1799,615,296,1147,546,1342,620,1510,230,446,18,1491,1025
673: 2008,1600,1022,1894,1271,1807,401,1201,1261,254,1451,1257,1114,1759
1765: 446,703,1495,998,1401,376,1867,1171,1491,1034,156,282,2019,1217,1799,615,1147,620,1510
675: 
676: 72,89,656,1687,2015,1569,140,173,1266,1533,1011,202,339,466,1828,1865,941,1876,826,102,2013,1019,547,1855,1044,997,751,315,1230,179,1198
1572: 
678: 920
679: 
1541: 
681: 830,12,1090
1776: 
683: 1717,1752,650,1347,1531,19,32,328,430,1129,727,1053,771,1602,295,508,1713,129,132,1101,801,93,1691,1086,332,579,2010,1484,34
684: 
1511: 834,198,666
1969: 21,2016,1368,1363,1837,1984,1626,1943,917,981,1167,1618,621,1926,1715,764,1048,319
1269: 
1778: 
1840: 389
690: 784,1068
1373: 
692: 
1616: 1934,824,437,117,1017,1339,280,467,2001,1897,1753,358,1120,29,1243
1446: 
695: 1882,1908,1163,1632,1930,544,2017,960,1718,1640
1256: 
1874: 
698: 
1455: 524,916,1387,54,1113,2000,195,1748,298,644,1844,1549,1806,236,863,197,844
1491: 446,1746,1734,703,18,763,1401,1867,1025,1034,1765,156,282,2019,1799,615,296,1147,546,1912,1342,620,1510,230
1584: 
1296: 2005,607,1838,850,777,868,1007,670,1952,1739,1749,78,993,1390
703: 446,1734,1495,998,1401,376,1867,1171,1491,1025,1034,1765,156,282,2019,1217,1799,615,296,1147,546,620,1510
704: 1229,1393,1338,1457,66,1705,385,1683,825,1609,1208,1267,1069,1548,1146,707,193,1,1445,2014,1866,1166,1597,1047,1975,310,431,1720,1200,478,800,470,1546
705: 219
706: 
707: 1229,704,1393,1338,1457,66,1705,385,1683,825,1609,1267,1069,1548,1146,193,1,2014,1866,1597,1047
1666: 65,2005,1892,61,1878,1976,868,1007,1952,1458,1633,798,1749,474,748,465,1255,828,970,1245,28
709: 
710: 
711: 
712: 21,2016,1368,1363,1984,1016,472,917,1167,621,287,53,634,1715,764,1048
713: 1463,235
714: 
715: 
1876: 72,676,1687,2015,1569,173,1266,1533,202,466,1828,1865,941,826,102,2013,547,1855,997,315
717: 
1420: 508,1713,129,1169,132,1101,801,1691,1086,332,384,579,2010,1272,1291,1300,1484,34,1347,1556,328,80,1053,771,1641,1602
1944: 2003,2002,1103,1213,629,933,1046,588,1674,1036,1014,1843,487,857,1708,1153,610,1027,1471,1294
1626: 21,2016,1363,1837,1984,1943,917,981,1167,1618,1969,621,1926,634,1715,764,1250,1048,319
1677: 1379
722: 1120,29,356,1075,958,1934,437,1017,1339,280,299,467,2001,358
1734: 446,1746,703,1495,18,763,998,1401,1867,1491,1025,1034,156,2019,1342,1510,230
724: 1498,1325
1579: 
726: 
727: 1717,1752,650,1531,19,32,683,328,965,430,80,1588,771,1602,295,508,1086,332,579,2010
1613: 
1472: 1933,1940
1704: 919
731: 218,2011,923,790,1860,1849,778,1845
732: 
1933: 1472,1940
734: 
735: 1399
736: 1781,20,1329
737: 2003,2002,1103,933,1638,793,1674,1036,1676,1014,1170,323,1240,1763,487,857,1708,1027
738: 1144,1794,915
739: 
740: 1542
741: 2008,1819,121,1807,1526,353,464,73,409,1159,1759,281,1381,1380,1822,1191,325,661
1549: 524,916,1387,54,1113,2000,195,1455,1748,298,644,1844,660,1806,844
1429: 
1591: 
1800: 
1567: 294,649
747: 594,1278,662,1071,1523,461,1023,1126,2009,503,586,1780,1145,592,1293,1083
748: 65,2005,1892,557,61,1878,1976,1007,1458,1633,798,1749,474,465,1666,828,970
1408: 1239,560,205,495,1225,291,1885,756,1474,2012,1854,1327,1834,284,1142,176,1076,542
750: 
751: 72,676,656,1687,2015,1569,173,1533,202,1828,826,2013,1019,1044,997,315,1230
752: 2003,2002,1103,1213,629,933,1046,588,793,1014,323,1843,487,1708,1153,1027,1471,1294
753: 288,52,1224
754: 1041
755: 
756: 1239,560,205,1682,495,1225,291,1885,1100,262,2012,1854,566,1408,1327,1834,1149,450,284,1142,176,421,1076,542
1606: 
758: 
759: 
1684: 
761: 
762: 395,9
763: 446,1746,1734,1495,18,998,1401,1867,1491,1025,156,2019,1147,546,1342,230
764: 21,2016,1368,1363,1837,712,1984,1626,472,1943,917,981,1167,1969,621,287,53,1926,634,1250,1048,319
765: 
1645: 135,1550,773,100,2018,1431,309,1059,1932
767: 
1846: 
769: 519,1093,1527
1445: 704,1393,66,1705,1683,825,1609,1208,1267,1146,2014,1166,1597,1975,431,1720,1099,1200,478,470,1546
771: 1717,1752,275,650,1347,1531,19,32,683,328,1072,965,430,1831,80,1588,1964,1129,727,1053,1641,1602,295,508,1420,1713,129,132,1101,801,93,1691,1086,332,579,2010,1272,1291,1484,34
1280: 1438
773: 1887,135,1550,100,2018,1431,309,1645,1059
1264: 380,593,1987
775: 1513,22
1301: 
777: 2005,1892,607,1838,1296,61,850,1414,1976,868,1007,670,1952,1739,1633,798,1749,474,78,993,465,1390,1255,828,1245
778: 731,218,2011,923,790,1860,1849,1845,492,1559,1283,1285
1339: 1934,824,437,117,1017,280,467,2001,1616,1753,358,356,1075,958,1120,29,1243,722
780: 1441
781: 1553
1705: 704,1393,1338,66,385,825,1208,1267,45,1548,1146,707,1,1445,2014,1866,1111,1166,1597,1047
1288: 521
784: 690,1068
1785: 
786: 
787: 
788: 
789: 
790: 731,218,2011,923,1860,1849,778,1845,492,1559,1283,1285
791: 
1708: 2003,2002,1103,1213,629,933,1046,588,752,1638,793,1674,1036,1676,1014,323,1240,737,1763,1843,487,857,1944,1153,610,1027,1471,1294
793: 2003,2002,1103,1213,629,933,588,752,1638,1674,1036,1676,1014,323,1240,737,1763,1843,487,857,1708,1153,1027,1471
794: 
795: 
796: 
797: 
798: 65,2005,1892,61,777,1878,1976,868,1007,1952,1458,1739,1633,1749,474,748,78,993,465,1390,1666,1255,828,970,1245,28
1286: 
800: 478,1902,470,1546,704,1457,66,1683,1609,1267,1069,193,2014,1597,1200
801: 1420,1713,129,132,1101,93,1691,1086,332,579,2010,1291,1484,34,1717,1752,275,1347,1531,32,683,328,1072,1831,1129,1053,771,1602,295
1917: 
1502: 150
1609: 1229,704,1393,1457,66,385,1683,825,1208,1267,1069,1146,707,193,1,1445,2014,1866,1166,1597,1975,310,431,1720,1004,1099,1200,478,1902,800,470,1546
1919: 
1347: 1717,1752,275,32,1556,683,328,1072,1831,80,1964,1129,1053,771,1641,1602,508,1420,1713,129,1169,132,1101,801,93,1691,1086,332,384,579,2010,1272,1291,1300,1484,34
1293: 1918,1145,592,1428,1658,477,926,1102,1647,594,1278,662,1071,461,1126,747,2009,503,586,1780
808: 1258
809: 
810: 300
1571: 
812: 
813: 427
1357: 1091,1796
1849: 731,218,2011,790,1860,778,1845,1285
816: 
817: 
818: 1747
819: 1244,486,444,105,1690
1802: 
1533: 72,676,89,656,1687,2015,1569,173,202,1865,941,1876,826,102,2013,547,1044,997,751,1230,179
822: 
1898: 1258
824: 1934,437,117,1339,280,467,2001,1616,1897,1753,358,29,1243
825: 704,1393,1338,1457,66,1705,1683,1609,1208,1267,1069,1548,1146,707,1,1445,2014,1866,1166,1597,478,470,1546
826: 72,676,1687,2015,1569,173,1266,1533,202,1828,1865,941,1876,102,2013,1019,1855,1044,997,751,315
827: 
828: 2005,1892,61,777,1878,1976,868,1007,670,1739,798,1749,748,993,465,1390,1666,1255,970,1245,28
1975: 310,431,1720,1229,704,1393,385,1683,1609,1208,1267,1069,1146,193,1445,2014,1866,1166,1004,1099,1200,1902,470,1546
830: 681,12,1090
1608: 1038
832: 
833: 
834: 198,666,1511
835: 
836: 137
1942: 166,114,1500,303,11,2004,1434,617,1863,1961,1422,520,1389,1018,529,1448,523,460,1056,1426,1788,571
2016: 21,1368,1363,1837,712,1984,1626,1016,472,1943,917,981,1167,1618,1969,621,287,53,1926,44,634,1715,764,1250,1048,319
1232: 
1894: 2008,1819,121,1600,1022,1271,1807,473,401,1201,673,1526,353,464,1261,1555,409,254,1391,1159,1451,1257,1114,1759,1482,1380,1248,1822,325
841: 74,1039,1910,1665,2007,842,1698,321,848,249,1901,1758,2006
842: 74,1039,1910,2007,1698,321,848,249,1901,841,1758,2006,1079
843: 
844: 236,863,197,524,916,1387,54,1113,2000,195,1455,298,1549,1806
1844: 524,916,1387,54,1113,2000,195,1455,1748,298,644,660,1549,1806,197
1690: 1244,444,819,105,1504
1843: 2003,2002,1103,1213,629,933,588,752,793,1674,1676,1014,323,1763,1708,1944,1153,1027,1471,1294
848: 74,1039,1910,1665,2007,842,1698,321,972,249,1901,841,1758,2006,1161
849: 1156,1711
850: 65,2005,1892,607,1838,1296,61,777,1414,1878,868,1007,670,1952,1458,1739,1633,1749,474,638,78,993,465,1390
1329: 20,1781,736
1569: 72,676,656,1687,2015,173,1266,1533,1011,202,1828,1865,941,1876,826,102,2013,1019,547,1855,1044,997,751,315,1230,179
1891: 
1507: 
855: 
1691: 508,1420,1713,129,1169,132,1101,801,1086,332,384,579,2010,1272,1291,1300,1484,1347,683,771,1602
857: 2003,2002,1103,1213,629,933,1046,588,1638,793,1674,1036,1676,1014,1170,323,1240,335,737,487,1708,1944,1153,610,1294
858: 330
859: 1030,457
1952: 65,2005,1838,1296,61,850,777,1878,868,1007,670,1458,1739,798,1749,474,78,993,465,1390,1666,1255,1245
1503: 
862: 
863: 236,197,844,524,54,1113,2000,195,1455,298,1806
864: 1467
1299: 
1747: 1241,818
2019: 156,282,1217,1799,615,296,1147,546,1912,1342,620,1510,230,446,1746,1734,703,1495,18,763,998,1401,376,1867,1171,1491,1025,1034,1765
868: 65,2005,1892,607,1838,1296,61,850,777,1878,1976,1007,670,1952,1458,1739,798,1749,78,993,465,1390,1666,1255,828,970,1245,28
869: 1592
870: 
1595: 
872: 
1585: 1185,1566
874: 
1934: 824,437,117,1017,1339,280,299,467,2001,1616,1897,1753,358,1075,958,29,1243,722
876: 
1852: 
878: 196,910
1440: 1696,347
880: 1067,434
1887: 135,1550,773,387,2018,1431,309,1469
882: 
2018: 1887,135,1550,773,100,387,1431,309,1645,1469,1059,1932,922
1492: 
1378: 
1560: 1369,1155,1388
1836: 
1508: 
889: 1662
1698: 74,1039,1910,1665,2007,842,321,848,972,249,1901,841,1758,2006,1161,1079
891: 
1918: 1145,592,1428,1658,1293,477,926,1102,1647,662,1071,461,1126,2009,503,586,1780
893: 
1338: 1229,704,1393,1457,1705,385,825,1208,1267,45,1069,1548,1146,707,1,2014,1866,1111,1597,1047
1421: 
1921: 
1300: 1420,1713,129,1169,132,93,1691,384,2010,1291,1484,34,1347
898: 
899: 
1714: 
1448: 523,460,1056,114,1500,303,11,2004,617,1961,1422,520,1389,1018,529,1942,1426,1788,571
1772: 
1506: 
1510: 156,282,2019,1217,1799,615,296,1147,546,1912,1342,620,230,446,1734,703,18,1401,376,1867,1491,1025,1034,1765
905: 188,1223
906: 
907: 1450
908: 
1450: 907
910: 196,878
1536: 1051
912: 1670,1051
1676: 2003,2002,1103,1213,933,1638,793,1674,1036,1014,1170,323,1240,737,1763,1843,857,1708,1153,1027
1792: 
915: 738,1144,1794
916: 1387,54,2000,195,1455,298,644,1844,1549,1806,844
917: 21,2016,1368,1363,712,1984,1626,1016,1943,981,1167,1618,1969,621,287,53,1926,44,634,1715,764,1250,1048,319
918: 530
919: 1704
920: 678
1900: 1820
922: 1059,1932,135,1550,387,2018,1431,1469
923: 731,218,2011,790,1860,778,1845,492,1559,1283,1285
1526: 741,2008,1819,121,1600,1022,1894,1807,473,401,1201,353,73,409,1391,1159,1451,1759,281,1381,1380,1248,1822,1191,661
925: 
926: 477,1918,1145,1428,1658,1293,1102,1083,1647,1071,461,1126,2009,586,1780
1788: 571,114,1500,11,2004,617,1961,1389,1018,529,1942,1448,523,460,1056,511,1236,536,1426,329
928: 1787
2007: 74,1039,1910,1665,842,1698,321,848,972,249,1901,841,1758,2006,1161,1079
930: 
931: 
932: 1909
933: 2003,2002,1103,1213,629,1046,588,752,1638,793,1674,1036,1676,1014,323,1240,335,737,1843,487,857,1708,1944,1153,610,1027,1471,1294
934: 
935: 
1496: 
937: 
938: 
1713: 508,1420,129,1169,132,1101,801,93,1691,1086,332,384,579,2010,1272,1291,1300,1484,34,1717,1752,1347,32,683,328,80,1053,771,1641,1602,295
1302: 1809,416,994
941: 72,676,89,656,1687,2015,1569,173,1266,1533,202,466,1828,1865,1876,826,102,2013,1019,547,1855,1044,997,315
942: 1462,481,165,184
1746: 446,1734,1495,18,763,998,1401,1867,1491,1025,156,2019,615,1147,546,620,230
1531: 1717,1752,275,650,19,32,683,328,965,430,1831,1588,1129,727,1053,771,1602,295,1101,801,332,2010
1640: 544,2017,960,1718,968,1882,1908,1163,1632,1930,695
946: 
1486: 1700,1530
948: 
1998: 
1822: 741,2008,1819,121,1600,1022,1894,1807,473,1526,353,73,1555,409,1391,1159,1759,281,1482,1381,1380,1248,1191,325,661
951: 462
1244: 444,819,105,1690,1504
1990: 
954: 
955: 
956: 1820
1830: 227,304
958: 356,30,561,375,1075,1281,722,1934,437,117,1017,1339,280,299,467,2001,1897,358
1243: 1120,29,1934,824,1339,280,467,2001,1616,358
960: 544,2017,1718,1640,968,1882,1908,1163,1632,1930,695
2000: 524,916,1387,54,1113,195,1455,1748,298,644,1844,660,1549,1806,236,863,197,844
1453: 
963: 345
1958: 1316
965: 1717,1752,650,1531,19,32,328,430,80,1588,1964,727,1053,771,1641,1602,295,508,1086,332,579,2010,1272
966: 
1763: 2003,2002,1103,1638,793,1674,1676,1014,323,737,1843,1708,1027
968: 544,2017,960,1718,1640
969: 
970: 1245,28,2005,1892,61,1878,1976,868,1007,1458,1633,798,748,993,465,1390,1666,1255,828
1356: 
972: 74,1039,1910,1665,2007,1698,848,1901,1758,2006,1161,1079
1600: 2008,121,1022,1894,1271,1807,473,401,1201,673,1526,353,464,1261,1555,409,254,1391,1159,1451,1257,1114,1759,281,1482,1381,1380,1248,1822,325
1285: 1845,492,1559,1283,218,2011,923,790,1860,1849,778
1782: 
1943: 21,2016,1363,1837,1984,1626,472,917,981,1167,1618,1969,621,287,1926,634,1715,764,1250,1048,319
977: 1123,1136,374,168,155
978: 420
979: 
1234: 1345
981: 21,2016,1368,1363,1837,1984,1626,1016,472,1943,917,1167,1618,1969,621,287,53,1926,44,634,1715,764,1250,1048,319
982: 
983: 
1687: 72,676,89,656,2015,1569,140,173,1266,1533,1011,202,339,466,1828,1865,941,1876,826,102,2013,1019,547,1855,1044,997,751,315,1230
1664: 
1862: 
1866: 1229,704,1393,1338,1457,66,1705,385,1683,825,1609,1208,1267,1069,1548,1146,707,193,1,2014,1166,1597,1047,1975,310,431,470,1546
1498: 724,1325
1519: 534,1306
990: 
2015: 72,676,89,656,1687,1569,140,173,1266,1533,1011,202,339,466,1828,1865,941,1876,826,102,2013,1019,547,1855,1044,997,751,315,1230,179,1198
992: 
993: 2005,1892,607,1838,1296,61,850,777,1878,1976,868,1007,670,1952,1739,798,1749,78,465,1390,1255,828,970,1245,28
994: 416,1302
995: 
996: 
997: 72,676,89,656,1687,2015,1569,173,1266,1533,1011,202,1828,1865,941,1876,826,102,2013,1019,547,1855,1044,751,315,1230,179
998: 446,1746,1734,703,1495,763,1401,376,1867,1171,1765,2019
999: 
1819: 741,2008,121,1022,1894,1807,473,401,1526,353,464,73,409,1759,1482,1381,1380,1248,1822,1191,325,661
1794: 738,1144,915
1002: 43
1483: 83,361
1004: 1099,1200,1975,310,431,1720,1229,1683,1609,1069,193,2014,1166,1902,470,1546
1610: 1361
1703: 
1007: 65,2005,1892,607,1838,1296,61,850,777,1414,1878,1976,868,670,1952,1458,1739,1633,798,1749,474,748,638,78,993,465,1390,1666,1255,828,970,1245,28
1554: 618,510,1033
1009: 
1267: 1229,704,1393,1338,1457,66,1705,385,1683,825,1609,1208,1069,1548,1146,707,193,1,1445,2014,1866,1166,1597,1975,310,431,1720,1099,1200,478,1902,800,470,1546
1011: 676,89,656,1687,2015,1569,140,1266,202,339,466,1865,102,2013,1019,547,1855,997,1230,179,1198
1442: 
1441: 780
1014: 2003,2002,1103,1213,629,933,588,752,1638,793,1674,1036,1676,1170,323,1240,335,737,1763,1843,487,857,1708,1944,1153,1027,1471
1015: 
1016: 21,2016,1368,1363,712,1984,472,917,981,621,287,53,44,1715
1017: 1934,437,117,1339,280,299,467,2001,1616,1897,358,356,30,375,1075,958,1281,29,722
1018: 166,114,1500,303,11,2004,1097,617,1863,1961,1422,520,1389,1981,529,1942,1448,523,1056,511,1236,536,1426,329,1788,571
1019: 72,676,656,1687,2015,1569,173,1266,1011,202,1828,941,826,102,2013,1855,1044,997,751,315,1230
1020: 
1412: 
1022: 2008,1819,121,1600,1894,1271,1807,473,401,1201,673,1526,353,464,1261,1555,409,254,1159,1451,1257,1114,1759,1482,1380,1248,1822,1191,325
1023: 594,1278,662,1071,1523,1126,747,2009,503,1083
1024: 
1025: 446,1746,1734,703,18,763,1401,1867,1491,1034,156,2019,1147,546,1912,1342,620,1510,230
1026: 
1027: 2003,2002,1103,1213,629,933,752,1638,793,1674,1676,1014,323,737,1763,1843,1708,1944,1153,1471
1028: 
1621: 
1030: 457,859
1260: 
1770: 
1033: 618,599,1554
1034: 446,1734,703,1401,376,1867,1171,1491,1025,1765,156,282,2019,1799,615,620,1510
1854: 1239,560,205,1682,495,1225,291,1885,756,1474,2012,566,1408,1327,1834,1149,450,284,1142,176,421,1076,542
1036: 2003,2002,1103,1213,629,933,1046,588,1638,793,1674,1676,1014,1170,323,1240,335,737,487,857,1708,1944,610
1037: 1218,49
1038: 1608
1039: 74,1910,1665,2007,842,1698,321,848,972,249,1901,841,1758,2006,1161,1079
1040: 
1041: 417,754
1521: 
1043: 
1044: 72,676,656,1687,2015,1569,173,1533,202,1828,1865,941,826,102,2013,1019,547,997,751,315,1230,179
1240: 2003,2002,1103,1213,629,933,1046,588,1638,793,1674,1036,1676,1014,323,335,737,487,857,1708,610
1046: 2003,2002,1103,1213,629,933,588,752,1036,323,1240,487,857,1708,1944,1153,610,1471,1294
1047: 704,1393,1338,1705,385,1208,45,1548,1146,707,1,2014,1866,1111
1048: 1250,319,21,2016,1368,1363,1837,712,1984,1626,1943,917,981,1167,1969,1926,634,764
1359: 
1050: 
1051: 1670,912,1536
1052: 
1053: 1717,1752,275,650,1347,1531,19,32,1556,683,328,1072,965,430,1831,80,1964,1129,771,1641,1602,295,508,1420,1713,129,1169,132,1101,801,93,1086,332,2010,1272,1291,34
1054: 
1055: 
1056: 1448,523,460,114,303,11,2004,617,1863,1961,1422,520,1018,529,1942,1236,536,1426,1788,571
1620: 
1487: 
1059: 1932,922,135,1550,773,100,2018,1431,1645
1060: 
1908: 1882,1163,1632,1930,695,544,2017,960,1640
1349: 
1741: 
1655: 1740,1305,585
1820: 956,1900
1066: 1953,1355
1067: 880,434
1068: 784,690
1069: 1229,704,1393,1338,1457,66,385,1683,825,1609,1267,1548,707,193,1,2014,1866,1166,1597,1975,310,431,1004,1200,478,1902,800,470,1546
1638: 2003,2002,1103,1213,933,793,1674,1036,1676,1014,1170,323,1240,335,737,1763,857,1708,1027
1071: 594,1278,662,1523,461,1023,1126,747,2009,586,1780,477,926,1918,1145,1658,1293,1102,1083,1647
1072: 1717,1752,275,1347,32,1556,328,430,1831,80,1964,1129,1053,771,1641,1602,1169,132,1101,801,93,1086,2010,1272,1291,34
1073: 1190
1556: 1752,275,1347,328,1072,1831,80,1964,1129,1053,1641,1420,1169,132,1101,1086,2010,1272,1291,34
1075: 356,30,561,375,958,1281,29,722,1934,437,117,1017,1339,280,299,467,2001,1897,358
1076: 1142,176,421,542,495,1225,1885,756,1100,2012,1854,566,1408,1327,1834,1149,450,284
1077: 1668
1841: 
1079: 74,1039,1910,1665,2007,842,1698,972,1758,2006,1161
1956: 1325,526
1783: 
1082: 
1083: 1102,1647,477,926,1145,594,1278,1071,1523,461,1023,747,2009,586,1780
1438: 1280
1925: 
1086: 508,1420,1713,129,1169,132,1101,801,93,1691,332,384,579,2010,1272,1291,1484,34,1717,1752,1347,19,32,1556,683,328,1072,965,1831,80,1964,1129,727,1053,771,1641,1602,295
1305: 1740,1655,585
1697: 
1932: 1059,922,135,1550,100,387,2018,1431,309,1645,1469
1090: 830,681,12
1091: 1357,1796
1092: 
1093: 519,1527,769
1272: 508,1420,1713,1169,132,1101,1691,1086,332,384,579,2010,1291,1752,1347,32,1556,328,1072,965,80,1964,1053,771,1641,1602
1095: 
1096: 
1097: 166,114,1500,303,11,2004,1434,617,1863,1422,520,1389,1981,1018,529,536
1098: 260,245,265
1099: 1004,1200,1975,310,431,1720,1229,1683,1609,1267,193,1445,2014,1166,478,1902,470,1546
1100: 1292,205,1682,495,291,756,262,2012,566,1327,1834,1149,450,284,1142,176,421,1076
1101: 508,1420,1713,129,1169,132,801,93,1691,1086,332,579,2010,1272,1291,1484,34,1717,1752,275,1347,1531,32,1556,683,328,1072,1831,80,1129,1053,771,1641,1602,295
1102: 1083,1647,477,926,1918,1145,1293,1278,1071,461,2009,1780
1103: 2003,2002,1213,629,933,1046,588,752,1638,793,1674,1036,1676,1014,323,1240,737,1763,1843,487,857,1708,1944,1153,1027,1471,1294
1104: 
1775: 
1106: 
1909: 932
1108: 
1109: 
1110: 
1111: 1393,1338,1705,385,1208,45,1146,1,2014,1047
1112: 
1113: 524,1387,2000,195,1455,1748,298,644,1844,1549,1806,863,844
1114: 2008,121,1600,1022,1894,1271,1807,401,1201,673,1261,1555,254,1159,1451,1257,1759
1115: 
1304: 
1117: 
1118: 
1720: 1975,310,431,704,1393,1683,1609,1208,1267,1146,193,1445,2014,1166,1004,1099,1200,478,1902,470,1546
1120: 29,1243,722,1339,280,2001,1616,358
1121: 1963,1811
1529: 
1123: 1136,374,168,977,155
1124: 
1834: 1292,1239,560,205,1682,495,1225,291,1885,756,1100,262,2012,1854,566,1408,1327,1149,450,284,1142,421,1076,542
1126: 594,1278,662,1071,1523,461,1023,747,2009,503,586,1780,477,926,1918,1145,592,1428,1658,1293,1647
1127: 1540,1336
1345: 1234
1129: 1717,1752,275,1347,1531,32,1556,683,328,1072,430,1831,1964,1053,771,1602,129,132,1101,801,93,1086,2010,34
1130: 392
1131: 
1512: 210
1133: 
1336: 1127,1540
1809: 416,1302
1136: 1123,374,168,977,155
1853: 
1831: 1717,1752,275,1347,1531,19,32,1556,328,1072,430,80,1964,1129,1053,771,1641,1602,132,1101,801,1086,2010,34
1873: 
1140: 
1283: 492,1559,1285,2011,923,790,1860,778
1142: 176,421,1076,542,560,205,495,1225,291,1885,756,1100,2012,1854,566,1408,1327,1834,1149,450,284
1143: 
1144: 738,1794,915
1145: 1918,592,1428,1658,1293,477,926,1102,1083,1647,594,1278,662,1071,1523,461,1126,747,2009,503,586,1780
1146: 704,1393,1338,1705,385,1683,825,1609,1208,1267,45,1548,707,1,1445,2014,1866,1111,1166,1597,1047,1975,431,1720,470
1147: 156,282,2019,1217,1799,615,296,546,1912,1342,620,1510,230,446,1746,703,1495,18,763,1401,1867,1491,1025,1765
1777: 
1149: 205,495,1225,756,1100,262,2012,1854,566,1327,1834,450,284,1142,176,421,1076
1150: 
1151: 
1152: 126
1153: 2003,2002,1103,1213,629,933,1046,588,752,793,1674,1676,1014,323,1843,857,1708,1944,1027,1471,1294
1748: 524,1387,1113,2000,195,1455,298,644,1844,660,1549,1806
1155: 1560
1156: 849,1711
1863: 166,114,1500,303,11,2004,1434,1097,617,1961,1422,520,1389,1981,1018,529,1942,523,1056,1236,536,1426,329
1369: 1560,1388
1159: 741,2008,121,1600,1022,1894,1271,1807,473,1201,1526,353,73,1261,1555,409,1391,1451,1257,1114,1759,281,1381,1380,1248,1822
1160: 
1161: 1039,1910,1665,2007,1698,848,972,249,1901,1758,2006,1079
1162: 
1163: 1882,1908,1632,1930,695,2017,960,1718,1640
1818: 
1165: 637
1166: 1229,704,1393,1457,1705,385,1683,825,1609,1208,1267,1069,1146,193,1,1445,2014,1866,1597,1975,310,431,1720,1004,1099,1200,1902,470,1546
1167: 21,2016,1368,1363,1837,712,1984,1626,1943,917,981,1969,1926,634,1715,764,1250,1048,319
1229: 704,1393,1338,1457,385,1683,1609,1208,1267,1069,707,193,1,2014,1866,1166,1597,1975,310,431,1004,1099,1200,1902,470,1546
1169: 508,1420,1713,129,132,1101,93,1691,1086,384,2010,1272,1291,1300,1484,34,1347,1556,328,1072,80,1053,1641
1170: 2003,2002,1638,1674,1036,1676,1014,335,737,857
1171: 446,703,1495,998,1401,376,1867,1034,1765,2019,1799,615
1875: 
1602: 1717,1752,650,1347,1531,19,32,683,328,1072,965,430,1831,80,1588,1964,1129,727,1053,771,1641,295,508,1420,1713,129,132,1101,801,1691,1086,332,579,2010,1272
1668: 1077
1901: 1039,1910,1665,2007,842,1698,848,972,249,841,1758,2006,1161
1582: 
1177: 
1597: 1229,704,1393,1338,1457,66,1705,385,1683,825,1609,1267,1069,1548,1146,707,193,1,1445,2014,1866,1166,431,1200,478,1902,800,470,1546
1361: 1610
1513: 775,22
1981: 166,114,1500,11,2004,1434,1097,1863,1389,1018,1236,536,329
1294: 2003,2002,1103,1213,629,933,1046,588,752,1674,1843,487,857,1708,1944,1153,610,1471
1183: 
1227: 
1185: 1585,1566
1387: 524,916,54,1113,2000,195,1455,1748,298,644,1844,660,1549,1806,197,844
1380: 741,2008,1819,121,1600,1022,1894,1271,1807,473,401,1201,1526,353,464,73,1261,1555,409,254,1391,1159,1451,1759,281,1482,1381,1248,1822,1191,325,661
1308: 
1566: 1585,1185
1190: 1073
1191: 741,2008,1819,121,1022,473,1526,353,464,73,409,1759,281,1482,1381,1380,1248,1822,325,661
1192: 
1193: 
1700: 1486
1607: 
1456: 
1197: 
1198: 1230,179,676,89,656,2015,1011,202,339,2013,547
1199: 
1200: 1004,1099,1975,310,431,1720,1229,704,1683,1609,1267,1069,193,1445,2014,1166,1597,478,1902,800,470,1546
1201: 2008,121,1600,1022,1894,1271,1807,473,401,673,1526,353,464,1261,254,1159,1451,1257,1114,1759,1380
1679: 85
1203: 
1637: 
1205: 
1206: 1539
1592: 1276,869,1565
1208: 1229,704,1393,1338,1705,385,825,1609,1267,45,1146,1,1445,2014,1866,1111,1166,1047,1975,431,1720
1951: 
1210: 
1358: 1395
1212: 
1213: 2003,2002,1103,629,933,1046,588,752,1638,793,1674,1036,1676,1014,323,1240,335,1843,487,857,1708,1944,1153,610,1027,1471,1294
2013: 72,676,89,656,1687,2015,1569,140,173,1266,1533,1011,202,339,466,1828,1865,941,1876,826,102,1019,547,1855,1044,997,751,315,1230,179,1198
1215: 
1351: 
1217: 156,282,2019,1799,615,296,1147,546,1912,620,1510,703,1765
1218: 1037,49
1459: 425
1495: 446,1746,1734,703,763,998,1401,376,1867,1171,1765,2019,615,1147,620
1946: 
1365: 
1223: 905,188
1224: 288,753,52