1758: 1022
1: 1229,704,2014,1902,812,310,1546,1609,707,1683,1393,825,1146,193,1099
2: 937,645
3: 440,51,715
1803: 555,289
1926: 634,1048,917,1167,981,2016,319,712,621,1715,1584,1250,44,287,1368,226
6: 
7: 1227
1797: 
9: 
10: 
11: 1426,1097,2004,1434,114,1389,1863,1236,577,460,1942,166,523,1981,1422,617,1410,1056,329,520,529
12: 1688
1756: 
1865: 102,315,1198,2013,1533,173,2015,1569,72,1230,1044,1019,1266
15: 
16: 
17: 
18: 
19: 34,32,2010,1101,508,1531,1484,1641,1717,1086,1169,1752
20: 1450,1329,1090,1815
21: 1552
22: 
23: 494
24: 
25: 1566
26: 1725
1910: 2007,74,1665,972,1039,2006,1161,249,1698
28: 1521
29: 476
30: 
31: 1639
32: 34,19,727,430,2010,1101,508,1531,1484,1641,1053,1717,1086,1169,1752
33: 892,1289,361
34: 32,19,2010,1101,508,1484,1641,1717,1086,1169,1752
35: 
36: 664,1664
37: 424,60
38: 449,293
39: 
40: 
41: 
42: 
43: 
44: 1618,1048,917,1167,981,53,2016,319,712,621,1715,1926,1250,287,1016,1368,226,1626
45: 1267,1312,970,175
46: 988,1453
1759: 
48: 
49: 1551,801
50: 1394,796,1043
51: 3,390
52: 279,290
53: 917,1167,2016,319,712,44,287,1626
54: 197,844,1455,2000,644
55: 
56: 
1860: 
58: 
59: 1015,928,1593,519
60: 424,37
61: 1749,65,1633,638,2005,465,1458,646,1255,850,1952,1892,868,1390,1245,1878,1414,828,1666,1007,1838
62: 1051,880
63: 1091,1462,934,251,889,911
64: 
65: 1749,61,1633,638,2005,465,1458,646,1255,850,1952,1892,868,1390,1245,1414,1666,1007,798
66: 385,431,1338,1229,704,2014,1902,1597,812,310,1457,1546,1166,1609,707,1683,1146,898,193,1111,1099
67: 
68: 1692,1325,1463,930
69: 
1715: 634,1618,1048,917,1167,981,2016,319,712,621,1584,1926,1250,44,287,1368,226,1626
71: 
72: 102,315,1198,2013,1865,1533,173,2015,1569,826,1230,1044,1019,1011,1266
73: 673,751,1104
74: 2007,1665,972,1039,1910,2006,1161,249,1698
75: 
76: 
77: 
78: 119,1491
1832: 
80: 
81: 1162,534,696
82: 
83: 1705,1009,677
1989: 420
85: 1009,1705,677
86: 152,1215
87: 1524,167,1839
88: 
89: 842,1776
90: 
1718: 1882,2017,1640,695,968,1908,544,1930
92: 
93: 363
94: 788
95: 
1916: 1554,456,1544,397
97: 
98: 
99: 1050
100: 1431,135,387,2018,1550,1059,1932,773,309,1887
101: 
102: 315,1198,2013,1865,676,1533,173,2015,1569,826,72,1230,1044,202,1019,1011,1266,547
103: 614
104: 891,273
105: 
106: 618
1774: 1850
108: 396,146,679
109: 
110: 1829
111: 1826,410
112: 
1754: 
114: 1097,2004,1389,1018,1236,577,460,1942,523,1422,1410,329,11
115: 1153,2003,793,857,299,1036,1763,1471,1027
116: 1951,372
117: 1058,1428,1616,2001,1228,375,1753,1934
118: 
119: 78,1491
120: 
121: 325,2008,1482,1822,1261,281,1159,661,1248,1526,401,1271,1451,1600,1257,409,1322,1894
122: 
123: 
124: 
125: 
126: 1949,407,714
127: 1197
128: 
129: 
130: 160,1441,810,886,1805
131: 
132: 
133: 
134: 
135: 1431,387,2018,1550,100,1059,1645,1932,773,309,1887
136: 1305
137: 
1707: 1064,153,1210
139: 
140: 
141: 
142: 266
1787: 
144: 829,1542,532
1842: 872,901,1357
146: 396,108,679
147: 1809,436
148: 
1801: 
150: 
151: 944
152: 86,1215
153: 1064,1210,1707
1768: 
155: 
156: 384,675,1534,705
157: 228
158: 
159: 530,1319
160: 1441,810,130
1753: 2001,607,467,437,356,958,1897,1228,375,860,1428,1616,1281,1058,117
162: 
163: 
164: 
165: 
166: 1426,1097,2004,1434,1389,1863,1236,577,1942,1422,617,1410,1056,11,529
167: 1524,87,1839
168: 1928
169: 
170: 
1828: 
172: 
173: 102,315,1198,2013,1865,676,1533,2015,1569,826,72,1230,1044,202,1019,1011,1266,547
2004: 1426,1097,1434,114,1389,1018,1863,1236,577,460,1942,166,523,1448,1981,1422,617,1410,1056,329,11,520,529
175: 1267,1312,970,45
176: 1854,262,1885,1834,1100,450,291,1292,1408,1225,2012,205,756,1149
1767: 
178: 
179: 
2003: 793,857,299,115,1153,1036,1763,1471,1027
2002: 865,1674,933,1170,1103,1843,1213,1708,1240,1294,1944,588,629,1638,737
182: 
183: 
184: 
185: 878,1193,703
186: 870
2008: 325,1482,1114,1822,1261,281,1555,1159,661,1248,121,1526,401,1271,1451,741,1600,1257,409,1322,1894
188: 
1813: 
1878: 1749,61,2005,646,1255,850,1892,1245,828,1666,1007,1838
191: 
192: 
193: 1609,707,1683,1393,1146,1099,1229,66,704,2014,1,310,1069,1546
194: 
195: 197,844,660,1455,1667,236,2000,524,916,1844
196: 
197: 54,844,195,660,1455,1667,236,2000,524,916,644,1844
198: 605,235,208,1652,1234
199: 
200: 
201: 408,1087,869,554,1355,1603
202: 102,2013,676,173,2015,1569,826,1230,1044,1011,1266,547
203: 
204: 581
205: 1854,262,1100,450,291,1408,1225,2012,176,756,284,1149
206: 640
1779: 
208: 605,235,198,1652,1234
209: 
210: 1299,244,327,1406,1124,973,1588,427,239
211: 1264
212: 
213: 
214: 1677,1405
215: 611,1241
1740: 1421
217: 1963
218: 
219: 
220: 
2001: 607,467,437,356,1337,958,1897,1228,375,1753,1075,1538,860,561,685,1428,1616,722,1281,1934,1058,117
222: 1571
223: 
224: 
225: 1657,1429,1443
226: 634,1048,917,1167,981,2016,621,1715,1584,1926,1250,44,287,1016,1368
227: 
228: 559,157,1637
229: 
230: 295,233
231: 
232: 
233: 295,230
1735: 
235: 605,208,198
236: 660,1455,1667,2000,524,916,644,1844,197,844,195
237: 
238: 1784,1304,1006
239: 1299,244,1406,210,1124,973,1588,427
240: 
241: 391
242: 
243: 1814,493
244: 1299,327,1406,1734,210,1124,973,1588,427,239
245: 
246: 
247: 
1719: 942,1796
249: 2007,74,1665,1039,1910,2006,1161,1698
250: 
251: 63,1091,1462,934,889,911
1780: 926,1102,2009,1071,1278,1145,592,747,1083,1523,586,1120,1647,1918,1023,503,477,662,461,1658
1799: 
254: 1358,871,1483
255: 924
256: 
257: 886,1805
258: 
259: 531
260: 1769,1195
261: 1123,984,1379,481,819
262: 1854,1885,1100,450,291,1408,2012,176,205
263: 1824,1216
264: 
265: 858
266: 142
267: 355,1475,1573,480,1112
268: 
269: 
270: 
271: 
1914: 
273: 104,891
274: 
275: 
276: 
277: 
278: 
279: 52,290
280: 1741,1675
281: 325,2008,1482,1114,1822,1261,1555,1159,661,121,1526,401,1451,409
282: 1912,615,546,2019,620,1401,1171,1025,376
1962: 1165
284: 566,1149,1854,1834,1408,1225,2012,205,756
285: 
286: 
287: 634,1618,1048,917,1167,981,53,2016,319,712,621,1715,1926,1250,44,1016,1368,226,1626
288: 
289: 1074,555,1803
290: 52,279
291: 1854,262,1885,1100,450,1292,1408,1225,2012,176,205,756,1149
292: 
293: 38
294: 1106
295: 230,233
296: 1034,546,2019,1147,1765,1171,446,1025,376,1912
297: 
298: 1973
299: 2003,793,857,115,1153,1036,1763,1471,1027
300: 814,1836
301: 743
302: 
303: 
304: 
1795: 
306: 
307: 374,609,769,345
308: 
309: 135,387,2018,1550,100,922,773
310: 431,1338,1229,66,704,2014,1902,812,1,1069,1457,1546,1683,1393,1146,193,1099
311: 
312: 681
313: 1030
1930: 1908,544,1718,1882,2017,1640,695,968
315: 102,1198,2013,1865,676,1533,173,2015,1569,826,72,1230,1044,1019,1011,1266
316: 734
317: 1974,862
318: 
319: 1618,917,1167,981,53,2016,712,621,1715,1926,44,287,1626
1974: 317,862
321: 1873
322: 
323: 752,610,1046
1806: 779
325: 2008,1482,1114,1822,1261,281,1555,1159,661,1248,121,1526,401,1271,1451,1600,409,1322,1894
326: 1497,1467
327: 1299,244,210,1124,427
328: 
329: 1097,2004,114,1389,1018,1236,577,460,1942,523,1422,1410,11
330: 
331: 
332: 360
333: 
334: 
335: 
1991: 
337: 790
338: 855
339: 
1755: 1172
341: 1117,1178,1917
342: 
343: 1712,1329,632,654
344: 
345: 769,307,374,609
346: 
347: 1502,726,1488,1306
1903: 1295
1838: 1749,61,2005,646,1255,850,1892,1878,828,1666
350: 
351: 1614,761
352: 
353: 
354: 1206,1336,454
355: 267,1475,1573,480,1112
356: 2001,607,467,437,1337,958,1897,1753,1075,1538,860,561,685,722,1281
357: 
358: 
359: 
360: 332
361: 892,1289,33
1968: 
363: 93
364: 1224
1835: 
1892: 1749,61,65,1633,638,2005,465,1458,646,1255,850,1952,868,1245,1878,1414,828,1666,1838
367: 
1984: 
369: 
370: 
371: 977,516
372: 1951,116
373: 906,879
374: 307,609,769,345
375: 2001,607,958,1897,1228,1753,1538,860,1428,1616,1281,1058,117
376: 1034,296,546,2019,620,1401,1147,1765,1171,446,1025,282,1912,615
377: 651
378: 1020,1095
379: 
380: 851
1966: 
382: 
383: 
384: 156,675,1534,705
385: 431,1338,1229,66,2014,1902,1597,812,1548,1457,1546,1166,1111
386: 970
387: 1431,135,2018,1550,100,1059,922,1645,1932,773,309
388: 1433
389: 
390: 51
391: 241
392: 633
1980: 794,902,1098,1220
394: 
395: 829,1542,532,809
396: 146,108,679
397: 1916,1554,456,1544,1330
398: 1308
399: 
400: 
401: 325,2008,1482,1114,1822,1261,281,1555,1159,661,1248,121,1526,1271,1451,741,1600,1257,409,1322,1894
402: 
403: 
1961: 1142,1327,421
405: 
406: 
407: 1949,714,1777,126
408: 1087,869,1355,201,1603
409: 1271,1451,741,1600,1257,1322,1894,325,2008,1482,1114,1822,1261,281,1555,1248,121,1526,401
410: 488,111,1826
411: 1890,1454
412: 
413: 
414: 1953,935
1709: 
416: 665
417: 
1751: 
419: 
420: 1989
421: 1142,1327,1961
422: 
423: 
424: 60,37
425: 
426: 
427: 1299,244,327,1406,1734,210,1124,973,1588,239
428: 1015,928,1593,721,1696,1444
429: 1855
430: 727,2010,1556,1101,508,32,1531,1484,1641,1053
431: 385,1338,1229,66,704,2014,1902,1597,812,310,1548,1069,1457
432: 
433: 
434: 
1723: 
436: 1809,147
437: 2001,607,467,356,1337,958,1897,1753,1075,860,561,685,722,1281
438: 
1827: 
440: 3,715
1986: 
442: 
443: 1192
444: 
445: 
446: 1034,296,546,2019,620,1147,1765,1171,1025,376,1912
447: 
2006: 2007,74,1665,972,1039,1910,1161,249,1698
449: 38
450: 1854,262,1885,1100,291,1292,1408,1225,2012,176,205,756,1149
451: 
452: 
1752: 1717,1086,1169,2010,508,34,32,19,1531,1484,1641,1053
454: 1206,1336,354
455: 1205,1208
456: 1916,1554,1544,397,1330
457: 
1825: 
1897: 2001,607,467,437,356,958,1228,375,1753,1075,860,685,1616,722,1281
460: 1426,1097,2004,1434,114,577,523,1448,1981,1422,1410,329,11,520
461: 926,2009,1071,1780,592,1083,1120,1023,1658
462: 
1811: 732,1182
464: 
465: 1749,61,65,1633,638,2005,1458,646,1255,850,1952,1892,868,1390,1245,1414,828,1666,1007
466: 1770
467: 2001,607,437,356,958,1897,1753
468: 1886,841,795,1137
469: 
470: 
1864: 710
472: 
473: 
474: 
1902: 385,431,1338,1229,66,704,2014,1597,812,1,310,1548,1069,1457,1546,1166,1609,1683,1393,825,1146,1099
476: 29
477: 1102,2009,1071,1278,1145,1780,592,747,1083,1523,586,1120,1647,1918,1023,503,662,1658
478: 
479: 753,1820,1732
480: 355,267,1475,1573,1112
481: 1123,984,261,1379,819
1937: 
1882: 1718,2017,1640,695,968,1908,1930
484: 
485: 
486: 
487: 
488: 410,1826
1928: 168
490: 593
1851: 1260
492: 1285,1845,1559,2011,731,923
493: 1814,243
494: 23
495: 
496: 
1845: 1559,2011,731,923,1285,492
498: 
499: 
500: 1351
501: 1298
1810: 
503: 926,1102,2009,1071,1145,1780,592,747,1083,1523,1120,1647,1918,1023,477,662
1993: 576
2017: 1718,1882,1640,695,968,1908,544,1930
506: 1956,1612,1269
507: 
508: 727,430,2010,1556,1101,34,32,19,1531,1484,1641,1053,1086,1169,1752
509: 
510: 
511: 
512: 
513: 
514: 
2011: 1845,1559,731,923,1285,492
516: 977,371
1881: 
518: 
519: 1015,928,1371,824,1593,721,59,1696
520: 1426,2004,1434,460,523,1448,1981,1422,1410,11,529
521: 895
522: 
523: 1426,1097,2004,1434,114,1389,577,460,1448,1981,1422,617,1410,1056,329,11,520,529
524: 660,1455,1667,236,2000,916,644,1844,197,844,195
525: 1957
526: 999,1258,808
527: 
528: 
529: 1426,1097,2004,1434,1389,1863,1236,577,1942,166,523,1422,617,1410,1056,11,520
530: 159,1319
531: 259
532: 829,144,395,1542,809
533: 1511,930,1692
534: 1162,81
535: 
536: 
1744: 1026
538: 1398
539: 
1949: 407,714,1777,126
541: 837
542: 
543: 
544: 1908,1718,2017,1640,968,1930
1824: 263,1216
546: 1034,296,2019,620,1401,1147,1171,446,1025,376,282
547: 102,1198,2013,676,173,2015,1569,1230,1044,202,1019,1011,1266
548: 
1739: 
550: 
551: 
1976: 
1890: 411
554: 1087,869,1355,201,1603
555: 1803,1074,289
556: 
557: 
558: 
559: 228,1637
560: 1632,1196
561: 1075,1538,860,685,722,1281,2001,437,356,1337,958
562: 1412
563: 
1954: 
565: 
566: 284,1149,1834,2012,756
567: 1940
568: 
1885: 262,1100,450,291,1292,1408,1225,2012,176
570: 
571: 
572: 
573: 
574: 
575: 
576: 1993
577: 1426,1097,2004,114,1389,1018,1236,460,1942,166,523,1422,1410,1056,329,11,529
578: 
579: 1446,813,1831,1802,1933,909
580: 
581: 204
582: 
583: 954
584: 
585: 
586: 926,1102,2009,1071,1278,1780,592,747,1120,1647,1023,477
587: 
588: 1944,629,1638,737,1240,1294,865,1674,933,2002,1170,1103
1829: 110
1786: 
1953: 935,414
592: 926,1102,2009,1071,1278,1145,1780,747,1083,586,1120,1647,1023,503,477,662,461
593: 490
594: 
1712: 1090,343
596: 839,816,1517
597: 
598: 
599: 
600: 
1711: 1174,1349
602: 
603: 
604: 
605: 235,208,198,1652
606: 
607: 2001,467,437,356,1337,958,1897,375,1753,860,722,1281
1867: 855
609: 307,374,769,345
610: 752,323,1046
611: 1241,215
1726: 1642
613: 
614: 103,1536
615: 282,1912,2019,620,1401,1765,1171,1025,376
616: 739,1303,1504,885
617: 1426,1097,2004,1434,1389,1863,1942,166,523,1981,1410,1056,11,529
618: 106
619: 
620: 1034,546,2019,1401,1147,1765,1171,446,1025,376,282,1912,615
621: 634,1618,1048,917,1167,981,2016,319,712,1715,1584,1926,1250,44,287,1016,1368,226,1626
622: 1766
1812: 
624: 
625: 
626: 1560,1792
2009: 926,1102,1071,1278,1145,1780,592,747,1083,1523,586,1120,1647,1918,1023,503,477,662,461,1658
628: 
629: 1944,588,1638,737,1240,1294,1674,933,2002,1170,1103
630: 
1769: 260,1195
632: 654,343
633: 392
634: 917,1167,981,2016,712,621,1715,1584,1926,1250,287,226
635: 
1927: 946
637: 1316,1659
638: 1749,61,65,1633,2005,465,1458,1255,850,1952,1892,868,1390,1245,1414,1666,1007,798
639: 
640: 206
641: 
1742: 
1855: 429
644: 660,1455,1667,236,2000,524,916,1844,197,54,844
645: 937,2
646: 1749,61,65,1633,2005,465,1255,850,1952,1892,868,1245,1878,1414,828,1666,1007,1838
647: 821,784
1725: 26
649: 
650: 
651: 377
652: 1105
653: 
654: 1329,632,343
655: 1151,1066,1130
656: 
657: 
658: 
659: 
660: 1455,1667,236,2000,524,916,644,1844,197,844,195
661: 325,2008,1482,1114,1822,1261,281,1555,1159,1248,121,1526,401,1271,1600,1322,1894
662: 1102,2009,1071,1278,1145,1780,592,747,1083,1523,1120,1647,1918,1023,503,477
663: 1183
664: 36,1664
665: 416
666: 
667: 
668: 
669: 1608
670: 
671: 
1912: 282,615,296,2019,620,1401,1765,1171,446,1025,376
673: 751,73,1104
1765: 1034,296,2019,620,1147,1171,446,1025,376,1912,615
675: 156,384,1534
676: 102,315,1198,2013,173,2015,1569,826,1230,1044,202,1011,1266,547
677: 1705,83,85,1009
678: 
679: 396,146,108
680: 
681: 312
1776: 842,89
683: 1420,1492
684: 
685: 1075,1538,860,561,1616,722,1281,2001,437,356,958,1897
1969: 
687: 
1778: 
1840: 
690: 
691: 
692: 
693: 
694: 
695: 1718,1882,2017,1640,968,1908,1930
696: 81
1874: 
698: 1254
699: 1300,1713,1309
700: 
701: 
702: 
703: 1193,185,878
704: 431,1338,1229,66,2014,1902,1,310,1069,1457,1546,1609,1683,1393,1146,193,1099
705: 156,384,1534
706: 1567
707: 1609,1683,1393,825,1146,898,193,1111,1099,66,2014,1,1457,1546
708: 
709: 
710: 1864
711: 831,1846
712: 634,917,1167,53,2016,319,621,1715,1926,44,287,1368,1626
713: 
714: 1949,407,126
715: 3,440
1876: 
717: 
718: 
1944: 588,629,1638,737,1708,1240,1294,865,1674,933,2002,1170,1103
720: 
721: 1015,928,1371,824,1593,1696,519,428
722: 1075,860,561,685,1281,2001,607,437,356,1337,1897
1734: 1299,244,973,1588,427
724: 1110
725: 
726: 1162,1502,1488,347,1306
727: 430,2010,1556,1101,508,32,1531,1641,1053
1994: 
1784: 238,1006
1906: 
731: 1845,1559,2011,923,1285,492
732: 1811
1933: 1831,1802,909,579
734: 316,1024
735: 
736: 
737: 1944,588,629,1638,1240,1294,1674,933,2002,1170,1103
738: 
739: 616,1303,1504,885
740: 
741: 1271,1451,1600,1257,409,1322,1894,2008,1114,1822,1261,1555,1526,401
742: 
743: 301
744: 
745: 
746: 
747: 926,1102,2009,1071,1278,1145,1780,592,586,1120,1647,1023,503,477,662
748: 
1879: 1439,1072
750: 
751: 673,73,1104
752: 323,610,1046
753: 1820,479,1732
754: 1639,1503
755: 
756: 1834,450,291,1292,1225,2012,176,205,566,284,1149
757: 
758: 1841
759: 
760: 
761: 351,1614
762: 
763: 1746
764: 
765: 
766: 
767: 
1846: 831,711
769: 345,307,374,609
1730: 
771: 
772: 1518
773: 1431,135,387,2018,1550,100,1059,922,1932,309,1887
774: 
775: 
1880: 
777: 
778: 
779: 1806
780: 
781: 1643
782: 
783: 
784: 821,647
785: 
786: 
787: 
788: 94
789: 1222,1150,963,1513
790: 337
791: 1205
792: 
793: 2003,857,299,115,1153,1036,1763,1471,1027
794: 1980,902,1098,1220
795: 1886,841,468
796: 1394,50,1043
797: 
798: 65,638,2005,1390,1414,1666,1007
799: 
800: 1362
801: 49,1551
1917: 341,1117,1178
803: 
1945: 
1919: 1121,992
806: 
807: 
808: 1258,526,999
809: 829,395,1542,532
810: 160,1441,130,886,1805
811: 
812: 385,431,1338,1229,66,2014,1902,1597,1,310,1548,1457,1546,1166,825,1146,1111,1099
813: 1446,579,909
814: 300,1836
815: 
816: 1517,832,839,596
817: 
818: 
819: 1123,984,261,1379,481
1802: 1831,1933,909,579
821: 784,647
822: 
1898: 
824: 1015,928,1371,1593,721,1696,519
825: 1609,707,1683,1393,1146,898,1111,1099,2014,1902,1597,812,1,1457,1546,1166
826: 102,315,1198,2013,676,1533,173,2015,1569,72,1230,1044,202,1019,1011,1266
827: 
828: 1749,61,2005,465,646,1255,850,1952,1892,1245,1878,1666,1838
829: 144,395,1542,532,809
830: 1579
831: 1846,711
832: 816,1517
833: 
834: 
835: 1077,1487
836: 
837: 541
2016: 634,1618,1048,917,1167,981,53,319,712,621,1715,1584,1926,1250,44,287,1016,1368,226,1626
839: 596,816,1517
840: 1129
841: 1886,795,468,1137
842: 1776,89
843: 
844: 197,54,195,660,1455,1667,236,2000,524,916,644,1844
1844: 660,1455,1667,236,2000,524,916,644,197,844,195
846: 
1843: 1213,1708,1240,865,2002
848: 
849: 
850: 1749,61,65,638,2005,465,646,1255,1952,1892,1245,1878,828,1666,1007,1838
851: 380
852: 
1891: 
1996: 
855: 338,1867
856: 
857: 2003,793,299,115,1153,1036,1471,1027
858: 265
859: 1253
860: 1075,1538,561,685,1428,1616,722,1281,2001,607,437,356,958,1897,375,1753
861: 
862: 317,1974
863: 
864: 
865: 1674,933,2002,1170,1103,1843,1213,1708,1240,1944,588,1638
1747: 
2019: 1034,296,546,620,1401,1147,1765,1171,446,1025,376,282,1912,615
868: 1749,61,65,1633,638,2005,465,1458,646,1952,1892,1390,1245,1414,1666
869: 408,1087,554,1355,201,1603
870: 186
871: 254,1358,1483
872: 1842,901,1357
873: 
874: 
1934: 1428,1616,2001,1228,1058,117
876: 
1852: 
878: 185,1193,703
879: 373,906
880: 1051,1359,62
1887: 1431,135,2018,1550,100,1059,773
882: 955
2018: 1431,135,387,1550,100,1059,922,1645,1932,773,309,1887
884: 1199
885: 616,739,1303,1504
886: 1805,257,810,130
1836: 300,814
888: 
889: 63,1091,1462,934,251,911
1791: 
891: 104,273
892: 1289,361,33
893: 
894: 
895: 1038,521
1921: 1775
897: 1094
898: 1609,707,1683,825,1146,1111,1099,66,2014,1597,1457,1546,1166
899: 
1714: 
901: 1842,872,1357
902: 1980,794,1098,1220
903: 
904: 1190
905: 
906: 373,879
907: 
908: 
909: 1831,1802,1933,1446,813,579
910: 
911: 63,1091,1462,934,251,889
912: 994
913: 
914: 
915: 1553,1158
916: 660,1455,1667,236,2000,524,644,1844,197,844,195
917: 634,1618,1167,981,53,2016,319,712,621,1715,1926,1250,44,287,226,1626
918: 
919: 
920: 
1900: 
922: 387,2018,1550,1932,773,309
923: 1845,1559,2011,731,1285,492
924: 255
925: 
926: 2009,1071,1278,1780,592,747,1083,586,1120,1647,1023,503,461
1788: 1054
928: 1015,1371,824,1593,721,59,1696,519,428
929: 
930: 1511,533,1463,68,1692,1325
931: 
932: 1259
933: 865,1674,2002,1170,1103,1213,1708,1240,1944,588,629,1638,737
934: 63,1091,1462,251,889,911
935: 1953,414
936: 1662
937: 645,2
938: 
939: 
1804: 
941: 
942: 1719,1796
1746: 763
944: 151
945: 
946: 1927
947: 1256,1232,1359
948: 1068
1998: 
1822: 325,2008,1482,1114,1261,281,1555,1159,661,1248,121,1526,401,1271,1451,741,1600,409,1322,1894
951: 
952: 
1990: 
954: 583
955: 882
956: 
1830: 
958: 2001,607,467,437,356,1897,375,1753,1538,860,561,685,1616,1281
1710: 
960: 
2000: 660,1455,1667,236,524,916,644,1844,197,54,844,195
962: 
963: 1150,1513,1222,789
1958: 
965: 
966: 1296
1763: 1036,115,1153,2003,793,299,1471,1027
968: 1718,1882,2017,1640,695,1908,544,1930
969: 
970: 1267,1312,386,45,175
971: 
972: 2007,74,1665,1039,1910,2006,1161,1698
973: 1299,244,1406,1734,210,1124,1588,427,239
974: 
1782: 1690
976: 
977: 516,371
978: 
979: 
980: 
981: 634,1618,1048,917,1167,2016,319,621,1715,1584,1926,1250,44,287,1016,1368,226,1626
982: 
983: 1909
984: 1123,261,1379,481,819
985: 
1862: 
987: 
988: 1453,46
989: 
990: 
2015: 102,315,1198,2013,1865,676,1533,173,1569,826,72,1230,1044,202,1019,1011,1266,547
992: 1919,1121
993: 
994: 912
995: 
996: 1459
997: 
998: 
999: 526,1258,808
1819: 
1794: 
1002: 1982,1541
1003: 1252,1895
1004: 
1005: 1310
1006: 1784,238
1007: 61,65,1633,638,2005,465,1458,646,1255,850,1390,1245,1878,1414,1666,798
1008: 
1009: 85,1705,83,677
1010: 
1011: 102,315,1198,2013,676,173,2015,1569,826,72,1230,1044,202,1019,1266,547
1920: 
1013: 1186,1473
1014: 
1015: 928,1371,824,1593,721,59,1696,519,428
1016: 1618,1048,981,2016,621,1250,44,287,226
1017: 
1018: 2004,114,577,1942,329
1019: 102,315,1198,2013,1865,1533,173,2015,1569,826,72,1230,1044,1011,1266,547
1020: 1095,378
1021: 
1022: 1758
1023: 926,1102,2009,1071,1278,1145,1780,592,747,1083,1523,586,1120,1647,1918,503,477,662,461,1658
1024: 734
1025: 1034,296,546,2019,620,1401,1147,1765,1171,446,376,282,1912,615
1026: 1744
1027: 1471,115,1153,2003,793,857,299,1036,1763
1028: 1509
1029: 
1030: 313
1031: 1907
1770: 466
1033: 
1034: 296,546,2019,620,1147,1765,1171,446,1025,376
1854: 262,1834,1100,450,291,1408,1225,2012,176,205,284,1149
1036: 1763,115,1153,2003,793,857,299,1471,1027
1037: 1067
1038: 895
1039: 2007,74,1665,972,1910,2006,1161,249,1698
1040: 
1041: 1948
1042: 
1043: 1394,796,50
1044: 102,315,1198,2013,1865,676,173,2015,1569,826,72,1230,202,1019,1011,1266,547
1045: 
1046: 752,323,610
1047: 
1048: 1618,981,2016,621,1715,1584,1926,1250,44,287,1016,1368,226
1970: 
1050: 99
1051: 62,880
1052: 
1053: 1531,1484,1641,727,430,2010,1556,508,32,1752
1054: 1788
1055: 
1056: 1426,1097,2004,1434,1389,1863,1236,577,1942,166,523,1981,617,1410,11,529
1057: 
1058: 117,1428,2001,1228,375,1753,1934
1059: 1431,135,387,2018,1550,100,1645,1932,773,1887
1060: 
1061: 
1062: 
1063: 
1064: 153,1210,1707
1820: 753,479,1732
1066: 655,1151,1130
1067: 1037
1068: 948
1069: 431,1229,704,2014,1902,310,193
1070: 
1071: 926,2009,1278,1145,1780,592,747,1083,586,1120,1647,1918,1023,503,477,662,461,1658
1072: 1879,1439
1073: 
1074: 289,555
1075: 860,561,685,722,1281,2001,437,356,1337,1897
1076: 
1077: 835,1487
1841: 758
1079: 
1956: 506,1612,1269
1783: 
1082: 
1083: 926,2009,1071,1278,1145,1780,592,1523,1120,1647,1918,1023,503,477,662,461,1658
1084: 
1925: 
1086: 1717,1169,1752,2010,1101,508,34,32,19,1531,1484,1641
1087: 408,869,554,1355,201,1603
1088: 
1089: 1959,1486
1090: 20,1450,1712,1329,1815
1091: 63,934,251,889,911
1092: 
1093: 
1094: 897
1095: 1020,378
1096: 
1097: 1426,2004,114,1389,1863,1236,577,460,1942,166,523,1981,617,1410,1056,329,11,529
1098: 1980,794,902,1220
1099: 1609,707,1683,1393,825,1146,898,193,1111,1338,1229,66,704,2014,1902,812,1,310,1457,1546,1166
1100: 1854,262,1885,450,291,1292,1408,1225,2012,176,205
1101: 727,430,2010,1556,508,34,32,19,1484,1641,1086,1169
1102: 2009,1278,1145,1780,592,747,1523,586,1647,1918,1023,503,477,662
1103: 865,1674,933,2002,1170,1213,1708,1240,1294,1944,588,629,1638,737
1104: 673,751,73
1105: 652
1106: 294
1909: 983
1108: 
1109: 1650
1110: 724
1111: 1609,707,1683,825,1146,898,1099,385,1338,1229,66,2014,1597,812,1457,1546,1166
1112: 355,267,1475,1573,480
1113: 
1114: 325,2008,1482,1822,1261,281,1555,661,1526,401,1451,741,409,1322,1894
1115: 
1116: 
1117: 341,1178,1917
1118: 
1720: 1661
1120: 926,2009,1071,1145,1780,592,747,1083,586,1647,1918,1023,503,477,662,461,1658
1121: 1919,992
1122: 
1123: 984,261,481,819
1124: 1299,244,327,1406,210,973,1588,427,239
1834: 1854,1292,1225,2012,176,756,566,284,1149
1126: 
1127: 
1128: 
1129: 840
1130: 655,1151,1066
1131: 
1907: 1662,1031
1133: 
1134: 
1809: 147,436
1136: 
1137: 1886,841,468
1831: 1802,1933,909,579
1873: 321
1140: 
1141: 
1142: 1327,421,1961
1143: 
1144: 
1145: 1102,2009,1071,1278,1780,592,747,1083,1523,1120,1647,1918,1023,503,477,662
1146: 1609,707,1683,1393,825,898,193,1111,1099,1338,1229,66,704,2014,1902,1597,812,1,310,1457,1546,1166
1147: 1034,296,546,2019,620,1765,1171,446,1025,376
1148: 
1149: 566,284,1854,1834,450,291,1292,1408,1225,2012,176,205,756
1150: 963,1513,1222,789
1151: 655,1417,1066,1130
1152: 
1153: 115,2003,793,857,299,1036,1763,1471,1027
1773: 
1155: 
1156: 
1863: 1426,1097,2004,1389,1236,1942,166,617,1410,1056,11,529
1158: 1553,915
1159: 325,2008,1482,1822,1261,281,661,1248,121,1526,401,1600
1160: 
1161: 2007,74,1665,972,1039,1910,2006,249,1698
1162: 534,81,1502,726
1163: 
1818: 
1165: 1962
1166: 385,1338,66,2014,1902,1597,812,1548,1457,1546,1609,825,1146,898,1111,1099
1167: 634,1618,917,981,53,2016,319,712,621,1715,1584,1926,1250,44,287,1368,226,1626
1168: 
1169: 1717,1086,1752,2010,1101,508,34,32,19,1531,1484,1641
1170: 865,1674,933,2002,1103,1213,1708,1240,1294,1944,588,629,1638,737
1171: 1034,296,546,2019,620,1401,1147,1765,446,1025,376,282,1912,615
1172: 1755
1736: 
1174: 1349,1711
1901: 
1923: 
1177: 1378
1178: 341,1117,1917
1814: 243,493
1180: 
1981: 1426,1097,2004,1434,460,523,1448,1422,617,1410,1056,11,520
1182: 1811
1183: 663
1184: 
1185: 
1186: 1473,1013
1187: 
1895: 1252,1003
1189: 1817
1190: 904
1191: 
1192: 443
1193: 703,185,878
1194: 
1195: 1769,260
1196: 560
1197: 127
1198: 102,315,2013,1865,676,1533,173,2015,1569,826,72,1230,1044,1019,1011,1266,547
1199: 884
1200: 
1201: 
1202: 
1203: 
1204: 
1205: 455,1208,791
1206: 1336,354,454
1856: 
1208: 455,1205
1951: 372,116
1210: 1064,153,1707
1960: 1506
1212: 
1213: 1843,1708,1240,865,933,2002,1170,1103
2013: 102,315,1198,1865,676,1533,173,2015,1569,826,72,1230,1044,202,1019,1011,1266,547
1215: 86,152
1216: 1824,263
1217: 
1218: 
1219: 
1220: 1980,794,902,1098
1946: 
1222: 789,1150,963,1513
1223: 
1224: 364
1225: 1854,1885,1834,1100,450,291,1292,1408,2012,176,205,756,284,1149
1226: 
1227: 7
1228: 2001,1897,375,1753,1428,1616,1934,1058,117
1229: 385,431,1338,66,704,2014,1902,1597,812,1,310,1548,1069,1457,1546,1609,1683,1146,193,1111,1099
1230: 102,315,1198,2013,1865,676,1533,173,2015,1569,826,72,1044,202,1019,1011,1266,547
1717: 1086,1169,1752,2010,34,32,19,1531,1484,1641
1232: 1256,947,1359
1837: 
1234: 208,198,1652
1913: 
1236: 1426,1097,2004,114,1389,1863,577,1942,166,1422,1410,1056,329,11,529
1721: 1415
1924: 1476
1239: 1682,1474
1240: 1843,1213,1708,1294,865,933,2002,1170,1103,1944,588,629,1638,737
1241: 611,215
1821: 
1243: 
1244: 
1245: 1749,61,65,1633,638,2005,465,1458,646,1255,850,1952,1892,868,1390,1878,1414,828,1666,1007
1246: 
1247: 1417,1276
1248: 325,2008,1482,1822,1261,1159,661,121,401,1271,1600,1257,409,1322,1894
1249: 
1250: 634,1048,917,1167,981,2016,621,1715,1584,1926,44,287,1016,1368,226
1251: 
1252: 1003,1895
1253: 859
1254: 698
1255: 1749,61,65,638,2005,465,1458,646,850,1952,1892,1245,1878,1414,828,1666,1007,1838
1256: 947,1232,1359
1257: 1271,1451,741,1600,409,1322,2008,1482,1261,1248,121,1526,401
1258: 808,526,999
1259: 932
1260: 1851
1261: 325,2008,1482,1114,1822,281,1555,1159,661,1248,121,1526,401,1271,1451,741,1600,1257,409,1322,1894
1979: 
1263: 
1264: 211
1265: 
1266: 102,315,1198,2013,1865,676,1533,173,2015,1569,826,72,1230,1044,202,1019,1011,547
1267: 1312,970,45,175
1268: 
1269: 506,1956,1612
1915: 
1271: 1451,741,1600,1257,409,1322,1894,325,2008,1482,1822,1261,1555,661,1248,121,1526,401
1272: 
1943: 
1274: 
1275: 
1276: 1247
1277: 
1278: 926,1102,2009,1071,1145,1780,592,747,1083,1523,586,1647,1918,1023,477,662
2010: 727,430,1556,1101,508,34,32,19,1531,1484,1641,1053,1717,1086,1169,1752
1280: 
1281: 1075,1538,860,561,685,1616,722,2001,607,437,356,1337,958,1897,375,1753
1894: 1271,1451,741,1600,409,1322,325,2008,1482,1114,1822,1261,1555,661,1248,121,1526,401
1283: 
1875: 1999,1668
1285: 492,1845,1559,2011,731,923
1286: 
1287: 
1288: 
1289: 892,361,33
1290: 
1291: 
1292: 1885,1834,1100,450,291,1408,1225,2012,176,756,1149
1293: 
1294: 1708,1240,2002,1170,1103,1944,588,629,1638,737
1295: 1903
1296: 966
1800: 
1298: 501
1299: 244,327,1406,1734,210,1124,973,1588,427,239
1300: 699,1309
1301: 
1302: 
1303: 616,739,1504,885
1304: 238
1305: 136
1306: 726,1488,347
1987: 
1308: 398
1309: 699,1300,1713
1310: 1005
1311: 
1312: 1267,970,45,175
1313: 
1314: 
1315: 
1316: 1659,637
1317: 
1318: 
1319: 530,159
1320: 
1321: 
1322: 1271,1451,741,1600,1257,409,1894,325,2008,1482,1114,1822,1261,1555,661,1248,121,401
1323: 
1957: 525
1325: 68,1692,1511,1463,930
1908: 544,1718,1882,2017,1640,695,968,1930
1327: 1142,421,1961
1328: 
1329: 20,1450,1090,1815,654,343
1330: 1554,456,1544,397
1331: 
1772: 
2012: 1854,262,1885,1834,1100,450,291,1292,1408,1225,176,205,756,566,284,1149
1334: 
1335: 
1336: 1206,354,454
1337: 2001,607,437,356,1075,561,722,1281
1338: 385,431,1229,66,704,2014,1902,1597,812,310,1548,1457,1546,1166,1683,1146,1111,1099
1339: 
1793: 
1341: 
1342: 
1807: 
1344: 
1345: 
1346: 
1347: 
1935: 
1349: 1174,1711
1948: 1041
1351: 500
1964: 
1353: 
1777: 1949,407
1355: 408,1087,869,554,201,1603
1356: 
1357: 1842,872,901
1358: 254,871,1483
1359: 1256,947,1232,880
1360: 
1361: 
1362: 800
1363: 
1364: 
1365: 
1366: 
1850: 1774
1368: 1048,1167,981,2016,712,621,1715,1584,1926,1250,44,287,226
1369: 
1370: 
1371: 1015,928,824,721,1696,519
1372: 
1373: 
1374: 
1375: 
1376: 
1377: 
1378: 1177
1379: 984,261,481,819
1380: 1402
1381: 1748
1382: 
1796: 1719,942
1952: 1749,61,65,1633,638,2005,465,1458,646,1255,850,1892,868,1245,828,1666
1385: 
1386: 
1387: 
1388: 
1389: 1426,1097,2004,114,1863,1236,577,1942,166,523,617,1410,1056,329,11,529
1390: 61,65,1633,638,2005,465,1458,868,1245,1414,1666,1007,798
1391: 
1392: 
1393: 1609,707,1683,825,1146,193,1099,704,2014,1902,1,310,1546
1394: 796,50,1043
1395: 
1781: 
1397: 
1398: 538
1399: 
1400: 
1401: 546,2019,620,1171,1025,376,282,1912,615
1402: 1380
1403: 
1404: 
1405: 214
1406: 1299,244,210,1124,973,1588,427,239
1407: 
1408: 1854,262,1885,1100,450,291,1292,1225,2012,176,205,284,1149
1409: 
1410: 1426,1097,2004,1434,114,1389,1863,1236,577,460,1942,166,523,1448,1981,1422,617,1056,329,11,520,529
2005: 1749,61,65,1633,638,465,1458,646,1255,850,1952,1892,868,1390,1245,1878,1414,828,1666,1007,1838,798
1412: 562
1413: 
1414: 61,65,1633,638,2005,465,1458,646,1255,1892,868,1390,1245,1666,1007,798
1415: 1721
1918: 1102,2009,1071,1278,1145,1780,1083,1523,1120,1023,503,477,662,1658
1417: 1247,1151
1418: 
1419: 
1420: 683,1492
1421: 1740
1422: 1426,2004,1434,114,1236,577,460,166,523,1448,1981,1410,329,11,520,529
1940: 567
1424: 
1775: 1921
1426: 1097,2004,1434,1389,1863,1236,577,460,166,523,1448,1981,1422,617,1410,1056,11,520,529
1965: 
1428: 1538,860,1616,2001,1228,375,1753,1934,1058,117
1429: 1443,225
1430: 
1431: 135,387,2018,1550,100,1059,1645,1932,773,1887
1886: 841,795,468,1137
1433: 388
1434: 1426,2004,460,166,523,1448,1981,1422,617,1410,1056,11,520,529
1435: 
1748: 1381
1437: 
1438: 
1439: 1879,1072
1440: 
1441: 160,810,130,1805
1442: 
1443: 1429,225,1657
1444: 1593,1696,428
1445: 
1446: 813,579,909
1792: 1560,626
1448: 1426,2004,1434,460,523,1981,1422,1410,520
1449: 
1450: 20,1329,1090,1815
1451: 1271,741,1600,1257,409,1322,1894,325,2008,1482,1114,1822,1261,281,1555,121,1526,401
1452: 
1453: 988,46
1454: 411
1455: 660,1667,236,2000,524,916,644,1844,197,54,844,195
1456: 
1457: 385,431,1338,1229,66,704,2014,1902,1597,812,310,1548,1546,1166,1609,707,1683,825,1146,898,1111,1099
1458: 1749,61,65,1633,638,2005,465,1255,1952,1892,868,1390,1245,1414,1666,1007
1459: 996
1460: 
1973: 298
1462: 63,934,251,889,911
1463: 1511,930,68,1692,1325
1790: 
1465: 
1705: 83,85,1009,677
1467: 1497,326,1701
1468: 
1469: 
1470: 
1471: 1027,115,1153,2003,793,857,299,1036,1763
1472: 
1473: 1186,1013
1474: 1239,1682
1475: 355,267,1573,480,1112
1476: 1924
1477: 
1815: 20,1450,1329,1090
1479: 
1480: 
1481: 
1482: 325,2008,1114,1822,1261,281,1555,1159,661,1248,121,1526,401,1271,1451,1600,1257,409,1322,1894
1483: 254,1358,871
1484: 1531,1641,1053,430,2010,1101,508,34,32,19,1717,1086,1169,1752
1485: 
1486: 1959,1089
1487: 1077,835
1488: 1502,726,347,1306
1963: 217
1490: 
1491: 78,119
1492: 1420,683
1493: 
1494: 
1495: 
1496: 
1497: 326,1467,1701
1498: 
1499: 
1500: 
1501: 
1502: 1162,726,1488,347
1503: 1639,754
1504: 616,739,1303,885
1505: 
1506: 1960
1507: 
1508: 
1509: 1028
1510: 
1511: 533,1463,930,1692,1325
1512: 
1513: 1150,963,1222,789
1514: 
1959: 1486,1089
2014: 385,431,1338,1229,66,704,1902,1597,812,1,310,1548,1069,1457,1546,1166,1609,707,1683,1393,825,1146,898,193,1111,1099
1517: 816,832,839,596
1518: 772
1519: 
1520: 
1521: 28
1522: 
1523: 1102,2009,1278,1145,1780,1083,1647,1918,1023,503,477,662
1524: 167,87,1839
1525: 
1526: 325,2008,1482,1114,1822,1261,281,1555,1159,661,121,401,1271,1451,741,1257,409,1894
1527: 
1528: 
1529: 
1530: 
1531: 1484,1641,1053,727,430,2010,508,32,19,1717,1086,1169,1752
1532: 
1533: 102,315,1198,2013,1865,173,2015,826,72,1230,1019,1266
1534: 156,384,675,705
1839: 1524,167,87
1536: 614
1537: 
1538: 860,561,685,1428,1616,1281,2001,356,958,375
1539: 
1540: 
1541: 1002,1982
1542: 829,144,395,532,809
2007: 74,1665,972,1039,1910,2006,1161,249,1698
1544: 1916,1554,456,397,1330
1713: 699,1309
1546: 385,1338,1229,66,704,2014,1902,1597,812,1,310,1548,1457,1166,1609,707,1683,1393,825,1146,898,193,1111,1099
1547: 
1548: 385,431,1338,1229,2014,1902,1597,812,1457,1546,1166
1549: 
1550: 1431,135,387,2018,100,1059,922,1932,773,309,1887
1551: 49,801
1552: 21
1553: 915,1158
1554: 1916,456,1544,397,1330
1555: 325,2008,1482,1114,1822,1261,281,661,1526,401,1271,1451,741,409,1322,1894
1556: 727,430,2010,1101,508,1053
1978: 
1942: 1097,2004,114,1389,1018,1863,1236,577,166,617,1410,1056,329,11,529
1559: 1845,2011,731,923,1285,492
1560: 626,1792
1561: 
1562: 
1563: 
1564: 
1565: 1617
1566: 25
1567: 706
1568: 
1569: 102,315,1198,2013,1865,676,173,2015,826,72,1230,1044,202,1019,1011,1266,547
1785: 
1571: 222
1572: 
1573: 355,267,1475,480,1112
1999: 1875,1668
1848: 
1853: 
1749: 61,65,638,2005,465,1458,646,1255,850,1952,1892,868,1245,1878,828,1666,1838
1932: 1431,135,387,2018,1550,100,1059,922,1645,773
1579: 830
1580: 
1581: 1585,1704
1582: 
1583: 
1584: 634,1048,1167,981,2016,621,1715,1926,1250,1368,226
1585: 1704,1581
1586: 
1764: 
1588: 1299,244,1406,1734,210,1124,973,427,239
1589: 
1590: 
1591: 
1592: 
1593: 1015,928,824,721,59,1696,519,428,1444
1817: 1189
1595: 
1596: 1700
1597: 385,431,1338,1229,66,2014,1902,812,1548,1457,1546,1166,1609,1683,825,1146,898,1111
1598: 
1975: 
1600: 1271,1451,741,1257,409,1322,1894,325,2008,1482,1822,1261,1159,661,1248,121,401
1858: 
1602: 
1603: 408,1087,869,554,1355,201
1604: 
1605: 
1606: 
1607: 
1608: 669
1609: 707,1683,1393,825,1146,898,193,1111,1099,1229,66,704,2014,1902,1597,1,1457,1546,1166
1610: 
1611: 
1612: 506,1956,1269
1613: 
1614: 351,761
1615: 
1616: 1538,860,685,1428,1281,2001,958,1897,1228,375,1753,1934,117
1617: 1565
1618: 1048,917,1167,981,2016,319,621,1715,44,287,1016,1626
1619: 
1620: 
1621: 
1708: 1843,1213,1240,1294,865,933,2002,1170,1103,1944,1638
1623: 
1624: 
1741: 280,1675
1626: 1618,917,1167,981,53,2016,319,712,621,1715,44,287
1627: 
1628: 
1629: 
1630: 
1631: 
1632: 560
1633: 61,65,638,2005,465,1458,646,1952,1892,868,1390,1245,1414,1666,1007
1766: 622
1849: 
1955: 
1637: 228,559
1638: 1944,588,629,737,1708,1240,1294,865,1674,933,2002,1170,1103
1639: 31,754,1503
1640: 1718,1882,2017,695,968,1908,544,1930
1641: 1531,1484,1053,727,430,2010,1101,508,34,32,19,1717,1086,1169,1752
1642: 1726
1643: 781
1644: 
1645: 1431,135,387,2018,1059,1932
1859: 
1647: 926,1102,2009,1071,1278,1145,1780,592,747,1083,1523,586,1120,1023,503,477,662
1732: 753,1820,479
1649: 
1650: 1109
1651: 
1652: 605,208,198,1234
1653: 
1654: 
1655: 
1656: 
1657: 225,1443
1658: 2009,1071,1780,1083,1120,1918,1023,477,461
1659: 1316,637
1808: 
1661: 1720
1662: 1907,936
1663: 
1664: 664,36
1665: 2007,74,972,1039,1910,2006,1161,249,1698
1666: 1749,61,65,1633,638,2005,465,1458,646,1255,850,1952,1892,868,1390,1245,1878,1414,828,1007,1838,798
1667: 660,1455,236,2000,524,916,644,1844,197,844,195
1668: 1875,1999
1669: 
1670: 
1671: 
1672: 
1673: 
1674: 865,933,2002,1170,1103,1944,588,629,1638,737
1675: 280,1741
1676: 
1677: 214
1760: 
1679: 
1680: 
1706: 
1682: 1239,1474
1683: 1609,707,1393,825,1146,898,193,1111,1099,1338,1229,66,704,2014,1902,1597,1,310,1457,1546
1684: 
1982: 1002,1541
1826: 111,488,410
1687: 
1688: 12
1866: 
1690: 1782
1691: 
1692: 68,1325,1511,533,1463,930
1693: 
1694: 
1695: 
1696: 1015,928,1371,824,1593,721,519,428,1444
1697: 
1698: 2007,74,1665,972,1039,1910,2006,1161,249
1699: 
1700: 1596
1701: 1497,1467
1805: 886,257,1441,810,130
1703: 
1704: 1585,1581