1758: 
1: 1546,310,825,1457,704,1111,2014
2: 
3: 787,1178
1803: 1024,683
1926: 53,1618,1368,1016,917,2016,1626,287,1584,634,1797,1984,1250,1715,981,1167,1048
6: 263
7: 1227,480
1797: 53,1618,1368,1926,1016,917,2016,1626,287,1584,319,1984,1250,44,1715,981,1167,1048
9: 822,354
10: 1657,168,1583,1955,383
11: 2004,460,1410,1389,1981,617,1426,1236,523,529,1788,520,1942,166,1448,1434
12: 830
1756: 388,1851
1865: 72,1533,315,1569,202,1011,1230,1044,941,2015,676,1855,1019,102,1266,826,547,2013
15: 59
16: 400,758,1162,301,1502,1654,1254
17: 679
18: 764,1492
19: 1484,295,1752,1086,2010,430,1717,727,1964,34,1053,1641,1169,1556,32
20: 1131,243,1814
21: 
22: 
1808: 556,1015
1706: 
25: 603,1156
26: 1721,637,222
1910: 1665,2006,1039,1161,74,249,1698,972,2007
28: 78,613,1472,1521
29: 1778
30: 
31: 
32: 1053,1641,1169,1556,1531,19,295,1086,2010,1717,34
33: 
34: 19,1484,295,1752,1086,2010,1101,1717,727,1964,1053,1641,1169,1556,1531,32
35: 
36: 618,1554
37: 
38: 
39: 
40: 
41: 
42: 
43: 440,649
44: 53,1363,1618,621,1368,1016,917,2016,634,1797,319,1984,1250,1715,1167,1048,712
45: 
46: 
1759: 2008,1822,1600,661,1322,1261,325,409,1894,1248,741,1257,401,1451,1482,1380
48: 
49: 
50: 1394,62,956,1232
51: 1794
52: 
53: 1363,1618,621,1368,1926,1016,917,2016,1626,287,1584,634,1797,319,1984,1250,44,1715,981,1167,1048,712
54: 660,2000,844,1387,644,1844,195,197,1667,236,472,524
55: 1514
56: 
1860: 1845,2011,731,778,492,1559,1285
58: 
59: 15
60: 424
61: 1458,1749,850,1666,1838,65,1878,828,868,1414,1390,2005,1245,1952,1892,474,1007,646,1255
62: 50,1394,956,198
63: 
64: 
65: 1458,1749,850,1666,993,1838,1878,828,868,1414,1390,2005,1245,1952,61,1892,474,1007,638,646
66: 1546,310,825,704,1683,1393,1166,193,898,431,1229,1609,1111,2014,1338
1662: 
68: 1506
69: 1286,1199
1715: 53,1363,1618,1368,1926,1016,917,2016,1626,287,1584,634,1797,319,1984,1250,44,981,1167,1048,712
71: 
72: 1533,315,1569,202,1865,179,1011,1198,1230,1044,466,941,2015,1828,1855,1019,102,656,826,547,2013
73: 673
74: 249,1698,972,2007,1665,2006,1039,1161,1910
75: 
76: 
77: 818,1306,1615
78: 28
1832: 
80: 363,650,132,1295
81: 
82: 
83: 263,306
1989: 
85: 
86: 
1653: 432,1150
88: 
89: 
90: 
1718: 1930,695,968,1882,2017,1908,1640
92: 
93: 384,275
94: 1777
95: 
1916: 1544,456,499,1827
97: 
98: 
99: 
100: 1645,387,1550,1887,1932,2018,1431,309,922,135,1469
101: 
102: 72,1533,315,1569,202,1865,1011,1198,1044,466,941,2015,1828,676,1855,1019,656,173,1266,826,547,2013
103: 1359
104: 
105: 
106: 1177,1974
1774: 
108: 
109: 
110: 1290
111: 
112: 
1754: 
114: 2004,460,329,1018,1410,1389,1981,1863,617,1426,303,1236,1097,523,1788,520,1422,1942,1434
1701: 
116: 
117: 1228,467,722,358,1934,1337,437,1897,2001,860,1075,685,1753,375,356,561
1682: 
119: 142
120: 1223,1453,1637
121: 2008,1822,661,1261,1191,1271,1391,409,1894,1555,281,401,1451,1526,1114,1159
122: 1443,486
123: 
124: 
125: 
126: 
127: 
128: 1669
129: 
130: 
131: 
132: 363,650,80,1295
133: 1222,996
134: 841,276,468
135: 773,1550,1887,1932,2018,1431,309,922,1645,100,1059,1469
136: 188
137: 
1707: 930,533
139: 
140: 
141: 
142: 119
1787: 
144: 
1842: 
146: 
147: 
148: 
1652: 
150: 
151: 
152: 
153: 1670
1766: 
155: 1121
156: 1342,1370,1534
157: 
158: 
159: 
160: 886
1753: 1228,467,722,358,1934,1337,1281,1428,437,1897,2001,860,1075,685,1058,117,375,561
162: 
163: 1449,786
164: 
165: 577,1596
166: 2004,460,329,1410,1389,1981,617,1426,1236,1097,523,529,11,1448,1434
167: 1924,1973,1520,555,1118
168: 1583,1955,383,10
169: 
170: 
1828: 72,1533,315,1569,202,179,1011,1198,1230,1044,466,2015,1855,102,2013
172: 1507
173: 656,1266,826,547,2013,1569,941,2015,676,1019,102
2004: 460,329,1018,1410,1389,1981,1863,617,1426,303,1236,1097,523,529,1788,520,11,1422,1942,166,1448,114,1434
175: 1267,1116
176: 1292,205,2012,1834,450,1885,1408,1239,1225,284,1149
1767: 
1639: 
179: 72,1533,202,1011,1198,1230,1044,466,2015,1828,1855,2013
2003: 737,1294,610,1674,1944,793,857,1843,2002,1153,629,1027,1036,1213,1471,1763,752,1103,933,1046,323,1170,1708,1240,588,1638
2002: 737,1294,610,1674,1944,793,857,1843,1153,2003,629,1027,1036,1213,1471,1763,752,1103,933,1046,323,1170,1708,1240,588,1638
182: 1003
183: 
184: 
185: 1927,878
186: 
2008: 1822,1600,661,1322,1261,1191,1271,325,1391,409,1894,1555,1759,1248,121,741,1257,281,401,1451,1526,1114,1482,1380,1159
188: 136
1813: 
1878: 1458,1749,1666,993,1838,65,828,1414,2005,1245,1952,61,1892,474
191: 
192: 
193: 1546,310,825,1457,704,1683,66,1393,1166,898,431,1902,1597,1229,1609,1069,707,812,1047,1200,1111,1146,2014,1099,1338
194: 
195: 660,2000,844,1387,644,1844,54,197,1667,236,472,524,1455,916
196: 1331,1734,244,771
197: 660,2000,844,1387,644,1844,54,195,1667,236,472,524,1455,916
198: 912,774,208,62
199: 
1644: 
201: 
202: 72,1533,315,1569,1865,179,1011,1198,1230,1044,466,941,2015,1828,676,1855,1019,102,656,1266,826,547,2013
203: 
204: 
205: 1292,1100,2012,450,1885,421,495,1408,756,176,1225,284,1149,1854,1327
206: 
1779: 293,663,534
208: 912,774,198
209: 1144,1186,554,668
210: 
211: 578
212: 
213: 
214: 1925,1405,1519
215: 
1740: 
217: 
218: 923,1285,1845,2011,778,492,1559
219: 
220: 
2001: 1228,467,722,358,1934,1337,1538,1281,1428,437,1897,860,1075,685,1058,117,1753,375,356,958,561,1616,1943
222: 26
223: 1124
1647: 503,1071,1658,1780,2009,1102,461,1918,1278,1023
225: 240,911,889
226: 
227: 
228: 394
229: 
230: 1439,233
231: 1050
232: 1513
233: 230
1693: 
235: 994,796
236: 660,2000,844,644,54,195,197,1455,916
237: 
238: 
239: 
240: 911,889,225
241: 
242: 
243: 1814,20,1131
244: 1331,1734,196,771,1864
245: 
246: 874
247: 858,1098,1220
1719: 
249: 74,1698,972,2007,1665,2006,1161,1910
250: 
251: 1560
1780: 477,586,747,503,1071,1658,2009,1102,461,1918,1278,1023,1120,926,1647,1145,1523
1799: 
254: 
255: 1498,541
256: 1073,1567,1130
257: 1978,273
258: 
259: 
260: 
261: 307,345
262: 1100,2012,450,1885,566,421,495,1408,291,1239,1225,284,1854,1327
263: 83,6
264: 
265: 
266: 
267: 
268: 1504,1303
269: 
270: 
271: 
1914: 1475,580
273: 1978,257
274: 
275: 384,93
276: 134,841,468
277: 
278: 1495
279: 1631
280: 
281: 2008,1191,1271,409,1555,121,401,1526,1114,1159
282: 763,1912,376,620,1147,546,2019,615,1765,1401,1025,1171,1746,446,1034,296
1962: 
284: 1292,1100,205,2012,1834,450,1885,566,421,495,1408,291,1239,262,176,1225,1149,1854
285: 
286: 600,791,455,1975
287: 53,1618,1368,1926,2016,1626,1584,1797,319,1715,1167
288: 1087,1573
289: 683
290: 
291: 1292,1100,2012,450,566,1408,1239,262,1225,284,1854
292: 
293: 1779,663,534
294: 1998,1106,753
295: 19,1484,1752,1086,2010,508,430,1101,1717,727,1964,34,1053,1169,1556,32
296: 446,1034,376,282,620,546,2019,615,1401,1025,1171,1746
297: 490,726
298: 
299: 
300: 
301: 16,400,758,1162,1502,1654,1254
302: 
303: 2004,460,329,1018,1410,1389,1981,1863,617,1236,1097,1788,1422,1942,114,1434
304: 1769,1060,1642
1795: 374,583,954,1123
306: 83
307: 261,345
308: 
309: 1550,1887,1932,2018,1431,922,135,773,1645,100,1059,1469
310: 1546,825,1,1457,704,1683,66,1393,1166,193,898,431,1902,1597,1229,1609,812,1047,1200,1111,1146,2014,1099,1338
311: 
312: 
313: 408,999,330
1930: 695,968,1882,2017,1718,1908,544,1640
315: 72,1533,1569,202,1865,1011,1230,1044,466,2015,1828,676,1019,102,2013
316: 
317: 
318: 829
319: 53,1618,1368,1016,917,2016,1626,287,1797,1250,44,1715,1167
1974: 106,1177
321: 1148
322: 372,1951,1004,1781,1579,1705,1183
323: 1046,1170,1708,1240,588,1638,1294,610,857,1843,2002,2003,1213,1471,1763
1806: 
325: 2008,1822,1600,661,1322,1261,1191,1271,1391,409,1894,1555,1759,1248,741,1257,401,1451,1380,1159
326: 1825
327: 973,1602
328: 
329: 2004,460,1018,1410,1389,1863,617,1426,303,1236,1097,1788,1422,1942,166,114,1434
330: 781,788,1258,999,408,313
331: 
332: 
333: 
334: 
335: 
1991: 603
337: 
338: 855
339: 
1755: 750,1839,398
341: 
342: 
343: 1979,632,1329,1712
1695: 
345: 261,307
346: 1450
347: 498,851,1621,1488
1903: 
1838: 1458,1749,850,993,65,1878,828,1414,1390,2005,1245,1952,61,1007,638,798,646,465
350: 
351: 
352: 369
353: 
354: 9,1206
355: 
356: 722,358,1934,1337,1538,1281,1897,2001,860,1075,117,375,958,561,1616,1943
357: 
358: 1228,467,722,1934,1337,1538,1281,1428,437,1897,2001,860,1075,1058,117,1753,375,356,958,561,1616,1943
359: 377,977
360: 
361: 568
1968: 743
363: 650,80,132,813,1295
364: 633
1835: 794,1980
1892: 1458,1749,850,1666,993,65,1878,868,1414,1390,2005,1245,1633,1952,61,474,1007,638,798,1255
1826: 
1984: 53,1363,1618,621,1926,1016,917,2016,1584,634,1797,1250,44,1715,981,1048,712
369: 352
370: 
371: 
372: 322,1216,1197,1951,1004,1781,1579,1183
373: 
374: 1795,583,954,1123
375: 1228,467,722,358,1934,1337,1538,1281,1428,1897,2001,860,1075,1058,117,1753,356,958,561,1616,1943
376: 1912,282,620,1147,546,2019,615,1765,1401,1171,446,1034,296
377: 977,359
378: 583,1123
379: 
380: 
1732: 445,1499
1673: 1460,1649
383: 1955,168,1583,10,1657
384: 93,275
385: 431,1902,1597,1229,1069,707,812,1548,1047,1200,1146,2014,1099,1338
386: 
387: 1645,100,1932,2018,1469
388: 1756,1851,1433
389: 
390: 
391: 
392: 558
1980: 902,1835,794
394: 1276,228,1417
395: 680,1562,783
396: 
397: 1182
398: 750,1839,1755
399: 1403
400: 16,758,1162,301,1502,1654,1254
401: 2008,1822,1600,661,1261,1191,1271,325,409,1894,1759,1248,121,741,281,1451,1526,1114,1482,1380,1159
402: 
403: 1875
1961: 1133
405: 1536
406: 
407: 808
408: 313,999,330
409: 2008,1822,1600,661,1322,1261,1191,1271,325,1391,1894,1555,1759,1248,121,741,1257,281,401,1526,1114,1380,1159
410: 
411: 1055
412: 
413: 1805
414: 
1709: 
416: 614
417: 785
1751: 1249
419: 
420: 
421: 1100,205,2012,450,566,495,1408,262,756,1225,284,1854,1327
422: 
423: 1218
424: 60
425: 
426: 
427: 
428: 
429: 
430: 19,1484,295,1752,1086,2010,508,1101,1717,727,1964
431: 1902,1597,1229,1609,1069,707,812,1548,1047,385,1200,1111,1146,2014,1338,310,1683,66,1393,1166,193,898
432: 1653,1150
433: 
434: 
1723: 
436: 
437: 722,358,1337,1281,1897,2001,860,1075,1058,117,1753
438: 
1827: 1544,1916,456
440: 43,649
1986: 
442: 
443: 
444: 
445: 1732,1499
446: 1034,296,1912,376,282,620,1147,546,2019,615,1401,1171,1746
447: 
2006: 1665,1039,1161,1910,74,249,1698,972,2007
449: 1714
450: 1292,1100,205,2012,1834,1885,566,421,495,1408,291,1239,262,756,176,1225,284,1149,1854,1327
451: 
452: 
1752: 19,1484,295,1086,2010,508,430,1101,1717,727,34,1053
454: 1031
455: 600,286,791
456: 1544,1916,499,1827
457: 
1825: 326
1897: 1228,467,722,358,1934,1337,1538,1281,1428,437,2001,860,1075,1058,117,1753,375,356,1616,1943
460: 2004,329,1018,1410,1389,1981,1863,617,303,1236,1097,529,1788,520,11,1422,1942,166,1448,114,1434
461: 586,747,503,1071,1658,1780,2009,1102,1918,1120,1647,1145,1523,1083
462: 
1811: 1650,626
464: 
465: 1255,1458,850,1838,1414,1390,2005,1245,1633,1007,638,798,646
466: 72,1533,315,1569,202,179,1011,1198,1230,2015,1828,1855,1019,102,656,2013
467: 1228,722,358,1934,1428,1897,2001,860,685,117,1753,375,561
468: 134,841,276
469: 
470: 1208,1975
1864: 244
472: 524,1455,916,660,2000,844,1387,1844,54,195,197
473: 
474: 1458,1749,1666,993,65,1878,828,868,1414,2005,1245,1952,61,1892,1007
1902: 431,1597,1229,1609,1069,707,812,1548,1047,385,1200,1111,1146,2014,1099,1338,310,1457,193
476: 
477: 586,747,503,1780,2009,1102,1023,1293,926,592
478: 
479: 
480: 7
481: 
1937: 
1882: 1930,695,968,2017,1718,1908,544,1640
484: 
485: 
486: 122,1443
487: 
488: 735
1928: 1429,1226
490: 297,726
1851: 1756,388
492: 1845,1860,2011,731,778,1559,923,1285,218
493: 
494: 963,1277,1438
495: 1100,205,2012,450,1885,566,421,1408,1239,262,756,1225,284,1854,1327
1688: 
1845: 1860,2011,731,778,492,1559,923,1285,218
498: 851,1621,1488,347,1304
499: 1544,1916,456
500: 1351,1358,1445
501: 
1810: 
503: 477,586,747,1071,1658,1780,2009,1102,461,1918,1278,1023,1647,1145
1993: 1077
2017: 1930,695,968,1882,1718,1908,544,1640
506: 1612,1375
1650: 626,1811
508: 1484,295,1752,1086,2010,430,1101,1717,727,1964
1661: 
510: 
511: 
512: 
513: 700,521,1038
1805: 413
2011: 1845,1860,731,778,492,1559,923,1285,218
516: 1537
1881: 1970,818,1615
518: 
519: 827
520: 2004,460,1018,1410,1389,1981,1863,617,1236,1097,523,529,1788,11,1942,1448,114,1434
521: 1038,513,700
522: 
523: 2004,1410,1389,1981,617,1426,1236,1097,529,1788,520,11,1942,166,1448,114,1434
524: 472,1455,916,660,2000,844,1387,644,1844,54,195,197
525: 1268,645,937
526: 1301
527: 1836
528: 
529: 2004,460,1410,1389,1981,617,1426,1236,1097,523,1788,520,11,1942,166,1448,1434
530: 1643
531: 
532: 
533: 930,1707
534: 663,1779,293
1692: 1064
536: 
1744: 1990,598
538: 1068,1400
539: 1703,565
1949: 
541: 1498,255
542: 
543: 
544: 1930,695,1882,2017,1908,1640
1824: 677
546: 763,376,282,620,2019,615,1401,1025,1746,446,1034,296
547: 656,173,1266,826,2013,72,1533,1569,202,1865,941,2015,676,1855,1019,102
1760: 
1739: 755,748
1674: 737,793,857,2002,1153,2003,1213,1763,752,1103
551: 1840
1976: 
1890: 
554: 1144,209,1186,668
555: 167,1924,1973,1524,1520,1118
556: 1696,721,824,1808,1015
557: 
558: 1392,392
559: 
560: 
561: 958,1616,1228,467,358,1934,1428,2001,860,1075,685,117,1753,375,356
562: 
563: 1958
1954: 1339,1676
565: 1703,539
566: 1100,2012,450,421,495,1408,291,262,756,1225,284,1854,1327
567: 
568: 361
1885: 1292,1100,205,2012,1834,450,495,1408,1239,262,756,176,1225,284,1149,1854,1327
570: 
571: 
572: 713,652
573: 
574: 
1680: 
576: 
577: 1596,165
578: 211
579: 1691
580: 1475,1914
581: 
582: 
583: 374,1795,378,954,1123
584: 
585: 1310,952
586: 477,747,503,1071,1658,1780,2009,1102,461,1278,1023,1293,1120,926,1145,1523,592
1667: 660,2000,844,1387,644,1844,54,195,197
588: 1046,323,1170,1708,1240,1294,610,1944,1843,2002,2003,1027,1471
1829: 
1696: 721,824,556,1015
1953: 1190,706
592: 1523,477,586,747,1658,2009,1102,1293,1120,926,1145
593: 
594: 790
1712: 1979,632,1329,343
596: 
597: 
598: 1744,1990
599: 
600: 286,791,455
1711: 
602: 
603: 1991,25,1353,1156
604: 
605: 
606: 
607: 
1867: 
609: 
610: 1294,1944,857,1843,2002,1153,2003,629,1027,1036,1213,1471,1763,752,1103,1046,323,1170,1708,1240,588,1638
611: 
1726: 
613: 28,1521
614: 416
615: 763,1912,376,282,620,546,2019,1401,1025,1171,1746,446,1034,296
616: 
617: 2004,460,329,1018,1410,1389,1981,1863,303,1236,1097,523,529,1788,520,11,1422,1942,166,1448,114,1434
618: 1554,36
619: 
620: 763,1912,376,282,1147,546,2019,615,1765,1401,1025,1171,1746,446,1034,296
621: 53,1363,1016,2016,634,1984,1250,44,981,1048,712
622: 1249
1812: 
624: 
625: 
626: 1650,1811
2009: 477,586,747,503,1071,1658,1780,1102,461,1918,1278,1023,1293,1120,926,1647,1145,1523,592,1083
628: 
629: 737,1294,610,1944,793,857,1843,2002,2003,1027,1036,1213,1471,1763,752,1103
630: 
1769: 304,1060,1642
632: 1979,1329,343,1712,1090
633: 364
634: 53,1363,1618,621,1368,1926,1016,917,2016,1584,1984,1250,44,1715,981,1167,1048,712
635: 
1927: 878,185
637: 1421,26,1721
638: 1458,1749,850,1666,993,1838,65,868,1414,1390,2005,1245,1633,1952,1892,1007,798,465,1255
639: 
640: 
641: 
1742: 
1855: 72,1533,1569,202,1865,179,1011,1198,1230,1044,466,941,2015,1828,1019,102,656,826,547,2013
644: 660,2000,844,1844,54,195,197,1667,236,524,1455,916
645: 1268,525,937
646: 1458,850,1838,65,828,1414,1390,2005,1245,61,1007,798,465,1255
647: 1382,831
1725: 
649: 43,440
650: 363,80,132
651: 992,1136,1109
652: 572,713
653: 1373
654: 
655: 
656: 173,1266,826,547,2013,72,1533,1569,202,1011,1198,1044,466,941,2015,1855,1019,102
657: 944
658: 
659: 
660: 2000,844,1387,644,1844,54,195,197,1667,236,472,524,1455,916
661: 2008,1822,1600,1322,1261,1191,1271,325,1391,409,1894,1555,1759,1248,121,741,1257,401,1451,1526,1114,1380,1159
662: 
663: 534,1779,293
664: 1783
1651: 
666: 1540,1909,1463
667: 
668: 209,554
669: 
670: 
671: 
1912: 763,376,282,620,1147,2019,615,1765,1401,1025,1171,1746,446,1034
673: 73
1765: 763,1912,376,282,620,1147,2019,1401,1171,1034
675: 1509
676: 1533,315,1569,202,1865,1011,941,2015,1019,102,173,1266,826,547,2013
677: 1824
678: 837
679: 17
680: 395,1562,783
681: 1168
1776: 
683: 1803,289
684: 
685: 1228,467,1934,1428,2001,860,117,1753,561
1969: 
687: 865
1778: 29
1840: 551
690: 
1694: 1382
692: 
693: 
694: 
695: 1930,968,1882,2017,1718,1908,544,1640
696: 1298
1874: 
698: 
699: 
700: 513,521,1038
701: 
702: 
703: 
704: 1546,310,825,1,1457,1683,66,1393,1166,193,1229,1609,1111,2014,1338
705: 
706: 1190,1953
707: 431,1902,1597,1229,1609,1069,812,1548,1047,385,1200,1111,1146,2014,1099,193
708: 
709: 
710: 
711: 
712: 53,1363,1618,621,1016,917,2016,634,1984,1250,44,1715,1048
713: 572,652
714: 
715: 
1876: 
717: 
718: 
1944: 1294,610,793,1843,2002,2003,629,1027,1036,1471,1763,752,933,1046,1708,1240,588
1642: 1769,304,1060
721: 1696,824,556
722: 467,358,1337,437,1897,2001,860,1058,117,1753,375,356
1734: 1331,244,196,771
724: 
725: 
726: 297,490
727: 19,1484,295,1752,1086,2010,508,430,1101,1717,1964,34,1053,1556
1994: 
1784: 
1704: 1060
731: 1845,1860,2011,778,492,1559,923,1285
732: 
1933: 1713,1021,971
734: 
735: 488
736: 
737: 1674,793,857,2002,1153,2003,629,1213,1471,1763,752,1103
738: 
739: 
740: 
741: 2008,1822,1600,661,1322,1261,1191,1271,325,1391,409,1894,1759,1248,1257,401,1380
742: 
743: 1968
744: 
1982: 
1672: 
747: 477,586,503,1071,1658,1780,2009,1102,461,1023,1293,1120,926,1145,1523,592,1083
748: 755,1739
1879: 1272
750: 1839,398,1755
751: 
752: 737,1294,610,1674,1944,793,857,1843,2002,1153,2003,629,1213,1471,1763,1103
753: 1106,294,1998
754: 
755: 1739,748
756: 1100,205,2012,450,1885,566,421,495,1408,1225,1149,1854,1327
757: 
758: 16,400,1162,301,1502,1654,1254
759: 
1684: 1940
761: 
762: 
763: 1912,282,620,546,2019,615,1765,1401,1025,1746,1034
764: 18,1492,1420
765: 
766: 
767: 
1846: 
769: 
1730: 
771: 1331,1734,244,196
772: 
773: 135,1887,1932,2018,1431,309,922,1645,1059,1469
774: 912,1043,198,208
775: 
1880: 
777: 
778: 1845,1860,2011,731,492,1559,923,1285,218
779: 
780: 
781: 788,1258,330
782: 
783: 1562,395,680
784: 885
785: 417
786: 1449,163
787: 3,1178
788: 781,1258,330
789: 
790: 594
791: 600,286,455
792: 
793: 737,1674,1944,857,1843,2002,2003,629,1036,1213,1763,752,1103
794: 1835,1980
795: 
796: 994,235
797: 
798: 1458,850,993,1838,828,1414,1390,2005,1245,1633,1892,1007,638,646,465,1255
799: 
800: 
801: 
1917: 1388
803: 
1945: 
1919: 
806: 
807: 
808: 407
809: 
810: 
811: 
812: 431,1902,1597,1229,1609,707,1047,385,1200,1111,1146,2014,1099,1338,1546,310,825,1457,193
813: 1295,363
814: 
1849: 
816: 
817: 
818: 77,1881,1970,1615
819: 
1802: 1309
821: 829
822: 9
1898: 
824: 1696,721,556,1015
825: 1546,310,1,1457,704,1683,66,193,1609,812,1047,1111,2014,1338
826: 656,173,1266,547,2013,72,1533,1569,202,1865,1011,1198,1044,941,2015,676,1855,1019,102
827: 519
828: 1458,1749,850,993,1838,65,1878,1414,1390,2005,1245,1952,61,474,1007,798,646
829: 821,318
830: 12
831: 1382,647
832: 1084
833: 
834: 1607
835: 1184,1155
836: 
837: 678
2016: 53,1363,1618,621,1368,1926,1016,917,1626,287,1584,634,1797,319,1984,1250,44,1715,981,1167,1048,712
839: 
840: 
841: 134,276,468
842: 1079,1022,1770,1212
843: 
844: 660,2000,1387,644,1844,54,195,197,1667,236,472,524,1455,916
1844: 660,2000,844,1387,644,54,195,197,1667,472,524,1455,916
1690: 
1843: 1294,610,1944,793,857,2002,2003,629,1027,1036,1213,1471,1763,752,1103,933,1046,323,1170,1708,1240,588,1638
848: 
849: 
850: 1458,1749,1666,993,1838,65,828,868,1414,1390,2005,1245,1633,1952,61,1892,1007,638,798,646,465,1255
851: 498,1621,1488,347,1610,1304
852: 
1891: 
1996: 
855: 338
1691: 579
857: 737,1294,610,1674,793,1843,2002,1153,2003,629,1213,1471,1763,752,1103,1046,323,1170,1708,1638
858: 247,1098,1361,1220
859: 
860: 1228,467,722,358,1934,1337,1428,437,1897,2001,1075,685,1058,117,1753,375,356,561
861: 
862: 1089
863: 
864: 
865: 687
1747: 
2019: 763,1912,376,282,620,1147,546,615,1765,1401,1025,1171,1746,446,1034,296
868: 1458,1749,850,1666,993,65,1414,1390,2005,1245,1633,61,1892,474,1007,638,1255
869: 
870: 
871: 
872: 
873: 
874: 246
1934: 1228,467,358,1281,1428,1897,2001,860,1075,685,117,1753,375,356,958,561,1616,1943
876: 928,1371,1957
1852: 
878: 1927,185
879: 
880: 
1887: 1550,1932,2018,1431,309,922,135,773,100,1469
882: 
2018: 1550,1887,1932,1431,309,922,135,773,1645,387,100,1059,1469
884: 
885: 784
886: 160
1836: 527
888: 
889: 240,911,225
1698: 74,249,972,2007,1665,2006,1039,1161,1910
891: 
892: 1215
893: 
894: 1907
895: 
1921: 
897: 
898: 310,1683,66,1393,1166,193,431,1597,1229,1609,1069,2014
899: 
1714: 449
901: 
902: 1980
903: 1395,1126,1397
904: 1066
905: 1305
906: 
907: 
908: 1490
909: 
910: 
911: 240,889,225
912: 774,1043,198,208
1676: 1339,1954
914: 
915: 
916: 472,524,1455,660,2000,844,644,1844,195,197,236
917: 53,1363,1618,1368,1926,1016,2016,634,1797,319,1984,1250,44,1715,1167,1048,712
918: 
919: 
920: 
1900: 
922: 1550,1887,1932,2018,1431,309,135,773,1645,100,1059,1469
923: 1285,218,1845,2011,731,778,492,1559
924: 
925: 
926: 477,586,747,1658,1780,2009,1102,1023,1293,1120,1145,1523,592
1788: 2004,460,329,1018,1410,1389,1981,1863,617,303,1236,1097,523,529,520,11,1422,1942,114,1434
928: 1371,876,951
929: 
930: 1707,533
931: 
932: 1617
933: 1708,1240,1944,1843,2002,2003,1027,1036
934: 
935: 1151
936: 
937: 1268,525,645
938: 
939: 
1804: 
941: 72,1533,1569,202,1865,1011,1198,1044,2015,676,1855,1019,102,656,173,1266,826,547,2013
942: 
1746: 763,1912,282,620,546,2019,615,1401,1025,446,1034,296
944: 657
1640: 1930,695,968,1882,2017,1718,1908,544
946: 
947: 
948: 
1998: 294,1106,753
1822: 2008,1600,661,1322,1261,1191,1271,325,1391,409,1894,1555,1759,1248,121,741,1257,401,1451,1526,1482,1380,1159
951: 1444,928,1371
952: 585,1310
1990: 1744,598
954: 1123,374,1795,583
955: 
956: 50,1394,62,1232
1830: 1143
958: 561,1616,1943,1228,358,1934,1538,1281,2001,1075,375,356
1710: 
960: 1076
2000: 660,844,1387,644,1844,54,195,197,1667,236,472,524,1455,916
962: 
963: 494,1277,1438
1958: 563
965: 1588
966: 
1763: 737,1294,610,1674,1944,793,857,1843,2002,1153,2003,629,1027,1036,1213,1471,752,1103,1046,323,1708,1638
968: 1930,695,1882,2017,1718,1908,1640
969: 
970: 
971: 1713,1021,1933
972: 74,249,1698,2007,1665,2006,1039,1161,1910
973: 327,1602
1955: 383,168,1583,10,1657
1782: 
1643: 530
977: 377,359
978: 
979: 1037,1316
980: 
981: 53,1363,1618,621,1926,1016,2016,1626,1584,634,1797,1984,1250,1715,1167,1048
982: 
983: 
984: 
1664: 
1862: 
1866: 
1649: 1460,1673
989: 1366
990: 1923,1935
2015: 72,1533,315,1569,202,1865,179,1011,1198,1230,1044,466,941,1828,676,1855,1019,102,656,173,1266,826,547,2013
992: 651,1109
993: 1458,1749,850,1666,1838,65,1878,828,868,1414,2005,1245,1633,1952,1892,474,1007,638,798
994: 235,796
995: 
996: 1222,133
997: 
998: 
999: 330,408,313
1819: 
1794: 51
1002: 
1003: 182
1004: 372,322,1216,1197,1951,1781,1579,1705,1183
1005: 
1703: 539,565
1007: 1458,1749,850,1666,993,1838,65,828,868,1414,1390,2005,1245,1633,1952,61,1892,474,638,798,646,465,1255
1008: 
1009: 
1010: 
1011: 72,1533,315,1569,202,1865,179,1198,1230,1044,466,941,2015,1828,676,1855,1019,102,656,826,2013
1920: 
1013: 1473
1014: 
1015: 1696,824,556,1808
1016: 53,1363,1618,621,1368,1926,917,2016,1626,1584,634,1797,319,1984,1250,44,1715,981,1167,1048,712
1017: 
1018: 2004,460,329,1410,1389,1981,1863,617,303,1236,1097,1788,520,1422,1942,114,1434
1019: 72,1533,315,1569,202,1865,1011,1198,1230,1044,466,941,2015,676,1855,102,656,173,1266,826,547,2013
1020: 
1021: 1713,971,1933
1022: 1079,842,1770,1212
1023: 477,586,747,503,1071,1658,1780,2009,1102,1278,1293,1120,926,1647,1145
1024: 1803
1025: 763,1912,282,620,546,2019,615,1401,1746,296
1026: 
1027: 1294,610,1944,1843,2002,2003,629,1036,1471,1763,933,1046,1708,1240,588
1028: 1406
1029: 
1030: 
1031: 454
1770: 1079,1022,842,1212
1033: 
1034: 446,296,763,1912,376,282,620,1147,546,2019,615,1765,1401,1171,1746
1854: 1292,1100,205,2012,450,1885,566,421,495,1408,291,1239,262,756,1225,284,1327
1036: 1294,610,1944,793,1843,2002,2003,629,1027,1213,1471,1763,933,1708,1240
1037: 979
1038: 521,513,700
1039: 1665,2006,1161,1910,74,1698,972,2007
1040: 
1041: 1336
1042: 
1043: 912,774
1044: 72,1533,315,1569,202,1865,179,1011,1198,1230,941,2015,1828,1855,1019,102,656,1266,826,2013
1045: 
1046: 323,1170,1708,1240,588,1638,1294,610,1944,857,1843,2002,1153,2003,1027,1213,1471,1763
1047: 431,1902,1597,1229,1609,1069,707,812,1548,385,1200,1111,1146,2014,1099,1338,1546,310,825,1457,1683,1166,193
1048: 53,1363,1618,621,1926,1016,917,2016,1584,634,1797,1984,1250,44,1715,981,712
1970: 1881,818,1615
1050: 231
1051: 
1052: 
1053: 1641,1169,1556,1531,32,19,295,1752,1086,2010,1717,727,1964,34
1054: 1056
1055: 411
1056: 1054
1057: 
1058: 1228,722,358,1337,1281,1428,437,1897,2001,860,1075,1753,375,1943
1059: 1469,1932,2018,309,922,135,773,1645
1060: 1769,304,1642,1704
1061: 
1062: 
1063: 
1064: 1692
1820: 
1066: 904
1067: 
1068: 538,1400
1069: 431,1902,1597,1229,1609,707,1548,1047,385,1200,2014,1683,1393,1166,193,898
1070: 
1071: 586,747,503,1658,1780,2009,1102,461,1918,1278,1023,1120,1647,1145,1523,1083
1072: 
1073: 1567,256,1130
1074: 
1075: 1228,358,1934,1337,1538,1281,1428,437,1897,2001,860,1058,117,1753,375,356,958,561,1616,1943
1076: 960
1077: 1993
1841: 
1079: 1022,842,1770,1212
1956: 1612,1375
1783: 664
1082: 
1083: 1523,747,1071,1658,2009,1102,461,1120,1145
1084: 832
1925: 1405,214,1519
1086: 19,1484,295,1752,2010,508,430,1101,1717,727,1964,34,1053,1641,1169,1556,1531,32
1087: 288,1573
1697: 
1089: 862
1090: 1979,632,1329
1091: 1218
1092: 
1093: 
1094: 
1095: 
1096: 
1097: 2004,460,329,1018,1410,1389,1981,1863,617,1426,303,1236,523,529,1788,520,1422,1942,166,1448,114,1434
1098: 247,858,1517,1361,1220
1099: 1902,1229,1609,707,812,1047,385,1200,1111,1146,2014,1338,310,1457,193
1100: 1292,205,2012,450,1885,566,421,495,1408,291,262,756,1225,284,1149,1854,1327
1101: 1484,295,1752,1086,2010,508,430,1717,727,1964,34,1169
1102: 477,586,747,503,1071,1658,1780,2009,461,1278,1023,1293,1120,926,1647,1145,1523,592,1083
1103: 737,610,1674,793,857,1843,2002,1153,2003,629,1213,1471,1763,752,1638
1104: 
1105: 
1106: 753,294,1998
1909: 1540,666,1463
1108: 
1109: 1136,651,992
1110: 
1111: 431,1902,1229,1609,707,812,1047,1146,2014,1099,1338,1546,310,825,1,1457,704,1683,66,193
1112: 
1113: 
1114: 1451,1526,1159,2008,661,1261,1191,1271,409,1555,121,281,401
1115: 
1116: 175,1267
1117: 
1118: 167,1973,1524,1520,555
1720: 
1120: 586,747,1071,1658,1780,2009,1102,461,1023,926,1145,1523,592,1083
1121: 155
1122: 
1123: 954,374,1795,583,378
1124: 223
1834: 1292,2012,450,1885,1239,176,1225,284,1149
1126: 903,1395,1397
1127: 
1128: 
1129: 
1130: 1073,1567,256
1131: 20,243,1814
1907: 894
1133: 1961
1134: 
1809: 
1136: 1109,651
1137: 1288
1831: 
1873: 
1140: 1608
1141: 
1142: 
1143: 1830
1144: 209,1186,554
1145: 586,747,503,1071,1658,1780,2009,1102,461,1278,1023,1293,1120,926,1523,592,1083
1146: 431,1902,1597,1229,707,812,1548,1047,385,1200,1111,2014,1099,1338,310,1457,1166,193
1147: 1912,376,282,620,2019,1765,1401,1171,446,1034
1148: 321
1149: 1292,1100,205,2012,1834,450,1885,1408,1239,756,176,1225,284
1150: 1653,432
1151: 935
1152: 
1153: 737,610,1674,857,2002,2003,1213,1471,1763,752,1103,1046,1170,1638
1773: 
1155: 835,1184
1156: 603,25
1863: 2004,460,329,1018,1410,1389,1981,617,303,1236,1097,1788,520,1422,1942,114,1434
1158: 
1159: 1451,1526,1114,1482,1380,2008,1822,661,1261,1191,1271,325,1391,409,1555,121,281,401
1160: 
1161: 1665,2006,1039,1910,74,249,1698,972,2007
1162: 16,400,758,301,1502,1654,1254
1163: 
1818: 
1165: 1247
1166: 1546,310,704,1683,66,1393,193,898,431,1597,1229,1609,1069,1548,1047,1200,1146,2014,1338
1167: 53,1618,1368,1926,1016,917,2016,1626,287,1584,634,1797,319,1250,44,1715,981
1168: 681
1169: 1053,1641,1556,1531,32,19,295,1086,2010,1101,1717,1964,34
1170: 1046,323,1708,1240,588,1638,1294,610,857,1843,2002,1153,2003,1213,1471
1171: 1912,376,282,620,1147,2019,615,1765,1401,446,1034,296
1172: 1418
1736: 
1174: 
1901: 
1923: 990,1935
1177: 106,1974
1178: 787,3
1814: 243,20,1131
1180: 
1981: 2004,460,1018,1410,1389,1863,617,1426,303,1236,1097,523,529,1788,520,11,1942,166,1448,114,1434
1182: 397
1183: 372,322,1216,1951,1004,1781,1579,1705
1184: 835,1155
1185: 
1186: 1144,209,554
1187: 
1895: 
1189: 
1190: 1953,706
1191: 2008,1822,661,1261,1271,325,1391,409,1894,1555,121,741,1257,281,401,1451,1526,1114,1380,1159
1192: 1565,1456
1193: 
1700: 
1195: 
1196: 
1197: 372,1216,1951,1004
1198: 72,1533,1569,202,179,1011,1044,466,941,2015,1828,1855,1019,102,656,826,2013
1199: 69,1286
1200: 431,1902,1597,1229,1069,707,812,1548,1047,385,1146,2014,1099,1338,310,1166,193
1201: 
1679: 
1203: 
1637: 120,1223,1453
1205: 
1206: 1965,354
1699: 
1208: 1975,470
1951: 372,322,1216,1197,1004,1579,1183
1210: 
1675: 1741
1212: 1079,1022,842,1770
1213: 737,1294,610,1674,793,857,1843,2002,1153,2003,629,1036,1471,1763,752,1103,1046,323,1170,1708,1638
2013: 656,173,1266,826,547,72,1533,315,1569,202,1865,179,1011,1198,1230,1044,466,941,2015,1828,676,1855,1019,102
1215: 892,1915
1216: 372,1197,1951,1004,1781,1183
1217: 
1218: 423,1091
1219: 
1220: 1517,1361,247,858,1098
1946: 
1222: 133,996
1223: 120,1453,1637
1224: 
1225: 1292,1100,205,2012,1834,450,1885,566,421,495,1408,291,1239,262,756,176,284,1149,1854,1327
1226: 1429,1928
1227: 7,1603
1228: 467,358,1934,1337,1281,1428,1897,2001,860,1075,685,1058,117,1753,375,958,561,1943
1229: 431,1902,1597,1609,1069,707,812,1548,1047,385,1200,1111,1146,2014,1099,1338,310,1457,704,1683,66,1393,1166,193,898
1230: 72,1533,315,202,1865,179,1011,1044,466,2015,1828,1855,1019,2013
1717: 19,1484,295,1752,1086,2010,508,430,1101,727,1964,34,1053,1641,1169,1556,32
1232: 50,1394,956
1837: 
1234: 
1913: 
1236: 2004,460,329,1018,1410,1389,1981,1863,617,1426,303,1097,523,529,1788,520,11,1422,1942,166,1448,114,1434
1721: 26,637
1924: 167,1973,555
1239: 1292,2012,1834,450,1885,495,1408,291,262,176,1225,284,1149,1854
1240: 1046,323,1170,1708,588,933,1294,610,1944,1843,2002,2003,1027,1036,1471
1241: 
1821: 
1243: 
1244: 
1245: 1458,1749,850,1666,993,1838,65,1878,828,868,1414,1390,2005,1633,1952,61,1892,474,1007,638,798,646,465,1255
1246: 
1247: 1165
1248: 2008,1822,1600,661,1322,1261,1271,325,409,1894,1759,741,1257,401,1380
1249: 622,1751
1250: 53,1363,1618,621,1368,1926,1016,917,2016,1584,634,1797,319,1984,44,1715,981,1167,1048,712
1251: 
1252: 1369
1253: 
1254: 16,400,758,1162,301,1502,1654
1255: 465,1458,850,868,1390,2005,1245,1633,61,1892,1007,638,798,646
1256: 
1257: 2008,1822,661,1322,1261,1191,1271,325,1391,409,1894,1759,1248,741
1258: 781,788,330
1259: 
1260: 1529
1261: 2008,1822,1600,661,1191,1271,325,1391,409,1894,1759,1248,121,741,1257,401,1451,1526,1114,1482,1380,1159
1979: 632,1329,343,1712,1090
1263: 
1264: 
1645: 387,100,1932,2018,309,922,135,773,1059,1469
1266: 656,173,826,547,2013,1569,202,1865,1044,941,2015,676,1019,102
1267: 175,1116
1268: 525,645,937
1269: 
1915: 1215
1271: 2008,1822,661,1322,1261,1191,325,1391,409,1894,1555,1248,121,741,1257,281,401,1526,1114,1159
1272: 1879
1943: 958,1616,1228,358,1934,1337,1538,1281,1897,2001,1075,1058,375,356
1274: 
1275: 
1276: 394,1417
1277: 963,494,1438
1278: 586,503,1071,1658,1780,2009,1102,1918,1023,1647,1145
2010: 19,1484,295,1752,1086,508,430,1101,1717,727,1964,34,1053,1641,1169,1556,1531,32
1280: 1402
1281: 1228,358,1934,1337,1538,1428,437,1897,2001,1075,1058,1753,375,356,958,1616,1943
1894: 2008,1822,1600,661,1322,1261,1191,1271,325,1391,409,1555,1759,1248,121,741,1257,401
1283: 
1875: 403
1285: 923,218,1845,1860,2011,731,778,492,1559
1286: 69,1199
1287: 
1288: 1137
1289: 
1290: 110
1291: 
1292: 1100,205,2012,1834,450,1885,1408,291,1239,176,1225,284,1149,1854
1293: 477,586,747,1658,2009,1102,1023,926,1145,1523,592
1294: 610,1944,857,1843,2002,2003,629,1027,1036,1213,1471,1763,752,1046,323,1170,1708,1240,588
1295: 813,363,80,132
1296: 
1800: 
1298: 696
1299: 1342,1370,1534
1300: 
1301: 526
1302: 
1303: 1504,268
1304: 498,851,1621,1488,1610
1305: 905
1306: 77
1987: 
1308: 
1309: 1802
1310: 585,952
1677: 
1312: 
1313: 
1314: 
1315: 
1316: 979
1317: 
1666: 1458,1749,850,993,65,1878,868,1414,1390,2005,1245,1633,1952,61,1892,474,1007,638
1319: 
1320: 
1321: 
1322: 2008,1822,1600,661,1271,325,1391,409,1894,1759,1248,741,1257
1323: 
1957: 876
1325: 
1908: 1930,695,968,1882,2017,1718,544,1640
1327: 1100,205,2012,450,1885,566,421,495,1408,262,756,1225,1854
1328: 
1329: 1979,632,343,1712,1090
1330: 1440
1331: 1734,244,196,771
1772: 
2012: 1292,1100,205,1834,450,1885,566,421,495,1408,291,1239,262,756,176,1225,284,1149,1854,1327
1334: 
1335: 
1336: 1041
1337: 1228,722,358,1538,1281,437,1897,2001,860,1075,1058,117,1753,375,356,1616,1943
1338: 431,1902,1597,1229,1609,812,1548,1047,385,1200,1111,1146,2014,1099,1546,310,825,1457,704,1683,66,1166,193
1339: 1676,1954
1793: 
1341: 1611,1347
1342: 1299,1370,156,1534
1807: 
1344: 
1345: 
1346: 
1347: 1611,1341
1935: 1923,990
1349: 1539
1948: 
1351: 500,1358,1445
1964: 19,1484,295,1086,2010,508,430,1101,1717,727,34,1053,1169,1556,1531
1353: 603
1777: 94
1355: 
1356: 
1357: 
1358: 1351,500,1445
1359: 103
1668: 
1361: 1517,1220,858,1098
1362: 
1363: 53,1618,621,1016,917,2016,634,1984,1250,44,1715,981,1048,712
1364: 
1365: 
1366: 989
1850: 
1368: 53,1618,1926,1016,917,2016,1626,287,1584,634,1797,319,1250,44,1715,1167
1369: 1252
1370: 1342,1299,156,1534
1371: 928,876,951
1372: 
1373: 653
1374: 
1375: 1612,506,1956
1655: 
1377: 
1378: 
1379: 
1380: 1451,1526,1482,1159,2008,1822,1600,661,1261,1191,325,409,1759,1248,741,401
1381: 
1382: 831,647,1694
1796: 
1952: 1458,1749,850,1666,993,1838,65,1878,828,1414,2005,1245,61,1892,474,1007,638
1385: 
1386: 
1387: 660,2000,844,1844,54,195,197,1667,472,524
1388: 1917
1389: 2004,460,329,1018,1410,1981,1863,617,1426,303,1236,1097,523,529,1788,520,11,1422,1942,166,1448,114,1434
1390: 1458,850,1666,1838,65,828,868,1414,2005,1245,1633,61,1892,1007,638,798,646,465,1255
1391: 2008,1822,661,1322,1261,1191,1271,325,409,1894,1555,121,741,1257,1159
1392: 558
1393: 310,704,1683,66,1166,193,898,431,1597,1229,1069,2014
1394: 50,62,956,1232
1395: 903,1126,1397
1781: 372,322,1216,1004,1705,1183
1397: 903,1395,1126
1398: 
1399: 
1400: 1068,538
1401: 763,1912,376,282,620,1147,546,2019,615,1765,1025,1171,1746,446,1034,296
1402: 1280
1403: 399
1404: 
1405: 1925,214,1519
1406: 1028
1657: 10,1583,1955,383
1408: 1292,1100,205,2012,450,1885,566,421,495,291,1239,262,756,176,1225,284,1149,1854,1327
1409: 
1410: 2004,460,329,1018,1389,1981,1863,617,1426,303,1236,1097,523,529,1788,520,11,1422,1942,166,1448,114,1434
2005: 1458,1749,850,1666,993,1838,65,1878,828,868,1414,1390,1245,1633,1952,61,1892,474,1007,638,798,646,465,1255
1412: 
1413: 
1414: 1458,1749,850,1666,993,1838,65,1878,828,868,1390,2005,1245,1633,1952,61,1892,474,1007,638,798,646,465
1415: 
1918: 503,1071,1658,1780,2009,461,1278,1647
1417: 394,1276
1418: 1172
1419: 
1420: 1492,764
1421: 637
1422: 2004,460,329,1018,1410,1389,1863,617,303,1236,1097,1788,1942,114,1434
1940: 1589,1684
1654: 16,400,758,1162,301,1502,1254
1775: 
1426: 2004,329,1410,1389,1981,1236,1097,523,529,11,166,1448,114,1434
1965: 1206
1428: 1228,467,358,1934,1281,1897,2001,860,1075,685,1058,1753,375,561
1429: 1928,1226
1430: 
1431: 1550,1887,1932,2018,309,922,135,773,100,1469
1886: 
1433: 388
1434: 2004,460,329,1018,1410,1389,1981,1863,617,1426,303,1236,1097,523,529,1788,520,11,1422,1942,166,1448,114
1659: 
1748: 1563
1437: 
1438: 963,494,1277
1439: 230
1440: 1330
1441: 
1442: 1511
1443: 122,486
1444: 951
1445: 1351,500,1358
1446: 
1792: 
1448: 2004,460,1410,1389,1981,617,1426,1236,1097,523,529,520,11,1942,166,1434
1449: 163,786
1450: 346
1451: 1526,1114,1482,1380,1159,2008,1822,661,1261,1191,325,1759,121,401
1452: 
1453: 120,1223,1637
1454: 
1455: 472,524,916,660,2000,844,644,1844,195,197,236
1456: 1565,1192
1457: 1546,310,825,1,704,193,1902,1229,1609,812,1047,1111,1146,2014,1099,1338
1458: 1749,850,1666,993,1838,65,1878,828,868,1414,1390,2005,1245,1633,1952,61,1892,474,1007,638,798,646,465,1255
1459: 
1460: 1649,1673
1973: 167,1924,1524,1520,555,1118
1462: 
1463: 1540,666,1909
1790: 
1465: 
1705: 322,1004,1781,1579,1183
1467: 
1468: 
1469: 1059,1887,1932,2018,1431,309,922,135,773,1645,387,100
1656: 
1471: 737,1294,610,1944,857,1843,2002,1153,2003,629,1027,1036,1213,1763,752,1103,1046,323,1170,1708,1240,588,1638
1472: 28,1521
1473: 1013
1474: 
1475: 580,1914
1476: 
1687: 
1815: 
1479: 
1683: 1546,310,825,704,66,1393,1166,193,898,431,1597,1229,1609,1069,1047,1111,2014,1338
1481: 
1482: 1451,1526,1380,1159,2008,1822,1600,1261,1759,401
1483: 
1484: 19,295,1752,1086,2010,508,430,1101,1717,727,1964,34
1658: 586,747,503,1071,1780,2009,1102,461,1918,1278,1023,1293,1120,926,1647,1145,1523,592,1083
1486: 
1487: 
1488: 498,851,1621,347,1610,1304
1963: 
1490: 908
1491: 
1492: 1420,18,764
1493: 
1494: 
1495: 278
1496: 
1497: 
1498: 541,255
1499: 445,1732
1500: 
1501: 
1502: 16,400,758,1162,301,1654,1254
1503: 
1504: 1303,268
1505: 
1506: 68
1507: 172
1508: 
1509: 675
1510: 
1511: 1442
1512: 
1513: 232
1514: 55
1959: 
2014: 431,1902,1597,1229,1609,1069,707,812,1548,1047,385,1200,1111,1146,1099,1338,1546,310,825,1,1457,704,1683,66,1393,1166,193,898
1517: 1361,1220,1098
1518: 
1519: 1925,1405,214
1520: 167,1973,1524,555,1118
1521: 28,613,1472
1522: 
1523: 592,1083,586,747,1071,1658,1780,2009,1102,461,1293,1120,926,1145
1524: 1973,1520,555,1118
1669: 128
1526: 1451,1114,1482,1380,1159,2008,1822,1600,661,1261,1191,1271,409,121,281,401
1527: 
1528: 
1529: 1260
1530: 
1531: 1053,1641,1169,1556,32,1086,2010,1964,34
1532: 
1533: 72,315,1569,202,1865,179,1011,1198,1230,1044,466,941,2015,1828,676,1855,1019,102,656,826,547,2013
1534: 1342,1299,1370,156
1839: 750,398,1755
1536: 405
1537: 516
1538: 358,1337,1281,1897,2001,1075,375,356,958,1616,1943
1539: 1349
1540: 666,1909,1463
1541: 
1542: 
2007: 74,249,1698,972,1665,2006,1039,1161,1910
1544: 1916,456,499,1827
1713: 1021,971,1933
1546: 310,825,1,1457,704,1683,66,1166,193,1609,812,1047,1111,2014,1338
1547: 
1548: 431,1902,1597,1229,1069,707,1047,385,1200,1146,2014,1338,1166
1549: 
1550: 1887,1932,2018,1431,309,922,135,100
1551: 
1552: 
1553: 
1554: 618,36
1555: 2008,1822,661,1191,1271,325,1391,409,1894,121,281,1114,1159
1556: 1053,1641,1169,1531,32,19,295,1086,2010,1717,727,1964,34
1978: 257,273
1942: 2004,460,329,1018,1410,1389,1981,1863,617,303,1236,1097,523,529,1788,520,11,1422,1448,114,1434
1559: 1845,1860,2011,731,778,492,923,1285,218
1560: 251
1561: 
1562: 395,680,783
1563: 1748
1564: 
1565: 1192,1456
1566: 
1567: 1073,256,1130
1641: 1053,1169,1556,1531,32,19,1086,2010,1717,34
1569: 72,1533,315,202,1865,1011,1198,1044,466,941,2015,1828,676,1855,1019,102,656,173,1266,826,547,2013
1785: 
1571: 
1572: 
1573: 1087,288
1999: 
1848: 
1853: 
1749: 1458,850,1666,993,1838,65,1878,828,868,1414,2005,1245,1633,1952,61,1892,474,1007,638
1932: 1550,1887,2018,1431,309,922,135,773,1645,387,100,1059,1469
1579: 372,322,1951,1004,1705,1183
1580: 
1581: 
1582: 
1583: 168,1955,383,10,1657
1584: 53,1618,1368,1926,1016,2016,1626,287,634,1797,1984,1250,1715,981,1167,1048
1585: 
1586: 
1764: 
1588: 965
1589: 1940
1590: 
1591: 
1592: 
1593: 
1817: 
1595: 
1596: 577,165
1597: 431,1902,1229,1609,1069,707,812,1548,1047,385,1200,1146,2014,1338,310,1683,1393,1166,193,898
1598: 
1975: 286,1208,470
1600: 2008,1822,661,1322,1261,325,409,1894,1759,1248,741,401,1526,1482,1380
1665: 2006,1039,1161,1910,74,249,1698,972,2007
1602: 327,973
1603: 1227
1638: 1046,323,1170,1708,610,857,1843,2002,1153,2003,1213,1471,1763,1103
1605: 
1606: 
1607: 834
1608: 1140
1609: 431,1902,1597,1229,1069,707,812,1047,1111,2014,1099,1338,1546,310,825,1457,704,1683,66,1166,193,898
1610: 851,1621,1488,1304
1611: 1341,1347
1612: 506,1375,1956
1613: 
1614: 
1615: 77,1881,1970,818
1616: 958,561,1943,358,1934,1337,1538,1281,1897,2001,1075,375,356
1617: 932
1618: 53,1363,1368,1926,1016,917,2016,1626,287,1584,634,1797,319,1984,1250,44,1715,981,1167,1048,712
1619: 
1620: 
1621: 498,851,1488,347,1610,1304
1708: 1046,323,1170,1240,588,1638,933,1294,610,1944,857,1843,2002,2003,1027,1036,1213,1471,1763
1623: 
1670: 153
1741: 1675
1626: 53,1618,1368,1926,1016,2016,287,1584,1797,319,1715,981,1167
1627: 
1628: 
1629: 
1630: 
1631: 279
1632: 
1633: 1458,1749,850,1666,993,868,1414,1390,2005,1245,1892,1007,638,798,465,1255