1758: 2006,1698,841,842,2007,74,1161,972,1901,249,1910
1: 431,1546,1099,1902,1548,825,385,1683,1597,1166,1393,1200,1047,310,66,1229,1069,812,2014,1457,1338,1111
1471: 1944,1674,1763,2003,1170,793,752,323,1638,1294,1046,2002,610,933,1103,487,629,1708,1213
3: 
1803: 1940,780
1926: 1797,1837,1016,1363,2016,981,53,1584,1969,1618,1715,1368,917,1626,1984,1167,634
6: 
7: 772,159
1797: 1837,1250,1016,2016,981,53,1926,1584,44,1969,1618,1048,621,287,319,1626,712,1984,1167,634
9: 
10: 444
11: 1981,1410,460,166,2004,1448,1389,1236,1863,1788,1056,303,1434,1500,1942,1097,114,571,1426,329,617,1018,523,536
12: 1712,343
1756: 
1865: 2015,1011,941,1019,1687,1569,1198,1266,1230,1876,1828,2013,656,751,102,202,315,1855,173,72,179,466,140,547,1533,1044
15: 
16: 1580,1134,1162
17: 1320
18: 278,1490
19: 1717,93,1484,1641,1101,80,801,1420,2010,275,1347,579,1964,1531,1713,295,384,427,328,727
20: 
21: 1770
22: 
1808: 
1623: 934
25: 1413
26: 
1910: 842,2007,74,1161,972,1039,1901,249,1665,2006,1698,841,1758
28: 278,1490
29: 356,1281,280,1339,1943,1897,2001,375,30,1017,1934,1538,299,1075
30: 356,1281,1339,1943,1897,2001,375,29,1017,1934,1538,1228,299,958,133,1753,1075
31: 
32: 1641,430,801,1086,2010,34,1964,508,1053,427,1169,727
33: 1873
34: 1717,93,1484,1641,430,80,801,1420,1086,2010,32,275,1964,1531,508,1053,427,1169,727
35: 
36: 
37: 
38: 241
39: 
40: 951,1015,1853
1460: 
1817: 
43: 
44: 1797,1250,2016,981,53,1584,1618,1048,621,287,319,917,817,1626
45: 
46: 
1759: 1261,1114,1526,121,281,741,1819,1271,661,464,473,325,1451,2008,409,1822,1191,1380,401
48: 1366
49: 
50: 
51: 1917
52: 1234,1536,208,405,443,1909,1051,103,1375
53: 1797,1837,1250,1016,2016,981,1926,1584,44,1969,1618,1048,621,287,319,1368,917,817,1626,712,634
54: 644,1549,1387,195,844,2000,236,1806,916,197,1455,660,524
55: 1505,1796
56: 1438
1860: 1559,1845,1849,778,2011,492,218,923,731
58: 
1505: 55,1796
60: 
61: 638,868,1007,1458,78,2005,828,646,65,557,798,1633
62: 956
63: 1094,598,1429,992,1082,690,995,1664,1026
64: 
65: 638,868,1838,1007,1458,78,2005,828,646,61,557,798,1633,1245,1390,970,474,777,1749,1878,1255
66: 1393,1200,1047,310,1229,193,707,1069,812,2014,1457,1338,704,1111,431,1546,1099,1902,1548,1609,385,1597,1
1662: 934
68: 543
69: 1126,1564
1715: 1837,1016,1363,2016,981,1926,1584,1618,621,1368,917,817,1626,1167
1443: 
72: 2015,941,1019,1687,1569,1198,1266,1876,1828,2013,656,751,102,202,315,1855,173,179,466,1865,1533,1044
73: 
74: 842,2007,1161,972,1039,1901,249,1665,1910,2006,841,1758
1589: 1341,1611
76: 
77: 1606,1502
78: 638,868,1838,1007,1458,2005,828,646,61,65,557,748,1633,850,1245,1390,970,474,777,993,1952,1749,1892,1414,1878,1255
1564: 69,1126
80: 1717,93,1484,1641,430,1101,801,1420,2010,34,275,579,1964,1531,19,1053,384,427,727
81: 131,1615
82: 
83: 1483
1462: 
85: 
86: 
1653: 
1973: 669,398
89: 
1457: 1393,1200,1146,1047,66,1229,193,707,1069,812,2014,704,1111,1546,1902,1609,385,1683,1597,1166,1
1718: 1640,1632,1882,2017,968,1930,695,1908
92: 
93: 1717,1484,1641,430,1101,80,801,1420,1086,2010,1752,34,275,1347,579,1964,1531,1713,295,19,1053,384,427,328,1169,727
94: 
95: 
1916: 
97: 449
98: 
99: 
100: 135,1887,1059,1645,2018,387,773,309,1550,1932,922,1431
1501: 
102: 2015,1011,941,1019,1687,1569,1198,1230,1876,1828,2013,656,751,202,315,1855,72,179,466,140,547,1865,1533,1044
103: 1234,1536,208,52,443,983,1375
104: 
105: 1874
106: 
1774: 
108: 655,1473
109: 
110: 
111: 1714
112: 
1754: 600
114: 1981,529,1410,460,2004,1448,1389,1236,11,1788,1056,303,1434,1500,1422,1942,1097,571,1426,617,520,1018,536
1701: 1970,1825,1925,1502
116: 
117: 356,1281,1339,561,437,2001,1616,1934,1228,299,958,133,1753,467
1682: 205,1149,495,1327,2012,1225,421,1408,1854,560,1239
1452: 1959
120: 1305
121: 1894,1261,1114,1526,1759,281,741,1819,1271,661,1381,464,473,325,1451,2008,1391,1822,1191,1380,401
122: 
123: 
1458: 868,1838,1007,78,2005,828,646,61,65,557,748,1633,850,1666,1245,1390,970,474,1749,1892,1878,465
1490: 278,18,28
126: 
1527: 
128: 
129: 156
130: 1684,1924,683,369
131: 81,1615
132: 
133: 356,1281,1339,1943,1897,561,437,2001,30,1616,1017,1934,1538,1228,299,958,117,1753,1075,467
134: 
135: 100,1059,1645,2018,387,773,1550,1932,922,1469,1431
136: 
137: 
1707: 
139: 186
140: 676,2015,1011,1019,826,339,1230,1828,2013,656,751,102,315,1855,179,547,1865,1044
141: 330,808
142: 
1787: 
144: 
1842: 
1598: 
147: 
1520: 
1670: 
150: 
151: 
152: 
153: 
1815: 
155: 374,438
156: 129
157: 
158: 
159: 772,7
160: 
1753: 356,1281,280,722,1339,1943,1897,561,437,2001,30,1934,1538,1228,299,958,117,133,1075,467,358
162: 
163: 
1547: 
165: 
166: 1981,460,2004,1448,11,1863,1056,303,1434,1500,1942,1097,571,617,523
1504: 516,1400,402
168: 1109,1068
169: 
170: 
1828: 676,2015,1011,941,1019,826,1687,339,1198,1266,1230,1876,2013,656,751,102,315,1855,72,179,466,140,547,1865
172: 
173: 2015,1019,1687,1569,1198,1266,1230,2013,656,751,202,72,179,466,1865,1533,1044
2004: 1981,529,1410,460,166,1448,1389,1236,11,1863,1788,1056,303,1434,1500,1422,1942,1097,114,571,1426,329,617,520,1018,523,536
175: 
176: 1100,205,1292,542,566,1149,495,2012,1225,291,421,756,1408,1854,1885,1239,1834,450,262,1076,284,1142
1451: 1482,1248,1271,661,1381,353,464,473,1257,325,1159,2008,1391,1822,1191,1380,401,1322,1807,1894,1261,1526,121,1759,1819
1639: 
179: 676,2015,1011,941,1019,826,1687,1569,339,1198,1266,1230,1876,1828,2013,656,751,102,202,315,1855,173,72,466,140,547,1865,1533,1044
2003: 1240,1944,1674,857,1763,737,1170,793,1027,1843,588,752,323,1638,1471,1294,1046,1153,2002,610,933,1676,1103,1036,487,629,335,1708,1213
2002: 1240,1944,1674,857,1763,737,2003,1170,793,1027,1843,588,752,323,1638,1471,1294,1046,1153,610,933,1676,1103,1036,487,629,335,1708,1213
182: 1037,915
183: 1656
184: 258,1002,371
185: 
186: 139
2008: 1482,1248,1271,661,1381,353,464,473,1257,325,1451,1159,409,1391,1555,1822,1191,1600,1380,401,1322,1807,1894,1261,1114,1526,121,1759,281,741,1819
188: 905
1813: 
1878: 1245,1390,970,474,777,993,1749,1892,1414,1255,850,1666,465,868,1838,1007,1458,78,2005,828,65,557,748,1633
191: 
1476: 
193: 1393,1200,1146,1047,66,1229,707,1069,812,2014,1457,1111,1546
1839: 
195: 644,1549,1387,54,844,2000,236,1667,1806,916,197,1455,660,524
196: 
197: 1387,54,195,844,2000,236,1667,916,1455,524
198: 
1611: 1589
1563: 
201: 
202: 2015,941,1019,1687,1569,1198,1876,2013,656,751,102,173,72,179,466,1865,1533
203: 
1588: 244,1129
205: 1682,1100,1292,542,566,1149,495,1327,2012,1225,421,1408,1854,560,1239,176
1499: 
1779: 
208: 1234,1536,52,405,443,1909,103,1375
209: 
210: 710,1342
211: 1517,1704
1612: 
213: 
214: 
215: 
1740: 1158
217: 784,1385,948
218: 923,731,1845,2011,492,1860
219: 
220: 1933
2001: 356,1281,280,722,1339,1943,1897,561,437,375,30,29,1616,1017,1934,1538,1228,299,958,117,133,1753,1075,467,358
222: 
223: 233
1647: 662,747,926,503,586,1523,2009,461,1023,1145,1102
225: 894,1020
226: 
227: 603,480
228: 
1583: 
230: 296,1147,615,1401,446,282,998,2019,1025,1495,1510,1799,1171,1765,763,1867,620
231: 955
1469: 1932,922,1431,135,1645,2018,1550
233: 223
1693: 1199
235: 
236: 644,1549,54,195,844,2000,1667,1806,916,197,1455,660,1844,524
237: 
238: 250,1433
1618: 1797,1837,1250,1016,1363,2016,981,53,1926,1584,44,1969,1048,621,287,1715,319,1368,917,817,1626,1167,634
240: 
241: 38
1467: 
243: 312,786
244: 264,1129,1588
245: 1185
246: 692,1529
247: 714,1566,260,551,1949,1301,1092
1719: 
249: 842,2007,74,1161,972,1901,1665,1910,2006,1698,841,1758
250: 238
251: 1218
1780: 1120,477,1658,592,503,586,1918,2009,1278,1071,461,1083,1023,1145,1102,747,926
1799: 376,1912,2019,1025,1495,1510,1171,296,230,1401,446,282,1034,998,763,1867,546,620
254: 
255: 
256: 
257: 
258: 1002,184
259: 
260: 714,247,551,1949,1301
261: 
262: 450,1076,284,1142,1100,1292,542,566,1149,495,2012,1225,291,756,1854,1885,176,1834
263: 1582
264: 244,1129
265: 389
266: 
267: 
268: 
269: 
1658: 1293,1120,477,592,503,586,1523,1780,1918,2009,1278,1071,461,1023,1145,1102
1534: 1831
1914: 
273: 
274: 
275: 1717,93,1484,1641,1101,80,801,1420,2010,34,1347,579,1964,1531,19,1053,384,427,727
276: 
277: 
278: 1490,18,28
279: 
280: 356,1281,722,1339,561,2001,375,29,1934,299,1753,1075,467,358
281: 1261,1114,1526,121,1759,741,1819,1248,1271,661,464,473,1257,325,2008,409,1822,1191,1380,401
282: 296,230,1147,1746,615,1401,446,1034,998,1912,2019,1025,1495,1510,1799,1765,763,1867,620
1962: 294,1880
284: 450,262,1076,1142,1100,1292,542,566,495,2012,291,756,1885,176,1834
285: 1136
286: 
287: 1797,1250,1016,2016,981,53,1584,44,1969,1618,1048,621,319,917,817,1626,712
288: 
289: 
290: 
291: 1100,1292,542,566,495,2012,421,756,1408,1854,1885,176,1834,450,262,1076,284,1142
292: 
293: 1241,1747,565
294: 1880,1962
295: 1717,93,1484,1641,430,1101,801,1420,1086,2010,1347,1964,1531,1713,19,508,1053,384,1072,328,1169
296: 230,1147,1746,615,1401,446,282,1034,998,1912,2019,1025,1495,1510,1799,1765,763,1867,620
297: 
298: 1113
299: 356,1281,280,1339,1897,561,437,2001,30,29,1616,1017,1934,1228,958,117,133,1753,1075,467
300: 1714
301: 400
2014: 1393,1200,1146,1047,310,66,1229,193,707,1069,812,1457,1338,704,1111,431,1546,1099,1902,1548,1609,825,385,1683,1597,1166,1
303: 1981,529,1410,460,166,2004,1448,1389,1236,11,1863,1788,1056,1434,1500,1422,1942,1097,114,571,1426,617,520,1018,523,536
304: 
1795: 740,399
1562: 
307: 
308: 
309: 100,1887,1059,1645,2018,387,773
310: 1393,1200,66,1229,2014,1338,431,1546,1099,1902,1548,825,385,1683,1597,1
311: 
312: 786,243
313: 858,1585,1392,1224,581,408,869,794,1603
1930: 544,1640,1632,1882,2017,968,1718,695,1908
315: 676,2015,1011,941,1019,826,1687,1569,339,1198,1266,1230,1876,1828,2013,656,751,102,1855,72,179,466,140,547,1865,1044
1546: 431,1099,1902,1548,1609,825,385,1683,1597,1166,1,1393,1200,1047,310,66,1229,193,707,1069,812,2014,1457,1338,704,1111
317: 1177
318: 
319: 1797,1250,1016,2016,53,1584,44,1969,1618,1048,287,1626,712,1984,634
1974: 
321: 
322: 
323: 1240,1944,1674,857,737,2003,1170,793,1027,1843,1638,1471,1294,1046,2002,610,933,1103,1036,487,629,1708,1213
1806: 644,1549,54,195,844,2000,236,916,660,1844,524
325: 1482,1248,1271,661,1381,353,464,473,1257,1451,1159,2008,409,1391,1555,1822,1191,1600,1380,401,1322,1807,1894,1261,121,1759,281,1819
326: 1621,498
327: 
328: 1717,93,1484,1101,801,1420,1086,2010,1752,1347,579,1713,295,19,384,1072
329: 2004,1448,11,1863,1788,1500,1942,571,1426,617,523,536
330: 141,808
1586: 539
332: 1024
333: 
334: 
335: 1240,1674,857,1763,2003,793,1843,588,752,1638,1294,1153,2002,610,1676,1103,629
1991: 932
337: 
338: 
339: 676,2015,1011,1019,826,1687,1266,1230,1828,2013,656,751,315,1855,179,140,547,1044
1755: 
341: 1571,1247,1655,1895
342: 
343: 12
1695: 
345: 
346: 
347: 864,645
1514: 
1838: 868,1007,1458,78,2005,828,65,557,748,1633,850,1666,1245,970,474,777,993,1749,1892,1878,1255,465
1454: 
351: 721,462
1614: 937,1968
353: 1482,1248,661,1381,464,1257,325,1451,1159,2008,1391,1555,1191,1600,1380,1322,1807,1894,1261,1819
1548: 431,1546,1099,1902,1609,825,385,1683,1597,1166,1,1200,310,66,1229,2014,1338,704
355: 
356: 1281,280,722,1339,1943,1897,561,2001,375,30,29,1616,1017,1934,1538,1228,299,958,117,133,1753,1075,467
1500: 1981,460,166,2004,1448,1389,1236,11,1863,1788,1056,303,1434,1942,1097,114,571,1426,329,617,523,536
358: 1281,280,722,561,2001,1934,1753,1075,467
359: 
360: 
361: 1627
1968: 937,1614
363: 
364: 
1835: 
1892: 1245,474,777,993,1952,1749,1414,1878,1255,850,1666,465,868,1838,1007,1458,78,2005,748
1826: 
1984: 712,1167,634,1797,1016,2016,1926,1969,319
369: 1864,130,1684,1924,683
370: 
371: 1002,184
372: 
373: 753
374: 402,438,155
375: 356,1281,280,1339,1943,1897,2001,30,29,1017,1934,1538,1075
376: 1912,2019,1025,1495,1510,1799,1171,1401,446,1034,1867,546,620
377: 1792
378: 
379: 
380: 531
1732: 753
1673: 1659,573,1553
383: 
384: 1717,93,1484,1641,430,1101,80,801,1420,1086,2010,275,1347,579,1964,1531,1713,295,19,328
385: 431,1546,1099,1902,1548,1609,825,1683,1597,1166,1,1393,1200,1047,310,66,1229,707,1069,812,2014,1457,1338,704,1111
386: 
387: 100,135,1887,1059,2018,773,309,1550
1493: 
389: 265
390: 
391: 568,1289
392: 
1980: 
394: 1127,1953
395: 
1641: 1717,93,1484,430,1101,80,801,1420,1086,2010,34,32,275,1347,579,1964,1531,1713,295,19,508,1053,384,427,1169,727
397: 
398: 669,1973
399: 740,1795
400: 301
401: 1271,661,464,473,325,1451,2008,409,1391,1822,1191,1380,1261,1114,121,1759,281,741
402: 516,1400,486,1504,374
403: 
1961: 
405: 1234,1536,208,52,982,1909,1051,1375
406: 
1581: 
408: 858,1585,1392,1224,581,313,869,794
409: 1482,1248,1271,661,464,473,325,2008,1391,1822,1191,1600,1380,401,1759,281,741
410: 
411: 1244
1538: 356,1281,722,1339,1943,1897,2001,375,30,29,1934,1228,133,1753,1075,467
413: 
414: 530
1709: 
416: 
417: 1098
1751: 
1580: 16,1134,1162
420: 1900
421: 1682,1100,205,1292,566,1149,495,1327,2012,1225,291,756,1408,1854,1885,1239,176
1749: 1245,1390,970,474,777,993,1952,1892,1878,868,1838,1007,1458,78,2005,65,1633
1532: 
424: 885,1226,762
425: 
426: 1104
427: 1717,93,1484,1641,430,80,801,1420,1086,2010,1752,34,32,275,579,1964,1531,1713,19,508,1053,1169,727
428: 
429: 
430: 93,1641,80,801,1420,1086,2010,34,32,1964,1531,295,508,1053,384,427,1169,727
431: 1546,1099,1902,1548,825,385,1683,1597,1166,1,1200,1047,310,66,1229,2014,1338,1111
432: 1222
433: 
434: 
1723: 
436: 1820
437: 1281,1339,561,2001,1616,299,958,117,133,1753,467
438: 374,155
1827: 
1550: 100,135,1059,1645,2018,387,773,1932,922,1469,1431
1986: 
1555: 1482,1248,353,325,1159,2008,1391,1600,1322
443: 1234,1536,208,52,983,1909,103,1375
444: 10
445: 1073
446: 296,230,1147,1746,615,1401,282,1034,998,376,1912,2019,1025,1495,1510,1799,1171,1765,763,1867,620
1565: 781
2006: 1698,841,1758,842,2007,74,1161,972,1039,1901,249,1665,1910
449: 97
450: 262,1076,284,1142,1100,1292,566,495,2012,291,756,1885,176,1834
1544: 
452: 
1752: 1717,93,1484,801,1420,1086,2010,1347,1964,1713,1053,1072,427,1556,328,1169
454: 
1540: 
456: 
457: 
1825: 1970,1701,1925,1502
1897: 356,1281,1339,1943,2001,375,30,29,1616,1017,1934,1538,1228,299,958,133,1753
460: 1981,529,1410,166,2004,1448,1389,1236,11,1788,1056,303,1434,1500,1422,1942,1097,114,571,1426,617,520,1018,536
461: 1293,1120,1658,586,1523,1780,2009,1023,1145,1102,662,747,1647
462: 351,721
1811: 1874
464: 1482,1248,1271,661,1381,353,473,1257,325,1451,1159,2008,409,1391,1822,1191,1600,1380,401,1322,1807,1894,1261,1114,1526,121,1759,281,741,1819
465: 850,1666,1245,1892,1414,1878,868,1838,1007,1458,2005,557,748
466: 2015,941,1019,826,1687,1198,1266,1230,1876,1828,2013,656,751,102,202,315,1855,173,72,179,547,1865
467: 356,1281,280,722,1339,561,437,2001,1616,1934,1538,1228,299,958,117,133,1753,1075,358
468: 
469: 1148
470: 1004,1216,800
1864: 369,1924,683
472: 
473: 1482,1248,1271,661,1381,464,325,1451,1159,2008,409,1391,1822,1191,1380,401,1894,1261,121,1759,281,1819
474: 1245,1390,970,777,993,1952,1749,1892,1414,1878,1255,850,1666,868,1838,1007,1458,78,2005,828,65,748,1633
1902: 431,1546,1099,1548,1609,825,385,1683,1597,1166,1,1200,310,66,2014,1457,1338,704
476: 604
477: 1658,592,503,1780,1918,2009,1278,1083,1023,1102
478: 
479: 
480: 603,227
481: 
1937: 
1882: 544,1640,1632,2017,968,1930,1718,695
484: 
485: 
486: 516,1400,402
487: 1944,1674,857,737,2003,1170,793,1027,1843,323,1638,1471,1294,1046,2002,610,933,1676,1103,1036,629,1708,1213
488: 
1530: 499,1356
490: 
1851: 
492: 1559,1845,1849,778,2011,1860,218,923,731
493: 1131
494: 
495: 1682,1100,205,1292,542,566,1149,1327,2012,1225,291,421,756,1408,1854,1885,1239,176,1834,450,262,1076,284,1142
1688: 1979
1845: 1559,1849,778,2011,492,1860,218,923,731,1285
498: 1621,326
499: 1530,1356
500: 
501: 
1553: 1800,1673,1659,679,573
503: 1293,477,1658,592,586,1780,1918,2009,1278,1083,1023,1102,1647
1993: 
2017: 544,1640,1632,1882,968,1930,1718,695,1908
506: 
1650: 651,977
508: 1717,1641,430,801,1086,2010,34,32,1964,1713,295,1053,427,1556,1169
1661: 
510: 625
511: 
1790: 
1482: 1248,1271,661,1381,353,464,473,1257,325,1451,1159,2008,409,1391,1555,1822,1191,1600,1380,1322,1807
1805: 
2011: 1559,1845,1849,778,492,1860,218,923,731,1285
516: 1400,486,402,1504
1881: 
1439: 
519: 
520: 1981,529,1410,460,2004,1448,1389,1236,303,1422,1097,114,1018,536
521: 
522: 
523: 1981,166,2004,1448,1236,11,1863,1056,303,1434,1500,1942,329,617,536
524: 644,1549,1387,54,195,844,2000,236,1806,916,197,1455,660,1844
525: 
526: 
1551: 
528: 
529: 1981,1410,460,2004,1389,1236,303,1422,1097,114,520,1018
530: 414,1643
531: 380,645
532: 
533: 
534: 851,1290,1654
1692: 
536: 460,2004,1448,1389,1236,11,1863,1788,1056,303,1500,1422,1942,114,571,1426,329,617,520,1018,523
1744: 784
1963: 1117,1305
539: 1586
1949: 714,247,1566,260,551,1301,1092
541: 
542: 1100,205,566,1149,495,2012,1225,291,1854,560,176,1834,262,1076,284,1142
543: 68
544: 1640,1632,1882,2017,968,1930,695,1908
1824: 
546: 1867,620,376,2019,1025,1510,1799,1171,763
547: 676,2015,1011,941,1019,826,339,1198,1230,1876,1828,2013,656,751,102,315,1855,179,466,140,1865,1044
1760: 599
1739: 
1674: 1240,1944,857,1763,2003,1170,793,1027,1843,588,752,323,1638,1471,1294,1046,2002,610,933,1103,487,629,335,1708,1213
551: 714,247,1566,260,1949,1301,1092
1976: 
1890: 
554: 559
555: 
556: 
557: 638,868,1838,1007,1458,78,2005,828,646,61,65,748,850,1666,1245,1414,1878,1255,465
1484: 1717,93,1641,1101,80,801,1420,1086,2010,1752,34,275,1347,579,1964,1531,1713,295,19,1053,384,1072,427,1556,328,1169
559: 554
560: 1682,205,542,1149,2012,1225,1854,1239
561: 356,1281,280,722,1339,437,2001,1934,299,117,133,1753,1075,467,358
562: 
563: 
1954: 1403
565: 1241,293,1747
566: 1100,205,542,1149,495,2012,1225,291,421,756,1408,1854,1885,1239,176,1834,450,262,1076,284,1142
567: 
568: 391,1289
1885: 1100,1292,566,495,2012,291,421,756,1408,1854,176,450,262,1076,284,1142
570: 
571: 1410,460,166,2004,1448,11,1863,1788,303,1434,1500,1942,1097,114,1426,329,617,536
1517: 211,1704
573: 1800,1673,1659,679,1553
574: 
1999: 
576: 843
577: 
578: 
579: 1717,93,1484,1641,1101,80,1420,2010,275,1347,1531,1713,19,384,427,328
580: 1066
581: 858,1585,1392,1224,313,408,869,794,1603
1559: 1845,1849,778,2011,492,1860,923,731,1285
583: 
584: 
585: 
586: 1293,1120,1658,503,1523,1780,1918,2009,1278,1071,461,1023,1145,1102,747,1647
1667: 1549,195,844,2000,236,916,197,1455
588: 1240,1674,857,1763,737,2003,1170,793,1843,752,1638,1294,1153,2002,610,1676,1036,629,335,1708
1829: 
1696: 
1953: 1127,394
592: 477,1658,503,1780,1918,2009,1278,1083,1023,1145,1102,747,926
593: 
594: 
1712: 12,1329
596: 1203,1862,832
597: 
598: 1094,1429,992,1082,63,690,995
599: 1760
600: 1754
1711: 
602: 
603: 227,480
604: 476
605: 774,1192,920,678
606: 
607: 
1867: 546,620,296,230,1401,446,282,1034,376,1912,2019,1025,1495,1510,1799,1171,1765,763
1561: 
610: 1240,1944,1674,857,1763,737,2003,1170,793,1843,588,752,323,1638,1471,1294,1046,1153,2002,933,1676,1103,1036,487,629,335,1708,1213
611: 
1726: 
1539: 
1669: 
615: 296,230,1147,1746,1401,446,282,1034,998,2019,1025,1495,1510,1765,763
616: 
617: 1981,460,166,2004,1448,11,1863,1788,1056,303,1434,1500,1942,1097,114,571,1426,329,523,536
618: 
619: 
620: 1867,546,296,230,1147,1401,446,282,1034,376,1912,2019,1025,1495,1510,1799,1171,1765,763
621: 1797,1837,1250,2016,981,53,1584,44,1618,1048,287,1715,1368,917,817,1626
622: 
1812: 
624: 
625: 510
626: 
2009: 1293,1120,477,1658,592,503,586,1523,1780,1918,1278,1071,461,1083,1023,1145,1102,662,747,926,1647
628: 
629: 1240,1944,1674,857,737,2003,793,1027,1843,588,752,323,1638,1471,1294,2002,610,933,1103,1036,487,335
1629: 
1769: 
632: 
1497: 
634: 712,1984,1167,1797,1837,1016,1363,2016,981,53,1926,1584,1969,1618,1048,319,1626
635: 
1927: 
637: 1158
638: 1007,78,2005,828,646,61,65,557,798
1683: 431,1546,1099,1902,1548,1609,825,385,1597,1166,1,1200,1047,310,1229,2014,1457,704,1111
1542: 
641: 
1615: 131,81
1855: 676,2015,1011,941,1019,826,1687,339,1198,1266,1230,1876,1828,2013,656,751,102,315,72,179,466,140,547,1865,1044
644: 1549,54,195,844,2000,236,1806,916,660,1844,524
645: 864,531,347
646: 638,868,1007,1458,78,2005,828,61,65,557,798,1633,1245,1390,970,1255
647: 
1656: 183
649: 
650: 
651: 977,1650
652: 
653: 
1573: 
655: 108,1473
656: 676,2015,1011,941,1019,826,1687,1569,339,1198,1266,1230,1876,1828,2013,751,102,202,315,1855,173,72,179,466,140,547,1865,1533,1044
657: 
1633: 868,1838,1007,1458,78,2005,828,646,61,65,1245,1390,970,474,777,1749,1878
659: 
660: 644,1549,54,195,2000,236,1806,916,1844,524
661: 1482,1248,1271,1381,353,464,473,1257,325,1451,1159,2008,409,1391,1822,1191,1600,1380,401,1261,121,1759,281,741,1819
662: 747,926,1647,2009,461,1145
663: 
664: 1378
1488: 
666: 999
667: 1591
668: 
669: 1973,398
670: 
671: 
1912: 376,2019,1025,1495,1510,1799,1171,296,1147,1746,1401,446,282,1034,998,1867,620
673: 
1765: 763,296,230,1147,615,1401,446,282,1034,2019,1025,1510,1867,620
675: 
676: 2015,1011,1019,826,339,1266,1230,1828,2013,656,315,1855,179,140,547,1044
1572: 
678: 774,1192,920,605
679: 1800,1659,573,1553
680: 1513,996
681: 
1776: 1608
683: 130,1684,1924,1864,369
684: 
1511: 
1969: 1797,1837,1250,1016,1363,2016,981,53,1926,1584,1618,1048,287,319,1626,712,1984,1167,634
687: 
1778: 
1840: 
690: 995,1664,1094,598,1429,992,1082,63,1026
1694: 
692: 246,1529
1616: 356,1281,1339,1897,437,2001,1017,299,958,117,133,467
1446: 
695: 544,1640,1632,1882,2017,968,1930,1718,1908
696: 702,1315,818
1874: 1811,105
698: 1987,1254
699: 
1491: 
1584: 1797,1837,1250,1016,1363,2016,981,53,1926,44,1969,1618,1048,621,287,1715,319,1368,917,817,1626,1167,634
702: 1315,696,818
703: 
704: 1200,66,1229,707,1069,2014,1457,1338,1111,1546,1902,1548,1609,385,1683,1597
705: 910
706: 
707: 1393,1200,1146,1047,66,1229,193,1069,812,2014,1457,1338,704,1111,1546,1609,385
708: 
709: 
710: 1342,210
711: 1875,1226,762
712: 1984,634,1797,1016,2016,53,1969,1048,287,319
713: 
714: 247,1566,260,551,1949,1301
715: 
1876: 2015,1011,941,1019,826,1687,1569,1198,1828,2013,656,102,202,315,1855,72,179,466,547,1865
717: 
718: 
1944: 1674,2003,1170,793,1027,323,1638,1471,1046,2002,610,933,1103,1036,487,629,1708,1213
1642: 
721: 351,462
722: 356,280,561,2001,1934,1538,1228,1753,1075,467,358
1734: 1272,1602
724: 796
1579: 1496
726: 1010
727: 93,1641,430,80,801,2010,34,32,275,1964,1531,19,1053,427
1613: 
1472: 
1704: 1517,211
731: 218,923,1285,1559,1845,1849,778,2011,492,1860
732: 1783
1933: 220
734: 
735: 
736: 
737: 1240,857,1763,2003,1170,793,1027,1843,588,323,1638,1294,1046,1153,2002,610,933,1676,1036,487,629,1708
738: 
739: 
740: 1795,399
741: 1261,1114,121,1759,281,1271,661,464,2008,409,1822,1191,1380,401
1549: 644,54,195,844,2000,236,1667,1806,916,1455,660,524
743: 
1591: 667
1982: 
1567: 
747: 662,926,1647,592,586,1780,2009,461,1023,1145,1102
748: 868,1838,1007,1458,78,2005,828,557,850,1666,1245,474,777,993,1892,1414,1878,1255,465
1879: 
750: 1524,980
751: 2015,1011,941,1019,826,1687,1569,339,1198,1266,1230,1828,2013,656,102,202,315,1855,173,72,179,466,140,547,1865,1533,1044
752: 1240,1674,857,1763,2003,1170,793,588,1638,1471,1294,1153,2002,610,933,1676,1103,629,335,1708,1213
753: 373,1732
754: 
755: 
756: 1100,566,495,2012,291,421,1408,1854,1885,1239,176,1834,450,262,1076,284,1142
1606: 77,1502
758: 
759: 
1684: 130,1924,683,369
761: 
762: 424,1226,1875,711
763: 1765,296,230,615,1401,446,282,1034,2019,1025,1510,1799,1171,1867,546,620
764: 
765: 1040,1818
766: 
767: 918,822
1846: 
769: 
1445: 1365,1277
771: 
772: 159,7
773: 100,135,1887,1059,1645,2018,387,309,1550,1932,922,1431
774: 1192,920,605,678
775: 
1880: 294,1962
777: 1245,1390,970,474,993,1952,1749,1892,1414,1878,1255,850,868,1838,1007,78,2005,828,65,748,1633
778: 1559,1845,1849,2011,492,1860,923,731
779: 
780: 1940,1803
781: 1565
1705: 
783: 
784: 1744,217,948
1785: 
786: 312,243
787: 
788: 
789: 
790: 
791: 
792: 
793: 1240,1944,1674,857,1763,737,2003,1170,1027,1843,588,752,323,1638,1471,1294,1046,1153,2002,610,933,1676,1103,1036,487,629,335,1708,1213
794: 858,1585,1392,1224,581,313,408,869,1603
795: 1335
796: 724
797: 
798: 638,1007,2005,828,646,61,65
799: 
800: 1004,1216,470
801: 1717,93,1484,1641,430,1101,80,1420,1086,2010,1752,34,32,275,1347,1964,1531,1713,295,19,508,1053,384,1072,427,1556,328,1169,727
1917: 51
1502: 1825,1701,1606,77
1609: 1546,1099,1902,1548,825,385,1683,1597,1166,1200,66,707,2014,1457,1338,704,1111
1919: 1357
806: 1341
1631: 
808: 330,141
809: 
810: 
1571: 341,1247,1655,1895
812: 1393,1200,1146,1047,66,1229,193,707,1069,2014,1457,1111,1546,385,1166,1
813: 835,1295
814: 
1849: 1559,1845,778,2011,492,1860,923,731,1285
816: 
817: 1250,2016,981,53,1584,44,1618,621,287,1715,1368,917,1626
818: 702,1315,696
819: 
1802: 
1533: 2015,941,1019,1687,1569,1198,1266,2013,656,751,102,202,173,72,179,1865,1044
822: 918,767
1898: 
824: 
825: 431,1546,1099,1902,1548,1609,385,1683,1597,1166,1,1200,310,2014
826: 676,2015,1011,1019,1687,339,1266,1230,1876,1828,2013,656,751,315,1855,179,466,140,547
827: 
828: 638,868,1838,1007,1458,78,2005,646,61,65,557,798,748,1633,1245,1390,970,474,777,1878,1255
1975: 
830: 
1608: 1776
832: 1203,596,1862
833: 
834: 1463
835: 813,1295
836: 
1942: 460,166,2004,1448,1389,11,1863,1788,1056,303,1434,1500,114,571,1426,329,617,523,536
2016: 1797,1837,1250,1016,1363,981,53,1926,1584,44,1969,1618,1048,621,287,1715,319,1368,917,817,1626,712,1984,1167,634
839: 
840: 
841: 2006,1698,1758,842,2007,74,1161,972,1901,249,1910
842: 2007,74,1161,972,1039,1901,249,1665,1910,2006,1698,841,1758
843: 576
844: 644,1549,1387,54,195,2000,236,1667,1806,916,197,1455,524
1844: 644,2000,236,1806,916,660,524
1690: 
1843: 1240,1674,857,737,2003,793,1027,588,323,1638,1294,1153,2002,610,933,1676,1036,487,629,335,1708
848: 
849: 
850: 1666,1245,474,777,993,1892,1414,1878,1255,465,868,1838,1007,1458,78,2005,557,748
851: 1290,534,1654
1569: 2015,1011,941,1019,1687,1198,1876,2013,656,751,102,202,315,173,72,179,1865,1533,1044
1891: 
1507: 
855: 
1691: 
857: 1240,1674,737,2003,1170,793,1027,1843,588,752,323,1638,1294,1046,1153,2002,610,933,1676,1103,1036,487,629,335,1708
858: 1585,1392,1224,581,313,408,869,794
859: 
1848: 
1503: 1313
862: 
863: 
864: 645,347
865: 1720,1208,1277
1747: 1241,293,565
2019: 376,1912,1025,1495,1510,1799,1171,296,230,1147,1746,615,1401,446,282,1034,998,1765,763,1867,546,620
868: 1838,1007,1458,78,2005,828,646,61,65,557,748,1633,850,1666,1245,1390,474,777,993,1749,1892,1414,1878,1255,465
869: 858,1585,1392,1224,581,313,408,794
870: 
1595: 
872: 
1585: 858,1392,1224,581,313,408,869,794
874: 
1934: 356,1281,280,722,1339,1943,1897,561,2001,375,30,29,1538,1228,299,117,133,1753,1075,467,358
876: 
1852: 
878: 
1440: 
880: 
1887: 100,1059,2018,387,773,309
882: 
2018: 100,135,1887,1059,1645,387,773,309,1550,1932,922,1469,1431
1492: 
885: 424
1560: 
1836: 
1508: 
889: 
1698: 2006,841,1758,842,2007,1161,972,1901,249,1910
891: 
892: 
893: 
894: 225,1020
895: 
1921: 
897: 
898: 
899: 
1714: 300,111
1448: 1981,1410,460,166,2004,1389,1236,11,1863,1788,1056,303,1434,1500,1422,1942,1097,114,571,1426,329,617,520,1018,523,536
902: 
1506: 956,1345
1510: 376,1912,2019,1025,1495,1799,1171,296,230,1746,615,1401,446,282,1034,998,1765,763,1867,546,620
905: 188
906: 
907: 
908: 
1450: 
910: 705
1536: 208,52,405,443,1909,103,1375
912: 
1676: 1240,857,1763,737,2003,1170,793,1843,588,752,1638,1294,1046,1153,2002,610,933,1103,1036,487,335,1708
1792: 377
915: 182,1037
916: 644,1549,1387,54,195,844,2000,236,1667,1806,197,1455,660,1844,524
917: 1837,1250,1363,2016,981,53,1926,1584,44,1618,621,287,1715,1368,817,1626
918: 767,822
919: 
920: 774,1192,605,678
1900: 1067,420
922: 1932,1469,1431,100,135,1645,2018,773,1550
923: 218,731,1285,1559,1845,1849,778,2011,492,1860
1526: 1894,1261,1114,121,1759,281,1819,1271,1381,464,1257,1451,2008,1807
925: 
926: 662,747,1647,592,1780,2009,1083,1023,1145,1102
1788: 1410,460,2004,1448,1389,1236,11,303,1434,1500,1422,1942,1097,114,571,1426,329,617,536
928: 
2007: 842,74,1161,972,1039,1901,249,1665,1910,2006,1698,841,1758
930: 
931: 
932: 1991
933: 1240,1944,1674,857,1763,737,2003,1170,793,1027,1843,752,323,1638,1471,1294,1046,2002,610,1676,1103,1036,487,629,1708,1213
934: 1662,1623
935: 
1509: 
937: 1968,1614
938: 
1713: 1717,93,1484,1641,1101,801,1420,1086,2010,1752,1347,579,1964,1531,295,19,508,1053,384,1072,427,1556,328,1169
1804: 
941: 2015,1011,1019,1687,1569,1198,1876,1828,2013,656,751,102,202,315,1855,72,179,466,547,1865,1533,1044
942: 
1746: 296,1147,615,1401,446,282,1034,998,1912,2019,1025,1495,1510
1531: 93,1484,1641,430,1101,80,801,1420,2010,34,275,579,1964,1713,295,19,384,427,727
1640: 544,1632,1882,2017,968,1930,1718,695,1908
946: 1331
1486: 
948: 784,217
1998: 
1822: 1482,1248,1271,661,464,473,325,1451,1159,2008,409,1391,1191,1600,1380,401,1261,121,1759,281,741
951: 40,1015,1853
952: 
1990: 1115,1782
954: 
955: 231
956: 62,1345,1506
1830: 1112,1087
958: 356,1281,1339,1943,1897,437,2001,30,1616,1017,1228,299,117,133,1753,467
1959: 1452
960: 
2000: 644,1549,1387,54,195,844,236,1667,1806,916,197,1455,660,1844,524
1453: 
963: 
1958: 
965: 1331
966: 
1763: 1240,1674,737,2003,1170,793,588,752,1638,1471,1294,1046,2002,610,933,1676,1103,1036,335,1708,1213
968: 544,1640,1632,1882,2017,1930,1718,695,1908
969: 
970: 1245,1390,474,777,993,1952,1749,1878,1255,1838,1007,1458,78,2005,828,646,65,1633
971: 1300
972: 842,2007,74,1161,1039,1901,249,1665,1910,2006,1698,841,1758
973: 
1955: 
1782: 1990,1115
1643: 530
977: 651,1650
978: 
979: 1800
980: 750,1524
981: 1797,1837,1250,1016,1363,2016,53,1926,1584,44,1969,1618,1048,621,287,1715,1368,917,817,1626,634
982: 1234,405,1051,1375
983: 443,103,1956
1687: 2015,1011,941,1019,826,1569,339,1198,1266,1230,1876,1828,2013,656,751,102,202,315,1855,173,72,179,466,1865,1533,1044
1664: 690,995,1094,1429,992,1082,63,1026
1862: 1203,596,832
1866: 
1498: 
989: 
990: 
2015: 676,1011,941,1019,826,1687,1569,339,1198,1266,1230,1876,1828,2013,656,751,102,202,315,1855,173,72,179,466,140,547,1865,1533,1044
992: 1094,598,1429,1082,63,690,995,1664,1026
993: 1245,1390,970,474,777,1952,1749,1892,1414,1878,1255,850,868,1838,78,2005,748
994: 1232,1394
995: 690,1664,1094,598,1429,992,1082,63
996: 1513,680
997: 
998: 296,230,1147,1746,615,1401,446,282,1034,1912,2019,1025,1495,1510,1799,1171
999: 666
1819: 1894,1261,1114,1526,121,1759,281,1248,1271,661,1381,353,464,473,1257,325,1451,1159,2008,1191,1380,1322,1807
1794: 
1002: 258,184,371
1483: 83
1004: 1216,800,470
1610: 
1703: 
1007: 638,868,1838,1458,78,2005,828,646,61,65,557,798,748,1633,850,1666,1245,1390,970,474,777,1749,1892,1414,1878,1255,465
1554: 
1009: 
1010: 726
1011: 676,2015,941,1019,826,1687,1569,339,1230,1876,1828,2013,656,751,102,315,1855,179,140,547,1865,1044
1442: 1607
1441: 
1014: 
1015: 951,40,1853
1016: 1797,1837,1363,2016,981,53,1926,1584,1969,1618,1048,287,1715,319,1368,1626,712,1984,1167,634
1017: 356,1281,1339,1943,1897,2001,375,30,29,1616,299,958,133
1018: 1981,529,1410,460,2004,1448,1389,1236,11,1056,303,1434,1422,1097,114,520,536
1019: 676,2015,1011,941,826,1687,1569,339,1198,1266,1230,1876,1828,2013,656,751,102,202,315,1855,173,72,179,466,140,547,1865,1533,1044
1020: 894,225
1021: 
1022: 1050
1023: 1293,477,1658,592,503,586,1523,1780,1918,2009,1278,1071,461,1083,1145,1102,747,926,1647
1024: 332
1025: 376,1912,2019,1495,1510,1799,1171,296,230,1147,1746,615,1401,446,282,1034,998,1765,763,1867,546,620
1026: 690,1664,1094,1429,992,1082,63
1027: 1240,1944,1674,857,737,2003,793,1843,323,1294,1046,2002,933,1036,487,629,1708
1028: 
1621: 498,326
1030: 
1031: 
1770: 21
1033: 
1034: 296,1147,1746,615,1401,446,282,998,376,1912,2019,1025,1495,1510,1799,1765,763,1867,620
1854: 1682,1100,205,1292,542,566,1149,495,1327,2012,1225,291,421,756,1408,1885,560,1239,176,1834,262,1076,1142
1036: 1240,1944,857,1763,737,2003,1170,793,1027,1843,588,323,1638,1294,1046,2002,610,933,1676,1103,487,629,1708,1213
1037: 182,915
1038: 
1039: 842,2007,74,1161,972,1901,1665,1910,2006
1040: 765,1818
1041: 
1521: 
1043: 
1044: 676,2015,1011,941,1019,1687,1569,339,1266,1230,2013,656,751,102,315,1855,173,72,179,140,547,1865,1533
1437: 
1046: 1944,1674,857,1763,737,2003,1170,793,1027,323,1638,1471,1294,2002,610,933,1676,1103,1036,487,1708,1213
1047: 1393,1200,1146,66,1229,193,707,1069,812,2014,1457,1111,431,1546,385,1683,1597,1166,1
1048: 1797,1250,1016,2016,981,53,1584,44,1969,1618,621,287,319,1626,712,634
1970: 1825,1701,1925
1050: 1022
1051: 1234,52,405,982,1909,1375
1052: 
1053: 1717,93,1484,1641,430,80,801,1420,1086,2010,1752,34,32,275,1347,1964,1713,295,508,1072,427,1556,1169,727
1054: 
1055: 
1056: 1981,460,166,2004,1448,1389,1236,11,1863,303,1434,1500,1942,1097,114,617,1018,523,536
1620: 
1487: 
1059: 100,135,1887,1645,2018,387,773,309,1550,1932,1431
1060: 
1061: 1151
1062: 
1741: 
1064: 
1820: 436
1066: 580
1067: 1900
1068: 1109,168
1069: 1393,1200,1146,1047,66,1229,193,707,812,2014,1457,704,1111,1546,385,1
1638: 1240,1944,1674,857,1763,737,2003,1170,793,1843,588,752,323,1471,1294,1046,2002,610,933,1676,1103,1036,487,629,335,1708,1213
1071: 1293,1120,1658,586,1523,1780,1918,2009,1278,1023
1072: 1717,1484,801,1420,1086,2010,1752,1347,1713,295,1053,1556,328,1169
1073: 445
1074: 
1075: 356,1281,280,722,1339,561,2001,375,30,29,1934,1538,1228,299,133,1753,467,358
1076: 450,262,284,1142,1100,542,566,495,2012,291,756,1854,1885,176,1834
1077: 
1841: 
1079: 
1956: 1143,983
1783: 732
1082: 1094,598,1429,992,63,690,995,1664,1026
1083: 477,592,503,1780,2009,1023,1102,926
1438: 56
1925: 1970,1825,1701
1086: 1717,93,1484,1641,430,801,1420,2010,1752,34,32,1347,1964,1713,295,508,1053,384,1072,427,1556,328,1169
1087: 1112,1830
1697: 
1089: 
1090: 
1091: 
1092: 247,1566,551,1949
1093: 
1094: 598,1429,992,1082,63,690,995,1664,1026
1095: 
1096: 
1097: 1981,529,1410,460,166,2004,1448,1389,1236,11,1788,1056,303,1434,1500,1422,114,571,617,520,1018
1098: 417
1099: 431,1546,1902,1548,1609,825,385,1683,1597,1,1200,310,66,2014,1338
1100: 205,1292,542,566,1149,495,2012,1225,291,421,756,1854,1885,176,1834,450,262,1076,284,1142
1101: 1717,93,1484,1641,80,801,1420,2010,275,1347,579,1531,1713,295,19,384,328
1102: 1293,477,1658,592,503,586,1780,1918,2009,1278,461,1083,1023,1145,747,926,1647
1103: 1240,1944,1674,857,1763,2003,1170,793,752,323,1638,1471,1294,1046,2002,610,933,1676,1036,487,629,335,1708,1213
1104: 426
1105: 
1106: 1227,1174,1355
1909: 1536,208,52,405,443,1051,1375
1108: 
1109: 168,1068
1110: 
1111: 1393,1200,1146,1047,66,1229,193,707,1069,812,2014,1457,704,431,1546,1609,385,1683,1597,1166,1
1112: 1087,1830
1113: 298
1114: 1261,1526,121,1759,281,741,1819,1271,464,2008,1191,401
1115: 1990,1782
1116: 
1117: 1963,1305
1118: 
1720: 865,1208
1120: 1293,1658,586,1523,1780,2009,1071,461,1145
1121: 
1122: 
1123: 
1124: 
1834: 1100,542,566,495,2012,1225,291,756,1854,176,450,262,1076,284,1142
1126: 69,1564
1127: 1953,394
1128: 
1129: 264,244,1588
1130: 
1131: 493
1512: 
1133: 
1134: 1580,16,1162
1809: 1317
1136: 285
1552: 
1831: 1534
1873: 33
1140: 
1141: 
1142: 450,262,1076,284,1100,1292,542,566,1149,495,2012,291,756,1854,1885,176,1834
1143: 1956
1144: 
1145: 1120,1658,592,586,1523,1780,2009,461,1023,1102,662,747,926,1647
1146: 1393,1200,1047,1229,193,707,1069,812,2014,1457,1111
1147: 296,230,1746,615,1401,446,282,1034,998,1912,2019,1025,1495,1765,620
1148: 469
1149: 1682,1100,205,1292,542,566,495,1327,2012,1225,421,1408,1854,560,1239,176,262,1142
1150: 
1151: 1061
1152: 
1153: 1240,857,737,2003,793,1843,588,752,1294,2002,610,1676,335
1748: 
1155: 
1156: 
1863: 166,2004,1448,11,1056,303,1434,1500,1942,571,1426,329,617,523,536
1158: 637,1740
1159: 1482,1248,1271,661,1381,353,464,473,1257,325,1451,2008,1391,1555,1822,1191,1600,1380,1322,1807,1894,1261,1819
1160: 
1161: 842,2007,74,972,1039,1901,249,1665,1910,2006,1698,841,1758
1162: 1580,16,1134
1163: 
1818: 765,1040
1165: 
1166: 431,1546,1902,1548,1609,825,385,1683,1597,1,1393,1200,1047,1229,812,2014,1457,1111
1167: 1984,634,1797,1837,1016,1363,2016,1926,1584,1969,1618,1715,1368,1626
1168: 
1169: 1717,93,1484,1641,430,801,1420,1086,2010,1752,34,32,1964,1713,295,508,1053,1072,427,1556
1170: 1944,1674,857,1763,737,2003,793,588,752,323,1638,1471,1294,1046,2002,610,933,1676,1103,1036,487,1708,1213
1171: 376,1912,2019,1025,1495,1510,1799,230,446,998,763,1867,546,620
1172: 
1602: 1734
1174: 1355,1106,1227
1901: 842,2007,74,1161,972,1039,249,1665,1910,2006,1698,841,1758
1582: 263
1177: 317
1178: 
1814: 
1513: 680,996
1981: 529,1410,460,166,2004,1448,1236,11,1056,303,1434,1500,1097,114,617,520,1018,523
1182: 
1183: 
1184: 
1185: 245
1186: 
1187: 
1895: 1655,341,1571,1247
1566: 714,247,551,1949,1092
1190: 
1191: 1482,1248,1271,661,1381,353,464,473,1257,325,1451,1159,2008,409,1822,1600,1380,401,1261,1114,121,1759,281,741,1819
1192: 774,920,605,678
1193: 
1700: 
1607: 1442
1456: 
1197: 
1198: 2015,941,1019,1687,1569,1266,1876,1828,2013,656,751,102,202,315,1855,173,72,179,466,547,1865,1533
1199: 1693
1200: 1393,1146,1047,310,66,1229,193,707,1069,812,2014,1457,1338,704,1111,431,1546,1099,1902,1548,1609,825,385,1683,1597,1166,1
1201: 
1679: 
1203: 596,1862,832
1637: 
1205: 
1206: 
1592: 
1208: 1720,865
1951: 
1210: 
1675: 
1212: 
1213: 1944,1674,1763,2003,1170,793,752,323,1638,1471,1294,1046,2002,610,933,1103,1036,487,1708
2013: 676,2015,1011,941,1019,826,1687,1569,339,1198,1266,1230,1876,1828,656,751,102,202,315,1855,173,72,179,466,140,547,1865,1533,1044
1215: 
1216: 1004,800,470
1217: 
1218: 251
1219: 
1495: 376,1912,2019,1025,1510,1799,1171,296,230,1147,1746,615,1401,446,282,1034,998,1867,620
1946: 
1222: 432
1223: 
1224: 858,1585,1392,581,313,408,869,794
1225: 1682,1100,205,542,566,1149,495,1327,2012,421,1408,1854,560,1239,176,1834,262
1226: 424,762,711
1227: 1106,1174,1355
1228: 356,722,1339,1943,1897,2001,30,1934,1538,299,958,117,133,1753,1075,467
1229: 1393,1200,1146,1047,310,66,193,707,1069,812,2014,1457,1338,704,1111,431,1546,1548,385,1683,1597,1166,1
1230: 676,2015,1011,1019,826,1687,339,1266,1828,2013,656,751,102,315,1855,173,179,466,140,547,1865,1044
1717: 93,1484,1641,1101,80,801,1420,1086,2010,1752,34,275,1347,579,1964,1713,295,19,508,1053,384,1072,427,1556,328,1169
1232: 994,1394
1837: 1797,1250,1016,1363,2016,981,53,1926,1584,1969,1618,621,1715,1368,917,1626,1167,634
1234: 208,52,405,982,443,1051,103,1375
1913: 
1236: 1981,529,1410,460,2004,1448,1389,11,1788,1056,303,1500,1422,1097,114,520,1018,523,536
1721: 
1924: 130,1684,683,1864,369
1239: 1682,205,566,1149,495,1327,2012,1225,421,756,1408,1854,560,176
1240: 1674,857,1763,737,2003,793,1027,1843,588,752,323,1638,1294,1153,2002,610,933,1676,1103,1036,629,335
1241: 293,1747,565
1821: 
1243: 
1244: 411
1245: 1390,970,474,777,993,1952,1749,1892,1414,1878,1255,850,1666,465,868,1838,1007,1458,78,2005,828,646,65,557,748,1633
1627: 361
1247: 341,1571,1655,1895
1248: 1482,1271,661,1381,353,464,473,1257,325,1451,1159,2008,409,1391,1555,1822,1191,1600,1380,1807,281,1819
1474: 
1250: 1797,1837,2016,981,53,1584,44,1969,1618,1048,621,287,319,917,817,1626
1251: 
1252: 
1597: 431,1546,1099,1902,1548,1609,825,385,1683,1166,1,1200,1047,310,66,1229,2014,1457,1338,704,1111
1254: 1987,698
1255: 1245,1390,970,474,777,993,1952,1892,1414,1878,850,868,1838,1007,78,2005,828,646,65,557,748
1256: 
1257: 1482,1248,1271,661,1381,353,464,325,1451,1159,2008,1191,1600,1380,1322,1807,1894,1261,1526,281,1819
1258: 
1259: 
1260: 
1261: 1894,1114,1526,121,1759,281,741,1819,1271,661,1381,353,464,473,1257,325,1451,1159,2008,1822,1191,1380,401,1322,1807
1979: 1688
1518: 
1264: 
1645: 100,135,1059,2018,773,309,1550,1932,922,1469,1431
1266: 676,2015,1019,826,1687,339,1198,1230,1828,2013,656,751,315,1855,173,72,179,466,1865,1533,1044
1267: 
1268: 
1269: 
1915: 
1271: 1482,1248,661,1381,464,473,1257,325,1451,1159,2008,409,1391,1822,1191,1600,1380,401,1894,1261,1114,1526,121,1759,281,741,1819
1272: 1734
1943: 356,1339,1897,2001,375,30,29,1017,1934,1538,1228,958,133,1753
1274: 
1275: 
1276: 
1277: 1445,1365,865
1278: 1293,477,1658,592,503,586,1780,1918,2009,1071,1023,1102
2010: 1717,93,1484,1641,430,1101,80,801,1420,1086,1752,34,32,275,1347,579,1964,1531,1713,295,19,508,1053,384,1072,427,1556,328,1169,727
1280: 
1281: 356,280,1339,1897,561,437,2001,375,30,29,1616,1017,1934,1538,299,958,117,133,1753,1075,467,358
1894: 1261,1526,121,1819,1271,1381,353,464,473,1257,325,1451,1159,2008,1380,1322,1807
1283: 
1875: 711,762
1285: 923,731,1559,1845,1849,2011
1286: 
1463: 834
1288: 
1289: 568,391
1290: 851,534,1654
1291: 
1292: 1100,205,1149,495,2012,291,421,1408,1854,1885,176,450,262,284,1142
1293: 1120,1658,503,586,1523,1918,2009,1278,1071,461,1023,1102
1294: 1240,1674,857,1763,737,2003,1170,793,1027,1843,588,752,323,1638,1471,1046,1153,2002,610,933,1676,1103,1036,487,629,335,1708,1213
1295: 835,813
1296: 
1800: 979,1659,679,573,1553
1932: 922,1469,1431,100,135,1059,1645,2018,773,1550
1299: 
1300: 971
1301: 714,247,260,551,1949
1302: 
1303: 
1304: 
1305: 1963,1117,120
1306: 
1987: 1254,698
1308: 
1309: 
1310: 
1677: 
1312: 
1313: 1503
1496: 1579
1315: 702,696,818
1316: 
1317: 1809
1666: 850,1245,474,1892,1414,1878,465,868,1838,1007,1458,2005,557,748
1524: 750,980
1320: 17
1708: 1944,1674,857,1763,737,2003,1170,793,1027,1843,588,752,323,1638,1471,1294,1046,2002,610,933,1676,1103,1036,487,1213
1322: 1482,1381,353,464,1257,325,1451,1159,2008,1391,1555,1380,1807,1894,1261,1819
1323: 
1957: 
1325: 
1908: 544,1640,1632,2017,968,1930,1718,695
1327: 1682,205,1149,495,2012,1225,421,1408,1854,1239
1522: 
1329: 1712
1330: 
1331: 965,946
1772: 
2012: 1682,1100,205,1292,542,566,1149,495,1327,1225,291,421,756,1408,1854,1885,560,1239,176,1834,450,262,1076,284,1142
1556: 1717,1484,801,1420,1086,2010,1752,1964,1713,508,1053,1072,1169
1335: 795
1336: 
1600: 1482,1248,1271,661,353,464,1257,325,1159,2008,409,1391,1555,1822,1191,1380
1338: 1200,310,66,1229,707,2014,704,431,1546,1099,1902,1548,1609,385,1597,1
1339: 356,1281,280,1943,1897,561,437,2001,375,30,29,1616,1017,1934,1538,1228,299,958,117,133,1753,1075,467
1793: 
1341: 1589,806
1342: 710,210
1807: 1482,1248,1381,353,464,1257,325,1451,1159,2008,1322,1894,1261,1526,1819
1344: 
1345: 956,1506
1603: 581,313,794
1347: 1717,93,1484,1641,1101,801,1420,1086,2010,1752,275,579,1713,295,19,1053,384,1072,328
1935: 
1349: 
1632: 544,1640,1882,2017,968,1930,1718,695,1908
1351: 
1964: 1717,93,1484,1641,430,80,801,1420,1086,2010,1752,34,32,275,1531,1713,295,19,508,1053,384,427,1556,1169,727
1455: 1549,1387,54,195,844,2000,236,1667,916,197,524
1777: 
1355: 1174,1106,1227
1356: 499,1530
1357: 1919
1358: 
1359: 
1668: 
1361: 
1362: 
1363: 1837,1016,2016,981,1926,1584,1969,1618,1715,1368,917,1626,1167,634
1529: 692,246
1365: 1445,1277
1366: 48
1850: 
1368: 1837,1016,1363,2016,981,53,1926,1584,1618,621,1715,917,817,1626,1167
1369: 
1370: 
1371: 
1665: 842,2007,74,1161,972,1039,1901,249,1910,2006
1373: 
1459: 
1375: 1234,1536,208,52,405,982,443,1909,1051,103
1655: 1895,341,1571,1247
1626: 1797,1837,1250,1016,1363,2016,981,53,1926,1584,44,1969,1618,1048,621,287,1715,319,1368,917,817,1167,634
1378: 664
1379: 
1380: 1482,1248,1271,661,1381,353,464,473,1257,325,1451,1159,2008,409,1391,1822,1191,1600,401,1322,1894,1261,121,1759,281,741,1819
1381: 1482,1248,1271,661,353,464,473,1257,325,1451,1159,2008,1391,1191,1380,1322,1807,1894,1261,1526,121,1819
1382: 
1796: 1505,55
1952: 1245,1390,970,474,777,993,1749,1892,1255,78,2005
1385: 217
1386: 
1387: 54,195,844,2000,916,197,1455,524
1388: 
1389: 529,1410,460,2004,1448,1236,11,1788,1056,303,1500,1422,1942,1097,114,1426,520,1018,536
1390: 1245,970,474,777,993,1952,1749,1878,1255,868,1007,1458,78,2005,828,646,65,1633
1391: 1482,1248,1271,661,1381,353,464,473,325,1451,1159,2008,409,1555,1822,1600,1380,401,1322,121
1392: 858,1585,1224,581,313,408,869,794
1393: 1200,1146,1047,310,66,1229,193,707,1069,812,2014,1457,1111,1546,385,1166,1
1394: 1232,994
1395: 
1781: 
1523: 1293,1120,1658,586,1918,2009,1071,461,1023,1145,1647
1398: 
1399: 
1400: 516,486,402,1504
1401: 296,230,1147,1746,615,446,282,1034,998,376,1912,2019,1025,1495,1510,1799,1765,763,1867,620
1402: 
1403: 1954
1404: 
1405: 
1406: 
1541: 
1408: 1682,205,1292,566,1149,495,1327,2012,1225,291,421,756,1854,1885,1239,176
1853: 951,40,1015
1410: 1981,529,460,2004,1448,1389,1236,11,1788,303,1434,1422,1097,114,571,520,1018
2005: 638,868,1838,1007,1458,78,828,646,61,65,557,798,748,1633,850,1666,1245,1390,970,474,777,993,1952,1749,1892,1414,1878,1255,465
1412: 
1413: 25
1414: 1245,474,777,993,1892,1878,1255,850,1666,465,868,1007,78,2005,557,748
1596: 
1918: 1293,477,1658,592,503,586,1523,1780,2009,1278,1071,1023,1102
1519: 
1593: 
1473: 108,655
1420: 1717,93,1484,1641,430,1101,80,801,1086,2010,1752,34,275,1347,579,1964,1531,1713,295,19,1053,384,1072,427,1556,328,1169
1421: 
1422: 529,1410,460,2004,1448,1389,1236,1788,303,1097,114,520,1018,536
1940: 780,1803
1654: 534,851,1290
1775: 
1426: 460,2004,1448,1389,11,1863,1788,303,1500,1942,114,571,329,617,536
1965: 
1428: 
1429: 1094,598,992,1082,63,690,995,1664,1026
1430: 
1431: 1932,922,1469,100,135,1059,1645,2018,773,1550
1886: 
1433: 238
1434: 1981,1410,460,166,2004,1448,11,1863,1788,1056,303,1500,1942,1097,114,571,617,1018,523
1659: 1800,1673,679,573,1553