1758: 1039,2007,74,2006,842,249,972,841,1910,1901,1161,1665
1: 1047,1546,66,1548,1111,1200,1683,431,385,2014,825,193,1902,1338,812
1471: 588,487,1027,1036,1153,2002,737,752,1676,629,1294,2003,1843,335,1944,1763,1103
3: 
1803: 1476,840
1926: 1837,981,1250,1368,1584,2016,1984,287,1626,621,319,634,1715
6: 1579
7: 533,999
1797: 1363,634,1618,917,817,53,1250,2016,1048,44
9: 
10: 1811,1782,1583
11: 617,1422,460,303,529,520,2004,1236,523,329,1434,1788,1942,1389,114
12: 343,1090
1756: 
1865: 1044,1011,656,751,1828,1266,2013,826,1019,1569,941,173,466,339,2015,547,676,1230,1533,72,1855,102,202
15: 
16: 
17: 1962,1637
18: 278
19: 1086,427,80,1556,275,1713,93,430,2010,1169,1484,1752,1101,1717,384,508,328,295,1964,1641,32,1053,727,1531,34,1184,1347,1420
20: 1358
21: 
22: 
1808: 
1623: 1913,1662,690
25: 
26: 899
1910: 1039,2007,74,2006,842,249,1698,972,841,1901,1758,1161,1665
28: 1490
29: 280,1897,2001,1538,1753,958,467,722,358,1017,1281
30: 280,561,1428,117,356,133,2001,1753,958,467,722,358,1017,1228,1281,1616,437
31: 1220
32: 1086,427,80,19,1556,275,1713,2010,1169,1484,1101,1717,384,508,328,295,1964,1053,727,1531,34,1184,1347,1420
33: 410
34: 727,1531,1184,1347,1420,1086,427,19,275,1713,93,430,2010,1484,1101,1717,384,508,328,295,1964,32,1053
35: 
36: 664
37: 
38: 1243
39: 
40: 
41: 
1817: 294
43: 
44: 1837,981,1250,1584,2016,1984,287,1626,1048,1016,621,1363,634,1797,1618,917,817,53
45: 
46: 
1759: 1191,1380,121,409,1894,1271,1159,2008,1391,741,401,1322,281,1451,1819,1600,1555,1248,353
48: 
49: 
50: 
51: 1373
52: 
53: 712,1363,634,1797,1618,1969,917,817,1167,1837,981,1250,2016,1984,287,1048,44,1016,621,1715
54: 2000,844,916,660,1549,1844,197,1667,644,1455,1387,236,524
55: 1190,1127
56: 
1860: 218,778,1845,923,1849,492,1285,1559,731,2011
58: 
1505: 
60: 1741
61: 828,1952,1666,474,638,798,2005,1245,1414,1007,1458,1878,465,1633,1749,65,850
62: 1269,1345,1256,724
63: 
64: 
65: 868,646,1390,557,1633,1892,1749,850,465,828,1666,777,474,638,2005,61,1414,1007,970,1458
66: 1548,1457,1111,1229,1597,1200,1683,1047,1,1546,431,385,310,1099,1146,2014,1166,825,193,1902,1338,812
1662: 1913,690,1623
68: 543
69: 
1715: 1837,981,1250,1368,2016,1984,287,1926,621,319,712,1363,634,1618,1969,917,1167,53
71: 
72: 140,339,2015,179,547,315,1198,676,1230,1533,1855,1876,102,202,1044,1011,656,751,1865,1828,1266,2013,826,1019,1569,941,173,466
73: 1216
74: 1039,2007,2006,842,249,1698,972,841,1910,1901,1758,1161,1665
1589: 1341,806
76: 
77: 1254
78: 
1564: 
80: 1086,427,19,1556,275,1713,579,93,430,2010,1169,1752,1101,1072,384,508,328,295,1964,1641,32,1053
81: 131
82: 
83: 
1989: 
85: 254,372
86: 1222,938,996,432,680
1653: 783
88: 
89: 
90: 
1718: 2017,695,968,1882,544,1640,1908,1930
92: 
93: 427,80,19,275,579,430,2010,1101,1072,384,508,328,295,1053,727,1531,34,1347
94: 408
95: 
1916: 
97: 
98: 1527
99: 
100: 1932,1550,922,135,2018,1059,1887,1431,309,1469,773,1645,387
1501: 
102: 140,339,2015,179,547,315,676,1230,1533,72,1855,1011,1865,1266,2013,1019,941,173,466
103: 1051,1536,1956,443,1143
104: 
105: 251,240
106: 
1774: 
108: 
109: 
110: 
111: 
112: 
1754: 
114: 1448,1018,1788,1981,1097,166,1056,1942,1389,1500,617,1422,1863,303,529,11,2004,1236,523,536,329,1434
1701: 1970,1315,347
116: 
117: 280,1339,1428,356,133,2001,1538,1753,375,958,30,722,1934,358,1228,1281,437,1075
1682: 756,1834,2012,495,1225,1076,284,176,1292,1239,566,291,421,1885,1854,1149
1475: 
120: 188,390
121: 1191,1380,1759,409,325,1114,661,1822,1894,1271,1159,2008,1391,741,401,1451,1819,1555,1248,353
122: 1508,403
123: 
124: 
1490: 278,28
126: 1152,1361
1527: 98
128: 
129: 
130: 1684
131: 81
132: 1291
133: 1339,1428,117,1943,356,2001,1538,1753,958,30,722,358,1017,1228
134: 
135: 100,1932,1550,922,2018,1059,1887,1431,309,1469,773,1645,387
136: 585,258
137: 
1707: 288
139: 
140: 339,2015,179,547,315,1198,676,1230,1687,1533,72,1876,102,202,1044,1011,1828,1266,2013,826,466
141: 
142: 
1787: 
144: 1215
1842: 377
1598: 
147: 
1520: 
1670: 1110
150: 
151: 
152: 
153: 1607,457,1442,932,1110
1815: 
155: 402,1744
156: 
157: 1223,905,1305
158: 628
159: 1106,1227
160: 
1753: 280,1339,1897,1428,117,1943,356,133,2001,1538,29,375,958,30,722,1934,358,1017,1228,1281,1075
162: 
163: 
1547: 
165: 
166: 1426,1448,1018,1788,1981,1097,1056,1942,1389,114,1500,617,1422,1863,303,571,2004,536,329,1434
1504: 
168: 598,1664,359
169: 
170: 
1828: 1044,1011,656,751,1865,1266,2013,826,1019,173,466,140,339,2015,1198,676,1230,1687,72,1876,202
172: 
173: 1044,751,1865,1828,1266,2013,826,1019,1569,941,466,339,2015,179,547,676,1230,72,1855,1876,102
2004: 617,1422,1863,460,303,529,520,571,11,1410,1236,523,536,329,1434,1426,1448,1018,1788,1981,1097,166,1056,1942,1389,114,1500
175: 
176: 756,1327,450,1100,560,1834,2012,495,542,1076,1408,262,284,1292,1239,566,1682,291,421,1885,205,1854,1142
1767: 
1639: 
179: 140,339,2015,547,315,1198,676,1230,1533,72,1855,102,2013,941,173,466
2003: 588,1708,933,487,1027,1036,1153,2002,737,857,752,1676,629,1294,1674,1843,335,1046,1944,610,793,1763,1471,1240,1103,323,1213,1638
2002: 588,1708,933,487,1027,1036,1153,737,857,752,1676,629,1294,1674,2003,1843,335,1046,1944,610,793,1763,1471,1240,1103,323,1213,1638
182: 1794,1421
183: 
184: 
185: 
186: 1512,1296
2008: 1894,1271,1482,1257,1159,1391,741,401,1322,281,1451,1819,1807,1600,1555,464,1248,353,325,1526,1261,1114,661,1822,1191,1380,1759,121,409
188: 120,390
1813: 1514,1040,952
1878: 828,1952,1666,777,474,638,1838,2005,61,1245,1458,465,868,1633,1749
191: 468
1476: 1803,840
193: 431,1609,385,310,1146,1393,2014,707,1166,825,1902,66,1548,1457,1069,1111,1229,1200,1683,1047,1,1338,812
1839: 
195: 2000,916,660,1549,197,644,1455,1387
196: 
197: 2000,54,916,660,1549,1844,1667,195,644,1455,1387
198: 
1611: 1341,806
1563: 
201: 781
202: 140,339,2015,547,1198,676,1230,1687,1533,72,1876,1044,1011,656,1865,1828,1266,2013,826,1019
203: 
1588: 
205: 756,1327,450,1100,560,1834,2012,495,542,1225,1076,1408,262,284,176,1292,1239,421,1885,1854,1142
1499: 
1779: 
208: 1375,1506,912,1051
209: 
210: 771,965,1342,710,703
211: 
1612: 1463,1313
213: 
214: 1881,696
215: 
1740: 
217: 784,894
218: 778,1845,923,1860,1849,492,1285,1559,731,2011
219: 
220: 
2001: 280,1339,561,1897,1428,117,1943,356,133,1538,1753,29,375,958,467,30,722,1934,358,1017,1228,1281,1616,437,1075
222: 
223: 675
1647: 1918,1145,662,1023,1071,1102,1523,1278,477,747,926,1083,1658,1780,503,586,592,2009
225: 1026
226: 
227: 1349,808
228: 
1583: 1874,10
230: 546,1025,763,2019,282,1171,1401,1034,620,1912,998,1147,1765
231: 
1469: 100,1932,1550,922,135,2018,1059,1887,1431,309,773
233: 
1693: 
235: 
236: 524,2000,54,844,660,1549,1844,1387
237: 
238: 
1618: 712,1363,634,1797,1969,917,817,1167,53,1837,1250,2016,1048,44,621,1715
240: 105,251,1454
241: 
1467: 
243: 830,1979
244: 
245: 
246: 1290
247: 1581,551,260,574
1719: 
249: 1039,2007,74,2006,842,1698,972,841,1910,1901,1758
250: 
251: 105,240,1454
1780: 1083,1658,1293,461,1120,503,586,592,2009,1918,1071,1102,1523,1647,1278,747,926
1799: 1669
254: 85,372
255: 1473
256: 
257: 1024
258: 585,136
259: 
260: 1581,247,551
261: 
262: 450,1834,2012,495,542,1225,1076,1408,176,1292,1239,1885,205,1854,1142
263: 
264: 1802,1300,1933,1691
265: 
266: 
267: 
268: 
269: 
1658: 1780,1293,461,1120,503,586,592,2009,1918,1071,1102,1523,1647,926
1534: 1272
1914: 
273: 
274: 
275: 1086,427,80,19,1556,1713,579,93,430,2010,1169,1484,1752,1101,1072,1717,384,508,328,295,1964,1641,32,34,1420
276: 
277: 
278: 1490,18
279: 
280: 1428,117,356,2001,1538,1753,29,375,958,467,30,722,1934,358,1228,1281,1616,437,1075
281: 1894,1271,1482,1257,1159,2008,1391,741,401,1322,1819,1807,1600,1555,464,1248,1380,1759
282: 376,296,546,1025,763,2019,1171,230,1401,1034,620,1912,1746,998,1147,446
1962: 17,1637
284: 756,1327,450,1100,560,1834,2012,495,542,1076,176,1292,1239,566,1682,291,421,1885,205,1854,1142,1149
285: 
286: 
287: 1837,981,1250,1368,1584,2016,1984,1626,44,1016,1926,621,319,1363,634,1969,917,53,1715
288: 1707
289: 
290: 1030,1692
291: 756,1327,1100,560,2012,542,1076,284,176,1292,1239,566,1682,421,1885,1149
292: 
293: 
294: 1817
295: 427,80,19,1556,275,579,93,430,2010,1169,1752,1101,1072,384,508,328,1964,32,1053,727,1531,34,1347
296: 376,546,1025,2019,282,1034,620,1912,1510,1746,998,446,1765
297: 
298: 
299: 
300: 
301: 
2014: 431,1609,385,310,1099,1146,704,1393,707,1166,825,193,1902,66,1548,1457,1069,1111,1229,1597,1200,1683,1047,1,1546,1338,812
303: 617,1422,1863,460,529,520,571,11,2004,1410,523,536,1434,1426,1448,1018,1788,1097,166,1056,1942,114,1500
304: 1087,1830
1795: 399
1562: 
307: 
308: 992
309: 100,1932,1550,922,135,2018,1059,1887,1431,1469,773,387
310: 431,1609,385,1099,1146,704,1393,2014,707,1166,825,193,1902,66,1457,1111,1229,1597,1200,1683,1546,1338,812
311: 
312: 1688
313: 
1930: 2017,695,968,1882,544,1640,1908,1718
315: 140,339,2015,179,547,1198,676,1230,1533,72,1855,102,1266,2013,466
1546: 1047,1,66,1548,1457,1111,1597,1683,385,310,2014,1166,1902,1338,812
317: 
318: 1462,371
319: 1837,981,1368,2016,1984,287,1626,1926,621,634,1969,1715
1974: 
321: 1891
322: 
323: 1213,1708,1036,2002,857,1294,1674,2003,1944,610,793
1806: 
325: 1526,1261,1114,661,1822,1894,1271,1482,1257,1159,2008,1391,741,1451,1819,1600,1555,353,1191,1380,121,409
326: 380,758,498,1606,663
327: 
328: 1086,427,80,19,275,1713,579,93,430,2010,1169,1484,1752,1101,1072,384,508,295,1964,1641,32,1053,34
329: 617,1422,460,529,11,2004,1236,536,1434,1981,166,1056,1389,114
330: 581,1258,1355
1586: 
332: 
333: 902,1031
334: 889
335: 588,487,1153,2002,737,752,1676,629,1294,2003,1843,1944,1763,1471,1240,1103
1991: 
337: 
338: 
339: 140,2015,179,547,315,1198,676,1230,1687,1533,72,1855,1876,102,202,1044,1011,1865,1828,1266,2013,826,1019,941,173,466
1755: 
341: 
342: 
343: 12,1090,493
1695: 
345: 
346: 
347: 1970,1315,1701
1514: 1813,1040,952
1838: 828,1255,1952,1666,777,474,638,2005,1245,1458,1878,465
350: 
351: 
1614: 827
353: 1894,1271,1159,2008,1391,1451,1600,1555,1248,325,1526,1261,1114,661,1822,1191,1380,1759,121,409
1548: 66,1457,1069,1111,1597,1200,1683,1047,1,1546,385,2014,1166,193,1902,1338
355: 
356: 280,561,1428,117,133,2001,1753,375,958,467,30,722,1934,358,1017,1228,1281,1616,437
1500: 1426,1448,1018,1788,1097,166,1942,114,617,1863,303,520,571,2004,1410,523,536,1434
358: 280,1339,1897,117,1943,356,133,2001,1538,1753,29,958,467,30,722,1017,1228,1281
359: 598,1664,168
360: 
361: 
1968: 1522
363: 
364: 
1835: 869,1224
1892: 646,1390,557,1633,1749,65,850,828,1255,1952,1666,777,474,638,798,2005,1414,1007,970,1458
1826: 
1984: 1837,981,1250,1368,1584,2016,287,1626,1048,44,1016,1926,621,319,1363,634,1969,1167,53,1715
369: 1864
370: 
371: 318,1462
372: 85,254
373: 
374: 
375: 280,1339,1428,117,356,2001,1538,1753,1934,1075
376: 296,546,1025,2019,282,1034,620,1912,1746,446
377: 1842
378: 
379: 
380: 758,498,1606,663,1405,326
1732: 
1673: 
383: 
384: 1086,427,80,19,275,579,93,430,2010,1484,1101,1072,508,328,295,32,1053,727,1531,34,1184,1347,1420
385: 431,1609,310,1099,1146,1393,2014,707,1166,825,193,1902,66,1548,1457,1069,1111,1229,1597,1200,1683,1047,1,1546,1338,812
386: 
387: 1645,100,1932,922,135,2018,1887,1431,309,773
1493: 
389: 
390: 188,120
391: 
392: 
1980: 1998,1592,859,580
394: 
395: 
1641: 1086,80,19,1556,275,1713,2010,1169,1484,1752,1101,1717,508,328,1964
397: 
398: 840
399: 1795
400: 
401: 1894,1271,1159,2008,1391,741,1322,281,1819,1600,1555,1248,1191,1380,1759,121
402: 155,1744
403: 1508,122
1961: 
405: 
406: 
1581: 247,551,260,574
408: 94
409: 1191,1380,1759,121,325,1114,661,1822,1894,1271,1159,2008,1451,1819,1600,1555,353
410: 33,1873
411: 
1538: 280,1339,1897,1428,117,1943,133,2001,1753,29,375,958,722,358,1017,1228
413: 1052
414: 893
1709: 
416: 
417: 1010,1862
1751: 1203
1580: 
420: 
421: 756,1327,1100,560,1834,2012,495,1076,1408,284,176,1239,566,1682,291,1885,205,1854
1749: 868,646,1390,557,1633,1892,65,850,465,828,1666,777,474,638,2005,61,1245,1414,1007,1458,1878
1532: 
424: 1226
425: 
426: 
427: 1086,80,19,275,1713,579,93,430,2010,1169,1484,1752,1101,1072,1717,384,508,328,295,1964,32,1053,727,1531,34,1184,1347,1420
428: 
429: 1212
430: 427,80,19,275,579,93,2010,1752,1072,384,508,328,295,34
431: 1609,385,310,1099,1146,704,1393,2014,707,1166,825,193,1902,66,1457,1111,1229,1200,1683,1,1338,812
432: 680,996,86,1222,938
433: 
434: 
1723: 573,1460,1800
436: 
437: 280,561,1428,117,356,2001,467,30,1934,1228,1281,1616
438: 
1827: 1121
1550: 100,922,135,2018,1059,1887,1431,309,1469,773
1986: 1439,1927,705
1555: 1894,1271,1482,1257,1159,2008,1391,741,401,1322,281,1451,1819,1807,1600,464,1248,353,325,1526,1261,661,1822,1191,1380,1759,121,409
443: 1536,982,1956,1234,1143,103
444: 
445: 1721
446: 376,296,546,1025,763,2019,282,1034,620,1912,1510,1746,998,1147,1765
1565: 
2006: 1039,2007,74,842,249,1698,972,841,1910,1901,1758,1161,1665
449: 481
450: 1327,1100,560,1834,2012,495,542,1225,1076,1408,262,284,176,1292,1239,1885,205,1142
1544: 
452: 
1752: 1086,427,80,19,1556,275,1713,579,430,2010,1169,1101,1072,508,328,295,1964,1641
454: 
1540: 543,1210
456: 
457: 1607,1442,153,932
1825: 1925,758,531,1606,1405
1897: 1943,2001,1538,1753,29,958,467,722,358,1017,1228
460: 617,1422,1863,303,529,520,571,11,2004,1410,1236,523,536,329,1434,1056
461: 1083,1658,1780,1293,1120,503,586,592,2009,1071,1102,1523,926
462: 
1811: 1782,10
464: 1482,1257,1159,2008,1391,741,1322,281,1451,1807,1600,1555,1248,1526,1261
465: 868,1633,1749,65,828,1952,1666,777,474,638,1838,2005,61,1245,1007,1458,1878
466: 1044,1011,656,751,1865,1828,1266,2013,826,1019,1569,941,173,140,339,2015,179,547,315,1198,676,1230,1533,72,1855,1876,102
467: 280,561,1897,356,2001,29,958,30,722,358,1017,1228,1281,1616,437
468: 191
469: 
470: 1216,800
1864: 369
472: 1104
473: 1381
474: 828,1255,1952,1666,777,638,798,1838,2005,61,1245,1414,1007,970,1458,1878,465,557,1633,1892,1749,65,850
1902: 431,385,310,1146,2014,707,1166,825,193,66,1548,1457,1111,1200,1683,1047,1,1546,1338,812
476: 1946
477: 1918,1145,662,1023,1071,1102,1647,1278,747,926,2009
478: 
479: 
480: 1585
481: 449
1937: 
1882: 2017,695,968,544,1640,1908,1718,1930
484: 
485: 
486: 
487: 588,1153,2002,737,752,1676,1294,1674,2003,335,1944,1471,1240,1103,1213,1638
488: 
1530: 1356,510
490: 
1851: 1260
492: 1849,1285,1559,731,2011,218,1845,1860
493: 1090,343
494: 
495: 450,560,1834,2012,542,1225,1076,1408,262,284,176,1292,1239,566,1682,421,1885,205,1854,1142
1688: 312,1979
1845: 218,778,923,1860,1849,492,1285,1559,731,2011
498: 380,758,1606,663,326
499: 
500: 
501: 
1553: 1659
503: 1083,1658,1780,1293,461,1120,586,592,2009,1918,1071,1102,1523,1647,747,926
1993: 797,1062
2017: 695,968,1882,544,1640,1908,1718,1930,1632
506: 
1650: 977
508: 1086,427,80,19,275,1713,579,93,430,2010,1169,1484,1752,1101,1072,1717,384,328,295,1964,1641,32,34,1420
1661: 
510: 1356,1530
511: 
1790: 
1482: 1894,1271,1257,1159,2008,1391,741,1322,281,1451,1819,1807,1600,1555,464,1248,325,1526,1261
1805: 
2011: 1849,492,1285,1559,731,218,778,1845,923,1860
516: 
1881: 696,214
518: 
519: 
520: 617,1422,1863,460,303,529,571,11,2004,1410,1236,523,536,1434,1426,1788,1942,1500
521: 
522: 
523: 617,1422,1863,460,303,529,520,571,11,2004,1410,1236,536,1434,1426,1448,1788,1942,114,1500
524: 236,2000,54,844,1844,1387
525: 
526: 
1551: 
528: 
529: 617,1422,1863,460,303,520,571,11,2004,1410,1236,523,536,329,1434,1788,1942,114
530: 1613
531: 1925,1825,1606
532: 
533: 999,7
534: 1703
1692: 1030,290
536: 617,1422,1863,460,303,529,520,571,2004,1410,1236,523,329,1434,1426,1448,1018,1788,1981,166,1056,1942,114,1500
1744: 402,155
1963: 
539: 
1949: 
541: 
542: 756,1327,450,1100,560,2012,495,1076,262,284,176,1292,1239,566,291,1885,205,1142,1149
543: 1210,68,1540
544: 2017,695,968,1882,1640,1908,1718,1930
1824: 
546: 376,296,1025,763,2019,282,1171,230,1401,1034,620,1912,1510,1746,998,1147,446,1765
547: 140,339,2015,179,315,1198,676,1230,1687,1533,72,1855,1876,102,202,1011,1865,1266,2013,826,941,173,466
1760: 
1739: 
1674: 588,1708,487,1036,1153,2002,737,857,752,1676,1294,2003,1843,1944,610,793,1240,1103,323,1213,1638
551: 1581,247,260,574
1976: 
1890: 1775
554: 
555: 1552
556: 
557: 646,1390,1633,1892,1749,65,850,1255,1666,777,474,638,798,2005,1414,1007,970
1484: 1086,427,19,275,1713,2010,1169,1101,1717,384,508,328,1964,1641,32,34,1184,1347,1420
559: 
560: 756,1327,450,1100,2012,495,542,1076,1408,284,176,1292,1239,291,421,1885,205,1854
561: 356,2001,467,30,722,1017,1228,1281,1616,437
562: 
563: 1252,1571
1954: 
565: 
566: 756,1327,1834,2012,495,542,1225,1076,284,176,1292,1239,1682,291,421,1885,1854,1142,1149
567: 
568: 
1885: 756,1327,450,1100,560,1834,2012,495,542,1225,1076,1408,262,284,176,1292,1239,566,1682,291,421,205,1854,1142,1149
570: 
571: 617,1422,1863,460,303,529,520,2004,1410,523,536,1426,166,1942,1500
1517: 1840
573: 1460,1800,1723
574: 1581,247,551
1999: 
576: 
577: 
578: 1726
579: 427,80,275,93,430,2010,1752,1072,384,508,328,295
580: 1592,859,1980,1998
581: 330,1258,1355
1559: 1849,492,1285,731,2011,218,778,1845,923,1860
583: 
584: 
585: 136,258
586: 1658,1780,1293,461,1120,503,592,2009,1918,662,1071,1102,1523,1647,926
1667: 2000,54,844,916,660,1549,1844,197,644,1387
588: 487,1036,1153,2002,737,857,752,1676,1294,1674,2003,1843,335,1944,793,1763,1471,1240,1103,1213,1638
1829: 
1696: 1957
1953: 
592: 1083,1658,1780,1293,461,1120,503,586,2009,1918,662,1071,1102,1523,1647,747,926
593: 1497,832
594: 
1712: 1131
596: 
597: 
598: 1664,359,168
599: 
600: 
1711: 
602: 
603: 1349
604: 
605: 
606: 
607: 
1867: 
1561: 955
610: 1708,933,1027,1036,2002,737,857,752,1676,629,1294,1674,2003,1843,1046,1944,793,1763,323
611: 
1726: 578
1539: 
1669: 1799
615: 763,2019,1510,1147,1765
616: 
617: 1422,1863,460,303,529,520,571,11,2004,1410,1236,523,536,329,1434,1426,1448,1018,1788,1981,1097,166,1056,1942,1389,114,1500
618: 
619: 1062,797
620: 376,296,546,1025,763,2019,282,1171,230,1401,1034,1912,1746,998,1147,446
621: 1837,981,1250,1368,2016,1984,287,1626,1048,44,1926,319,712,1363,634,1618,1969,917,1167,53,1715
622: 
1812: 
624: 
625: 
626: 
2009: 1083,1658,1780,1293,461,1120,503,586,592,1918,1145,662,1023,1071,1102,1523,1647,1278,477,747,926
628: 158
629: 1708,933,1027,1036,1153,2002,737,752,1676,2003,1843,335,1046,1944,610,793,1763,1471
1629: 
1769: 1092
632: 
1497: 593,832
634: 712,1363,1797,1618,1969,917,817,1167,53,1837,981,1250,1368,2016,1984,287,1626,1048,44,1926,621,319,1715
635: 
1927: 1439,705,1986
637: 978,1117,1158
638: 828,1255,1952,1666,777,474,798,1838,2005,61,1245,1414,1007,970,1458,1878,465,868,646,557,1633,1892,1749,65,850
1683: 66,1548,1457,1069,1111,1597,1200,1047,1,1546,431,385,310,1146,2014,707,1166,825,193,1902,1338,812
1542: 
641: 
1615: 
1855: 339,2015,179,547,315,676,1230,72,1876,102,1865,1266,2013,826,1569,941,173,466
644: 2000,54,916,660,1549,1844,197,1667,195,1455,1387
645: 1987,864
646: 868,1390,557,1633,1892,1749,65,850,828,1666,777,638,2005,970,1458
647: 
1656: 
649: 935
650: 
651: 
652: 
653: 1655,1895
1573: 
655: 
656: 1044,1011,751,1865,1828,1266,2013,826,1019,1569,941,466,2015,676,72,202
657: 
1633: 868,646,1390,557,1892,1749,65,850,465,828,1255,1952,1666,777,474,638,798,2005,61,1245,1414,1007,970,1458,1878
659: 1572
660: 2000,54,916,1549,1844,197,1667,195,644,1455,1387,236
661: 1114,1822,325,1526,1894,1271,1159,2008,1600,1555,353,1191,1380,121,409
662: 1918,1145,1023,1071,1102,1523,1647,1278,477,926,1293,586,592,2009
663: 380,758,498,1606,1405,326
664: 36
1488: 
666: 
667: 
668: 
669: 780,1973
670: 
671: 
1912: 376,296,546,1025,763,2019,282,230,1034,620,1510,1746,998,1147,446,1765
673: 
1765: 296,546,1025,763,2019,1171,230,1034,1912,1510,998,1147,446,615
675: 223
676: 140,339,2015,179,547,315,1198,1230,1687,1533,72,1855,1876,102,202,1044,1011,656,751,1865,1828,1266,2013,826,1019,1569,941,173,466
1572: 659
678: 1192
679: 979
680: 432,996,86,1222,938
681: 
1776: 
683: 
684: 
1511: 
1969: 712,1363,634,1618,917,1167,53,1837,981,1250,1368,2016,1984,287,621,319,1715
687: 1720
1778: 
1840: 1517
690: 1913,1662,1623
1694: 
692: 1529
1616: 280,561,356,2001,467,30,722,1228,1281,437
694: 
695: 2017,968,1882,544,1640,1908,1718,1930,1632
696: 1881,214
1874: 1583
698: 
699: 
1491: 
1584: 1837,981,1250,2016,1984,287,1626,1048,44,1016,1926
702: 
703: 771,965,1342,710,210
704: 431,1609,310,1099,1146,1393,2014,707,1166,1457,1229
705: 1439,1927,1986
706: 1336,893
707: 431,1609,385,310,1099,1146,704,1393,2014,1166,825,193,1902,1457,1111,1229,1200,1683,812
708: 
709: 1591
710: 771,965,210,703
711: 
712: 1363,634,1618,1969,917,817,1167,53,1837,1250,1368,2016,621,1715
713: 
714: 
715: 
1876: 140,339,2015,547,1198,676,1230,1687,1533,72,1855,202,1044,1011,1828,1266,2013,826,173,466
717: 1915
718: 
1944: 588,1708,933,487,1027,1036,1153,2002,737,857,752,1676,629,1294,1674,2003,1843,335,610,793,1763,1471,1240,1103,323,1213,1638
1642: 
721: 914
722: 280,561,1897,1428,117,1943,356,133,2001,1538,1753,29,958,467,30,358,1017,1228,1281,1616
1734: 
724: 1269,62,1345,1256
1579: 6
726: 
727: 1531,34,1184,1347,1420,427,19,93,2010,1101,384,295,32,1053
1613: 530
1472: 
1704: 
731: 1849,492,1285,1559,2011,218,778,1845,923,1860
732: 992
1933: 1802,1691,264
734: 1591
735: 
736: 
737: 588,487,1027,1036,1153,2002,857,752,1676,629,1294,1674,2003,1843,335,1944,610,793,1763,1471,1240,1103,1213,1638
738: 
739: 
740: 
741: 1894,1271,1482,1257,1159,2008,1391,401,1322,281,1451,1819,1807,1600,1555,464,1248,325,1261,1380,1759,121
1549: 2000,54,916,660,1844,197,1667,195,644,1455,1387,236
743: 
1591: 709,734
1982: 
1567: 1073
747: 1918,1145,1023,1071,1102,1647,1278,477,926,1083,1780,503,592,2009
748: 
1879: 
750: 1524
751: 1044,656,1865,1828,1266,2013,826,1019,1569,941,173,466,2015,676,72
752: 588,1708,933,487,1027,1036,1153,2002,737,857,1676,629,1294,1674,2003,1843,335,1046,1944,610,793,1763,1471,1240
753: 1880
754: 
755: 
756: 1327,1100,560,2012,542,1076,284,176,566,1682,291,421,1885,205,1854
1606: 380,758,531,498,1825,663,1405,326
758: 1925,380,498,1825,1606,663,1405,326
759: 
1684: 130
761: 
762: 
763: 546,1025,2019,282,1171,230,1401,1034,620,1912,1510,1746,998,1147,446,1765,615
764: 
765: 
766: 
767: 
1846: 
769: 1160,1675
1730: 
771: 965,1342,710,210,703
772: 
773: 100,1932,1550,922,135,2018,1059,1887,1431,309,1469,1645,387
774: 
775: 
1880: 753
777: 828,1255,1952,1666,474,638,798,1838,2005,1245,1414,1007,970,1458,1878,465,868,646,1390,557,1633,1892,1749,65
778: 218,1845,923,1860,1849,1285,1559,731,2011
779: 
780: 1399,1973,669
781: 201
1705: 
783: 1653
784: 217,894
1785: 
786: 
787: 1165
788: 1603
789: 
790: 
791: 
792: 
793: 588,1708,1027,1036,2002,737,857,752,1676,629,1294,1674,2003,1843,1944,610,1240,323,1213,1638
794: 
795: 
796: 
797: 1993,1062,619
798: 828,1255,1952,1666,777,474,638,2005,61,1245,1414,1007,970,557,1633,1892,850
799: 
800: 1216,470
801: 1556,2010,1169,1964
1917: 
1502: 
1609: 431,385,310,1099,1146,704,1393,2014,707,1166,825,193,1229
1919: 
806: 1341,1611,1589
1631: 
808: 1349,227
809: 
810: 
1571: 1252,563
812: 1338,66,1683,1,1546,431,385,310,1146,2014,707,1166,825,193,1902
813: 
814: 
1849: 492,1285,1559,731,2011,218,778,1845,923,1860
816: 
817: 712,1363,634,1797,1618,917,53,2016,1048,44
818: 
819: 
1802: 1300,1933,1691,264
1533: 140,339,2015,179,547,315,1198,676,1230,1687,72,1876,102,202,1044,1011,1865,1266,2013,466
822: 1366,1031,902
1898: 919
824: 1853
825: 431,1609,385,310,1099,1146,1393,2014,707,1166,193,1902,66,1200,1683,1,1338,812
826: 1044,1011,656,751,1865,1828,1266,2013,1019,1569,941,173,466,140,339,2015,547,1198,676,1230,1687,72,1855,1876,202
827: 1614
828: 1255,1952,1666,777,474,638,798,1838,2005,61,1245,1414,1007,970,1458,1878,465,868,646,1633,1892,1749,65
1975: 
830: 243,1979
1608: 
832: 593,1497
833: 
834: 
835: 1295
836: 
1942: 1426,1448,1018,1788,1981,1097,166,1056,1389,114,1500,617,1422,1863,303,529,520,571,11,2004,1410,523,536,1434
2016: 1837,981,1250,1368,1584,1984,287,1626,1048,44,1016,1926,621,319,712,1363,634,1797,1618,1969,917,817,1167,53,1715
839: 
840: 398,1476,1803
841: 1039,2007,74,2006,842,249,972,1910,1901,1758,1161,1665
842: 1039,2007,74,2006,249,1698,972,841,1910,1901,1758,1161
843: 
844: 2000,54,1844,1667,1387,236,524
1844: 2000,54,844,916,660,1549,197,1667,644,1387,236,524
1690: 
1843: 588,1027,1153,2002,737,752,1676,629,1674,2003,335,1944,610,793,1763,1471,1240
848: 
849: 
850: 868,646,1390,557,1633,1892,1749,65,1666,474,638,798,2005,61,1414,1007,970
851: 
1569: 656,751,1865,1266,2013,826,1019,941,173,466,2015,676,72,1855
1891: 321
1507: 
855: 
1691: 1802,1300,1933,264
857: 588,1708,1027,1036,2002,737,752,1676,1294,1674,2003,1046,1944,610,793,323,1213,1638
858: 
859: 1592,580,1980,1998
1848: 
1503: 
862: 1089
863: 
864: 645,1987
865: 
1747: 
2019: 376,296,546,1025,763,282,1171,230,1401,1034,620,1912,1510,1746,998,1147,446,1765,615
868: 646,1390,1633,1749,65,850,465,828,1666,777,638,2005,1458,1878
869: 1224,1835
870: 
1595: 
872: 
1585: 1174,480
874: 
1934: 280,1428,117,356,2001,1753,375,1228,437,1075
876: 
1852: 
878: 
879: 
880: 1302
1887: 100,1932,1550,922,135,2018,1059,1431,309,1469,773,1645,387
882: 
2018: 100,1932,1550,922,135,1059,1887,1431,309,1469,773,1645,387
1492: 
885: 
1560: 
1836: 
1508: 403,122
889: 334
1698: 1039,2007,74,2006,842,249,972,1910,1901
891: 1308
892: 
893: 414,706,1336
894: 217,784
895: 
1921: 
897: 
898: 
899: 26
1714: 
901: 
902: 333,822,1366,1031
1506: 912,1051,208,1375
1510: 296,546,1025,763,2019,1034,1912,1746,998,1147,446,1765,615
905: 1305,157,1223
906: 
907: 
908: 
909: 
910: 
1536: 1956,443,1234,1143,103
912: 1506,1051,208,1375
1676: 588,1708,487,1027,1036,1153,2002,737,857,752,629,1294,1674,2003,1843,335,1944,610,793,1763,1471,1240,1103,1638
914: 721
915: 
916: 2000,54,660,1549,1844,197,1667,195,644,1455,1387
917: 712,1363,634,1797,1618,1969,817,1167,53,1837,1250,2016,287,44,621,1715
918: 
919: 1898
920: 
1900: 1186,1820
922: 100,1550,135,2018,1059,1887,1431,309,1469,773,1645,387
923: 218,778,1845,1860,1849,1285,1559,731,2011
1526: 325,1261,1114,661,1822,1894,1271,1482,1257,1159,2008,1391,1451,1600,1555,464,353
925: 
926: 1918,1145,662,1071,1102,1523,1647,1278,477,747,1083,1658,1780,1293,461,503,586,592,2009
1788: 1426,1448,1018,1097,166,1942,1389,114,1500,617,1422,1863,303,529,520,11,2004,1410,523,536,1434
928: 
2007: 1039,74,2006,842,249,1698,972,841,1910,1901,1758,1161,1665
930: 
931: 
932: 1110,457,1442,153
933: 1708,1027,1036,2002,752,629,2003,1046,1944,610,1763
934: 1429,1115
935: 649
1509: 1439
937: 
938: 86,1222,996,432,680
1713: 1086,427,80,19,1556,275,2010,1169,1484,1752,1101,1717,508,328,1964,1641,32,34,1347,1420
1804: 
941: 1011,656,751,1865,1266,2013,826,1019,1569,173,466,339,2015,179,547,676,1230,72,1855,102
942: 
1746: 376,296,546,1025,763,2019,282,1171,1401,1034,620,1912,1510,998,1147,446
1531: 727,34,1184,1347,427,19,93,2010,384,295,32,1053
1640: 2017,695,968,1882,544,1908,1718,1930,1632
946: 1406
1486: 
948: 1109,1082,1429
1998: 1980,1592,859,580
1822: 1114,661,325,1526,1894,1271,1159,2008,1451,1600,1555,353,1191,1380,121,409
951: 
952: 1813,1514,1040
1990: 
954: 
955: 1561
956: 
1830: 304,1087,1112
958: 280,1339,1897,1428,117,1943,356,133,2001,1538,1753,29,467,30,722,358,1017,1228,1281
1959: 
960: 
2000: 54,844,916,660,1549,1844,197,1667,195,644,1455,1387,236,524
962: 
963: 
1958: 1247,1398
965: 771,1342,710,210,703
966: 
1763: 588,933,1027,1036,1153,2002,737,752,1676,629,1294,2003,1843,335,1944,610,1471,1240,1103
968: 2017,695,1882,544,1640,1908,1718,1930
969: 
970: 828,1255,1666,777,474,638,798,2005,1414,1007,646,1390,557,1633,1892,65,850
971: 
972: 1039,2007,74,2006,842,249,1698,841,1910,1901,1758,1161,1665
973: 
1955: 
1782: 1811,10
1643: 
977: 1650,1783
978: 637,1117
979: 679
980: 
981: 1837,1250,1368,1584,2016,1984,287,1626,44,1016,1926,621,319,1363,634,1969,53,1715
982: 1359,1956,443,1232,1234
983: 1394,1359,994,1232
1687: 140,339,2015,547,1198,676,1230,1533,1876,202,1044,1011,1828,1266,2013,826
1664: 598,359,168
1862: 1010,417
1866: 
1498: 
989: 
990: 
2015: 140,339,179,547,315,1198,676,1230,1687,1533,72,1855,1876,102,202,1044,1011,656,751,1865,1828,1266,2013,826,1019,1569,941,173,466
992: 308,732
993: 
994: 1359,1232,1394,983
995: 
996: 86,1222,938,432,680
997: 
998: 296,546,1025,763,2019,282,1171,230,1401,1034,620,1912,1510,1746,1147,446,1765
999: 533,7
1819: 1894,1271,1482,1257,1159,2008,1391,741,401,1322,281,1600,1555,1248,325,1191,1380,1759,121,409
1794: 182,1421
1002: 
1483: 
1004: 1197
1610: 
1703: 534
1007: 828,1255,1952,1666,777,474,638,798,2005,61,1245,1414,970,1458,465,557,1633,1892,1749,65,850
1554: 
1009: 
1010: 417,1862
1011: 1044,656,1865,1828,1266,2013,826,1019,941,466,140,339,2015,547,676,1687,1533,72,1876,102,202
1920: 
1013: 
1014: 1199
1015: 1957
1016: 1837,981,1250,1584,2016,1984,287,1626,1048,44,53
1017: 1339,561,1897,1428,1943,356,133,2001,1538,1753,29,958,467,30,722,358,1228
1018: 1426,1448,1788,1981,1097,166,1056,1942,1389,114,1500,617,1422,303,2004,536,1434
1019: 1044,1011,656,751,1865,1828,1266,2013,826,1569,941,173,466,339,2015,676,72,102,202
1020: 
1021: 
1022: 
1023: 1918,1145,662,1071,1102,1523,1647,1278,477,747,2009
1024: 257
1025: 376,296,546,763,2019,282,1171,230,1034,620,1912,1510,1746,998,446,1765
1026: 225
1027: 1708,933,1036,2002,737,857,752,1676,629,1294,2003,1843,1046,1944,610,793,1763,1471
1028: 
1621: 
1030: 290,1692
1031: 822,1366,333,902
1770: 
1033: 
1034: 376,296,546,1025,763,2019,282,1171,230,1401,620,1912,1510,1746,998,1147,446,1765
1854: 756,560,1834,2012,495,1225,1076,1408,262,284,176,1239,566,1682,421,1885,205
1036: 588,1708,933,1027,2002,737,857,752,1676,629,1294,1674,2003,1046,1944,610,793,1763,1471,323,1213
1037: 
1038: 
1039: 2007,74,2006,842,249,1698,972,841,1910,1901,1758,1161,1665
1040: 1813,1514,952
1041: 
1521: 
1043: 
1044: 1011,656,751,1865,1828,1266,2013,826,1019,173,466,140,339,2015,676,1230,1687,1533,72,1876,202
1045: 
1046: 1708,933,1027,1036,2002,857,752,629,2003,610
1047: 1,1546,66,1548,1457,1069,1111,1597,1200,1683,385,2014,193,1902,1338
1048: 1837,1250,1584,2016,1984,1626,44,1016,621,1363,634,1797,1618,817,1167,53
1970: 1315,1701,347
1050: 
1051: 1506,912,103,208,1375
1052: 413
1053: 427,80,19,93,2010,1169,1101,1717,384,328,295,1964,32,727,1531,34,1184,1347,1420
1054: 
1055: 
1056: 1448,1018,1981,1097,166,1942,1389,114,617,1422,1863,460,303,2004,1236,536,329,1434
1620: 
1487: 
1059: 100,1932,1550,922,135,2018,1887,309,1469,773,1645
1060: 
1061: 
1062: 619,797,1993
1741: 60
1064: 
1820: 1900,1186
1066: 
1067: 
1068: 
1069: 1548,1457,1111,1229,1597,1200,1683,1047,385,1146,2014,1166,193
1638: 1213,588,487,2002,737,857,1676,1294,1674,2003,1944,793,1240,1103
1071: 1918,1145,662,1023,1102,1523,1647,1278,477,747,926,1083,1658,1780,1293,461,503,586,592,2009
1072: 427,80,275,579,93,430,2010,1752,1101,384,508,328,295
1073: 1567
1074: 
1075: 280,1339,1428,117,2001,1753,375,1934
1076: 756,1327,450,1100,560,1834,2012,495,542,1225,1408,262,284,176,1292,1239,566,1682,291,421,1885,205,1854,1142
1077: 
1841: 
1079: 
1956: 1536,982,443,1234,1143,103
1783: 977
1082: 1109,948
1083: 1780,461,503,592,2009,1071,1102,1647,1278,747,926
1084: 
1925: 758,531,1825
1086: 427,80,19,1556,275,1713,2010,1169,1484,1752,1101,1717,384,508,328,1964,1641,32,34,1420
1087: 304,1830
1697: 
1089: 862
1090: 493,343,12
1091: 
1092: 1769
1093: 
1094: 
1095: 
1096: 
1097: 1448,1018,1788,1981,166,1056,1942,1389,114,1500,617,303,2004,1434
1098: 
1099: 431,1609,385,310,1146,704,1393,2014,707,1166,825,66,1457,1229,1597,1200
1100: 756,1327,450,560,2012,542,1076,284,176,1292,291,421,1885,205
1101: 1086,427,80,19,1556,275,1713,93,2010,1169,1484,1752,1072,1717,384,508,328,295,1964,1641,32,1053,727,34,1347,1420
1102: 1918,1145,662,1023,1071,1523,1647,1278,477,747,926,1083,1658,1780,1293,461,503,586,592,2009
1103: 588,487,1153,2002,737,1676,1294,1674,2003,335,1944,1763,1471,1240,1638
1104: 472
1105: 
1106: 1227,159
1909: 
1108: 
1109: 1082,1429,948
1110: 1670,932,1442,153
1111: 66,1548,1457,1069,1229,1597,1200,1683,1047,1,1546,431,385,310,1146,2014,707,1166,193,1902,1338
1112: 1830
1113: 
1114: 661,1822,325,1526,1894,1159,2008,353,121,409
1115: 1429,934
1116: 
1117: 978,637,1158
1118: 1308
1720: 687
1120: 1658,1780,1293,461,503,586,592,2009,1523
1121: 1827
1122: 
1123: 
1124: 
1834: 450,2012,495,1225,1076,1408,262,284,176,1239,566,1682,421,1885,205,1854,1142
1126: 1351
1127: 1190,55
1128: 
1129: 1299
1130: 
1131: 1712
1512: 186,1296
1133: 
1134: 
1809: 
1136: 
1552: 555
1831: 
1873: 410
1140: 
1141: 
1142: 450,1834,2012,495,542,1225,1076,1408,262,284,176,1292,1239,566,1885,205,1149
1143: 1536,1956,443,103
1144: 
1145: 1918,662,1023,1071,1102,1523,1647,1278,477,747,926,2009
1146: 431,1609,385,310,1099,704,1393,2014,707,1166,825,193,1902,66,1457,1069,1111,1229,1597,1200,1683,812
1147: 546,763,2019,282,1171,230,1401,1034,620,1912,1510,1746,998,446,1765,615
1148: 
1149: 1327,2012,542,1225,284,1292,1239,566,1682,291,1885,1142
1150: 
1151: 
1152: 1361,126
1153: 588,487,2002,737,752,1676,629,1294,1674,2003,1843,335,1944,1763,1471,1240,1103
1773: 
1155: 
1156: 
1863: 617,1422,460,303,529,520,571,2004,1410,1236,523,536,1434,1426,1788,166,1056,1942,114,1500
1158: 637,1117
1159: 1894,1271,1482,1257,2008,1391,741,401,1322,281,1451,1819,1600,1555,464,1248,353,325,1526,1261,1114,661,1822,1191,1380,1759,121,409
1160: 769,1675
1161: 1039,2007,74,2006,842,972,841,1910,1901,1758,1665
1162: 
1163: 
1818: 1276
1165: 787
1166: 431,1609,385,310,1099,1146,704,1393,2014,707,825,193,1902,66,1548,1457,1069,1111,1229,1597,1200,1683,1546,1338,812
1167: 712,1363,634,1618,1969,917,53,1837,1250,1368,2016,1984,1048,621,1715
1168: 1814
1169: 1086,427,80,19,1556,275,1713,2010,1484,1752,1101,1717,508,328,801,295,1964,1641,32,1053,1420
1170: 
1171: 546,1025,763,2019,282,230,1401,1034,620,1746,998,1147,1765
1172: 
1602: 
1174: 1585
1901: 1039,2007,74,2006,842,249,1698,972,841,1910,1758,1161,1665
1582: 
1177: 
1178: 
1814: 1168
1513: 
1981: 1448,1018,1097,166,1056,1942,1389,114,617,1422,2004,536,329,1434
1182: 
1183: 1365,1277
1184: 727,1531,34,1347,1420,427,19,2010,1484,1717,384,32,1053
1185: 
1186: 1900,1820
1187: 
1895: 1655,653
1566: 
1190: 55,1127
1191: 1380,1759,121,409,325,661,1822,1894,1271,1159,2008,401,1819,1600,1555,353
1192: 678
1193: 
1700: 
1607: 457,1442,153
1617: 
1197: 1004
1198: 140,339,2015,179,547,315,676,1230,1687,1533,72,1876,202,1828,1266,2013,826,466
1199: 1014
1200: 66,1548,1457,1069,1111,1229,1597,1683,1047,1,431,385,310,1099,1146,1393,2014,707,1166,825,193,1902
1201: 
1679: 
1203: 1751
1637: 17,1962
1205: 
1206: 
1592: 859,580,1980,1998
1208: 
1951: 
1210: 543,1540
1675: 1160,769
1212: 429
1213: 323,1638,588,1708,487,1036,2002,737,857,1294,1674,2003,1944,793
2013: 1044,1011,656,751,1865,1828,1266,826,1019,1569,941,173,466,140,339,2015,179,547,315,1198,676,1230,1687,1533,72,1855,1876,102,202
1215: 144
1216: 73,470,800
1217: 
1218: 
1219: 
1220: 31
1946: 476
1222: 86,938,996,432,680
1223: 157,905
1224: 869,1835
1225: 450,1834,2012,495,1076,1408,262,1292,1239,566,1682,1885,205,1854,1142,1149
1226: 424
1227: 1106,159
1228: 280,1339,561,1897,1428,117,1943,356,133,2001,1538,1753,958,467,30,722,1934,358,1017,1281,1616,437
1229: 66,1457,1069,1111,1597,1200,431,1609,385,310,1099,1146,704,1393,2014,707,1166,193
1230: 140,339,2015,179,547,315,1198,676,1687,1533,72,1855,1876,102,202,1044,1865,1828,1266,2013,826,941,173,466
1717: 1086,427,19,1556,275,1713,2010,1169,1484,1101,508,1964,1641,32,1053,34,1184,1347,1420
1232: 1359,982,994,983
1837: 981,1250,1368,1584,2016,1984,287,1626,1048,44,1016,1926,621,319,712,1363,634,1618,1969,917,1167,53,1715
1234: 1536,982,1956,443
1913: 1662,690,1623
1236: 617,1422,1863,460,529,520,11,2004,523,536,329,1434,1056,1389,114
1721: 445
1924: 
1239: 1327,450,560,1834,2012,495,542,1225,1076,1408,262,284,176,1292,566,1682,291,421,1885,205,1854,1142,1149
1240: 588,487,1153,2002,737,752,1676,1294,1674,2003,1843,335,1944,793,1763,1103,1638
1241: 
1821: 
1243: 38
1244: 
1245: 828,1255,1952,1666,777,474,638,798,1838,2005,61,1007,1458,1878,465,1633,1749
1627: 
1247: 1398,1958
1248: 1894,1271,1482,1257,1159,2008,1391,741,401,1322,281,1451,1819,1600,1555,464,353,1261,1380,1759,121
1474: 
1250: 1837,981,1368,1584,2016,1984,287,1626,1048,44,1016,1926,621,712,1363,634,1797,1618,1969,917,1167,53,1715
1251: 
1252: 563,1571
1597: 66,1548,1457,1069,1111,1229,1200,1683,1047,1546,385,310,1099,1146,2014,1166
1254: 77
1255: 828,1952,1666,777,474,638,798,1838,2005,1245,1414,1007,970,1458,557,1633,1892
1256: 1269,62,724
1257: 1894,1271,1482,1159,2008,1391,741,1322,281,1451,1819,1807,1600,1555,464,1248,325,1526,1261
1258: 330,581,1355
1259: 1518
1260: 1851
1261: 325,1526,1894,1482,1257,1159,2008,1391,741,1322,1451,1807,1555,464,1248,353
1979: 830,243,1688
1263: 
1264: 
1645: 387,100,1932,922,135,2018,1059,1887,773
1266: 1044,1011,656,751,1865,1828,2013,826,1019,1569,941,173,466,140,339,2015,547,315,1198,676,1230,1687,1533,72,1855,1876,102,202
1267: 1312
1268: 
1269: 62,1345,1256,724
1915: 717
1271: 1894,1482,1257,1159,2008,1391,741,401,281,1819,1600,1555,1248,353,325,1526,661,1822,1191,1380,1759,121,409
1272: 1534
1943: 1339,1897,1428,133,2001,1538,1753,958,722,358,1017,1228
1274: 1792
1275: 
1276: 1818
1277: 1365,1183
1278: 1918,1145,662,1023,1071,1102,1523,1647,477,747,926,1083,1780,2009
2010: 1086,427,80,19,1556,275,1713,579,93,430,1169,1484,1752,1101,1072,1717,384,508,328,801,295,1964,1641,32,1053,727,1531,34,1184,1347,1420
1280: 
1281: 280,561,117,356,2001,1753,29,958,467,30,722,358,1228,1616,437
1894: 1271,1482,1257,1159,2008,1391,741,401,281,1451,1819,1600,1555,1248,353,325,1526,1261,1114,661,1822,1191,1380,1759,121,409
1283: 
1875: 
1285: 1849,492,1559,731,2011,218,778,1845,923,1860
1286: 
1287: 
1288: 
1289: 
1290: 246
1291: 132
1292: 1327,450,1100,560,2012,495,542,1225,1076,262,284,176,1239,566,1682,291,1885,205,1142,1149
1293: 1658,1780,461,1120,503,586,592,2009,1918,662,1071,1102,1523,926
1294: 588,1708,487,1027,1036,1153,2002,737,857,752,1676,1674,2003,335,1944,610,793,1763,1471,1240,1103,323,1213,1638
1295: 835
1296: 186,1512
1800: 573,1460,1723
1932: 100,135,2018,1059,1887,309,1469,773,1645,387
1299: 1129
1300: 1802,1691,264
1301: 
1302: 880
1303: 
1304: 
1305: 905,157
1306: 
1987: 645,864
1308: 1118,891
1309: 
1310: 
1677: 
1312: 1267
1313: 1463,1612
1496: 
1315: 1970,1701,347
1316: 
1317: 
1666: 828,1255,1952,777,474,638,798,1838,2005,61,1245,1414,1007,970,1458,1878,465,868,646,1390,557,1633,1892,1749,65,850
1524: 750
1320: 
1708: 933,1027,1036,2002,857,752,1676,629,1294,1674,2003,1046,1944,610,793,323,1213
1322: 1482,1257,1159,2008,1391,741,401,281,1451,1819,1807,1600,1555,464,1248,1261,1759
1323: 
1957: 1015,1696
1325: 
1908: 2017,695,968,1882,544,1640,1718,1930
1327: 756,450,1100,560,2012,542,1076,284,176,1292,1239,566,291,421,1885,205,1149
1522: 1968
1329: 
1330: 
1331: 
1772: 
2012: 756,1327,450,1100,560,1834,495,542,1225,1076,1408,262,284,176,1292,1239,566,1682,291,421,1885,205,1854,1142,1149
1556: 1086,80,19,275,1713,2010,1169,1752,1101,1717,801,295,1964,1641,32
1335: 
1336: 706,893
1600: 1894,1271,1482,1257,1159,2008,1391,741,401,1322,281,1819,1807,1555,464,1248,353,325,1526,661,1822,1191,1380,1759,409
1338: 812,66,1548,1111,1683,1047,1,1546,431,385,310,2014,1166,825,193,1902
1339: 1428,117,1943,133,2001,1538,1753,375,958,358,1017,1228,1075
1793: 
1341: 1611,806,1589
1342: 771,965,210,703
1807: 1482,1257,2008,1391,741,1322,281,1600,1555,464,1261
1344: 
1345: 1269,62,724
1603: 788
1347: 727,1531,34,1184,1420,427,19,1713,93,2010,1484,1101,1717,384,295,1964,32,1053
1935: 
1349: 808,227,603
1632: 2017,695,1640
1351: 1126
1964: 1086,427,80,19,1556,275,1713,2010,1169,1484,1752,1101,1717,508,328,801,295,1641,32,1053,34,1347,1420
1353: 
1777: 
1355: 330,581,1258
1356: 510,1530
1357: 
1358: 20
1359: 982,994,1232,1394,983
1668: 
1361: 1152,126
1362: 
1363: 712,634,1797,1618,1969,917,817,1167,53,1837,981,1250,2016,1984,287,1048,44,621,1715
1529: 692
1365: 1277,1183
1366: 822,1031,902
1850: 
1368: 1837,981,1250,2016,1984,287,1626,1926,621,319,712,634,1969,1167,1715
1369: 
1370: 
1371: 
1665: 1039,2007,74,2006,972,841,1910,1901,1758,1161
1373: 51
1374: 
1375: 208,1506,912,1051
1655: 653,1895
1626: 1837,981,1250,1368,1584,2016,1984,287,1048,44,1016,1926,621,319,634
1378: 
1379: 
1380: 1191,1759,121,409,325,661,1822,1894,1271,1159,2008,1391,741,401,281,1451,1819,1600,1555,1248,353
1381: 473
1382: 
1796: 
1952: 828,1255,1666,777,474,638,798,1838,2005,61,1245,1414,1007,1458,1878,465,1633,1892
1385: 
1386: 
1387: 2000,54,844,916,660,1549,1844,197,1667,195,644,1455,236,524
1388: 
1389: 1018,1788,1981,1097,166,1056,1942,114,617,1422,11,2004,1236,329,1434
1390: 868,646,557,1633,1892,1749,65,850,1666,777,2005,970,1458
1391: 1894,1271,1482,1257,1159,2008,741,401,1322,281,1451,1819,1807,1600,1555,464,1248,353,325,1526,1261,1380,1759,121
1392: 
1393: 431,1609,385,310,1099,1146,704,2014,707,1166,825,193,1457,1229,1200
1394: 1359,994,983
1395: 
1781: 
1523: 1918,1145,662,1023,1071,1102,1647,1278,926,1658,1780,1293,461,1120,503,586,592,2009
1398: 1247,1958
1399: 780,1973
1400: 
1401: 546,763,2019,282,1171,230,1034,620,1746,998,1147
1402: 
1403: 
1404: 
1405: 380,758,1825,1606,663
1406: 946
1541: 
1408: 450,560,1834,2012,495,1225,1076,262,176,1239,421,1885,205,1854,1142
1853: 824
1410: 617,1863,460,303,529,520,571,2004,523,536,1426,1788,1942,1500
2005: 828,1255,1952,1666,777,474,638,798,1838,61,1245,1414,1007,970,1458,1878,465,868,646,1390,557,1633,1892,1749,65,850
1412: 
1413: 
1414: 828,1255,1952,1666,777,474,638,798,2005,61,1007,970,557,1633,1892,1749,65,850
1596: 
1918: 1145,662,1023,1071,1102,1523,1647,1278,477,747,926,1658,1780,1293,503,586,592,2009
1519: 
1593: 
1473: 255
1420: 727,34,1184,1347,1086,427,19,275,1713,2010,1169,1484,1101,1717,384,508,1964,32,1053
1421: 182,1794
1422: 617,1863,460,303,529,520,571,11,2004,1236,523,536,329,1434,1448,1018,1788,1981,166,1056,1942,1389,114
1940: 
1654: 
1775: 1890
1426: 1448,1018,1788,166,1942,1500,617,1863,303,520,571,2004,1410,523,536
1965: 
1428: 280,1339,117,1943,356,133,2001,1538,1753,375,958,30,722,1934,1017,1228,437,1075
1429: 1109,948,1115,934
1430: 
1431: 100,1550,922,135,2018,1887,309,1469,773,387
1886: 
1433: 
1434: 617,1422,1863,460,303,529,520,11,2004,1236,523,536,329,1448,1018,1788,1981,1097,166,1056,1942,1389,114,1500
1659: 1553
1748: 
1437: 
1438: 
1439: 1509,1927,705,1986
1440: 
1441: 
1442: 1607,457,153,932,1110
1443: 
1518: 1259
1445: 
1446: 
1792: 1274
1448: 1426,1018,1788,1981,1097,166,1056,1942,114,1500,617,1422,303,2004,523,536,1434
1495: 
1450: 
1451: 1894,1482,1257,1159,2008,1391,741,1322,1555,464,1248,353,325,1526,1261,1822,1380,1759,121,409
1452: 
1453: 
1454: 251,240
1455: 2000,54,916,660,1549,197,195,644,1387
1456: 
1457: 66,1548,1069,1111,1229,1597,1200,1683,1047,1546,431,385,310,1099,1146,704,1393,2014,707,1166,193,1902
1458: 828,1255,1952,1666,777,474,638,1838,2005,61,1245,1007,1878,465,868,646,1390,1633,1892,1749,65
1459: 
1460: 573,1800,1723
1973: 1399,780,669
1462: 318,371
1463: 1612,1313