0: 
1: 1166,1069,1902,193,812,1111,1597,825,1457,898,2014,707,1338,1683,1609,1546,66,1099
2: 743,1871
3: 43
1803: 289
1926: 1584,917,44,712,1048,2016,1016,1715,53,1167,1368,634
6: 663,1287,1545
7: 484,1514
1797: 
9: 
10: 
11: 1410,1434,2004,523,1236,114,1097,577,1863
12: 1975
13: 
1865: 2015,547,1266,1198,202,1230,1569,2013,1019,315,173,826
15: 
16: 726,1306,347,77
17: 
18: 683,1476,1492
19: 1484,1086,2010,1752,1053,34,1717,1169,1641
20: 1815,343,786
21: 1812
22: 
23: 
24: 
25: 
26: 1655,496
1910: 
28: 1312,1346
29: 984,476
30: 
31: 
32: 1101,727,1086,1556,2010,1531,1752,34,1717,508,1169,430,1641
33: 111,229
34: 1556,2010,1531,1752,1053,1717,508,1169,430,1641,1484,19,1086,32,1101,727
35: 846,951,876,824,928,1593
36: 
37: 
38: 391
39: 45,386
40: 
41: 157,559,90,1818
42: 
43: 3
44: 1584,287,917,712,1048,2016,1016,1715,1926,226,53,1167,1250,1626,1368,634
45: 39,386
46: 411,1400
47: 
48: 1775,767,259
49: 
50: 1234
51: 
52: 
53: 1584,917,44,712,1048,2016,1016,1715,1926,1167,1368,634
54: 644,195,916,2000,197,1455,844,236
55: 581,1643
56: 1822,1280
1860: 968,511
58: 735
59: 1654
60: 
61: 
62: 1317,1518,924,947
63: 911,934
64: 1690,1115,105
65: 850,798,1892,1666,2005,638,868,1414,1838,1749
66: 825,1457,898,2014,707,1338,1683,1609,1546,1099,1166,1069,1902,193,812,1
67: 
68: 1463
69: 
1972: 1920,102
71: 148,82,1072,763
72: 2015,1266,1198,202,1230,1569,2013,1019,315,1011,1044,173
73: 
74: 2007,1698,249,2006,1665,1161,1039,972
75: 
76: 419
77: 501,726,16,1306,347
78: 
79: 
80: 771,363,1619
81: 501,1779,1925
82: 1072,763,71,148
83: 1216
1989: 
85: 297,692,1720
86: 
87: 298,1524,1308
88: 1800,1151,1066
89: 466,779,997
90: 1567,1818,706,228,157,559,41
91: 
92: 1567,706,228
93: 328
94: 1473
95: 354,1206
1916: 1403,1330,1554,1783
97: 1630,1915,783,606
98: 1842
99: 353
100: 387,773,1059,135,2018,1431,1932,1887,1645
101: 
102: 1920,1972
103: 665
104: 
105: 1690,64,1115
106: 625
107: 
108: 146,1817
109: 628
110: 388,1580,1595,507,1756,1610,1260,593,1829
111: 33,892,229
112: 
113: 
114: 1426,1410,1389,2004,11,1236,577
115: 629,857,1763,2003,1153,299,1471,323,1036
116: 1358,871,1951,121
117: 1428,722,561,1897,335,1934,2001,1281,1538,1753,685,958
118: 
119: 1374,1748,1852,777
120: 182,1165,979,738
121: 1358,116,871,1951
122: 
123: 
124: 1160,1987
125: 
126: 
127: 
128: 
129: 
130: 1430,810,891
131: 
132: 
133: 711,432,1846
134: 
135: 387,100,773,1059,2018,1431,1932,1550,1645
136: 
137: 1886
138: 
139: 
140: 673,656,1770,1876
141: 260
142: 
143: 
144: 1542
1842: 98
146: 108,1817
147: 
148: 71,82,1072,763
1801: 
150: 989,1701
151: 
152: 
153: 
154: 
155: 
156: 244,973,239,427,1534
157: 559,41,1567,90,1818,706
158: 1128,965,1217,233
159: 
160: 1805
1899: 
162: 
163: 1329,1712
164: 1316
165: 
166: 456
167: 257,273
168: 
169: 
170: 
1828: 
172: 
173: 2015,547,1266,1198,202,1230,72,1569,1865,2013,1019,315,1011,1044,826
2004: 1942,617,1426,1410,1981,1434,1389,523,1422,520,11,1236,114,1097,577,1448,1863,329,1056
175: 1591,1074,1924,1116,1563
176: 
177: 290
178: 
179: 
2003: 1027,629,115,857,610,1763,1153,299,1471,323,1036
2002: 1708,737,1103,1638,1944,1843,933,1729,865,1170,588,752
182: 1165,979,120,738
183: 1772,449,1424
184: 
185: 966
186: 
2008: 1482,1114,1555,1261,1322,1451,661,1271,1257,1191,409,1600,1894,1159,401,325,281,741
188: 
1823: 
1878: 828,850,798,1892,1666,1007,1390,465,2005,638,451,1245,868,1414,1838,646,1749
191: 1891,1141,1742
192: 
193: 1166,1069,1902,812,1,825,1457,2014,1338,1683,1609,66,1099
194: 
195: 54,644,916,2000,197,1455,844,1844,660,236
196: 
197: 524,916,2000,1455,844,1844,660,54,644,195,236
198: 
199: 
200: 1351,254
201: 
202: 2015,547,1266,1198,1230,72,1569,1865,2013,1019,315,1011,1044,173
203: 
204: 
205: 1885,262,2012,1225,1292,1100,1834,291,450
206: 
207: 
208: 
209: 808,1258,526
210: 1295,1588
211: 
212: 
213: 787,1178,217
214: 1614
215: 1162
1869: 
217: 787,213,1178
218: 
219: 1386,835
220: 1300
2001: 117,1428,722,467,561,375,1897,1058,1075,335,1934,1281,1293,1538,1753,1616,685,1228,860,958,1337,356
222: 1252,1003
223: 269
224: 1241,1703
225: 
226: 1584,287,917,44,712,1048,2016,1016,1715,1250,1626
227: 
228: 1567,90,92,706
229: 111,33
230: 
231: 1050,1104,1855,1391
232: 1714,789
233: 1128,965,158,1217
234: 1587
235: 1394,796
236: 2000,197,1455,844,1844,660,54,644,195
237: 
238: 645,367
239: 244,973,156,427,1534
240: 
241: 
242: 1540
243: 791,312
244: 156,239,427,1534
245: 1766,1203
246: 
247: 1224,1040,939
248: 
249: 2007,2006,74,1665,1161,1039,972
250: 1433
251: 1537,444
252: 
1799: 
254: 1351,200
255: 
256: 1247,904,1073,414
257: 273,167
258: 
259: 761,48,1775,767
260: 141
261: 
262: 1885,2012,1225,1292,756,1100,1834,205,291,450
263: 
264: 1341,699
265: 
266: 1510,338
267: 408
268: 
269: 223
270: 
271: 
1914: 1505
273: 257,167
274: 
275: 1684
276: 841
277: 1219
278: 535
279: 
280: 
281: 1191,409,1600,1894,1159,401,325,741,1555,1322,2008,1257
282: 
1962: 
284: 2012,1225,1292,1100,566,1834,1854,291
285: 
286: 903
287: 1584,917,44,712,2016,1016,1715,226,1250,1626,1368
288: 
289: 369,1803
290: 1809,177
291: 1885,262,2012,1225,1292,756,1100,284,1834,1854,205,450
292: 
293: 1661,1781,1009
294: 
295: 
296: 1765,2019,1171,615,376,1401,1147,1912
297: 85,692,1720
298: 1524,1308,87
299: 1027,629,115,857,610,1763,2003,1153,1471,1036
300: 1096,803
301: 
302: 
303: 
304: 
1795: 
306: 
307: 
308: 1068,889,383,1560,1218,897
309: 922
310: 1393,1111,385,1597,825,898,2014,707,1338,1609,431
311: 732
312: 791,243
313: 
1930: 1882,1718,544,2017,1908
315: 2015,547,1266,1198,202,1230,72,1569,1865,2013,1019,1011,1044,173,826
316: 1180,1549,1973
317: 1486
318: 739,1694,762,717,829
319: 1618,1866
1974: 
321: 
322: 
323: 629,115,2003
1806: 
325: 1191,409,1600,1894,1159,401,281,741,1555,1322,1451,661,1271,2008,1257
326: 622
327: 1295
328: 93
329: 1056,1942,617,1434,2004,1422,520,1448
330: 1617,1603
331: 
332: 
333: 
334: 1263,1182,1136
335: 117,1428,722,561,375,1897,1058,1075,1934,2001,1281,1538,685
1991: 
337: 542
338: 266,1510
339: 
340: 
341: 1963,390
342: 
343: 1815,632,786,20
344: 
345: 
346: 681
347: 726,16,1306,77
1903: 
1838: 850,1892,1666,65,1390,465,2005,638,1245,1878,868,1414,646,1749
350: 
351: 
352: 1021
353: 426,99
354: 1206,95
355: 781
356: 1293,1538,1616,685,1228,1428,722,467,375,1897,1075,1934,2001,1281
357: 
358: 
359: 
360: 
361: 
1968: 1586,1825
363: 771,1619,80
364: 
1835: 1041,1980,1349
1892: 828,850,798,1666,1007,65,1390,465,2005,638,451,1245,1878,868,1414,1838,646
367: 645,238
1984: 1633
369: 289
370: 
371: 
372: 
373: 
374: 
375: 1428,722,561,1897,1075,335,1934,2001,1281,1293,1538,1753,1616,685,1228,356
376: 2019,1034,1171,615,296,546,1401,1147
377: 382,1462,807
378: 
379: 
380: 
1966: 
382: 377,1462,807
383: 1068,889,308,1560,1218,897
384: 1406,1028,1734,1864,1509
385: 1111,310,1597,2014,1099
386: 39,45
387: 100,773,1059,135,2018,1431,1932,1887,1645
388: 110,1580,1595,507,1756,1610,1260,593
389: 1848
390: 1963,341
391: 38
392: 
1980: 1041,1835,580,869,1349
394: 
395: 1773,762,829
396: 
397: 
398: 
399: 
400: 1706,611
401: 1191,409,1600,1894,1159,325,281,741,1482,1114,1555,1261,1322,1451,661,1271,2008,1257
402: 
403: 
1961: 
405: 574,834,543
406: 1697,1508
407: 1777,1112
408: 267
409: 1191,1600,1894,1159,401,325,281,741,1114,661,2008
410: 
411: 1400,46
412: 
413: 
414: 256
415: 
416: 
417: 962,1832
418: 
419: 76
420: 1057,1998
421: 
422: 
423: 651,1109
424: 
425: 766,1108
426: 353
427: 244,973,156,239,1534
428: 519
429: 941,673,656
430: 1556,2010,1531,1752,1053,34,1717,508,1169,1641,1086,32,1101,727
431: 825,898,2014,707,1338,1683,1609,1546,1393,310,1597
432: 133,711,1846
433: 1614
434: 1475,554
435: 
436: 
437: 
438: 
1827: 
440: 
1986: 
442: 
443: 
444: 1537,251
445: 
446: 1765,2019,1034,1171,615,546,1401,1912,1025
447: 
2006: 2007,1698,249,74,1665,1161,1039,972
449: 1772,183,1424
450: 1885,262,2012,1292,205,291
451: 828,850,1892,1666,1007,1390,465,2005,1245,1878,646
452: 978,1685
453: 
454: 
455: 
456: 166
457: 1670
1825: 1586,1968
1897: 117,1428,722,561,375,1075,335,1934,2001,1281,1293,1538,1753,1616,685,1228,356
460: 
461: 586,1918,1658,1071,1780,1102,1023,2009,662,747,1523,926,1120,477
462: 1054
1811: 992
464: 
465: 828,850,1892,1666,1007,1390,2005,638,451,1245,1878,1838,646
466: 779,997,89
467: 1428,722,561,1058,1075,1934,2001,1281,1228,958,356
468: 
469: 944
470: 1395
1864: 1509,1406,1028,384,1734
472: 1387
473: 800
474: 
1902: 1166,1069,193,812,1,825,1457,2014,1338,1683,1609,66,1099
476: 29,984
477: 503,1145,1780,1102,1023,2009,662,1523,926,1120,1278,592,586,1918,1658,1083,461
478: 
479: 
480: 
481: 
1937: 1117
1882: 1718,544,1930,2017,1908
484: 1514,7,1813
485: 
486: 
487: 
488: 
1928: 1485
490: 1204,1585
1851: 
492: 731,2011,1845,923,1285,1559
493: 
494: 
495: 960
496: 26,1655
1845: 923,1285,1559,731,492,2011
498: 1241,1703
499: 1026
500: 
501: 81,1779,77,1925
1810: 
503: 1145,1780,1023,2009,662,1523,926,1120,477,1647,1278,592,586,1083
1993: 1062,576
2017: 1882,1718,544,1930,695,1908
506: 
507: 388,110,1580,1756,1610,1260
508: 1556,2010,1531,1752,1053,34,1169,430,1641,1484,32,1101,727
509: 
510: 
511: 1860,1640,968
512: 
513: 700
514: 
2011: 731,492,1845,923,1285,1559
516: 
1881: 874
518: 
519: 428
520: 1942,617,1981,1434,1389,2004,523,1422,1097,577,1448,1863,329
521: 
522: 
523: 1410,1981,1434,1389,2004,520,11,1236,1097,577,1863
524: 916,2000,197,1455,844,1844,660,644
525: 
526: 209,808,1258
527: 
528: 
529: 872
530: 
531: 
532: 885,1504
533: 994,912,1325
534: 
535: 278
536: 
537: 
538: 
539: 
1949: 
541: 
542: 337
543: 574,405,834
544: 1882,1718,1930,2017,695,1908
1824: 
546: 2019,1034,1171,615,376,1912,446
547: 2015,1266,1198,202,1569,1865,2013,315,1011,173,826
548: 
549: 
550: 
551: 630
1976: 
1890: 1002,1541
554: 1475,434
555: 
556: 1677,1957
557: 
558: 
559: 157,41,90,1818
560: 1321
561: 117,1428,722,467,375,1897,1058,1075,335,1934,2001,1281,1538,1753,685,958
562: 
563: 
1954: 
565: 
566: 1885,2012,1225,1292,756,1100,284,1834,1854
567: 
568: 990
1885: 262,2012,1225,1292,756,1100,566,1834,205,291,450
570: 1186
571: 1452
572: 
573: 
574: 405,834,543
575: 
576: 1993,1062
577: 1942,617,1426,1410,1981,1434,1389,2004,523,1422,520,11,1236,114,1097
578: 
579: 1933
580: 869,1349,1041,1980
581: 1643,55
582: 
583: 
584: 832
585: 1360,1650,1919
586: 1918,1658,1071,1083,461,503,1145,1780,1102,1023,2009,662,747,1523,926,1120,477
587: 1624
588: 737,1638,2002,933,1729,752
1829: 110,1580,1595,1756,1610,1260,593
590: 
1953: 1796
592: 503,1145,1780,1023,2009,662,1523,926,1120,477,1647,1278
593: 388,110,1580,1595,1756,1610,1260,1829
594: 
595: 840,1684,1300,744
596: 
597: 
598: 
599: 
600: 
601: 1496
602: 1945
603: 1566
604: 
605: 
606: 783,1630,1915,97
607: 
1867: 1347
609: 
610: 1027,857,1763,2003,299,1471
611: 1706,400
612: 
613: 970
614: 665
615: 1765,2019,1034,1171,296,546,376,1401,1147,1912,446
616: 963,1513
617: 1942,1426,1981,1434,1389,2004,1422,520,1236,577,1448,329,1056
618: 
619: 
620: 
621: 2016,1167,1368,634
622: 326
1812: 21
624: 
625: 106
626: 995,1305,1982
2009: 503,1145,1780,1102,1023,662,747,1523,926,1120,477,1647,1278,592,586,1918,1658,1071,1083,461
628: 109
629: 115,857,1763,2003,1153,299,1471,323
630: 1791,551
631: 
632: 1815,654,343,1090
633: 
634: 44,1048,2016,1016,1715,1926,53,1167,1368,621
635: 1215,1923
1927: 
637: 
638: 828,850,798,1892,1666,1007,65,1390,465,2005,1245,1878,868,1414,1838,646,1749
639: 
640: 
641: 
642: 
1855: 1104,1391,231
644: 54,195,524,916,2000,197,1455,844,1844,660,236
645: 238,367
646: 850,1892,1666,1390,465,2005,638,451,1245,1878,868,1414,1838,1749
647: 
648: 
649: 
650: 
651: 423,1109
652: 1909,932
653: 
654: 1815,632,1090
655: 
656: 140,941,673,1770,429,1876
657: 
658: 1031
659: 1113,1589
660: 844,1844,524,2000,197,1455,644,195,236
661: 1482,1114,1555,1261,1322,1451,1271,2008,1257,1191,409,1600,1894,1159,401,325,741
662: 503,1145,1780,1102,1023,2009,747,1523,926,1120,477,1647,1278,592,586,1918,1658,1071,1083,461
663: 1287,1545,6
664: 1544,1990
665: 614,103
666: 1898,1442
667: 
668: 
669: 
670: 
671: 
1912: 1765,2019,1171,615,296,546,1401,446,1025
673: 140,941,656,429,1876
674: 
675: 
676: 
677: 1004
678: 
679: 
680: 1095
681: 346
682: 
683: 815,18,1476,1492
684: 
685: 1293,1538,1753,1616,1228,860,958,1337,356,117,722,561,375,1897,335,2001,1281
1969: 
687: 1436
688: 
1840: 
690: 742
691: 
692: 1720,85,297
693: 
694: 
695: 1908,544,2017
696: 1621
1874: 
698: 
699: 1341,264
700: 513
701: 1381
702: 
703: 
704: 
705: 1028,1299,1509
706: 1567,90,1818,92,228,157
707: 825,1457,898,2014,1338,1683,1609,1546,431,66,1393,310,1597,1166,1
708: 
709: 
710: 1202,1879,1736
711: 133,432,1846
712: 1584,287,917,44,1048,2016,1016,1715,1926,226,53,1167,1250,1626,1368
713: 1032
714: 
715: 
1876: 140,673,656,1770
717: 1773,762,829,318,1694
718: 
1944: 1708,1103,2002,1843,933,865,1170
720: 
721: 1853
722: 117,1428,467,561,375,1897,1058,1075,335,1934,2001,1281,1293,1538,1753,1616,685,1228,958,356
723: 
724: 1956,1652,982,1110,774
725: 903,1205
726: 16,1306,347,77
727: 32,1101,1484,1086,2010,1531,1752,34,1717,508,1169,430,1641
1994: 
729: 
1906: 
731: 492,2011,1845,923,1285,1559
732: 311
1933: 579
734: 
735: 58
736: 
737: 1103,1638,2002,933,1729,588,752
738: 182,1165,979,120
739: 318,1694
740: 
741: 1191,409,1600,1894,1159,401,325,281,1482,1114,1555,1261,1322,1451,661,1271,2008,1257
742: 690
743: 1871,2
744: 840,1684,595
745: 
746: 
747: 1145,1780,2009,662,926,1120,1647,1278,586,1918,1658,1071,1083,461
748: 
1879: 710,1202,1736
750: 
751: 
752: 1708,737,1103,1638,2002,1843,933,1729,865,588
753: 
754: 
755: 
756: 1885,262,2012,1225,1292,1100,566,1834,1854,291
757: 
758: 1298
759: 
760: 1730,1398
761: 259,1775,767
762: 1773,395,717,829,318,1694
763: 82,1072,71,148
764: 
765: 
766: 425,1108
767: 48,1775,761,259
1846: 133,711,432
769: 914,1123
770: 
771: 363,1619,80
772: 1536
773: 387,100,1059,135,2018,1431,1932,1550,1645
774: 1956,1652,724,1110
775: 
1880: 
777: 1374,1748,1852,119
778: 
779: 466,997,89
780: 
781: 355
782: 
783: 606,97
784: 
785: 
786: 1815,343,20
787: 213,1178,217
788: 
789: 1714,232
790: 
791: 243,312
792: 
793: 
794: 1253,1098
795: 
796: 1394,235
797: 
798: 828,850,1892,1666,1007,65,2005,638,1878,868,1414
799: 
800: 473
801: 
1917: 
803: 300,938,1096
1945: 602
805: 1826
806: 
807: 382,377,1462
808: 209,1258,526
809: 
810: 130,891
811: 
812: 1166,1069,1902,193,1,1457,2014,1683,1546,66
813: 
814: 
815: 1420,683
816: 
817: 
818: 858
819: 1955
1802: 1124,1691
821: 
822: 
1898: 666,1442
824: 846,951,35,876,928
825: 1457,898,2014,707,1338,1683,1609,1546,431,66,1111,310,1597,1099,1166,1069,1902,193,1
826: 2015,547,1266,1198,1569,1865,2013,315,173
827: 976
828: 850,798,1892,1666,1007,1390,465,2005,638,451,1878
829: 1773,762,395,717,318,1694
830: 
831: 
832: 584
833: 
834: 574,405,543
835: 1386,219
836: 1754,1481,1197
837: 
2016: 1584,287,917,44,712,1048,1016,1715,1926,226,53,1167,1250,1626,1368,634,621
839: 
840: 1684,595,1300,744
841: 276
842: 
843: 
844: 1844,660,524,916,2000,197,1455,54,644,195,236
1844: 844,660,524,2000,197,1455,644,195,236
846: 951,35,824,928,1593
1843: 1708,1103,1638,1944,2002,933,1729,865,1170,752
848: 
849: 
850: 828,798,1892,1666,1007,65,1390,465,2005,638,451,1245,1878,868,1414,1838,646,1749
851: 
852: 
1891: 191
1996: 
855: 
856: 
857: 1027,629,115,610,1763,2003,1153,299,1471,1036
858: 818
859: 999
860: 1293,1538,1753,1616,685,958,1337,2001,1281
861: 1441
862: 1959,1486,1530
863: 
864: 
865: 1708,1103,1638,1944,2002,1843,933,1729,1170,752
1947: 
2019: 1765,1034,1171,615,296,546,376,1401,1147,1912,446,1025
868: 850,798,1892,1666,65,1390,2005,638,1245,1878,1414,1838,646,1749
869: 580,1349,1041,1980
870: 
871: 1358,116,1951,121
872: 529
873: 
874: 1881
1934: 117,1428,722,467,561,375,1897,1058,1075,335,2001,1281,1538,356
876: 951,35,824,928
1852: 1374,1748,119,777
878: 
879: 
880: 
1887: 2018,1431,1932,1645,387,100,1059
882: 
2018: 1431,1932,1550,1887,1645,387,100,773,1059,135
884: 1397
885: 1504,532
886: 
1836: 1709
888: 
889: 1068,383,308,1560,1218,897
1791: 630
891: 1430,130,810
892: 111
893: 
894: 1091
895: 
1921: 
897: 1068,889,383,308,1218
898: 825,2014,707,1338,1683,1609,1546,431,66,1393,1111,310,1597,1
899: 
900: 
901: 
902: 1301
903: 1205,725,286
904: 1247,1073,256
905: 
906: 
907: 
908: 
909: 
910: 
911: 63,934,1583
912: 994,1325,533
913: 
914: 769,1123
915: 
916: 524,2000,197,1455,844,54,644,195
917: 1584,287,44,712,1048,2016,1016,1715,1926,226,53,1250,1626,1368
918: 
919: 1249,1642
920: 1565,1707
1900: 1809,1032
922: 309
923: 1845,1285,1559,731,492,2011
924: 62,1518,947
925: 
926: 503,1145,1780,1102,1023,2009,662,747,1523,1120,477,1647,1278,592,586,1918,1658,1071,1083,461
927: 
928: 846,951,35,876,824,1593
929: 
930: 1156,1043,1359
931: 1168
932: 1909,652
933: 1708,737,1103,1638,1944,2002,1843,1729,865,1170,588,752
934: 63,911,1583
935: 
936: 
937: 
938: 1096,803
939: 247,1224,1040
1804: 1015,1808,1444
941: 673,656,1770,429
942: 
943: 
944: 469
945: 
946: 
947: 62,1317,1518,924
948: 
1998: 1057,420
1822: 56,1280
951: 846,35,876,824,928,1593
952: 
1990: 1544,664
954: 
955: 1488,1561
956: 1256
1830: 
958: 1753,1616,685,1228,860,1337,117,722,467,561,2001,1281
959: 1117
960: 495
2000: 524,916,197,1455,844,1844,660,54,644,195,236
962: 417,1832
963: 1513,616
1958: 
965: 1128,158,1217,233
966: 185
967: 
968: 1860,1640,1119,511
969: 
970: 613
971: 
972: 2007,249,2006,74,1665,1161,1039
973: 156,239,427,1534
974: 
975: 
976: 827
977: 
978: 452,1685
979: 182,1165,120,738
980: 
981: 
982: 1956,1652,724,1110,1612
983: 
984: 29,476
985: 
1862: 
987: 
988: 1320,1590
989: 150,1701
990: 568
2015: 547,1266,1198,202,1230,72,1569,1865,2013,1019,315,1011,1044,173,826
992: 1811
993: 
994: 912,1325,533
995: 1305,1982,626
996: 1562,1150,1935
997: 466,779,89
998: 1272
999: 859
1000: 
1794: 1659,1571,1740
1002: 1541,1890
1003: 1252,222
1004: 677
1005: 1054
1006: 
1007: 828,850,798,1892,1666,1390,465,2005,638,451,1878
1008: 
1009: 293,1781
1010: 
1011: 2015,547,1266,1198,202,1230,72,1569,2013,1019,315,1044,173
1920: 102,1972
1013: 
1014: 1761,1449
1015: 1808,1444,1804
1016: 1584,287,917,44,712,1048,2016,1715,1926,226,53,1167,1368,634
1017: 
1018: 1493
1019: 2015,1198,202,1230,72,1569,1865,2013,315,1011,1044,173
1020: 
1021: 1418,352
1022: 
1023: 503,1145,1780,1102,2009,662,1523,926,1120,477,1647,1278,592,586,1658,1071,461
1024: 
1025: 1765,2019,1171,1401,1912,446
1026: 499
1027: 857,610,1763,2003,1153,299,1471
1028: 705,1406,384,1734,1299,1864,1509
1029: 
1030: 
1031: 658
1032: 1900,713,1809
1033: 
1034: 2019,1171,615,546,376,1147,446
1035: 
1036: 115,857,1763,2003,1153,299
1037: 
1038: 
1039: 2007,1698,249,2006,74,1665,1161,972
1040: 247,1224,939
1041: 1835,1980,580,869,1349
1042: 
1043: 930,1156,1359
1044: 2015,1266,1198,202,1230,72,1569,2013,1019,315,1011,173
1045: 
1046: 
1047: 1362,1819
1048: 1584,917,44,712,2016,1016,1715,1926,226,53,1167,1626,1368,634
1970: 1467
1050: 231,1391
1051: 
1052: 
1053: 2010,1752,34,1717,508,1169,430,1641,1484,19
1054: 462,1005
1055: 1454
1056: 329,1942,617,2004,1422,1448
1057: 420,1998
1058: 1428,722,467,561,1075,335,1934,2001
1059: 387,100,773,135,2018,1431,1887,1645
1060: 
1061: 
1062: 1993,576
1063: 
1064: 1511
1820: 
1066: 1151,88
1067: 1460
1068: 889,383,308,1560,1218,897
1069: 1166,1902,193,812,1,825,1457,2014,1683,66
1070: 
1071: 586,1918,1658,1083,461,1145,1780,1102,1023,2009,662,747,1523,926,1120,1647
1072: 82,763,71,148
1073: 1247,904,256
1074: 175,1924,1116,1563
1075: 1428,722,467,561,375,1897,1058,335,1934,2001,1281,1293,1538,1228,356
1076: 1849
1077: 
1841: 
1079: 1212
1956: 1652,724,982,1110,774,1612
1081: 
1082: 
1083: 586,1918,1658,1071,503,1145,1780,2009,662,747,926,477,1647
1084: 
1925: 501,81,1779
1086: 1484,19,2010,1531,1752,34,1717,1169,430,1641,32,1101,727
1087: 
1088: 
1089: 
1090: 1815,654,632
1091: 894
1092: 
1093: 
1094: 
1095: 680
1096: 300,938,803
1097: 1981,1434,2004,523,520,11,577,1448,1863
1098: 1253,1361,794
1099: 1111,385,1597,825,2014,1338,1683,1609,66,1166,1902,193,1
1100: 1885,262,2012,1225,1292,756,284,566,1834,1854,205,291
1101: 32,727,1086,1556,2010,1531,1752,34,1717,508,430,1641
1102: 1780,1023,2009,662,1523,926,1120,477,586,1918,1658,1071,461
1103: 737,1638,1944,2002,1843,933,1729,865,1170,752
1104: 1855,1391,231
1105: 1345
1106: 
1909: 932,652
1108: 766,425
1109: 651,423
1110: 1956,1652,724,982,774,1612
1111: 385,310,1597,825,898,2014,1338,1609,1099,1
1112: 407,1777
1113: 659,1589
1114: 1482,1555,1261,1451,661,1271,2008,1257,409,1894,1159,401,741
1115: 1690,64,105
1116: 1563,175,1074,1924
1117: 959,1937
1118: 
1119: 1640,968
1120: 503,1145,1780,1102,1023,2009,662,747,1523,926,477,1647,1278,592,586,1918,1071,461
1121: 
1122: 
1123: 769,914
1124: 1831,1691,1802
1834: 1885,262,2012,1225,1292,756,1100,284,566,1854,205,291
1126: 
1127: 
1128: 965,158,1217,233
1129: 1309,1140
1130: 1223
1131: 
1907: 
1133: 1632,1196
1134: 
1809: 290,1900,1032
1136: 1263,334,1182
1137: 
1831: 1124,1691
1873: 
1140: 1309,1129
1141: 1742,191
1142: 1632,1327,1196
1143: 
1144: 
1145: 503,1780,1023,2009,662,747,926,1120,477,1647,1278,592,586,1918,1071,1083
1146: 1693,1445
1147: 1765,2019,1034,1171,615,296,376,1401
1148: 
1149: 
1150: 1562,1935,996
1151: 88,1066
1152: 1195
1153: 1027,629,115,857,1763,2003,299,1471,1036
1154: 
1155: 
1156: 930,1043,1359
1863: 1981,2004,523,520,11,1097
1158: 
1159: 1191,409,1600,1894,401,325,281,741,1482,1114,1555,1261,1322,1451,661,2008,1257
1160: 124,1987
1161: 2007,1698,249,2006,74,1665,1039,972
1162: 215
1163: 
1818: 90,706,157,559,41
1165: 182,979,120,738
1166: 1069,1902,193,812,1,825,1457,2014,707,1338,1683,1609,1546,66,1099
1167: 44,712,1048,2016,1016,1926,53,1368,634,621
1168: 931
1169: 1556,2010,1531,1752,1053,34,1717,508,430,1641,1484,19,1086,32,727
1170: 1103,1944,2002,1843,933,865
1171: 1765,2019,1034,615,296,546,376,1401,1147,1912,446,1025
1172: 
1847: 
1174: 1323
1901: 
1923: 1215,635
1177: 
1178: 787,213,217
1814: 1688
1180: 316,1549,1973
1981: 1942,617,1434,1389,2004,523,1422,520,1236,1097,577,1448,1863
1182: 1263,334,1136
1183: 
1184: 
1185: 
1186: 570
1187: 
1895: 1786
1189: 
1190: 
1191: 409,1600,1894,1159,401,325,281,741,1482,1555,1261,1322,1451,661,2008,1257
1192: 
1193: 
1194: 
1195: 1313,1152,1314,1769
1196: 1632,1142,1133
1197: 1481,836,1754
1198: 2015,547,1266,202,1230,72,1569,1865,2013,1019,315,1011,1044,173,826
1199: 
1200: 
1201: 
1202: 710,1879,1736
1203: 1766,245
1204: 1585,490
1205: 903,725
1206: 354,95
1856: 
1208: 
1951: 1358,116,871,121
1210: 1692,1302
1211: 
1212: 1079
1213: 
2013: 2015,547,1266,1198,202,1230,72,1569,1865,1019,315,1011,1044,173,826
1215: 635,1923
1216: 83
1217: 1128,965,158,233
1218: 1068,889,383,308,897
1219: 277
1220: 
1221: 
1222: 
1223: 1130
1224: 247,1040,939
1225: 1885,262,2012,1292,756,1100,284,566,1834,1854,205,291
1226: 1443,1364
1227: 
1228: 1293,1538,1753,1616,685,958,1337,356,722,467,375,1897,1075,2001,1281
1229: 
1230: 2015,1198,202,72,1569,1865,2013,1019,315,1011,1044,173
1231: 
1232: 
1837: 
1234: 50
1913: 
1236: 1942,617,1426,1410,1981,1434,1389,2004,523,11,114,577,1448
1871: 743,1311,2
1924: 175,1074,1116,1563
1239: 
1240: 
1241: 224,1703,498
1821: 
1243: 1438
1244: 
1245: 850,1892,1666,1390,465,2005,638,451,1878,868,1414,1838,646,1749
1246: 1760
1247: 904,1073,256
1248: 
1249: 919,1642
1250: 1584,287,917,44,712,2016,1715,226,1626
1251: 
1252: 222,1003,1725
1253: 1098,1361,794
1254: 
1255: 1633
1256: 956
1257: 1482,1114,1555,1261,1322,1451,661,1271,2008,1191,1600,1894,1159,401,325,281,741
1258: 209,808,526
1259: 1463
1260: 388,110,1580,1595,507,1756,1610,593,1829
1261: 1482,1114,1555,1322,1451,661,1271,2008,1257,1191,1159,401,741
1979: 1450
1263: 334,1182,1136
1264: 
1265: 
1266: 2015,547,1198,202,72,1569,1865,2013,315,1011,1044,173,826
1267: 
1268: 
1269: 
1915: 1630,97,606
1271: 1482,1114,1555,1261,1322,1451,661,2008,1257,1894,401,325,741
1272: 998
1273: 
1274: 1336,1613
1275: 
1276: 
1277: 
1278: 503,1145,1780,1023,2009,662,747,926,1120,477,1647,592
2010: 1556,1531,1752,1053,34,1717,508,1169,430,1641,1484,19,1086,32,1101,727
1280: 56,1822
1281: 117,1428,722,467,561,375,1897,1075,335,1934,2001,1293,1538,1753,1616,685,1228,860,958,1337,356
1894: 1191,409,1600,1159,401,325,281,741,1482,1114,1322,1451,661,1271,2008,1257
1283: 
1875: 1611
1285: 1845,923,1559,731,492,2011
1286: 
1287: 663,1545,6
1288: 
1289: 
1290: 1747
1291: 
1292: 1885,262,2012,1225,756,1100,284,566,1834,1854,205,291,450
1293: 1538,1753,1616,685,1228,860,1337,356,722,375,1897,1075,2001,1281
1294: 
1295: 210,1588,327
1296: 
1800: 88
1298: 758
1299: 1509,705,1028
1300: 840,220,1684,595
1301: 902
1302: 1210,1692
1303: 
1304: 
1305: 1982,995,626
1306: 726,16,347,77
1987: 1160,124
1308: 298,1524,87
1309: 1140,1129
1310: 
1311: 1871
1312: 1346,28
1313: 1195,1314,1769
1314: 1769,1313,1195
1315: 
1316: 164
1317: 62,1518,947
1318: 
1319: 
1320: 988,1590
1321: 560
1322: 1482,1555,1261,1451,661,1271,2008,1257,1191,1600,1894,1159,401,325,281,741
1323: 1174
1957: 556
1325: 994,912,533
1908: 695,1882,1718,544,1930,2017
1327: 1632,1142
1328: 
1329: 163,1712
1330: 1916,1403,1554,1783
1331: 
1950: 
2012: 1885,262,1225,1292,756,1100,284,566,1834,1854,205,291,450
1334: 
1335: 
1336: 1274,1613
1337: 1293,1753,1616,685,1228,860,958,2001,1281
1338: 825,898,2014,707,1683,1609,1546,431,66,1111,310,1597,1099,1166,1902,193,1
1339: 
1793: 
1341: 264,699
1342: 
1807: 
1344: 
1345: 1105
1346: 1312,28
1347: 1867
1935: 1150,996
1349: 580,869,1041,1835,1980
1948: 
1351: 200,254
1964: 
1353: 1960,1503
1939: 
1355: 
1356: 
1357: 
1358: 116,871,1951,121
1359: 930,1156,1043
1360: 1650,585
1361: 1253,1098
1362: 1819,1047
1363: 
1364: 1443,1226
1365: 
1366: 
1850: 
1368: 287,917,44,712,1048,2016,1016,1715,1926,53,1167,634,621
1369: 
1370: 
1371: 
1372: 
1373: 
1374: 1748,1852,119,777
1375: 
1376: 
1377: 
1378: 
1379: 
1380: 
1381: 701
1382: 
1383: 
1952: 
1385: 
1386: 219,835
1387: 472
1388: 
1389: 1942,617,1426,1410,1981,1434,2004,523,1422,520,1236,114,577,1448
1390: 828,850,1892,1666,1007,465,2005,638,451,1245,1878,868,1414,1838,646,1749
1391: 1104,1855,231,1050
1392: 
1393: 310,1597,898,2014,707,1609,431
1394: 235,796
1395: 470
1396: 
1397: 884
1398: 1730,760
1399: 
1400: 411,46
1401: 1765,2019,1171,615,296,376,1147,1912,446,1025
1402: 
1403: 1916,1330,1554,1783
1404: 
1405: 
1406: 1028,384,1734,1864,1509
1407: 1517
1408: 
1409: 
1410: 1426,1389,2004,523,11,1236,114,577
2005: 828,850,798,1892,1666,1007,65,1390,465,638,451,1245,1878,868,1414,1838,646,1749
1412: 
1413: 
1414: 850,798,1892,1666,65,1390,2005,638,1245,1878,868,1838,646,1749
1415: 
1918: 586,1658,1071,1083,461,1145,1780,1102,2009,662,747,926,1120,477
1417: 
1418: 1021
1419: 
1420: 815
1421: 1571
1422: 1942,617,1981,1434,1389,2004,520,577,1448,329,1056
1940: 
1424: 1772,183,449
1425: 
1426: 617,1410,1434,1389,2004,1236,114,577
1965: 1468,1519
1428: 117,722,467,561,375,1897,1058,1075,335,1934,2001,1281,356
1429: 
1430: 130,891
1431: 2018,1932,1550,1887,1645,387,100,773,1059,135
1886: 137
1433: 250
1434: 1942,617,1426,1981,1389,2004,523,1422,520,11,1236,1097,577,1448,329
1435: 
1436: 687
1437: 
1438: 1243
1439: 
1440: 
1441: 861
1442: 1898,666
1443: 1364,1226
1444: 1015,1808,1804
1445: 1146,1693
1446: 
1792: 
1448: 1942,617,1981,1434,1389,2004,1422,520,1236,1097,329,1056
1449: 1014
1450: 1979
1451: 1482,1114,1555,1261,1322,661,1271,2008,1257,1191,1600,1894,1159,401,325,741
1452: 571
1453: 
1454: 1055
1455: 524,916,2000,197,844,1844,660,54,644,195,236
1456: 
1457: 825,2014,707,1683,1609,1546,66,1166,1069,1902,193,812,1
1458: 
1459: 
1460: 1067
1973: 1180,316,1549
1462: 382,377,807
1463: 1259,68
1790: 
1465: 
1466: 
1467: 1970
1468: 1965
1469: 
1470: 
1471: 1027,629,115,857,610,1763,2003,1153,299
1472: 
1473: 94
1474: 
1475: 554,434
1476: 1492,683,18
1477: 
1815: 654,632,343,786,1090,20
1479: 
1480: 
1481: 1197,836,1754
1482: 1114,1555,1261,1322,1451,661,1271,2008,1257,1191,1894,1159,401,741
1483: 
1484: 19,1086,2010,1531,1752,1053,34,1717,508,1169,1641,727
1485: 1928
1486: 1959,862,317
1487: 
1488: 955,1561
1489: 
1490: 
1491: 
1492: 1476,683,18
1493: 1018
1494: 
1495: 
1496: 601
1497: 
1498: 
1499: 
1500: 1648
1501: 
1502: 
1503: 1960,1353
1504: 885,532
1505: 1914
1506: 
1507: 
1508: 406,1697
1509: 1299,1864,705,1406,1028,384,1734
1510: 266,338
1511: 1064
1512: 
1513: 963,616
1514: 484,7,1813
1959: 862,1486,1530
2014: 825,1457,898,707,1338,1683,1609,1546,431,66,1393,1111,385,310,1597,1099,1166,1069,1902,193,812,1
1517: 1407
1518: 62,1317,924,947
1519: 1965
1520: 
1521: 
1522: 
1523: 503,1780,1102,1023,2009,662,926,1120,477,592,586,1658,1071,461
1524: 298,1308,87
1525: 
1526: 
1527: 
1528: 
1529: 
1530: 1959,862
1531: 1556,2010,1752,34,1717,508,1169,430,1641,1484,1086,32,1101,727
1532: 
1533: 
1534: 244,973,156,239,427
1839: 
1536: 772
1537: 251,444
1538: 1293,1753,1616,685,1228,860,356,117,722,561,375,1897,1075,335,1934,2001,1281
1539: 
1540: 242
1541: 1002,1890
1542: 144
2007: 1698,249,2006,74,1665,1161,1039,972
1544: 664,1990
1545: 663,1287,6
1546: 825,1457,898,2014,707,1338,1683,1609,431,66,1166,812,1
1547: 
1548: 
1549: 1180,316,1973
1550: 2018,1431,1932,1645,773,135
1551: 
1552: 
1553: 
1554: 1916,1403,1330,1783
1555: 1482,1114,1261,1322,1451,661,1271,2008,1257,1191,1600,1159,401,325,281,741
1556: 2010,1531,1752,34,508,1169,430,32,1101
1978: 
1942: 617,1981,1434,1389,2004,1422,520,1236,577,1448,329,1056
1559: 1845,923,1285,731,492,2011
1560: 1068,889,383,308
1561: 1488,955
1562: 1150,996
1563: 1116,175,1074,1924
1564: 
1565: 920,1707
1566: 603
1567: 90,92,706,228,157
1568: 
1569: 2015,547,1266,1198,202,1230,72,1865,2013,1019,315,1011,1044,173,826
1570: 
1571: 1421,1794,1659,1740
1572: 
1573: 
1999: 
1848: 389
1853: 721
1577: 
1932: 2018,1431,1550,1887,1645,387,100,773,135
1579: 
1580: 388,110,1595,507,1756,1610,1260,593,1829
1581: 
1582: 
1583: 911,934
1584: 287,917,44,712,1048,2016,1016,1715,1926,226,53,1250,1626
1585: 1204,490
1586: 1968,1825
1587: 234
1588: 210,1295
1589: 1113,659
1590: 1320,988
1591: 175
1592: 
1593: 846,951,35,928
1817: 108,146
1595: 388,110,1580,1756,1610,1260,593,1829
1596: 
1597: 1393,1111,385,310,825,898,2014,707,1338,1683,1609,431,1099,1
1598: 
1975: 12
1600: 1191,409,1894,1159,401,325,281,741,1555,1322,1451,661,2008,1257
1858: 
1602: 
1603: 330,1617
1604: 
1605: 
1606: 
1607: 
1608: 
1609: 825,1457,898,2014,707,1338,1683,1546,431,66,1393,1111,310,1597,1099,1166,1902,193,1
1610: 388,110,1580,1595,507,1756,1260,593,1829
1611: 1875
1612: 1956,982,1110
1613: 1336,1274
1614: 214,433
1615: 
1616: 1293,1538,1753,685,1228,860,958,1337,356,722,375,1897,2001,1281
1617: 330,1603
1618: 1866,319
1619: 771,363,80
1620: 
1621: 696
1622: 
1623: 
1624: 587
1625: 
1626: 1584,287,917,44,712,1048,2016,1715,226,1250
1627: 
1628: 
1629: 
1630: 1915,97,606
1631: 
1632: 1142,1133,1327,1196
1633: 1984,1255
1634: 
1849: 1076
1955: 819
1637: 
1638: 1708,737,1103,2002,1843,933,1729,865,588,752
1639: 
1640: 1119,968,511
1641: 2010,1531,1752,1053,34,1717,508,1169,430,1484,19,1086,32,1101,727
1642: 919,1249
1643: 581,55
1644: 
1645: 2018,1431,1932,1550,1887,387,100,773,1059,135
1859: 
1647: 503,1145,1780,1023,2009,662,747,926,1120,1278,592,1071,1083
1648: 1500
1649: 
1650: 1360,585
1651: 
1652: 1956,724,982,1110,774
1653: 
1654: 59
1655: 26,496
1656: 
1657: 
1658: 586,1918,1071,1083,461,1780,1102,1023,2009,662,747,1523,926,477
1659: 1794,1571,1740
1808: 1015,1444,1804
1661: 293,1781
1662: 
1663: 
1664: 
1665: 2007,1698,249,2006,74,1161,1039,972
1666: 828,850,798,1892,1007,65,1390,465,2005,638,451,1245,1878,868,1414,1838,646,1749
1667: 
1668: 
1669: 
1670: 457
1671: 
1672: 
1673: 
1674: 
1675: 
1676: 
1677: 556
1678: 
1679: 
1680: 
1681: 
1682: 
1683: 825,1457,898,2014,707,1338,1609,1546,431,66,1597,1099,1166,1069,1902,193,812,1
1684: 840,595,1300,275,744
1685: 452,978
1826: 805
1687: 
1688: 1814
1866: 1618,319
1690: 64,1115,105
1691: 1831,1124,1802
1692: 1210,1302
1693: 1146,1445
1694: 318,739,762,717,829
1695: 
1696: 
1697: 406,1508
1698: 2007,2006,74,1665,1161,1039
1699: 
1700: 
1701: 989,150
1805: 160
1703: 224,1241,498
1704: 
1705: 
1706: 400,611
1707: 920,1565
1708: 1638,1944,2002,1843,933,1729,865,752
1709: 1836
1710: 
1711: 
1712: 163,1329
1713: 
1714: 232,789
1715: 1584,287,917,44,712,1048,2016,1016,1926,226,53,1250,1626,1368,634
1854: 2012,1225,1292,756,1100,284,566,1834,291
1717: 2010,1531,1752,1053,34,1169,430,1641,1484,19,1086,32,1101,727
1718: 1882,544,1930,2017,1908
1719: 
1720: 692,85,297
1721: 
1946: 
1723: 
1724: 
1725: 1252
1726: 
1796: 1953
1963: 341,390
1729: 1708,737,1103,1638,2002,1843,933,865,588,752
1730: 760,1398
1813: 484,1514
1732: 
1919: 585
1734: 1406,1028,384,1864,1509
1735: 
1736: 710,1202,1879
1943: 
1982: 1305,995,626
1739: 
1740: 1794,1659,1571
1741: 
1742: 1141,191
1870: 
1744: 
1832: 417,962
1746: 
1747: 1290
1748: 1374,1852,119,777
1749: 850,1666,65,1390,2005,638,1245,1878,868,1414,1838,646
1960: 1353,1503
1751: 
1752: 1556,2010,1531,1053,34,1717,508,1169,430,1641,1484,19,1086,32,1101,727
1753: 1293,1538,1616,685,1228,860,958,1337,117,722,561,375,1897,2001,1281
1754: 836,1481,1197
1755: 
1756: 388,110,1580,1595,507,1610,1260,593,1829
1819: 1362,1047
1758: 
1759: 
1760: 1246
1761: 1014
1762: 
1763: 1027,629,115,857,610,2003,1153,299,1471,1036
1764: 
1765: 2019,1171,615,296,1401,1147,1912,446,1025
1766: 245,1203
1767: 
1768: 
1769: 1314,1313,1195
1770: 140,941,656,1876
1995: 
1772: 183,449,1424
1773: 762,395,717,829
1774: 
1775: 48,767,761,259
1776: 
1777: 407,1112
1778: 
1779: 501,81,1925
1780: 503,1145,1102,1023,2009,662,747,1523,926,1120,477,1647,1278,592,586,1918,1658,1071,1083,461
1781: 293,1661,1009
1782: 
1783: 1916,1403,1330,1554
1784: 1787
1785: 
1786: 1895
1787: 1784
1788: 