1758: 1079,2006,1039,734,1910,1665,74,841,842,848,657,972,58,1901,1608,2007
1: 1267,478,1597,1546,1004,66,1393,310,1069,1229,1548,704,1111,2014,1720,385,1457,1208,825,800,1866,707,1200,45,431,1338,1351,1146,470,1683
1471: 2003,2002,737,1103,1294,588,857,1708,752,1944,1240,1638,1036,1014,1046,1153
1979: 1205
1803: 
1926: 981,1715,1363,1984,53,1048,44,1618,2016,1368,21,1797,1016,1167,712,764,917,621,1250
6: 
7: 1110
1797: 287,981,1715,1363,1984,1048,44,1618,2016,634,21,1926,712,1969,621,1250
9: 394,395,481,762
1342: 1491,296,2019,620,1495,282,376,1025,703,1746,18,1147,1867,1217,1912,1734
11: 1500,2004,1426,114,1097,460,1788,1389,511,1434,1942
12: 
1756: 
1865: 315,1687,339,1533,2015,826,466,173,656,1019,1876,179,941,1855,547,1198,1569,2013,1828,140,1266,72,676,1044,751,102
15: 951,1787,1621
16: 
17: 1800,1553,781,1962
18: 1491,296,1342,2019,620,615,282,376,1025,1034,703,1746,1171,1147,1867,1217,1912,998,1734,1510
19: 1927,1272,1129,1531,801,2010,1484,1713,683,1420,129,1964,1717
20: 
21: 1715,1363,1984,1943,53,1048,44,1618,2016,634,1368,1926,1797,1016,319,1167,472,712,1969,764,917,621,1250
22: 
1393: 1267,478,1597,1546,1004,66,310,1069,1445,1,1229,1548,704,1111,2014,1720,1705,385,1457,1975,1208,825,800,1866,707,1200,45,431,1338,1351,1146,470,1683
1623: 
25: 
1368: 287,1715,1363,1984,1943,53,1048,44,1618,2016,21,1926,1016,319,1167,472,712,764,917,621,1250
1910: 1758,2006,1039,734,1665,841,842,848,657,972,1901,1608,1698,2007
28: 2005,1414,607,1245,1976,993,828,65,1739,474,1296,777,868,1878,1633,1007,1892,78,1952,1666,1458,1749
29: 1897,375,824,358,1339,561,1075,2001,437,1243,1120
30: 1120,1339,1075,2001,1243,1753,958,1017
31: 808
32: 1300,1927,1072,1272,2010,427,1713,683,727,132,34,771,430,1831
33: 
34: 1300,1927,1072,1272,2010,427,1713,683,1641,1347,32,727,295,132,1717,771,430,508,1831,332,1101,1291,80,579
35: 
36: 
37: 
38: 
1379: 
40: 
1460: 434
1817: 
43: 
44: 287,981,1715,1363,1984,1943,1837,1048,1626,1618,2016,634,1368,21,1926,1797,1016,319,1167,472,712,1969,917,621,1250
45: 478,1597,1546,1004,66,1393,310,1069,1445,1,1229,1548,704,1099,2014,1902,1705,1047,1166,1975,1208,1866,707,1200,431,1338,1351,1609
46: 822
1759: 2008,464,673,1201,1555,1391,1271,473,1822,1022,1159,661,1482,401,1380,121,1114,353,254,1381,1248,741,1807,1261,409,1526
48: 
49: 
1247: 1571,1155,213
51: 1037,383,157
52: 
53: 1984,1943,2016,1368,21,1926,1016,1167,472,712,764,917,621,1250
54: 195,2000,863,236,298,844,197,916,1113,1748,1844,1806,660
55: 
56: 1679
1860: 1285,731,1849,2011,1559,923,778,492,218,1845
58: 1079,1758,2006,249,1039,734,74,841,842,848,657,972,2007,321
1505: 
60: 
61: 2005,607,1245,1976,798,993,828,1739,474,670,1296,850,777,638,646,1633,1007,970,78,1666,1255,1838,557
62: 
63: 1082
1363: 287,981,1715,1984,1048,44,1618,2016,634,1368,21,1926,1797,1016,712,764,621,1250
65: 2005,1414,607,28,993,828,474,850,868,1878,1892,78,1952,1458,1749
66: 478,1597,1004,1393,310,1069,1445,1,1229,1548,1111,2014,1902,1720,1705,385,1208,825,800,1866,1200,45,431,1338,1351,1146,470
1662: 
68: 198
69: 
1715: 287,981,1363,1984,1943,1837,1048,1626,44,1618,2016,634,1368,21,1926,1797,1016,319,1167,712,1969,917,621,1250
1443: 1541,258,619
72: 997,315,339,1533,2015,826,173,656,1019,1876,941,1855,547,1569,2013,1828,140,1266,1865,676,1044,751,102
73: 1257,1819,1600,325,1261,1191,281,409,1451,1526,2008,1201,121,353,254,1381,1807
74: 1079,1758,2006,249,1039,734,841,848,657,972,58,1901,1161,2007,321
1589: 
76: 
1524: 1118
78: 1390,2005,1414,607,1245,28,1976,798,993,828,65,1739,474,670,1296,850,777,638,868,1878,61,1633,1007,1892,970,1952,1666,1458,1749
1564: 
80: 1101,1169,1602,1556,1291,579,965,1691,1300,1072,2010,427,295,132,34,771,430,508,1831,332
81: 1840
1422: 1018,1500,2004,1097,520,1788,1389,166,1863,1056,571,529,329
83: 969,1496,1050
1462: 942
85: 
86: 449,717
1653: 
1679: 56
89: 997,315,1687,2015,826,466,656,1011,179,941,1855,1198,1230,2013,202
1457: 1267,1597,1393,1069,1,1229,1548,704,1111,2014,385,825,800,1866,707,1338,193,1146,1683
1718: 544,1930,1640,2017,1908,968,1163,960,1882,695,1632
92: 1066
93: 1752,1101,1169,1602,1556,1291,650,579,1691,2010,1641,1347,295,1964,275,430,508,328,1588,332
94: 
1266: 315,1687,339,1533,2015,826,466,173,656,1019,1011,941,1855,547,2013,72,1865,676,1044,751
1916: 1330
97: 
1385: 1690,486,444,1504,105,819
1781: 
100: 135,2018,922,1431,387,1059,1932,1887,773
1501: 
102: 1044,751,315,339,2015,826,173,656,1019,1876,547,1198,1569,2013,1828,140,72,1865,676
103: 1456
104: 
105: 819,486,1504,1385
106: 155,977,1136
1774: 872
1463: 
109: 
110: 
111: 
112: 
1754: 
114: 11,1500,2004,1426,1097,460,511,1434,1236,1942,536
1701: 1747
1366: 1818
117: 1281,356,299,1017,280,561,1075,2001,437,1243,1753,958
1682: 1408,756,1225,1854,1142,1834,176,1239,1474,205,1292,1327,1885,450,2012,542,291,284,421,1100,262,495
1452: 1783
120: 
121: 1759,2008,464,673,1201,1555,1391,1822,1159,1482,401,353,254,1381,1248,741,1807,1257,1600,1261,1191,281,409,73,1526
1632: 544,1930,1640,2017,1908,968,1163,960,1718,1882,695
1255: 2005,607,1245,798,465,670,1296,850,777,638,646,61,1633,1007,970,1666,1838,557
1458: 1390,2005,1414,607,28,828,65,474,670,1296,850,868,1878,1633,1892,78,1952,748,1666,1749
1490: 
126: 
1527: 
128: 
129: 1691,1300,1927,1129,1531,801,2010,1484,683,19,1641,1420,384,295,1086,1964,1717,275,508,1053,328,1588,332,650
130: 
131: 
132: 1300,1072,1272,2010,427,1713,683,1347,32,727,295,34,1717,771,430,508,1831,1291,80,579,965
133: 
1395: 
135: 100,2018,922,1431,387,1059,1932,1645,1887
136: 1775
137: 468
1707: 153,1256,1210
139: 1547
140: 997,315,1687,339,2015,826,466,173,656,1876,179,547,1198,1569,1230,2013,202,1828,72,1865,1044,102
141: 1769,1898
1627: 
1787: 951,15,1621
1365: 
1842: 
1245: 2005,1414,607,28,1976,798,993,828,1739,474,670,1296,850,777,638,646,61,1633,1007,1892,970,78,1666,1255,1749,1838,557
147: 
1520: 
1670: 1536
150: 
151: 
152: 
153: 1256,1707,1210
1815: 632
155: 977,106,1136
156: 2019,1495,615,282,763,1765,1217,446,1799,1401
157: 51,1037,383
158: 223
1331: 
1392: 
1753: 958,1120,30,1339,561,1075,2001,1243,1281,356,117,299,1017
1309: 
163: 286
1547: 139
165: 
166: 1236,617,523,1961,1448,1863,1056,1981,536,571,529,329,303,1018,1500,2004,1097,460,520,1389,1422
1504: 1690,486,444,1385,105,819
168: 274,225,1412,651,1123,1790
169: 
1250: 287,1715,1363,1984,1943,1837,53,1048,1626,44,2016,634,1368,21,1926,1797,1016,319,1167,472,712,1969,764,917,621
1828: 997,315,1687,339,1533,2015,826,466,173,656,1019,1876,1011,941,547,1198,1569,1230,2013,202,140,72,1865,676,1044,751,102
172: 
173: 997,315,1687,339,1533,2015,826,466,656,1019,1876,1011,179,941,1855,547,1198,1569,1230,2013,202,1828,140,1266,72,1865,676,1044,751,102
2004: 11,1018,1500,1426,114,1097,460,520,1788,1389,511,1422,1434,166,1236,617,1942,523,1961,1448,1863,1056,1981,536,571,529,329,303
1200: 1267,478,1597,1546,1004,66,1393,310,1069,1445,1,1229,1548,704,1111,1099,2014,1902,1720,1705,1047,1166,1975,1208,825,800,1866,707,45,431,1338,1351,1609
176: 560,1408,756,1225,1854,1142,1834,1682,1239,1474,205,1292,1327,1885,450,2012,542,291,284,421,1100,566,495
1451: 1257,1819,325,1261,1191,281,409,73,1526,2008,1201,1555,473,1822,1114,353,1381,1807
1639: 1540,1130
179: 997,315,1687,339,2015,826,466,173,656,1876,1011,89,941,1855,1198,1569,1230,2013,202,140,1865
2003: 2002,1170,737,1103,1294,588,857,1708,752,1944,1240,1638,1036,1014,1046,1027,629,1471,1153,323,1213,1763,1674,793,487,1676,610,1843,933,335
2002: 2003,1170,737,1103,1294,588,857,1708,752,1944,1240,1638,1036,1014,1046,1027,629,1471,1153,323,1213,1763,1674,793,487,1676,610,1843,933,335
182: 
183: 
184: 
2010: 1691,1300,1927,1072,1272,1129,1531,801,427,1484,1713,683,19,1641,1420,1347,129,32,384,727,295,1086,1964,132,34,1717,771,275,430,508,1053,328,1831,1588,332,1752,1101,1169,1602,1556,1291,93,80,650,579,965
186: 
2008: 1759,464,673,1201,1555,1391,1271,473,1822,1022,1159,661,1894,1482,401,1380,121,1114,353,254,1381,1248,741,1807,1257,1819,1600,325,1261,1191,281,409,1451,73,1526
188: 390,1223,905
1813: 
1878: 2005,1414,607,28,993,828,65,1739,474,465,1296,850,868,1633,1892,78,1952,748,1666,1458,1749
191: 
2012: 1239,1474,205,1292,1327,1885,1076,450,542,291,284,421,1100,566,1149,262,495,560,1408,756,1225,1854,1142,1834,1682,176
193: 1146,1683,1267,1548,1111,2014,385,1457,825,707
1201: 1759,2008,673,1555,1271,473,1822,1159,401,1380,121,1114,353,1381,1807,1257,1261,1191,281,409,1451,73,1526
195: 1455,2000,863,236,298,1387,844,54,197,916,1549,1113,1844,1806,660
196: 878
197: 1455,195,2000,863,236,298,1387,844,54,644,916,1549,1113,1748,1844,1806,660,524
198: 68
1257: 1819,325,1261,1191,281,1451,73,1526,2008,464,673,1201,121,1114,353,254,1381,741,1807
1563: 
1940: 
202: 997,315,1687,339,2015,826,466,173,656,1876,1011,179,89,941,1198,1569,1230,2013,1828,140
1325: 526,1498
1588: 1691,1300,1927,1129,1531,801,2010,1484,683,1641,1420,1347,129,384,295,1086,1964,1717,771,275,430,508,1053,328,332,1101,1556,93,650,579
205: 1239,1474,1292,1327,1885,450,2012,542,291,284,421,1100,566,262,495,756,1854,1834,1682,176
1310: 
1779: 
208: 
209: 
210: 
211: 1595
1612: 1573,1313
213: 1155,1247
214: 
1474: 1239,205,1292,1327,1885,1076,450,2012,542,291,284,421,1100,566,1149,262,495,560,756,1225,1854,1142,1834,1682,176
1740: 
1276: 
218: 492,790,1283,1845,731,1860,1849,2011,1559
219: 
1281: 356,117,299,1017,375,280,358,561,1934,1075,2001,437,1243,1753
2001: 1897,375,280,29,824,358,1339,561,1934,722,1075,437,1243,1120,30,1753,958,1281,356,117,299,1017
222: 
223: 158
1647: 594,461,1102,1780,1293,592,926,2009,1126,1428,1023,662
225: 374,274,168,1412,651,1123,1790
1398: 
227: 
1522: 
1428: 594,461,586,1102,1780,1278,1293,747,592,926,2009,1126,1658,1083,1145,503,1023,662,1647
230: 1491,296,2019,620,615,1025,1034,546,1746,1171,1147,1867,763,1217,1912,998,1734,1510,1799
1306: 
1469: 773,2018,387,1059,1932,1645,309,1550,1887
233: 
1693: 
235: 
236: 1455,195,2000,863,298,1387,844,54,197,1806,524
237: 
238: 
1618: 981,1715,1363,1048,44,2016,1368,21,1926,1797,1016,712,764,621
240: 
241: 311
1467: 
243: 
1252: 1165,637
245: 
1277: 
1278: 461,1523,586,1102,1780,1293,477,747,926,2009,1126,1658,1083,1145,1428,503,1023,662
1386: 1487
249: 1079,2006,734,74,841,848,657,972,58,2007,321
250: 
1473: 
1780: 594,461,1523,586,1102,1278,1293,477,747,926,2009,1126,1145,1428,1918,503,1023,662,1647
1799: 1491,296,2019,230,1495,615,282,376,1025,1034,546,1746,156,1171,1147,1867,763,1765,1217,446,1734,1510,1401
254: 1759,2008,464,673,1555,1391,1822,661,1482,401,121,353,1381,1248,741,1807,1257,1600,325,1261,1191,281,409,73,1526
1206: 684
1313: 1573,1612
1807: 1759,2008,464,673,1201,1555,1391,1271,473,1822,1022,1159,661,1482,401,121,1114,353,254,1381,1248,741,1257,325,1261,1191,281,409,1451,73,1526
258: 1541,619,1443
259: 
260: 
261: 
262: 1239,1474,205,1292,1327,450,2012,542,291,284,1149,495,1682
263: 
264: 
265: 
266: 
1362: 810
268: 1853
1837: 287,1715,1984,1943,1626,44,2016,634,319,1167,472,1969,917,1250
1658: 461,1523,586,1278,1293,747,2009,1083,1145,1428,503,662
1355: 
1914: 1224,932,288
273: 602,1802
274: 374,225,168,1412,651,1790
275: 1691,1129,801,2010,1484,1641,1420,129,295,1086,1964,1717,508,1053,328,1588,332,93,650
276: 
1330: 1916
278: 
1199: 
280: 1897,375,824,358,561,1934,1075,2001,437,1243,1281,356,117,1017
281: 1257,1819,1600,325,1261,1191,409,1451,73,1526,2008,1201,1555,121,254,1248,741,1807
282: 1491,296,1342,2019,620,1495,615,376,1034,703,1746,156,18,1147,1867,763,1765,1217,446,1734,1510,1799,1401
1962: 1553,17,781
284: 1239,1474,205,1292,1327,1885,1076,450,2012,542,291,421,1100,566,1149,262,495,756,1142,1834,1682,176
285: 1486
286: 163
287: 981,1715,1363,1984,1837,1626,44,2016,1368,1797,1016,319,1167,712,1969,621,1250
288: 1224,932,1914
2005: 1390,1414,607,1245,28,1976,798,993,828,65,1739,474,465,670,1296,850,777,638,868,646,1878,61,1633,1007,1892,970,78,1952,748,1666,1458,1255,1749,1838,557
290: 655
291: 1239,1474,205,1292,1327,450,2012,542,284,262,495,1225,1834,1682,176
292: 510,618,1544,1378
1394: 
294: 649
295: 1691,1300,1072,1272,801,2010,427,1484,683,1641,1420,1347,129,384,1086,1964,132,34,1717,771,275,430,508,1053,328,1831,1588,332,1752,1101,1169,1602,1556,1291,93,80,650,579,965
296: 1491,1342,2019,230,620,1495,615,282,376,1025,1034,546,703,1746,18,1147,1867,763,1765,1217,1912,1734,1510,1799,1401
1400: 
298: 1455,195,2000,863,236,844,54,197,916,1748,1844,1806,660,524
299: 1281,356,117,1017,1120,561,1075,2001,1243,1753,958
300: 
1430: 
2014: 1267,478,1597,1546,1004,66,1393,310,1069,1445,1,1229,812,1548,704,1111,1099,1902,1720,1705,1047,385,1457,1166,1975,1208,825,800,1866,707,1200,45,431,1338,1351,1609,193,1146,470,1683
303: 166,1236,617,1942,523,1961,1448,1863,1056,1981,536,571,529,329,1018,1500,2004,1426,1097,460,520,1788,1389,511,1434
304: 
1795: 
1391: 1759,2008,464,673,1555,1271,1822,1022,1159,661,1482,401,1380,121,353,254,1381,741,1807
307: 
1410: 
309: 1645,1550,2018,1431,1059,1469
310: 1267,478,1546,66,1393,1,1548,704,1111,2014,1720,385,1208,800,1866,1200,45,431,1351,1146,470,1683
311: 241
312: 
313: 
1930: 544,1640,2017,1908,968,1163,960,1718,1882,695,1632
315: 997,1687,339,1533,2015,826,466,173,656,1019,1876,1011,179,89,941,1855,547,1198,1569,1230,2013,202,1828,140,1266,72,1865,676,102
1546: 1267,478,1597,1004,1393,310,1069,1445,1,1548,704,1099,2014,1705,1047,1166,1975,1208,1866,707,1200,45,431,1338,1351,1609
317: 1554
318: 
319: 287,981,1715,1984,1943,1837,1626,44,2016,634,1368,21,1016,1167,472,712,1969,917,621,1250
1974: 1700,1530,599
321: 1608,1161,1698,2007,1079,2006,249,1039,74,842,848,657,972,58,1901
322: 1688
323: 1213,1763,1674,793,487,1676,610,1843,335,2003,2002,1170,737,1294,588,857,1708,752,1944,1240,1638,1014,1046,1027,629,1153
1806: 644,916,1549,1113,1748,660,524,1455,195,2000,863,236,298,1387,844,54,197
325: 1257,1819,1261,1191,281,1451,73,1526,2008,353,254,1381,1807
1327: 1239,1474,205,1292,1885,450,2012,542,291,284,1100,262,495,1225,1834,1682,176
327: 
328: 1691,1300,1531,801,2010,1484,683,1420,129,384,295,1086,1964,1717,275,508,1053,1588,332,1556,93,650,579
329: 166,1236,617,1942,523,1961,1448,1863,1056,1981,536,571,529,303,1018,1500,2004,1426,1097,460,520,1788,1389,1422,1434
330: 603
1586: 1361,1851
332: 1691,1300,1129,801,2010,1484,683,1641,1420,1347,129,295,1964,34,1717,771,275,430,508,1053,328,1831,1588,1752,1101,1169,1602,1556,1291,93,80,650,579,965
333: 
334: 1551
335: 933,323,1213,1763,487,610,2003,2002,1170,737,1103,857,1708,1944,1240,1638,1036,1046,1027,629
1991: 
337: 
338: 
339: 997,315,1687,1533,2015,826,173,656,1019,1876,1011,179,941,1855,547,1198,1569,1230,2013,202,1828,140,1266,72,1865,676,751,102
1389: 11,1018,1500,2004,1426,1097,460,520,1788,511,1422,1434,166,1236,617,1961,1863,1056,1981,571,529,329,303
341: 
1886: 
343: 830,681
1695: 
345: 
346: 
347: 767
2013: 997,315,1687,339,1533,2015,826,466,173,656,1019,1876,1011,179,89,941,1855,547,1198,1569,1230,202,1828,140,1266,72,1865,676,1044,751,102
1838: 2005,607,1245,1976,828,1739,465,670,1296,777,638,646,61,1633,1007,970,1666,1255,557
1399: 1891,1140
351: 1954
1614: 
353: 1759,2008,464,673,1201,1555,1391,1271,473,1822,1022,661,1482,401,121,1114,254,1381,741,1807,1257,325,1261,1191,1451,73,1526
1548: 1267,478,1597,1546,1004,66,1393,310,1069,1445,1,1229,704,1111,2014,1902,1705,1047,385,1457,1975,1208,825,800,1866,707,1200,45,1338,1351,193,1683
1405: 
356: 1281,117,299,1017,280,1075,2001,437,1243,1753
1500: 11,1018,2004,1426,114,1097,460,520,1788,1389,511,1422,1434,166,1236,1942,1961,1863,1056,1981,536,571,329,303
358: 1897,375,280,29,824,1339,561,1934,722,2001,437,1243,1281
1226: 
360: 780
361: 
1968: 
1316: 
364: 1043,666
1835: 
1892: 2005,1414,607,1245,28,993,828,65,1739,474,1296,850,868,1878,1633,78,1952,1666,1458,1749
1826: 
1984: 287,981,1715,1363,1943,1837,53,1048,1626,44,2016,634,1368,21,1926,1797,1016,319,1167,472,712,1969,917,621,1250
1198: 997,315,1687,339,2015,826,466,173,656,1876,179,89,1855,1569,1230,2013,202,1828,140,1865,102
370: 
371: 
372: 
1426: 11,1018,1500,2004,114,1097,460,1788,1389,511,1434,1236,1942,1961,329,303
374: 274,225,1412,1790
375: 1897,280,29,824,358,1339,561,1934,722,1075,2001,437,1243,1281
376: 296,1342,2019,1495,282,1025,1746,18,1147,1867,1765,1217,1734,1799
377: 
378: 
1935: 
380: 
1315: 1268
1241: 
383: 51,1037,157
384: 1691,1300,1927,1072,1531,801,2010,427,1484,1713,683,1420,129,295,1086,1964,1717,508,1053,328,1831,1588,1169,1556,650,579,965
385: 1267,1597,66,1393,310,1,1229,1548,704,1111,2014,1457,825,800,1866,707,193,1146,470,1683
386: 
387: 135,100,2018,922,1431,1059,1932,1645,1550,1887,773,1469
1493: 402
389: 
390: 188,1223,905
1248: 1759,2008,673,1555,1822,1159,1482,121,254,741,1807,1600,1261,281,409,1526
392: 
1987: 
394: 395,9,481,762
395: 394,9,481,762
1641: 1691,1300,1927,1272,1129,801,2010,427,1484,1713,683,1420,1347,129,295,1964,34,1717,771,275,430,508,1053,1831,1588,332,1291,93,579
397: 1115
398: 
399: 1793,1015,862
400: 
401: 1759,2008,464,673,1201,1555,1391,1271,473,1822,1022,1159,661,1894,1482,1380,121,1114,353,254,1381,1807,1261,1191
402: 1493
403: 
1961: 166,1236,617,523,1863,1056,1981,571,529,329,303,1018,1500,2004,1426,1097,460,520,1788,1389
405: 
406: 1772
1581: 1497
408: 
409: 1600,1261,281,1451,73,1526,1759,2008,673,1201,1555,1822,1159,1482,121,254,1381,1248,741,1807
410: 
411: 1551
1390: 2005,1414,607,828,474,465,670,1296,850,638,646,1633,78,1952,748,1666,1458
413: 
414: 1592
1709: 1104
416: 
417: 
1751: 
1580: 
420: 
421: 1239,1474,205,1292,1885,1076,450,2012,542,284,1100,566,1149,495,560,756,1225,1142,1834,1682,176
1749: 2005,1414,607,1245,28,1976,798,993,828,65,1739,474,850,868,1878,1633,1892,78,1666,1458
1532: 
1964: 1691,1300,1927,1272,1129,1531,801,2010,1484,683,19,1641,1420,1347,129,384,295,1086,1717,771,275,430,508,1053,328,1588,332,93,650,579
425: 
1291: 1752,1101,1602,93,80,579,965,1300,1072,2010,427,1641,1347,295,132,34,771,430,508,1831,332
427: 1691,1300,1927,1072,1272,1531,801,2010,1484,1713,683,1641,32,384,727,295,132,34,1717,771,430,508,1053,1831,1169,1291,80,579,965
428: 
1295: 
430: 1691,1300,1072,1272,2010,427,683,1641,1347,32,295,1964,132,34,1717,771,508,1053,1831,1588,332,1101,1169,1602,1556,1291,93,80,650,579,965
431: 478,1546,1004,66,1393,310,1069,1,2014,1720,1705,1166,1975,1208,800,1866,1200,45,1351,1609
432: 
1388: 1668,1571
434: 1460
1723: 1067,920
1495: 1491,296,1342,2019,615,282,376,1034,546,1746,156,1147,1867,763,1765,1217,446,1734,1799,1401
437: 1897,375,280,29,824,358,1339,561,1934,1075,2001,1243,1281,356,117
438: 
1827: 
1550: 1645,309,2018,922,387,1059,1932,1887,773,1469
1986: 
1555: 1759,2008,464,673,1201,1391,1271,473,1822,1022,1159,1482,401,1380,121,353,254,1381,1248,741,1807,1261,281,409,1451,1526
443: 
444: 1690,1504,1385
445: 
446: 2019,1495,615,282,156,763,1765,1217,1734,1799,1401
1565: 
2006: 1079,1758,249,1039,734,1910,1665,74,841,842,848,657,972,58,1901,1608,1161,1698,2007,321
449: 86,717
450: 1239,1474,205,1292,1327,1885,1076,2012,542,291,284,421,1100,566,1149,262,495,756,1225,1142,1834,1682,176
1544: 510,618,1378,292
1431: 135,100,2018,922,387,1059,1645,309
1752: 1101,1169,1602,1556,1291,93,650,579,2010,295,332
454: 
1540: 1130,1639
1271: 1759,2008,464,673,1201,1555,1391,473,1822,1022,1159,661,1894,401,1380,1114,353,1381,1807
457: 1498
1825: 
1897: 375,280,29,824,358,1339,561,722,1075,2001,437,1243,1120
460: 11,1500,2004,1426,114,1097,1389,511,1434,166,1236,617,1942,1961,1448,1981,329,303
461: 594,1523,586,1102,1780,1278,1293,477,747,926,2009,1126,1658,1083,1145,1428,503,1023,662,1647
462: 
1811: 
464: 1759,2008,673,1555,1391,1271,1822,1022,1159,661,1482,401,1380,121,1114,353,254,1381,741,1807,1257
465: 1390,2005,1414,607,828,1739,670,1296,777,638,646,1878,1633,1007,1952,748,1666,1255,1838
466: 997,315,1687,2015,826,173,656,1876,1011,179,89,941,1855,1198,1569,1230,2013,202,1828,140,1266,1865,676
467: 
468: 137
1381: 1759,2008,464,673,1201,1555,1391,1271,473,1822,1022,661,1894,1482,401,121,1114,353,254,1807,1257,325,1261,1191,409,1451,73,1526
470: 1146,1683,1267,478,66,1393,310,1,1111,2014,1720,385,1208,800,1866,1351
1864: 
472: 1984,1943,1837,53,1626,44,2016,634,1368,21,319,1167,1969,917,621,1250
473: 1759,2008,1201,1555,1271,1822,1022,661,1894,401,1380,1114,353,1381,1807,1261,1191,1451
474: 1390,2005,1414,607,1245,28,1976,798,993,828,65,1739,670,1296,850,868,1878,61,1633,1892,78,1666,1458,1749
1902: 478,1597,1004,66,1069,1445,1229,812,1548,1099,2014,1705,1047,1166,1975,1200,45,1338,1609
476: 
477: 461,1523,586,1102,1780,1278,1293,747,2009,1145,1918,503,1023,662
478: 1597,1546,1004,66,1393,310,1069,1445,1,1229,1548,704,1111,2014,1902,1720,1705,1166,1975,1208,800,1866,707,1200,45,431,1338,1351,1609,470
1258: 
1236: 166,617,1942,523,1961,1448,1863,1056,1981,536,571,529,329,303,1500,2004,1426,114,1097,460,520,1389,511,1434
481: 394,395,9,762
1937: 
1882: 544,1930,1640,2017,1908,968,1163,960,1718,695,1632
484: 
485: 
486: 1690,1504,1385,105,819
487: 323,1213,1763,1674,793,1676,610,1843,335,2003,2002,1170,588,857,1708,1944,1240,1638,1036,1014,1027,1153
488: 1805
1530: 1700,1974,599
1665: 1758,2006,1039,1910,841,842,848,657,972,1901,1608,1161,1698,2007
1851: 1586
492: 790,218,1845,778,1860,1849,2011,1559
493: 
494: 
495: 1239,1474,205,1292,1327,1885,1076,450,2012,542,291,284,421,1100,566,1149,262,756,1225,1854,1142,1834,1682,176
1688: 322
1845: 492,790,218,1283,923,778,1285,731,1860,1849,2011,1559
498: 531
499: 1793
1654: 
501: 1615
1553: 1800,17,781,1962
503: 461,1523,586,1102,1780,1278,1293,477,747,926,2009,1126,1658,1083,1145,1428,1023,662
1993: 
2017: 544,1930,1640,1908,968,1163,960,1718,1882,695,1632
1274: 
1650: 
508: 1691,1300,1927,1072,1272,1129,801,2010,427,1484,1713,683,1641,1420,1347,129,384,295,1964,132,34,1717,771,275,430,1053,328,1831,1588,332,1101,1169,1602,1556,1291,93,80,650,579,965
1661: 
510: 618,1544,1378,292
511: 11,1500,2004,1426,114,1097,460,1389,1434,1236,1942,1981,303
1790: 1123,374,274,225,168,1412,651
1482: 1759,2008,464,673,1555,1391,1822,1022,1159,661,401,1380,121,353,254,1381,1248,741,1807,1261,409,1526
1805: 488
2011: 1285,731,1860,1849,1559,923,778,492,790,218,1283,1845
516: 
1881: 
1439: 
519: 
520: 1018,1500,2004,1788,1389,1422,166,1236,1961,1863,1056,571,529,329,303
521: 
522: 
523: 166,1236,617,1961,1448,1863,1056,1981,536,571,529,329,303,2004
524: 644,916,1549,1113,1748,1806,660,1455,2000,863,236,298,1387,844,197
525: 
526: 1498,1325
1551: 411,334
528: 
529: 166,1236,617,523,1961,1863,1056,1981,571,329,303,1018,2004,520,1788,1389,1422
530: 
531: 498
532: 836
1210: 153,1256,1707,1573
534: 1519,928
1261: 1257,1819,1600,325,1191,281,409,1451,73,1526,1759,2008,673,1201,1555,473,1822,1482,401,121,353,254,1381,1248,741,1807
536: 166,1236,617,1942,523,1448,1863,1056,1981,571,329,303,1500,2004,114,1097,1434
1223: 905,188,390
1963: 
539: 
1949: 1585,1185
1254: 
542: 1239,1474,205,1292,1327,1885,450,2012,291,284,421,1100,566,1149,262,495,756,1682,176
543: 
544: 1930,1640,2017,1908,968,960,1718,1882,695,1632
1824: 1131
546: 1491,296,2019,230,1495,615,1025,1034,1746,1171,1147,1867,763,1765,1217,1734,1799
547: 997,315,1687,339,1533,2015,826,173,656,1019,1876,1011,941,1855,1569,2013,1828,140,1266,72,1865,676,1044,751,102
1592: 414
1739: 2005,1414,607,1245,28,1976,798,993,828,474,465,670,1296,850,777,1878,61,1633,1007,1892,970,78,1666,1749,1838,557
1674: 323,1213,1763,793,487,1676,610,1843,2003,2002,1103,1294,588,857,1708,752,1944,1240,1638,1036,1014,1027,1153
551: 
1976: 2005,1414,1245,28,798,993,828,1739,474,777,61,1633,1007,970,78,1666,1749,1838
1230: 997,315,1687,339,1533,2015,826,466,173,656,1876,1011,179,89,941,1198,2013,202,1828,140
554: 679
555: 
1259: 
557: 2005,1245,798,1739,670,1296,777,638,646,61,1633,1007,970,1666,1255,1838
1484: 1691,1300,1927,1272,1129,1531,801,2010,427,1713,683,19,1641,1420,129,384,727,295,1086,1964,1717,771,275,508,1053,328,1588,332,579
1915: 
560: 1408,756,1225,1854,1142,1834,176,1474,1885,1076,2012,421,1100,566
561: 1897,375,280,29,824,358,1339,1934,1075,2001,437,1243,1120,1753,958,1281,117,299,1017
562: 
1351: 478,1546,1004,66,1393,310,1069,1,1229,1548,1111,2014,1720,1208,800,1866,1200,45,431,1146,470
1954: 351
565: 832,593
566: 1239,1474,205,1885,1076,450,2012,542,284,421,1100,1149,495,560,756,1854,1142,176
1717: 1691,1300,1927,1072,1272,1129,1531,801,2010,427,1484,1713,683,19,1641,1420,1347,129,384,727,295,1086,1964,132,34,771,275,430,508,1053,328,1831,1588,332,650,579
568: 
1885: 1239,1474,205,1292,1327,1076,450,2012,542,284,421,1100,566,1149,495,560,1408,756,1225,1854,1142,1834,1682,176
1793: 1015,862,399,499
571: 166,1236,523,1961,1448,1863,1056,1981,536,529,329,303,1018,1500,2004,1097,520,1788,1389,1422,1434
1517: 
1239: 1474,205,1292,1327,1885,450,2012,542,291,284,421,1100,566,1149,262,495,1682,176
574: 
1434: 11,1500,2004,1426,114,1097,460,1389,511,1236,1942,1448,1863,1981,536,571,329,303
576: 
1518: 
578: 
579: 1752,1101,1169,1602,1556,1291,93,80,650,965,1691,1300,1072,801,2010,427,1484,683,1641,1347,384,295,1086,1964,132,34,1717,771,430,508,1053,328,1831,1588,332
1401: 1491,296,2019,1495,615,282,1034,703,1746,156,763,1765,1217,446,1510,1799
581: 
1559: 1285,731,1860,1849,2011,923,778,492,790,218,1283,1845
583: 
1225: 560,1408,756,1854,1142,1834,1682,176,1474,1292,1327,1885,450,2012,291,421,495
585: 
586: 461,1523,1102,1780,1278,1293,477,747,2009,1126,1658,1083,1145,1428,1918,503,1023,662
1667: 
588: 2003,2002,737,1103,1294,857,1708,752,1944,1240,1638,1036,1014,1046,1027,1471,1153,323,1674,487,610,1843
1402: 
1696: 
1953: 
592: 594,1102,1293,926,2009,1126,1428,1023,1647
593: 565
594: 461,1102,1780,1293,592,926,2009,1126,1428,1023,662,1647
1268: 1315
596: 1203
597: 
598: 1303
599: 1700,1974,1530
600: 
1711: 
602: 1802,273
603: 330
604: 
605: 1232,859
606: 
607: 1390,2005,1414,1245,28,993,828,65,1739,474,465,670,1296,850,638,868,646,1878,61,1633,1007,1892,78,1952,748,1666,1458,1255,1749,1838
1867: 1491,296,1342,2019,230,620,1495,615,282,376,1025,1034,546,703,1746,1171,18,1147,763,1217,1912,998,1734,1799
1561: 
610: 323,1213,1763,1674,793,487,1676,1843,933,335,2003,2002,1170,737,1103,1294,588,857,1708,752,1944,1240,1638,1036,1014,1046,1027,629,1153
1523: 461,586,1102,1780,1278,1293,477,747,2009,1658,1083,1145,1918,503,662
1726: 
1539: 
1669: 
615: 1491,296,2019,230,620,1495,282,1025,1034,546,703,1746,156,1171,18,1147,1867,763,1765,1217,446,998,1734,1510,1799,1401
616: 1513,775
617: 166,1236,1942,523,1961,1448,1863,1056,1981,536,529,329,303,2004,1097,460,1389
618: 510,1544,1378,292
619: 1541,258,1443
620: 1491,296,1342,2019,230,615,282,1025,1034,703,1746,1171,18,1867,1217,1912,998,1510
621: 287,981,1715,1363,1984,1943,53,1048,44,1618,2016,634,1368,21,1926,1797,1016,319,1167,472,712,1969,764,917,1250
622: 1830
1812: 
624: 
625: 
626: 
2009: 594,461,1523,586,1102,1780,1278,1293,477,747,592,926,1126,1658,1083,1145,1428,1918,503,1023,662,1647
1603: 
629: 2003,2002,1170,737,1103,1294,857,1708,1944,1240,1638,1046,1027,1153,323,1213,1763,610,933,335
1414: 1390,2005,607,1245,28,1976,993,828,65,1739,474,465,670,1296,850,638,868,1878,1633,1007,1892,78,1952,748,1666,1458,1749
1769: 141,1898
632: 1815
1497: 1581
634: 1715,1363,1984,1943,1837,1048,1626,44,2016,21,1797,319,472,1969,917,621,1250
1292: 1239,1474,205,1327,1885,1076,450,2012,542,291,284,421,262,495,756,1225,1142,1834,1682,176
1927: 1300,1272,1129,1531,801,2010,427,1484,1713,683,19,1641,1420,1347,129,32,384,727,1964,34,1717,771,508,1053,1588
637: 1252
638: 1390,2005,1414,607,1245,828,465,670,1296,850,646,61,1633,1007,78,1952,748,1666,1255,1838,557
1683: 193,1146,470,1267,1393,310,1,1548,704,1111,2014,385,1457,825,800,1866,707
1542: 
641: 
1615: 501
1855: 315,1687,339,1533,2015,826,466,173,656,1019,1011,179,89,941,547,1198,1569,2013,1266,72,1865,676,1044,751
644: 916,1549,1113,1748,1844,1806,660,524,2000,197
645: 
646: 1390,2005,607,1245,828,465,670,1296,777,638,61,1633,1007,970,748,1666,1255,1838,557
647: 
1656: 
649: 294
650: 1752,1101,1169,1602,1556,93,579,965,1691,1300,801,2010,1347,129,384,295,1086,1964,1717,275,430,508,1053,328,1588,332
651: 274,225,168,1123,1790
652: 
653: 
1573: 1210,1612,1313
655: 290
656: 997,315,1687,339,1533,2015,826,466,173,1019,1876,1011,179,89,941,1855,547,1198,1569,1230,2013,202,1828,140,1266,72,1865,676,1044,751,102
657: 1079,1758,2006,249,1039,1910,1665,74,841,842,848,972,58,1901,1608,1161,1698,2007,321
1633: 1390,2005,1414,607,1245,28,1976,798,993,828,1739,474,465,670,1296,850,777,638,646,1878,61,1007,1892,970,78,1952,748,1666,1458,1255,1749,1838,557
659: 
660: 644,916,1549,1113,1748,1844,1806,524,195,2000,863,298,54,197
661: 1759,2008,464,673,1391,1271,473,1822,1022,1894,1482,401,1380,1114,353,254,1381,1807
662: 594,461,1523,586,1102,1780,1278,1293,477,747,926,2009,1126,1658,1083,1428,503,1023,1647
663: 
664: 
1796: 
666: 1043,364
1303: 598
668: 
669: 
670: 1390,2005,1414,607,1245,798,993,828,1739,474,465,1296,850,638,646,61,1633,1007,970,78,748,1666,1458,1255,1838,557
671: 
1912: 1491,296,1342,2019,230,620,1025,1746,18,1147,1867,998
673: 1759,2008,464,1201,1555,1391,1271,1822,1022,1159,661,1482,401,1380,121,353,254,1381,1248,741,1807,1257,1600,1261,1191,409,1526
1765: 296,2019,1495,615,282,376,1034,546,1746,156,1147,763,1217,446,1734,1799,1401
675: 
676: 315,1687,339,1533,2015,826,466,173,656,1019,1011,941,1855,547,1569,2013,1828,1266,72,1865,1044,751,102
1572: 
678: 
679: 554
1541: 258,619,1443
681: 830,343
1776: 
683: 1691,1300,1927,1072,1272,1129,1531,801,2010,427,1484,1713,19,1641,1420,129,32,384,727,295,1086,1964,132,34,1717,771,430,508,1053,328,1831,1588,332,579,965
684: 1206
1511: 
1969: 287,1715,1984,1943,1837,1048,1626,44,2016,634,21,1797,319,1167,472,712,917,621,1250
1269: 
1778: 
1840: 81
690: 
1951: 
692: 818
1213: 323,1763,1674,793,487,1676,610,1843,335,2003,2002,1170,857,1708,752,1944,1240,1638,1014,1027,629,1153
1446: 891
695: 544,1930,1640,2017,1908,968,960,1718,1882,1632
1256: 153,1707,1210
1874: 
698: 
1455: 195,2000,863,236,298,1387,844,197,1549,1113,1748,1806,524
1491: 296,1342,2019,230,620,1495,615,282,1025,1034,546,703,1746,1171,18,1147,1867,763,1217,1912,998,1734,1510,1799,1401
1584: 
1296: 1390,2005,1414,607,1245,28,993,828,1739,474,465,670,850,777,638,646,1878,61,1633,1007,1892,970,78,1952,748,1666,1458,1255,1838,557
703: 1491,296,1342,2019,620,615,282,1025,1034,1746,1171,18,1867,1217,998,1510,1401
704: 1267,478,1597,1546,1393,310,1069,1445,1,1548,2014,1047,385,1457,1975,1208,1866,707,1200,45,1338,1683
705: 
706: 935
707: 1267,478,1597,1546,1393,1069,1445,1,1229,1548,704,1111,2014,1047,385,1457,1975,1208,825,1866,1200,45,1338,193,1683
1666: 1390,2005,1414,607,1245,28,1976,798,993,828,1739,474,465,670,1296,850,777,638,646,1878,61,1633,1007,1892,970,78,1952,748,1458,1255,1749,1838,557
709: 
710: 
711: 
712: 287,981,1715,1363,1984,53,1048,1626,44,1618,2016,1368,21,1926,1797,1016,319,1167,1969,764,917,621,1250
713: 
714: 
715: 
1876: 997,315,1687,339,1533,2015,826,466,173,656,1011,179,941,547,1198,1569,1230,2013,202,1828,140,72,1865,102
717: 86,449
1420: 1691,1300,1927,1272,1129,1531,801,2010,1484,1713,683,19,1641,1347,129,384,295,1086,1964,1717,771,275,508,1053,328,1588,332
1944: 2003,2002,1170,737,1103,1294,588,857,1708,752,1240,1638,1036,1014,1046,1027,629,1471,1153,323,1213,1763,1674,793,487,1676,610,1843,933,335
1626: 287,1715,1984,1837,44,2016,634,319,1167,472,712,1969,1250
1677: 769
722: 1897,375,824,358,1934,2001
1734: 1491,296,1342,2019,230,1495,615,282,376,1025,1034,546,1746,18,1147,1867,763,1765,1217,446,1799
724: 
1579: 1483
726: 
727: 1927,1272,2010,427,1484,1713,683,32,132,34,1717,771
1613: 
1472: 
1704: 758
731: 1285,1860,1849,2011,1559,790,218,1283,1845
732: 
1933: 
734: 1079,1758,2006,249,1039,1910,74,841,848,972,58,2007
735: 
736: 1099,1166
737: 2003,2002,1170,1103,1294,588,857,1708,1944,1240,1638,1036,1046,1027,629,1471,1153,323,1763,610,933,335
738: 1144
739: 
740: 
741: 1759,2008,464,673,1555,1391,1822,1159,1482,121,353,254,1248,1807,1257,1600,1261,281,409,1526
1549: 644,916,1113,1748,1806,660,524,1455,195,2000,1387,844,197
1429: 1055
1591: 
1800: 1553,17
1567: 
747: 461,1523,586,1102,1780,1278,1293,477,2009,1126,1658,1083,1145,1428,503,1023,662
748: 1390,2005,1414,607,828,465,670,1296,850,638,646,1878,1633,1952,1666,1458
1408: 560,756,1225,1854,1142,1834,1682,176,1885,2012
1205: 1979
751: 1044,102,339,1533,2015,826,173,656,1019,941,1855,547,1569,2013,1828,1266,72,1865,676
752: 2003,2002,1294,588,857,1708,1944,1638,1014,1046,1471,1153,323,1213,1674,793,1676,610,1843
753: 
754: 
1203: 596
756: 560,1408,1225,1854,1142,1834,1682,176,1474,205,1292,1885,1076,450,2012,542,284,421,1100,566,495
1606: 
758: 1704
759: 
1684: 
761: 
762: 394,395,9,481
763: 1491,296,2019,230,1495,615,282,1034,546,156,1171,1147,1867,1765,1217,446,1734,1799,1401
764: 1363,1943,53,1048,1618,2016,1368,21,1926,1016,1167,712,917,621,1250
765: 
1645: 309,1550,135,2018,922,1431,387,1059,1932,773,1469
767: 347
1215: 
769: 1677
1445: 478,1597,1546,1004,66,1393,1069,1229,812,1548,704,1099,2014,1902,1705,1047,1166,1975,707,1200,45,1338,1609
771: 1691,1300,1927,1072,1272,801,2010,427,1484,1713,683,1641,1420,1347,32,727,295,1964,132,34,1717,430,508,1053,1831,1588,332,1291,80,579,965
1280: 
773: 1469,100,2018,387,1059,1932,1645,1550,1887
1264: 
775: 616,1513
1301: 
777: 2005,1245,28,1976,798,993,828,1739,465,1296,646,61,1633,1007,970,78,1666,1255,1838,557
778: 923,1285,1860,1849,2011,1559,492,1845
1339: 1897,375,29,358,561,1075,2001,437,1243,1120,30,1753,958
780: 360
781: 1553,17,1962
1705: 478,1597,1546,1004,66,1393,1069,1445,1229,812,1548,1099,2014,1902,1047,1166,1975,1208,1200,45,431,1338,1609
1288: 
784: 
1785: 
786: 
787: 
788: 
789: 
790: 492,218,1283,1845,731,2011,1559
791: 
1708: 2003,2002,1170,737,1103,1294,588,857,752,1944,1240,1638,1036,1014,1046,1027,629,1471,1153,323,1213,1763,1674,793,487,1676,610,1843,335
793: 323,1213,1763,1674,487,1676,610,1843,2003,2002,1170,1708,752,1944,1638,1046,1153
794: 
795: 
796: 1234
797: 
798: 2005,1245,1976,993,828,1739,474,670,850,777,61,1633,1007,970,78,1666,1255,1749,557
1218: 1026
800: 1267,478,1004,66,1393,310,1069,1,1229,1548,1111,2014,1720,385,1457,1208,825,1866,1200,431,1351,1146,470,1683
801: 1691,1300,1927,1129,1531,2010,427,1484,1713,683,19,1641,1420,129,384,295,1086,1964,1717,771,275,508,1053,328,1588,332,650,579
1917: 
1502: 876
1609: 478,1546,1004,1069,1445,1099,2014,1902,1705,1047,1166,1975,1208,1200,45,431,1338
1919: 
1347: 1691,1300,1927,1272,1129,2010,1641,1420,295,1964,132,34,1717,771,430,508,1053,1831,1588,332,1101,1291,93,650,579
1293: 594,461,1523,586,1102,1780,1278,477,747,592,926,2009,1126,1658,1083,1145,1428,503,1023,662,1647
808: 31
1946: 
810: 1362
1571: 1668,1388,1247
812: 1597,1069,1445,1099,2014,1902,1705,1047,1975,1338
813: 
1357: 1091,1109
1849: 1285,731,1860,2011,1559,923,778,492,218,1845
816: 1152
817: 
818: 692
819: 105,486,1504,1385
1802: 602,273
1533: 997,315,1687,339,2015,826,173,656,1019,1876,1011,941,1855,547,1230,2013,1828,1266,72,1865,676,751
822: 46
1898: 141,1769
824: 1897,375,280,29,358,561,1934,722,2001,437
825: 1267,1597,66,1393,1069,1,1229,1548,1111,2014,385,1457,800,707,1200,1338,193,1146,1683
826: 997,315,1687,339,1533,2015,466,173,656,1019,1876,1011,179,89,941,1855,547,1198,1569,1230,2013,202,1828,140,1266,72,1865,676,1044,751,102
827: 
828: 1390,2005,1414,607,1245,28,1976,798,993,65,1739,474,465,670,1296,850,777,638,646,1878,61,1633,1007,1892,970,78,1952,748,1666,1458,1749,1838
1975: 478,1597,1546,1004,1393,1069,1445,1229,812,1548,704,1099,2014,1902,1705,1047,1166,1208,707,1200,45,431,1338,1609
830: 681,343
1608: 1161,1698,2007,321,1758,2006,1039,1910,1665,842,848,657,972,1901
832: 565
833: 
834: 
835: 
836: 532
1942: 1236,617,1448,1863,1981,536,329,303,11,1500,2004,1426,114,1097,460,511,1434
2016: 287,981,1715,1363,1984,1943,1837,53,1048,1626,44,1618,634,1368,21,1926,1797,1016,319,1167,472,712,1969,764,917,621,1250
1232: 605,859
1894: 2008,1271,473,1822,1022,661,401,1380,1114,1381
841: 1079,1758,2006,249,1039,734,1910,1665,74,842,848,657,972,58,1698,2007
842: 1079,1758,2006,1039,1910,1665,841,848,657,972,58,1901,1608,1161,1698,2007,321
843: 
844: 1455,195,2000,863,236,298,1387,54,197,916,1549,1113,1844,1806,524
1844: 644,916,1113,660,195,2000,298,844,54,197
1690: 486,444,1504,1385
1843: 323,1213,1763,1674,793,487,1676,610,2003,2002,1294,588,857,1708,752,1944,1240,1638,1014,1046,1027,1153
848: 1079,1758,2006,249,1039,734,1910,1665,74,841,842,657,972,58,1901,1608,1161,1698,2007,321
849: 
850: 1390,2005,1414,607,1245,798,993,828,65,1739,474,670,1296,638,868,1878,61,1633,1007,1892,78,1952,748,1666,1458,1255,1749
1329: 
1569: 997,315,1687,339,2015,826,466,173,656,1876,179,941,1855,547,1198,2013,202,1828,140,72,1865,676,1044,751,102
1891: 1399,1140
1507: 
855: 
1691: 1300,1072,1531,801,2010,427,1484,683,1641,1420,1347,129,384,295,1086,1964,1717,771,275,430,508,1053,328,1831,1588,332,1101,1169,1602,1556,93,80,650,579,965
857: 2003,2002,1170,737,1103,1294,588,1708,752,1944,1240,1638,1036,1014,1046,1027,629,1471,1153,323,1213,1763,1674,487,610,1843,933,335
858: 
859: 1232,605
1952: 1390,2005,1414,607,28,828,65,465,1296,850,638,1878,1633,1892,78,748,1666,1458
1503: 
862: 1793,1015,399
863: 1455,195,2000,236,298,1387,844,54,197,916,1806,660,524
864: 874,937
1299: 
1747: 1701
2019: 1491,296,1342,230,620,1495,615,282,376,1025,1034,546,703,1746,156,1171,18,1147,1867,763,1765,1217,1912,446,998,1734,1510,1799,1401
868: 2005,1414,607,28,993,65,474,850,1878,1892,78,1458,1749
869: 
870: 
1595: 211
872: 1774
1585: 1185,1949
874: 864,937
1934: 375,280,824,358,561,722,2001,437,1281
876: 1502
1852: 
878: 196
1440: 
880: 
1887: 135,100,2018,922,387,1059,1932,1550,773,1469
882: 
2018: 135,100,922,1431,387,1059,1932,1645,309,1550,1887,773,1469
1492: 
1378: 510,618,1544,292
1560: 
1836: 
1508: 
889: 
1698: 1608,1161,2007,321,2006,1039,1910,1665,841,842,848,657,972,1901
891: 1446
1918: 1523,586,1780,477,2009,1145
893: 
1338: 1267,478,1597,1546,1004,66,1393,1069,1445,1,1229,812,1548,704,1111,1099,2014,1902,1705,1047,1457,1166,1975,1208,825,1866,707,1200,45,1609
1421: 
1921: 
1300: 1691,1927,1072,1272,1531,801,2010,427,1484,1713,683,1641,1420,1347,129,32,384,295,1086,1964,132,34,1717,771,430,508,1053,328,1831,1588,332,1101,1169,1602,1556,1291,80,650,579,965
898: 
899: 
1714: 
1448: 166,1236,617,1942,523,1863,1981,536,571,329,303,2004,1097,460,1434
1772: 406
1506: 
1510: 1491,296,2019,230,620,615,282,1025,1034,703,1746,1171,18,1217,998,1799,1401
905: 1223,188,390
906: 
907: 
1224: 1909,932,1914,288
1450: 
910: 
1536: 1670
912: 
1676: 323,1213,1674,793,487,610,1843,2003,2002,1708,752,1944,1153
1792: 
915: 1144
916: 644,1549,1113,1748,1844,1806,660,524,195,2000,863,298,1387,844,54,197
917: 1715,1984,1943,1837,53,1048,44,2016,634,1368,21,1926,1016,319,1167,472,712,1969,764,621,1250
918: 
919: 
920: 1067,1723
1900: 
922: 135,100,2018,1431,387,1059,1932,1645,1550,1887
923: 778,1285,1860,1849,2011,1559,1845
1526: 1257,1600,325,1261,1191,281,409,1451,73,1759,2008,673,1201,1555,1822,1482,121,353,254,1381,1248,741,1807
925: 
926: 594,461,1102,1780,1278,1293,592,2009,1126,1083,1428,503,1023,662,1647
1788: 11,1018,1500,2004,1426,1097,520,1389,1422,1961,571,529,329,303
928: 534,1519
2007: 1608,1161,1698,321,1079,1758,2006,249,1039,734,1910,1665,74,841,842,848,657,972,58,1901
930: 
931: 
932: 1224,1909,1914,288
933: 335,1763,610,2003,2002,1170,737,1103,857,1944,1240,1638,1036,1046,1027,629
934: 
935: 706
1496: 969,83
937: 874,864
938: 
1713: 1300,1927,1072,1272,1531,801,2010,427,1484,683,19,1641,1420,32,384,727,132,34,1717,771,508,1053
1302: 
941: 997,315,1687,339,1533,2015,826,466,173,656,1019,1876,1011,179,89,1855,547,1569,1230,2013,202,1828,1266,72,1865,676,751
942: 1462
1746: 1491,296,1342,2019,230,620,1495,615,282,376,1025,1034,546,703,1171,18,1147,1867,1765,1217,1912,998,1734,1510,1799,1401
1531: 1691,1300,1927,801,2010,427,1484,1713,683,19,1420,129,384,1086,1964,1717,1053,328,1588
1640: 544,1930,2017,1908,968,1163,960,1718,1882,695,1632
946: 
1486: 285
948: 
1998: 
1822: 1759,2008,464,673,1201,1555,1391,1271,473,1022,1159,661,1894,1482,401,1380,121,1114,353,254,1381,1248,741,1807,1261,1191,409,1451,1526
951: 15,1787,1621
1244: 
1990: 
954: 
955: 
1459: 
1830: 622
958: 1753,1120,30,1339,561,2001,1243,117,299,1017
1243: 1897,375,280,29,358,1339,561,1075,2001,437,1120,30,1753,958,1281,356,117,299,1017
960: 544,1930,1640,2017,1908,968,1163,1718,1882,695,1632
2000: 1455,195,863,236,298,1387,844,54,197,644,916,1549,1113,1748,1844,1806,660,524
1453: 
963: 
1958: 
965: 1101,1169,1602,1556,1291,80,650,579,1691,1300,1072,2010,427,683,384,295,132,771,430,508,1053,1831,332
966: 
1763: 323,1213,1674,793,487,610,1843,933,335,2003,2002,1170,737,857,1708,1944,1240,1638,1036,1014,1027,629,1153
968: 544,1930,1640,2017,1908,1163,960,1718,1882,695,1632
969: 83,1496,1050
970: 2005,1245,1976,798,993,828,1739,670,1296,777,646,61,1633,1007,78,1666,1255,1838,557
1356: 
972: 1079,1758,2006,249,1039,734,1910,1665,74,841,842,848,657,58,1901,1608,1698,2007,321
1600: 1261,281,409,73,1526,2008,673,121,254,1248,741
1285: 731,1860,1849,2011,1559,923,778,1845
1782: 
1943: 1715,1984,1837,53,1048,44,2016,634,1368,21,319,1167,472,1969,764,917,621,1250
977: 155,106
978: 
979: 
1234: 796
981: 287,1715,1363,1984,44,1618,2016,1926,1797,1016,319,1167,712,621
982: 
983: 
1687: 997,315,339,1533,2015,826,466,173,656,1019,1876,1011,179,89,941,1855,547,1198,1569,1230,2013,202,1828,140,1266,1865,676
1664: 
1862: 
1866: 1267,478,1546,66,1393,310,1069,1,1548,704,1111,2014,385,1457,1208,800,707,1200,45,431,1338,1351,1146,470,1683
1498: 526,1325,457
1519: 534,928
990: 
2015: 997,315,1687,339,1533,826,466,173,656,1019,1876,1011,179,89,941,1855,547,1198,1569,1230,2013,202,1828,140,1266,72,1865,676,1044,751,102
992: 
993: 2005,1414,607,1245,28,1976,798,828,65,1739,474,670,1296,850,777,868,1878,61,1633,1007,1892,970,78,1666,1749
994: 
995: 
996: 
997: 315,1687,339,1533,2015,826,466,173,656,1876,1011,179,89,941,547,1198,1569,1230,2013,202,1828,140,72
998: 1491,2019,230,620,615,1025,1034,703,1746,1171,18,1867,1912,1510
999: 
1819: 1257,325,1261,1191,281,1451,73,2008
1794: 
1002: 1109
1483: 1579
1004: 478,1597,1546,66,1393,1069,1445,1,1229,1548,1111,2014,1902,1720,1705,1166,1975,1208,800,1200,45,431,1338,1351,1609
1610: 
1703: 
1007: 2005,1414,607,1245,28,1976,798,993,828,1739,465,670,1296,850,777,638,646,61,1633,970,78,1666,1255,1838,557
1554: 317
1009: 
1267: 1597,1546,1393,310,1069,1,1229,1548,704,1111,2014,385,1457,1208,825,800,1866,707,1200,1338,193,1146,470,1683
1011: 997,315,1687,339,1533,2015,826,466,173,656,1019,1876,179,89,941,1855,547,1230,2013,202,1828,1266,676
1442: 
1441: 
1014: 2003,2002,1103,1294,588,857,1708,752,1944,1240,1638,1036,1027,1471,1153,323,1213,1763,1674,487,610,1843
1015: 1793,862,399
1016: 287,981,1715,1363,1984,53,1048,44,1618,2016,1368,21,1926,319,1167,712,764,917,621,1250
1017: 1281,356,117,299,1120,30,280,561,1075,2001,1243,1753,958
1018: 1500,2004,1426,1097,520,1788,1389,1422,166,1961,1863,1056,571,529,329,303
1019: 315,1687,339,1533,2015,826,173,656,1011,941,1855,547,2013,1828,1266,72,1865,676,1044,751,102
1020: 
1412: 374,274,225,168,1790
1022: 1759,2008,464,673,1555,1391,1271,473,1822,1159,661,1894,1482,401,1380,1114,353,1381,1807
1023: 594,461,586,1102,1780,1278,1293,477,747,592,926,2009,1126,1083,1428,503,662,1647
1024: 
1025: 1491,296,1342,2019,230,620,615,376,1034,546,703,1746,1171,18,1147,1867,1217,1912,998,1734,1510,1799
1026: 1218
1027: 2003,2002,1170,737,1103,588,857,1708,1944,1240,1638,1036,1014,629,1153,323,1213,1763,1674,487,610,1843,933,335
1028: 
1621: 951,15,1787
1030: 
1260: 
1770: 
1033: 
1034: 1491,296,2019,230,620,1495,615,282,1025,546,703,1746,1171,18,1147,1867,763,1765,1217,998,1734,1510,1799,1401
1854: 560,1408,756,1225,1142,1834,1682,176,1474,205,1885,1076,2012,1100,566,495
1036: 2003,2002,1170,737,1103,1294,588,857,1708,1944,1240,1638,1014,1027,1471,1153,1763,1674,487,610,933,335
1037: 51,383,157
1038: 
1039: 1079,1758,2006,734,1910,1665,74,841,842,848,657,972,58,1901,1608,1161,1698,2007,321
1040: 
1041: 
1521: 
1043: 364,666
1044: 751,102,2015,826,173,656,1019,1855,547,1569,2013,1828,140,1266,72,1865,676
1240: 2003,2002,1170,737,1103,1294,588,857,1708,1944,1638,1036,1014,1046,1027,629,1471,1153,323,1213,1763,1674,487,610,1843,933,335
1046: 2003,2002,1170,737,1103,1294,588,857,1708,752,1944,1240,1638,629,1471,1153,323,793,610,1843,933,335
1047: 1597,1546,1069,1445,812,1548,704,1099,2014,1902,1705,1166,1975,1208,707,1200,45,1338,1609
1048: 1715,1363,1984,1943,44,1618,2016,634,1368,21,1926,1797,1016,712,1969,764,917,621,1250
1359: 
1050: 969,83
1051: 
1052: 
1053: 1691,1300,1927,1072,1272,1531,801,2010,427,1484,1713,683,1641,1420,1347,129,384,295,1086,1964,1717,771,275,430,508,328,1831,1588,332,1101,1169,1556,650,579,965
1054: 
1055: 1429
1056: 166,1236,617,523,1961,1863,1981,536,571,529,329,303,1018,1500,2004,520,1389,1422
1620: 
1487: 1386
1059: 135,100,2018,922,1431,387,1932,1645,309,1550,1887,773,1469
1060: 
1908: 544,1930,1640,2017,968,1163,960,1718,1882,695,1632
1349: 
1741: 
1655: 
1820: 
1066: 92
1067: 1723,920
1068: 
1069: 1267,478,1597,1546,1004,66,1393,1445,1,1229,812,1548,704,1111,2014,1902,1705,1047,1457,1166,1975,1208,825,800,1866,707,1200,45,431,1338,1351,1609
1638: 2003,2002,1170,737,1103,1294,588,857,1708,752,1944,1240,1036,1014,1046,1027,629,1471,1153,323,1213,1763,1674,793,487,610,1843,933,335
1071: 
1072: 1691,1300,2010,427,1713,683,32,384,295,132,34,1717,771,430,508,1053,1831,1169,1602,1291,80,579,965
1073: 1190
1556: 1752,1101,1169,1602,93,80,650,579,965,1691,1300,2010,384,295,430,508,1053,328,1831,1588,332
1075: 1897,375,280,29,1339,561,2001,437,1243,1120,30,1753,1281,356,117,299,1017
1076: 1474,1292,1885,450,2012,284,421,1100,566,1149,495,560,756,1854,1142,1834
1077: 
1841: 
1079: 1758,2006,249,1039,734,74,841,842,848,657,972,58,1901,2007,321
1956: 
1783: 1452
1082: 63
1083: 461,1523,586,1102,1278,1293,747,926,2009,1126,1658,1428,503,1023,662
1438: 
1925: 
1086: 1691,1300,1531,801,2010,1484,683,1420,129,384,295,1964,1717,275,1053,328,1588,650,579
1305: 
1697: 
1932: 135,100,2018,922,387,1059,1645,1550,1887,773,1469
1090: 
1091: 1357,1109
1092: 
1093: 
1272: 1300,1927,1129,2010,427,1484,1713,683,19,1641,1420,1347,32,727,295,1964,132,34,1717,771,430,508,1053,1831
1095: 
1096: 
1097: 11,1018,1500,2004,1426,114,460,1788,1389,511,1422,1434,166,1236,617,1942,1961,1448,1863,1981,536,571,329,303
1098: 
1099: 1546,1445,812,2014,1902,1705,1047,736,1166,1975,1200,45,1338,1609
1100: 1239,1474,205,1327,1885,1076,450,2012,542,284,421,566,1149,495,560,756,1854,1834,1682,176
1101: 1752,1169,1602,1556,1291,93,80,650,579,965,1691,1300,2010,1347,295,34,430,508,1053,1831,1588,332
1102: 594,461,1523,586,1780,1278,1293,477,747,592,926,2009,1126,1083,1145,1428,503,1023,662,1647
1103: 2003,2002,1170,737,1294,588,857,1708,1944,1240,1638,1036,1014,1046,1027,629,1471,1153,1674,610,933,335
1104: 1709
1775: 136
1197: 
1909: 1224,932
1108: 
1109: 1091,1357,1002
1110: 7
1111: 1267,478,1597,1004,66,1393,310,1069,1,1229,1548,2014,1720,385,1457,825,800,1866,707,1200,1338,1351,193,1146,470,1683
1217: 1491,296,1342,2019,230,620,1495,615,282,376,1025,1034,546,703,1746,156,1171,18,1147,1867,763,1765,446,1734,1510,1799,1401
1113: 644,916,1549,1748,1844,1806,660,524,1455,195,2000,1387,844,54,197
1114: 1759,2008,464,1201,1271,473,1822,1022,661,1894,401,353,1381,1807,1257,1191,1451
1115: 397
1304: 
1117: 
1118: 1524
1720: 478,1004,66,1393,310,1,1229,1111,2014,1208,800,1200,431,1351,1146,470
1120: 30,1897,29,1339,561,1075,2001,1243,1753,958,299,1017
1121: 
1529: 
1123: 1790,225,168,651
1124: 
1834: 560,1408,756,1225,1854,1142,1682,176,1474,205,1292,1327,1885,1076,450,2012,291,284,421,1100,495
1126: 594,461,586,1102,1780,1278,1293,747,592,926,2009,1083,1428,503,1023,662,1647
1127: 
1358: 
1129: 1927,1272,801,2010,1484,683,19,1641,1420,1347,129,1964,1717,275,508,1588,332
1130: 1540,1639
1131: 1824
1512: 
1133: 
1336: 
1809: 
1136: 155,106
1853: 268
1831: 1691,1300,1072,1272,2010,427,683,1641,1347,32,384,295,132,34,1717,771,430,508,1053,332,1101,1169,1602,1556,1291,80,579,965
1873: 
1140: 1891,1399
1283: 790,218,1845,731,2011,1559
1142: 560,1408,756,1225,1854,1834,1682,176,1474,1292,1885,1076,450,2012,284,421,566,495
1143: 
1144: 915,738
1145: 461,1523,586,1102,1780,1278,1293,477,747,2009,1658,1428,1918,503
1146: 193,470,1683,1267,66,1393,310,1,1111,2014,1720,385,1457,825,800,1866,1351
1147: 1491,296,1342,2019,230,1495,615,282,376,1025,1034,546,1746,1171,18,1867,763,1765,1217,1912,1734,1799
1777: 
1149: 1239,1474,1885,1076,450,2012,542,284,421,1100,566,262,495
1150: 
1208: 1267,478,1546,1004,66,1393,310,1069,1,1548,704,2014,1720,1705,1047,1166,1975,800,1866,707,1200,45,431,1338,1351,1609,470
1152: 816
1153: 2003,2002,1170,737,1103,1294,588,857,1708,752,1944,1240,1638,1036,1014,1046,1027,629,1471,323,1213,1763,1674,793,487,1676,610,1843
1748: 644,916,1549,1113,1806,660,524,1455,2000,298,1387,54,197
1155: 213,1247
1156: 
1863: 166,1236,617,1942,523,1961,1448,1056,1981,536,571,529,329,303,1018,1500,2004,1097,520,1389,1422,1434
1369: 
1159: 1759,2008,464,673,1201,1555,1391,1271,1822,1022,1482,401,1380,121,1248,741,1807,409
1160: 
1161: 1608,1698,2007,321,2006,1039,1665,74,842,848,657,1901
1162: 
1163: 1930,1640,2017,1908,968,960,1718,1882,1632
1818: 1366
1165: 1252
1166: 478,1546,1004,1069,1445,1099,2014,1902,1705,1047,736,1975,1208,1200,45,431,1338,1609
1167: 287,981,1715,1984,1943,1837,53,1626,44,2016,1368,21,1926,1016,319,472,712,1969,764,917,621,1250
1229: 1267,478,1597,1004,66,1393,1069,1445,1,1548,1111,2014,1902,1720,1705,385,1457,1975,825,800,707,1200,45,1338,1351
1169: 1752,1101,1602,1556,93,80,650,579,965,1691,1300,1072,2010,427,384,295,430,508,1053,1831,332
1170: 2003,2002,737,1103,1294,857,1708,1944,1240,1638,1036,1046,1027,629,1153,323,1213,1763,793,487,610,933,335
1171: 1491,2019,230,620,615,1025,1034,546,703,1746,18,1147,1867,763,1217,998,1510,1799
1875: 
1602: 1752,1101,1169,1556,1291,93,80,650,579,965,1691,1300,1072,2010,295,430,508,1831,332
1668: 1388,1571
1901: 1079,1758,2006,1039,1910,1665,74,842,848,657,972,1608,1161,1698,2007,321
1582: 
1177: 
1597: 1267,478,1546,1004,66,1393,1069,1445,1,1229,812,1548,704,1111,2014,1902,1705,1047,385,1457,1975,825,707,1200,45,1338
1361: 1586
1513: 616,775
1981: 166,1236,617,1942,523,1961,1448,1863,1056,536,571,529,329,303,1500,2004,1097,460,1389,511,1434
1294: 2003,2002,1170,737,1103,588,857,1708,752,1944,1240,1638,1036,1014,1046,629,1471,1153,323,1674,610,1843
1183: 
1227: 
1185: 1585,1949
1387: 1455,195,2000,863,236,844,197,916,1549,1113,1748,1806,524
1380: 1759,2008,464,673,1201,1555,1391,1271,473,1822,1022,1159,661,1894,1482,401
1308: 
1566: 
1190: 1073
1191: 1257,1819,325,1261,281,1451,73,1526,2008,673,1201,473,1822,401,121,1114,353,254,1381,1807
1192: 
1193: 
1700: 1974,1530,599
1637: 
1456: 103