1758: 74,2007,321,1079,841,972,58,1826,2006,1698,1039,842
1: 1975,1902,1457,1200,1338,2014,66,707,431,1229,1546,1004,825,1548,385,800,1208,1393,1609,1099,812,1047,45,1146,1166,1445,1111,478,470,193,310
1471: 1944,323,1843,1708,2002,1674,588,1014,857,1676,629,1294,1213,487,1638,1763,793,1027,752,1153,1046,933,610,335,737,243,1103,2003
1979: 
1803: 
1926: 319,1797,1048,1943,1363,2016,1368,1199,1167,21,917,44,1250,1715,1618,1969,1837,1626,1984
1192: 
7: 1256,153,1313
1797: 319,1048,1943,1363,53,2016,1167,1926,21,712,917,44,1250,472,621,287,1626,981,1016,634,764
1229: 1975,1902,1457,2014,66,707,1,1004,825,1548,385,800,1208,1393,1609,1099,812,1047
1342: 546,1491,615,230,1401,2019,1034,1495,338,1867,1217,1746,376,620,296,998,1147,18,703,1765
11: 1097,1863,571,1942,1236,1500,1981,1961,114,1018,166,2004,460,1788,536,511,1434,617
12: 
1756: 
1865: 656,315,89,1569,941,466,547,1873,173,2013,1855,1533,1687,1198,1230,2015,1828,1019,179,826,339,102,1876,1266
15: 150,1254
16: 1586,1851
17: 1316,715
18: 703,446,1765,546,1491,1401,2019,1342,1867,376,763,620,296
19: 2010,1101,34,1484,1086,1291,384,508,32,1588,1420,427,1602,1556,813,1072,129,1752,683,801,93,579,295,1272,1964,1053,1691,1300,1129,1501,1713,275,1641,1169,328,430,1531,1831,332
20: 
21: 319,1797,1048,2016,1199,1167,1926,712,44,1969,621,1837,1626,1984
22: 
1393: 1975,1902,1200,2014,707,1229,1546,1,1004,825,1548,385,800,1208,1099,812
1623: 
25: 526
1368: 319,1048,1943,1363,53,2016,1199,1167,1926,917,44,1250,1715,472,1618,1969,1837,1626
1910: 74,2007,1665,321,848,1161,1901,841,734,657,972,2006,1608,1698,1038,249,842
28: 2005,61,1633,638,1739,1749,1007,1666,607,1245,993,557,1952,1521,850,828,868,1892,748,78,465,970,1878,1255,646,1458,1296,65,777,1414
29: 722,1339,2001,358,824,1934,299,117,375,437,172
30: 722,2001,358,280,1017,1120,356,299,1281
31: 333
32: 2010,34,1484,1086,1291,19,384,1588,1420,427,1602,1556,813,1072,801,93,579,1272,1964,1691,1300,1129,1501,1713,275,1641,328,430,1531,332
33: 
34: 2010,1086,1291,19,384,32,1588,1420,650,1602,1556,813,1072,1752,801,93,1053,1691,1300,1501,1713,1641,328,430,1531
35: 
36: 
37: 
38: 
1379: 476,767,1405
40: 
1460: 
1817: 
43: 
44: 319,1797,1048,1943,1363,2016,1368,1199,1167,1926,21,712,917,1250,1715,472,1618,1969,621,1837,1626,981,1984,634
45: 1902,1338,2014,66,707,431,1,385,800,1609,812,1047,1597,1720,1866,1146,1683,1445,1111,1267,478,193,704
46: 313
1759: 281,1391,2008,661,1563,1600,1894,1451,325,1261,1482,130,464,1807,1159,73,401,1381,1819,741,1114,1822,121,1770,673
1361: 
49: 
1247: 1571,1541,1668,1388,1155
51: 
52: 1540
53: 1797,1943,1363,2016,1368,1167,917,1715,472,1618,287,1626,981,1016,634
54: 660,236,916,2000,1806,197,1844,195,1387,863,1455,844,298,1748,1591
55: 530
56: 
1860: 778,790,2011,492,731,1849,133,1559,923,1845,1283,218,1285
58: 74,2007,1665,321,1079,848,1758,841,972,1826,2006,1608,1039,249,842
1505: 
60: 
61: 2005,1633,638,1739,1749,1007,1666,607,28,1245,993,1521,850,828,748,78,465,970,1878,1255,646,1458,1296,777,1414
62: 
63: 
1363: 1797,1048,1943,53,2016,1368,1167,1926,917,44,1250,1715,472,287,1626,981,1016,634
65: 2005,1633,1749,1007,28,993,557,1952,850,868,1892,465,970,1296,798,1976
66: 1975,1902,1457,1200,1338,2014,707,431,1229,1546,1,1548,385,800,1208,1609,1099,812,1047,45,1597,1720,1866,1146,1683,1166,1445,1111,1267,478,193,310,704
1308: 
68: 
69: 163,343
1715: 319,1943,1363,53,2016,1368,1199,1167,1926,917,44,1250,472,1618,1969,1626,981,1016
1443: 
72: 2015,1828,1044,1019,179,997,826,339,676,1876,1011,202,1266,656,315,89,1569,941,547,173,2013,1533,1687,1198,1230
73: 281,1391,2008,661,1563,1600,1451,325,1261,1482,464,1807,1526,401,1380,1759,1257,254,1381,473,1819,741
74: 2007,1665,321,1079,848,1161,1910,1901,1758,841,734,657,972,58,1826,2006,1608,1698,1038,1039,249,842
1589: 
76: 1560,1504,1244
1524: 
78: 2005,61,638,1739,1749,1007,1666,607,28,993,557,1952,850,828,868,465,970,1878,1255,646
1564: 
80: 1347,965,132,2010,508,650,813,129,1752,683,771,93,295,1053,1691,1300,1129,1641,1169,328,1717,430,1831
81: 
1422: 1448,1389,523,1056,520,329,1426,617,529,1097,1863,1500,114,1018,2004,460
83: 1679
1863: 1097,571,1942,1236,1500,1961,114,11,1018,166,2004,460,1788,536,511,1434,529,1389,523,520,1422,617
1155: 1668,1388,1571,1247,1541
86: 
1653: 
1679: 83
89: 656,315,1865,1569,941,466,547,173,2013,1855,1533,1687,1198,1230,2015,1044,72,1019,179,997,339,1876,202,1266
1457: 1975,1902,1200,2014,66,1229,1546,1,1004,1548,1208,1609,1099,812,1720,1866,1146,1166,1445,1111,478,470,193,310
1718: 960,968,1930,1640,2017,544,695,1882,1547,1632,1163
92: 706,1203
93: 2010,1101,34,1484,1086,19,384,32,1588,1420,650,1602,1556,813,1072,129,1752,771,801,295,1964,1053,1691,1300,1129,1501,275,1641,1169,328,1717,430,1531,1831,80
94: 714
1266: 2015,1828,72,1019,179,997,826,339,676,102,1876,1011,202,315,1865,89,1569,941,547,173,2013,1855,1533,1687,1198,1230
1916: 
97: 
1385: 1993,1091
1781: 
100: 1645,1887,2018,773,387,1550,1932,922,1469,309,1431
1501: 2010,34,1484,1086,1291,19,32,1588,1420,1602,1556,1072,801,93,1964,1691,1713,275,1531,332
102: 2015,1828,1044,751,1019,179,826,676,1011,1266,140,656,315,1865,1569,547,1873,2013,1533,1687,1230
103: 
104: 1891
105: 
106: 374,1136,1790,168
1774: 
1463: 983,543
1153: 1046,933,1170,610,335,1036,1240,737,243,1103,2003,1944,1471,1708,2002,1674,1014,857,1676,1213,793,1027,752
1190: 1551
111: 
112: 519,347,1093
1754: 346
114: 1097,1863,571,1500,11,1018,2004,460,1788,511,1434,529,523,1422,617
1701: 1304
1366: 
117: 722,1339,958,2001,824,1934,29,299,375,437,172
1682: 566,1239,495,284,542,1474,2012,1100,1885,1532,1292,262,1834
1452: 
120: 
121: 1822,1022,1248,1191,353,1770,673,281,1391,2008,661,1451,325,1261,130,464,1159,401,1759,1381,1819,741,1114
1632: 1718,968,2017,544,695,1882,1547,1163
1255: 2005,61,638,1739,1749,1007,1666,607,28,1245,993,557,1952,1521,850,828,868,78,465,970,1878,646,1296
1458: 2005,61,1633,1739,1007,1666,607,28,993,1521,828,1892,748,970,1296,777,1414
1490: 
126: 1349
1637: 
128: 
129: 2010,1101,1086,19,508,1420,650,813,1752,683,771,801,93,579,295,1272,1053,1691,1300,1129,275,1641,1169,328,1717,430,1531,1831,1347,965,132,80,1927
130: 281,1391,2008,661,1600,1894,1451,464,1807,1555,1526,1159,401,1759,1257,254,1381,473,1819,741,1114,1822,121,1191,353,1770,673
131: 
132: 1347,965,80,2010,508,650,813,129,1752,683,771,1053,1691,1300,1129,1641,1169,328,1717,430,1831
133: 778,790,1860,2011,492,731,1849,1559,923,1845,1283,1285
1395: 
135: 1887,2018,773,387,1550,1059,1932,922,309
136: 
137: 
1707: 405,1956
139: 
140: 2015,1044,751,1019,179,826,102,1011,202,656,547,1873,2013,1533,1687
141: 1603,414
1627: 
1787: 1440,1621,951,876
1365: 
1842: 
1245: 2005,61,1633,1739,1749,1007,607,28,993,850,1892,748,465,1878,1255,1296,1414,1390,798,474,1976,670
147: 713,1359,235
1520: 1140,780
1670: 
150: 15,1254
1159: 281,1391,2008,661,1600,1894,1451,325,1261,130,464,1807,1555,401,1759,254,1381,1819,741,1114,1822,121,1248,1191,353,1770,673
152: 
153: 1256,7
1815: 1205
155: 
156: 546,1734,1491,615,2019,1034,1495,338,1171,1217,1746,1799,1912,282,1025,1510
157: 
158: 
1331: 
1392: 
1753: 958,2001,1243,1017,1120,356
1309: 
163: 69,343
1547: 960,1718,968,1930,1908,1640,2017,544,695,1882,1632,1163
165: 942,481,963
166: 1863,571,1942,1236,1981,1961,11,1018,2004,1788,511,1434
1504: 1244,1560,76
168: 106,374,1136,1790
169: 311
1250: 319,1797,1048,1943,1363,2016,1368,1199,1167,1926,917,44,1715,1837,1626
1828: 2015,72,1019,179,997,826,339,676,102,1876,1011,1266,1865,1569,941,2013,1533,1687,1198,1230
172: 1934,29,117,375
173: 656,315,1865,89,1569,941,466,547,1873,2013,1855,1533,1687,1198,1230,2015,1044,72,1019,179,339,1876,202,1266
2004: 1097,1863,571,1942,1236,1500,1981,1961,114,11,1018,166,460,1788,536,511,1434,529,1448,1389,523,1056,520,329,1422,1426,617
1200: 1975,1902,1457,2014,66,707,431,1546,1,1004,1548,800,1208,1393,1099,812,1705,1146,1166,1445,1111,478,470,310
176: 450,560,1408,495,284,1854,2012,1225,756,1100,1885,205,262,1834
1451: 281,1391,2008,661,1563,1600,1894,325,1261,1482,130,464,1807,1555,1526,1159,73,401,1380,1759,1257,254,1381,473,1819,741,1114,121,673
1639: 1820
179: 2015,1828,1044,72,751,1019,997,826,339,676,102,1011,202,1266,140,656,315,1865,89,1569,547,1873,173,2013,1533,1687,1230
2003: 1153,1046,933,1170,610,335,1036,1240,737,243,1103,1944,323,1843,1471,1708,2002,1674,588,1014,857,1676,629,1294,1213,487,1638,1763,793,1027,752
2002: 1944,323,1843,1471,1708,1674,588,1014,857,1676,629,1294,1213,487,1638,1763,793,1027,752,1153,1046,933,1170,610,335,1036,1240,737,243,1103,2003
182: 
1163: 1718,968,1930,1640,2017,544,695,1882,1547,1632
184: 
2010: 1101,34,1484,1086,1291,19,384,508,32,1588,1420,427,650,1602,1556,813,1072,129,1752,683,771,801,93,579,295,1272,1964,1053,1691,1300,1129,1501,1713,275,1641,1169,328,1717,430,1531,1831,1347,965,132,80,1927,727,332
186: 
2008: 281,1391,661,1563,1600,1894,1451,325,1261,1482,130,464,1807,1555,1526,1159,73,401,1380,1759,1257,254,1381,473,1819,741,1114,1822,121,1022,1248,1191,353,1770,673
188: 258,765
1456: 
1878: 2005,61,638,1739,1749,1666,607,28,1245,993,1521,850,828,868,748,78,465,1255,646,1296,777,1414
191: 
2012: 566,450,560,176,1239,1327,1408,1142,495,284,542,421,291,1854,1474,1225,756,1100,1885,1532,205,1292,1076,1149,1682,262,1834
193: 1597,1720,1866,1146,1683,1445,1111,1267,478,704,1902,1457,1338,2014,66,1,1548,385,1609,812,1047,45
1201: 
195: 236,916,2000,644,1806,197,1844,863,54,1455,844,1113,298,1591
196: 
197: 660,236,916,2000,644,1806,524,1844,195,1387,863,54,1455,1549,844,1113,1748,1591
198: 
1257: 2008,661,1563,1600,1894,1451,1482,130,1807,1555,1526,73,401,1380,1381,741
1563: 281,2008,661,1451,1261,1482,1807,73,401,1380,1759,409,1257,1381,741
1940: 
202: 2015,1044,72,751,1019,179,997,339,676,1876,1011,1266,140,656,315,89,1569,941,547,1873,173,2013,1533,1687,1230
1325: 
1588: 2010,34,1484,1086,1291,19,384,32,1420,650,1602,1556,813,1072,801,93,579,1272,1691,1501,1713,1641
205: 176,1408,284,1854,2012,1225,756,1100,262,1834
1310: 1206
1779: 
208: 
209: 
210: 
211: 
1612: 
213: 
214: 
1474: 566,450,1239,1408,495,284,542,421,291,2012,1100,1885,1532,1292,1682,262,1834
1740: 1165,619
1276: 869
218: 790,1860,2011,492,731,1849,1559,923,1845,1285
1387: 660,236,2000,1806,524,197,863,54,1455,1113,1748
1281: 722,30,2001,358,280,1017,1120,356
2001: 722,30,1339,958,358,1243,280,824,1017,1934,29,1120,356,299,117,1281,375,437,1753
222: 1369,1223
223: 
1647: 586,1083,2009,461,1145,1126,477,1780,503,747,662,1102,926,1523,594,1293,1658
225: 
1398: 
227: 
1522: 596
1428: 1071,1918,1023,1278,586,2009,592,1126,477,747,1102,1293,1658
230: 546,1734,615,1401,2019,1034,1495,338,1342,1217,1746,376,620,296,998,1147
1306: 645
1469: 2018,387,1550,1059,1932,922,309,1431,100,1645
233: 
1693: 
235: 713,147,1359
236: 660,916,2000,644,1806,524,197,195,1387,863,54,1455,1549,844,1113,1748
237: 
238: 
1618: 319,1943,53,2016,1368,1199,1167,1926,917,44,1715,472,1969,1837,1626,1016
240: 
241: 
1467: 
243: 1153,1046,933,1170,610,335,1036,1240,737,1103,2003,1843,1471,1708,2002,1674,1014,857,487,793,1027,752
1252: 1794
245: 
1277: 1438
1278: 1071,1918,1428,1023,586,2009,592,1145,477,503,747,1102,1293,1658
1386: 
249: 74,2007,1665,321,848,1161,1910,841,734,657,972,58,1826,2006,1608,1038,842
250: 
1208: 1975,1902,1457,1200,2014,66,707,1229,1546,1,1004,825,1548,385,800,1393,1609,1099,812,1047,1445,1111
1780: 586,1083,2009,461,503,1647,747,662,926,594,1293
1799: 1734,2019,1034,1495,338,1171,1217,1746,1912,282,156,1025
254: 281,1391,2008,661,1600,1894,1451,130,464,1555,1526,1159,73,401,1380,473,1819,741,1191,353,1770,673
1206: 1310
1313: 1256,364,7
1807: 281,1391,2008,661,1563,1600,1894,1451,325,1261,1482,130,1555,1526,1159,73,401,1380,1759,409,1257,1381,473,1819,741,1114
258: 765,188
259: 
1193: 
261: 
262: 566,450,560,176,1408,495,284,542,1854,1474,2012,1225,756,1100,1885,205,1292,1682,1834
263: 
264: 
265: 
1369: 222,1223
1362: 
268: 
1837: 319,1048,2016,1368,1199,1167,1926,21,44,1250,1618,1969,1626,1984
1658: 586,2009,461,592,1145,1126,477,503,1647,747,662,1102,1523,594,1293,1071,1918,1428,1023,1278
1355: 1066,1830,1565
1914: 
273: 
274: 
275: 2010,1101,1484,1086,1291,19,32,427,1602,1556,813,129,1752,683,801,93,295,1272,1964,1691,1300,1129,1501,1169,328,430,1531,1927,332
276: 
1330: 
278: 
1199: 319,1048,1943,2016,1368,1167,1926,21,712,917,44,1250,1715,472,1618,1969,1837,1626,1984
280: 722,30,2001,358,1017,1120,356,1281
281: 1391,2008,661,1563,1600,1451,325,1261,130,464,1807,1526,1159,73,401,1380,1759,254,1381,473,1819,741,1114,121,673
282: 546,1491,615,2019,1034,1495,338,1171,1867,1217,1746,1799,1912,763,620,156,998,1025,1510
1962: 1553,880,434
284: 566,450,560,176,1239,1327,1408,1142,495,542,421,291,1854,1474,2012,1225,756,1100,1885,1532,205,1292,1149,1682,262,1834
285: 626,1544
286: 
287: 1797,1943,1363,53,2016,1167,917,1626,981,1016,634
288: 1227,1224
2005: 61,1633,638,1739,1749,1007,1666,607,28,1245,993,557,1952,1521,850,828,868,1892,748,78,465,970,1878,1255,646,1458,1296,65,777,1414,1390,798,1976,670
290: 1518,1067
291: 566,450,560,1239,1327,495,284,542,421,1474,2012,1885,1532,1149
292: 317
1394: 1711
294: 
295: 2010,1101,1484,19,427,1556,813,129,1752,683,93,1964,1300,1129,275,1169,430,1531,1831,1347,965,80,1927
296: 546,1491,615,230,1401,2019,1495,1342,1867,1217,376,763,620,18,703,446,1765
1400: 784,1486
298: 916,2000,1806,1844,195,54,1455,1591
299: 722,30,1339,958,2001,358,824,1017,1934,29,117,375,437
300: 
1430: 
2014: 1975,1902,1457,1200,1338,66,707,431,1229,1546,1,1004,825,1548,385,800,1208,1393,1609,1099,812,1047,45,1597,1720,1866,1705,1146,1683,1166,1445,1111,1267,478,470,193,310,704
303: 
304: 
1795: 
1391: 281,2008,661,1600,1894,1451,325,1261,130,464,1807,1555,1526,1159,73,401,1759,254,1381,473,1819,741,1114,1822,121,1022,1248,1191,353,1770,673
307: 454
1410: 
309: 1887,135,2018,773,387,1550,1059,1932,922,1469,1431,100,1645
310: 1597,1720,1705,1146,1166,1445,478,470,1902,1457,1200,2014,66,707,431,1546,1,1004,1099,812
311: 169
312: 
313: 46
1930: 960,1718,968,1908,1640,2017,544,695,1882,1547,1163
315: 656,1865,89,1569,941,466,547,1873,173,2013,1855,1533,1687,1198,1230,2015,72,1019,179,339,102,1876,202,1266
1546: 1975,1902,1457,1200,2014,66,707,431,1,1004,825,1548,800,1208,1393,1099,812,1047,1146,1445,478,470,310
317: 292,1530,1033
318: 
319: 1797,1048,1943,2016,1368,1199,1167,1926,21,712,917,44,1250,1715,472,1618,1969,621,1837,1626,981,1984,1016,634,764
1974: 1700
321: 74,2007,1665,1079,848,1161,1910,1901,1758,841,734,657,972,58,1826,2006,1608,1698,1038,1039,249,842
322: 931
323: 1944,1843,1471,1708,2002,1674,1014,857,1676,629,1294,1213,487,1763,793,1027,752,933,610,1103,2003
1806: 660,236,916,2000,197,1844,195,1387,863,54,1455,844,1113,298,1748,1591
325: 281,1391,2008,661,1451,1261,464,1807,1159,73,1759,1381,1819,741,1114,121,1022,1248,1770,673
1327: 566,450,560,1239,1142,495,284,421,291,1854,2012,1225,1885,1532,1149
327: 1028
328: 2010,34,19,32,1420,650,1602,1556,813,129,1752,771,801,93,1964,1053,1691,1300,275,1641,1169,1717,430,1531,1831,132,80,1927
329: 1448,1389,1056,520,1422,617,2004
330: 
1586: 16,1851
332: 727,2010,1484,1291,19,32,427,1602,1556,1964,1501,275,1531
333: 31
334: 
335: 1153,1046,933,1170,610,1036,1240,737,243,1103,2003,1944,1843,1471,1708,2002,1674,588,1014,857,1294,1213,487,793,1027
1991: 
337: 
338: 546,1734,1491,615,230,2019,1034,1495,1171,1342,1217,1746,376,1799,1912,282,620,156,998,1147,1025,1510
339: 2015,1828,1044,72,1019,179,997,676,1876,1011,202,1266,656,315,1865,89,1569,941,547,173,2013,1533,1687,1198,1230
1389: 1448,523,1056,520,329,1422,1426,617,1097,1863,1942,1500,1018,2004,536
341: 576,979
1886: 
343: 69,163
1695: 
345: 
346: 1754
347: 519,112,1093
2013: 656,315,1865,89,1569,941,466,547,1873,173,1855,1533,1687,1198,1230,140,2015,1828,1044,72,751,1019,179,997,826,339,676,102,1876,1011,202,1266
1838: 
1399: 709
351: 
1614: 
353: 1822,121,1022,1248,1191,1770,673,1391,2008,661,1600,130,464,1526,1159,254,473,1819,741
1548: 1975,1902,1457,1200,2014,66,707,1229,1546,1,1004,385,800,1208,1393,1609,1099,812,1047,1146,1166,1445,1111,478,193
1405: 1379,476,767
356: 722,30,1339,958,2001,358,1243,280,824,1017,1120,1281,1753
1500: 1097,1863,1942,1236,114,11,1018,2004,460,1788,536,511,1434,1448,1389,523,1056,520,1422,1426,617
358: 722,30,1339,958,2001,280,824,1017,29,356,299,1281,375,437
1226: 
360: 
361: 
1968: 
1316: 715,17
364: 1313
1835: 
1892: 2005,1633,1739,1749,1007,607,28,1245,993,1952,850,748,465,970,1458,1296,65,1414,1390,798,1976,670
1826: 74,2007,1665,321,1079,848,1758,841,734,972,58,2006,1608,1039,249,842
1984: 319,1048,2016,1199,1926,21,712,44,1969,621,1837
1198: 315,1865,89,1569,941,173,2013,1855,1533,1230,2015,1828,72,1019,339,676,1876,1266
370: 
371: 
372: 
1426: 1448,1389,1056,520,1422,617,1097,1942,1500,1018,2004,536
374: 106,1136,1790,168
375: 722,1339,958,2001,358,824,1934,29,299,117,437,172
376: 546,1491,615,230,1401,2019,1034,1495,338,1342,1867,1217,1746,763,620,296,998,18,703,446,1765
377: 
378: 
1935: 
380: 832
1315: 
1241: 
383: 
384: 2010,34,1086,19,508,32,1588,1420,650,1602,813,1072,801,93,579,1272,1053,1691,1300,1713,1641,1717
385: 1975,1338,2014,66,707,1229,1,825,1548,800,1208,1393,1609,812,1047,45,193
386: 
387: 1887,135,2018,773,1550,1059,1932,922,1469,309,1431,100,1645
1493: 
389: 816
390: 
1248: 1822,121,1022,1191,353,1770,673,1391,2008,325,1159,1819,1114
392: 
1987: 
394: 942,481,963
395: 
1641: 2010,34,1086,19,384,508,32,1588,1420,650,1602,1556,813,1072,129,1752,771,801,93,579,1272,1053,1691,1300,1129,1169,328,1717,430,1531,132,80
397: 1650,992
398: 
399: 
400: 
401: 281,1391,2008,661,1563,1600,1894,1451,1261,1482,130,464,1807,1555,1526,1159,73,1380,1759,1257,254,1381,473,1819,741,1114,1822,121,1770
402: 
1294: 1944,323,1843,1471,1708,2002,1674,588,1014,857,1676,629,1213,487,1638,1763,793,1027,752,1046,933,1170,610,335,1036,737,1103,2003
1961: 1863,571,1942,1236,1981,11,1018,166,2004,460,511,1434
405: 1707,1956
406: 
1162: 
408: 1769
409: 1563,1482,1807
410: 
411: 
1390: 798,474,1976,2005,1739,1245,850,1892,748,1296,1414,670
413: 
414: 1603,141
1709: 1104
416: 930,605
417: 1606
1751: 
1580: 
420: 
421: 566,450,560,1239,1327,1142,495,284,542,291,1854,1474,2012,1225,1885,1532,1149
1749: 2005,61,1633,638,1739,1007,1666,607,28,1245,993,557,1952,850,868,1892,748,78,465,970,1878,1255,1296,65,1414,798,1976
1532: 566,450,1239,1327,495,284,542,421,291,1474,2012,1100,1885,1682,1834
1964: 2010,1101,1484,1291,19,32,427,1602,1556,813,1752,801,93,295,1691,1129,1501,275,1169,328,430,1531,1927,727,332
425: 
1291: 2010,34,1484,1086,19,32,1588,1420,427,1602,1556,813,1072,801,1272,1964,1501,1713,275,332
427: 2010,1101,1484,1291,19,32,1556,801,295,1272,1964,1129,275,1169,430,1531,1927,727,332
428: 
1295: 
430: 2010,1101,34,1484,1086,19,508,32,1420,427,1602,1556,813,1072,129,1752,683,771,801,93,579,295,1272,1964,1053,1691,1300,1129,275,1641,1169,328,1717,1531,1831,1347,965,132,80,1927
431: 1975,1902,1200,1338,2014,66,707,1546,1,800,1099,812,1047,45,1597,1146,1445,478,470,310
432: 1438,1584
1388: 1668,1155,1571,1247,1541
434: 1553,880,1962
1723: 
1495: 546,1491,615,230,2019,1034,338,1171,1342,1867,1217,1746,376,1799,1912,282,763,620,296,156,998,446,1765,1025,1510
437: 722,1339,2001,358,824,29,299,117,375
438: 
1827: 
1550: 1887,135,2018,773,387,1059,1932,922,1469,309,100,1645
1986: 946
1555: 1391,2008,661,1600,1894,1451,1482,130,1807,1526,1159,401,1380,1257,254,1381,741
443: 
444: 1077
445: 
446: 18,703,1765,546,1491,615,1401,2019,1495,1867,376,763,620,296
1565: 1830,1066,1355
2006: 74,2007,1665,321,1079,848,1161,1910,1901,1758,841,734,657,972,58,1826,1608,1698,1038,1039,249,842
449: 
450: 566,560,176,1239,1327,1142,495,284,421,291,1854,1474,2012,1225,1100,1885,1532,1149,262,1834
1544: 626,285
1431: 1887,2018,773,387,1932,922,1469,309,100,1645
1752: 2010,1101,34,19,508,1420,650,813,129,683,771,801,93,295,1964,1053,1691,1300,1129,275,1641,1169,328,1717,430,1531,1831,1347,965,132,80,1927
454: 307
1540: 52
1271: 
457: 
1825: 
1227: 288,1224
460: 1097,1863,571,1942,1236,1500,1961,114,11,1018,2004,1788,511,1434,529,523,520,1422,617
461: 586,1083,2009,592,1145,1126,477,1780,503,1647,747,662,1102,926,1523,594,1293,1658,1071,1918,1023
462: 1696
1811: 
464: 281,1391,2008,661,1600,1451,325,1261,130,1526,1159,73,401,1759,254,473,1819,741,121,1022,1191,353,1770,673
465: 2005,61,638,1739,1749,1007,1666,607,28,1245,993,557,1952,850,868,1892,748,78,970,1878,1255,646,1296,65,1414,798
466: 656,315,1865,89,1569,941,547,1873,173,2013,1855,1533,1687,1230,2015
1183: 
468: 
1381: 281,1391,2008,661,1563,1600,1894,1451,325,1261,1482,130,1807,1555,1159,73,401,1380,1759,1257,1819,741,1114,121
470: 1720,1705,1146,1166,1445,1111,478,310,1902,1457,1200,2014,431,1546,1,1004,1099,812
1161: 74,2007,1665,321,1079,1910,1901,841,734,657,972,2006,1608,1698,1038,249,842
472: 319,1797,1048,1943,1363,53,2016,1368,1199,1167,712,917,44,1715,1618,1969,621,1626,981,1016,634,764
473: 281,1391,2008,661,1600,1451,1261,130,464,1807,1526,73,401,1380,254,1819,741,353,673
474: 1390,798,1976,1245,670
1902: 1975,1457,1200,2014,66,707,431,1229,1546,1,1004,1548,800,1208,1393,1609,1099,812,1047,45,1597,1720,1705,1146,1166,1445,1111,478,470,193,310
476: 1379,1405
477: 586,1083,2009,461,592,1145,1126,503,1647,747,662,1102,1523,594,1293,1658,1071,1918,1428,1023,1278
478: 1597,1720,1866,1705,1146,1683,1166,1445,1111,1267,470,193,310,1902,1457,1200,2014,66,431,1546,1,1548,1099,812,1047,45
1258: 
1236: 1097,1863,571,1942,1500,1981,1961,11,1018,166,2004,460,1788,536,511,1434
481: 942,394,165,963
1937: 
1882: 960,1718,968,1930,1908,1640,2017,544,695,1547,1632,1163
484: 
485: 
486: 1274,819
487: 323,1843,1471,1708,2002,1674,588,1014,629,1294,1213,1638,1763,793,1027,1046,933,610,335,1036,737,243,2003
488: 
1530: 1033,317
1665: 74,2007,321,1079,848,1161,1910,841,734,972,58,1826,2006,249,842
1851: 1586,16
492: 778,790,1860,2011,731,1849,133,1559,923,1845,218,1285
493: 
494: 
495: 566,450,560,176,1239,1327,1408,284,542,421,291,1474,2012,1225,1100,1885,1532,1292,1149,1682,262,1834
1688: 
1845: 778,790,1860,2011,492,731,1849,133,1559,923,1283,218,1285
498: 
499: 
1654: 
501: 1304
1553: 880,434,1962
503: 586,1083,2009,461,592,1145,1126,477,1780,1647,747,662,1102,926,1523,594,1293,1658,1071,1918,1023,1278
1993: 1385
2017: 960,1718,968,1930,1908,1640,544,695,1882,1547,1632,1163
1274: 819,486
1650: 397,992
508: 2010,1101,1086,19,384,1420,650,813,1072,129,1752,683,771,801,579,1272,1053,1691,1300,1129,1641,1169,1717,430,1831,1347,965,132,80
1661: 
510: 1115,624
511: 1863,571,1942,1236,1500,1981,1961,114,11,1018,166,2004,460,1788,1434,529
1790: 106,374,1136,168
1482: 2008,1563,1894,1451,1261,1807,1555,73,401,1380,1759,409,1257,1381,741
1805: 795,532
2011: 778,790,1860,492,731,1849,133,1559,923,1845,1283,218,1285
516: 
1156: 
1439: 
519: 112,347,1093
520: 1448,1389,523,1056,329,1422,1426,617,1863,1500,1018,2004,460
521: 789
1165: 1740,619
523: 1448,1389,1056,520,1422,617,529,1097,1863,1500,114,1018,2004,460,1788,1434
524: 660,236,2000,644,197,1387,1455,1549,844,1113,1748
525: 
526: 25
1551: 1190
528: 
529: 1097,1863,114,1018,2004,460,1788,511,1434,523,1422,617
530: 55,822
531: 
532: 795,1805
1210: 1234
534: 1519
1261: 281,1391,2008,661,1563,1451,325,1482,464,1807,1159,73,401,1380,1759,1381,473,1819,741,1114,121,673
536: 1097,1863,571,1942,1236,1500,1981,11,1018,2004,1788,1448,1389,1426,617
1223: 1369,222
1963: 
539: 
1949: 1098,1595
1254: 15,150
542: 566,1239,1408,495,284,421,291,1474,2012,1225,1885,1532,1292,1682,262,1834
543: 983,1463
544: 960,1718,968,1930,1908,1640,2017,695,1882,1547,1632,1163
1824: 1197
546: 1491,615,230,1401,2019,1034,1495,338,1342,1867,1217,1746,376,282,763,620,296,156,998,18,703,446,1765,1510
547: 656,315,1865,89,1569,941,466,1873,173,2013,1533,1687,1230,140,2015,1044,72,1019,179,339,102,1876,1011,202,1266
1592: 
1739: 2005,61,1633,638,1749,1007,1666,607,28,1245,993,1952,1521,850,828,1892,748,78,465,970,1878,1255,646,1458,1296,777,1414,1390,798
1674: 1944,323,1843,1471,1708,2002,588,1014,857,1676,629,1294,1213,487,1638,1763,793,1027,1153,1046,933,1170,610,335,1036,737,243,1103,2003
551: 
1976: 1390,798,474,2005,1633,1749,1007,1245,850,1892,748,970,1296,65,670
1230: 656,315,1865,89,1569,941,466,547,1873,173,2013,1855,1533,1687,1198,2015,1828,72,1019,179,997,826,339,676,102,1876,1011,202,1266
554: 
555: 
1259: 
557: 2005,638,1749,1007,1666,28,993,1952,850,868,78,465,970,1255,65
1484: 2010,1101,1086,1291,19,32,1588,427,1602,1556,813,1072,801,93,579,295,1272,1964,1691,1300,1129,1501,1713,275,1169,430,1531,332
1915: 
560: 566,450,176,1327,1408,1142,495,284,421,291,1854,2012,1225,756,1100,1885,1076,1149,262
1513: 
562: 
1351: 
1954: 
565: 
566: 450,560,1239,1327,1408,1142,495,284,542,421,291,1854,1474,2012,1225,756,1100,1885,1532,1292,1149,1682,262,1834
1717: 2010,384,508,1420,650,813,129,1752,771,93,1053,1691,1300,1641,328,430,1831,1347,965,132,80
568: 
1885: 566,450,560,176,1239,1327,1408,495,284,542,421,291,1474,2012,1225,1100,1532,1292,1149,1682,262,1834
1793: 1177
571: 1097,1863,1942,1236,1981,1961,114,11,1018,166,2004,460,1788,536,511,1434
1517: 
1239: 566,450,1327,495,284,542,421,291,1474,2012,1885,1532,1292,1149,1682
1167: 319,1797,1048,1943,1363,53,2016,1368,1199,1926,21,712,917,44,1250,1715,472,1618,1969,287,1837,1626,981,1016
1434: 1097,1863,571,1942,1236,1500,1981,1961,114,11,1018,166,2004,460,1788,511,529,523,617
576: 341,979
1518: 678,290,1067
578: 
579: 2010,1101,1484,1086,19,384,508,32,1588,1420,813,1072,129,801,1272,1053,1691,1300,1129,1713,1641,430
1401: 546,1491,230,2019,1342,1867,1217,376,620,296,998,18,703,446,1765
581: 706,1613
1559: 778,790,1860,2011,492,731,1849,133,923,1845,1283,218,1285
583: 
1225: 566,450,560,176,1327,1408,1142,495,284,542,421,1854,2012,756,1100,1885,205,1292,1076,1149,262,1834
585: 
586: 1083,2009,461,592,1145,1126,477,1780,503,1647,747,662,1102,926,1523,594,1293,1658,1071,1918,1428,1023,1278
1748: 660,236,916,2000,644,1806,524,197,1387,863,54,1455,1549,844,1113
588: 1944,1471,2002,1674,1014,629,1294,1213,487,1638,1763,1027,1170,610,335,1036,1103,2003
1402: 
1696: 462
1953: 
592: 586,1083,2009,461,1145,1126,477,503,747,662,1523,594,1293,1658,1071,1918,1428,1023,1278
593: 
594: 586,1083,2009,461,592,1126,477,1780,503,1647,747,662,926,1293,1658
1268: 
596: 1522
597: 
598: 
599: 
600: 
1711: 1394
602: 
603: 
604: 1921
605: 416,930
606: 
607: 2005,61,1633,638,1739,1749,1007,1666,28,1245,993,1521,850,828,1892,748,78,465,970,1878,1255,646,1458,1296,777,1414
1867: 546,1491,615,1401,2019,1495,1342,1217,376,282,763,620,296,18,703,446,1765,1510
1561: 
610: 1153,1046,933,1170,335,1036,1240,737,243,1103,2003,1944,323,1843,1471,1708,2002,1674,588,1014,857,629,1294,1213,487,1638,793,1027,752
1523: 586,1083,2009,461,592,1145,1126,477,503,1647,662,1293,1658,1071,1918,1023
1726: 
1539: 
1669: 
615: 546,1491,230,2019,1034,1495,338,1342,1867,1217,376,282,763,620,296,156,446,1765,1510
616: 
617: 1448,1389,523,1056,520,329,1422,1426,529,1097,1863,1942,1500,114,11,1018,2004,460,1788,536,1434
618: 
619: 1740,1165
620: 546,1491,615,230,1401,2019,1034,1495,338,1342,1867,1217,1746,376,282,763,296,998,18,703,446,1765
621: 319,1797,1048,1943,2016,21,712,44,472,1626,981,1984,1016,634,764
622: 1185
1812: 
624: 1115,510
625: 
626: 1544,285
2009: 586,1083,461,592,1145,1126,477,1780,503,1647,747,662,1102,926,1523,594,1293,1658,1071,1918,1428,1023,1278
1603: 414,141
629: 1944,323,1843,1471,1708,2002,1674,588,1014,1294,1213,487,1638,1763,793,1027,1046,610,2003
1414: 777,2005,61,1633,1739,1749,1007,1666,607,28,1245,993,1521,850,828,1892,748,465,970,1878,1458,1296,1390,798
1769: 408
632: 
1497: 
634: 764,319,1797,1048,1943,1363,53,2016,712,917,44,472,621,287,1626,981,1016
1292: 566,1239,1408,495,284,542,1474,2012,1225,1100,1885,1682,262,1834
1927: 727,1347,2010,1101,427,129,1752,683,295,1964,275,1169,328,430,1531,1831
637: 
638: 2005,61,1739,1749,1666,607,28,993,557,1952,1521,850,828,868,78,465,970,1878,1255,646
1683: 1597,1720,1866,1705,1146,1445,1111,1267,478,193,704,1338,2014,66,1609,812,1047,45
1542: 
641: 
1615: 
1855: 315,1865,89,1569,941,466,173,2013,1533,1198,1230,2015,1266
644: 660,236,916,2000,524,197,195,1455,1549,844,1113,1748
645: 1306
646: 2005,61,638,1739,1666,607,28,993,1521,828,78,465,1878,1255,777
647: 
1656: 
649: 1567
650: 2010,34,384,508,1588,1420,813,1072,129,1752,771,801,93,1053,1691,1300,1641,328,1717,132,80
651: 
652: 724
653: 781
1573: 
655: 1336
656: 315,1865,89,1569,941,466,547,1873,173,2013,1533,1687,1230,140,2015,1044,72,751,1019,179,826,339,102,1011,202
657: 74,2007,321,1161,1910,1901,841,734,972,2006,1608,1698,1038,249,842
1633: 2005,61,1739,1749,1007,607,28,1245,993,850,1892,748,970,1458,1296,65,1414,798,1976,670
659: 
660: 236,2000,644,1806,524,197,1387,863,54,1455,844,1113,1748
661: 281,1391,2008,1563,1600,1894,1451,325,1261,130,464,1807,1555,1526,1159,73,401,1380,1759,1257,254,1381,473,1819,741,1114,1822,121,1022,353,1770,673
662: 586,1083,2009,461,592,1126,477,1780,503,1647,747,926,1523,594,1293,1658,1071,1023
663: 
664: 
1796: 
666: 
1303: 1117
668: 
669: 
670: 2005,1633,1245,1892,1296,1390,798,474,1976
671: 
1912: 1734,1491,2019,1034,1495,338,1171,1217,1746,1799,282,156,998,1025,1510
673: 1822,121,1022,1248,1191,353,1770,281,1391,2008,661,1600,1451,325,1261,130,464,1159,1759,254,473,1819,741,1114
1765: 18,703,446,546,1491,615,1401,2019,1495,1342,1867,1217,376,763,620,296,998
675: 
676: 2015,1828,1044,72,751,1019,179,997,826,339,102,1876,1011,202,1266,1569,2013,1687,1198,1230
1572: 
678: 1518
679: 
1541: 1571,1247,1668,1388,1155
681: 
1776: 
683: 2010,1101,19,508,813,129,1752,771,295,1300,1129,275,1169,430,1531,1831,1347,965,132,80,1927
684: 
1511: 
1969: 319,1048,1943,2016,1368,1199,1167,1926,21,712,917,44,1715,472,1618,1837,1626,1984,1016,764
1269: 1051
1778: 
1840: 
690: 
1951: 
1166: 1720,1866,1705,1146,1445,1111,478,470,310,1902,1457,1200,2014,66,1,1004,1548,1099,812
1213: 1944,323,1843,1471,1708,2002,1674,588,1014,857,1676,629,1294,487,1638,1763,793,1027,752,1153,933,1170,610,335,1036,737,1103,2003
1446: 
695: 960,1718,1930,1640,2017,544,1882,1547,1632,1163
1256: 153,7,1313
1874: 
698: 
1455: 660,236,916,2000,644,1806,524,197,1844,195,1387,863,54,1549,844,1113,298,1748,1591
1491: 546,615,1401,2019,1034,1495,338,1342,1867,1217,1746,376,1912,282,763,620,296,156,998,18,446,1765,1510
1584: 432
1296: 2005,61,1633,1739,1749,1007,1666,607,28,1245,993,1952,850,1892,748,465,970,1878,1255,1458,65,777,1414,1390,798,1976,670
703: 18,446,1765,546,1401,2019,1342,1867,376,620,296
704: 1597,1683,1445,1267,193,1338,2014,66,1609,1047,45
705: 
706: 92,1613,581,1203
707: 1975,1902,1200,1338,2014,66,431,1229,1546,1,1004,825,1548,385,800,1208,1393,1609,1099,812,1047,45,1146,1445,310
1666: 2005,61,638,1739,1749,1007,607,28,993,557,1952,1521,850,828,868,748,78,465,970,1878,1255,646,1458,1296,777,1414
709: 1399
710: 
711: 
712: 319,1797,1048,1943,2016,1199,1167,21,917,44,472,1969,621,1626,981,1984,1016,634,764
713: 147,1359,235
714: 94
715: 1316,17
1876: 2015,1828,72,1019,997,339,676,1011,202,1266,315,1865,89,1569,941,547,173,2013,1687,1198,1230
717: 
1420: 2010,34,1086,1291,19,384,508,32,1588,650,1602,1556,813,1072,129,1752,801,93,579,1272,1053,1691,1300,1501,1713,1641,328,1717,430,1531
1944: 323,1471,1708,2002,1674,588,1014,857,1676,629,1294,1213,1763,1027,752,1153,933,1170,610,335,1036,1240,737,1103,2003
1626: 319,1797,1048,1943,1363,53,2016,1368,1199,1167,1926,21,712,917,44,1250,1715,472,1618,1969,621,287,1837,981,1016,634
1677: 
722: 30,1339,958,2001,358,280,824,1017,29,356,299,117,1281,375,437
1734: 230,2019,1034,338,1171,1217,1746,1799,1912,156,998,1147
724: 652
1579: 1483
1668: 1388,1155,1571,1247,1541
727: 1927,332,2010,427,1964
1613: 706,581,1203
1472: 
1704: 
731: 778,790,1860,2011,492,1849,133,1559,923,1845,1283,218,1285
732: 
1933: 
734: 74,2007,1665,321,848,1161,1910,1901,841,657,972,1826,2006,1608,1038,249,842
735: 
736: 
737: 1153,1046,933,1170,610,335,1036,1240,243,1103,2003,1944,1843,1471,1708,2002,1674,1014,857,1294,1213,487,793,1027,752
738: 1305
739: 
740: 
741: 281,1391,2008,661,1563,1600,1894,1451,325,1261,1482,130,464,1807,1555,1526,1159,73,401,1380,1759,1257,254,1381,473,1819,1114,1822,121,353,1770,673
1549: 236,916,2000,644,524,197,1455,844,1113,1748
1429: 
1591: 916,2000,1806,197,1844,195,863,54,1455,844,1113,298
1800: 
1567: 649
747: 586,1083,2009,461,592,1145,1126,477,1780,503,1647,662,1102,926,594,1293,1658,1428,1023,1278
748: 2005,61,1633,1739,1749,1007,1666,607,28,1245,993,850,828,1892,465,970,1878,1458,1296,777,1414,1390,798,1976
1408: 566,560,176,495,284,542,1854,1474,2012,1225,756,1100,1885,205,1292,1149,262,1834
1205: 1815
751: 2015,1044,1019,179,826,676,102,1011,202,140,656,1873,2013,1533,1687
752: 1944,323,1843,1471,1708,2002,1014,857,1676,1294,1213,793,1027,1153,1046,933,1170,610,1240,737,243,1103,2003
753: 
754: 
1203: 706,92,1613
756: 566,560,176,1408,1142,284,1854,2012,1225,205,1076,1149,262
1606: 417
758: 
759: 
1684: 
761: 
762: 
763: 546,1491,615,2019,1495,1867,1217,376,282,620,296,18,446,1765,1510
764: 634,319,1797,1943,2016,712,917,472,1969,621,981,1016
765: 258,188
1645: 100,1887,2018,387,1550,1059,1932,922,1469,309,1431
767: 1379,1405
1215: 
1152: 
1445: 1597,1720,1866,1705,1146,1683,1166,1111,1267,478,470,193,310,704,1975,1902,1457,1200,1338,2014,66,707,431,1546,1,1548,800,1208,1609,1099,812,1047,45
771: 2010,508,650,813,129,1752,683,93,1053,1691,1300,1641,1169,328,1717,430,1531,1831,1347,965,132,80
1280: 
773: 1887,135,2018,387,1550,1059,1932,922,309,1431,100
1264: 
775: 
1301: 
777: 1414,2005,61,1739,1666,607,28,1521,828,748,1878,646,1458,1296
778: 790,1860,2011,492,731,1849,133,1559,923,1845,1283,1285
1339: 722,958,2001,358,1243,824,1017,29,356,299,117,375,437
780: 1140,1520
781: 653
1705: 1597,1720,1866,1146,1683,1166,1445,1111,478,470,310,1902,1200,2014,1099,812
1288: 
784: 1400,1486
1785: 
786: 
787: 
788: 
789: 521
790: 778,1860,2011,492,731,1849,133,1559,923,1845,1283,218,1285
791: 
1708: 1944,323,1843,1471,2002,1674,1014,857,1676,629,1294,1213,487,793,1027,752,1153,1046,933,1170,610,335,1240,737,243,1103,2003
793: 323,1843,1471,1708,2002,1674,1014,857,1676,629,1294,1213,487,1027,752,1153,1046,933,610,335,737,243,2003
794: 
795: 532,1805
796: 
797: 
798: 1390,474,1976,2005,1633,1739,1749,1007,1245,993,850,1892,748,465,1296,65,1414,670
1218: 
800: 1975,1902,1200,1338,2014,66,707,431,1229,1546,1,825,1548,385,1208,1393,1609,1099,812,1047,45,1146,1445
801: 2010,1101,34,1484,1086,1291,19,384,508,32,1588,1420,427,650,1602,1556,813,1072,129,1752,93,579,1272,1964,1053,1691,1300,1129,1501,1713,275,1641,1169,328,430,1531
1917: 
1502: 
1609: 1975,1902,1457,1338,2014,66,707,1229,1,1548,385,800,1208,1099,812,1047,45,1597,1146,1683,1445,1111,1267,193,704
1185: 622
1347: 965,132,80,1927,2010,1101,508,813,129,1752,683,771,295,1300,1129,1169,1717,430,1831
1293: 586,1083,2009,461,592,1145,1126,477,1780,503,1647,747,662,1102,926,1523,594,1658,1071,1918,1428,1023,1278
808: 
1946: 
810: 
1571: 1247,1541,1668,1388,1155
812: 1975,1902,1457,1200,1338,2014,66,707,431,1229,1546,1,1004,1548,385,800,1208,1393,1609,1099,1047,45,1597,1720,1705,1146,1683,1166,1445,1111,478,470,193,310
813: 2010,1101,34,1484,1086,1291,19,384,508,32,1588,1420,650,1602,1556,1072,129,1752,683,771,801,93,579,295,1272,1964,1053,1691,1300,1129,1713,275,1641,1169,328,1717,430,1531,1831,1347,965,132,80
1901: 74,2007,321,1079,1161,1910,841,734,657,2006,1608,1698,1038,1039,842
1849: 778,790,1860,2011,492,731,133,1559,923,1845,1283,218,1285
816: 389
817: 
818: 
819: 1274,486
1802: 
1533: 656,315,1865,89,1569,941,466,547,1873,173,2013,1855,1687,1198,1230,140,2015,1828,1044,72,751,1019,179,826,339,102,1011,202,1266
822: 530
1898: 
824: 722,1339,958,2001,358,1243,1017,1934,29,356,299,117,375,437
825: 1975,2014,707,1229,1546,1,385,800,1208,1393
826: 2015,1828,1044,72,751,1019,179,997,676,102,1011,1266,140,656,1865,1569,1873,2013,1533,1687,1230
827: 
828: 2005,61,638,1739,1007,1666,607,28,993,1521,748,78,970,1878,1255,646,1458,777,1414
1975: 1902,1457,1200,2014,66,707,431,1229,1546,1,1004,825,1548,385,800,1208,1393,1609,1099,812,1047,1146,1445
830: 
1608: 74,2007,321,848,1161,1910,1901,841,734,657,972,58,1826,2006,1698,1038,1039,249,842
832: 380
833: 
834: 
1602: 2010,34,1484,1086,1291,19,384,32,1588,1420,1556,813,1072,801,93,1964,1691,1300,1501,1713,275,1641,1169,328,430,1531,332
836: 
1942: 1097,1863,571,1236,1500,1981,1961,11,1018,166,2004,460,1788,536,511,1434,1389,1426,617
2016: 319,1797,1048,1943,1363,53,1368,1199,1167,1926,21,712,917,44,1250,1715,472,1618,1969,621,287,1837,1626,981,1984,1016,634,764
1232: 
1894: 1391,2008,661,1600,1451,1482,130,1807,1555,1526,1159,401,1380,1759,1257,254,1381,1819,741,1114,1822,1770
841: 74,2007,1665,321,1079,848,1161,1910,1901,1758,734,657,972,58,1826,2006,1608,1698,1038,1039,249,842
842: 74,2007,1665,321,1079,848,1161,1910,1901,1758,841,734,657,972,58,1826,2006,1608,1698,1038,1039,249
843: 
844: 660,236,916,2000,644,1806,524,197,1844,195,863,54,1455,1549,1113,1748,1591
1844: 916,2000,1806,197,195,863,54,1455,844,298,1591
1690: 1560,1244
1843: 323,1471,1708,2002,1674,1014,857,629,1294,1213,487,1638,793,1027,752,1046,933,610,335,737,243,2003
848: 74,2007,1665,321,1910,841,734,972,58,1826,2006,1608,1038,249,842
849: 
850: 2005,61,1633,638,1739,1749,1007,1666,607,28,1245,993,557,1952,868,1892,748,78,465,970,1878,1255,1296,65,1414,1390,798,1976
1329: 
1569: 656,315,1865,89,941,466,547,1873,173,2013,1855,1533,1687,1198,1230,2015,1828,1044,72,1019,179,997,826,339,676,102,1876,1011,202,1266
1891: 104
1507: 
855: 966
1691: 2010,1101,34,1484,1086,19,384,508,32,1588,1420,650,1602,1556,813,1072,129,1752,771,801,93,579,1272,1964,1053,1300,1129,1501,1713,275,1641,1169,328,1717,430,1531,1831,132,80
857: 1944,323,1843,1471,1708,2002,1674,1014,1676,1294,1213,793,1027,752,1153,1046,933,1170,610,335,1036,1240,737,243,1103,2003
858: 
859: 
1952: 2005,638,1739,1749,1007,1666,28,993,557,850,868,1892,78,465,970,1255,1296,65
1875: 
862: 
863: 660,236,916,2000,1806,197,1844,195,1387,54,1455,844,1113,1748,1591
864: 
1299: 
1747: 
2019: 546,1734,1491,615,230,1401,1034,1495,338,1171,1342,1867,1217,1746,376,1799,1912,282,763,620,296,156,998,1147,18,703,446,1765,1025,1510
868: 2005,638,1749,1007,1666,28,993,557,1952,850,78,465,1878,1255,65
869: 1276
870: 
1595: 1098,1949
872: 
1585: 
874: 
1934: 2001,824,29,299,117,375,172
876: 1440,1621,951,1787
1852: 
878: 
1440: 1621,951,1787,876
880: 1553,434,1962
1887: 135,2018,773,387,1550,1059,1932,922,309,1431,100,1645
882: 
2018: 1887,135,773,387,1550,1059,1932,922,1469,309,1431,100,1645
1492: 
1378: 
1560: 1690,76,1504,1244
1836: 
1508: 
889: 
1698: 74,2007,321,1079,1161,1910,1901,1758,841,657,972,2006,1608,1038,1039,842
1818: 
1918: 1071,1428,1023,1278,586,2009,461,592,1145,477,503,1102,1523,1293,1658
893: 
1338: 2014,66,707,431,1,385,800,1609,812,1047,45,1597,1146,1683,1445,1267,193,704
1421: 
1921: 604
1300: 2010,1101,34,1484,1086,19,384,508,32,1420,650,1602,1556,813,1072,129,1752,683,771,801,93,579,295,1272,1053,1691,1129,275,1641,1169,328,1717,430,1531,1831,1347,965,132,80
898: 
1566: 
1714: 
1448: 1389,523,1056,520,329,1422,1426,617,1500,2004,536
1772: 
1506: 
1510: 1025,546,1491,615,2019,1034,1495,338,1867,1217,1746,1912,282,763,156
1597: 1720,1866,1705,1146,1683,1445,1267,478,193,310,704,1902,1338,2014,66,431,1609,812,1047,45
906: 
907: 
1224: 1227,288
1450: 
910: 
1536: 
912: 
1676: 1944,323,1471,1708,2002,1674,1014,857,1294,1213,1763,793,1027,752,1153,933,1240,1103,2003
1792: 
915: 
916: 236,2000,644,1806,197,1844,195,863,54,1455,1549,844,1113,298,1748,1591
917: 319,1797,1048,1943,1363,53,2016,1368,1199,1167,1926,712,44,1250,1715,472,1618,1969,287,1626,981,1016,634,764
918: 
919: 
920: 
1900: 
922: 1887,135,2018,773,387,1550,1059,1932,1469,309,1431,100,1645
923: 778,790,1860,2011,492,731,1849,133,1559,1845,1283,218,1285
1526: 281,1391,2008,661,1600,1894,1451,130,464,1807,1555,73,401,1380,1257,254,473,1819,741,353
925: 
926: 586,1083,2009,461,1145,1780,503,1647,747,662,594,1293
1788: 1097,1863,571,1942,1236,1500,1981,114,11,1018,166,2004,460,536,511,1434,529,523,617
928: 
2007: 74,1665,321,1079,848,1161,1910,1901,1758,841,734,657,972,58,1826,2006,1608,1698,1038,1039,249,842
930: 416,605
931: 322
932: 
933: 1153,1046,1170,610,335,1240,737,243,1103,2003,1944,323,1843,1471,1708,2002,1674,1014,857,1676,1294,1213,487,793,1027,752
934: 
935: 
1496: 
937: 
1170: 1153,1046,933,610,335,1036,1240,737,243,1103,2003,1944,1708,2002,1674,588,1014,857,1294,1213,1027,752
1713: 2010,34,1484,1086,1291,19,384,32,1588,1420,1602,1556,813,1072,801,579,1272,1691,1501
1302: 
941: 656,315,1865,89,1569,466,547,173,2013,1855,1533,1687,1198,1230,2015,1828,72,1019,339,1876,202,1266
942: 394,481,165,963
1746: 546,1734,1491,230,2019,1034,1495,338,1171,1342,1217,376,1799,1912,282,620,156,998,1147,1025,1510
1531: 2010,1101,34,1484,1086,19,32,1420,427,1602,1556,813,129,1752,683,771,801,93,295,1964,1691,1300,1129,1501,275,1641,1169,328,430,1831,1927,332
1640: 960,1718,968,1930,1908,2017,544,695,1882,1547,1163
946: 1986
1486: 1400,784
948: 
1998: 
1822: 121,1022,1248,1191,353,1770,673,1391,2008,661,1600,1894,130,1159,401,1759,1819,741,1114
951: 1440,1621,1787,876
1244: 1504,1690,1560,76
1990: 
1582: 
955: 
1459: 
1830: 1565,1066,1355
958: 722,1339,2001,358,1243,824,1017,1120,356,299,117,375,1753
1243: 1339,958,2001,824,1017,1120,356,1753
960: 1718,968,1930,1908,1640,2017,544,695,1882,1547
2000: 660,236,916,644,1806,524,197,1844,195,1387,863,54,1455,1549,844,1113,298,1748,1591
1453: 
963: 942,394,481,165
1958: 
965: 1347,132,80,2010,1101,508,813,129,1752,683,771,295,1053,1300,1129,1169,1717,430,1831
966: 855
1763: 1944,323,1471,2002,1674,588,1014,1676,629,1294,1213,487,1638,1027,2003
968: 960,1718,1930,1908,1640,2017,544,1882,1547,1632,1163
969: 
970: 2005,61,1633,638,1739,1749,1007,1666,607,28,993,557,1952,850,828,1892,748,78,465,1255,1458,1296,65,1414,1976
1356: 
972: 74,2007,1665,321,1079,848,1161,1910,1758,841,734,657,58,1826,2006,1608,1698,1038,1039,249,842
1600: 281,1391,2008,661,1894,1451,130,464,1807,1555,1526,1159,73,401,1380,1759,1257,254,1381,473,1819,741,1822,1191,353,1770,673
1285: 778,790,1860,2011,492,731,1849,133,1559,923,1845,1283,218
1700: 1974
1943: 319,1797,1048,1363,53,2016,1368,1199,1167,1926,712,917,44,1250,1715,472,1618,1969,621,287,1626,981,1016,634,764
977: 
978: 
979: 576,341
1234: 1210
981: 319,1797,1048,1943,1363,53,2016,1167,712,917,44,1715,472,621,287,1626,1016,634,764
982: 
983: 1463,543
1687: 656,315,1865,89,1569,941,466,547,1873,173,2013,1533,1230,140,2015,1828,1044,72,751,1019,179,997,826,339,676,102,1876,1011,202,1266
1169: 2010,1101,1484,19,508,427,1602,1556,813,129,1752,683,771,801,93,295,1964,1691,1300,1129,275,1641,328,430,1531,1831,1347,965,132,80,1927
1862: 
1866: 1597,1720,1705,1146,1683,1166,1445,1111,1267,478,193,1457,2014,66,45
1498: 
1519: 534
990: 
2015: 1828,1044,72,751,1019,179,997,826,339,676,102,1876,1011,202,1266,140,656,315,1865,89,1569,941,466,547,1873,173,2013,1855,1533,1687,1198,1230
992: 397,1650
993: 2005,61,1633,638,1739,1749,1007,1666,607,28,1245,557,1952,1521,850,828,868,1892,748,78,465,970,1878,1255,646,1458,1296,65,1414,798
994: 
995: 
996: 
997: 2015,1828,1044,72,1019,179,826,339,676,1876,1011,202,1266,89,1569,2013,1687,1230
998: 546,1734,1491,230,1401,2019,1034,1495,338,1171,1342,1217,1746,376,1912,282,620,1147,1765
999: 
1819: 281,1391,2008,661,1600,1894,1451,325,1261,130,464,1807,1526,1159,73,401,1759,254,1381,473,741,1114,1822,121,1022,1248,1191,353,1770,673
1794: 1252
1002: 
1483: 1579
1004: 1975,1902,1457,1200,2014,707,1229,1546,1,1548,1208,1393,1099,812,1166,470,310
1610: 
1703: 
1007: 2005,61,1633,1739,1749,1666,607,28,1245,993,557,1952,850,828,868,1892,748,78,465,970,1255,1458,1296,65,1414,798,1976
1554: 
1009: 
1267: 1597,1720,1866,1146,1683,1445,1111,478,193,704,1338,2014,66,1609,1047,45
1011: 2015,1828,1044,72,751,1019,179,997,826,339,676,102,1876,202,1266,140,656,1569,547,1873,2013,1533,1687,1230
1442: 
1441: 
1014: 1944,323,1843,1471,1708,2002,1674,588,857,1676,629,1294,1213,487,1638,1763,793,1027,752,1153,1046,933,1170,610,335,1036,1240,737,243,1103,2003
1015: 
1016: 319,1797,1943,1363,53,2016,1167,712,917,1715,472,1618,1969,621,287,1626,981,634,764
1017: 722,30,1339,958,2001,358,1243,280,824,1120,356,299,1281,1753
1018: 1097,1863,571,1942,1236,1500,1981,1961,114,11,166,2004,460,1788,536,511,1434,529,1389,523,520,1422,1426,617
1019: 2015,1828,1044,72,751,179,997,826,339,676,102,1876,1011,202,1266,140,656,315,1865,89,1569,941,547,1873,173,2013,1533,1687,1198,1230
1020: 
1412: 
1022: 1822,121,1248,1191,353,1770,673,1391,2008,661,325,464,1819
1023: 1071,1918,1428,1278,586,2009,461,592,1145,1126,477,503,747,662,1102,1523,1293,1658
1024: 
1025: 1510,2019,1034,1495,338,1171,1746,1799,1912,282,156
1177: 1793
1027: 1944,323,1843,1471,1708,2002,1674,588,1014,857,1676,629,1294,1213,487,1638,1763,793,752,1153,1046,933,1170,610,335,1036,737,243,1103,2003
1028: 327
1621: 1440,951,1787,876
1030: 
1260: 
1770: 1822,121,1022,1248,1191,353,673,1391,2008,661,1600,1894,325,130,464,1159,401,1759,254,1819,741,1114
1033: 1530,317
1034: 546,1734,1491,615,230,2019,1495,338,1171,1342,1217,1746,376,1799,1912,282,620,156,998,1147,1025,1510
1854: 566,450,560,176,1327,1408,1142,284,421,2012,1225,756,1100,205,1076,1149,262
1036: 1153,1046,1170,610,335,737,243,1103,2003,1944,2002,1674,588,1014,857,1294,1213,487,1638,1027
1037: 
1038: 74,2007,321,848,1161,1910,1901,841,734,657,972,2006,1608,1698,249,842
1039: 74,2007,321,1079,1901,1758,841,972,58,1826,2006,1608,1698,842
1040: 
1041: 
1521: 2005,61,638,1739,1666,607,28,993,828,1878,1255,646,1458,777,1414
1043: 
1044: 2015,72,751,1019,179,997,826,339,676,102,1011,202,140,656,89,1569,547,1873,173,2013,1533,1687
1240: 1153,933,1170,610,335,737,243,1103,2003,1944,1708,2002,1014,857,1676,752
1046: 1153,933,1170,610,335,1036,737,243,1103,2003,1843,1471,1708,2002,1674,1014,857,629,1294,487,1638,793,1027,752
1047: 1975,1902,1338,2014,66,707,431,1229,1546,1,1548,385,800,1208,1609,812,45,1597,1146,1683,1445,1111,1267,478,193,704
1048: 319,1797,1943,1363,2016,1368,1199,1167,1926,21,712,917,44,1250,472,1969,621,1837,1626,981,1984,634
1359: 713,147,235
1050: 
1051: 1269
1052: 
1053: 2010,34,1086,19,384,508,1420,650,813,1072,129,1752,771,801,93,579,1272,1691,1300,1129,1641,328,1717,430,965,132,80
1054: 
1055: 
1056: 1448,1389,523,520,329,1422,1426,617,1097,1500,2004
1620: 
1487: 
1059: 1887,135,2018,773,387,1550,1932,922,1469,309,1645
1060: 
1908: 960,968,1930,1640,2017,544,1882,1547
1349: 126
1741: 
1655: 
1820: 1639
1066: 1355,1830,1565
1067: 1518,290
1068: 
1069: 
1638: 1843,1471,2002,1674,588,1014,629,1294,1213,487,1763,1027,1046,610,1036,2003
1071: 1918,1428,1023,1278,586,2009,461,592,1126,477,503,662,1102,1523,1293,1658
1072: 2010,34,1484,1086,1291,19,384,508,32,1588,1420,650,1602,1556,813,801,93,579,1272,1053,1691,1300,1129,1501,1713,1641,430
1073: 
1556: 2010,1101,34,1484,1086,1291,19,32,1588,1420,427,1602,813,1072,801,93,295,1272,1964,1691,1300,1129,1501,1713,275,1641,1169,328,430,1531,332
1075: 
1076: 560,1142,1854,2012,1225,756,1149
1077: 444
1841: 
1079: 74,2007,1665,321,1161,1901,1758,841,972,58,1826,2006,1698,1039,842
1956: 405,1707
1783: 
1082: 
1083: 586,2009,461,592,1145,1126,477,1780,503,1647,747,662,926,1523,594,1293
1438: 432,1277
1925: 
1086: 2010,1101,34,1484,1291,19,384,508,32,1588,1420,1602,1556,813,1072,129,801,93,579,1272,1053,1691,1300,1129,1501,1713,275,1641,430,1531
1305: 738
1697: 
1932: 1887,135,2018,773,387,1550,1059,922,1469,309,1431,100,1645
1090: 
1091: 1385
1092: 
1093: 519,112,347
1272: 2010,1101,1484,1086,1291,19,384,508,32,1588,1420,427,1556,813,1072,129,801,579,1053,1691,1300,1129,1713,275,1641,430
1095: 
1380: 281,2008,661,1563,1600,1894,1451,1261,1482,1807,1555,1526,73,401,1257,254,1381,473,741
1097: 1863,571,1942,1236,1500,114,11,1018,2004,460,1788,536,1434,529,1389,523,1056,1422,1426,617
1098: 1949,1595
1099: 1975,1902,1457,1200,2014,66,707,431,1229,1546,1,1004,1548,800,1208,1393,1609,812,1720,1705,1146,1166,1445,1111,478,470,310
1100: 566,450,560,176,1408,495,284,1854,1474,2012,1225,1885,1532,205,1292,1682,262,1834
1101: 2010,1484,1086,19,508,427,1556,813,129,1752,683,801,93,579,295,1272,1964,1691,1300,1129,275,1169,430,1531,1831,1347,965,1927
1102: 586,2009,461,1145,477,503,1647,747,1293,1658,1071,1918,1428,1023,1278
1103: 1153,1046,933,1170,610,335,1036,1240,737,243,2003,1944,323,1471,1708,2002,1674,588,1014,857,1676,1294,1213,1027,752
1104: 1709
1775: 
1197: 1824
1909: 
1191: 1822,121,1022,1248,353,1770,673,1391,2008,1600,130,464,1159,254,1819
1109: 
1110: 
1111: 1720,1866,1705,1146,1683,1166,1445,1267,478,470,193,1902,1457,1200,2014,66,1,1548,1208,1609,1099,812,1047,45
1217: 546,1734,1491,615,230,1401,2019,1034,1495,338,1171,1342,1867,1746,376,1799,1912,282,763,620,296,156,998,1147,1765,1510
1113: 660,236,916,2000,644,1806,524,197,195,1387,863,1455,1549,844,1748,1591
1114: 281,1391,2008,661,1894,1451,325,1261,130,1807,1159,401,1759,1381,1819,741,1822,121,1248,1770,673
1115: 510,624
1304: 501,1701
1117: 1303
1118: 
1720: 1597,1866,1705,1146,1683,1166,1445,1111,1267,478,470,193,310,1902,1457,2014,66,1099,812,45
1120: 30,958,2001,1243,280,1017,356,1281,1753
1121: 
1171: 1734,2019,1034,1495,338,1217,1746,1799,1912,282,156,998,1147,1025
1123: 
1124: 
1834: 566,450,176,1408,495,284,542,1474,2012,1225,1100,1885,1532,205,1292,1682,262
1126: 586,1083,2009,461,592,477,503,1647,747,662,1523,594,1293,1658,1071,1428,1023
1127: 
1358: 
1129: 2010,1101,1484,1086,19,508,32,427,1556,813,1072,129,1752,683,801,93,579,295,1272,1964,1053,1691,1300,275,1641,1169,430,1531,1831,1347,965,132,80
1130: 
1131: 
1512: 
1133: 
1336: 655
1809: 
1136: 106,374,1790,168
1853: 
1831: 2010,1101,19,508,813,129,1752,683,771,93,295,1691,1300,1129,1169,328,1717,430,1531,1347,965,132,80,1927
1873: 656,315,1865,1569,466,547,173,2013,1533,1687,1230,140,2015,1044,751,1019,179,826,102,1011,202
1140: 1520,780
1283: 778,790,1860,2011,731,1849,133,1559,923,1845,1285
1142: 566,450,560,1327,284,421,1854,2012,1225,756,1076,1149
1981: 571,1942,1236,1961,11,1018,166,2004,1788,536,511,1434
1144: 
1145: 586,1083,2009,461,592,477,503,1647,747,1102,926,1523,1293,1658,1918,1023,1278
1146: 1597,1720,1866,1705,1683,1166,1445,1111,1267,478,470,193,310,1975,1902,1457,1200,1338,2014,66,707,431,1546,1,1548,800,1609,1099,812,1047,45
1147: 1734,230,2019,1034,338,1171,1342,1217,1746,998
1777: 
1149: 566,450,560,1239,1327,1408,1142,495,284,421,291,1854,2012,1225,756,1885,1076
1150: 