0: 
1: 
2: 1968
3: 
4: 
1926: 1618,1715,817,1381
6: 
7: 
8: 
9: 
10: 1443,1226
11: 1236,114,1863,1981,1422,2004,1426,274,617,577,520
12: 
13: 
1865: 1044,1198,2013,1266,315,173,202,72,1569,826,2015,1011,1230,1019
15: 
16: 
17: 1057,420
18: 815,683
19: 1086,1531,2010,1717,727,1752,430,1169,1101,32,1053,34
20: 343,786,791,1329,1014,931,163,243
21: 
22: 1221
23: 1881
24: 
25: 1264
26: 1388,1373
1910: 
28: 
29: 
30: 
31: 
32: 1752,430,1169,1101,1053,1086,19,2010,1717,727
33: 
34: 508,1086,19,2010,1717,727,1556,1752
35: 951,525
36: 
37: 885,1694,1955,680,1135,1385
38: 
39: 
40: 1371,1378
41: 157,228,1223
42: 
43: 1464,757
44: 1016,1368,53,1250,2016,634,1167
45: 
46: 
47: 
48: 
49: 122,1623
50: 724,198,983,982,1652,1110,1956
51: 217
52: 
53: 1016,1368,621,712,287,1250,2016,917,1626,44,634,1167
54: 2000,195,236,844,524,644,197
55: 581,765,1480
56: 1248,1483
1860: 
58: 
59: 
60: 
61: 1572,319
62: 837,1624,947
63: 
64: 897,911
65: 850,2005,646,868,1892,1007,798,451,1245,1749,465
66: 2014,1597,898,193,825,1683,1546,812,1393,1099,1902,707,431,1166,310,1069,1338
67: 
68: 443,1707,457,1463
69: 1205,725
1972: 1387
71: 350,82
72: 1044,1198,2013,1266,315,202,826,2015,1011,1230,1865,547,1019
73: 1876
74: 2007,1698,249,2006,1665,1161,1039,972
75: 
76: 340
77: 1595,81,1925,215
78: 1821,777
79: 
80: 93,946
81: 1595,1925,77
82: 1202,1070,350,71
83: 
1989: 1817,479
85: 1047
86: 361
87: 273
88: 1437,1066
89: 
90: 
91: 691,1679
92: 1453,414,559
93: 946,80
94: 904,935,453
95: 184,1206
96: 
97: 1562,1150,1630,568,1915
98: 
99: 
100: 2018,1932,1059,773,1645,1431,1887,387,135
101: 542,1500,1648
102: 1973
103: 
104: 1140
105: 
106: 
107: 
108: 
109: 
110: 
111: 229,1680
112: 462,1005
113: 
114: 1236,1863,11,1981,1422,2004,1426,523,274,329,617,520
115: 1027,2003,1153,857,1036,299,610,323,1763,1471
116: 306
117: 
118: 681,1450,1712
119: 
120: 979,396
121: 
122: 1623,49
123: 364,1361
124: 
125: 
126: 902,849,330,1301
127: 1582,447,1435,513
128: 
129: 
130: 175
131: 
132: 792
133: 1568,1625
134: 
135: 2018,1932,1059,773,1645,1431,1887,387,100
136: 995,1117
137: 
138: 
139: 186
140: 1050,1855
141: 839,1143,389
142: 194,266
143: 
144: 
145: 
146: 
147: 
148: 
149: 
150: 522,1438,1424,183
151: 
152: 1477
153: 
154: 
155: 
156: 
157: 1130,41,228
158: 703,233,230
159: 549,939
160: 
1899: 
162: 1323,818,211
163: 694,312,1014,931,632,1168,243,20,343,791,1329
164: 
165: 
166: 1330,1916,1990
167: 1785,810,669
168: 
169: 
170: 
171: 
172: 1020,690,532,1429
173: 1044,1198,2013,1266,315,202,1569,826,2015,1011,1230,1865,1019
2004: 1422,1410,1426,523,274,329,1097,617,1236,114,1863,11,1981,1389,1448,1056,577,520
175: 130
176: 1163
177: 
178: 1218,1091,308,383
179: 
2003: 1027,115,1153,857,1036,299,610,323,1763,1471
2002: 1944,752,1843,933,1638,1708,1729,1103,588,865,1170
182: 
183: 522,1438,1424,150
184: 1206,95
185: 966
186: 139
2008: 1451,1261,401,1191,661,1159,409,1482,1114,1600,1555,1894,1271,281,1257,1322
188: 
189: 1075,557,722
1878: 850,2005,1390,868,1838,451,828,465
191: 
192: 1192
193: 2014,1597,385,898,825,1683,1546,812,66,1393,1099,1902,707,431,1166,1457,310,1609,1069,1111,1338
194: 266,142
195: 2000,54,236,660,844,916,524,644,1455,197
196: 
197: 2000,54,195,236,660,844,524,644
198: 1269,50,983,982,1612,1110,1956
199: 
200: 500
201: 1617
202: 1044,1198,2013,1266,315,173,72,1569,826,2015,1011,1230,1865,547,1019
203: 1804,428,876,556,1677,824,1593
204: 
205: 
206: 
207: 907,1146,1693
208: 506
209: 1603,480
210: 
211: 162,1323,818
212: 
213: 
214: 1881,531
215: 1925,77
1869: 
217: 51
218: 1640
219: 
220: 
2001: 1934,375,860,1538,1058,1897,1075,958,1337,1228,1616,557,1428,722,467,356,335,1281,685,1753,1293
222: 1003,1187,978
223: 
224: 1703,301,1241,645,367
225: 
226: 1016,621,287,1250,2016,1626,634,1167
227: 
228: 1130,157,41
229: 111,1680
230: 158,233
231: 751,464
232: 
233: 158,703,230
234: 317,862,1486
235: 
236: 2000,54,195,660,844,916,524,644,1455,197
237: 
238: 1762,1162,937,1784
239: 1028,1299,909
240: 1528
241: 
242: 1344,1511,533
243: 312,1014,163,1168,20,343,791,1329
244: 
245: 558,1497,1174
246: 
247: 1468
248: 
249: 2007,1698,2006,74,1665,1161,1039,972
250: 1433
251: 444,1537
252: 
253: 
254: 1122
255: 
256: 
257: 
258: 905,732,1121
259: 
260: 1791,1313,551,1726
261: 378
262: 566,291,1834,284,450,1100,1225,756,2012,1292,1854
263: 1216,642
264: 1713
265: 
266: 194,142
267: 
268: 374
269: 1272
270: 
271: 841
1914: 
273: 87
274: 1410,2004,1426,329,1097,617,1236,114,1863,11,1389,1448,1056,577,520
275: 
276: 
277: 1219
278: 
279: 
280: 
281: 1894,1271,2008,1451,1261,401,409,1482,1114,1600,1555,1257,1322
282: 
1962: 
284: 566,291,1834,450,1100,1225,756,2012,262,1292,1885,1854
285: 
286: 
287: 1016,1368,621,53,712,1250,2016,917,1626,226,634,1167
288: 1711,1777
289: 332,659,1118,1856
290: 436,1809
291: 566,1834,284,450,1100,1225,2012,262,1885
292: 
293: 
294: 
295: 
296: 1490
297: 1229,704
298: 1978,1828
299: 610,323,1763,1471,2003,115,1153,857
300: 
301: 1703,498,1241,645,367,224
302: 1756
303: 1054,1793
304: 
1911: 
306: 116
307: 481
308: 178,1091,383
309: 884,1397
310: 1166,1457,1609,1069,1111,1338,2014,1597,385,898,193,825,1683,1546,812,66,1393,1902,707,431
311: 
312: 694,1014,931,163,632,1168,243,791,1329
313: 
1930: 544,1882,2017,1908,1718,695
315: 1044,1198,2013,1266,173,202,72,1569,2015,1011,1230,1865,1019
316: 676
317: 234,862,1486
318: 821,1653,762
319: 61,1572
1974: 
321: 
322: 1759
323: 299,610,1763,1471,1027,2003,115,857,1036
1868: 1701
325: 
326: 
327: 
328: 
329: 1422,1410,2004,1426,523,274,1097,617,114,1863,1981,1056,577,520
330: 902,849,1301,126
331: 
332: 659,289,1118,1856
333: 
334: 
335: 1934,375,860,1538,2001,1058,1897,1337,1228,1616,1428,467,356,1753,1293
1991: 
337: 
338: 
339: 
340: 76
341: 
342: 639
343: 20,786,791,1329,1014,931,163,1168,243
344: 764,1492
345: 1123
346: 1465,493,1627
347: 
1903: 576
349: 
350: 82,71
351: 433,1614
352: 1300
353: 426,800
354: 
355: 
356: 1934,375,860,1538,2001,1058,1897,1337,1228,1616,1428,467,335,1281,685,1753,1293
357: 
358: 
359: 
360: 1510
361: 86
1968: 2
363: 1831
364: 123,1361
365: 
1892: 2005,646,65,798,451,1245,1749,465
367: 1703,301,498,1241,645,224
1984: 602,1945,1255
369: 
370: 
371: 1662,1031
372: 521
373: 445
374: 268
375: 1934,860,1538,2001,1058,1897,958,1228,557,1428,722,467,356,335
376: 2019,446,1171,1025,546,615,1147,1034,1401
377: 948,1109
378: 261
379: 
380: 
1966: 1527
382: 651,1182
383: 178,1091,308
384: 705,1370,1864
385: 2014,1597,193,825,1683,1546,1393,1902,707,431,1166,1457,310,1609,1069,1111
386: 
387: 2018,1932,1059,773,1645,1431,1887,135,100
388: 
389: 839,141
390: 1651
391: 
392: 
1980: 1349,1392,1835
394: 649,738,1637
395: 1913
396: 120,979
397: 1783
398: 861,1839
399: 
400: 
401: 2008,1451,1261,1191,661,1159,409,1482,1114,1600,1555,281,1322
402: 585,782
403: 
1961: 1408
405: 834,574,1704,1506
406: 
407: 
408: 
409: 2008,1451,1261,401,1191,661,1159,1482,1114,1600,1555,1894,1271,281,1322
410: 
411: 1400
412: 
413: 1141
414: 1453,559,92
415: 
416: 994,1317,587,1232
417: 
418: 
419: 
420: 1057,17
421: 
422: 
423: 
424: 1513,963
425: 
426: 353,800
427: 
428: 1804,876,203,556,1677,824,1593
429: 
430: 1752,1169,1101,32,1053,1531,19,2010,1717
431: 2014,1597,385,898,193,825,1683,1546,812,66,1393,1099,1902,707,1166,1457,310,1609,1069,1111,1338
432: 
433: 351,1614
434: 1087
435: 
436: 290,1809
437: 607,1797
438: 658
439: 
440: 
1986: 710
442: 1377
443: 68,1463
444: 251,1537
445: 373
446: 2019,1912,376,1171,1025,546,615,1147,1765,1034,1401
447: 1435,513,1582,127
2006: 2007,1698,249,74,1665,1161,1039,972
449: 1819
450: 566,291,1834,284,1100,1225,756,2012,262,1292,1885,1854
451: 850,2005,1390,646,868,1892,1838,65,1007,798,1749,465,1878
452: 708,1369
453: 94
454: 1810,1921
455: 1449,1208
456: 1089,1990,1554,1664
457: 1678,1707,68,1463
458: 
1897: 1934,375,860,1538,2001,1058,958,1228,557,1428,722,467,356,335
460: 
461: 1145,1083,1071,478
462: 1596,112,1005
463: 1165
464: 751,231
465: 850,2005,1390,646,868,1892,1838,65,1007,798,451,1245,1749,1878,1666,1414
466: 1806
467: 1934,375,860,1538,2001,1058,1897,1075,958,1337,1228,1616,557,1428,722,356,335
468: 
469: 
470: 
1864: 705,1370,1734,384
472: 1458
473: 
474: 
1902: 2014,1597,385,898,193,825,1683,1546,812,66,1393,707,431,1166,1457,310,1609,1069,1111,1338
476: 
477: 2009,1120,1658,662,1023,586,1278,1523
478: 1145,1083,1071,461
479: 1989,1817
480: 1603,209
481: 307
1937: 
1882: 544,2017,1930,1718,695
484: 1820
485: 
486: 1055,1320,1454
487: 1160,1987
488: 
1928: 742
490: 
1851: 
492: 
493: 1465,1627,346
494: 1243
495: 
496: 
497: 
498: 1703,301,367
499: 1033,1811,1026
500: 200
501: 1298,698,726
502: 
503: 747,1780,2009,1647,592,586,1102,926
1993: 
2017: 544,1882,1908,1930,1718,695
506: 774,208
507: 593,1829,967,1290
508: 34,2010,727,1556
509: 
510: 1699
511: 
512: 
513: 447,1435,127
514: 
2011: 1559,923,1285,731
516: 
1881: 531,23,214
518: 
519: 1710,1696
520: 2004,523,274,329,617,114,1863,11,1981,1389,1448,1056,577
521: 372
522: 1438,1424,150,183
523: 1410,2004,329,1097,617,114,1981,1448,1056,577,520
524: 2000,54,195,236,660,844,916,644,197
525: 951,35
526: 652,1456
527: 996
528: 
529: 
530: 
531: 1881,214
532: 690,172,1020,1429
533: 242,1344,1511
534: 
535: 
536: 
537: 1813
538: 918,988
539: 
1949: 1413
541: 
542: 101,1500,1648
543: 
544: 1882,2017,1908,1930,1718,695
545: 
546: 1025,2019,446,376,1171,615,1147,1034
547: 1044,1198,2013,1266,202,72,826,2015,1011,1019
548: 
549: 159
550: 
551: 1791,1313,260,1726
1976: 790,594
1890: 1310
554: 1631,1573
555: 
556: 1804,428,876,203,1677,824
557: 375,860,189,2001,1897,1075,958,722,467
558: 245,1497,1174
559: 1453,414,92
560: 
561: 
562: 
563: 706
1954: 
565: 
566: 291,284,450,1100,1225,756,2012,262,1885,1854
567: 1081,1129
568: 1150,1630,97
1885: 566,291,284,450,1100,1225,756,2012,1854
570: 1013,668
571: 
572: 
573: 1037
574: 834,1704,405,1353,1506
575: 
576: 1903
577: 1389,1448,1056,1410,2004,1426,523,274,329,1097,617,1863,11,1981,520
578: 
579: 
580: 1349,1835,1253
581: 55,765
582: 
583: 
584: 832
585: 782,402
586: 747,477,1780,2009,1120,1647,503,1658,662,592,1023,1278,1102,1523,926
587: 1536,1232,994,416,1317
588: 2002,1944,752,1843,1638,1708,1729,1103,1170
589: 
590: 
1953: 
592: 747,1780,2009,1120,1647,503,1658,586,1278,1102,1523,926
593: 507,1829,967,1290
594: 790,1976
595: 1713,840
596: 1366
597: 1682
598: 
599: 
600: 
601: 
602: 1945,1984,1255
603: 
604: 
605: 1607
606: 1625
607: 1797,437
1867: 908,1347
609: 
610: 299,323,1763,1471,2003,115,857
611: 
612: 956
613: 670,970
614: 
615: 1147,1765,1034,1401,1025,546,2019,446,1912,376,1171
616: 
617: 1422,1410,2004,1426,523,274,329,1097,1236,114,1863,11,1981,1389,1448,1056,577,520
618: 
619: 
620: 
621: 1016,53,712,287,1250,2016,917,1626,226,634,1167
622: 
1985: 1074,1116,1924
624: 1452
625: 
626: 
2009: 747,477,1780,1120,1647,503,1658,662,592,1023,586,1278,1102,1523,926
628: 
629: 
630: 1314
631: 
632: 694,312,1014,931,163,1168,791,1329
633: 1247,1505
634: 1016,1368,621,53,287,1250,2016,1626,226,44,1167
635: 
1927: 
637: 
638: 1666,1414,850,2005,1390,646,868,1838,1007,798,828
639: 342
640: 
641: 
642: 263,1216
1855: 140
644: 2000,54,195,236,660,844,524,197
645: 1703,301,1241,367,224
646: 850,2005,1390,868,1892,1838,65,1007,798,451,1245,1749,465,1666,638,1414
647: 1773
648: 
649: 738,1637,394
650: 
651: 1182,807,382
652: 526,1456
653: 
654: 1761
655: 1514,942
656: 1380,1402
657: 
658: 438
659: 332,289,1118,1856
660: 2000,195,236,844,916,524,644,1455,197
661: 2008,1451,1261,401,1191,1159,409,1482
662: 477,2009,1120,1658,1023,586,1278,1523,926
663: 
664: 
665: 772,1447
666: 
667: 
668: 570
669: 167
670: 970,613
671: 968
1912: 2019,446,615,1147,1765,1401
673: 
674: 
675: 1509
676: 1180,1549,316
677: 
678: 
679: 
680: 885,1694,1955,1135,37,1385
681: 118,1450,1712,786
682: 
683: 815,18
684: 
685: 1281,1753,1293,1934,2001,1337,356
1969: 
687: 
688: 1727,1376
689: 
690: 532,172
691: 91
692: 1488,1529,1661,1009
693: 
694: 312,1014,931,163,632,1168,1329
695: 544,1882,2017,1908,1930,1718
696: 
1874: 
698: 1298,501,726
699: 
700: 1837
701: 
702: 
703: 158,233
704: 297,1229
705: 1370,1864,1734,384
706: 563
707: 2014,1597,385,898,193,825,1683,1546,812,66,1393,1099,1902,431,1166,1457,310,1609,1069,1111,1338
708: 1369,452
709: 
710: 1986
711: 1846,1215
712: 621,53,287,2016,917,1626
713: 1880,1144
714: 
715: 
1876: 73,941
717: 
718: 
1944: 2002,752,1843,933,1638,1103,588
720: 
721: 
722: 375,860,1538,189,2001,1897,1075,958,1228,557,1428,467
723: 
724: 50,1652
725: 1205,69
726: 1298,698,501
727: 1086,1531,19,2010,1717,1556,1752,1169,1101,32,1053,508,34
1994: 
729: 
1906: 
731: 1559,923,2011,1285
732: 905,258,1121
1933: 
734: 
735: 
736: 
737: 
738: 649,1637,394
739: 1095,809
740: 
741: 
742: 1928
743: 827
744: 
745: 
746: 
747: 1780,2009,1120,1647,503,1658,592,586,1278,1102,1523,926
748: 1119
1879: 998
750: 
751: 464,231
752: 2002,1944,1843,1638,1708,1729,1103,588
753: 1063
754: 1960,1442
755: 1739
756: 566,1834,284,450,1100,1225,2012,262,1292,1885,1854
757: 1464,43
758: 
759: 1919
760: 
761: 
762: 318
763: 
764: 1492,344
765: 55,581,1480
766: 1108
767: 
1846: 1215,711
769: 
770: 
771: 
772: 1447,665
773: 2018,1932,1059,1645,1431,1887,387,135,100
774: 506
775: 944,945
1880: 713,1144
777: 1821,78
778: 
779: 
780: 
781: 1127,1355
782: 585,402
783: 
784: 
785: 
786: 681,1450,20,343,791
787: 
788: 
789: 
790: 1976,594
791: 20,343,786,1329,312,1014,931,163,632,1168,243
792: 132
793: 
794: 
795: 
796: 912,1540
797: 
798: 850,2005,1390,646,868,1892,1838,65,1007,451,1245,1749,465,1666,638,1414
799: 
800: 353,426
801: 1697
1917: 1982
803: 
1945: 602,1984,1255
805: 
806: 
807: 651,1182
808: 1711,1777
809: 739,1095
810: 167,1785,1430
811: 
812: 2014,1597,898,193,1683,1546,66,1393,1099,1902,707,431,1166,310,1069,1338
813: 
814: 1836,892
815: 683,18
816: 1840,1517
817: 1381,1618,1715,1926
818: 162,1323,211
819: 
820: 
821: 1653,318
822: 1274
1898: 
824: 1804,428,876,203,556,1677
825: 2014,1597,385,898,193,1683,1546,66,1393,1099,1902,707,431,1166,310,1609,1111,1338
826: 1044,1198,2013,1266,173,202,72,2015,1011,1230,1865,547,1019
827: 743
828: 850,2005,1390,868,1838,1007,1878,638,1414
829: 
830: 
831: 
832: 584
833: 
834: 574,1704,405,1353,1506
835: 
836: 1481
837: 924,62,1624
2016: 1016,1368,621,53,712,287,1250,917,1626,226,44,634,1167
839: 1143,141,389
840: 595
841: 271
842: 
843: 
844: 2000,54,195,236,660,916,524,644,1455,197
845: 
846: 
847: 
848: 1629
849: 902,330,1301,126
850: 2005,1390,646,868,1838,65,1007,798,451,1245,828,465,1878,1666,638,1414
851: 
852: 
1891: 
1996: 
855: 
856: 
857: 1027,2003,115,1153,1036,299,610,323,1763,1471
858: 1840,1517,1343
859: 
860: 1934,375,1538,2001,1058,1897,958,1337,1228,1616,557,1428,722,467,356,335,1293
861: 398,1839
862: 234,317,1486
863: 
864: 
865: 2002,1729,1103,1170
1947: 1231,1405
2019: 446,1912,376,1171,1025,546,615,1147,1765,1034,1401
868: 850,2005,1390,646,1838,65,1007,798,451,1245,1749,828,465,1878,1666,638,1414
869: 1361,999,1227,1948
870: 
871: 1807
872: 
873: 
874: 1586,1825,1231
1934: 375,860,1538,2001,1058,1897,1337,1228,1616,1428,467,356,335,1281,685,1753,1293
876: 1804,428,203,1268,556,1677,824
1852: 1363
878: 
879: 
880: 
1887: 2018,1932,1059,773,1645,1431,387,135,100
882: 
2018: 1932,1059,773,1645,1431,1887,387,135,100
884: 1397,309
885: 1694,680,1135,37,1385
886: 
887: 
888: 
889: 
890: 
891: 
892: 1836,814
893: 
894: 
895: 
1921: 1810,454
897: 64,911
898: 2014,1597,193,825,1683,1546,812,66,1393,1099,1902,707,431,310,1069,1338
899: 1499,1276
900: 
901: 
902: 849,330,1301,126
903: 
904: 94,935
905: 258,732,1121
906: 
907: 207
908: 1867,1347
909: 1299,239
910: 
911: 64,897
912: 796,1540
913: 
914: 
915: 
916: 2000,195,236,660,844,524,1455
917: 1368,621,53,712,287,2016,1626
918: 538,988
919: 1204
920: 
1900: 
922: 
923: 1559,2011,1285,731
924: 837,956
925: 
926: 747,2009,1647,503,1658,662,592,586,1278,1102,1523
927: 
928: 
929: 1787
930: 1064
931: 694,312,1014,163,632,1168,20,343,791,1329
932: 
933: 2002,1944,1103
934: 1094,1690
935: 94,904
936: 
937: 1784,1762,1162,238
938: 
939: 159
940: 
941: 1876
942: 655,1514
943: 
944: 775
945: 775
946: 93,80
947: 62,1518,1624
948: 1109,377
1998: 
950: 
951: 525,35
952: 
1990: 1554,1664,1089,456,166
954: 
955: 
956: 612,924
957: 
958: 375,860,2001,1897,1075,557,722,467
959: 
960: 
2000: 54,195,236,660,844,916,524,644,1455,197
962: 
963: 1513,424
1958: 1244
965: 
966: 185
967: 1290,507,593,1829
968: 671
969: 
970: 670,613
971: 
972: 2007,1698,249,2006,74,1665,1161,1039
973: 
974: 
975: 
976: 
977: 
978: 222,1003,1187
979: 120,396
980: 
981: 1667
982: 198,1269,50,983,1612,1110,1956
983: 198,50,982,1612,1652,1110,1956
984: 
985: 
1862: 
987: 
988: 538,918
989: 
990: 
2015: 1044,1198,2013,1266,315,173,202,72,1569,826,1011,1230,1865,547,1019
992: 1827
993: 
994: 416,1317,587,1232
995: 1117,136
996: 527
997: 
998: 1879
999: 1227,869
1000: 1341
1001: 
1002: 
1003: 222,1187,978
1004: 1287,1545
1005: 462,112
1006: 
1007: 850,2005,1390,646,868,1838,65,798,451,1245,1749,828,465,1666,638,1414
1008: 
1009: 1661,1488,692,1529
1010: 
1011: 1044,1198,2013,1266,315,173,202,72,1569,826,2015,1230,1865,547,1019
1920: 1591
1013: 570
1014: 694,312,931,163,632,1168,243,20,343,791,1329
1015: 1654
1016: 1368,621,53,287,1250,2016,1626,226,44,634,1167
1017: 
1018: 1434
1019: 1044,1198,2013,1266,315,173,202,72,1569,826,2015,1011,1230,1865,547
1020: 172,532,1429
1021: 
1022: 1687
1023: 477,2009,1120,1658,662,586,1278,1523
1024: 
1025: 546,2019,446,376,1171,615,1147
1026: 1033,1811,499
1027: 2003,115,1153,857,1036,323,1763,1471
1028: 239,1299
1029: 
1030: 
1031: 1662,371
1032: 
1033: 1811,499,1026
1034: 615,1147,1765,1401,546,2019,446,376,1171
1035: 
1036: 1027,2003,115,1153,857,323,1763,1471
1037: 573
1038: 
1039: 2007,1698,249,2006,74,1665,1161,972
1040: 
1041: 1092
1042: 
1043: 1051
1044: 1198,2013,1266,315,173,202,72,1569,826,2015,1011,1230,1865,547,1019
1045: 1193
1046: 
1047: 1656,85
1048: 1772
1970: 
1050: 140
1051: 1043
1052: 1399
1053: 1752,430,1169,1101,32,1086,1531,19,2010,1717,727
1054: 303,1793
1055: 486,1320,1454
1056: 1389,1448,577,1410,2004,1426,523,274,329,1097,617,1863,520
1057: 17,420
1058: 1934,375,860,1538,2001,1897,1337,1228,1616,1428,467,356,335,1753,1293
1059: 2018,1932,773,1645,1431,1887,387,135,100
1060: 
1061: 
1062: 
1063: 753
1064: 930
1065: 
1066: 1437,88
1067: 
1068: 1218,1792
1069: 1166,1457,310,1609,1111,1338,2014,1597,385,898,193,812,66,1393,1902,707,431
1070: 1202,82
1071: 1145,1083,461,478
1072: 1128
1073: 
1074: 1985,1116
1075: 189,2001,958,557,722,467
1076: 
1077: 
1078: 
1079: 
1956: 1110,198,50,983,982,1652
1081: 567,1129
1082: 
1083: 1145,1071,461,478
1084: 
1925: 81,77,215
1086: 1531,19,2010,1717,727,1556,1752,1101,32,1053,34
1087: 434
1088: 1709
1089: 456,1990,1664
1090: 
1091: 178,308,383
1092: 1041
1093: 
1094: 934,1690
1095: 739,809
1096: 
1097: 1410,2004,1426,523,274,329,617,1389,1448,1056,577
1098: 
1099: 2014,898,193,825,1683,1546,812,66,1393,707,431
1100: 566,291,1834,284,450,1225,756,2012,262,1885
1101: 1752,430,1169,32,1053,1086,1531,19,2010,1717,727
1102: 747,1780,2009,1647,503,592,586,1523,926
1103: 2002,1944,752,933,1729,588,865
1104: 
1105: 1345,1210,1692,1359
1106: 
1909: 1830
1108: 766
1109: 948,377
1110: 1956,198,50,983,982,1652
1111: 1166,1457,310,1609,1069,1338,2014,1597,385,193,825,1902,707,431
1112: 
1113: 1589
1114: 2008,1451,1261,401,1191,1159,409,1482,1600,1555,1894,1271,281,1257,1322
1115: 1184,1583
1116: 1924,1985,1074
1117: 995,136
1118: 332,659,289,1856
1119: 748
1120: 747,477,1780,2009,1647,1658,662,592,1023,586,1278,1523
1121: 905,258,732
1122: 254
1123: 345
1124: 1691
1125: 
1126: 
1127: 781,1355
1128: 1072
1129: 567,1081
1130: 157,228
1131: 1579
1907: 
1133: 
1134: 
1135: 885,1694,1955,680,37,1385
1136: 1263
1137: 
1138: 
1873: 1742
1140: 104
1141: 413
1142: 1196,1474
1143: 839,141
1144: 1880,713
1145: 1083,1071,461,478
1146: 1693,207
1147: 615,1765,1034,1401,1025,546,2019,446,1912,376,1171
1148: 1524,1901
1149: 
1150: 1562,1630,568,97,1915
1151: 
1152: 1249,1642
1153: 1027,2003,115,857,1036,299
1154: 
1155: 
1156: 
1863: 1236,114,11,1981,1422,1410,2004,1426,274,329,617,1389,1056,577,520
1158: 
1159: 2008,1451,1261,401,661,409,1482,1114,1555,1894
1160: 487,1987
1161: 2007,1698,249,2006,74,1665,1039,972
1162: 1762,238,937,1784
1163: 176
1164: 
1165: 463
1166: 1457,310,1609,1069,1111,1338,2014,1597,385,193,825,1546,812,66,1902,707,431
1167: 1016,1368,621,53,287,1250,2016,1626,226,44,634
1168: 694,312,1014,931,163,632,243,343,791,1329
1169: 1752,430,1101,32,1053,1531,19,2010,1717,727
1170: 2002,1708,1729,588,865
1171: 2019,446,376,1025,546,615,1147,1765,1034,1401
1172: 1805
1847: 
1174: 1497,245,558
1901: 1524,1148
1923: 
1177: 
1178: 
1179: 
1180: 1549,676
1981: 1236,114,1863,11,1422,2004,1426,523,329,617,577,520
1182: 651,807,382
1183: 
1184: 1115,1583
1185: 
1186: 
1187: 222,1003,978
1895: 
1189: 
1190: 
1191: 2008,1451,1261,401,661,409,1482,1114,1555
1192: 192
1193: 1045
1194: 
1195: 
1196: 1142,1474
1197: 
1198: 1044,2013,1266,315,173,202,72,1569,826,2015,1011,1230,1865,547,1019
1199: 
1200: 
1201: 
1202: 1070,82
1203: 
1204: 919,1249
1205: 69,725
1206: 184,95
1856: 332,659,289,1118
1208: 1449,455
1951: 1822,1496
1210: 1345,1105,1692,1359
1211: 
1212: 
1213: 
2013: 1044,1198,1266,315,173,202,72,1569,826,2015,1011,1230,1865,547,1019
1215: 1846,711
1216: 263,642
1217: 
1218: 1792,178,1068
1219: 277
1220: 
1221: 22
1222: 
1223: 41
1224: 
1225: 566,291,284,450,1100,756,2012,262,1292,1885,1854
1226: 1443,10
1227: 999,869,1948
1228: 1934,375,860,1538,2001,1058,1897,1337,1616,1428,722,467,356,335,1293
1229: 297,704
1230: 1044,1198,2013,1266,315,173,202,72,1569,826,2015,1011,1865,1019
1231: 1947,874,1586
1232: 1536,587,994,416,1317
1233: 
1234: 
1913: 395
1236: 114,1863,11,1981,1422,2004,1426,274,617
1871: 
1924: 1116,1985
1239: 
1240: 
1241: 1703,301,645,367,224
1242: 
1243: 494
1244: 1958
1245: 850,2005,646,868,1892,1838,65,1007,798,1749,465,1666,1414
1246: 
1247: 633,1505
1248: 56
1249: 1204,1152
1250: 1016,621,53,287,2016,1626,226,44,634,1167
1251: 
1252: 
1253: 1349,580,1835
1254: 
1255: 602,1945,1984
1256: 
1257: 1322,2008,1114,1600,1555,1894,1271,281
1258: 
1259: 
1260: 
1261: 2008,1451,401,1191,661,1159,409,1482,1114,1555,281
1979: 
1263: 1136
1264: 25
1265: 
1266: 1044,1198,2013,315,173,202,72,1569,826,2015,1011,1230,1865,547,1019
1267: 
1268: 1804,876,1677
1269: 198,982,1612
1915: 1562,1150,97
1271: 1894,281,2008,409,1482,1114,1600,1555,1257,1322
1272: 269
1273: 1651,1963
1274: 822
1275: 
1276: 899,1499
1277: 
1278: 747,477,1780,2009,1120,1647,1658,662,592,1023,586,1523,926
2010: 1086,1531,19,1717,727,1556,1752,430,1169,1101,32,1053,508,34
1280: 
1281: 685,1753,1293,1934,2001,1428,356
1894: 1271,281,2008,1159,409,1114,1600,1555,1257,1322
1283: 
1875: 1508
1285: 1559,923,2011,731
1286: 
1287: 1004,1545
1288: 
1289: 
1290: 967,507,593,1829
1291: 1684,1420
1292: 1834,284,450,1225,756,2012,262,1854
1293: 1281,685,1753,1934,860,2001,1058,1337,1228,1616,356,335
1294: 
1295: 
1296: 
1297: 
1298: 698,501,726
1299: 909,239,1028
1300: 352
1301: 902,849,330,126
1302: 
1303: 
1304: 
1305: 
1306: 
1987: 487,1160
1308: 
1309: 1341,1418
1310: 1890
1311: 
1312: 
1313: 1791,551,260,1726
1314: 630
1315: 
1316: 
1317: 994,416,587,1232
1318: 
1319: 
1320: 1055,486,1454
1321: 
1322: 1257,2008,401,409,1482,1114,1600,1555,1894,1271,281
1323: 162,818,211
1957: 1808,1444
1325: 
1908: 544,2017,1930,1718,695
1327: 
1328: 
1329: 20,343,791,694,312,1014,931,163,632,1168,243
1330: 166,1916
1331: 
1950: 
2012: 566,291,1834,284,450,1100,1225,756,262,1292,1885,1854
1334: 
1335: 
1336: 
1337: 1934,860,1538,2001,1058,1228,1616,1428,467,356,335,685,1753,1293
1338: 1166,1457,310,1609,1069,1111,2014,1597,898,193,825,1546,812,66,1393,1902,707,431
1339: 
1340: 
1341: 1000,1309,1418
1342: 
1343: 858,1840,1517
1344: 242,1511,533
1345: 1210,1105,1692,1359
1346: 
1347: 1867,908
1935: 
1349: 1392,580,1835,1980,1253
1948: 869,1227
1351: 
1964: 
1353: 834,574,1704,1506
1939: 
1355: 1127,781
1356: 
1357: 
1358: 
1359: 1345,1210,1105,1692
1360: 
1361: 869,123,364
1362: 
1363: 1852
1364: 
1365: 
1366: 596
1850: 
1368: 1016,53,287,2016,917,44,634,1167
1369: 708,452
1370: 705,1864,384
1371: 40,1378
1372: 
1373: 26,1388
1374: 
1375: 
1376: 688
1377: 442
1378: 1371,40
1379: 
1380: 656,1402
1381: 817,1618,1715,1926
1382: 1668
1383: 
1952: 
1385: 885,1694,680,1135,37
1386: 
1387: 1972,1591
1388: 26,1373
1389: 1448,1056,577,1410,2004,274,1097,617,1863,520
1390: 850,2005,646,868,1838,1007,798,451,1749,828,465,1878,638,1414
1391: 
1392: 1349,1835,1980
1393: 2014,1597,385,898,193,825,1683,1546,812,66,1099,1902,707,431,310,1609,1069,1338
1394: 
1395: 
1396: 
1397: 884,309
1398: 
1399: 1052
1400: 411
1401: 615,1147,1765,1034,2019,446,1912,376,1171
1402: 1380,656
1403: 
1404: 1668
1405: 1947
1406: 
1407: 
1408: 1961
1409: 
1410: 2004,1426,523,274,329,1097,617,1863,1389,1056,577
2005: 850,1390,646,868,1892,1838,65,1007,798,451,1245,1749,828,465,1878,1666,638,1414
1412: 
1413: 1949
1414: 1666,638,850,2005,1390,646,868,1838,1007,798,1245,828,465
1415: 
1918: 
1417: 1800
1418: 1341,1309
1419: 
1420: 1684,1291
1421: 1685,1571
1422: 2004,1426,329,617,1236,114,1863,11,1981
1940: 
1424: 522,1438,150,183
1425: 
1426: 1422,1410,2004,274,329,1097,617,1236,114,1863,11,1981,1056,577
1965: 
1428: 1934,375,860,1538,2001,1058,1897,1337,1228,722,467,356,335,1281,1753
1429: 172,1020,532
1430: 1785,810
1431: 2018,1932,1059,773,1645,1887,387,135,100
1886: 
1433: 250
1434: 1018
1435: 447,513,1582,127
1436: 
1437: 1066,88
1438: 522,1424,150,183
1439: 
1440: 
1441: 1608
1442: 1960,754
1443: 1226,10
1444: 1957,1808
1445: 
1446: 
1447: 772,665
1448: 1389,1056,577,2004,523,274,1097,617,520
1449: 455,1208
1450: 681,118,1712,786
1451: 2008,1261,401,1191,661,1159,409,1482,1114,1600,1555,281
1452: 624
1453: 414,559,92
1454: 1055,486,1320
1455: 2000,195,236,660,844,916
1456: 652,526
1457: 1166,310,1609,1069,1111,1338,2014,1597,385,193,1902,707,431
1458: 472
1459: 
1460: 
1973: 102
1462: 
1463: 443,68,457
1464: 43,757
1465: 493,1627,346
1466: 
1467: 
1468: 247
1469: 
1470: 
1471: 299,610,323,1763,1027,2003,115,857,1036
1472: 
1473: 
1474: 1196,1142
1475: 1565
1476: 
1477: 152
1478: 
1479: 
1480: 55,765
1481: 836
1482: 2008,1451,1261,401,1191,661,1159,409,1114,1600,1555,1271,281,1322
1483: 56,1671
1484: 
1485: 
1486: 234,317,862
1487: 
1488: 692,1529,1661,1009
1489: 
1490: 296
1491: 
1492: 764,344
1493: 
1494: 
1495: 
1496: 1822,1951
1497: 1174,245,558
1498: 
1499: 899,1276
1500: 542,101,1648
1501: 
1502: 
1503: 
1504: 
1505: 633,1247
1506: 834,574,1704,405,1353
1507: 
1508: 1875,1611
1509: 675
1510: 360
1511: 242,1344,533
1512: 
1513: 424,963
1514: 655,942
1959: 
2014: 1597,385,898,193,825,1683,1546,812,66,1393,1099,1902,707,431,1166,1457,310,1609,1069,1111,1338
1517: 858,1840,816,1343
1518: 1624,947
1519: 
1520: 
1521: 
1522: 
1523: 747,477,1780,2009,1120,1647,1658,662,592,1023,586,1278,1102,926
1524: 1901,1148
1525: 
1526: 
1527: 1966
1528: 240
1529: 1488,692,1661,1009
1530: 
1531: 1086,19,2010,1717,727,1752,430,1169,1101,1053
1532: 
1533: 
1534: 
1535: 
1536: 587,1232
1537: 444,251
1538: 1934,375,860,2001,1058,1897,1337,1228,1616,1428,722,467,356,335
1539: 
1540: 912,796
1541: 
1542: 
2007: 1698,249,2006,74,1665,1161,1039,972
1544: 
1545: 1287,1004
1546: 2014,1597,385,898,193,825,1683,812,66,1393,1099,1902,707,431,1166,310,1609,1338
1547: 
1548: 
1549: 1180,676
1550: 
1551: 
1552: 
1553: 
1554: 1990,1664,456
1555: 1600,2008,1451,1261,401,1191,1159,409,1482,1114,1894,1271,281,1257,1322
1556: 1086,2010,1717,727,508,34
1978: 298,1828
1942: 
1559: 923,2011,1285,731
1560: 
1561: 
1562: 1150,97,1915
1563: 
1564: 
1565: 1475
1566: 
1567: 1818
1568: 133
1569: 1044,1198,2013,1266,315,173,202,2015,1011,1230,1865,1019
1570: 
1571: 1685,1421
1572: 61,319
1573: 1631,554
1999: 
1848: 
1853: 
1577: 
1932: 2018,1059,773,1645,1431,1887,387,135,100
1579: 1131
1580: 
1581: 
1582: 127,447,1435
1583: 1184,1115
1584: 
1585: 
1586: 874,1825,1231
1587: 
1588: 
1589: 1113
1590: 
1591: 1920,1387
1592: 
1593: 428,203
1877: 
1595: 81,77
1596: 462
1597: 2014,385,898,193,825,1546,812,66,1393,1902,707,431,1166,1457,310,1609,1069,1111,1338
1598: 
1975: 
1600: 1555,2008,1451,401,409,1482,1114,1894,1271,281,1257,1322
1858: 
1602: 
1603: 480,209
1604: 
1605: 
1606: 
1607: 605
1608: 1441
1609: 1166,1457,310,1069,1111,1338,2014,1597,385,193,825,1546,1393,1902,707,431
1610: 
1611: 1508
1612: 198,1269,983,982
1613: 
1614: 433,351
1615: 
1616: 1934,860,1538,2001,1058,1337,1228,467,356,335,1293
1617: 201
1618: 1715,1926,817,1381
1619: 
1620: 
1621: 
1622: 
1623: 122,49
1624: 62,837,1518,947
1625: 606,133
1626: 1016,621,53,712,287,1250,2016,917,226,634,1167
1627: 1465,493,346
1628: 
1629: 848
1630: 1150,568,97
1631: 554,1573
1632: 
1633: 
1634: 
1849: 
1955: 1694,680,1135,37
1637: 649,738,394
1638: 2002,1944,752,1843,1708,1729,588
1639: 
1640: 218
1641: 
1642: 1152
1643: 
1644: 
1645: 2018,1932,1059,773,1431,1887,387,135,100
1859: 
1647: 747,1780,2009,1120,503,1658,592,586,1278,1102,1523,926
1648: 542,101,1500
1649: 1659
1650: 
1651: 390,1963,1273
1652: 724,50,983,1110,1956
1653: 821,318
1654: 1015
1655: 
1656: 1047
1657: 
1658: 747,477,1780,2009,1120,1647,662,592,1023,586,1278,1523,926
1659: 1649
1660: 
1661: 1009,1488,692,1529
1662: 371,1031
1663: 
1664: 1990,1554,1089,456
1665: 2007,1698,249,2006,74,1161,1039,972
1666: 638,1414,850,2005,646,868,1838,1007,798,1245,465
1667: 981
1668: 1404,1382
1669: 
1670: 
1671: 1483
1672: 
1673: 
1674: 
1675: 
1676: 1778
1677: 1804,428,876,203,1268,556,824
1678: 457,1707
1679: 91
1680: 111,229
1681: 
1682: 597
1683: 2014,385,898,193,825,1546,812,66,1393,1099,1902,707,431,310
1684: 1291,1420
1685: 1571,1421
1686: 
1687: 1022
1688: 
1866: 
1690: 934,1094
1691: 1124
1692: 1345,1210,1105,1359
1693: 1146,207
1694: 885,1955,680,1135,37,1385
1695: 
1696: 1710,519
1697: 801
1698: 2007,249,2006,74,1665,1161,1039,972
1699: 510
1700: 
1701: 1868
1702: 
1703: 301,498,1241,645,367,224
1704: 834,574,405,1353,1506
1705: 
1706: 
1707: 68,457,1678
1708: 2002,752,1843,1638,1729,588,1170
1709: 1088
1710: 1696,519
1711: 288,1777,808
1712: 681,118,1450
1713: 595,264
1714: 
1715: 1618,1926,817,1381
1854: 566,284,450,1225,756,2012,262,1292,1885
1717: 1086,1531,19,2010,727,1556,1752,430,1169,1101,32,1053,34
1718: 544,1882,2017,1908,1930,695
1719: 
1720: 
1721: 
1946: 
1723: 
1724: 
1725: 1963
1726: 1791,1313,551,260
1727: 688
1963: 1651,1273,1725
1729: 2002,752,1638,1708,1103,588,865,1170
1730: 
1731: 
1732: 
1919: 759
1734: 705,1864
1735: 
1736: 
1943: 
1982: 1917
1739: 755
1740: 
1741: 
1742: 1873
1870: 
1744: 
1931: 
1746: 
1747: 
1748: 
1749: 2005,1390,646,868,1892,65,1007,798,451,1245,465
1960: 1442,754
1751: 
1752: 430,1169,1101,32,1053,1086,1531,19,2010,1717,727,34
1753: 1281,685,1293,1934,2001,1058,1337,1428,356,335
1754: 
1755: 1839
1756: 302
1757: 
1758: 
1759: 322
1760: 
1761: 654
1762: 1162,238,937,1784
1763: 299,610,323,1471,1027,2003,115,857,1036
1764: 
1765: 615,1147,1034,1401,2019,446,1912,1171
1766: 
1767: 
1768: 
1769: 
1770: 
1995: 
1772: 1048
1773: 647
1774: 
1775: 
1776: 
1777: 288,1711,808
1778: 1676
1779: 
1780: 747,2009,1120,1647,503,1658,592,586,1278,1102,1523
1781: 
1782: 
1783: 397
1784: 937,1762,1162,238
1785: 167,810,1430
1786: 
1787: 929
1788: 
1789: 
1790: 
1791: 1313,551,260,1726
1792: 1218,1068
1793: 303,1054
1794: 
1795: 
1796: 
1797: 607,437
1798: 
1799: 
1800: 1417
1801: 
1802: 
1803: 
1804: 428,876,203,1268,556,1677,824
1805: 1172
1806: 466
1807: 871
1808: 1957,1444
1809: 436,290
1810: 1921,454
1811: 1033,499,1026
1812: 
1813: 537
1814: 
1815: 
1816: 
1817: 1989,479
1818: 1567
1819: 449
1820: 484
1821: 777,78
1822: 1951,1496
1823: 
1824: 
1825: 874,1586
1826: 
1827: 992
1828: 1978,298
1829: 507,593,967,1290
1830: 1909
1831: 363
1832: 
1916: 166,1330
1834: 291,284,450,1100,756,2012,262,1292
1835: 1349,1392,580,1980,1253
1836: 814,892
1837: 700
1838: 850,2005,1390,646,868,1007,798,451,1245,828,465,1878,1666,638,1414
1839: 1755,398,861
1840: 858,816,1517,1343
1841: 
1842: 
1843: 2002,1944,752,1638,1708,588
1844: 
1845: 