1758: 1910,2006,972,1039,74,2007,842,1698,1161
1: 1457,704,1069,470,1146,800,1229,1548,2014,1208,812,1099,1166,1445,1200,66,1597,1902,1047,385,431,1111,1683
1471: 1240,1944,1674,857,1763,737,2003,1170,1213,629,588,1676,752,335,1638,1843,2002,1036,1153,323,1027,933
3: 
1803: 
1926: 712,1715,53,1368,817,917,1984,1626,1837,44,981,319,1618,2016,1016,1797,1250,621,634,1363
6: 
7: 1719
1797: 712,1715,53,1368,817,1984,44,981,319,1618,2016,1016,1926,287,1250,1584,1969,1048,621,1167,634,1363
9: 274,562,76,1916
10: 619,1919
11: 460,166,2004,1448,1863,303,1426,1942,1018
12: 343,1329
1756: 1851,1241,565
1865: 2015,1019,1198,102,997,547,2013,676,826,466,751,339,315,1266,1687,202,1855
15: 721
16: 818,1162,1134,696
17: 1565,554
18: 
19: 427,801,328,508,1072,579,2010,1713,1964,32,1101,1531,430
20: 
21: 
22: 1772
1808: 
1623: 318
25: 
26: 
1910: 1758,249,2006,972,1039,74,2007,842,1698,1161,1665
28: 1739
29: 280,467,958,133,1934,1538,1228,356,1281,2001,299,437,117,1339,1017,1943,375,1897,1753,925,1075,30
30: 280,356,2001,29,375,1753,1616
31: 1413
32: 427,801,328,508,19,579,2010,1713,1484,1556,1964,1347,295,1101,1291,1752,1420,1531,430,1053
33: 
34: 801,1169,93,1072,2010,1691,1347,1129,727,1717,1086,275
35: 
36: 1356,1530,1827
37: 
38: 
39: 
40: 
1460: 
1817: 
43: 563
44: 712,1715,53,1368,817,1984,1626,1837,981,1618,2016,1016,1926,1797,1363
45: 
46: 
1759: 1271,1822,1159,1257,1191,409,1391,1807,281,464,1380,2008,325,473,1451,1894,1261,1248,661,1600,1819
48: 1185,1643,245,1585,454
49: 
50: 
51: 1165
52: 1232,1536,405,208
53: 712,1715,1368,817,1984,1626,1837,44,981,319,1618,2016,1016,1926,1797,621,1363
54: 916,2000,195,1455,197,236,1844,844,1667,524,644,1387,1806,1549,1113
55: 
56: 
1860: 1845,778,1849,923,2011,218,1285,731,492
58: 795
1505: 
60: 
61: 557,1666,638,1952,748,78,670,970,1245,1414,850,1390,465,2005,868,1838,607,1255,1749,646,1458,474
62: 1345
63: 1782
64: 
65: 993,798,850,1390,2005,868,1878,607,828,1255,1633,646,1458,474,1952,748
66: 704,470,1146,800,1004,1548,2014,1208,1546,812,1166,1,1445,1200,1609,1597,1902,310,1047,385,707,1338,825,1683,193
1662: 1091,934
68: 1991
69: 
1715: 712,53,1368,1984,44,319,1618,2016,1016,1926,1797,1250,1584,1048,621,1167,634,1363
1443: 
72: 1569,2015,1019,1198,997,1044,547,1230,2013,676,941,826,339,1266,1687,202
73: 
74: 1758,249,1910,2006,972,1039,2007,842,1698,1901,841,1161
1589: 
76: 274,562,9
77: 
78: 557,1666,638,1952,748,670,61,970,2005,1749,1007,474
1564: 
80: 427,801,1169,508,384,2010,1691,1713,1484,1556,1347,1129,295,1101,1291,1752,1420,1086,1053,1641
81: 380,1529
1422: 523,529,1410,460,2004,1389,329,1788,1426,1097,1500,1018,1434,571
83: 1050
1462: 1373,585
85: 372,254
86: 
1653: 
1973: 
89: 555
1457: 704,1069,800,1229,2014,812,1166,1,1445,1200,1609,1902,1393,1047,385,1111,825,1683,193
1718: 544,1882,1908,1632,695,968,2017,1930,1640
92: 
93: 427,801,328,1169,1072,2010,1691,1713,1484,34,1964,1347,1129,1101,727,1531,1717,275
94: 
95: 
1916: 274,562,9,1842,377
97: 391
98: 
1406: 
100: 1645,922,2018,1550,773,1431,1059
1501: 
102: 2015,656,1019,173,1044,547,1876,1230,140,2013,676,941,826,1011,466,179,751,315,1266,1865,1687,1828,202,1533,1855
103: 912,724,1051,1956,983,208,1909,994,930
104: 
105: 1094,690
106: 759,285,977,732,1650
1774: 
108: 
109: 1669
110: 
111: 1714
112: 
1754: 
114: 523,2004,1448,1389,1863,1942,1097,536,520,1018,571
1701: 531,1970,326,1621,246,1502
116: 
117: 467,958,133,1228,2001,299,437,29,1897,1753,1075,358
1682: 1100,1076,542,2012,1327,1834,421,176,495,1885,291,1225,1408
1452: 
120: 
121: 1114,673,1201,1381,401,1526,1482,1822,1159,1257,409,1391,464,353,2008,1261,1248,661
122: 
123: 
1458: 1245,993,1414,65,850,1390,465,2005,868,1892,1838,1878,607,828,777,1255,1749,1633,646,1007,474,557,1666,638,1952,748,670,61,970
1490: 
126: 1156
1527: 1853
128: 
129: 
130: 
131: 1467
132: 
133: 467,958,1934,1228,2001,299,437,117,29,1017,1897,1075,358
134: 
135: 1469,1932,1887,1645,2018,309,1550,773,387
136: 
137: 
1707: 666,543
139: 
140: 1569,2015,1019,173,102,1044,547,1876,1230,2013,676,941,1011,179,1828,202,1533
141: 
1659: 1553,479
1787: 864
144: 
1842: 377,1916
1598: 
147: 
1520: 840,669
1670: 
150: 
151: 
152: 521,836
153: 1498,1607,1110
1815: 
155: 1055,374,516
156: 
157: 905
158: 1620
159: 
160: 
1753: 280,958,1538,356,2001,117,1339,29,1943,375,1897,1616,925,30
162: 
163: 
1547: 
165: 
166: 460,2004,1448,1389,329,11,1863,1056,303,1426,1942,617,1018
1504: 1068
168: 334
169: 
170: 
1828: 1569,2015,656,1019,1198,173,102,1044,547,1876,1230,140,2013,676,941,826,1011,179,751,315,1687,202,1533,1855
172: 
173: 2015,656,1019,1198,102,1044,547,1876,1230,140,2013,676,941,1011,179,751,315,1687,1828,202,1533,1855
2004: 523,529,1410,460,166,1448,1389,329,11,1863,1788,1056,303,1236,1426,1422,1942,1097,114,536,1981,1500,617,520,1018,1434,571
175: 1472
176: 1076,542,1239,2012,1327,1149,1834,421,1885,291,1682,1100,1292,450,560,262,1408
1451: 1822,1257,1191,409,1759,1807,464,353,2008,325,473,1261,661,1600,1381
1639: 1503
179: 2015,656,1019,173,102,1044,547,1876,140,2013,676,941,1011,751,315,1828,202,1533,1855
2003: 1240,1944,1674,857,1763,737,1170,1471,1213,629,588,1676,752,335,1294,1638,1046,1843,2002,1036,610,1708,1153,487,323,1103,1027,933,793
2002: 1240,1944,1674,857,1763,737,2003,1170,1471,1213,629,588,1676,752,335,1294,1638,1046,1843,1036,610,1708,1153,487,323,1103,1027,933,793
182: 1247,1655
183: 
184: 
185: 196,1028
186: 
2008: 1271,1822,1159,1257,1191,409,1391,1759,1807,281,464,353,1380,325,473,1451,1894,1261,1248,661,1600,1819,1114,673,1322,1201,1555,1381,401,1526,121,741,1482
188: 1398,1165,1223
1813: 
1878: 1245,993,1414,798,65,850,1390,465,2005,868,1892,1838,607,828,777,1255,1749,1633,1458
191: 
1476: 
193: 1457,704,470,800,1004,1548,2014,1546,812,1166,1445,1200,1609,66,1597,1902,310,1393,1047,385,707,1111,825,1683
1839: 
195: 916,2000,1455,197,54,236,1844,844,1667,524,644,1806
196: 185,1028
197: 916,2000,660,195,1455,54,236,1844,844,1667,524,644,1387,1806,1549,1113
198: 
1611: 
1563: 
1940: 
202: 1569,2015,656,1019,1198,173,102,997,1044,547,1876,1230,140,72,2013,676,941,826,466,179,751,339,315,1266,1865,1687,1828,1533,1855
203: 
1588: 
205: 1076,566,1239,284,2012,1327,1149,421,495,291,1225,450,560,1854,1142,756
1499: 573
1779: 
208: 724,1051,103,405,1232,1536,52,930
209: 
210: 
211: 1704,1517,1060
1612: 235,834,1463
213: 1369,1958,637
214: 1881
215: 1306,1519
1740: 1158,653
217: 
218: 1559,2011,1285,731,492,1860,1845,778,1849,923
219: 
220: 
2001: 280,467,958,133,1934,1538,1228,356,1281,299,561,437,722,117,1339,29,1017,1943,375,1897,1753,1616,925,1075,30,358
222: 
223: 675
1647: 1293,662,1278,1780,747,1428,2009,586,503,1023,592,477,926,1102,1918,1083,461,1071,1145
225: 690
226: 
227: 603,808,480
228: 
1428: 1293,1523,1278,1780,747,1120,2009,586,503,592,477,1102,1647,1083,1145
230: 1147,1746,1912,1491,2019,1034,1171,615,282,1510,763,620,1495,296,1401,1765,1867,546,1799,1025,446
231: 
1469: 1932,1887,1645,922,2018,309,135,1550,1431,387,1059
233: 
1693: 
235: 834,1463,1612
236: 916,2000,195,197,54,1844,844,1667,524,644,1806
237: 
238: 250,1747
1618: 712,1715,53,1368,817,917,1984,1837,44,981,319,2016,1016,1926,1797,287,1250,1584,1969,1048,621,1167,634,1363
240: 1560
241: 
1467: 131
243: 1358
244: 
245: 1185,1643,48,1585
246: 1502,531,1701,1621
247: 1566
1719: 7
249: 1910,2006,972,74,2007,842,1698,1665
250: 238,1747
1473: 
1780: 1293,662,1523,1278,747,1428,1120,2009,586,503,1023,592,477,1102,1647,1918,1083,1071,1145
1799: 1147,1746,230,1912,1491,2019,1034,1171,615,282,1510,763,620,1495,296,1401,1765,546,1025,446
254: 372,85
255: 
256: 
1404: 
258: 1002,371,1244
259: 952
260: 551,1581,714
261: 
262: 450,560,1408,1854,1142,756,1100,1076,542,1239,2012,1327,1149,1834,176,291,1225,1292
263: 1438,616
264: 
265: 
266: 
267: 
268: 
1965: 
1658: 747,1120,2009,503,592,926,1102,1918,1071,1145
1534: 1439
1914: 313
273: 1140
274: 562,76,9,1916
275: 427,801,328,1169,93,1072,579,2010,1691,1713,1484,34,1964,1347,1129,1101,727,1531,430,1717,1086
276: 657,1776,1052,1608
277: 
278: 
279: 1692
280: 1934,1538,356,1281,2001,1339,29,1943,375,1897,1753,1616,925,30
281: 1271,1822,1159,1257,1191,409,1391,1759,1807,353,1380,2008,473,1894,1261,1248,661,1600,1819,1322,1201,1555,1381,1526,741
282: 1746,230,1912,1491,2019,1171,615,1510,763,620,1495,296,1401,1765,1867,546,1799,1025,446,376
1962: 906
284: 1076,566,1239,2012,1327,1149,421,495,1885,205,291,1225,756
285: 759,977,732,1650,106
286: 
287: 1250,1584,1969,1048,621,1167,634,817,917,1984,319,1618,2016,1797
288: 999
2005: 1245,993,1414,798,65,850,1390,465,868,1892,1838,1878,607,828,777,1255,1749,1633,646,1458,1007,474,557,1666,638,1952,748,78,670,61,970
290: 
291: 1076,542,1239,284,2012,1327,1149,1834,421,176,495,1885,205,1225,1682,1100,560,262,1408,1854,1142
292: 
293: 
294: 
295: 427,801,508,384,2010,1713,1484,1556,1347,32,1101,1291,1752,1420,430,80,1053
296: 1147,1746,230,998,1491,2019,1034,1171,615,282,1510,763,620,1401,1867,546,1799,446
1400: 
298: 
299: 467,958,133,1934,1538,1228,1281,2001,437,722,117,1339,29,1017,375,1897,925,1075,358
300: 
1430: 
2014: 1457,704,1069,470,1146,800,1004,1229,1548,1208,1546,812,1099,1166,1,1445,1200,1609,66,1597,1902,310,1393,1047,385,431,707,1111,1338,825,1683,193
303: 529,1410,460,166,2004,1448,329,11,1863,1056,1236,1426,1981,1500,617,1018
304: 1835,794
1795: 399,1160,740
1562: 
307: 
1410: 529,2004,329,1863,1788,1056,303,1236,1426,1422,1097,1981,1500,617,1018,571
309: 1469,1932,1887,1645,922,2018,135,1550,773,1431,387
310: 704,800,2014,1546,812,1166,1445,1200,1609,66,1597,1393,1047,385,193
311: 938,481
312: 786,632
313: 1914
1930: 1882,1908,1632,695,968,2017,1718
315: 1569,2015,656,1019,173,102,997,1044,547,2013,676,941,826,466,179,751,339,1266,1865,1828,202,1533,1855
1546: 704,470,1004,1548,2014,812,1445,1609,66,1597,310,1047,385,707,1338,825,193
317: 1790
318: 1623
319: 712,1715,53,1368,817,917,1984,1837,981,1618,2016,1016,1926,1797,287,1250,1584,1048,621,634
1974: 
321: 
322: 1395
323: 1240,1944,1674,857,1763,737,2003,1170,1471,1213,629,588,1676,752,335,1638,1046,1843,2002,610,1153,487,1103,1027,933,793
1806: 916,2000,195,197,54,236,1844,1667
325: 1257,1191,409,1391,1759,1807,464,2008,473,1451,1894,1261,661
326: 531,1970,1701,1621
327: 
328: 427,801,93,508,19,1072,579,2010,1713,1964,1347,32,1129,1101,727,430,1717,275
329: 523,529,1410,460,166,2004,1863,1788,1056,303,1236,1426,1422,1097,1981,1500,617,1018,571
330: 808
1586: 
332: 
333: 
334: 168
335: 1944,1674,857,1763,737,2003,1170,1471,1213,629,1676,752,1294,1638,1046,1843,2002,610,1708,1153,487,323,1103,1027,933,793
1991: 68
337: 
338: 
339: 1569,2015,1019,1198,997,1044,547,1230,72,2013,676,826,466,751,315,1266,1865,1687,202,1855
1755: 1572
341: 
1886: 
343: 493,12,931
1695: 664
345: 
346: 1975
347: 
1514: 
1838: 1245,1414,798,850,1390,465,2005,868,1892,1878,607,828,777,1255,1749,1633,1458,1007,474,557,61,970
1454: 
351: 
1614: 864
353: 1822,1159,1257,409,1807,281,2008,1451,1261,1248,661,1600,1114,673,1381,401,1526,121,1482
1548: 704,470,1146,800,1004,2014,1208,1546,812,1099,1,1445,66,1597,1902,1047,385,431,707,1338,825,193
1405: 
356: 280,1538,1281,2001,29,1943,375,1753,1616,925,30
1500: 523,529,1410,460,2004,1389,329,1788,1056,303,1236,1426,1422,1097,1981,1018,1434
358: 958,133,1228,2001,299,437,117,1897,1075
359: 1775
360: 
361: 
1968: 
363: 
364: 
1835: 304,858,794
1892: 1245,993,1414,850,1390,465,2005,868,1838,1878,607,777,1255,1749,1633,1458,970
1826: 
1984: 712,1715,53,1368,817,917,1837,44,319,1618,2016,1926,1797,287,1250,1584,621,1167,634
369: 
370: 
371: 1002,258,1244
372: 85,254
1426: 523,529,1410,460,166,2004,1448,329,11,1863,1056,303,1236,1422,1500,617,1018
374: 1055,1108,402,516,155
375: 280,467,958,1934,1538,1228,356,1281,2001,299,29,1943,1897,1753,925,30
376: 1746,998,1491,2019,615,282,1510,620,1495,1401,1765,1867,1025,446
377: 1842,1916
378: 
379: 
380: 1529,81
1732: 
1673: 1144
383: 
384: 801,1169,2010,1691,1713,1484,1556,1347,1129,295,1101,1291,1086,80,1053,1641
385: 1457,704,470,1146,800,1004,1548,2014,1208,1546,812,1099,1166,1,1445,1200,1609,66,1597,1902,310,1393,1047,707,1111,825,1683,193
386: 
387: 1469,1932,1887,1645,2018,309,135,1550,1431
1493: 618
389: 1361
390: 
391: 97
392: 
1980: 1937
394: 942,649
395: 
1641: 1053,801,1169,384,2010,1691,1484,1556,1101,1291,1420,1086,80
397: 
398: 891,1524,1399
399: 1160,1795,740
400: 
401: 673,1381,121,1482,1822,1257,409,353,2008,1261
402: 1108,374,516
403: 
1961: 
405: 724,1051,208,1232,1536,52,930
406: 
1581: 260,714
408: 869,1224
409: 1822,1159,1257,1191,1391,1759,1807,281,464,353,2008,325,473,1451,1894,1261,1248,661,1600,673,1201,1381,401,121,741,1482
410: 
411: 
1538: 280,467,1934,1228,356,1281,2001,299,561,437,722,1339,29,1017,1943,375,1897,1753,925
413: 
414: 1258
1709: 
416: 912,443,1956,983,982
417: 
1751: 1777,1497
1580: 
420: 
421: 1076,566,542,1239,284,2012,1327,1149,1834,176,495,1885,205,291,1225,1682,1854,1142,756
1749: 1245,1414,850,1390,465,2005,868,1892,1838,1878,607,828,777,1255,1633,646,1458,1007,474,557,1666,638,78,670,61,970
1532: 
424: 
425: 
426: 
427: 801,328,1169,93,508,19,1072,579,2010,1691,1713,1484,1556,1964,1347,32,295,1101,1291,727,1752,1420,1531,430,275,80
428: 
429: 
430: 427,801,328,508,19,1072,579,2010,1713,1556,1964,1347,32,295,1101,1291,727,1531,275
431: 470,1146,1548,2014,1208,1099,1,1445,1902,1338
432: 
433: 
434: 436
1723: 1067,1437
436: 434
437: 467,133,1934,1538,1281,2001,299,561,722,117,1339,29,1017,1897,925,1075,358
438: 1429,1775
1827: 1530,36
1550: 1469,1932,1887,1645,922,2018,309,135,100,773,1431,387,1059
1986: 
1555: 1114,1322,1201,1526,741,1159,281,1380,2008,1248,1819
443: 416
444: 1218,797,1993
445: 
446: 1147,1746,230,998,1491,2019,1034,615,282,1510,620,296,1401,1765,1867,546,1799,1025,376
1565: 554,17,1066
2006: 1758,249,1910,972,1039,74,2007,842,1698,1901,841,1161,1665
449: 568
450: 560,262,1408,1854,1142,756,1076,566,1239,2012,1327,1149,176,205,1225,1292
1544: 
1431: 1469,1645,922,2018,309,1550,100,387,1059
1752: 427,508,2010,1713,1484,1556,32,295,1101,1291,1420,80,1053
454: 1185,48,1585
1540: 
456: 
457: 
1825: 
1897: 280,467,958,133,1934,1538,1228,1281,2001,299,437,117,29,1017,375,1753,1075,358
460: 523,529,166,2004,1448,1389,329,11,1863,1056,303,1426,1422,1097,536,1500,520,1018,571
461: 662,1278,747,2009,586,503,1023,592,926,1647,1918,1083,1071
462: 
1811: 784,1026
464: 1822,1159,1257,1191,409,1391,1759,1807,2008,325,473,1451,1894,1261,661,121,1482
465: 1245,1414,850,1390,2005,1892,1838,1878,607,777,1749,1458,61
466: 2015,656,1019,1198,102,997,1044,547,2013,676,826,751,339,315,1266,1865,202,1533,1855
467: 133,1934,1538,1228,1281,2001,299,437,722,117,29,1017,375,1897,1075
468: 1335
469: 
470: 704,1146,800,1004,1548,2014,1208,1546,1099,1,1445,66,1597,1902,1047,385,431,707,1111,1338,825,1683,193
1864: 
472: 
473: 1271,1159,1257,1191,409,1391,1759,1807,281,464,2008,325,1451,1894,1261,661,1600
474: 1245,1414,798,65,850,1390,2005,868,1838,607,828,777,1255,1749,1633,646,1458,1007,557,1666,638,1952,748,78,670,61,970
1902: 1457,704,1069,470,1146,800,1229,1548,2014,1208,1099,1166,1,1445,1200,66,1393,1047,385,431,707,1111,1338,825,1683,193
476: 
477: 1293,662,1278,1780,747,1428,2009,586,503,1023,1102,1647,1083
478: 1286
479: 1553,1659
480: 603,808,227
481: 938,311
1937: 1980
1882: 1908,1632,695,968,2017,1930,1718
484: 
485: 
486: 894
487: 1944,1674,857,1763,737,2003,1213,629,1676,335,1294,1638,1046,2002,610,323,1103,933
488: 
1530: 499,1827,36
490: 
1851: 1241,1756,565
492: 1559,2011,218,1285,731,1860,1845,778,1849,923
493: 343,931
494: 
495: 1076,542,1239,284,2012,1327,1834,421,1885,205,291,1225,1682,1100,1142
1688: 
1845: 1860,778,1849,923,2011,218,1285,731,492
498: 874
499: 1530
1654: 1304,851
501: 
1553: 1659,479
503: 1293,662,1523,1278,1780,747,1428,1120,2009,586,1023,592,477,926,1102,1647,1918,1083,461,1071,1145,1658
1993: 1218,797,444
2017: 1882,1908,1632,695,968,1930,1718,544,1163,1640
506: 
1650: 759,285,977,732,106
508: 427,801,328,19,579,2010,1691,1713,1484,1556,1964,1347,32,295,1101,1291,1752,1420,1531,430,80,1053
1661: 
510: 1177,1378,599,624
511: 
1790: 317
1482: 1114,673,1322,1201,1381,401,1526,121,741,1822,1159,1257,1191,409,1391,1807,464,353,2008,1261,1248,661
1805: 
2011: 1559,218,1285,731,492,1860,1845,778,1849,923
516: 1055,1108,402,374,155
1881: 214
1439: 1534
519: 
520: 523,460,2004,1448,1389,1863,1942,1097,114,536,1018,571
521: 836,152
522: 
523: 529,460,2004,1448,1389,329,1863,1426,1422,1097,114,536,1500,520,1018,1434,571
524: 2000,660,195,1455,197,54,236,1844,844,1667,644,1387,1113
525: 
526: 
1551: 843
528: 
529: 523,1410,460,2004,1389,329,1863,1788,1056,303,1236,1426,1422,1097,1981,1500,1018,1434,571
530: 
531: 1970,1701,326,1621,1925,246,1502
532: 
533: 
534: 
1692: 279
536: 523,460,2004,1448,1389,1863,1942,1097,114,520,1018,571
1744: 948,819
1963: 
539: 
1949: 
541: 1456
542: 1076,1239,2012,1327,1149,1834,421,176,495,1885,291,1225,1682,1100,1292,262,1408
543: 666,1707
544: 1718,1632,695,968,2017,1163,1640
1824: 
546: 1147,1746,230,1912,1491,2019,1034,1171,615,282,1510,763,620,1495,296,1401,1765,1799,1025,446
547: 1569,2015,656,1019,1198,173,102,997,1044,1876,1230,140,72,2013,676,941,826,1011,466,179,751,339,315,1266,1865,1687,1828,202,1533,1855
1760: 
1739: 28
1674: 1944,857,1763,737,2003,1170,1471,1213,629,1676,752,335,1638,1046,2002,610,1153,487,323,1103,1027,933,793
551: 260,714
1976: 
1890: 
554: 1565,17,1066
555: 89
1403: 1954
557: 1666,638,1952,748,78,670,61,970,1245,1414,850,1390,2005,868,1838,607,828,1255,1749,1633,646,1458,1007,474
1484: 427,801,1169,93,508,384,1072,2010,1691,1713,1556,1964,32,295,1101,1291,1752,1420,1531,1086,275,80,1053,1641
559: 
560: 450,262,1408,1854,1142,756,1100,2012,1327,1149,1834,176,205,291,1225,1292
561: 1934,1538,1281,2001,437,722,1339,1017,1943,925
562: 274,76,9,1916
563: 43
1954: 1403
565: 1851,1756
566: 1076,1239,284,2012,1327,1149,421,1885,205,1225,450,1854,1142,756
567: 1684
568: 449,1289
1885: 1076,566,542,1239,284,2012,1327,1149,1834,421,176,495,291,1225,1682
1413: 31
571: 523,529,1410,460,2004,1448,1389,329,1863,1056,1422,1097,114,536,520,1018,1434
1517: 1704,211,1060
573: 1499
574: 
1434: 523,529,2004,1389,1788,1422,1097,1500,571
576: 
577: 
578: 
579: 427,801,328,508,19,1072,2010,1713,1964,1347,32,1101,727,1531,430,275
580: 
581: 
1559: 2011,218,1285,731,492,778,923
583: 
584: 
585: 1462,1373
586: 1293,662,1523,1278,1780,747,1428,1120,2009,503,592,477,926,1102,1647,1918,1083,461,1071,1145
1667: 916,2000,195,197,54,236,1844,524,1806
588: 1240,1944,857,1763,2003,1170,1471,752,1294,1638,1843,2002,1036,323,1027,933
1402: 
1696: 1093
1953: 935
592: 1293,662,1523,1278,1780,747,1428,1120,2009,586,503,926,1102,1647,1918,1083,461,1071,1145,1658
593: 
594: 1283
1712: 1329,1131
596: 1777,1497
597: 
598: 995,1664
599: 624,510,1177,1378
600: 
1711: 
602: 
603: 808,227,480
604: 
605: 774,1809
606: 
607: 1245,993,1414,798,65,850,1390,465,2005,868,1892,1838,1878,828,777,1255,1749,1633,646,1458,1007,474,557,1666,638,1952,748,670,61,970
1867: 1147,1746,230,998,1491,2019,1171,615,282,1510,620,296,1401,1765,1025,446,376
1561: 
610: 1944,1674,857,1763,737,2003,1170,1213,629,1676,335,1294,1638,1046,1843,2002,487,323,1103,933,793
611: 
1726: 
1539: 
1669: 109
615: 1746,230,1912,1491,2019,1171,282,1510,763,620,1495,296,1401,1765,1867,546,1799,1025,446,376
616: 1438,263,1582
617: 1410,166,2004,329,1056,303,1236,1426,1981
618: 1493
619: 10,1919
620: 1147,1746,230,998,1912,1491,2019,1034,1171,615,282,1510,763,1495,296,1401,1765,1867,546,1799,1025,446,376
621: 287,1250,1584,1969,1048,1167,634,1715,53,817,917,1984,1837,319,1618,2016,1926,1797
622: 
1812: 
624: 599,510,1177,1378
625: 
626: 
2009: 1293,662,1523,1278,1780,747,1428,1120,586,503,1023,592,477,926,1102,1647,1918,1083,461,1071,1145,1658
628: 
629: 1240,1944,1674,857,1763,737,2003,1170,1471,1213,1676,335,1294,1638,1046,1843,2002,1036,610,487,323,1103,933
1414: 1245,850,1390,465,2005,868,1892,1838,1878,607,777,1255,1749,1633,646,1458,474,557,1666,670,61,970
1769: 
632: 312,786
1497: 596,1777,1751
634: 287,1250,1584,1969,1048,621,1167,712,1715,1368,817,917,1984,981,319,1618,2016,1926,1797
635: 
1927: 710
637: 1369,1958,213
638: 557,1666,1952,748,78,670,61,970,1245,2005,607,1749,1458,474
1683: 1457,704,1069,470,1146,800,1229,2014,1208,812,1099,1166,1,1445,1200,1609,66,1902,1393,1047,385,1111,825,193
1542: 
641: 
1615: 
1855: 2015,656,1019,1198,173,102,997,1044,547,2013,676,826,466,179,751,339,315,1266,1865,1687,1828,202,1533
644: 916,2000,660,195,1455,197,54,236,1844,844,524,1387,1549,1113
645: 
646: 993,1414,798,65,850,1390,2005,868,607,828,1255,1749,1633,1458,1007,474,557,1666,1952,748,670,61,970
647: 
1656: 
649: 394
650: 1342
651: 
652: 
653: 1158,1740
1573: 
655: 
656: 2015,1019,173,102,1044,547,2013,676,1011,466,179,751,315,1266,1828,202,1533,1855
657: 276,1776,1052,1608
1633: 1245,993,1414,798,65,850,1390,2005,868,1892,1838,1878,607,828,777,1255,1749,646,1458,1007,474,557
659: 
660: 2000,1455,197,844,524,644,1387,1549
661: 1271,1822,1159,1257,1191,409,1391,1759,1807,281,464,353,2008,325,473,1451,1894,1261,1248,1600,1381,121,1482
662: 1293,1278,1780,747,2009,586,503,1023,592,477,926,1647,1918,1083,461,1071,1145
663: 
664: 1695
1488: 
666: 1707,543
667: 
668: 
669: 840,1520
670: 557,1666,638,1952,748,78,61,970,1414,2005,607,828,1255,1749,646,1458,474
671: 
1912: 1746,230,1491,2019,1034,1171,615,282,1510,763,620,1495,1401,1765,546,1799,1025
673: 1114,1322,1201,1381,401,1526,121,741,1482,1822,1159,1257,409,1391,353,2008,1261,1248
1765: 1746,230,1912,1491,2019,1034,1171,615,282,1510,763,620,1495,1401,1867,546,1799,1025,446,376
675: 223
676: 1569,2015,656,1019,1198,173,102,997,1044,547,1876,1230,140,72,2013,941,826,1011,466,179,751,339,315,1266,1865,1687,1828,202,1533,1855
1572: 1755
678: 
679: 
1541: 
681: 1090,1979
1776: 657,276,1052,1608
683: 1341
684: 
1511: 
1969: 287,1250,1584,1048,621,1167,634,1618,2016,1797
687: 
1778: 
1840: 
690: 1094,105,225
1694: 
692: 
1616: 280,356,2001,1943,1753,925,30
1446: 
695: 1882,1908,1632,968,2017,1930,1718,544,1163,1640
696: 16
1874: 
698: 
699: 
1491: 1147,1746,230,998,1912,2019,1034,1171,615,282,1510,763,620,296,1401,1765,1867,546,1799,1025,446,376
1584: 287,1250,1969,1048,621,1167,634,1715,917,1984,319,1618,2016,1797
702: 1264,1315
703: 771
704: 1457,470,1146,800,1004,1548,2014,1208,1546,812,1099,1166,1,1445,1200,1609,66,1597,1902,310,1393,1047,385,707,1111,1338,825,1683,193
705: 
706: 
707: 704,470,1146,1004,1548,2014,1208,1546,66,1597,1902,1047,385,1338,825,193
708: 
709: 
710: 965,1927
711: 
712: 1715,53,1368,817,1984,1626,44,981,319,1618,2016,1016,1926,1797,1048,634,1363
713: 
714: 551,1581,260
715: 1037
1876: 1569,2015,1019,1198,173,102,1044,547,1230,140,2013,676,941,826,1011,179,1687,1828,202
717: 1915
1420: 427,801,508,2010,1691,1713,1484,1556,32,295,1101,1291,1752,1531,80,1053,1641
1944: 1240,1674,857,1763,737,2003,1170,1471,629,588,752,335,1294,1638,1046,1843,2002,1036,610,487,323,1027,933
1642: 1156
721: 15
722: 467,1934,1538,1281,2001,299,561,437,1339,1017,1943,925
1734: 
724: 1051,103,405,208,1232,1909,1536,994,930
1579: 
726: 
727: 427,801,328,1169,93,1072,579,2010,1713,34,1964,1347,1129,1101,430,1717,275
1613: 
1472: 175
1704: 211,1517,1060
731: 1559,2011,218,1285,492,1860,1845,778,1849,923
732: 759,285,977,1650,106
1933: 
734: 833
735: 
736: 
737: 1240,1944,1674,857,1763,2003,1471,629,335,1294,1638,1046,1843,2002,1036,610,487,323,933
738: 
739: 
740: 399,1160,1795
741: 1114,673,1322,1201,1555,1381,1526,1482,1822,1159,1191,409,1391,1807,281,1380,2008,1894,1248,1600,1819
1549: 1113,2000,660,1455,197,54,844,644,1387
1429: 438,1775
1591: 
1982: 
1567: 
747: 1293,662,1523,1278,1780,1428,1120,2009,586,503,1023,592,477,926,1102,1647,1918,1083,461,1071,1145,1658
748: 557,1666,638,1952,78,670,61,970,65,2005,607,828,1255,646,1458,474
1408: 450,560,262,1854,1142,1682,1100,1076,542,2012,1327,1149,1834,176,291,1225,1292
750: 1300,1308
751: 2015,656,1019,173,102,1044,547,2013,676,466,179,339,315,1865,1687,1828,202,1533,1855
752: 1240,1944,1674,857,1763,2003,1170,1471,1213,588,1676,335,1638,1046,1843,2002,1036,1153,323,1027,933,793
753: 1151,1061
754: 
755: 
756: 450,560,262,1854,1142,566,1239,284,2012,1327,1149,421,205,1225
1606: 758
758: 1606
759: 285,977,732,1650,106
1684: 567
761: 
762: 
763: 1746,230,1912,1491,2019,1034,1171,615,282,1510,620,1495,296,1401,1765,546,1799
764: 
765: 
766: 
767: 1310
1846: 
769: 
1445: 1457,704,1069,470,1146,800,1229,1548,2014,1208,1546,812,1099,1166,1,1200,1609,66,1597,1902,310,1047,385,431,1111,825,1683,193
771: 703
772: 
773: 1932,1645,922,2018,309,135,1550,100,1059
774: 605
775: 
1880: 
777: 1245,993,1414,798,850,1390,465,2005,868,1892,1838,1878,607,828,1255,1749,1633,1458,1007,474,970
778: 1860,1845,1849,923,1559,2011,218,1285,731,492
779: 
780: 1024
781: 
1705: 
783: 
784: 1811,1026
1785: 
786: 312,632
787: 1037
788: 
789: 
790: 
791: 
792: 
793: 1674,1763,2003,1170,1213,1676,752,335,1638,1046,2002,610,1708,1153,323,1103,1027
794: 858,1835,304
795: 58
796: 
797: 1218,444,1993
798: 993,65,850,2005,868,1838,1878,607,828,777,1255,1633,646,1007,474
799: 
800: 1457,704,1069,470,1146,1229,1548,2014,812,1099,1166,1,1445,1200,1609,66,1902,310,1393,1047,385,1111,825,1683,193
801: 427,328,1169,93,508,19,384,1072,579,2010,1691,1713,1484,34,1556,1964,1347,32,1129,295,1101,1291,727,1420,1531,430,1717,1086,275,80,1641
1917: 
1502: 246,531,1701,1621
1609: 1457,704,800,2014,1546,812,1166,1445,1200,66,310,1393,1047,385,1111,825,1683,193
1919: 619,10
806: 
1631: 
808: 603,330,227,480
809: 
810: 
1571: 
812: 1457,704,800,1548,2014,1546,1166,1,1445,1200,1609,66,1597,310,1047,385,1683,193
813: 
814: 
1849: 1860,1845,778,923,2011,218,1285,731,492
816: 
817: 712,53,1368,917,1984,1626,1837,44,981,319,1618,2016,1016,1926,1797,287,1250,621,634
818: 1162,16,1134
819: 1744,1385
1802: 
1533: 1569,2015,656,1019,173,102,997,1044,547,140,2013,676,941,826,1011,466,179,751,315,1266,1828,202,1855
822: 
1898: 919
824: 
825: 1457,704,470,1146,800,1004,1548,2014,1208,1546,1099,1166,1445,1609,66,1902,1393,1047,385,707,1111,1338,1683,193
826: 1569,2015,1019,1198,102,997,1044,547,1876,1230,72,2013,676,941,466,339,315,1266,1865,1687,1828,202,1533,1855
827: 1379,1841
828: 993,798,65,850,1390,2005,868,1838,1878,607,777,1255,1749,1633,646,1458,1007,474,557,1666,1952,748,670,970
1975: 346
830: 
1608: 657,276,1776,1052
832: 1098,1862
833: 734
834: 235,1612
835: 1955
836: 521,152
1942: 166,2004,1448,1389,11,1863,114,536,520,1018
2016: 712,1715,53,1368,817,917,1984,1626,1837,44,981,319,1618,1016,1926,1797,287,1250,1584,1969,1048,621,1167,634,1363
839: 
840: 669,1520
841: 2007,842,1698,1901,1161,1665,2006,972,74
842: 2007,1698,1901,841,1161,1665,1758,249,1910,2006,972,1039,74
843: 1551
844: 2000,660,195,1455,197,54,236,1844,524,644,1387,1549,1113
1844: 916,2000,195,1455,197,54,236,844,1667,524,644,1387,1806,1113
1690: 
1843: 1240,1944,857,1763,737,2003,1170,1471,629,588,752,335,1294,1638,1046,2002,1036,610,1153,323,1027,933
848: 
849: 
850: 1245,993,1414,798,65,1390,465,2005,868,1892,1838,1878,607,828,777,1255,1749,1633,646,1458,1007,474,557,1666,61,970
851: 1304,1654
1569: 2015,1019,1198,997,1044,547,1876,1230,140,72,2013,676,941,826,339,315,1266,1687,1828,202,1533
1891: 
1507: 
855: 
1691: 427,801,1169,93,508,384,1072,2010,1713,1484,34,1556,1964,1129,1101,1291,1420,1531,1717,1086,275,80,1641
857: 1240,1944,1674,1763,737,2003,1170,1471,629,588,1676,752,335,1294,1638,1046,1843,2002,1036,610,487,323,1027,933
858: 1603,794,1835
859: 1151,1061
1848: 
1503: 1639
862: 1486,1089
863: 
864: 1614,1787
865: 1277,1183
1747: 238,250
2019: 1147,1746,230,998,1912,1491,1034,1171,615,282,1510,763,620,1495,296,1401,1765,1867,546,1799,1025,446,376
868: 1245,993,1414,798,65,850,1390,2005,1892,1838,1878,607,828,777,1255,1749,1633,646,1458,1007,474,557,1952,61,970
869: 1603,408,1224
870: 
1595: 
872: 1136
1585: 1185,1643,48,245,454
874: 498
1934: 280,467,133,1538,1228,1281,2001,299,561,437,722,1339,29,1017,1943,375,1897,925,1075
876: 
1852: 
878: 
1440: 
880: 
1887: 1469,1932,1645,2018,309,135,1550,387
882: 
2018: 1469,1932,1887,1645,922,309,135,1550,100,773,1431,387,1059
1492: 1309
885: 
1560: 240
1836: 
1508: 
889: 
1698: 2007,842,1901,841,1161,1665,1758,249,1910,2006,972,1039,74
891: 1524,398,1399
1918: 662,1278,1780,747,1120,2009,586,503,1023,592,926,1102,1647,1083,461,1071,1145,1658
893: 
894: 486
1421: 
1921: 
897: 
898: 
899: 
1714: 111
1448: 523,460,166,2004,1389,11,1863,303,1426,1942,1097,114,536,520,1018,571
902: 
1506: 
1510: 1147,1746,230,1912,1491,2019,1034,1171,615,282,763,620,296,1401,1765,1867,546,1799,1025,446,376
905: 157
906: 1962
907: 
908: 
1450: 
910: 
1536: 1232,1909,52,994,930,724,1051,405,208
912: 103,416,1956,983
1676: 1674,857,1763,2003,1170,1471,1213,629,752,335,1638,1046,2002,610,1708,1153,487,323,1103,1027,933,793
1792: 
915: 
916: 2000,195,197,54,236,1844,1667,644,1806
917: 1368,817,1984,1837,319,1618,2016,1926,287,1250,1584,621,634
918: 
919: 1898
920: 1317
1900: 
922: 1469,1932,1645,2018,309,1550,100,773,1431,1059
923: 1860,1845,778,1849,1559,2011,218,1285,731,492
1526: 1114,673,1322,1201,1555,1381,121,741,1482,1822,1159,1257,1807,281,353,1380,2008,1248,1600,1819
925: 280,1934,1538,356,1281,2001,299,561,437,722,1339,29,1017,1943,375,1753,1616
926: 662,1278,747,2009,586,503,1023,592,1102,1647,1918,1083,461,1071,1145,1658
1788: 529,1410,2004,329,1236,1422,1981,1500,1434
928: 
2007: 842,1698,1901,841,1161,1665,1758,249,1910,2006,972,1039,74
930: 1232,1909,1536,994,724,1051,103,405,208
931: 493,343
932: 1110,1498,1607
933: 1240,1944,1674,857,1763,737,2003,1170,1471,629,588,1676,752,335,1294,1638,1843,2002,1036,610,1153,487,323,1027
934: 1662,1091
935: 1953
1509: 
937: 
938: 311,481
1713: 427,801,328,1169,93,508,19,384,1072,579,2010,1691,1484,1556,1964,1347,32,1129,295,1101,1291,727,1752,1420,1531,430,1717,1086,275,80,1053
1804: 
941: 1569,2015,1019,1198,173,102,997,1044,547,1876,1230,140,72,2013,676,826,1011,179,315,1266,1828,202,1533
942: 394
1746: 1147,230,998,1912,1491,2019,1034,1171,615,282,1510,763,620,1495,296,1401,1765,1867,546,1799,1025,446,376
1531: 427,801,1169,93,508,19,1072,579,2010,1691,1713,1484,1556,1964,32,1101,1420,430,275
1640: 1163,1632,695,968,2017,1718,544
946: 
1486: 862,1089
948: 1744
1998: 
1822: 1159,1257,1191,409,1391,1759,1807,281,464,353,2008,1451,1894,1261,1248,661,1600,1819,1114,673,1322,1201,1381,401,1526,121,741,1482
951: 
952: 259
1990: 992,1094,1913
954: 
955: 1772
956: 
1830: 1087,1112
958: 133,1228,2001,299,117,29,375,1897,1753,1075,358
1959: 
960: 
2000: 916,660,195,1455,197,54,236,1844,844,1667,524,644,1387,1806,1549,1113
1453: 
963: 
1958: 1369,213,637
965: 710
966: 
1763: 1240,1944,1674,857,737,2003,1170,1471,1213,629,588,1676,752,335,1294,1638,1046,1843,2002,1036,610,487,323,1103,1027,933,793
968: 1882,1908,1632,695,2017,1930,1718,544,1163,1640
969: 
970: 557,1666,638,1952,748,78,670,61,1245,1414,850,2005,868,1892,1838,607,828,777,1255,1749,646,1458,1007,474
971: 
972: 1758,249,1910,2006,1039,74,2007,842,1698,1901,841,1161,1665
973: 
1955: 835
1782: 63
1643: 1185,48,245,1585
977: 759,285,732,1650,106
978: 
979: 
980: 
981: 712,53,1368,817,1626,1837,44,319,1618,2016,1016,1926,1797,634,1363
982: 416
983: 912,103,416,1956
1687: 1569,2015,1019,1198,173,102,997,547,1876,1230,72,2013,676,826,751,339,1865,1828,202,1855
1664: 995,598
1862: 1098,832
1866: 
1498: 153,1607,932,1110
1519: 1306,215
990: 
2015: 1569,656,1019,1198,173,102,997,1044,547,1876,1230,140,72,2013,676,941,826,1011,466,179,751,339,315,1266,1865,1687,1828,202,1533,1855
992: 1990,1913
993: 798,65,850,1390,2005,868,1892,1878,607,828,777,1255,1633,646,1458
994: 1232,1909,1536,930,724,1051,103,1956
995: 1664,598
996: 
997: 1569,2015,1019,1198,1044,547,1230,72,2013,676,941,826,466,339,315,1266,1865,1687,202,1533,1855
998: 1147,1746,1491,2019,620,296,1401,1867,446,376
999: 288
1819: 1271,1822,1159,1191,1759,1807,281,1380,2008,1894,1248,1600,1322,1201,1555,1526,741
1794: 
1002: 258,371,1244
1483: 
1004: 704,470,1146,1548,2014,1208,1546,66,1597,385,707,1338,825,193
1610: 1703
1703: 1610
1007: 1245,798,850,2005,868,1838,607,828,777,1255,1749,1633,646,1458,474,557,1952,78,970
1554: 
1009: 
1010: 
1011: 2015,656,173,102,1044,547,1876,140,2013,676,941,179,1828,1533
1442: 
1441: 
1014: 
1015: 
1016: 712,1715,53,1368,817,1626,1837,44,981,319,1618,2016,1926,1797,1363
1017: 467,133,1934,1538,1228,1281,2001,299,561,437,722,1339,29,1943,1897,925,1075
1018: 523,529,1410,460,166,2004,1448,1389,329,11,1863,1056,303,1236,1426,1422,1942,1097,114,536,1500,520,571
1019: 1569,2015,656,1198,173,102,997,1044,547,1876,1230,140,72,2013,676,941,826,466,179,751,339,315,1266,1865,1687,1828,202,1533,1855
1020: 
1412: 
1022: 
1023: 662,1278,1780,747,2009,503,477,926,1102,1647,1918,1083,461,1071
1024: 780
1025: 1147,1746,230,1912,1491,2019,1034,615,282,1510,620,1495,1401,1765,1867,546,1799,446,376
1026: 784,1811
1027: 1240,1944,1674,857,1763,2003,1170,1471,588,1676,752,335,1638,1843,2002,1153,323,933,793
1028: 185,196
1621: 531,1970,1701,326,246,1502
1030: 
1031: 
1770: 
1033: 1783
1034: 1147,1746,230,1912,1491,2019,1171,1510,763,620,296,1401,1765,546,1799,1025,446
1854: 450,560,262,1408,1142,756,1076,566,1239,2012,1327,1149,421,205,291,1225
1036: 1240,1944,857,1763,737,2003,1471,629,588,752,1294,1638,1843,2002,933
1037: 715,787
1038: 1873
1039: 1758,1910,2006,972,74,2007,842,1698,1901,1161,1665
1040: 
1041: 
1521: 
1043: 
1044: 1569,2015,656,1019,1198,173,102,997,547,1876,1230,140,72,2013,676,941,826,1011,466,179,751,339,315,1266,1828,202,1533,1855
1437: 1067,1723
1046: 1944,1674,857,1763,737,2003,1170,1213,629,1676,752,335,1294,1638,1843,2002,610,1708,1153,487,323,1103,793
1047: 1457,704,1069,470,1146,800,1229,1548,2014,1208,1546,812,1099,1166,1,1445,1200,1609,66,1597,1902,310,1393,385,707,1111,1338,825,1683,193
1048: 287,1250,1584,1969,621,1167,634,712,1715,319,1618,2016,1797
1970: 531,1701,326,1621,1925
1050: 83
1051: 724,103,405,208,1232,1536,994,930
1052: 657,276,1776,1608
1053: 1641,508,384,2010,1713,1484,1556,32,295,1101,1291,1752,1420,80
1054: 
1055: 1108,374,516,155
1056: 529,1410,460,166,2004,329,1863,303,1236,1426,1981,1500,617,1018,571
1620: 158
1487: 
1059: 1469,1645,922,2018,1550,100,773,1431
1060: 1704,211,1517
1061: 753,1151,859
1062: 
1741: 
1064: 
1820: 
1066: 1565,554
1067: 1437,1723
1068: 1504
1069: 1457,1146,800,1229,2014,1099,1166,1,1445,1200,1902,1047,1111,1683
1638: 1240,1944,1674,857,1763,737,2003,1170,1471,1213,629,588,1676,752,335,1294,1046,1843,2002,1036,610,1153,487,323,1103,1027,933,793
1071: 1293,662,1523,1278,1780,747,1120,2009,586,503,1023,592,926,1102,1647,1918,1083,461,1145,1658
1072: 427,801,328,1169,93,19,579,2010,1691,1713,1484,34,1964,1347,1101,727,1531,430,1717,275
1073: 
1074: 
1075: 467,958,133,1934,1228,2001,299,437,117,29,1017,1897,358
1076: 566,542,1239,284,2012,1327,1149,1834,421,176,495,1885,205,291,1225,1682,1100,450,262,1408,1854,1142
1077: 
1841: 1379,827
1079: 
1956: 912,103,416,983,1909,994
1783: 1033
1082: 
1083: 1293,662,1278,1780,747,1428,1120,2009,586,503,1023,592,477,926,1102,1647,1918,461,1071,1145
1438: 616,263
1925: 531,1970
1086: 801,1169,384,2010,1691,1713,1484,34,1556,1347,1129,1101,1291,1717,275,80,1641
1087: 1112,1830
1697: 
1089: 862,1486
1090: 1979,681
1091: 1662,934
1092: 
1093: 1696
1094: 105,690,1990
1095: 
1096: 
1097: 523,529,1410,460,2004,1448,1389,329,1863,1422,114,536,1500,520,1018,1434,571
1098: 832,1862
1099: 704,1069,470,1146,800,1229,1548,2014,1208,1,1445,1200,1902,1047,385,431,1111,1338,825,1683
1100: 1682,1076,542,2012,1327,1834,176,495,291,1292,560,262,1408,1142
1101: 427,801,328,1169,93,508,19,384,1072,579,2010,1691,1713,1484,1556,1964,1347,32,1129,295,1291,727,1752,1420,1531,430,1086,275,80,1053,1641
1102: 1293,1278,1780,747,1428,1120,2009,586,503,1023,592,477,926,1647,1918,1083,1071,1145,1658
1103: 1674,1763,2003,1170,1213,629,1676,335,1638,1046,2002,610,1708,487,323,793
1104: 
1775: 438,1429,359
1106: 
1909: 1232,1536,994,930,724,103,1956
1108: 1055,402,374,516
1109: 
1110: 932,1498,153,1607
1111: 1457,704,1069,470,1146,800,1229,2014,1099,1166,1,1445,1200,1609,1902,1393,1047,385,825,1683,193
1112: 1087,1830
1113: 1549,2000,1455,197,54,1844,844,524,644,1387
1114: 673,1322,1201,1555,1381,1526,121,741,1482,1822,1159,353,2008,1248
1115: 
1116: 
1117: 
1118: 1300,1308
1720: 
1120: 1293,1523,1278,1780,747,1428,2009,586,503,592,1102,1918,1083,1071,1145,1658
1121: 
1122: 
1123: 
1124: 
1834: 1076,542,2012,1327,421,176,495,1885,291,1225,1682,1100,1292,560,262,1408,1142
1126: 
1127: 
1128: 
1129: 801,328,1169,93,384,2010,1691,1713,34,1556,1964,1347,1101,1291,727,1717,1086,275,80
1130: 
1131: 1712,1329
1512: 
1133: 
1134: 818,1162,16
1809: 1259,605
1136: 872
1853: 1527
1831: 
1873: 1038
1140: 273
1141: 
1142: 450,560,262,1408,1854,756,1100,1076,566,2012,1327,1149,1834,421,495,205,291,1225
1143: 
1144: 1673
1145: 1293,662,1523,1278,1780,747,1428,1120,2009,586,503,592,926,1102,1647,1918,1083,1071,1658
1146: 704,1069,470,800,1004,1229,1548,2014,1208,1099,1166,1,1445,1200,66,1597,1902,1047,385,431,707,1111,1338,825,1683
1147: 1746,230,998,1491,2019,1034,1510,620,296,1401,1867,546,1799,1025,446
1148: 
1149: 1076,566,542,1239,284,2012,1327,421,176,1885,205,291,1225,450,560,262,1408,1854,1142,756
1150: 
1151: 753,1061,859
1152: 
1153: 1674,2003,1170,1471,1213,1676,752,335,1638,1046,1843,2002,323,1027,933,793
1748: 
1155: 
1156: 1642,126
1863: 523,529,1410,460,166,2004,1448,1389,329,11,1056,303,1426,1942,1097,114,536,520,1018,571
1158: 653,1740
1159: 1271,1822,1257,1191,409,1391,1759,1807,281,464,353,1380,2008,473,1894,1261,1248,661,1600,1819,1114,673,1322,1201,1555,1381,1526,121,741,1482
1160: 399,1795,740
1161: 2007,842,1698,1901,841,1665,1758,1910,2006,972,1039,74
1162: 818,16,1134
1163: 1640,1632,695,968,2017,544
1818: 
1165: 1398,188,51
1166: 1457,704,1069,1146,800,1229,2014,812,1,1445,1200,1609,66,1902,310,1393,1047,385,1111,825,1683,193
1167: 287,1250,1584,1969,1048,621,634,1715,1984,1618,2016,1797
1168: 
1169: 427,801,93,384,1072,2010,1691,1713,1484,34,1556,1964,1347,1129,1101,1291,727,1531,1717,1086,275,80,1641
1170: 1944,1674,857,1763,2003,1471,1213,629,588,1676,752,335,1294,1638,1046,1843,2002,610,1708,1153,323,1103,1027,933,793
1171: 1746,230,1912,1491,2019,1034,615,282,1510,763,620,1495,296,1401,1765,1867,546,1799
1172: 
1602: 
1174: 
1901: 2007,842,1698,841,1161,1665,2006,972,1039,74
1582: 616
1177: 510,1378,599,624
1433: 
1814: 
1513: 
1981: 529,1410,2004,329,1788,1056,303,1236,1500,617
1182: 
1183: 1277,865
1184: 
1185: 1643,48,245,1585,454
1186: 
1187: 
1895: 
1566: 247
1190: 
1191: 1271,1822,1159,1257,409,1391,1759,1807,281,464,1380,2008,325,473,1451,1894,1261,1248,661,1600,1819,1381,741,1482
1192: 
1193: 
1700: 
1607: 1498,153,932,1110
1456: 541
1197: 
1198: 1569,2015,1019,173,997,1044,547,1876,1230,72,2013,676,941,826,466,339,1266,1865,1687,1828,202,1855
1199: 
1200: 1457,704,1069,1146,800,1229,2014,1208,812,1099,1166,1,1445,1609,66,1902,310,1393,1047,385,1111,1683,193
1201: 1114,673,1322,1555,1381,1526,121,741,1482,1822,1159,409,1391,281,1380,2008,1261,1248,1819
1679: 
1203: 
1637: 
1205: 
1206: 
1592: 
1208: 704,470,1146,1004,1548,2014,1099,1,1445,1200,66,1597,1902,1047,385,431,707,1338,825,1683
1951: 
1210: 
1675: 
1212: 
1213: 1674,1763,2003,1170,1471,629,1676,752,335,1638,1046,2002,610,1708,1153,487,323,1103,793
2013: 1569,2015,656,1019,1198,173,102,997,1044,547,1876,1230,140,72,676,941,826,1011,466,179,751,339,315,1266,1865,1687,1828,202,1533,1855
1215: 
1216: 
1217: 
1218: 797,444,1993
1219: 
1495: 1746,230,1912,2019,1171,615,282,763,620,1765,546,1799,1025,376
1946: 
1222: 
1223: 1398,188
1224: 869,408
1225: 1076,566,542,1239,284,2012,1327,1149,1834,421,495,1885,205,291,1682,450,560,262,1408,1854,1142,756
1226: 
1227: 
1228: 467,958,133,1934,1538,1281,2001,299,117,29,1017,375,1897,1075,358
1229: 1457,1069,1146,800,2014,1099,1166,1,1445,1200,1902,1393,1047,1111,1683
1230: 1569,2015,1019,1198,173,102,997,1044,547,1876,140,72,2013,676,941,826,339,1687,1828,202
1717: 801,328,1169,93,1072,2010,1691,1713,34,1964,1347,1129,727,1086,275
1232: 1909,1536,52,994,930,724,1051,405,208
1837: 53,1368,817,917,1984,1626,44,981,319,1618,2016,1016,1926,621
1234: 
1913: 1990,992
1236: 529,1410,2004,329,1788,1056,303,1426,1981,1500,617,1018
1721: 
1924: 
1239: 1076,566,542,284,2012,1327,1149,421,176,495,1885,205,291,1225,450,262,1854,756
1240: 1944,857,1763,737,2003,1471,629,588,752,1294,1638,1843,2002,1036,323,1027,933
1241: 1851,1756
1401: 1147,1746,230,998,1912,1491,2019,1034,1171,615,282,1510,763,620,296,1765,1867,546,1799,1025,446,376
1243: 
1244: 1002,258,371
1245: 1414,850,1390,465,2005,868,1892,1838,1878,607,777,1255,1749,1633,1458,1007,474,557,1666,638,61,970
1627: 
1247: 182,1655
1248: 1271,1822,1159,1257,1191,409,1391,1759,1807,281,353,1380,2008,1894,1261,661,1600,1819,1114,673,1322,1201,1555,1381,1526,121,741,1482
1474: 
1250: 287,1584,1969,1048,621,1167,634,1715,1368,817,917,1984,319,1618,2016,1926,1797
1251: 
1252: 
1597: 704,470,1146,1004,1548,2014,1208,1546,812,1,1445,66,310,1047,385,707,1338,193
1254: 
1255: 1245,993,1414,798,65,850,1390,2005,868,1892,1838,1878,607,828,777,1749,1633,646,1458,1007,474,557,1666,1952,748,670,61,970
1256: 
1257: 1822,1159,1191,409,1391,1759,1807,281,464,353,2008,325,473,1451,1894,1261,1248,661,1600,673,1381,401,1526,121,1482
1258: 414
1259: 1809
1260: 
1261: 1822,1159,1257,1191,409,1391,1759,1807,281,464,353,2008,325,473,1451,1894,1248,661,1600,673,1201,1381,401,121,1482
1979: 1090,681
1518: 
1264: 702,1315
1645: 1469,1932,1887,922,2018,309,135,1550,100,773,1431,387,1059
1266: 1569,2015,656,1019,1198,102,997,1044,547,72,2013,676,941,826,466,339,315,1865,202,1533,1855
1267: 
1268: 
1269: 
1915: 717
1271: 1159,1191,1759,1807,281,1380,2008,473,1894,1248,661,1600,1819
1272: 
1943: 280,1934,1538,356,1281,2001,561,722,1339,29,1017,375,1753,1616,925
1274: 
1275: 
1276: 
1277: 1183,865
1278: 1293,662,1523,1780,747,1428,1120,2009,586,503,1023,592,477,926,1102,1647,1918,1083,461,1071,1145
2010: 427,801,328,1169,93,508,19,384,1072,579,1691,1713,1484,34,1556,1964,1347,32,1129,295,1101,1291,727,1752,1420,1531,430,1717,1086,275,80,1053,1641
1280: 
1281: 280,467,1934,1538,1228,356,2001,299,561,437,722,1339,29,1017,1943,375,1897,925
1894: 1271,1822,1159,1257,1191,409,1391,1759,1807,281,464,1380,2008,325,473,1261,1248,661,1600,1819,741
1283: 594
1875: 
1285: 1559,2011,218,731,492,1860,1845,778,1849,923
1286: 478
1463: 235,1612
1288: 
1289: 568
1290: 
1291: 427,801,1169,508,384,2010,1691,1713,1484,1556,1347,32,1129,295,1101,1752,1420,430,1086,80,1053,1641
1292: 1100,542,2012,1327,1834,176,450,560,262,1408
1293: 662,1523,1278,1780,747,1428,1120,2009,586,503,592,477,1102,1647,1083,1071,1145
1294: 1240,1944,857,1763,737,2003,1170,629,588,335,1638,1046,1843,2002,1036,610,487,933
1295: 
1296: 
1800: 
1932: 1469,1887,1645,922,2018,309,135,1550,773,387
1299: 
1300: 1308,750,1118
1301: 
1302: 
1303: 
1304: 851,1654
1305: 
1306: 215,1519
1987: 
1308: 1300,750,1118
1309: 1492
1310: 767
1677: 
1312: 
1313: 
1496: 1362
1315: 1264,702
1316: 
1317: 920
1666: 557,638,1952,748,78,670,61,970,1245,1414,850,1390,2005,607,828,1255,1749,646,1458,474
1524: 891,398,1399
1320: 
1708: 2003,1170,1213,1676,335,1046,2002,1103,793
1322: 1114,673,1201,1555,1381,1526,741,1482,1822,1159,281,2008,1248,1819
1593: 
1957: 
1325: 
1908: 1882,1632,695,968,2017,1930,1718
1327: 1076,566,542,1239,284,2012,1149,1834,421,176,495,1885,205,291,1225,1682,1100,1292,450,560,262,1408,1854,1142,756
1522: 
1329: 1712,12,1131
1330: 
1331: 
1772: 955,22
2012: 1076,566,542,1239,284,1327,1149,1834,421,176,495,1885,205,291,1225,1682,1100,1292,450,560,262,1408,1854,1142,756
1556: 427,801,1169,508,384,2010,1691,1713,1484,1964,1347,32,1129,295,1101,1291,1752,1420,1531,430,1086,80,1053,1641
1335: 468
1336: 
1600: 1271,1822,1159,1257,1191,409,1391,1759,1807,281,353,1380,2008,473,1451,1894,1261,1248,661,1819,1381,1526,741
1338: 704,470,1146,1004,1548,2014,1208,1546,1099,66,1597,1902,1047,431,707,825
1339: 280,1934,1538,1281,2001,299,561,437,722,29,1017,1943,1753,925
1793: 
1341: 683
1342: 650
1807: 1271,1822,1159,1257,1191,409,1391,1759,281,464,353,1380,2008,325,473,1451,1894,1261,1248,661,1600,1819,1381,1526,741,1482
1344: 
1345: 62
1603: 869,858
1347: 427,801,328,1169,93,508,384,1072,579,2010,1713,34,1556,1964,32,1129,295,1101,1291,727,430,1717,1086,275,80
1935: 
1349: 
1632: 1882,1908,695,968,2017,1930,1718,544,1163,1640
1351: 
1964: 427,801,328,1169,93,508,19,1072,579,2010,1691,1713,1484,1556,1347,32,1129,1101,727,1531,430,1717,275
1455: 2000,660,195,197,54,1844,844,524,644,1387,1549,1113
1777: 596,1497,1751
1355: 
1356: 36
1357: 
1358: 243
1359: 
1668: 
1361: 389
1362: 1496
1363: 712,1715,53,1368,1626,44,981,1618,2016,1016,1926,1797
1529: 380,81
1365: 
1366: 
1850: 
1368: 712,1715,53,817,917,1984,1626,1837,44,981,319,1618,2016,1016,1926,1797,1250,634,1363
1369: 1958,213,637
1370: 
1371: 
1665: 2007,842,1698,1901,841,1161,249,1910,2006,972,1039
1373: 1462,585
1459: 
1375: 
1655: 182,1247
1626: 712,53,1368,817,1837,44,981,2016,1016,1926,1363
1378: 510,1177,599,624
1379: 827,1841
1380: 1271,1159,1191,1391,1759,1807,281,2008,1894,1248,1600,1819,1201,1555,1526,741
1381: 1114,673,1322,1201,401,1526,121,741,1482,1822,1159,1257,1191,409,1391,1807,281,353,2008,1451,1261,1248,661,1600
1382: 
1796: 
1952: 557,1666,638,748,78,670,61,970,65,2005,868,607,828,1255,646,1458,1007,474
1385: 819
1386: 
1387: 2000,660,1455,197,54,1844,844,524,644,1549,1113
1388: 
1389: 523,529,460,166,2004,1448,1863,1422,1942,1097,114,536,1500,520,1018,1434,571
1390: 1245,993,1414,65,850,465,2005,868,1892,1838,1878,607,828,777,1255,1749,1633,646,1458,474,557,1666,61
1391: 1822,1159,1257,1191,409,1759,1807,281,464,1380,2008,325,473,1894,1261,1248,661,1600,673,1201,1381,121,741,1482
1392: 
1393: 1457,704,800,1229,2014,1166,1200,1609,1902,310,1047,385,1111,825,1683,193
1394: 
1395: 322
1781: 
1523: 1293,1278,1780,747,1428,1120,2009,586,503,592,1071,1145
1398: 188,1165,1223
1399: 891,1524,398