1758: 997,1776
1: 1457,1902,1338,1393,2014,1548,385,310,707,825,1546,1597,1099,1609,898
2: 645,937,1871,1787
3: 51,1373
1803: 1118
1926: 712,621,1048,1368,319,1167,2016,44,1626,917,1584,634,226,1618,53,1715,1250,1016,287
6: 
7: 484,1061
1797: 
9: 
10: 
11: 529,2004,1434,114,1056,520,523,577,1448,166,1981,1426,329,460,1389,1422
12: 
1756: 1580,539
1865: 1011,315,72,1266,2015,2013,202,1019,1198,1230,1044,1569,173,826,547
15: 824,876,428,519
16: 1306,726
17: 1057,1106
18: 1940,1420
19: 34,1101,1053,1556,1641,2010,1086,1484
20: 
21: 1052
22: 
23: 
24: 26
25: 
26: 164,24
1910: 1161,2006,1039,972,74,1698,2007,249,1665
28: 
29: 
30: 
31: 
32: 34,1101,1053,1169,1556,430,1752,2010,1717,1484,727,508,1531
33: 
34: 1101,1053,19,1556,430,1752,32,2010,1086,1484,1531
35: 928,59,1444
36: 
37: 
38: 
39: 1629,386,1312,1491
40: 
41: 1320
42: 
43: 
44: 1048,319,2016,1926,1626,917,634,226,1618,1715,1250
45: 
46: 
1759: 353,426,99,1050
48: 
49: 
50: 
51: 3,1373
52: 1192,290
53: 712,621,1167,2016,1926,917,634,226,1715,1250,1016,287
54: 844,1455,2000,197,660,644,916,236,195,1844
55: 1319,530
56: 1362,121,1679
1860: 
58: 945
59: 928,35,1804,1444
60: 424
61: 
62: 1232
63: 1094,1115
64: 
65: 828,1878,638,451,1838,1666,1892,2005,1255,1245,1414,850,1749,1633,798,1390
66: 1457,1902,1069,1146,1111,1393,2014,431,193,1548,385,310,707,825,1546,1166,812,1099,1683,1609
67: 
68: 932,1105,652
69: 
1972: 
71: 
72: 315,1266,2015,2013,1019,1198,1230,1044,1569,173,826,1865,1011,547,676
73: 1876,429,1770,751
74: 1161,2006,1910,1039,972,1698,2007,249,1665
75: 
76: 1730
77: 
78: 
79: 
80: 363
81: 534,1779,1241
82: 1879,1072,1439
83: 
1989: 
85: 955,263,1009
86: 
87: 1805,130,167,1755
88: 
89: 
90: 1818
91: 
92: 1590
93: 363
94: 
95: 1206
1916: 759,1554
97: 635,606,1915,996,783
98: 
99: 353,1759,426,1050
100: 1932,922,1887,135,2018,773,1059,387,1550
101: 
102: 
103: 665,614,1536
104: 
105: 
106: 1699
1774: 
108: 1673,1437
109: 
110: 1829,1610
111: 527
112: 
1754: 
114: 529,2004,1056,520,577,1448,1018,166,11,1236,1981,1426,1863,460,1389,1422
115: 2003,1471,1153,1763,1036,610,299,857,323,1027
116: 
117: 356,1281,1538,860,1058,1934,1616,2001,335,375
118: 
119: 
120: 1962
121: 56,1679
122: 
123: 
124: 
125: 
126: 
127: 
128: 1202,1439,1879,1072
129: 
130: 810,1805,167,87,1755
131: 1264,1407,858
132: 
133: 711,432
134: 271,841
135: 922,1887,1645,1431,2018,309,773,1059,387,1550,1932,100
136: 
137: 
138: 
139: 
140: 
141: 1704
142: 
1787: 645,937,2,1871
144: 
1842: 
146: 
147: 1592,1809,279
148: 
1801: 
150: 
151: 300,1096
152: 892
153: 1043
1768: 
155: 
156: 675,1864,244
157: 
158: 
159: 
160: 257,886,1441
1753: 1616,2001,1337,1075,685,335,375,1428,1934
162: 1152
163: 931,681,1449,1168
164: 26
165: 1783,664,625,1664
166: 1097,529,2004,1434,114,1056,520,577,1448,1018,11,1981,1426,1410,1863,329,460,1389,1422
167: 1805,130,87,1755
168: 
169: 944
170: 
1828: 667,1552
172: 378,1020
173: 315,72,1266,2015,2013,202,1019,1198,1230,1044,1569,826,1865,1011,547,676
2004: 1097,529,1434,114,1056,520,523,1942,577,1448,1018,166,11,1236,1981,1426,617,1410,1863,329,460,1389,1422
175: 
176: 
1767: 406,1697,1999,1668
178: 995
179: 
2003: 793,1471,1153,1763,1036,115,610,299,857,323,1027
2002: 1708,1170,588,1103,1638,737,1213,865,1944,933,1729,752,1843,629
182: 1655
183: 
184: 1206
185: 
186: 
2008: 1191,1451,1322,1600,1159,409,1482,1555,1257,325,1248,1114,1822,1894,1261,1271,741,281,661,401
188: 1982
1823: 1038
1878: 828,638,451,1666,465,65,1892,2005,1255,646,1414,850,1749,1633,798,1390,868,1007
191: 944
192: 
193: 1457,1338,1393,2014,431,385,310,66,825,1546,1166,812,1597,1099,1609
194: 
195: 844,1455,2000,524,197,660,54,644,916,236,1844
196: 
197: 844,1455,2000,524,660,54,644,916,236,195,1844
198: 1612
199: 
200: 
201: 
202: 315,1266,2015,2013,1019,1198,1230,1044,1569,173,826,1865,676
203: 721,1696,519,1593
204: 580,1835
205: 566,284,1408,1854,1225,262,756,2012,1292,1834,291,1100,1149,450,1885
206: 
1779: 81,534,1241
208: 235
209: 808
210: 973,1509,1299,1588
211: 1060,1840
212: 
213: 1917,787
214: 864
215: 
1869: 
217: 
218: 
219: 1062
220: 
2001: 1616,1753,1337,1075,685,335,375,722,561,1058,467,1428,1228,1934,958,1897,356,1281,1538,117,860
222: 1685
223: 
224: 238
225: 742
226: 712,621,1048,1368,319,1167,2016,44,1926,1626,917,1584,634,1618,53,1715,1250,1016,287
227: 
228: 1223,1637
229: 
230: 1272
231: 
232: 
233: 
234: 
235: 208
236: 844,1455,2000,524,197,660,54,644,916,195,1844
237: 383
238: 224
239: 
240: 651
241: 1772
242: 
243: 
244: 675,1864,327,156,1028
245: 
246: 
247: 1220
248: 
249: 1161,2006,1910,1039,972,74,1698,2007,1665
250: 
251: 897
1780: 1145,1102,586,1658,477,747,1647,1071,1523,2009,1278,1023,926,1083,1918
1799: 
254: 
255: 572,541
256: 1190,1719,1151,1813,942,655
257: 160,886,1441
258: 
259: 
260: 919,1769,551
261: 
262: 566,1408,1854,1225,756,2012,1292,1834,291,1100,1149,1885,205
263: 955,1009,85
264: 1129,840
265: 1497
266: 
267: 1603,1349
268: 739,1795
269: 
270: 
271: 134,841
1914: 
273: 
274: 
275: 555,1684,369,744
276: 795,1137,1886
277: 
278: 
279: 147,1592,1809,1900
280: 1675
281: 1191,1451,1322,1600,2008,1159,409,1482,1555,1257,325,1248,1114,1822,1894,1261,1271,741,661,401
282: 546,1147,2019,1171,1025,1034,1912,296
1962: 120
284: 1408,1854,1225,756,2012,291,1100,450,1885,205
285: 1990
286: 
287: 712,621,1368,1167,2016,1926,1626,917,1584,226,1618,53,1715,1250,1016
288: 1617,408,526
289: 1008
290: 1192,52
291: 284,1408,1854,262,756,2012,1292,1834,1100,450,1885,205
292: 1246,1966,604
293: 
294: 479,899,1723
295: 
296: 1034,1912,615,546,1147,1401,2019,282,1171,1025,1765
297: 1661,692,1824
298: 
299: 2003,1153,1763,1036,115,323,1027
300: 1096,151
301: 1162,1841,611,1006
302: 
303: 
304: 1143,1711
1795: 739,268
306: 
307: 609,1303,1955
308: 
309: 922,1887,135,1645,1431,2018,773,1059,387,1550
310: 1457,1146,1111,1338,1393,1,2014,431,193,1548,385,66,707,825,1546,812,1597,1099,1609
311: 
312: 
313: 
1930: 1640,2017,1908,1882,1718,695,968,544
315: 72,1266,2015,2013,202,1019,1198,1230,1044,1569,173,826,1865,1011,547,676
316: 
317: 1486,1959
318: 
319: 1048,1167,2016,44,1926,1626,1584,634,226,1618,1715,1250
1974: 
321: 331,1141,1873,469
322: 871
323: 2003,1153,1763,1036,115,299,857,1027
1806: 
325: 1191,1451,1322,1600,2008,1159,409,1482,1114,1894,1261,1271,281,661,401
326: 
327: 1406,675,1864,244,1028
328: 
329: 529,2004,1434,520,577,166,11,1981,1426,1410,460,1389,1422
330: 999,1258
331: 1141,321,1873
332: 
333: 
334: 1263,992,1811,1033,1182
335: 1616,2001,1753,1337,1075,685,375,722,1058,467,1428,1228,1934,1897,356,1281,117
1991: 849,1711
337: 
338: 908
339: 
340: 
341: 
342: 1379
343: 654,1090,1712,1815
344: 
345: 914
346: 
347: 1254,1968
1903: 
1838: 828,638,451,1666,65,1892,2005,1255,1245,1414,850,1633,1390
350: 
351: 531,761
352: 1309,1300,699,1713
353: 1759,426,99,1050
354: 
355: 392,1087,1227
356: 1281,1538,117,860,722,1058,467,1228,1934,1897,1616,2001,335,375
357: 
358: 
359: 
360: 
361: 
1968: 1254,347
363: 93,80
364: 
1835: 580,204
1892: 828,1878,638,451,1838,1666,465,65,2005,1255,646,1245,1414,850,1749,1633,798,1390,868
367: 
1984: 
369: 555,275,744
370: 945
371: 438
372: 
373: 
374: 1123
375: 1616,2001,1753,1337,1075,685,335,1228,1934,356,1281,1538,117
376: 546,1147,1401,2019,1025,1765,1034,615,446
377: 1091
378: 172,1020
379: 1035
380: 818
1966: 1246,292,604
382: 732,402,1121
383: 237
384: 705
385: 1457,1069,1146,1111,1393,1,2014,431,193,1548,310,66,707,825,1546,1166,812,1597,1099
386: 1629,1572,1312,39,1491
387: 922,1887,135,1645,1431,2018,309,773,1059,1550,1932,100
388: 
389: 
390: 
391: 
392: 355,1087,1227
1980: 1539,902,1848
394: 
395: 680,762,1694
396: 
397: 1330,456
398: 
399: 
400: 785
401: 1191,1451,1322,2008,1159,325,1894,1261,1271,281,661
402: 382,732,1121
403: 
1961: 
405: 543,834
406: 1767,1697,1508,1999,1668
407: 714,1301
408: 1617,288,526
409: 1451,1600,2008,1159,1482,1555,1257,325,1248,1114,1822,1894,1261,741,281,661
410: 
411: 1541,1454
412: 587
413: 
414: 1796,935
415: 
416: 
417: 
1751: 702,584,832
419: 
420: 
421: 1327
422: 807,1109,894
423: 782,1650,1109,894
424: 60
425: 
426: 353,1759,99,1050
427: 946,1124,1588,1342,1734
428: 824,876,15,519
429: 1876,1770,73,751
430: 34,1101,1053,1169,1556,1752,32,2010,1086,1717,1484,727,508,1531
431: 1146,1111,1393,2014,193,385,310,66,707,825,1166,812,1597,1099
432: 133,711
433: 1405,1677
434: 1355
435: 
436: 
437: 607
438: 371
1827: 
440: 979,1165
1986: 
442: 
443: 1631
444: 1560,1537
445: 879
446: 1034,1912,615,1147,1401,2019,376,1025,1765
447: 
2006: 1161,1910,1039,972,74,1698,2007,249,1665
449: 
450: 284,1854,756,2012,1292,291,1100,1885,205
451: 828,1878,638,1838,1666,65,1892,2005,1255,646,850,1749,1633,798,1390,868,1007
452: 1252,496,978
1752: 34,1101,1556,430,32,2010,1086,1484,508,1531
454: 
455: 
456: 1330,397
457: 
1825: 
1897: 467,1428,1228,1934,958,722,561,1058,356,2001,335
460: 1097,529,2004,1434,114,1056,520,523,577,1448,166,11,1981,1426,1410,329,1389,1422
461: 1145,1102,1658,477,747,2009,1278,1023,1083,592
462: 1005
1811: 992,1182,334,1263
464: 
465: 828,1878,1666,1892,2005,646,1245,1414,850,1749,1390
466: 941
467: 1428,1228,1934,958,1897,722,561,1058,356,2001,335
468: 
469: 1141,321
470: 
1864: 675,327,244,156,1028
472: 
473: 
474: 1952
1902: 1457,1069,1111,1,2014,1548,66,707,1546,1683
476: 
477: 1780,1145,1102,1658,747,1647,1071,1523,2009,1278,461,1023,926,1083
478: 
479: 294,899,1723
480: 
481: 
1937: 
1882: 1640,2017,1908,1930,1718,695,968,544
484: 7,1061
485: 
486: 
487: 
488: 
1928: 
490: 839
1851: 
492: 1845,1559,2011,1285,923
493: 
494: 
495: 
496: 1252,452,978
1845: 1559,2011,492,1285,731,923
498: 
499: 
500: 
501: 758,1586
1810: 
503: 1120,592,662,1145,1647,2009,1023,1083
1993: 
2017: 1640,1908,1882,1930,1718,695,968,544
506: 
507: 
508: 1556,430,1752,32,2010,1717,1531
509: 
510: 
511: 
512: 
513: 
514: 
2011: 1845,1559,492,1285,731,923
516: 
1881: 
518: 
519: 203,1696,824,876,15,428
520: 1097,529,2004,1434,114,1056,523,577,1448,166,11,1981,1426,617,1410,1863,329,460,1389,1422
521: 1582
522: 1243
523: 1097,529,2004,1434,1056,520,11,617,1410,1863,460,1389,1422
524: 844,1455,2000,197,660,644,916,236,195,1844
525: 
526: 1617,408,288
527: 111
528: 
529: 1097,2004,1434,114,1056,520,523,577,1448,1018,166,11,1981,1426,617,1410,1863,329,460,1389,1422
530: 55,1319
531: 351,761
532: 
533: 1210
534: 81,1779,1241
535: 1490,1419
536: 1620,748,1296
537: 
538: 1398
539: 1756,1580
1949: 1777
541: 255,572,837
542: 
543: 405,834
544: 695,968,1640,2017,1908,1882,1930
1824: 1661,297,1004,692
546: 1147,1401,2019,282,1171,376,1025,1765,1034,1912,296
547: 676,315,72,1266,2015,2013,1019,1198,1569,173,826,1865,1011
548: 
549: 
550: 
551: 919,1769,260
1976: 
1890: 1400,1002,1055
554: 1475
555: 1684,369,275
556: 
557: 
558: 
559: 
560: 1632
561: 722,1058,467,958,1897
562: 
563: 1567
1954: 
565: 1706
566: 1408,1225,262,2012,1834,1100,1149,205
567: 1492,683
568: 1935
1885: 284,1408,1854,262,756,2012,1292,1834,291,1100,450,205
570: 
571: 
572: 255,541
573: 1067
574: 
575: 1404
576: 
577: 529,2004,114,1056,520,1448,1018,166,11,1236,1981,1426,1410,1863,329,460,1389,1422
578: 1766,1525
579: 771,1295,909
580: 204,1835
581: 633,1253
582: 
583: 
584: 1751,702
585: 1907
586: 1780,1145,1658,747,1647,1071,1523,2009,1278,1023,926,1083,1120,662,1918
587: 412
588: 1708,1170,2002,1103,1638,1213,865,1729,1843
1829: 1595,1610,110
1786: 1369,1651
1953: 
592: 1120,662,503,1145,1658,1647,2009,1278,461,1023,1083
593: 
594: 778,960
595: 
596: 
597: 1682
598: 
599: 1493
600: 1126
601: 
602: 
603: 
604: 1246,1966,292
605: 1234,1051,1394
606: 635,1915,996,783,97
607: 437
1867: 
609: 1303,1955,307
610: 2003,793,1471,1763,1036,115,857
611: 301,1162,1841,1006
612: 
613: 970
614: 1536,103
615: 1034,1912,296,446,1147,1401,2019,376,1025,1765
616: 
617: 1097,529,2004,1434,1056,520,523,1942,1236,1410,1863,1389,1422
618: 1530
619: 
620: 
621: 712,1368,1167,2016,1926,1626,917,1584,226,1618,53,1715,1250,1016,287
622: 
1812: 
624: 
625: 165,664,1664
626: 
2009: 1780,1145,1102,586,1658,477,747,1647,1071,1523,1278,461,1023,926,1083,1120,592,662,503,1918
628: 
629: 2002,1944,933,752
630: 
1769: 919,551,260
632: 1979,786
633: 581,1253
634: 319,2016,44,1926,1626,917,226,53,1715,1250
635: 606,996,97
1927: 
637: 1721,1421,1740
638: 828,1878,451,1838,1666,65,1892,2005,1255,646,1245,1414,850,1749,1633,798,1390,868,1007
639: 
640: 1347
641: 
642: 
1855: 
644: 844,1455,2000,524,197,660,54,916,236,195,1844
645: 937,2,1871,1787
646: 828,1878,638,451,1666,465,1892,2005,850,1749,798,1390,868,1007
647: 829,1694,809
648: 
649: 738
650: 
651: 240
652: 1413,932,68
653: 
654: 1090,1450,343,1712,1815
655: 1190,1719,1151,1813,1514,904,942,256
656: 
657: 
658: 1031
659: 1074
660: 844,1455,2000,524,197,54,644,916,236,195,1844
661: 1191,1451,2008,1159,409,1482,325,1114,1822,1894,1261,1271,281,401
662: 1120,592,503,1145,586,1658,1647,1523,2009,1278,926,1083,1918
663: 
664: 1783,165,625
665: 1536,103
666: 
667: 1828,1552
668: 
669: 1901
670: 1267
671: 
1912: 1034,615,296,446,546,1147,1401,2019,282,1171,1025,1765
673: 
1765: 546,1147,1401,2019,376,1025,1034,1912,615,296,446
675: 1864,327,244,156,1028
676: 547,315,72,1266,2015,2013,202,1019,1198,1569,173,826
677: 
678: 
679: 
680: 762,395
681: 163,1449,1168
1776: 1758
683: 1492,567
684: 
685: 1616,2001,1753,1337,1075,335,375,1281,1538
1969: 811
687: 1286
1778: 
1840: 1060,211
690: 
691: 
692: 1004,1661,297,1824
693: 
694: 791
695: 968,544,1640,2017,1908,1882,1930,1718
696: 
1874: 
698: 758,1586
699: 1309,1300,1713,352
700: 
701: 
702: 1751,584
703: 
704: 
705: 384,1028
706: 
707: 1457,1902,1069,1146,1111,1338,1393,1,2014,431,1548,385,310,66,825,1546,812,1597,1683,1609
708: 1685
709: 
710: 1370,1736
711: 133,432
712: 621,1368,1167,2016,1926,1626,917,1584,226,1618,53,1715,1250,1016,287
713: 
714: 1301,407
715: 
1876: 429,1770,73,751
717: 
718: 
1944: 1708,2002,1103,737,933,1729,752,629
720: 
721: 203,1696,1593
722: 561,1058,467,1428,1228,1934,958,1897,356,1281,860,2001,335
723: 
724: 
725: 
726: 16,1306
727: 1101,1053,1169,1641,430,32,2010,1484
1994: 
729: 
1906: 
731: 923,1845,1559,2011,1285
732: 382,402,1121
1933: 971,1831
734: 1387
735: 
736: 
737: 1708,1170,2002,1103,1638,1944,933,1729,752
738: 649
739: 268,1795
740: 
741: 1191,1451,1322,1600,2008,1159,409,1482,1555,1257,1248,1114,1894,1261,281
742: 225
743: 
744: 369,1418,275
745: 
746: 
747: 1780,1102,586,1658,477,1647,1071,2009,1278,461,1023,1083
748: 536,1296
1879: 82,1072,1202,1439,128
750: 
751: 1876,429,1770,73
752: 2002,1103,737,1944,933,629
753: 1275
754: 1375
755: 
756: 284,1408,1854,1225,262,2012,1292,1834,291,1100,1149,450,1885,205
757: 
758: 501,698,1586
759: 1916,1554
760: 
761: 531,351
762: 680,395,1694
763: 
764: 
765: 
766: 
767: 
1846: 
769: 
770: 
771: 1295,909,579
772: 
773: 922,1887,135,1645,1431,2018,309,1059,387,1550,1932,100
774: 
775: 
1880: 1186
777: 
778: 594,960
779: 
780: 1140,1021
781: 
782: 948,423
783: 996,606,1915,1630,97
784: 
785: 400
786: 1979,632
787: 1917,213
788: 
789: 1507
790: 
791: 694
792: 
793: 2003,1471,1036,610,857
794: 
795: 276,1137,1886
796: 
797: 1583
798: 1878,638,451,1666,65,1892,2005,646,850,1749,1390,868,1007
799: 1148
800: 1807,1047
801: 1875,1611
1917: 213,787
803: 
1945: 
805: 
806: 
807: 422,1650,1109,894
808: 209
809: 829,647
810: 1805,886,130,1755
811: 1969
812: 1457,1069,1146,1111,1338,1393,2014,431,193,1548,385,310,66,707,825,1546,1166,1597,1099,1683,1609
813: 
814: 
815: 
816: 
817: 
818: 380
819: 
1802: 
821: 
822: 
1898: 
824: 876,15,428,519
825: 1457,1146,1111,1338,1393,1,2014,431,193,1548,385,310,66,707,1546,1166,812,1597,1099,1683,1609,898
826: 315,72,1266,2015,2013,202,1019,1198,1230,1044,1569,173,1865,1011,547,676
827: 
828: 1878,638,451,1838,1666,465,65,1892,2005,646,1245,1414,850,1749,1633,1390
829: 1694,809,647
830: 1627,1351
831: 
832: 1751
833: 
834: 543,405
835: 
836: 
837: 541
2016: 712,621,1048,1368,319,1167,44,1926,1626,917,1584,634,226,1618,53,1715,1250,1016,287
839: 490
840: 1129,264
841: 134,271
842: 
843: 
844: 1455,2000,524,197,660,54,644,916,236,195,1844
1844: 844,1455,2000,524,197,660,54,644,916,236,195
846: 
1843: 2002,588,1103,1213,865,1729
848: 
849: 1991,1711
850: 828,1878,638,451,1838,1666,465,65,1892,2005,1255,646,1414,1749,1633,798,1390,868,1007
851: 
852: 
1891: 
1996: 
855: 
856: 
857: 2003,793,1471,1153,1763,1036,115,610,323
858: 131
859: 869,1041
860: 356,1281,1538,117,722,1058,2001
861: 1520,1308
862: 
863: 
864: 214
865: 1708,1170,2002,588,1103,1638,1213,1729,1843
1947: 
2019: 546,1147,1401,282,1171,376,1025,1765,1034,1912,615,296,446
868: 1878,638,451,1892,2005,646,850,1749,798,1390,1007
869: 859,1041
870: 
871: 322
872: 901,1700,1357
873: 
874: 
1934: 467,1428,1228,1897,722,1058,356,1281,117,1616,2001,1753,1337,1075,335,375
876: 824,15,428,519
1852: 1374
878: 
879: 445
880: 
1887: 922,135,1645,1431,2018,309,773,1059,387,1550,1932,100
882: 
2018: 922,1887,135,1645,1431,309,773,1059,387,1550,1932,100
884: 
885: 
886: 810,1441,1755,160,257
1836: 
888: 
889: 
1791: 
891: 
892: 152
893: 
894: 423,1650,1109,422,807
895: 
1921: 
897: 251
898: 1457,1338,1,2014,825,1546,1597,1099,1609
899: 479,294,1723
900: 1653
901: 1700,872,1357
902: 1980,1539
903: 
904: 1190,1719,1073,1151,1514,942,655
905: 
906: 
907: 
908: 338
909: 771,1295,579
910: 
911: 934
912: 994,1540
913: 
914: 345
915: 1158
916: 844,1455,2000,524,197,660,54,644,236,195,1844
917: 712,621,1368,2016,44,1926,1626,634,226,53,1715,1250,1016,287
918: 
919: 1769,551,260
920: 1565
1900: 1592,279
922: 1887,135,1645,1431,2018,309,773,1059,387,1550,1932,100
923: 731,1845,1559,2011,492,1285
924: 
925: 
926: 1780,1145,586,1658,477,1647,1071,1523,2009,1278,1083,662,1918
1788: 
928: 35,1804,59,1015,1444
929: 
930: 1442
931: 163
932: 68,1105,652
933: 2002,1103,737,1944,752,629
934: 911
935: 414,1796
936: 
937: 645,2,1871,1787
938: 
939: 
1804: 928,59,1015,1444
941: 466
942: 1190,1719,1151,1813,1514,904,655,256
943: 
944: 191,169
945: 370,58
946: 427,1124,1734
947: 956,1518
948: 1068,782
1998: 
1822: 1600,2008,1159,409,1482,1555,1248,1114,1261,281,661
951: 1853
952: 
1990: 285
954: 
955: 263,1009,85
956: 947,1518
1830: 
958: 467,1897,722,561,1058
959: 
960: 778,594
2000: 844,1455,524,197,660,54,644,916,236,195,1844
962: 
963: 
1958: 
965: 1128
966: 
1763: 2003,1471,1153,1036,115,610,299,857,323,1027
968: 695,544,1640,2017,1908,1882,1930,1718
969: 1197
970: 613
971: 1933
972: 1161,2006,1910,1039,74,1698,2007,249,1665
973: 210,1509,1299
974: 1639
1782: 
976: 
977: 1662
978: 1252,452,496
979: 1165,440
980: 
981: 
982: 1110,1956
983: 
984: 1385
985: 
1862: 
987: 
988: 
989: 1701
990: 
2015: 315,72,1266,2013,202,1019,1198,1230,1044,1569,173,826,1865,1011,547,676
992: 1026,1811,1033,1182,334,1263
993: 
994: 1540,912
995: 178
996: 783,635,606,97
997: 1758
998: 
999: 330,1258
1819: 
1794: 
1002: 1890,1400,1055
1003: 
1004: 692,1661,1824
1005: 462
1006: 301,1162,1841,611
1007: 1878,638,451,2005,646,850,1749,798,1390,868
1008: 289
1009: 955,263,85
1010: 
1011: 1865,315,72,1266,2015,2013,1019,1230,1044,173,826,547
1920: 
1013: 
1014: 1975
1015: 928,1804,1444
1016: 712,621,1368,1167,2016,1926,1626,917,1584,226,1618,53,1715,1250,287
1017: 
1018: 529,2004,114,1056,577,1448,166,1236,1426,1410,1863,1422
1019: 315,72,1266,2015,2013,202,1198,1230,1044,1569,173,826,1865,1011,547,676
1020: 378,172
1021: 780,1140
1022: 
1023: 1780,1145,1102,586,1658,477,747,1647,2009,1278,461,1083,592,503
1024: 1267
1025: 546,1147,1401,2019,282,1171,376,1765,1034,1912,615,296,446
1026: 992,1033,1182
1027: 2003,1153,1763,1036,115,299,323
1028: 1406,705,675,1864,327,244
1029: 
1030: 
1031: 658
1770: 1876,429,73,751
1033: 1026,992,1182,334,1263
1034: 1912,615,296,446,546,1147,1401,2019,282,1171,376,1025,1765
1035: 379
1036: 2003,793,1471,1763,115,610,299,857,323,1027
1037: 
1038: 1823
1039: 1161,2006,1910,972,74,1698,2007,249
1040: 
1041: 859,869
1042: 
1043: 153
1044: 315,72,1266,2015,2013,202,1019,1198,1230,1569,173,826,1865,1011
1045: 
1046: 
1047: 800
1048: 319,1167,2016,44,1926,1626,1584,226,1618,1715
1970: 1366,1467
1050: 353,1759,426,99
1051: 1394,605,1234
1052: 21
1053: 34,1101,19,1169,1556,1641,430,32,2010,1086,1484,727
1054: 
1055: 1890,1400,1002
1056: 1097,529,2004,1434,114,520,523,1942,577,1448,1018,166,11,1236,1981,617,1410,1863,460,1389,1422
1057: 17
1058: 722,561,467,1428,1228,1934,958,1897,356,1281,117,860,2001,335
1059: 922,1887,135,1431,2018,309,773,387,1550,1932,100
1060: 211,1840
1061: 484,7
1062: 219
1063: 
1064: 1511,1624,1210
1820: 
1066: 1417,1276
1067: 573
1068: 948
1069: 1457,1902,1146,1111,2014,1548,385,66,707,1546,812,1683
1070: 
1071: 1780,1102,586,1658,477,747,1647,1523,2009,1278,926,1083,1918
1072: 82,1879,1202,1439,128
1073: 904
1074: 659
1075: 1616,2001,1753,1337,685,335,375,1428,1228,1934,1281
1076: 
1077: 1386,1628
1841: 301,1162,611,1006
1079: 
1956: 1110,982
1783: 165,664,1664
1082: 
1083: 1780,1145,586,1658,477,747,1647,1071,1523,2009,1278,461,1023,926,1120,592,662,503,1918
1084: 
1925: 
1086: 34,1101,1053,19,1556,1641,430,1752,2010,1484
1087: 1227,355,392
1088: 
1089: 
1090: 654,1450,343,1712,1815
1091: 377
1092: 
1093: 
1094: 63,1115
1095: 1485
1096: 300,151
1097: 529,2004,1434,1056,520,523,1942,166,617,1410,1863,460,1389,1422
1098: 1392
1099: 1457,1338,1393,1,2014,431,193,385,310,66,825,1546,1166,812,1597,1609,898
1100: 566,284,1408,1854,1225,262,756,2012,1292,291,450,1885,205
1101: 34,1053,19,1169,1556,1641,430,1752,32,2010,1086,1484,727
1102: 1780,1658,477,747,1647,1071,2009,1278,461,1023
1103: 1708,1170,2002,588,737,1213,865,1944,933,1729,752,1843
1104: 
1105: 932,68
1106: 17
1909: 
1108: 
1109: 423,1650,894,422,807
1110: 982,1956
1111: 1457,1902,1069,1146,2014,431,1548,385,310,66,707,825,1546,812,1683
1112: 
1113: 
1114: 1191,1451,1322,1600,2008,1159,409,1482,1555,1257,325,1248,1822,1894,1261,1271,741,281,661
1115: 63,1094
1116: 
1117: 
1118: 1803
1119: 
1120: 592,662,503,1145,586,1647,1523,2009,1083,1918
1121: 382,732,402
1122: 
1123: 374
1124: 427,946,1342,1734
1834: 566,1408,1854,262,756,2012,1292,291,1149,1885,205
1126: 600
1127: 
1128: 965
1129: 264,840
1130: 1247
1131: 
1907: 585
1133: 1142
1134: 1287
1809: 147,1592,279
1136: 
1137: 276,795,1886
1831: 1933
1873: 331,1141,321
1140: 780,1021
1141: 331,321,1873,469
1142: 1133
1143: 304,1711
1144: 
1145: 1780,586,1658,477,1647,1523,2009,1278,461,1023,926,1083,1120,592,662,503,1918
1146: 1069,1111,1393,2014,431,1548,385,310,66,707,825,1546,1166,812
1147: 546,1401,2019,282,1171,376,1025,1765,1034,1912,615,296,446
1148: 799
1149: 566,1408,1225,262,756,2012,1292,1834,205
1150: 
1151: 1190,1719,1813,904,942,655,256
1152: 162
1153: 2003,1763,115,299,857,323,1027
1773: 
1155: 
1156: 
1863: 1097,529,2004,114,1056,520,523,1942,577,1018,166,1236,617,1410,1389,1422
1158: 915
1159: 1191,1451,1600,2008,409,1482,325,1248,1114,1822,1894,1261,741,281,661,401
1160: 
1161: 2006,1910,1039,972,74,1698,2007,249,1665
1162: 301,1841,611,1006
1163: 
1818: 90
1165: 979,440
1166: 1146,1393,2014,431,193,385,66,825,812,1099
1167: 712,621,1048,1368,319,2016,1926,1626,1584,226,1618,53,1715,1016,287
1168: 1449,681,163
1169: 1101,1053,1556,1641,430,32,2010,1717,1484,727
1170: 1708,2002,588,1103,1638,737,1213,865,1729
1171: 546,1147,1401,2019,282,1025,1034,1912,296
1172: 
1847: 
1174: 1585
1901: 669
1923: 
1177: 
1178: 
1814: 
1180: 1973,1549
1981: 529,2004,1434,114,1056,520,577,1448,166,11,1426,329,460,1389,1422
1182: 1026,992,1811,1033,334,1263
1183: 
1184: 
1185: 
1186: 1880
1187: 1895
1895: 1187
1189: 
1190: 1719,1151,1514,904,942,655,256
1191: 1451,1322,2008,1159,325,1114,1894,1261,1271,741,281,661,401
1192: 52,290
1193: 
1194: 
1195: 1249
1196: 
1197: 969
1198: 315,72,1266,2015,2013,202,1019,1230,1044,1569,173,826,1865,547,676
1199: 
1200: 
1201: 
1202: 1439,1879,1072,128
1203: 1766,1525
1204: 
1205: 
1206: 95,184
1856: 
1208: 
1951: 
1210: 533,1624,1064
1960: 
1212: 
1213: 1708,1170,2002,588,1103,1638,865,1729,1843
2013: 315,72,1266,2015,202,1019,1198,1230,1044,1569,173,826,1865,1011,547,676
1215: 1915,1630
1216: 1561,1781
1217: 
1218: 
1219: 
1220: 247
1221: 
1222: 
1223: 228,1637
1224: 
1225: 566,284,1408,262,756,2012,1100,1149,205
1226: 1623
1227: 1087,355,392
1228: 467,1428,1934,1897,722,1058,356,1281,2001,1337,1075,335,375
1229: 
1230: 315,72,1266,2015,2013,202,1019,1198,1044,1569,173,826,1865,1011
1761: 
1232: 62
1837: 
1234: 605,1051,1394
1913: 
1236: 2004,114,1056,1942,577,1018,617,1410,1863
1871: 645,937,2,1787
1924: 
1239: 
1240: 1674
1241: 81,534,1779
1821: 
1243: 522
1244: 
1245: 828,638,1838,1666,465,65,1892,2005,1255,1414,1633
1246: 1966,292,604
1247: 1130
1248: 1451,1322,1600,2008,1159,409,1482,1555,1257,1114,1822,1894,1261,1271,741,281
1249: 1195
1250: 712,621,1368,319,2016,44,1926,1626,917,1584,634,226,1618,53,1715,1016,287
1251: 
1252: 452,496,978
1253: 581,633
1254: 347,1968
1255: 1878,638,451,1838,1666,65,1892,2005,1245,1414,850,1633
1256: 
1257: 1451,1322,1600,2008,409,1482,1555,1248,1114,741,281
1258: 999,330
1259: 
1260: 
1261: 1191,1451,1322,1600,2008,1159,409,1482,325,1248,1114,1822,1894,1271,741,281,661,401
1979: 786,632
1263: 334,992,1811,1033,1182
1264: 131,1407
1265: 
1266: 315,72,2015,2013,202,1019,1198,1230,1044,1569,173,826,1865,1011,547,676
1267: 670,1024
1268: 
1269: 1607
1915: 1215,606,1630,783,97
1271: 1191,1451,1322,2008,1482,325,1248,1114,1894,1261,281,661,401
1272: 230
1273: 
1274: 
1275: 753
1276: 1417,1066
1277: 
1278: 1780,1145,1102,586,1658,477,747,1647,1071,1523,2009,461,1023,926,1083,592,662,1918
2010: 34,1101,1053,19,1169,1556,1641,430,1752,32,1086,1717,1484,727,508,1531
1280: 
1281: 356,1538,117,860,722,1058,1228,1934,1616,2001,1337,1075,685,335,375
1894: 1191,1451,1322,1600,2008,1159,409,1482,325,1248,1114,1261,1271,741,281,661,401
1283: 
1875: 801,1611
1285: 1845,1559,2011,492,731,923
1286: 687
1287: 1529,1134
1288: 1680
1289: 
1290: 
1291: 
1292: 1408,1854,262,756,2012,1834,291,1100,1149,450,1885,205
1293: 
1294: 
1295: 771,909,579
1296: 536,1620,748
1800: 
1298: 
1299: 1509,973,210
1300: 1309,699,1713,352
1301: 714,407
1302: 1692,1325,1511
1303: 609,1955,307
1304: 1703
1305: 
1306: 16,726
1987: 
1308: 1520,861,1524
1309: 1300,699,1713,352
1310: 
1311: 
1312: 1629,1572,386,39,1491
1313: 1566
1314: 
1315: 
1316: 
1317: 
1318: 
1319: 55,530
1320: 41
1321: 
1322: 1191,1451,2008,1257,325,1248,1114,1894,1261,1271,741,281,401
1323: 
1957: 
1325: 1692,1302,1511
1908: 1640,2017,1882,1930,1718,695,968,544
1327: 421
1328: 
1329: 
1330: 397,456
1331: 
1772: 241
2012: 566,284,1408,1854,1225,262,756,1292,1834,291,1100,1149,450,1885,205
1334: 
1335: 
1336: 
1337: 1616,2001,1753,1075,685,335,375,1428,1228,1934,1281
1338: 1457,1393,1,2014,193,1548,310,707,825,1546,812,1597,1099,1609,898
1339: 
1793: 
1341: 
1342: 427,1124,1734
1807: 800
1344: 
1345: 1670
1346: 1591
1347: 640
1935: 568
1349: 267,1603
1948: 
1351: 1627,830
1964: 
1353: 1503,1506
1777: 1949
1355: 434
1356: 
1357: 901,1700,872
1358: 
1359: 
1360: 
1361: 
1362: 56,1679
1363: 
1364: 
1365: 
1366: 1467,1970
1850: 
1368: 712,621,1167,2016,1926,1626,917,1584,226,1618,1715,1250,1016,287
1369: 1786,1651
1370: 710,1736
1371: 
1372: 
1373: 51,3
1374: 1852
1375: 754
1376: 
1377: 
1378: 1452
1379: 342
1380: 
1381: 
1382: 
1383: 
1952: 474
1385: 984
1386: 1077,1628
1387: 734
1388: 
1389: 1097,529,2004,1434,114,1056,520,523,577,166,11,1981,1426,617,1410,1863,329,460,1422
1390: 828,1878,638,451,1838,1666,465,65,1892,2005,646,1414,850,1749,798,868,1007
1391: 
1392: 1098
1393: 1146,1338,1,2014,431,193,385,310,66,707,825,1546,1166,812,1597,1099,1609
1394: 1051,605,1234
1395: 
1781: 1720,1216,1561
1397: 
1398: 538
1399: 
1400: 1890,1002,1055
1401: 546,1147,2019,1171,376,1025,1765,1034,1912,615,296,446
1402: 
1403: 
1404: 575
1405: 1677,433
1406: 327,1028
1407: 131,1264
1408: 566,284,1854,1225,262,756,2012,1292,1834,291,1100,1149,1885,205
1409: 
1410: 1097,529,2004,1434,1056,520,523,1942,577,1018,166,1236,1426,617,1863,329,460,1389,1422
2005: 828,1878,638,451,1838,1666,465,65,1892,1255,646,1245,1414,850,1749,1633,798,1390,868,1007
1412: 
1413: 652
1414: 828,1878,638,1838,1666,465,65,1892,2005,1255,1245,850,1633,1390
1415: 
1918: 1120,662,1780,1145,586,1647,1071,1523,2009,1278,926,1083
1417: 1276,1066
1418: 744
1419: 1490,535
1420: 1940,18
1421: 1721,637,1740,1571
1422: 1097,529,2004,1434,114,1056,520,523,577,1448,1018,166,11,1981,1426,617,1410,1863,329,460,1389
1940: 1420,18
1424: 
1775: 
1426: 529,2004,114,520,577,1448,1018,166,11,1981,1410,329,460,1389,1422
1965: 
1428: 467,1228,1934,1897,722,1058,2001,1753,1337,1075,335
1429: 
1430: 
1431: 922,1887,135,1645,2018,309,773,1059,387,1932
1886: 276,795,1137
1433: 
1434: 1097,529,2004,1056,520,523,166,11,1981,617,1410,329,460,1389,1422
1435: 
1748: 
1437: 1673,108
1438: 
1439: 1202,82,1879,1072,128
1440: 
1441: 886,160,257
1442: 930
1443: 
1444: 928,35,1804,59,1015
1445: 
1446: 
1792: 
1448: 529,2004,114,1056,520,577,1018,166,11,1981,1426,460,1422
1449: 1168,681,163
1450: 654,1090
1451: 1191,1322,1600,2008,1159,409,1482,1555,1257,325,1248,1114,1894,1261,1271,741,281,661,401
1452: 1378
1453: 
1454: 1541,411
1455: 844,2000,524,197,660,54,644,916,236,195,1844
1456: 
1457: 1902,1069,1111,1338,1,2014,193,1548,385,310,66,707,825,1546,812,1597,1099,1683,1609,898
1458: 
1459: 
1460: 
1973: 1180,1549
1462: 
1463: 
1790: 1710
1465: 
1466: 
1467: 1366,1970
1468: 1519
1469: 
1470: 
1471: 2003,793,1763,1036,115,610,857
1472: 
1473: 
1474: 
1475: 1573,554
1476: 
1477: 
1815: 654,1090,343,1712
1479: 
1480: 
1481: 
1482: 1451,1600,2008,1159,409,1555,1257,325,1248,1114,1822,1894,1261,1271,741,281,661
1483: 
1484: 34,1101,1053,19,1169,1556,1641,430,1752,32,2010,1086,727
1485: 1095
1486: 1959,317
1487: 
1488: 
1762: 
1490: 1419,535
1491: 1629,1572,386,1312,39
1492: 683,567
1493: 599
1494: 
1495: 1501
1496: 
1497: 265
1498: 
1499: 
1500: 
1501: 1495
1502: 
1503: 1353,1506
1504: 
1505: 
1506: 1353,1503
1507: 789
1508: 406,1697,1999,1668
1509: 1299,1588,973,210
1510: 
1511: 1325,1302,1624,1064
1512: 
1513: 
1514: 1190,1719,904,942,655
1959: 1486,317
2014: 1457,1902,1069,1146,1111,1338,1393,1,431,193,1548,385,310,66,707,825,1546,1166,812,1597,1099,1683,1609,898
1517: 
1518: 947,956
1519: 1468
1520: 861,1308,1524
1521: 
1522: 
1523: 1780,1145,586,1658,477,1647,1071,2009,1278,926,1083,1120,662,1918
1524: 1520,1308
1525: 1766,1203,578
1526: 
1527: 
1528: 
1529: 1287
1530: 618
1531: 34,1556,430,1752,32,2010,508
1532: 
1533: 
1534: 
1839: 
1536: 665,614,103
1537: 1560,444
1538: 356,1281,117,860,1616,2001,685,375
1539: 1980,902,1848
1540: 994,912
1541: 411,1454
1542: 
2007: 1161,2006,1910,1039,972,74,1698,249,1665
1544: 
1545: 
1546: 1457,1902,1069,1146,1111,1338,1393,1,2014,193,1548,385,310,66,707,825,812,1099,1683,1609,898
1547: 
1548: 1457,1902,1069,1146,1111,1338,1,2014,385,310,66,707,825,1546,812,1683,1609
1549: 1973,1180
1550: 922,1887,135,2018,309,773,1059,387,1932,100
1551: 
1552: 1828,667
1553: 
1554: 759,1916
1555: 1451,1600,2008,409,1482,1257,1248,1114,1822,741,281
1556: 34,1101,1053,19,1169,430,1752,32,2010,1086,1484,508,1531
1978: 
1942: 1097,2004,1056,1236,617,1410,1863
1559: 1845,2011,492,1285,731,923
1560: 1537,444
1561: 1720,1216,1781
1562: 
1563: 
1564: 
1565: 920
1566: 1313
1567: 563
1568: 
1569: 315,72,1266,2015,2013,202,1019,1198,1230,1044,173,826,1865,547,676
1785: 
1571: 1740,1721,1421
1572: 1629,386,1312,1491
1573: 1475
1999: 1668,1767,406,1697,1508
1848: 1980,1539
1853: 951
1749: 828,1878,638,451,1666,465,65,1892,2005,646,850,798,1390,868,1007
1932: 100,922,1887,135,1431,2018,773,1059,387,1550
1579: 1693
1580: 1756,539
1581: 1704
1582: 521
1583: 797
1584: 712,621,1048,1368,319,1167,2016,1926,1626,226,1618,1715,1250,1016,287
1585: 1174
1586: 758,501,698
1764: 
1588: 1509,427,210
1589: 
1590: 92
1591: 1346
1592: 147,1809,279,1900
1593: 203,721,1696
1817: 
1595: 1829,1610
1596: 
1597: 1457,1338,1393,1,2014,431,193,385,310,707,825,812,1099,1609,898
1598: 
1975: 1014
1600: 1451,2008,1159,409,1482,1555,1257,325,1248,1114,1822,1894,1261,741,281
1858: 
1602: 
1603: 267,1349
1604: 
1605: 
1606: 
1607: 1269
1608: 
1609: 1457,1338,1393,1,2014,193,1548,310,66,707,825,1546,812,1597,1099,1683,898
1610: 1829,1595,110
1611: 801,1875
1612: 198
1613: 
1614: 
1615: 
1616: 2001,1753,1337,1075,685,335,375,1934,356,1281,1538,117
1617: 408,288,526
1618: 712,621,1048,1368,319,1167,2016,44,1926,1626,1584,226,1715,1250,1016,287
1619: 
1620: 536,1296
1621: 
1622: 
1623: 1226
1624: 1511,1064,1210
1625: 
1626: 712,621,1048,1368,319,1167,2016,44,1926,917,1584,634,226,1618,1715,1250,1016,287
1627: 1351,830
1628: 1386,1077
1629: 1572,386,1312,39,1491
1630: 1215,1915,783
1631: 443
1632: 560
1633: 828,1878,638,451,1838,1666,65,1892,2005,1255,1245,1414,850
1766: 1203,1525,578
1849: 
1955: 609,1303,307
1637: 1223,228
1638: 1708,1170,2002,588,737,1213,865,1729
1639: 974
1640: 2017,1908,1882,1930,1718,695,968,544
1641: 1101,1053,19,1169,2010,1086,1484,727
1642: 
1643: 
1644: 
1645: 922,1887,135,1431,2018,309,773,387
1859: 
1647: 1780,1145,1102,586,1658,477,747,1071,1523,2009,1278,1023,926,1083,1120,592,662,503,1918
1648: 
1649: 
1650: 423,1109,894,807
1651: 1369,1786
1652: 
1653: 900
1654: 
1655: 182
1656: 
1657: 
1658: 1780,1145,1102,586,477,747,1647,1071,1523,2009,1278,461,1023,926,1083,592,662
1659: 
1808: 
1661: 297,1004,692,1824
1662: 977
1663: 
1664: 1783,165,625
1665: 1161,2006,1910,972,74,1698,2007,249
1666: 828,1878,638,451,1838,465,65,1892,2005,1255,646,1245,1414,850,1749,1633,798,1390
1667: 
1668: 1999,1767,406,1697,1508
1669: 
1670: 1345
1671: 
1672: 
1673: 1437,108
1674: 1240
1675: 280
1676: 
1677: 1405,433
1760: 
1679: 1362,121,56
1680: 1288
1681: 
1682: 597
1683: 1457,1902,1069,1111,2014,1548,66,707,825,1546,812,1609
1684: 555,275
1685: 222,708
1826: 
1687: 
1688: 
1866: 
1690: 
1691: 
1692: 1325,1302
1693: 1579
1694: 829,647,762,395
1695: 
1696: 203,721,519,1593
1697: 1767,406,1508,1999,1668
1698: 1161,2006,1910,1039,972,74,2007,249,1665
1699: 106
1700: 901,872,1357
1701: 989
1805: 810,130,167,87,1755
1703: 1304
1704: 1581,141
1705: 
1706: 565
1707: 
1708: 1170,2002,588,1103,1638,737,1213,865,1944,1729
1709: 
1710: 1790
1711: 849,1991,1143,304
1712: 654,1090,343,1815
1713: 1309,1300,699,352
1714: 
1715: 712,621,1048,1368,319,1167,2016,44,1926,1626,917,1584,634,226,1618,53,1250,1016,287
1854: 284,1408,262,756,2012,1292,1834,291,1100,450,1885,205
1717: 1169,430,32,2010,508
1718: 1640,2017,1908,1882,1930,695,968
1719: 1190,1151,1813,1514,904,942,655,256
1720: 1561,1781
1721: 637,1421,1740,1571
1946: 
1723: 479,294,899
1784: 
1725: 
1726: 
1796: 414,935
1963: 
1729: 1708,1170,2002,588,1103,1638,737,1213,865,1944,1843
1730: 76
1813: 1719,1151,942,655,256
1732: 
1919: 
1734: 1342,427,946,1124
1735: 
1736: 1370,710
1943: 
1982: 188
1739: 
1740: 1571,1721,637,1421
1741: 
1742: 
1755: 810,1805,886,130,167,87
1744: 
1832: 
1746: 
1747: 