1758: 997,1201
1: 898,1597,1146,1546,310,704,812,193,2014,1166,1111,825,1683,707,1229,1069,431,1457
2: 
3: 
1803: 
1926: 53,1618,1363,287,1250,1797,2016,1626,981,712,634,817,1167,44,1368,1016,319,1866,621,1715
6: 116
7: 
1797: 1984,53,1618,1363,287,1926,1250,2016,1626,981,712,634,1167,44,1368,1016,319,917,621,1715
9: 
10: 
11: 1942,1410,1500,520,1434,1097,1422,2004,1056,1389,329,523,303
12: 243
1756: 1433,1851,250,388,539
1865: 1266,656,315,1044,1569,1230,751,826,102,2013,1855,2015,72,1828,179,466
15: 
16: 380,400
17: 
18: 1341,1611
19: 727,1713,1484,1531,1101,1053,34,32,1169,2010,295,1641,508,1086,1752
20: 
21: 1852,1113
22: 391
1808: 928,827
1623: 
25: 126,227
26: 
1910: 1039,2007,1161,972,1698,1665,74,2006,249
28: 194,338,119
29: 
30: 
31: 
32: 1964,1556,1053,34,1169,2010,295,1717,1641,508,1086,1752,727,1484,19,1101
33: 
34: 430,1964,1053,32,1169,2010,1717,1641,508,1086,1752,727,1713,1484,1531,19,1101
35: 767
36: 1530,1783
37: 
38: 736,127
39: 
40: 
41: 90
1817: 
43: 440
44: 53,1363,287,1926,1250,1797,2016,1626,981,712,634,817,1167,1368,1016,1715
45: 
46: 
1759: 401,741,1600,2008,1894,1257,1451,353,1322,661,1261,1807,1391,1114,1482
48: 1206
49: 
50: 1652
51: 
52: 880
53: 1618,1363,287,1926,1250,1797,2016,1626,712,634,817,1167,44,1368,1016,319
54: 197,1387,916,2000,195,644,236,844,1455,472
55: 1813,893,88,904,1953,1567,92,1505
56: 1216,322,1781
1860: 923,2011,1559,218,731,1845,1285,1849
58: 
59: 951,876
60: 1303,739,268
61: 1007,798,828,993,1414,1952,1458,1749,850,1633,2005,1878,1255,1892,638
62: 956,1394
63: 64
64: 63
65: 2005,1878,465,777,1245,646,868,1838,1666,474,1255,1390,1892,638
66: 2014,1166,707
1662: 690,1462
68: 
69: 
1715: 1984,1363,287,1926,1250,1797,2016,1626,981,634,817,1167,44,1368,1584,621
71: 1128
72: 1230,751,173,826,102,2013,1855,676,2015,1266,1865,656,315,1044,179,466
73: 1104
74: 1665,2006,249,1039,2007,1161,972,1910,1698
75: 
76: 
77: 
78: 
1832: 
80: 1295,93
81: 
82: 
83: 
1989: 899
85: 1579
86: 
1653: 
88: 1813,55,893,904,1073,1953,1567,92,1505
89: 
90: 228,41
1718: 968,1640,2017,1930,544
92: 1813,55,893,88,904,1953,1567,1505
93: 80
94: 1355,808,1777,1174
95: 
1916: 1182
97: 
98: 292
99: 
100: 1932,309,135,1645,2018,773,387,1550,1469,1887,1059,922
101: 
102: 941,1230,751,173,826,2013,1011,1855,1019,676,2015,72,1828,1533,1266,1865,656,315,1044,1569,179,202,1198,547,466
103: 
104: 
105: 1782,897
106: 1827,618,1544,499
1774: 
108: 
109: 
110: 
111: 892
112: 936,1310
1754: 
114: 617,1236,523,1788,1863,303,1448,460,1434,1097,2004,1056,571
1701: 
116: 6
117: 
1682: 
119: 194,28
120: 1958,411,649,1637,563
121: 1271,1600,2008,1257,1322,1391,409,1822,1114,1482
122: 
123: 1061,859
124: 
125: 
126: 25,227
127: 38,736
128: 266,855
129: 
130: 257
131: 
132: 
133: 711
134: 468
135: 309,1645,2018,773,387,1469,1431,1887,1059,922,100
136: 
137: 
1707: 614
139: 
140: 842
141: 1325
142: 
1787: 937,1268
144: 711
1842: 1136,438,377,651,977
1598: 
147: 1719
148: 
1652: 50
150: 
151: 
152: 
153: 834,930,1607,666
1766: 
155: 626,872
156: 1628,328
157: 445
158: 
159: 
160: 1441,1140
1753: 
162: 578
163: 
164: 
165: 
166: 1981,1018,1426,1448,1863,303,1942,520,460,1434,1422,2004,1056,1389,329,571,529
167: 
168: 
169: 1886,413
170: 410,735
1828: 941,1230,751,173,826,102,2013,1011,1855,1019,676,2015,1533,1266,1865,656,315,1044,1569,179,202,1198,547,466
172: 
173: 941,1230,751,826,102,2013,1011,1855,1019,676,2015,72,1828,1533,1266,656,315,1044,1569,179,202
2004: 1942,1410,1500,11,520,460,1434,1097,1422,1056,1389,329,571,529,1448,617,1236,114,523,1788,1863,303,166,1981,1018,1426
175: 
176: 1408,1149,2012,205,1327,566,1225,291,1854,756,1100,1885,495,1239
1767: 
1639: 
179: 202,1198,547,466,1266,1865,656,315,1569,941,1230,751,173,826,102,2013,1011,1855,1019,676,2015,72,1828,1533
2003: 2002,1153,1763,629,1638,857,752,1674,1944,1240,1471,1027,1103,1046,1294,588,1213,335,793,323,1036,1843,1708,737,933,610,1170
2002: 1153,2003,1763,629,1638,857,752,1674,1944,1240,1471,1027,1103,1046,1294,588,1213,335,793,323,1036,1843,1708,737,933,610,1170
182: 
183: 522
184: 
185: 878
186: 
2008: 401,741,1600,1759,1894,1257,1526,1555,1380,1159,281,1451,353,1322,661,1191,325,1261,1807,1391,464,409,1822,1248,1114,1482,1271,121
188: 
1813: 55,893,88,904,1073,1953,1567,92,1505,1130
1878: 2005,777,65,1245,646,1838,1666,1255,1892,638,1007,798,828,993,61,1458,1633
191: 
192: 
193: 898,1,1597,1146,1546,310,704,812,2014,1166,1111,825,1548,1609,1683,707,1393,385,1099,1229,1200,1069,1047
194: 338,28,119
195: 197,1387,916,1844,2000,644,236,54,524,844,1455,472
196: 
197: 1387,916,1844,2000,660,195,1667,644,236,54,524,844,1455,472
198: 405
1611: 1341,18
1644: 
201: 
202: 179,1198,547,466,1266,315,1569,941,751,173,826,102,2013,1011,1855,1019,2015,1828,1533
203: 1784
204: 1349,788,781
205: 1408,1149,176,2012,1327,284,421,262,566,1225,291,1854,1100,1885,495,1239
206: 
1779: 
208: 
209: 554
210: 427
211: 
1612: 
213: 1305,905
214: 1925,302
215: 1290,611
1740: 
217: 
218: 923,1860,492,778,2011,1559,731,1845,1849
219: 
220: 1933
2001: 1897,1538,1058,467,722,1943,860,685,958,299,1616,561,1281,1228,375,358,1075,356,1428,437,1934
222: 637
223: 1927,1509,1986,675,910,1124
1647: 1023,586,1293,1071,477,1083,1918,461,1780,592,747,1145,2009,1278,1120,662,503
225: 
226: 
227: 126,25
228: 90
229: 
230: 
231: 
232: 606
233: 1370
1693: 
235: 
236: 197,1387,916,1844,2000,660,195,1667,644,54,524,844,1455,472
237: 619
238: 565,1703
1618: 53,1363,287,1926,1797,2016,1626,981,712,634,1167,1048,1368,1016,319,917,1866
240: 1443
241: 
242: 
243: 12
244: 
245: 
246: 874,743,1968
247: 1751
1719: 147
249: 1665,74,2006,1039,2007,1161,972,1910,1698
250: 1433,1851,1756,388,539
251: 1874,1091,1218
1780: 1023,1083,1918,1145,2009,1647,503
1799: 
254: 
255: 
256: 
257: 659,130,810
258: 1541
259: 
260: 1060
261: 280,1379
262: 1408,1149,2012,1292,205,1327,284,421,1225,1854,1834,1885
263: 
264: 1021,1300
265: 
266: 855,128
267: 
268: 1303,739,60
269: 
270: 
271: 370
1914: 
273: 
274: 1412
275: 1831
276: 799,1891
277: 300,1836
278: 
279: 
280: 261,1379
281: 401,741,2008,1526,1555,1159,1451,353,661,1191,325,464,1248
282: 446,615,620,376,1025,296,763,1034,2019,1765,1401,1746,1171,546,1669,1147
1962: 
284: 1408,1149,2012,205,1327,421,262,1225,1854,1100,1834,1885
285: 
286: 791,600
287: 1984,53,1618,1363,1926,1250,1797,2016,1626,981,712,634,817,1167,44,1368,1584,917,1866,621,1715
288: 526
289: 
290: 
291: 1149,176,2012,450,1292,205,421,1854,756,1834,1885,495,1239
292: 98
293: 
294: 1013
295: 430,1964,1556,1053,32,1169,2010,1717,1641,508,1086,1752,727,1484,1531,19,1101
296: 615,620,376,1025,282,1034,2019,1765,1401,1746,1171,546,1669
297: 
298: 
299: 958,561,1281,375,358,1075,356,1538,1058,722,2001,860,685,437,1934
300: 277,1836
301: 
302: 214,1925
303: 617,1236,114,523,1788,1863,1448,166,1981,1942,1500,11,520,460,1434,1097,1422,2004,1056,1389,571,529
304: 
1795: 
306: 
307: 1741
308: 
309: 1932,135,1645,2018,773,387,1550,1469,1887,1059,922,100
310: 898,1,1597,1546,812,193,2014,1166,1111,825,1548,1683,707,1393,385,1099,1229
311: 
312: 
313: 
1930: 968,1718,1640,2017,544,695,1882,1908
315: 1266,1865,656,1044,1569,941,1230,751,173,102,2013,1855,2015,72,1828,1533,179,202,466
316: 
317: 
318: 
319: 53,1618,1363,1926,1797,2016,981,817,1167,1048,1368,1016,917,1866,621
1974: 1699
321: 
322: 56,1216,1781
323: 335,793,1036,1843,1708,737,933,610,1170,2002,2003,629,1638,857,1674,1944,1471,1027,1103,1046,1294,588,1213
1806: 
325: 401,741,2008,1894,1526,1555,1380,1159,281,353,1322,661,1191,1391,464,1248
326: 
327: 1864,946,1691,1331
328: 1628,156
329: 1942,1410,1500,11,520,1434,1097,1422,2004,1056,1389,529,166
330: 1087,781,633,869,1603
331: 657
332: 
333: 
334: 
335: 793,323,1036,1843,1708,737,933,610,1170,2002,2003,629,1638,857,752,1674,1944,1471,1103,1046,1294,1213
1991: 754,1581,1566,1413
337: 
338: 194,28
339: 
1755: 
341: 1388
342: 
343: 1329,1090
1695: 1760
345: 
346: 907,500
347: 
1903: 
1838: 2005,1878,465,777,65,1245,868,1666,474,1390,1892,638,1007,798,993,1414,1458,1749,850,1633
350: 
351: 
1614: 914,476,1957,519
353: 401,741,1759,2008,1894,1257,1526,1555,1159,281,1451,661,1191,325,1261,1807,464,1248
1628: 328,156
355: 484
356: 299,561,1281,375,1075,1058,2001,1934
357: 
358: 958,299,1616,561,1281,1228,375,1075,1897,1538,1058,722,2001
359: 732,1811
360: 780
361: 990,1935
1968: 874,743,246
363: 650
364: 
1835: 
1892: 2005,1878,777,65,1245,646,868,1838,1666,474,1255,1390,638,1007,798,828,993,61,1414,1458,850,1633
1826: 
1984: 287,1797,2016,1626,981,1167,1368,1584,917,621,1715
369: 
370: 271
371: 894,948
372: 
373: 
374: 
375: 958,299,1616,561,1281,1228,358,1075,356,1058,2001,1934
376: 446,615,620,1912,1025,296,282,763,1034,2019,1765,1401,1171,546,1669
377: 1136,438,1842,651,977,1990
378: 
379: 
380: 400,16,1502
1732: 1127
1673: 1721,1649
383: 1094
384: 
385: 898,1597,1546,310,193,2014,1111,825,1548,1609,1683,1393,1099,1200,1338,1902
386: 764,1629
387: 1932,309,135,1645,2018,773,1550,1469,1431,1887,922,100
388: 1433,1851,250,1756,539
389: 
390: 
391: 22
392: 480,1224
1980: 902
394: 706
395: 809
396: 
397: 
398: 1524
399: 
400: 380,16,1502
401: 741,1600,1759,2008,1894,1257,1526,1555,281,1451,353,1322,661,325,1261,1807,1391,464,409,1248,1114,1482
402: 
403: 792,1668
1961: 
405: 198,1043
406: 
407: 
408: 1258,1592
409: 401,1600,2008,1894,1257,1526,1555,1380,1159,1451,1322,661,1807,1391,464,1822,1248,1114,1482,121
410: 735,170
411: 1958,120,649,1637,563
412: 
413: 169,1886
414: 
1709: 
416: 1359,1442
417: 
1751: 247
419: 
420: 
421: 1408,1149,2012,450,1292,205,1327,284,262,1225,291,1854,1100,1834,1885,495,1239
422: 
423: 
424: 1996
425: 
426: 
427: 210
428: 1946,1790
429: 
430: 1964,1556,1053,34,1169,2010,295,1717,1641,508,1086,1752,1531
431: 1457,1,1146,704,812,2014,1166,1229
432: 
433: 
434: 
1723: 1067,899
436: 
437: 1428,1934,299,1281,1538,1058,467,722,2001,860,685
438: 1136,1842,377,651,977
1827: 618,106,1544,499
440: 43
1986: 1927,223,1509,675,910,1124
442: 
443: 
444: 
445: 157,1247
446: 615,376,1912,1025,282,763,1034,2019,1765,1401,1171,1669,1147
447: 
2006: 1665,74,249,1039,2007,1161,972,1910,1698
449: 
450: 1149,2012,1292,421,291,1854,756,1834,1885,495,1239
451: 
452: 
1752: 430,1964,1556,1053,34,32,1169,2010,295,1717,1641,508,1086,727,1713,1484,1531,19,1101
454: 
455: 
456: 
457: 
1825: 726
1897: 1538,467,722,1943,2001,860,358
460: 1942,1500,520,1434,1097,1422,2004,1056,1389,571,529,1448,617,1236,114,523,1788,1863,303,166,1981,1018,1426
461: 1023,1293,477,1918,747,1145,2009,1278,1647,662,503
462: 518
1811: 732,359
464: 401,741,2008,1526,1555,1380,1159,281,1451,353,661,325,409,1248
465: 2005,777,65,1245,868,1838,1666,474,1390,638,1007
466: 179,202,547,1266,1865,656,315,1569,751,826,102,2013,1011,1855,2015,72,1828,1533
467: 1897,1538,1058,722,1943,2001,860,685,1428,437,1934
468: 134
469: 
470: 
1864: 946,327,1691,1331
472: 197,1387,916,1844,2000,195,1667,644,236,54,844,1455
473: 
474: 2005,465,777,65,1245,646,868,1838,1666,1255,1390,1892,638,1007,1633
1902: 2014,825,1609,1393,385,1099,1338
476: 914,1957,1614,519
477: 586,1293,1523,1071,1918,461,592,1145,2009,1278,1120,1647,926,662,503
478: 
479: 1437
480: 392,1224
481: 
1937: 
1882: 544,695,1908,968,1640,2017,1930
484: 355
485: 
486: 1026
487: 
488: 
1928: 
490: 1772
1851: 1433,250,1756,388,539
492: 923,778,2011,1559,218,731,1845,1285,1849
493: 
494: 
495: 1408,1149,176,2012,450,1292,205,421,566,1225,291,1854,756,1100,1834,1885,1239
1688: 
1845: 923,1860,492,778,2011,1559,218,731,1285,1849
498: 1610
499: 1827,618,106,1544
500: 1131,907,346
501: 
1810: 1613
503: 1023,477,1083,1918,461,1780,1145,2009,1278,1647,662
1993: 1487
2017: 968,1718,1640,1930,544,695,1882,1908
506: 
1650: 1493,1356
508: 430,1556,1053,34,32,2010,295,1641,1086,1752,727,1713,1484,1531,19,1101
1661: 
510: 1452
511: 
512: 
513: 
1805: 
2011: 923,1860,492,778,1559,218,731,1845,1285,1849
516: 
1881: 
518: 462
519: 914,476,1957,1614
520: 1942,1410,11,460,1434,1097,1422,2004,1056,1389,329,571,529,1448,303,166,1981,1018,1426
521: 
522: 183
523: 617,1236,114,1788,1863,303,1448,1942,1500,11,460,1434,1097,1422,2004,1056,571
524: 197,916,1844,2000,660,195,1667,644,236,1455
525: 
526: 288
527: 
528: 
529: 1942,520,460,1434,1097,1422,2004,1056,1389,329,571,1448,1788,1863,303,166,1981,1018,1426
530: 
531: 1593,864
532: 1513
533: 
534: 
1692: 932
536: 
1744: 1109
538: 
539: 1433,1851,250,1756,388
1949: 
541: 652,1498
542: 
543: 1463
544: 695,1882,1908,968,1718,1640,2017,1930
1824: 
546: 1669,1147,615,620,376,1025,296,282,763,1034,2019,1765,1401,1746,1171
547: 179,202,1198,466,1266,1569,941,751,826,102,2013,1011,1855,1019,676,2015,1828,1533
1760: 1695
1739: 671
1674: 2002,2003,1763,629,1638,857,752,1944,1471,1027,1046,1294,588,1213,335,793,323,1036,1843,1708,737,933,610,1170
551: 1769,1642,1585
1976: 
1890: 
554: 209
555: 
556: 721,824,1015
557: 
558: 1392,1041
559: 655
560: 
561: 958,299,1616,1281,1228,375,358,1075,356,1538,1058,722,2001,685,1934
562: 
563: 1958,120,411,649,1637
1954: 
565: 1703,238
566: 1408,1149,176,2012,205,1225,756,1100,495,1239
567: 
568: 1630,1459
1885: 1408,1149,176,2012,450,1292,205,1327,284,421,262,291,1854,756,1100,1834,495,1239
570: 
571: 1942,1500,520,460,1434,1097,1422,2004,1056,529,1448,617,114,523,1788,1863,303,166,1981
572: 
573: 
574: 
1680: 
576: 
577: 
578: 162
579: 
580: 
581: 
582: 
583: 
584: 
585: 
586: 1023,1293,1523,1071,477,1083,1918,592,747,1145,2009,1278,1120,1647,1658,1102
1667: 197,1844,2000,660,644,236,524,844,1455,472
588: 2002,2003,1763,629,857,1674,1240,1471,1027,1103,1046,1294,1213,323,1036,1843,737,610,1170
1829: 
1696: 
1953: 1813,55,893,88,904,1073,1567,92,1505,1130
592: 586,1293,1523,1071,477,1918,747,1145,2009,1278,1120,1647,926,1658,662,1102
593: 
594: 
1712: 
596: 1517
597: 
598: 
599: 
600: 791,286
1711: 
602: 
603: 
604: 
605: 
606: 232
607: 
1867: 
609: 1479
610: 335,793,323,1036,1843,737,933,1170,2002,2003,629,1674,1046,588,1213
611: 1290,215
1726: 
613: 
614: 1064,1707
615: 446,620,376,1912,1025,296,282,763,1034,2019,1765,1401,1746,1171,546,1669,1147
616: 1507
617: 1236,114,523,1788,1863,303,1448,1981,1942,1500,460,1434,1097,1422,2004,1056,571
618: 1827,106,1544,499
619: 237
620: 615,376,1025,296,282,1034,2019,1765,1746,1171,546
621: 1984,1363,287,1926,1797,2016,981,817,1167,1048,1368,319,1584,917,1866,1715
622: 1497,1970
1812: 
624: 
625: 1554
626: 155,872
2009: 1023,586,1293,1523,1071,477,1083,1918,461,1780,592,747,1145,1278,1120,1647,926,1658,662,1102,503
628: 
629: 2002,1153,2003,1763,1638,857,752,1674,1944,1240,1471,1027,1103,1046,1294,588,1213,335,793,323,1036,1843,1708,737,933,610,1170
1629: 386
1769: 551,1585
632: 
633: 1087,330,781,1603,1349,788
634: 53,1618,1363,287,1926,1250,1797,2016,1626,981,712,817,1167,44,1368,1016,1715
635: 
1927: 223,1986,1879,910
637: 222
638: 2005,1878,465,777,65,1245,646,868,1838,1666,474,1255,1390,1892,1007,798,828,993,61,1414,1952,1458,850,1633
639: 
640: 
641: 1700,1596
1615: 
1855: 941,1230,751,173,826,102,2013,1011,1019,676,2015,72,1828,1533,1266,1865,656,315,1044,1569,179,202,1198,547,466
644: 197,1387,916,1844,2000,660,195,1667,236,54,524,844,1455,472
645: 
646: 2005,1878,777,65,1245,1666,474,1255,1892,638
647: 762,1382,996
1725: 
649: 1958,120,411,1637,563
650: 363
651: 1136,438,1842,377,977
652: 1498,541
653: 
654: 
655: 559
656: 1266,1865,315,1044,1569,1230,751,173,826,102,2013,1855,676,2015,72,1828,1533,179,466
657: 331
1633: 1007,798,828,993,61,1414,1952,1458,1749,850,2005,1878,777,868,1838,1666,474,1255,1390,1892,638
659: 744,257,810
660: 197,916,1844,2000,1667,644,236,524,844,1455
661: 401,741,1759,2008,1894,1257,1526,1555,1380,1159,281,1451,353,1322,1191,325,1261,1807,1391,464,409,1248,1114
662: 1293,1523,1071,477,1918,461,592,747,1145,2009,1278,1647,926,1102,503
663: 
664: 
1651: 
666: 1110,1210,1670,834,153,1607
667: 
668: 
669: 
670: 
671: 1739
1912: 446,615,376,1025,763,1034,2019,1765,1401,1171,1669
673: 1679
1765: 446,615,620,376,1912,1025,296,282,763,1034,2019,1401,1746,1171,546,1669,1147
675: 223,1509,1986,910,1124
676: 941,1230,751,173,826,102,2013,1011,1855,1019,2015,72,1828,1533,656,1044,179,1198,547
677: 
678: 1192
679: 
680: 783
681: 1815
1776: 
683: 1024
684: 
685: 1538,1058,467,722,1943,2001,860,299,561,1281,1428,437,1934
1969: 
687: 
1778: 
1840: 919,1323
690: 1662,1462,1020
1694: 
692: 1529
1616: 958,561,1281,1228,375,358,1058,2001
694: 
695: 544,1882,1908,968,2017,1930
696: 
1874: 1091,1218,251
698: 
699: 
700: 
701: 
702: 
703: 
704: 898,1,1597,1146,812,193,2014,1166,1683,1229,1200,1069,431,1457
705: 
706: 394
707: 898,1,1546,310,812,193,2014,1166,825,1548,66,1683,1393
708: 
709: 
710: 
711: 144,133
712: 53,1618,1363,287,1926,1250,1797,2016,1626,634,1167,44,1016
713: 1302,1518
714: 
715: 
1876: 
717: 
718: 
1944: 2002,2003,629,1638,857,752,1674,1027,1103,1294,1213,335,323,1708,933,1170
1642: 1585,551
721: 824,556,1015
722: 1897,1538,1058,467,1943,2001,860,685,299,561,1281,358,1428,437,1934
1734: 
724: 
725: 
726: 1825
727: 1713,1484,1531,19,1101,1053,34,32,1169,2010,295,1641,508,1086,1752
1613: 1810
1784: 203
1704: 
731: 923,1860,492,778,2011,1559,218,1845,1285,1849
732: 359,1811
1933: 220
734: 
735: 410,170
736: 38,127
737: 335,793,323,1036,1843,1708,610,1170,2002,2003,629,1674,1471,1046,588
738: 
739: 1303,60,268
740: 
741: 401,1759,2008,1894,1526,1555,1380,1159,281,1451,353,1322,661,1191,325,1261,1807,1391,464,1248
742: 1082
743: 874,246,1968
744: 659,810
1982: 
1672: 
747: 586,1293,1523,1071,1918,461,592,2009,1278,1647,926,1658,662,1102
748: 
1879: 1927
750: 1520,1973
751: 941,1230,173,826,102,2013,1011,1855,1019,676,2015,72,1828,1533,1266,1865,656,315,1044,1569,179,202,547,466
752: 2002,1153,2003,1763,629,1638,857,1674,1944,1471,1027,1103,1046,1294,1213,335,1708,933,1170
753: 
754: 1991,1503,1581,1566
755: 
756: 1149,176,2012,450,566,291,1854,1100,1834,1885,495,1239
1606: 1315
758: 
759: 
1684: 
761: 
762: 647,1382,996
763: 446,615,376,1912,1025,282,2019,1765,1401,1171,546,1669,1147
764: 386
765: 1514
766: 
767: 35
1846: 
769: 
1730: 
771: 965
772: 
773: 1932,309,135,1645,2018,387,1550,1469,1431,1887,1059,922,100
774: 
775: 
1880: 
777: 2005,1878,465,65,1245,646,868,1838,1666,474,1255,1390,1892,638,1007,798,993,1414,850,1633
778: 923,492,2011,1559,218,731,1845,1285,1849
779: 
780: 360
781: 1087,330,633,1603,1349,204,788
782: 
783: 680
784: 
785: 
786: 1168
787: 
788: 1349,204,1087,781,633,1603
789: 
790: 
791: 600,286
792: 1668,403
793: 335,323,1036,1708,737,933,610,1170,2002,2003,629,1638,1674,1294,1213
794: 
795: 
796: 982
797: 
798: 1007,828,993,61,1414,1952,1458,1749,850,1633,2005,1878,777,1245,868,1838,1255,1892,638
799: 276,1891
800: 
801: 
1917: 
803: 
1609: 898,1597,1146,193,2014,1111,825,1393,385,1099,1229,1200,1069,1338,1047,1902
1919: 
806: 
1631: 
808: 1355,1777,94,1174
809: 395
810: 659,744,257
811: 
812: 898,1,1597,1146,1546,310,704,193,2014,1166,1683,707,1229,1200,431,1457
813: 
814: 1096
1849: 923,1860,492,778,2011,1559,218,731,1845,1285
816: 
817: 53,1363,287,1926,2016,981,634,1167,1048,44,1368,1016,319,1584,1866,621,1715
818: 
819: 
1802: 
821: 
822: 1040
1898: 
824: 721,556,1015
825: 898,1,1597,1546,310,193,2014,1111,1548,1609,1683,707,1393,385,1099,1902
826: 941,1230,751,173,102,2013,1011,1855,1019,676,2015,72,1828,1533,1865,656,1044,179,202,1198,547,466
827: 928,1808
828: 1007,798,993,61,1458,1749,850,1633,2005,1878,1255,1892,638
1975: 
830: 
831: 
832: 1203
833: 
834: 153,930,1607,666,1670
835: 
836: 
837: 
2016: 1984,53,1618,1363,287,1926,1250,1797,1626,981,712,634,817,1167,1048,44,1368,1016,319,1584,917,1866,621,1715
839: 
840: 1839
841: 
842: 140,1212
843: 
844: 197,1387,916,1844,2000,660,195,1667,644,236,54,1455,472
1844: 197,916,2000,660,195,1667,644,236,524,844,1455,472
1690: 
1843: 335,323,1036,737,610,1170,2002,2003,629,1674,1471,1046,588
848: 
849: 
850: 1007,798,828,993,61,1414,1952,1458,1749,1633,2005,777,868,1838,1390,1892,638
851: 
852: 
1891: 799,276
1996: 424
855: 266,128
1691: 1864,946,327,1331
857: 2002,1153,2003,1763,629,1638,752,1674,1944,1240,1471,1027,1103,1046,1294,588,1213,335,323,1036,1708,933,1170
858: 
859: 123,1061
860: 1897,1538,1058,467,722,1943,2001,685,299,1428,437,1934
861: 
862: 
863: 
864: 531,1593
865: 
1747: 
2019: 446,615,620,376,1912,1025,296,282,763,1034,1765,1401,1746,1171,546,1669,1147
868: 2005,465,777,65,1245,1838,1666,474,1390,1892,638,1007,798,993,1414,1749,850,1633
869: 330
870: 
1595: 1361,1098
872: 626,155
873: 
874: 743,246,1968
1934: 437,299,561,1281,375,1075,356,1538,1058,467,722,2001,860,685
876: 951,59
1852: 21
878: 185
879: 
880: 52
1887: 1932,309,135,1645,2018,773,387,1550,1431,1059,922,100
882: 
2018: 1932,309,135,1645,773,387,1550,1469,1431,1887,1059,922,100
884: 1126,1397,1014,1395
885: 1150
886: 
1836: 277,300
888: 
889: 
1698: 1039,2007,1161,972,1910,1665,74,2006,249
891: 
892: 111
893: 1813,55,88,904,1073,1953,1567,92,1505
894: 948,371,1400
895: 
1921: 
897: 105,1782
898: 1,1597,1146,1546,310,704,812,193,2014,1166,1111,825,1548,1609,1683,707,1393,385,1099,1229,1200,1069,1457,1338,1047
899: 1989,1067,1723
1714: 
901: 
902: 1980
903: 
904: 1813,55,893,88,1953,1567,92,1505
905: 213,1305
906: 
907: 1131,500,346
908: 
909: 
910: 1927,223,1509,1986,675,1124
911: 
912: 
1676: 
914: 476,1957,1614,519
915: 
916: 197,1387,1844,2000,660,195,644,236,54,524,844,1455,472
917: 1984,1618,1363,287,1797,2016,981,1167,1048,1368,319,1584,1866,621
918: 
919: 1840,1323
920: 
1900: 
922: 1932,309,135,1645,2018,773,387,1550,1469,1431,1887,1059,100
923: 1860,492,778,2011,1559,218,731,1845,1285,1849
1630: 568,1459
925: 
926: 1293,1523,1071,477,1918,592,747,1145,2009,1278,1120,1658,662,1102
1788: 617,1236,114,523,1863,303,1448,1981,460,1434,1097,1422,2004,1056,571,529
928: 1808,827
929: 
930: 834,153,1607,1110,1670
931: 1449,1815
932: 1692
933: 335,793,323,1036,1708,610,1170,2002,2003,629,1638,857,752,1674,1944,1294,1213
934: 
935: 
936: 112,1310
937: 1787,1268
938: 
939: 
1804: 
941: 1230,751,173,826,102,2013,1011,1855,1019,676,2015,1828,1533,315,1044,179,202,1198,547
942: 
1746: 615,620,1025,296,282,1034,2019,1765,1401,1171,546,1669
944: 
1640: 968,1718,2017,1930,544,1882
946: 1864,327,1691,1331
947: 
948: 894,371,1400
1998: 
1822: 1600,2008,1257,1526,1380,1322,1391,409,1248,1114,1482,1271,121
951: 59,876
952: 
1990: 977,1136,377
954: 
955: 
956: 62,1394
1830: 1301
958: 299,1616,561,1281,1228,375,358,1075,2001
1710: 
960: 
2000: 197,1387,916,1844,660,195,1667,644,236,54,524,844,1455,472
962: 
963: 
1958: 120,411,649,563
965: 771
966: 
1763: 2002,1153,2003,629,857,752,1674,1240,1471,1027,1103,1046,1294,588
968: 1718,1640,2017,1930,544,695,1882,1908
969: 
970: 
971: 1021
972: 1039,2007,1161,1910,1698,1665,74,2006,249
973: 
1955: 
1782: 105,897
1643: 
977: 1990,1136,438,1842,377,651
978: 
979: 1037,1553,1421
980: 
981: 1984,1618,1363,287,1926,1250,1797,2016,1626,634,817,1167,1048,44,1368,319,1584,917,1866,621,1715
982: 796
983: 
984: 1123,1095,1385
1664: 
1862: 
1866: 1618,1363,287,1926,2016,981,817,1167,1048,1368,319,1584,917,621
1649: 1673,1721
989: 
990: 361
2015: 941,1230,751,173,826,102,2013,1011,1855,1019,676,72,1828,1533,1266,1865,656,315,1044,1569,179,202,1198,547,466
992: 
993: 1007,798,828,61,1414,1952,1458,1749,850,1633,2005,1878,777,1245,868,1838,1666,1255,1390,1892,638
994: 
995: 
996: 762,647,1382
997: 1201,1758
998: 
999: 
1819: 
1794: 1571
1002: 
1003: 
1004: 1720
1610: 498
1703: 565,238
1007: 798,828,993,61,1414,1952,1458,1749,850,1633,2005,1878,465,777,1245,868,1838,1666,474,1255,1390,1892,638
1008: 
1009: 
1010: 1361,1098
1011: 941,1230,751,173,826,102,2013,1855,1019,676,2015,1828,1533,179,202,1198,547,466
1920: 
1013: 294
1014: 884,1397,1395
1015: 721,824,556
1016: 53,1618,1363,1926,1250,1797,2016,1626,712,634,817,1167,44,319
1017: 
1018: 166,1981,1426,1448,520,460,2004,529
1019: 941,1230,751,173,826,102,2013,1011,1855,676,2015,1828,1533,179,202,1198,547
1020: 690
1021: 971,264,1300
1022: 1770
1023: 586,1083,1918,461,1780,1145,2009,1278,1120,1647,503
1024: 683
1025: 446,615,620,376,1912,296,282,763,1034,2019,1765,1401,1746,1171,546,1669,1147
1026: 486
1027: 2002,1153,2003,1763,629,1638,857,752,1674,1944,1240,1471,1103,1046,1294,588,1213,323,1708,1170
1028: 
1621: 
1030: 
1031: 
1770: 1022
1033: 
1034: 446,615,620,376,1912,1025,296,282,2019,1765,1746,1171,546
1854: 1408,1149,176,2012,450,1292,205,1327,284,421,262,1225,291,756,1100,1834,1885,495,1239
1036: 335,793,323,1843,1708,737,933,610,1170,2002,2003,629,857,1674,1471,1103,1046,1294,588,1213
1037: 979,1553,1421
1038: 
1039: 2007,1161,972,1910,1698,1665,74,2006,249
1040: 822
1041: 1392,558
1042: 
1043: 405
1044: 1266,1865,656,315,1569,941,1230,751,173,826,102,2013,1855,676,2015,72,1828,1533
1045: 
1046: 2002,2003,1763,629,857,752,1674,1240,1471,1027,1103,1294,588,1213,335,323,1036,1843,737,610,1170
1047: 1069,1338,898,1597,1146,193,2014,1111,1609,1099,1229,1200
1048: 1618,1363,2016,981,817,1167,1368,319,917,1866,621
1970: 1497,622
1050: 
1051: 1956,1375
1052: 
1053: 430,1556,34,32,1169,2010,295,1717,1641,508,1086,1752,727,1713,1484,1531,19,1101
1054: 
1055: 
1056: 1942,1410,1500,11,520,460,1434,1097,1422,2004,1389,329,571,529,1448,617,114,523,1788,303,166
1620: 
1058: 1538,467,722,1943,2001,860,685,299,1616,561,1281,375,358,1075,356,437,1934
1059: 1932,309,135,1645,2018,773,1550,1469,1887,922,100
1060: 260
1061: 123,859
1062: 
1063: 
1064: 614
1820: 
1066: 
1067: 1723,899
1068: 
1069: 1457,1338,1047,898,1,1597,1146,704,193,2014,1111,1609,1393,1099,1229,1200
1638: 2002,2003,629,857,752,1674,1944,1027,1294,1213,335,793,323,1708,933,1170
1071: 586,1293,1523,477,1918,592,747,1145,2009,1278,1120,1647,926,1658,662,1102
1072: 
1073: 1813,893,88,1953,1567,1505,1130
1074: 1978
1075: 958,299,561,1281,375,358,356,1058,2001,1934
1076: 
1077: 
1841: 
1079: 
1956: 1051,1375
1783: 1554,1530,36
1082: 742
1083: 1023,586,1918,1780,1145,2009,1120,1647,503
1084: 
1925: 214,302
1086: 430,1964,1556,1053,34,32,1169,2010,295,1717,1641,508,1752,727,1713,1484,1531,19,1101
1087: 330,781,633,1603,788
1697: 
1089: 
1090: 343,1329
1091: 1874,1218,251
1092: 
1093: 
1094: 383
1095: 1123,984
1096: 814
1097: 1942,1410,1500,11,520,460,1434,1422,2004,1056,1389,329,571,529,1448,617,114,523,1788,303
1098: 1010,1361,1595
1099: 898,1597,1146,1546,310,193,2014,1111,825,1548,1609,1683,1393,385,1229,1200,1069,1338,1047,1902
1100: 1408,1149,176,2012,205,1327,284,421,566,1225,1854,756,1885,495,1239
1101: 727,1713,1484,1531,19,1053,34,32,2010,295,508,1086,1752
1102: 586,1293,1523,1071,1918,592,747,2009,1278,1120,926,1658,662
1103: 2002,1153,2003,1763,629,857,752,1944,1240,1471,1027,1046,1294,588,1213,335,323,1036
1104: 73
1105: 
1106: 1186,1144
1909: 
1108: 
1109: 1744
1110: 666,1210,1670,1540,930
1111: 898,1,1597,1146,1546,310,193,2014,825,1548,1609,1683,1393,385,1099,1229,1200,1069,1338,1047
1112: 1325
1113: 21
1114: 401,1600,1759,2008,1894,1257,1526,1380,1322,661,1807,1391,409,1822,1248,1482,1271,121
1115: 
1116: 1940
1117: 
1118: 1399
1720: 1004
1120: 1023,586,1523,1071,477,1083,1918,592,1145,2009,1278,1647,926,1658,1102
1121: 
1122: 
1123: 1095,984
1124: 223,1509,1986,675,910
1834: 1149,2012,450,1292,1327,284,421,262,1225,291,1854,756,1885,495,1239
1126: 884,1397,1395
1127: 1732
1128: 71
1129: 
1130: 1813,1073,1953,1567,1505
1131: 907,500
1907: 
1133: 
1134: 
1809: 
1136: 438,1842,377,651,977,1990
1137: 1288,1873
1831: 275
1873: 1137,1288
1140: 1441,160
1141: 
1142: 
1143: 
1144: 1106,1186
1145: 1023,586,1293,1071,477,1083,1918,461,1780,592,2009,1278,1120,1647,926,662,503
1146: 898,1,1597,704,812,193,2014,1111,1609,1683,1393,1099,1229,1200,1069,431,1457,1338,1047
1147: 546,1669,446,615,1025,282,763,2019,1765,1401,1171
1148: 
1149: 1408,176,2012,450,1292,205,1327,284,421,262,566,1225,291,1854,756,1100,1834,1885,495,1239
1150: 885
1151: 
1152: 
1153: 2002,2003,1763,629,857,752,1240,1471,1027,1103,1294
1773: 1915
1155: 
1156: 
1863: 617,1236,114,523,1788,303,1448,166,1981,1942,460,1434,1422,2004,571,529
1158: 1178
1159: 741,2008,1526,1555,1380,281,353,661,1191,325,464,409,1248
1160: 
1161: 1039,2007,972,1910,1698,1665,74,2006,249
1162: 
1163: 
1818: 1796
1165: 
1166: 898,1,310,704,812,193,2014,66,1683,707,1229,431
1167: 1984,53,1618,1363,287,1926,1797,2016,1626,981,712,634,817,1048,44,1368,1016,319,1584,917,1866,621,1715
1168: 786
1169: 430,1964,1556,1053,34,32,2010,295,1717,1641,1086,1752,727,1713,1484,1531,19
1170: 335,793,323,1036,1843,1708,737,933,610,2002,2003,629,1638,857,752,1674,1944,1471,1027,1046,1294,588,1213
1171: 446,615,620,376,1912,1025,296,282,763,1034,2019,1765,1401,1746,546,1669,1147
1172: 
1602: 
1174: 1355,808,1777,94
1901: 
1923: 
1177: 
1178: 1158
1814: 
1180: 
1981: 166,1018,1426,1448,617,1788,1863,303,520,460,1434,1422,2004,1389,571,529
1182: 1916
1183: 
1184: 
1185: 
1186: 1106,1144
1187: 
1895: 
1189: 
1190: 
1191: 741,2008,1555,1159,281,353,661,325,1248
1192: 678,1317
1193: 
1700: 641,1596
1607: 834,153,930,666,1210,1670
1617: 
1197: 
1198: 179,202,547,941,826,102,2013,1011,1855,1019,676,2015,1828,1533
1199: 
1200: 898,1597,1146,704,812,193,2014,1111,1609,1683,1393,385,1099,1229,1069,1457,1338,1047
1201: 997,1758
1679: 673
1203: 832
1637: 120,411,649,563
1205: 
1206: 48
1699: 1974
1208: 
1951: 
1210: 1110,666,1670,1540,1607
1675: 
1212: 842
1213: 2002,2003,629,1638,857,752,1674,1944,1471,1027,1103,1046,1294,588,335,793,323,1036,1708,933,610,1170
2013: 941,1230,751,173,826,102,1011,1855,1019,676,2015,72,1828,1533,1266,1865,656,315,1044,1569,179,202,1198,547,466
1215: 
1216: 56,322,1781
1217: 
1218: 1874,1091,251
1219: 
1220: 
1946: 1790,428
1222: 
1223: 
1224: 480,392
1225: 1408,1149,176,2012,205,1327,284,421,262,566,1854,1100,1834,495,1239
1226: 
1227: 
1228: 958,1616,561,375,358,2001
1229: 898,1,1597,1146,310,704,812,193,2014,1166,1111,1609,1683,1393,1099,1200,1069,431,1457,1338,1047
1230: 941,751,173,826,102,2013,1011,1855,1019,676,2015,72,1828,1533,1266,1865,656,315,1044,179
1717: 430,1964,1556,1053,34,32,1169,2010,295,1641,1086,1752,1484,1531
1232: 1506,1536
1837: 
1234: 
1913: 
1236: 617,114,523,1788,1863,303,1448,460,1434,2004
1721: 1673,1649
1924: 
1239: 1408,1149,176,2012,450,205,421,566,1225,291,1854,756,1100,1834,1885,495
1240: 2002,1153,2003,1763,629,857,1471,1027,1103,1046,588
1241: 
1821: 
1243: 
1244: 
1245: 2005,1878,465,777,65,646,868,1838,1666,474,1255,1390,1892,638,1007,798,993
1627: 
1247: 445
1248: 401,741,2008,1894,1257,1526,1555,1380,1159,281,1451,353,1322,661,1191,325,1261,1807,1391,464,409,1822,1114
1249: 
1250: 53,287,1926,1797,2016,1626,981,712,634,44,1016,1715
1251: 
1252: 
1597: 898,1,1146,1546,310,704,812,193,2014,1111,825,1609,1683,1393,385,1099,1229,1200,1069,1457,1338,1047
1254: 1654
1255: 2005,1878,777,65,1245,646,1666,474,1892,638,1007,798,828,993,61,1633
1256: 
1257: 401,1600,1759,2008,1894,1526,1555,1451,353,1322,661,1261,1807,1391,409,1822,1248,1114,1482,1271,121
1258: 408,1592
1259: 
1260: 
1261: 401,741,1759,2008,1894,1257,1555,1451,353,661,1807,1248
1979: 
1263: 
1264: 
1645: 1932,309,135,2018,773,387,1550,1469,1431,1887,1059,922,100
1266: 1865,656,315,1044,1569,1230,751,173,102,2013,1855,2015,72,1828,1533,179,202,547,466
1267: 
1268: 1787,937
1269: 
1915: 1773
1271: 121,1600,2008,1257,1322,1391,1822,1114,1482
1272: 
1943: 1897,1538,1058,467,722,2001,860,685,1428
1274: 1412
1275: 
1276: 
1277: 
1278: 1023,586,1293,1071,477,1918,461,592,747,1145,2009,1120,1647,926,662,1102,503
2010: 430,1964,1556,1053,34,32,1169,295,1717,1641,508,1086,1752,727,1713,1484,1531,19,1101
1280: 1402
1281: 958,299,1616,561,375,358,1075,356,1538,1058,722,2001,685,437,1934
1894: 401,741,1600,1759,2008,1257,1526,1555,1380,353,1322,661,325,1261,1807,1391,409,1248,1114,1482
1283: 
1875: 
1285: 923,1860,492,778,2011,1559,731,1845,1849
1286: 
1287: 
1288: 1137,1873
1289: 
1290: 215,611
1291: 1439
1292: 1149,2012,450,1327,421,262,291,1854,1834,1885,495
1293: 586,1523,1071,477,1918,461,592,747,1145,2009,1278,1647,926,1658,662,1102
1294: 2002,1153,2003,1763,629,1638,857,752,1674,1944,1471,1027,1103,1046,588,1213,335,793,323,1036,1708,933,1170
1295: 80
1296: 
1800: 
1298: 
1299: 
1300: 1021,264
1301: 1830
1302: 1518,713
1303: 739,60,268
1304: 
1305: 213,905
1306: 
1987: 
1308: 
1309: 
1310: 112,936
1677: 
1312: 
1313: 
1314: 
1315: 1606
1316: 
1317: 1192
1666: 2005,1878,465,777,65,1245,646,868,1838,474,1255,1390,1892,638,1007,993,1633
1319: 
1320: 
1708: 335,793,323,1036,737,933,1170,2002,2003,629,1638,857,752,1674,1944,1471,1027,1294,1213
1322: 401,741,1600,1759,2008,1894,1257,1526,1555,1380,1451,661,325,1807,1391,409,1822,1248,1114,1482,1271,121
1323: 1840,919
1957: 914,476,1614,519
1325: 141,1112
1908: 544,695,1882,968,2017,1930
1327: 1408,1149,176,2012,1292,205,284,421,262,1225,1854,1100,1834,1885
1328: 
1329: 343,1090
1330: 
1331: 1864,946,327,1691
1772: 490
2012: 1408,1149,176,450,1292,205,1327,284,421,262,566,1225,291,1854,756,1100,1834,1885,495,1239
1334: 
1335: 
1336: 
1600: 401,1759,2008,1894,1257,1451,1322,1807,1391,409,1822,1114,1482,1271,121
1338: 1069,1047,898,1597,1146,2014,1111,1609,1393,385,1099,1229,1200,1902
1339: 
1793: 
1341: 18,1611
1342: 
1807: 401,741,1600,1759,2008,1894,1257,1555,1451,353,1322,661,1261,1391,409,1248,1114,1482
1344: 1375
1345: 
1603: 1087,330,781,633,1349,788
1347: 
1935: 361
1349: 204,788,781,633,1603
1632: 
1351: 
1964: 430,1556,34,32,1169,2010,295,1717,1641,1086,1752,1484
1353: 
1777: 1355,808,94,1174
1355: 808,1777,94,1174
1356: 1493,1650
1357: 
1358: 
1359: 416,1442
1668: 792,403
1361: 1010,1098,1595
1362: 
1363: 53,1618,287,1926,1797,2016,1626,981,712,634,817,1167,1048,44,1368,1016,319,917,1866,621,1715
1364: 
1365: 
1366: 
1850: 
1368: 1984,53,1618,1363,287,1926,1797,2016,1626,981,634,817,1167,1048,44,319,1584,917,1866,621,1715
1369: 
1370: 233
1371: 
1665: 74,2006,249,1039,2007,1161,972,1910,1698
1373: 
1374: 
1375: 1344,1956,1051
1655: 
1377: 
1378: 1452
1379: 261,280
1380: 741,2008,1894,1526,1555,1159,1322,661,325,1391,464,409,1822,1248,1114
1381: 1748
1382: 762,647,996
1796: 1818
1952: 1007,798,993,61,1414,1458,1749,850,1633,2005,1390,638
1385: 984
1386: 
1387: 197,916,2000,195,644,236,54,844,472
1388: 341
1389: 1942,1410,1500,11,520,460,1434,1097,1422,2004,1056,329,529,303,166,1981,1426
1390: 2005,465,777,65,1245,868,1838,1666,474,1892,638,1007,993,1414,1952,850,1633
1391: 401,741,1600,1759,2008,1894,1257,1526,1555,1380,1322,661,325,1807,409,1822,1248,1114,1482,1271,121
1392: 558,1041
1393: 898,1597,1146,1546,310,193,2014,1111,825,1548,1609,1683,707,385,1099,1229,1200,1069,1338,1902
1394: 62,956
1395: 884,1126,1397,1014
1781: 56,1216,322
1397: 884,1126,1014,1395
1398: 
1399: 1118
1400: 894,948
1401: 446,615,376,1912,1025,296,282,763,2019,1765,1746,1171,546,1669,1147
1402: 1280
1403: 
1404: 
1405: 
1406: 
1657: 
1408: 1149,176,2012,205,1327,284,421,262,566,1225,1854,1100,1885,495,1239
1409: 
1410: 1942,1500,11,520,1097,1422,2004,1056,1389,329
2005: 1878,465,777,65,1245,646,868,1838,1666,474,1255,1390,1892,638,1007,798,828,993,61,1414,1952,1458,1749,850,1633
1412: 1274,274
1413: 1991,1581,1566
1414: 1007,798,993,61,1952,1458,1749,850,1633,2005,777,868,1838,1390,1892,638
1596: 1700,641
1918: 1023,586,1293,1523,1071,477,1083,461,1780,592,747,1145,2009,1278,1120,1647,926,1658,662,1102,503
1417: 
1418: 
1419: 
1420: 
1421: 979,1037,1553
1422: 1942,1410,1500,11,520,460,1434,1097,2004,1056,1389,329,571,529,1448,617,523,1788,1863,303,166,1981
1940: 1116
1654: 1254
1775: 
1426: 166,1981,1018,1448,520,460,1434,2004,1389,529
1965: 
1428: 437,1538,467,722,1943,2001,860,685
1429: 
1430: 
1431: 135,1645,2018,773,387,1887,922
1886: 169,413
1433: 1851,250,1756,388,539
1434: 1942,1500,11,520,460,1097,1422,2004,1056,1389,329,571,529,1448,617,1236,114,523,1788,1863,303,166,1981,1426
1659: 
1748: 1381
1437: 479
1438: 
1439: 1291
1440: 
1441: 160,1140
1442: 416,1359
1443: 240
1444: 
1445: 
1446: 
1792: 
1448: 617,1236,114,523,1788,1863,303,166,1981,1018,1426,520,460,1434,1097,1422,2004,1056,571,529
1449: 931,1815
1450: 
1451: 401,741,1600,1759,2008,1257,1555,281,353,1322,661,1261,1807,464,409,1248
1452: 1378,510
1453: 
1454: 
1455: 197,916,1844,2000,660,195,1667,644,236,54,524,844,472
1456: 
1457: 1069,431,898,1,1597,1146,704,812,2014,1683,1229,1200
1458: 1007,798,828,993,61,1414,1952,1749,850,1633,2005,1878,1838,1892,638
1459: 568,1630
1460: 
1973: 1520,750
1462: 690,1662
1463: 543
1790: 1946,428
1465: 
1705: 
1467: 
1468: 
1469: 309,135,1645,2018,773,387,1550,1059,922,100
1656: 
1471: 2002,1153,2003,1763,629,857,752,1674,1240,1027,1103,1046,1294,588,1213,335,323,1036,1843,1708,737,1170
1472: 
1473: 
1474: 
1475: 
1476: 
1687: 
1815: 931,1449,681
1479: 609
1683: 898,1,1597,1146,1546,310,704,812,193,2014,1166,1111,825,1548,707,1393,385,1099,1229,1200,1457
1670: 1110,666,1210,1540,834,930,1607
1482: 401,1600,1759,2008,1894,1257,1322,1807,1391,409,1822,1114,1271,121
1483: 
1484: 727,1713,1531,19,1101,1964,1053,34,32,1169,2010,295,1717,1641,508,1086,1752
1658: 586,1293,1523,1071,1918,592,747,2009,1120,926,1102
1486: 
1487: 1993
1488: 
1963: 
1490: 
1491: 
1492: 
1493: 1356,1650
1494: 
1495: 
1496: 
1497: 1970,622
1498: 652,541
1499: 
1500: 1942,1410,11,460,1434,1097,1422,2004,1056,1389,329,571,617,523,303
1501: 
1502: 380,400
1503: 754,1581
1504: 
1505: 1813,55,893,88,904,1073,1953,1567,92,1130
1506: 1536,1232
1507: 616
1508: 
1509: 223,1986,675,910,1124
1510: 
1511: 
1512: 
1513: 532
1514: 765
1959: 
2014: 898,1,1597,1146,1546,310,704,812,193,1166,1111,825,1548,66,1609,1683,707,1393,385,1099,1229,1200,1069,431,1457,1338,1047,1902
1517: 596
1518: 1302,713
1519: 
1520: 1973,750
1521: 
1522: 
1523: 586,1293,1071,477,1918,592,747,2009,1120,926,1658,662,1102
1524: 398
1669: 546,1147,446,615,376,1912,1025,296,282,763,2019,1765,1401,1746,1171
1526: 401,741,2008,1894,1257,1555,1380,1159,281,353,1322,661,325,1391,464,409,1822,1248,1114
1527: 
1626: 1984,53,1618,1363,287,1926,1250,1797,2016,981,712,634,1167,44,1368,1016,1715
1529: 692
1530: 1554,36,1783
1531: 727,1713,1484,19,1101,430,1053,34,1169,2010,295,1717,508,1086,1752
1532: 
1533: 941,1230,751,173,826,102,2013,1011,1855,1019,676,2015,1828,1266,656,315,1044,1569,179,202,1198,547,466
1534: 
1839: 840
1536: 1506,1232
1741: 307
1538: 1897,1058,467,722,1943,2001,860,685,299,561,1281,358,1428,437,1934
1539: 
1540: 1110,1210,1670
1541: 258
1542: 
2007: 1039,1161,972,1910,1698,1665,74,2006,249
1544: 1827,618,106,499
1713: 727,1484,1531,19,1101,1053,34,1169,2010,508,1086,1752
1546: 898,1,1597,310,812,193,2014,1111,825,1548,1683,707,1393,385,1099
1547: 
1548: 898,1546,310,193,2014,1111,825,1683,707,1393,385,1099
1549: 
1550: 1932,309,1645,2018,773,387,1469,1887,1059,922,100
1551: 
1552: 
1553: 979,1037,1421
1554: 1530,1783,625
1555: 401,741,2008,1894,1257,1526,1380,1159,281,1451,353,1322,661,1191,325,1261,1807,1391,464,409,1248
1556: 430,1964,1053,32,1169,2010,295,1717,1641,508,1086,1752
1978: 1074
1942: 1410,1500,11,520,460,1434,1097,1422,2004,1056,1389,329,571,529,617,523,1863,303,166
1559: 923,1860,492,778,2011,218,731,1845,1285,1849
1560: 
1561: 
1562: 
1563: 
1564: 
1565: 
1566: 1991,754,1581,1413
1567: 1813,55,893,88,904,1073,1953,92,1505,1130
1641: 430,1964,1556,1053,34,32,1169,2010,295,1717,508,1086,1752,727,1484,19
1569: 1266,1865,656,315,1044,751,173,102,2013,1855,2015,1828,1533,179,202,547,466
1785: 
1571: 1794
1572: 1589
1573: 
1999: 
1848: 
1853: 
1749: 1007,798,828,993,61,1414,1952,1458,850,1633,2005,868,1838
1932: 309,1645,2018,773,387,1550,1887,1059,922,100
1579: 85
1580: 
1581: 1991,1503,754,1566,1413
1582: 
1583: 
1584: 1984,287,2016,981,817,1167,1368,917,1866,621,1715
1585: 1642,1769,551
1586: 
1764: 
1588: 
1589: 1572
1608: 
1591: 
1592: 1258,408
1593: 531,864